 energy   cTheta  phi     prob_b  spheri  pt2rel  multip  bqvjet  ptlrel  nnbjet isb
 48.3345 -0.6610 -1.2950  0.1437  0.6553  0.0439  0.5598  0.1743 -0.0003  0.9062 0 
 43.8880  0.6753  1.8360  0.0085  0.3552  0.1265  0.4858  0.0667 -0.0003  0.2107 0 
 49.3294 -0.2352  1.8302  0.0768  0.1249  0.0244  0.2998  0.0933 -0.0003  0.1534 0 
 39.0906  0.2242 -1.3224  0.0084  0.4922  0.0287  0.3189  0.0305  0.2923  0.8071 0 
 41.3825 -0.6618  3.0388  0.0093  0.6684  0.0427  0.3588  0.0045 -0.0003  0.2106 0 
 31.9219  0.6506 -0.1126  0.1122  0.3241  0.0440  0.1929  0.0670 -0.0003  0.5235 0 
 51.6945  0.6389  2.2619  0.0104  0.3051  0.0174  0.2116  0.0551 -0.0003  0.0737 0 
 40.9857 -0.6398 -0.8594  0.0163  0.7638  0.0736  0.4947  0.1276 -0.0003  0.3946 0 
 49.3416  0.0289  2.5973  0.0088  0.1138  0.0557  0.1713  0.0434 -0.0003  0.0808 0 
 36.1547 -0.0434 -0.5729  0.0139  0.5580  0.0250  0.2793  0.0496 -0.0003  0.1328 0 
 45.7374  0.7744 -1.8987  0.1767  0.6389  0.0394  0.3058  0.2056 -0.0003  0.9072 0 
 42.9603 -0.7909  1.2708  0.0620  0.4830  0.0238  0.4885  0.1928 -0.0003  0.6221 0 
 46.7659 -0.3934  1.3381  0.0319  0.2462  0.1342  0.4343  0.0036 -0.0003  0.2001 0 
 30.3349  0.3644 -1.7433  0.0233  0.2977  0.0217  0.2447  0.2015  0.1742  0.5783 0 
 40.1892  0.3473  0.0805  0.0062  0.6028  0.0620  0.4974  0.0388 -0.0003  0.1958 0 
 37.6867 -0.3224 -3.0583  0.0969  0.5529  0.0205  0.2761  0.1465 -0.0003  0.5033 0 
 51.0903 -0.7076  1.7761  0.0030  0.3982  0.0314  0.3821  0.0637 -0.0003  0.1094 0 
 46.0822  0.6857 -1.2797  0.0325  0.3782  0.1124  0.3924  0.1240 -0.0003  0.3663 0 
 55.7687  0.2333 -0.1187  0.0099  0.7401  0.0574  0.2907  0.0473 -0.0003  0.2871 0 
 46.0822 -0.2324  3.0053  0.0290  0.0257  0.0514  0.2180  0.0995 -0.0003  0.0903 0 
 52.1279  0.0955  1.7353  0.0775  0.3335  0.1026  0.8025  0.0988 -0.0003  0.6813 0 
 40.5585 -0.1079 -1.4383  0.0270  0.1385  0.0302  0.2255  0.0048 -0.0003  0.0706 0 
 44.4373  0.0668 -1.2965  0.0013  0.2216  0.0072  0.0880  0.0245 -0.0003  0.0720 0 
 35.0927 -0.0925  1.8749  0.0157  0.2268  0.0477  0.3285  0.0338 -0.0003  0.1139 0 
 44.2756 -0.4218 -3.0317  0.0398  0.2481  0.0285  0.2203  0.0276 -0.0003  0.1232 0 
 44.2176  0.4098  0.1399  0.0516  0.5283  0.0477  0.5729  0.1718 -0.0003  0.5983 0 
 51.1177  0.3139 -0.8152  0.0084  0.1548  0.0654  0.3396  0.0977 -0.0003  0.1113 0 
 46.4302 -0.2922  2.3345  0.0046  0.6360  0.0227  0.3481  0.0125 -0.0003  0.1315 0 
 50.2266 -0.4754  0.8477  0.0151  0.5665  0.0440  0.2558  0.0472  0.0457  0.3312 0 
 48.8411  0.4323 -2.2799  0.0278  0.2206  0.4759  0.2577  0.2364 -0.0003  0.7361 0 
 45.7771 -0.2907  2.6750  0.0101  0.2795  0.0907  0.3057  0.0456 -0.0003  0.1662 0 
 42.1973  0.2912 -0.4783  0.0467  0.6281  0.0227  0.5355  0.1451  0.1371  0.6856 0 
 47.2328  0.3975 -1.2622  0.0049  0.2266  0.0388  0.2599  0.0241 -0.0003  0.0780 0 
 41.6571 -0.4243  1.8713  0.0359  0.2233  0.0065  0.2239  0.0099 -0.0003  0.0619 0 
 46.6560  0.2317  1.3320  0.0099  0.4330  0.0574  0.3911  0.0082 -0.0003  0.1856 0 
 42.7588 -0.2337 -1.8290  0.1763  0.2000  0.0169  0.2223  0.0361 -0.0003  0.3289 0 
 46.0945 -0.0258  2.9336  0.0612  0.3219  0.0187  0.2616  0.0483 -0.0003  0.1550 0 
 42.0386  0.0276 -0.1952  0.0274  0.5026  0.0475  0.4020  0.0150 -0.0003  0.2525 0 
 42.2400 -0.4890  0.3272  0.0241  0.6730  0.0451  0.3123  0.0068 -0.0003  0.2834 0 
 37.3602  0.4766 -2.8663  0.0237  0.6606  0.0357  0.4151  0.0757  0.2064  0.5909 0 
 57.3739  0.0837  2.8189  0.0152  0.0864  0.0314  0.2474  0.0148 -0.0003  0.0530 0 
 41.5686 -0.0740 -0.2962  0.0023  0.3853  0.0472  0.4480  0.0197 -0.0003  0.1493 0 
 54.2031 -0.0217  0.8339  0.0074  0.5151  0.0685  0.4601  0.0053  0.3428  0.6060 0 
 33.9818  0.0176 -2.3259  0.1364  0.0880  0.0533  0.4737  0.0391  0.0328  0.4331 0 
 52.4392  0.1273  1.4362  0.4761  0.4195  0.1928  0.5483  0.4592 -0.0003  0.9988 1 
 52.2713 -0.1544 -1.7421  0.4323  0.6962  0.0420  0.4221  0.4156 -0.0003  0.9956 1 
 46.1433  0.0976 -0.6242  0.0066  0.2697  0.0543  0.2615  0.0125 -0.0003  0.1382 0 
 43.7995 -0.1160  2.5200  0.0097  0.0833  0.0250  0.2651  0.1736 -0.0003  0.0898 0 
 46.3203  0.7034 -0.2909  0.0509  0.3823  0.0931  0.3919  0.0469  0.3172  0.6393 0 
 44.3610 -0.6973  2.8562  0.0159  0.1223  0.0292  0.3963  0.0360  0.0734  0.1349 0 
 51.8563  0.0724  1.4328  0.0177  0.2850  0.0545  0.2538  0.0237 -0.0003  0.1702 0 
 49.0455 -0.0592 -1.6819  0.0280  0.2060  0.0173  0.2574  0.0423 -0.0003  0.0606 0 
 49.0761  0.0277  1.3829  0.1280  0.1925  0.0595  0.3860  0.2543 -0.0003  0.7938 0 
 44.3915 -0.0355 -1.8080  0.0165  0.2850  0.0377  0.3082  0.0115  0.0914  0.2602 0 
 51.9814 -0.3833 -1.2649  0.0029  0.3736  0.0514  0.3804  0.0306 -0.0003  0.1448 0 
 38.3062  0.4197  1.8750  0.0539  0.3422  0.0481  0.4123  0.0401 -0.0003  0.3311 0 
 46.9001 -0.2384  0.5768  0.0765  0.4351  0.0293  0.3472  0.0604 -0.0003  0.3980 0 
 45.0507  0.2390 -2.5965  0.0121  0.1353  0.0065  0.1754  0.0264 -0.0003  0.0362 0 
 53.1624  0.6041 -0.8699  0.0783  0.4791  0.1946  0.5044  0.1334 -0.0003  0.5540 0 
 50.0282 -0.6255  2.2304  0.1434  0.4669  0.0552  0.5976  0.0895 -0.0003  0.7576 0 
 46.2379  0.4418 -0.4618  0.0091  0.4743  0.0278  0.4791  0.0057 -0.0003  0.1700 1 
 32.3613 -0.4493  2.6539  0.1805  0.2110  0.0644  0.4323  0.1857 -0.0003  0.8501 1 
 43.7781 -0.5255 -1.4206  0.3330  0.7731  0.0427  0.3977  0.4313 -0.0003  0.9944 1 
 29.7887  0.5090  1.6999  0.2160  0.6734  0.0406  0.4428  0.2935  0.2793  0.9933 1 
 38.0468  0.0099  2.2266  0.3243  0.8175  0.0260  0.1836  0.2864 -0.0003  0.9804 1 
 36.2249 -0.0777 -0.9533  0.2959  0.7303  0.0884  0.4187  0.2175  0.2616  0.9811 1 
 47.6570 -0.7394 -3.0318  0.1548  0.2323  0.0320  0.3025  0.1104 -0.0003  0.5701 0 
 45.9693  0.7316  0.1222  0.0392  0.5168  0.0456  0.3054  0.0117 -0.0003  0.3216 0 
 44.3061  0.4703  1.5370  0.7381  0.6947  0.0262  0.4846  0.7170 -0.0003  0.9982 1 
 31.5862 -0.4808 -1.5694  0.2795  0.7070  0.0331  0.2902  0.1713 -0.0003  0.9219 1 
 47.7760 -0.1464 -0.3013  0.0175  0.6713  0.0211  0.4319  0.0633  0.0383  0.2551 0 
 47.2663  0.1435  2.8724  0.0051  0.7758  0.0519  0.3465  0.0259 -0.0003  0.2245 0 
 48.6854 -0.7479 -2.1636  0.0061  0.1776  0.0403  0.5158  0.0118 -0.0003  0.1121 0 
 26.5629  0.7247  0.9884  0.1470  0.6620  0.0244  0.2546  0.1088 -0.0003  0.6684 0 
 48.8991 -0.2207  0.6851  0.1024  0.0498  0.0081  0.1288  0.0644 -0.0003  0.0547 0 
 47.4922  0.2151 -2.4724  0.0364  0.1241  0.1894  0.2596  0.0491 -0.0003  0.1280 0 
 53.5561  0.7685  0.6170  0.4668  0.3493  0.2578  0.5034  0.4523 -0.0003  0.9989 1 
 48.0995 -0.7713 -2.4999  0.4520  0.5206  0.0720  0.3881  0.5729  0.2910  0.9996 1 
 45.3407  0.5921 -1.9728  0.0347  0.1240  0.0388  0.2189  0.0042 -0.0003  0.0859 0 
 45.1606 -0.5732  1.1410  0.0112  0.0943  0.0448  0.1753  0.0087 -0.0003  0.0746 0 
 46.9337 -0.6587 -1.6094  0.0865  0.2910  0.0767  0.3037  0.1340 -0.0003  0.6129 0 
 42.6276  0.6653  1.5198  0.0530  0.5069  0.0221  0.2670  0.1225  0.0865  0.4956 0 
 48.7617 -0.6485  0.5584  0.1082  0.7298  0.2116  0.6015  0.0925 -0.0003  0.5976 0 
 45.3712  0.6607 -2.5941  0.0303  0.8366  0.0254  0.4815  0.0259 -0.0003  0.2878 0 
 53.0159 -0.0919  1.0785  0.0269  0.3537  0.3060  0.6309  0.0306 -0.0003  0.3264 0 
 45.5390  0.0972 -2.1529  0.0369  0.6132  0.0316  0.1749  0.0850 -0.0003  0.2476 0 
 46.9032 -0.7057  2.3887  0.0027  0.2613  0.2233  0.3906  0.0170 -0.0003  0.1813 0 
 40.4791  0.7500 -0.8308  0.0041  0.6936  0.1036  0.4513  0.0605 -0.0003  0.2557 0 
 42.8168 -0.0095  1.9475  0.1017  0.3863  0.0241  0.3111  0.0184 -0.0003  0.3858 0 
 33.9086  0.0664 -1.1987  0.0546  0.4596  0.0345  0.0948  0.0405 -0.0003  0.2835 0 
 48.5298 -0.5943 -1.6607  0.0099  0.3603  0.0389  0.3011  0.0048 -0.0003  0.1522 0 
 44.7852  0.5883  1.4598  0.1333  0.3404  0.0707  0.3514  0.0902 -0.0003  0.6441 0 
 44.4678  0.6966 -2.2251  0.0311  0.2218  0.0119  0.4401  0.0624 -0.0003  0.1063 0 
 44.1138 -0.6981  0.8994  0.0181  0.4857  0.0454  0.2205  0.1442 -0.0003  0.3476 0 
 45.0111 -0.7288 -1.1141  0.1790  0.1294  0.0509  0.4387  0.2199 -0.0003  0.8161 0 
 35.8740  0.7307  2.0511  0.0337  0.0569  0.0768  0.1866  0.1099 -0.0003  0.1255 0 
 44.8707  0.0273 -0.9002  0.0310  0.3881  0.0475  0.5268  0.2106 -0.0003  0.4818 0 
 36.2280 -0.0100  2.2360  0.0297  0.5185  0.0215  0.2326  0.0714 -0.0003  0.1536 0 
 46.9856  0.6221  2.6217  0.0247  0.2982  0.3355  0.6073  0.0042 -0.0003  0.2627 0 
 45.4475 -0.6108 -0.5274  0.0225  0.3732  0.0294  0.3501  0.0140 -0.0003  0.1525 0 
 45.5604 -0.0705  2.7618  0.0057  0.4308  0.0223  0.1749  0.1614 -0.0003  0.1778 0 
 39.5331  0.0614 -0.3439  0.0093  0.6860  0.2137  0.4996  0.1292 -0.0003  0.3541 0 
 46.9886  0.5916  2.2595  0.0577  0.1884  0.0142  0.3470  0.0634  0.2070  0.6299 0 
 46.6438 -0.5827 -0.8850  0.0800  0.3473  0.0614  0.3042  0.0714 -0.0003  0.4952 0 
 54.0902 -0.7158  2.6540  0.0246  0.1004  0.0550  0.2929  0.0635 -0.0003  0.0862 0 
 46.2837  0.7132 -0.4845  0.1328  0.5625  0.0338  0.2613  0.1789 -0.0003  0.7796 0 
 44.7181  0.4778  2.6179  0.0621  0.6222  0.0420  0.3955  0.1738 -0.0003  0.7075 0 
 42.4903 -0.4567 -0.5500  0.0074  0.0672  0.0223  0.4009  0.0965 -0.0003  0.0608 0 
 37.9767  0.5698  1.3050  0.0157  0.1123  0.0093  0.1837  0.0163 -0.0003  0.0376 0 
 34.9828 -0.5777 -1.8228  0.0123  0.2304  0.0480  0.3758  0.0078 -0.0003  0.1240 0 
 47.2114  0.0088 -1.6162  0.0697  0.3175  0.0257  0.2166  0.0718 -0.0003  0.2223 0 
 42.9480  0.0067  1.5315  0.1215  0.2743  0.0302  0.4886  0.2890  0.2124  0.9430 0 
 50.8644 -0.4901  1.7846  0.0021  0.2609  0.0102  0.2125  0.1257 -0.0003  0.0792 0 
 43.6774  0.4969 -1.3338  0.0051  0.1443  0.0585  0.2653  0.0103 -0.0003  0.0844 0 
 48.6366  0.4453  2.5790  0.0177  0.1123  0.0620  0.3439  0.0443 -0.0003  0.0864 0 
 45.2247 -0.4573 -0.5937  0.0130  0.3637  0.0936  0.4381  0.0440 -0.0003  0.1918 0 
 46.9062  0.3736  2.8382  0.0157  0.4121  0.1023  0.4774  0.0197 -0.0003  0.2025 0 
 43.5554 -0.3620 -0.2823  0.1668  0.1850  0.0277  0.2655  0.0502 -0.0003  0.4072 0 
 42.2583  0.2144 -1.4033  0.0010  0.2872  0.0247  0.4015  0.0432 -0.0003  0.0712 0 
 35.8007 -0.2425  1.7324  0.0193  0.5501  0.0143  0.2334  0.0038 -0.0003  0.1295 0 
 48.5237  0.3421  0.5249  0.0283  0.6717  0.0702  0.3011  0.0121 -0.0003  0.2830 1 
 25.3117 -0.3916 -2.6245  0.3477  0.3881  0.0625  0.3101  0.4620  0.1725  0.9969 1 
 56.3272  0.2479 -2.9059  0.1505  0.4424  0.2973  0.4143  0.0593 -0.0003  0.6965 0 
 42.8229 -0.2333  0.2262  0.0009  0.6211  0.0094  0.2222  0.0795 -0.0003  0.1061 0 
 46.5888  0.6426  2.3980  0.0177  0.5486  0.0170  0.3043  0.0085 -0.0003  0.1296 0 
 41.2940 -0.6053 -0.7285  0.0119  0.5531  0.0512  0.1795  0.0182 -0.0003  0.3109 0 
 42.1454 -0.3413 -3.0303  0.0086  0.4909  0.0222  0.3125  0.1027 -0.0003  0.1268 0 
 36.3043  0.3530  0.1272  0.0089  0.4123  0.0327  0.4184  0.0358 -0.0003  0.1409 0 
 48.8075 -0.5640  0.1083  0.0301  0.6199  0.1080  0.7732  0.0771 -0.0003  0.3688 0 
 35.2941  0.5681 -3.0501  0.0111  0.2488  0.0161  0.5154  0.1605 -0.0003  0.1857 0 
 44.8707  0.2955  0.4279  0.0167  0.7770  0.1111  0.4390  0.0388 -0.0003  0.2986 1 
 44.1047 -0.2961 -2.7780  0.3412  0.4992  0.0817  0.6174  0.2774 -0.0003  0.9914 1 
 55.6100  0.4653  2.5475  0.0760  0.6040  0.0146  0.1662  0.0446 -0.0003  0.2402 1 
 25.1896 -0.4356 -0.6358  0.2581  0.2588  0.0475  0.5176  0.0287  0.3464  0.9879 1 
 41.5869  0.0772  1.6726  0.1564  0.4673  0.0424  0.3136  0.0596 -0.0003  0.6915 0 
 28.3757 -0.0880 -1.4879  0.1069  0.2171  0.0277  0.3994  0.2257  0.0718  0.7431 0 
 48.6427 -0.4225  0.2223  0.0172  0.1490  0.1835  0.4729  0.0335 -0.0003  0.1453 0 
 45.0996  0.3968 -2.9154  0.0791  0.1583  0.1091  0.3507  0.1086 -0.0003  0.3981 0 
 46.2867  0.2167  0.6793  0.0111  0.2541  0.0329  0.4790  0.1885 -0.0003  0.2451 0 
 39.4781 -0.2537 -2.4815  0.0040  0.1526  0.0586  0.2271  0.0110 -0.0003  0.0895 0 
 42.3590  0.1179 -1.6297  0.5003  0.4721  0.0797  0.4012  0.3126  0.2633  0.9972 1 
 30.4082 -0.0612  1.4737  0.2461  0.1449  0.0229  0.4401  0.1826 -0.0003  0.8160 1 
 53.2845  0.7501 -1.6579  0.0214  0.3552  0.0353  0.2940  0.0555 -0.0003  0.1455 0 
 50.3548 -0.7442  1.4514  0.0542  0.3140  0.0649  0.2130  0.0158  0.1034  0.4812 0 
 48.1453 -0.7033 -1.7374  0.2653  0.4610  0.0475  0.4310  0.4791 -0.0003  0.9950 1 
 38.8586  0.6963  1.3994  0.2918  0.2016  0.1389  0.3194  0.3648 -0.0003  0.9921 1 
 43.6805  0.6141 -1.4105  0.0743  0.2166  0.0186  0.2211  0.0283 -0.0003  0.1343 0 
 35.9716 -0.5889  1.7654  0.0107  0.4406  0.0552  0.2797  0.0616 -0.0003  0.2174 0 
 52.8725  0.6001 -0.9410  0.0041  0.6598  0.0526  0.2946  0.0333 -0.0003  0.2266 0 
 44.8493 -0.5967  2.2291  0.0224  0.1448  0.0234  0.2634  0.0247 -0.0003  0.0520 0 
 57.0382  0.4685  2.0251  0.0210  0.2517  0.0382  0.1239  0.0065 -0.0003  0.1857 0 
 42.5208 -0.4588 -1.0673  0.0209  0.1793  0.0302  0.2672  0.0184 -0.0003  0.0700 0 
 45.5421  0.0759 -2.2128  0.1805  0.0766  0.0525  0.2624  0.0374 -0.0003  0.3085 0 
 44.6326 -0.0592  0.9589  0.0243  0.5429  0.0217  0.3957  0.0668 -0.0003  0.1795 0 
 51.1971 -0.1565  1.5816  0.0176  0.2493  0.0240  0.4243  0.0976 -0.0003  0.1265 0 
 44.0192  0.1619 -1.5418  0.0329  0.4517  0.0170  0.3530  0.0732 -0.0003  0.1523 0 
 46.0945 -0.2250 -3.0254  0.0117  0.4378  0.0428  0.2616  0.0167 -0.0003  0.1925 0 
 42.7680  0.2013  0.1220  0.0427  0.3097  0.1704  0.5336  0.0256  0.2005  0.4763 0 
 46.1402  0.6477  1.0022  0.1417  0.3464  0.0638  0.4358  0.1946 -0.0003  0.8589 1 
 45.7252 -0.6450 -2.1438  0.3411  0.4648  0.0612  0.3058  0.2507  0.0994  0.9782 1 
 52.0790  0.0959  1.8641  0.0133  0.1749  0.0655  0.5492  0.0229  0.2673  0.3229 0 
 46.3447 -0.0913 -1.2624  0.0213  0.6296  0.0740  0.3047  0.0360 -0.0003  0.2808 0 
 49.0974  0.2276  0.8623  0.2994  0.5023  0.0604  0.5147  0.5772 -0.0003  0.9979 1 
 44.6052 -0.2435 -2.2493  0.7456  0.2613  0.0483  0.4397  0.7419 -0.0003  0.9973 1 
 40.7019 -0.1663  2.2292  0.4993  0.5436  0.0952  0.4055  0.3515 -0.0003  0.9960 1 
 20.2090  0.1452 -0.9705  0.3218  0.5248  0.0198  0.4444  0.3839 -0.0003  0.9866 1 
 45.5512 -0.6337  1.8105  0.0276  0.5169  0.0244  0.4810  0.1100 -0.0003  0.3149 0 
 44.7211  0.6300 -1.3677  0.0076  0.1257  0.0756  0.1318  0.0073 -0.0003  0.1186 0 
 46.0975 -0.0006  2.8105  0.0849  0.3118  0.0217  0.3051  0.0920 -0.0003  0.3013 0 
 41.9043 -0.0094 -0.3347  0.0117  0.1534  0.0483  0.3577  0.0231 -0.0003  0.0851 0 
 44.1413  0.7135  1.2125  0.0239  0.3013  0.1061  0.4851  0.0987 -0.0003  0.2800 0 
 30.4234 -0.7149 -1.8922  0.0105  0.1256  0.0190  0.3912  0.0186 -0.0003  0.0511 0 
 42.9236 -0.6098 -2.2685  0.0166  0.3248  0.0721  0.4442  0.0392 -0.0003  0.1927 0 
 34.8669  0.6201  0.9128  0.0084  0.4829  0.0404  0.3291  0.0108 -0.0003  0.1804 0 
 48.0079  0.1416  1.8967  0.0289  0.1008  0.2126  0.3882  0.0236 -0.0003  0.1044 0 
 35.6634 -0.1340 -1.2407  0.0030  0.2159  0.0230  0.2336  0.0349 -0.0003  0.0497 0 
 56.6659  0.4147 -0.3376  0.0600  0.0784  0.0145  0.1241  0.0329 -0.0003  0.0524 0 
 46.3264 -0.4178  2.7711  0.0016  0.0640  0.0369  0.2612  0.0204 -0.0003  0.0511 0 
 33.2799  0.6139  2.5268  0.0290  0.3762  0.0932  0.3812  0.0532 -0.0003  0.2557 1 
 32.4285 -0.6004 -0.5959  0.0575  0.5677  0.0169  0.5280  0.1862 -0.0003  0.6171 1 
 48.2429 -0.3344  1.5617  0.0183  0.2539  0.1068  0.3447  0.0754 -0.0003  0.1940 0 
 39.5087  0.3165 -1.5918  0.0861  0.4792  0.0220  0.3634  0.1293 -0.0003  0.5094 0 
 54.3191 -0.4815 -0.7549  0.2608  0.6669  0.0540  0.4180  0.2227 -0.0003  0.9647 0 
 47.9652  0.4841  2.3681  0.0323  0.5360  0.0554  0.3452  0.0717 -0.0003  0.3486 0 
 48.5878 -0.6735 -1.1488  0.0075  0.2485  0.0749  0.4300  0.1006 -0.0003  0.1720 0 
 34.6654  0.6441  2.0023  0.0262  0.2228  0.0820  0.4239  0.0338 -0.0003  0.1783 0 
 43.6103 -0.3765 -2.2855  0.5395  0.6702  0.0539  0.4423  0.6958  0.2915  0.9996 1 
 42.9419  0.3732  0.8627  0.1496  0.1889  0.0594  0.4442  0.1762 -0.0003  0.7732 1 
 45.5116 -0.1498 -2.8659  0.0785  0.2850  0.0496  0.3937  0.0313 -0.0003  0.3711 0 
 45.0263  0.1914  0.2972  0.0069  0.2729  0.2620  0.6580  0.0259 -0.0003  0.2604 0 
 44.1535 -0.2129  2.6866  0.0173  0.3532  0.0737  0.4409  0.0507 -0.0003  0.2077 0 
 26.6789  0.2663 -0.4478  0.0853  0.3907  0.0284  0.5085  0.2055 -0.0003  0.7082 0 
 52.4605 -0.5848  0.4823  0.0140  0.4113  0.0462  0.3374  0.0192 -0.0003  0.1855 0 
 41.2573  0.5196 -2.6631  0.0000 -1.0000  0.0193  0.1347  0.0345 -0.0003  0.2040 0 
 50.2205  0.6900 -2.4920  0.0392  0.6561  0.0428  0.4690  0.1016  0.1480  0.6423 0 
 37.1374 -0.7130  0.6415  0.0129  0.2018  0.1221  0.4620  0.0455 -0.0003  0.1491 0 
 45.8259 -0.0472 -1.7544  0.0336  0.6387  0.0450  0.3493  0.0115 -0.0003  0.3068 0 
 44.0864  0.0465  1.3937  0.0386  0.3421  0.0584  0.3970  0.0306 -0.0003  0.2683 0 
 40.4974  0.7381  2.5332  0.0073  0.7224  0.0196  0.1354  0.0089 -0.0003  0.1607 0 
 37.8210 -0.7526 -0.6953  0.0807  0.3118  0.0759  0.2758  0.0721  0.1740  0.6826 0 
 46.3691  0.0554  1.8505  0.0169  0.5676  0.0245  0.4788  0.0134 -0.0003  0.1988 0 
 44.3641  0.0105 -1.2857  0.0554  0.0644  0.0499  0.4844  0.0391 -0.0003  0.1384 0 
 48.7465 -0.7198  0.1120  0.0331  0.1068  0.0583  0.2578  0.1297 -0.0003  0.1516 0 
 28.8396  0.7356 -3.0635  0.0417  0.4403  0.0147  0.1491  0.0128 -0.0003  0.1491 0 
 48.0293  0.2779 -2.6293  0.0282  0.6718  0.0186  0.3019  0.0638 -0.0003  0.1687 0 
 47.5349 -0.2713  0.5063  0.0883  0.4890  0.2612  0.6920  0.1983 -0.0003  0.8526 0 
 50.4891 -0.3249 -0.4270  0.0430  0.4371  0.1146  0.3832  0.0300 -0.0003  0.2856 0 
 47.8035  0.3102  2.6659  0.0071  0.0731  0.0373  0.5614  0.0665 -0.0003  0.1012 0 
 46.7292 -0.1716 -2.0909  0.0198  0.3090  0.0383  0.2172  0.0095 -0.0003  0.1616 0 
 45.9602  0.1570  1.0563  0.1689  0.5382  0.0627  0.4363  0.1153 -0.0003  0.8470 0 
 51.7403 -0.7118  1.3399  0.0070  0.2982  0.0831  0.4655  0.0074 -0.0003  0.1554 0 
 38.2177  0.7136 -1.7809  0.0054  0.2103  0.0172  0.2750  0.0140 -0.0003  0.0467 0 
 44.2298  0.5893 -2.4361  0.0501  0.6900  0.0609  0.3526  0.0571 -0.0003  0.4568 1 
 41.4588 -0.5764  0.6816  0.1621  0.5713  0.0294  0.3587  0.1662  0.1465  0.8364 1 
 54.1817  0.3812 -1.7198  0.0016  0.1149  0.0959  0.3765  0.0209 -0.0003  0.0691 0 
 50.7881 -0.3775  1.4246  0.0013  0.1251  0.0110  0.2551  0.0546 -0.0003  0.0322 0 
 45.7099 -0.3518 -1.2662  0.5357  0.5400  0.0714  0.5243  0.3055 -0.0003  0.9897 1 
 45.3712  0.3264  1.8022  0.3142  0.5076  0.0471  0.5253  0.3785 -0.0003  0.9916 1 
 41.9318 -0.3139  0.1604  0.5216  0.4096  0.0332  0.4470  0.3321  0.1264  0.9951 1 
 36.3958  0.3132 -3.0093  0.1139  0.3971  0.0469  0.1859  0.1806  0.3416  0.9783 1 
 50.3761 -0.6707 -1.0263  0.6634  0.5395  0.0587  0.3409  0.3730 -0.0003  0.9969 1 
 46.7536  0.6637  2.1176  0.2164  0.2806  0.0776  0.5647  0.3326 -0.0003  0.9817 1 
 51.5694 -0.6040 -0.9802  0.0160  0.2497  0.0323  0.3812  0.0309 -0.0003  0.1023 0 
 46.1341  0.6231  2.1425  0.0295  0.4896  0.0319  0.4358  0.0547 -0.0003  0.2559 0 
 46.7659 -0.6177  2.5706  0.0317  0.7288  0.0211  0.2606  0.0673 -0.0003  0.1985 1 
 42.8382  0.6236 -0.5870  0.0458  0.2813  0.0314  0.3556  0.0626  0.2082  0.5783 1 
 52.2499  0.3650 -2.2589  0.0363  0.3567  0.0255  0.1689 -0.0200 -0.0003  0.2502 0 
 38.9929 -0.3466  0.8499  0.0233  0.6929  0.0435  0.4558  0.0466 -0.0003  0.2766 0 
 43.8300 -0.5139 -1.6465  0.2242  0.7931  0.0335  0.3976  0.3126 -0.0003  0.9693 1 
 34.7784  0.5870  1.5277  0.0482  0.1875  0.2478  0.4235  0.0268  0.9606  0.7695 1 
 48.7007 -0.6610 -0.5694  0.3236  0.5119  0.0424  0.3438  0.5667 -0.0003  0.9969 1 
 48.2856  0.6655  2.5540  0.1446  0.5656  0.0439  0.4738  0.2736 -0.0003  0.9393 1 
 49.7108  0.2833  2.3951  0.0012  0.2106  0.1037  0.3848  0.0732 -0.0003  0.1186 0 
 42.7405 -0.3023 -0.7615  0.0180  0.3872  0.0310  0.4002  0.0279  0.1716  0.4145 0 
 51.5358  0.4543 -1.8904  0.0706  0.5599  0.0291  0.4236  0.0865 -0.0003  0.5209 0 
 36.5972 -0.4570  1.2661  0.0455  0.5531  0.0197  0.1855  0.0390  0.1139  0.3850 0 
 48.2582 -0.6395 -2.4606  0.0449  0.7091  0.0404  0.3447  0.0637 -0.0003  0.4104 0 
 47.2938  0.6502  0.7105  0.0224  0.1260  0.0558  0.4764  0.0302 -0.0003  0.1203 0 
 47.2786 -0.3722  0.8921  0.0020  0.4763  0.0576  0.4764  0.1922 -0.0003  0.3332 0 
 37.6867  0.4015 -2.2443  0.0052  0.1567  0.0498  0.3221  0.0241 -0.0003  0.0759 0 
 47.4800  0.4581 -2.2356  0.0376  0.0435  0.0970  0.4326  0.0678 -0.0003  0.0884 0 
 47.0405 -0.4529  0.9176  0.0108  0.3355  0.1128  0.5637  0.0342 -0.0003  0.2072 0 
 51.2551  0.1756 -2.8210  0.0075  0.4750  0.0606  0.2545  0.0312 -0.0003  0.2347 0 
 46.5309 -0.1860  0.2890  0.0651  0.3396  0.0239  0.2609  0.0886  0.0361  0.3362 0 
 51.0536  0.6077 -2.7651  0.3136  0.3467  0.0352  0.3397  0.2924 -0.0003  0.9687 1 
 37.8790 -0.6242  0.3607  0.0902  0.0998  0.0381  0.1838  0.0637  0.4209  0.9815 1 
 44.1077  0.4526  0.6851  0.2466  0.4215  0.0604  0.5733  0.3371 -0.0003  0.9891 1 
 40.8026 -0.4313 -2.4980  0.1404  0.5384  0.0313  0.3152  0.2281 -0.0003  0.8411 1 
 50.4280 -0.7298  1.3099  0.0470  0.4166  0.0112  0.2130  0.0649 -0.0003  0.1313 0 
 48.9540  0.7479 -1.8397  0.0315  0.3841  0.0104  0.2575  0.0148 -0.0003  0.0979 0 
 50.3822 -0.6768  2.3104  0.0008  0.2480  0.0432  0.3409  0.1591 -0.0003  0.1622 0 
 42.8168  0.6773 -0.8044  0.0032  0.5775  0.0503  0.2667  0.2097 -0.0003  0.4750 0 
 49.8054 -0.6649 -0.9852  0.0117  0.2325  0.0595  0.2991  0.0076 -0.0003  0.1354 0 
 43.8636  0.6740  2.1223  0.0184  0.5563  0.0472  0.3975 -0.0200  0.1282  0.3532 0 
 36.2860  0.2725  2.1713  0.0395  0.7200  0.0405  0.2325  0.0338 -0.0003  0.3558 1 
 35.9838 -0.3201 -0.9379  0.2169  0.1789  0.0759  0.6059  0.1811 -0.0003  0.9111 1 
 38.3368  0.7534 -1.3687  0.0729  0.4591  0.0289  0.3206  0.0965 -0.0003  0.4169 1 
 32.5628 -0.7955  1.6337  0.3469  0.3774  0.1088  0.5753  0.3087  0.3839  0.9995 1 
 47.7699  0.6600 -0.1926  0.0233  0.3829  0.1256  0.4751  0.0196 -0.0003  0.2264 0 
 37.2503 -0.6696  2.9925  0.0140  0.4406  0.0086  0.3693  0.0276 -0.0003  0.0815 0 
 45.3223  0.7522 -2.1727  0.0086  0.4300  0.0241  0.2627  0.0250 -0.0003  0.1052 0 
 38.5962 -0.7588  0.9267  0.0805  0.0466  0.0232  0.3200  0.1000 -0.0003  0.0993 0 
 48.6366  0.0506 -0.6924  0.0493  0.4069  0.0316  0.3439  0.0252 -0.0003  0.2611 1 
 43.3600 -0.0426  2.5008  0.1449  0.2040  0.1222  0.2215  0.2945  0.8230  0.9992 1 
 50.0069  0.5576 -1.0276  0.0095  0.1563  0.0893  0.4269  0.1830 -0.0003  0.1933 0 
 47.7821 -0.5573  2.0954  0.0083  0.3138  0.0301  0.3887  0.1291 -0.0003  0.1501 0 
 43.8148  0.8028 -1.5168  0.1784  0.6532  0.1003  0.7952  0.2122 -0.0003  0.9642 1 
 42.1759 -0.7942  1.5704  0.0506  0.3534  0.0213  0.2232  0.1646  0.2472  0.8031 1 
 49.1066  0.2157  1.0139  0.0523  0.2499  0.1523  0.5575  0.0811 -0.0003  0.3927 0 
 46.4027 -0.2440 -2.1288  0.0385  0.1648  0.0365  0.4352  0.0795 -0.0003  0.1720 0 
 43.1342  0.2598 -2.8606  0.0238  0.0815  0.0417  0.3106  0.0505 -0.0003  0.0678 0 
 42.5757 -0.2465  0.2647  0.0190  0.5022  0.0107  0.2671  0.0047  0.0572  0.1538 0 
 46.3661 -0.5057  0.9545  0.0054  0.5578  0.1815  0.5224  0.0450 -0.0003  0.2485 0 
 39.0509  0.4872 -2.1481  0.0631  0.3014  0.0263  0.5013  0.1304 -0.0003  0.4519 0 
 47.4983  0.7485 -0.4301  0.0185  0.1632  0.0482  0.3893  0.0198 -0.0003  0.1048 0 
 47.2755 -0.7591  2.7031  0.0416  0.2134  0.0664  0.3465  0.1512 -0.0003  0.3487 0 
 48.8899  0.5734  1.6843  0.0382  0.2235  0.1428  0.3864  0.0029 -0.0003  0.1967 1 
 41.5625 -0.5730 -1.4529  0.0717  0.3870  0.0488  0.4481  0.0357 -0.0003  0.4312 1 
 43.3448 -0.0173 -2.6970  0.0027  0.7887  0.0660  0.6203  0.0247 -0.0003  0.2465 0 
 36.2799 -0.0205  0.4421  0.0168  0.3594  0.1013  0.5115  0.0141 -0.0003  0.2027 0 
 48.2307  0.1313  2.1830  0.0516  0.3227  0.0986  0.5170  0.0209 -0.0003  0.3194 0 
 44.9226 -0.1383 -0.9709  0.1621  0.3663  0.0424  0.4389  0.1902 -0.0003  0.8629 0 
 44.6052 -0.6017 -1.1486  0.1030  0.3194  0.1385  0.4397  0.0273 -0.0003  0.4383 0 
 43.9673  0.6070  2.0069  0.0442  0.4826  0.1679  0.3090  0.0595 -0.0003  0.3456 0 
 48.4291  0.2189 -0.1912  0.0453  0.5436  0.0256  0.3443  0.0800 -0.0003  0.2760 0 
 43.6408 -0.2484  2.9610  0.0323  0.0989  0.1946  0.1769  0.0136 -0.0003  0.0850 0 
 49.3324 -0.7290 -3.1146  0.0096  0.6061  0.0235  0.4712  0.0939  0.0688  0.3311 0 
 40.4456  0.7255  0.0464  0.0728  0.3020  0.0439  0.3611  0.0185 -0.0003  0.3362 0 
 53.6660 -0.6289  2.0441  0.0323  0.3098  0.0806  0.3355  0.0098 -0.0003  0.2274 0 
 46.6957  0.6368 -1.0487  0.0156  0.4738  0.1164  0.5214  0.0319 -0.0003  0.2274 0 
 66.9993 -0.2957 -1.0770  0.0375  0.5068  0.0261  0.2383  0.0187 -0.0003  0.1966 0 
 46.7414  0.2851  2.0662  0.0132  0.4935  0.0669  0.3041  0.0190 -0.0003  0.2262 0 
 47.4403 -0.7926  1.5371  0.0003  0.5800  0.0688  0.5192  0.0665 -0.0003  0.1959 0 
 45.8839  0.7862 -1.6265  0.0181  0.3043  0.0756  0.4365  0.0202 -0.0003  0.1850 0 
 47.4006  0.4550 -1.0441  0.0351  0.3337  0.0261  0.2164  0.0491 -0.0003  0.1376 0 
 43.5706 -0.4311  2.0922  0.0053  0.6276  0.0154  0.2212  0.0190 -0.0003  0.1151 0 
 53.1777  0.3989  1.5624  0.0654  0.1251  0.0889  0.3783  0.5340 -0.0003  0.8391 0 
 45.6672 -0.3892 -1.6046  0.0154  0.2720  0.0794  0.3059  0.1340 -0.0003  0.2774 0 
 48.6366  0.4028 -1.0255  0.0141  0.3933  0.0799  0.3009  0.0572 -0.0003  0.2306 0 
 39.0539 -0.3969  2.0718  0.0075  0.0920  0.2333  0.3190  0.0381 -0.0003  0.0697 0 
 45.4749 -0.6137 -1.5546  0.0514  0.2222  0.0417  0.5250  0.1186  0.0858  0.4926 1 
 42.0783  0.6189  1.5890  0.4439  0.7458  0.0491  0.4466  0.2097  0.3261  0.9952 1 
 42.0356 -0.7007 -1.6702  0.0039  0.1184  0.0439  0.2680  0.0685 -0.0003  0.0601 0 
 34.5861  0.6903  1.4552  0.1077  0.1679  0.0616  0.4242  0.0700 -0.0003  0.4190 0 
 52.0272  0.5640 -2.9238  0.0555  0.2045  0.0251  0.3381  0.0530 -0.0003  0.1450 0 
 35.6390 -0.5604  0.2385  0.0626  0.2799  0.0128  0.2336  0.0515 -0.0003  0.1205 0 
 49.4362  0.7391 -1.9271  0.2354  0.6230  0.0670  0.5566  0.2540 -0.0003  0.9804 1 
 28.5954 -0.6907  1.2276  0.2217  0.5082  0.0246  0.2490  0.2186  0.2315  0.9663 1 
 50.9346 -0.6982 -0.1035  0.0598  0.4730  0.0368  0.3399  0.0381 -0.0003  0.3729 1 
 33.9574  0.7270  3.1246  0.2153  0.5629  0.0470  0.4737  0.2657  0.3631  0.9986 1 
 43.6378 -0.1551  1.8292  0.0106  0.1804  0.2064  0.5307  0.0198 -0.0003  0.1743 0 
 37.9706  0.1214 -1.2765  0.0827  0.3151  0.0545  0.4133  0.1657 -0.0003  0.6341 0 
 56.9162  0.6486 -2.5775  0.0287  0.6405  0.1932  0.2893  0.0978  0.5413  0.7847 1 
 47.5166 -0.6414  0.5355  0.1048  0.6900  0.0856  0.3028  0.0579  0.4819  0.9926 1 
 53.6233 -0.6126 -2.4645  0.0106  0.1278  0.0806  0.2097  0.0140 -0.0003  0.0983 0 
 46.2379  0.6094  0.6927  0.0222  0.4630  0.0657  0.3920  0.0080 -0.0003  0.2214 0 
 41.4252 -0.1209  2.8274  0.4840  0.4492  0.0641  0.5382  0.3951 -0.0003  0.9941 1 
 34.3481  0.1791 -0.3524  0.0923  0.8222  0.0184  0.4250  0.2674  0.0700  0.8460 1 
 47.7180  0.1865  2.3163  0.0008  0.1482  0.0454  0.4753  0.1155 -0.0003  0.1130 0 
 45.6672 -0.1765 -0.8214  0.0237  0.2328  0.0112  0.1748  0.0120 -0.0003  0.0690 0 
 48.7922 -0.7047  2.0789  0.1237  0.1328  0.3021  0.5584  0.0490 -0.0003  0.5154 0 
 42.2461  0.6712 -1.1072  0.0326  0.1767  0.0433  0.2231  0.0311 -0.0003  0.1089 0 
 51.6396  0.1436  1.5041  0.0113  0.1234  0.1508  0.4234  0.0562  0.3084  0.2632 0 
 43.5218 -0.1178 -1.6776  0.0059  0.4119  0.0201  0.2213  0.0505  0.0562  0.1402 0 
 48.0720  0.0083  0.1274  0.0311  0.1870  0.0306  0.3019  0.1098 -0.0003  0.1273 0 
 45.0202 -0.0067 -3.0387  0.0296  0.4445  0.0239  0.3509  0.0895  0.0312  0.2597 0 
 52.2499  0.5642  1.9883  0.0244  0.7096  0.0715  0.2533  0.0629 -0.0003  0.4140 0 
 41.4740 -0.5084 -1.1845  0.0775  0.2212  0.0547  0.2242  0.0318 -0.0003  0.3007 0 
 35.6237  0.7263 -1.2353  0.0027  0.1137  0.0422  0.2804  0.2424 -0.0003  0.1917 0 
 27.4388 -0.7453  1.8985  0.0225  0.5945  0.0090  0.2017  0.0549 -0.0003  0.1218 0 
 49.7292 -0.7016  0.3889  0.1384  0.2934  0.1027  0.3848  0.0588 -0.0003  0.5438 0 
 36.1761  0.7123 -2.7513  0.0173  0.4764  0.0125  0.2327  0.0132 -0.0003  0.1051 0 
 45.1545  0.7840  0.3517  0.0346  0.4863  0.0173  0.2630  0.0103 -0.0003  0.1489 0 
 42.5483 -0.7546 -2.7446  0.0073  0.3707  0.0638  0.3117  0.0173 -0.0003  0.1822 0 
 48.9540  0.7726 -0.9944  0.1136  0.3534  0.1601  0.4721  0.2691 -0.0003  0.9284 1 
 20.7187 -0.7676  2.1678  0.2927  0.5489  0.0287  0.2755  0.5723  0.3048  0.9985 1 
 46.6590  0.0380 -0.1455  0.0874  0.6280  0.0133  0.3477  0.1454 -0.0003  0.4792 1 
 44.1291 -0.0092  2.9838  0.1676  0.2730  0.1350  0.3969  0.2421  0.7757  0.9973 1 
 49.9825 -0.5195  1.4989  0.0465  0.5589  0.0787  0.2988  0.0269 -0.0003  0.3564 0 
 39.5758  0.5146 -1.6169  0.0666  0.3612  0.0637  0.3178  0.0589 -0.0003  0.4342 0 
 55.1186 -0.1370 -2.8668  0.0273  0.4399  0.0882  0.4582  0.0469 -0.0003  0.2542 0 
 49.8329  0.1375  0.2902  0.0067  0.2384  0.0690  0.3845  0.1176 -0.0003  0.1726 0 
 46.3844  0.7691 -0.0051  0.1250  0.1691  0.0372  0.3482  0.1365 -0.0003  0.5184 0 
 44.7669 -0.7735 -3.1268  0.0730  0.6448  0.0351  0.4393  0.0623  0.0810  0.6544 0 
 48.0232 -0.7448  1.9338  0.0132  0.3664  0.0626  0.4314  0.1728 -0.0003  0.3318 0 
 40.9369  0.7427 -1.1992  0.0717  0.5316  0.0138  0.2699  0.2452  0.1327  0.7313 0 
 48.7343 -0.2237  1.3166  0.0156  0.4615  0.0297  0.2578  0.0021 -0.0003  0.1771 0 
 46.0121  0.2201 -1.8069  0.0336  0.0263  0.0571  0.1308 -0.0004 -0.0003  0.0981 0 
 49.9794  0.5327 -0.0794  0.3949  0.5650  0.1198  0.4696  0.3514  0.1016  0.9966 1 
 38.2239 -0.5546  3.0076  0.9547  0.7766  0.0273  0.5500  0.7294 -0.0003  0.9981 1 
 46.8452 -0.5165 -1.7157  0.0318  0.0998  0.0158  0.3473  0.1036 -0.0003  0.0699 0 
 45.8259  0.4814  1.4004  0.0046  0.4251  0.0500  0.4366  0.1257 -0.0003  0.2303 0 
 60.1114  0.4722 -2.0310  0.0025  0.3411  0.0133  0.2446  0.0704 -0.0003  0.0652 0 
 41.9562 -0.4681  1.0700  0.1759  0.1976  0.0881  0.5363  0.0349 -0.0003  0.5782 0 
 48.4382 -0.1311  3.0960  0.1064  0.2259  0.0631  0.3443  0.0578 -0.0003  0.4360 0 
 45.1423  0.0932 -0.0916  0.0739  0.3133  0.0579  0.3945  0.0922 -0.0003  0.4766 0 
 49.6620  0.3563  1.4088  0.0412  0.5114  0.0749  0.4704  0.0932 -0.0003  0.3809 0 
 46.2470 -0.3359 -1.7441  0.0226  0.1668  0.0699  0.2613  0.0399 -0.0003  0.1235 0 
 56.8032 -0.4788 -0.9764  0.0121  0.1001  0.0340  0.2894  0.0775 -0.0003  0.0577 0 
 47.0161  0.5063  2.1767  0.0298  0.7388  0.0429  0.3470  0.0429 -0.0003  0.3186 0 
 50.4128  0.0964  0.5070  0.0616  0.4886  0.0718  0.4686  0.0485 -0.0003  0.4034 1 
 41.6236 -0.0910 -2.6016  0.7230  0.6798  0.0927  0.2687  0.3832 -0.0003  0.9978 1 
 45.7374  0.3568 -1.7481  0.0434  0.3886  0.0348  0.4805  0.0081 -0.0003  0.2959 0 
 45.6733 -0.3709  1.3862  0.0092  0.3641  0.1072  0.3059  0.1249 -0.0003  0.2874 0 
 44.8005 -0.6434 -3.1221  0.1178  0.4391  0.1156  0.3074  0.1197  0.4381  0.9380 1 
 43.8392  0.6212  0.0262  0.1976  0.2391  0.0275  0.4417  0.3099  0.2101  0.9859 1 
 46.4820  0.6735  2.7368  0.1586  0.7350  0.0153  0.2175  0.1142  0.1616  0.7625 1 
 32.5566 -0.6398 -0.4785  0.0471  0.3895  0.0481  0.6713  0.3308  0.1085  0.8732 1 
 35.9503  0.7224  1.4364  0.0669  0.4708  0.0520  0.2797  0.0538  0.5389  0.9956 1 
 35.6878 -0.7575 -1.7198  0.1157  0.2216  0.0295  0.3270  0.0803  0.2882  0.9362 1 
 48.5298 -0.7097 -2.4536  0.0174  0.1653  0.0895  0.4302  0.0609 -0.0003  0.1339 0 
 47.9866  0.6866  0.6616  0.0232  0.3045  0.0645  0.3452  0.1304 -0.0003  0.3041 0 
 49.2012 -0.6537  0.2007  0.0363  0.1159  0.1115  0.2572  0.0135 -0.0003  0.0997 0 
 38.8647  0.6444 -2.9497  0.0169  0.6688  0.0095  0.1369  0.0107 -0.0003  0.1323 0 
 46.5095 -0.2845  0.8991  0.0202  0.2271  0.1205  0.3045  0.0357 -0.0003  0.1603 0 
 44.5136  0.3545 -2.2609  0.0388  0.1555  0.1086  0.4400  0.0396 -0.0003  0.1763 0 
 44.5075 -0.6139 -0.9713  0.0078  0.1977  0.0404  0.3080  0.0274 -0.0003  0.0759 0 
 41.4862  0.5073  2.2023  0.0078  0.1475  0.0721  0.5827  0.0428 -0.0003  0.1355 0 
 58.1338 -0.4906  1.6367  0.0363  0.3210  0.0595  0.2878  0.0844 -0.0003  0.3054 0 
 47.0893  0.4752 -1.4952  0.0497  0.0640  0.0172  0.3902  0.0502 -0.0003  0.0718 0 
 42.3713  0.7909  0.7250  0.2697  0.2842  0.0422  0.5349  0.3057 -0.0003  0.9787 1 
 39.5117 -0.7816 -2.4287  0.0855  0.1390  0.0802  0.4088  0.0853 -0.0003  0.3450 1 
 53.1044 -0.0631 -0.8490  0.0100  0.1483  0.0660  0.2522  0.0054 -0.0003  0.0988 0 
 44.8157  0.0585  2.2712  0.0710  0.3754  0.0195  0.2196  0.1436 -0.0003  0.2926 0 
 51.1940  0.3959 -2.0755  0.0089  0.3845  0.0291  0.2970  0.0215 -0.0003  0.1093 0 
 47.7211 -0.4202  1.0441  0.2350  0.4757  0.0836  0.3888  0.2564  0.0995  0.9713 0 
 53.6934  0.7278 -0.4151  0.0516  0.4188  0.0396  0.3354  0.1342  0.1216  0.6471 0 
 39.0143 -0.7244  2.7540  0.0287  0.7073  0.1083  0.9572  0.1077 -0.0003  0.5008 0 
 54.8318 -0.5268 -1.7274  0.0048  0.0315  0.0319  0.2085  0.0274 -0.0003  0.0491 0 
 45.7130  0.5242  1.4166  0.0320  0.2785  0.0429  0.2184  0.0219 -0.0003  0.1806 0 
 47.5898 -0.7704 -0.5922  0.0860  0.2385  0.0373  0.3459  0.0471 -0.0003  0.3125 0 
 46.7445  0.7568  2.5365  0.0787  0.5684  0.0123  0.1303  0.0010 -0.0003  0.2198 0 
 50.8522  0.6211  2.1238  0.0783  0.2884  0.1076  0.5100  0.1567 -0.0003  0.6327 1 
 49.2653 -0.6061 -1.0411  0.0716  0.6455  0.0558  0.5571  0.1010 -0.0003  0.5907 1 
 49.6193 -0.4121 -2.7929  0.0412  0.1897  0.0438  0.5133  0.2341 -0.0003  0.4062 0 
 47.8126  0.3990  0.3815  0.0361  0.1178  0.0687  0.3455  0.1369 -0.0003  0.1889 0 
 46.2623  0.7699 -1.0974  0.0230  0.1383  0.1155  0.4355  0.0222 -0.0003  0.1160 0 
 39.0661 -0.7866  2.0221  0.0259  0.5407  0.0721  0.2734  0.0479 -0.0003  0.3253 0 
 47.5868  0.6385 -2.0252  0.2845  0.7467  0.0370  0.2594  0.1061 -0.0003  0.8932 1 
 46.1311 -0.6176  1.1283  0.3803  0.5041  0.0237  0.4358  0.3016 -0.0003  0.9804 1 
 42.3438 -0.3570 -2.7393  0.3761  0.2407  0.0484  0.3566  0.1578 -0.0003  0.9163 1 
 41.2207  0.4303  0.3761  0.1209  0.7090  0.0549  0.3593  0.1135 -0.0003  0.8463 1 
 46.5827  0.7113  1.9748  0.0019  0.3357  0.0698  0.5217  0.2169 -0.0003  0.3031 0 
 39.1394 -0.7518 -1.1830  0.0107  0.4426  0.0693  0.3188  0.0020 -0.0003  0.2053 0 
 46.4576  0.5282 -2.5364  0.0156  0.0852  0.3702  0.3480  0.0606 -0.0003  0.0967 0 
 43.8605 -0.5257  0.6147  0.0267  0.1462  0.0697  0.1767  0.0478 -0.0003  0.1358 0 
 55.2468 -0.4192 -0.9557  0.1747  0.2762  0.0728  0.2914  0.2163 -0.0003  0.8926 0 
 44.9958  0.4619  2.2156  0.2407  0.4735  0.0320  0.3510  0.2271 -0.0003  0.9126 0 
 62.2599  0.4997  0.2035  0.0298  0.1435  0.0436  0.4042  0.0147 -0.0003  0.1136 0 
 49.0059 -0.4947 -2.9588  0.0000  0.6247  0.0232  0.0858  0.0947 -0.0003  0.1487 0 
 51.0842  0.6127 -2.7897  0.0231  0.6958  0.0250  0.2547  0.0157 -0.0003  0.1846 0 
 48.4413 -0.6150  0.3531  0.0086  0.1542  0.0153  0.2582  0.1400 -0.0003  0.0670 0 
 49.4118  0.5039 -3.0868  0.0772  0.0933  0.0786  0.1713  0.0582 -0.0003  0.1664 0 
 44.7913 -0.5080  0.0503  0.0643  0.1273  0.2259  0.2635  0.0433 -0.0003  0.2139 0 
 46.5583  0.5631  1.6349  0.0923  0.2677  0.0758  0.3913  0.2181 -0.0003  0.7364 1 
 45.5482 -0.5729 -1.4968  0.4701  0.6005  0.0662  0.3061  0.4163 -0.0003  0.9970 1 
 44.9958 -0.2252  0.7264  0.0345  0.3056  0.1858  0.4826  0.1099 -0.0003  0.3573 0 
 43.8117  0.2644 -2.4250  0.1318  0.2684  0.0474  0.3093  0.2719 -0.0003  0.8198 0 
 51.8196 -0.5045 -1.5565  0.0337  0.3807  0.2111  0.3807  0.0346  0.6111  0.6350 0 
 46.7872  0.4603  1.5769  0.0389  0.1966  0.0495  0.5211  0.0220 -0.0003  0.2203 0 
 46.6011 -0.4401 -1.2244  0.0901  0.6050  0.0205  0.2608  0.0494 -0.0003  0.3644 0 
 45.9174  0.4466  1.9011  0.0605  0.3489  0.0533  0.4800  0.1678 -0.0003  0.5665 0 
 47.6722 -0.7878 -1.8974  0.0122  0.5969  0.0221  0.3889  0.1725 -0.0003  0.2599 0 
 37.7508  0.7726  1.2278  0.0068  0.3173  0.0234  0.0920  0.0041 -0.0003  0.1728 0 
 47.3701 -0.3872 -0.4299  0.0052  0.4091  0.0247  0.4329  0.0075  0.1292  0.2894 0 
 45.7618  0.3904  2.7282  0.0229  0.1074  0.2739  0.2621  0.0273 -0.0003  0.1028 0 
 52.8145 -0.3663  1.7389  0.0320  0.2597  0.2229  0.3368  0.1083 -0.0003  0.3532 0 
 44.9439  0.3715 -1.3938  0.0052  0.3506  0.0328  0.3511  0.0208 -0.0003  0.1066 0 
 47.3671 -0.7542  2.2598  0.0100  0.0660  0.0475  0.3030  0.0208 -0.0003  0.0633 0 
 46.3935  0.7559 -0.8435  0.0168  0.1783  0.0255  0.3482  0.0494 -0.0003  0.0643 0 
 45.2399  0.2418 -0.5609  0.0410  0.1409  0.0406  0.3067  0.0959 -0.0003  0.1347 0 
 42.9633 -0.2207  2.5442  0.0082  0.8139  0.0728  0.1777  0.0091 -0.0003  0.3389 0 
 45.7282  0.1484 -2.0324  0.1670  0.0885  0.0685  0.3932  0.0219 -0.0003  0.3703 0 
 41.1475 -0.1608  1.0946  0.0120  0.4674  0.0094  0.1348  0.0145 -0.0003  0.1157 0 
 49.8634 -0.3337 -0.0163  0.0677  0.3920  0.0518  0.2563  0.0920 -0.0003  0.4963 0 
 45.0751  0.3361  3.1017  0.0169  0.1095  0.0171  0.1316  0.0008 -0.0003  0.0576 0 
 54.9905 -0.0070 -0.0841  0.0116  0.1323  0.0716  0.1667  0.0157 -0.0003  0.1097 0 
 42.9633  0.0029  3.0524  0.0461  0.3821  0.0188  0.2221  0.0099 -0.0003  0.1554 0 
 46.5553  0.6904 -1.6633  0.0298  0.4991  0.0418  0.3044  0.0270 -0.0003  0.2581 0 
 31.4855 -0.6788  1.5254  0.0625  0.6381  0.0437  0.2421  0.1199 -0.0003  0.5747 0 
 35.8007  0.7513  0.1148  0.0550  0.5973  0.0302  0.2334  0.0646 -0.0003  0.3000 0 
 34.7509 -0.7204 -2.9622  0.0125  0.3215  0.0443  0.3765  0.1235 -0.0003  0.2064 0 
 47.5166 -0.4919 -0.3708  0.0164  0.3885  0.0288  0.3893  0.0435 -0.0003  0.1374 0 
 45.0599  0.4765  2.7554  0.0053  0.2584  0.0930  0.4824  0.0259 -0.0003  0.1453 0 
 50.0130 -0.0935 -1.0575  0.0235  0.3894  0.1066  0.2988  0.0715 -0.0003  0.2804 0 
 40.7507  0.0980  2.0962  0.0414  0.1861  0.0108  0.3153  0.0317 -0.0003  0.0632 0 
 49.6437  0.1021 -3.1264  0.0008  0.0537  0.0548  0.4705  0.0361 -0.0003  0.0709 0 
 46.6651 -0.0610  0.0207  0.0019  0.1666  0.0225  0.2607  0.0380  0.0345  0.0597 0 
 43.4974  0.0110 -1.2205  0.0083  0.0534  0.1390  0.3099  0.0297 -0.0003  0.0459 0 
 34.2901 -0.0381  1.9719  0.0279  0.5777  0.0814  0.2835  0.0755 -0.0003  0.3769 0 
 60.4166 -0.5630  1.3225  0.0131  0.0239  0.0268  0.1629  0.0096 -0.0003  0.0554 0 
 46.2348  0.5471 -1.8076  0.0739  0.4747  0.0955  0.4356  0.1414 -0.0003  0.5995 0 
 49.4148  0.7424 -1.6199  0.0562  0.3222  0.1575  0.5138  0.0584 -0.0003  0.3598 0 
 42.4231 -0.7576  1.4876  0.0005  0.5753  0.0102  0.1783  0.0245 -0.0003  0.1037 0 
 49.3111  0.0360 -0.9148  0.0284  0.3824  0.0533  0.6426  0.0452 -0.0003  0.3126 0 
 45.5451 -0.0510  2.2511  0.0731  0.3971  0.0604  0.3936  0.0484 -0.0003  0.4520 0 
 37.9248  0.6973 -3.0356  0.1451  0.1933  0.0413  0.3675  0.1938  0.4633  0.9977 1 
 35.5810 -0.6529  0.0503  0.0565  0.4432  0.0822  0.5610  0.1151 -0.0003  0.4863 1 
 48.3253  0.3371  1.1628  0.0032  0.3563  0.1681  0.4737  0.0097 -0.0003  0.1914 0 
 35.9106 -0.3360 -2.0016  0.0024  0.5550  0.0116  0.2798  0.0410 -0.0003  0.0854 0 
 49.6529 -0.2033 -3.0223  0.1795  0.6457  0.1364  0.7698  0.2359 -0.0003  0.9709 1 
 43.7751  0.1998  0.0954  0.1782  0.4817  0.0447  0.3977  0.1986  0.1615  0.9149 1 
 47.8309  0.6435 -1.7230  0.0098  0.2010  0.0844  0.6045  0.0711 -0.0003  0.1950 0 
 45.4078 -0.6376  1.4058  0.0717  0.5561  0.0180  0.3501  0.0147 -0.0003  0.3308 0 
 48.2124  0.4488  2.0544  0.0768  0.4172  0.1409  0.3878  0.0219 -0.0003  0.3766 0 
 44.0131 -0.4750 -1.0758  0.0305  0.1483  0.0095  0.1765  0.0106 -0.0003  0.0481 0 
 50.4311 -0.1579 -3.1402  0.0005  0.0299  0.0443  0.2130  0.0406 -0.0003  0.0564 0 
 49.5369  0.1771  0.0559  0.3779  0.4885  0.0678  0.3423  0.4219  0.1194  0.9961 0 
 50.1442  0.2925  1.9923  0.0079  0.7175  0.0543  0.1706  0.0036 -0.0003  0.3614 0 
 38.4802 -0.2733 -1.1741  0.0164  0.1012  0.0454  0.4118  0.0595 -0.0003  0.0867 0 
 53.7575 -0.3672 -0.4941  0.0000  0.0335  0.0660  0.0419 -0.0200 -0.0003  0.1319 0 
 38.8800  0.4077  2.6609  0.0261  0.1821  0.0342  0.2281  0.0339 -0.0003  0.0814 0 
 49.1188  0.3466  2.2211  0.0452  0.1859  0.0854  0.3859  0.0391 -0.0003  0.2058 0 
 33.0907 -0.3505 -0.9351  0.0348  0.1459  0.0912  0.4772  0.1299 -0.0003  0.2550 0 
 50.3059  0.6271  3.1231  0.0153  0.4087  0.0418  0.3836  0.1131 -0.0003  0.2368 0 
 44.8157 -0.6171 -0.0272  0.0075  0.5033  0.0287  0.3513  0.0314 -0.0003  0.1287 0 
 43.2013 -0.6427 -1.9544  0.3893  0.7333  0.0640  0.3991  0.6809 -0.0003  0.9981 1 
 39.1333  0.6364  1.1966  0.3348  0.4756  0.0358  0.3188  0.4794 -0.0003  0.9952 1 
 48.8289  0.4807  1.2382  0.0088  0.6422  0.1210  0.4295  0.0281 -0.0003  0.2402 0 
 44.0558 -0.4690 -1.9057  0.0185  0.4140  0.1421  0.4853  0.0915 -0.0003  0.2771 0 
 53.3944  0.7677 -1.2459  0.0462  0.3691  0.1098  0.5038  0.0113 -0.0003  0.2908 0 
 38.4253 -0.7694  1.9165  0.0281  0.2907  0.0397  0.2288 -0.0200 -0.0003  0.2224 0 
 47.0619  0.1325  2.7987  0.0386  0.1517  0.0305  0.3035  0.0934 -0.0003  0.1102 0 
 42.3560 -0.1258 -0.3549  0.0974  0.1851  0.0106  0.0892  0.0150 -0.0003  0.1569 0 
 43.2319 -0.6876  0.4138  0.0455  0.2370  0.0102  0.3104  0.0190 -0.0003  0.0819 0 
 40.0122  0.6890 -2.6949  0.0009  0.3832  0.0221  0.3621  0.1807 -0.0003  0.1735 0 
 44.7547 -0.6119  2.0283  0.1147  0.6524  0.1943  0.7469  0.0644 -0.0003  0.6015 1 
 39.9634  0.5812 -1.0966  0.0812  0.2904  0.0299  0.2717  0.0621  0.3108  0.9355 1 
 52.7626  0.2219  2.8477  0.0064  0.5754  0.0677  0.3369  0.0569 -0.0003  0.2230 0 
 35.0164 -0.2291 -0.2285  0.0077  0.2258  0.0502  0.1409  0.0030 -0.0003  0.1611 0 
 50.4952  0.6860 -0.1032  0.3747  0.6110  0.0703  0.5110  0.3962 -0.0003  0.9950 1 
 25.1865 -0.6789  3.0584  0.2243  0.3858  0.0149  0.5176  0.2448  0.0137  0.9024 1 
 49.3111  0.0807  3.1138  0.0053  0.3730  0.0149  0.3856  0.0058 -0.0003  0.0827 0 
 41.6602 -0.1293 -0.0422  0.0346  0.1686  0.0600  0.3134  0.1000 -0.0003  0.1858 0 
 50.2052 -0.6513 -2.8627  0.0444  0.4780  0.0316  0.1706  0.0126 -0.0003  0.2624 0 
 47.0069  0.6475  0.2874  0.0040  0.3829  0.0456  0.1735  0.0146 -0.0003  0.2086 0 
 43.1952  0.7894 -1.8180  0.0269  0.2332  0.0294  0.3548  0.0479 -0.0003  0.1064 0 
 35.7946 -0.7996  1.2639  0.0169  0.6706  0.0262  0.3268  0.0143  0.2093  0.5540 0 
 45.5848 -0.0754  2.8006  0.0202  0.1623  0.0497  0.7433  0.0971 -0.0003  0.3006 0 
 33.2464  0.0830 -0.3449  0.0173  0.7035  0.0200  0.2860  0.0275 -0.0003  0.1433 0 
 46.4210  0.7477  0.7830  0.0290  0.3046  0.0528  0.5657  0.0201 -0.0003  0.2544 1 
 35.0103 -0.7655 -2.3625  0.0035  0.3457  0.0699  0.2348  0.1282 -0.0003  0.2964 1 
 47.9927  0.4477  0.0911  0.0239  0.2091  0.0686  0.3020  0.0118 -0.0003  0.1530 0 
 45.1942 -0.4276 -3.0531  0.0085  0.2716  0.0950  0.6573  0.0237 -0.0003  0.2070 0 
 47.4586  0.7813 -2.3251  0.0341  0.1853  0.0370  0.3029  0.0217 -0.0003  0.1070 0 
 45.7954 -0.7901  0.8220  0.0039  0.1221  0.0223  0.2620  0.1149 -0.0003  0.0536 0 
 52.7260 -0.2170  0.9364  0.0557  0.2222  0.0295  0.3369  0.0413 -0.0003  0.1670 0 
 45.2613  0.2275 -2.2315  0.0307  0.1585  0.0094  0.0876  0.0169 -0.0003  0.0714 0 
 45.1637 -0.7561  0.5535  0.0589  0.2050  0.0257  0.5698  0.0247 -0.0003  0.2915 0 
 40.8850  0.7529 -2.5941  0.0386  0.5512  0.0358  0.3600  0.0338 -0.0003  0.2949 0 
 37.3877 -0.7439 -2.6804  0.0046  0.1697  0.0485  0.1383  0.1712 -0.0003  0.2366 0 
 33.2433  0.7342  0.4958  0.0069  0.4187  0.0149  0.1430  0.0272 -0.0003  0.1109 0 
 49.6773 -0.2932  0.6160  0.0043  0.2331  0.0334  0.1710  0.0064 -0.0003  0.0985 0 
 44.4495  0.2866 -2.5509  0.0847  0.3194  0.0309  0.3961  0.1879 -0.0003  0.5977 0 
 46.2593 -0.2311  0.6297  0.2239  0.7100  0.0662  0.3485  0.1810 -0.0003  0.9600 1 
 31.5373  0.2549 -2.5555  0.2913  0.5889  0.0245  0.1452  0.3183 -0.0003  0.9624 1 
 45.3742  0.6847 -0.6365  0.0761  0.5575  0.0297  0.3502  0.1238 -0.0003  0.5525 1 
 43.3631 -0.6777  2.5106  0.2586  0.3432  0.0419  0.5759  0.5494 -0.0003  0.9969 1 
 49.3263  0.1679 -0.8393  0.0108  0.7372  0.1086  0.2998  0.0170 -0.0003  0.2455 0 
 48.4169 -0.1725  2.2966  0.1750  0.2300  0.0767  0.3874  0.1454 -0.0003  0.7849 0 
 48.8624 -0.5591 -1.4255  0.0640  0.3442  0.1375  0.5153  0.2149 -0.0003  0.7056 0 
 45.3101  0.5571  1.7324  0.1928  0.2661  0.0546  0.5255  0.3453 -0.0003  0.9685 0 
 47.0191  0.6258  2.8485  0.0166  0.1892  0.0498  0.4771  0.0701 -0.0003  0.1526 0 
 46.4118 -0.6464 -0.2842  0.0310  0.6822  0.0781  0.7398  0.0351 -0.0003  0.3267 0 
 25.7572 -0.7591  1.8758  0.0054  0.7747  0.0185  0.4626  0.0621  0.1901  0.4037 1 
 24.0787  0.7238 -1.3350  0.2750  0.6638  0.0287  0.0525  0.1800  0.2746  0.9337 1 
 42.4933  0.6278 -0.0324  0.0466  0.0676  0.0245  0.1782  0.0639 -0.0003  0.0581 0 
 31.4305 -0.6432  3.0914  0.0589  0.3413  0.0311  0.1937  0.0224 -0.0003  0.2330 0 
 53.9681 -0.4318  2.0072  0.0673  0.4242  0.1580  0.5024  0.0169 -0.0003  0.3551 0 
 42.0417  0.4022 -1.1864  0.1136  0.6604  0.0190  0.3127  0.0952  0.1413  0.6601 0 
 55.0423  0.1728  1.2710  0.0614  0.6066  0.0145  0.0833  0.0455 -0.0003  0.2009 0 
 49.9306 -0.1658 -1.8799  0.0303  0.0369  0.0422  0.3416  0.0115 -0.0003  0.0705 0 
 58.9334  0.7409 -0.9432  0.0202  0.6866  0.1339  0.4097  0.0286 -0.0003  0.2793 0 
 45.2888 -0.7543  2.2265  0.0230  0.5280  0.0357  0.2628  0.0496 -0.0003  0.2015 0 
 44.1260  0.6112  0.7646  0.0844  0.1736  0.0549  0.4410  0.1033 -0.0003  0.4096 0 
 35.9533 -0.5977 -2.4272  0.0957  0.5692  0.0393  0.3263  0.0834 -0.0003  0.6352 0 
 44.3519  0.2916 -2.4987  0.0583  0.6497  0.0234  0.0881  0.0063 -0.0003  0.2629 0 
 44.1291 -0.3166  0.6133  0.0052  0.1227  0.0728  0.4851  0.0456 -0.0003  0.0941 0 
 49.6925  0.2761  0.3993  0.0482  0.3689  0.1409  0.5986  0.0189 -0.0003  0.3322 0 
 45.0385 -0.2772 -2.6833  0.0774  0.2333  0.2089  0.5263  0.0894 -0.0003  0.4460 0 
 55.1308 -0.5065 -0.3619  0.0047  0.2978  0.0403  0.2082  0.0569 -0.0003  0.1129 0 
 51.0384  0.5195  2.7957  0.0591  0.4778  0.1503  0.6795  0.0845 -0.0003  0.4562 0 
 49.2042  0.0245 -2.2647  0.0072  0.2397  0.0263  0.2572  0.1275 -0.0003  0.1006 0 
 46.5400 -0.0058  0.9055  0.0465  0.6479  0.0211  0.3044  0.0130 -0.0003  0.2399 0 
 50.4585 -0.7746 -1.7750  0.0495  0.6398  0.0357  0.3407  0.1523 -0.0003  0.5471 0 
 34.4457  0.7852  1.3615  0.0228  0.4314  0.0272  0.2831  0.1293 -0.0003  0.2021 0 
 48.9815  0.4978  0.3154  0.0306  0.4849  0.1017  0.3862  0.0157 -0.0003  0.2416 0 
 48.6458 -0.4979 -2.8098  0.0388  0.5788  0.0467  0.3009  0.0928 -0.0003  0.4181 0 
 35.9350 -0.4335 -2.3362  0.0424  0.0579  0.0543  0.1865  0.0237 -0.0003  0.0837 0 
 31.9158  0.4428  0.7963  0.0573  0.6565  0.0116  0.3376  0.0089 -0.0003  0.2320 0 
 46.6773  0.0587 -2.5664  0.4717  0.1666  0.0345  0.2607  0.3684  0.2868  0.9985 1 
 44.7608 -0.0502  0.5533  0.5657  0.3137  0.0213  0.3075  0.2639  0.2315  0.9956 1 
 59.5834 -0.1576 -1.0758  0.0053  0.2674  0.0830  0.2451  0.0204 -0.0003  0.1662 0 
 47.2633  0.1680  2.1339  0.0445  0.7969  0.0213  0.3465  0.0339 -0.0003  0.2665 0 
 45.8473  0.6360  2.0401  0.0031  0.1349  0.0678  0.3492  0.0424 -0.0003  0.0792 0 
 29.0471 -0.6207 -1.1467  0.0466  0.3992  0.0218  0.1983  0.0601 -0.0003  0.1617 0 
 49.0761  0.1738 -2.0550  0.0027  0.2252  0.2562  0.5576  0.0164 -0.0003  0.2008 0 
 45.6580 -0.1500  1.0572  0.1023  0.3535  0.1754  0.4370  0.0749 -0.0003  0.4787 0 
 42.9603 -0.6752 -2.0871  0.1115  0.2285  0.0607  0.5329  0.3278 -0.0003  0.8701 1 
 39.6429  0.7054  1.0875  0.2281  0.3226  0.0313  0.4538  0.1788 -0.0003  0.8687 1 
 47.7882  0.4417  1.6618  0.0289  0.3191  0.0997  0.7774  0.1146 -0.0003  0.4626 0 
 44.8035 -0.4240 -1.4457  0.0185  0.0460  0.0226  0.0878  0.0132 -0.0003  0.0645 0 
 51.6396 -0.7694  2.2029  0.0853  0.5224  0.0399  0.3810  0.0572  0.2597  0.8423 1 
 45.3651  0.7957 -0.9451  0.3791  0.6355  0.0559  0.3940  0.5795  0.2327  0.9988 1 
 57.9690  0.6755  2.8298  0.0001  0.1956  0.1888  0.4525  0.0540 -0.0003  0.1463 0 
 46.6011 -0.7010 -0.2264  0.0404  0.4919  0.0949  0.4782  0.0402 -0.0003  0.2953 0 
 46.8360 -0.6860  1.2253  0.0056  0.2107  0.0584  0.3473  0.0054 -0.0003  0.1129 0 
 46.5949  0.6805 -1.9054  0.0060  0.3280  0.0112  0.3913  0.0560 -0.0003  0.0617 0 
 45.7374 -0.1222 -2.8851  0.0272  0.3252  0.0544  0.1747  0.0226 -0.0003  0.2663 0 
 44.6906  0.1371  0.2186  0.0375  0.1267  0.0595  0.3077  0.0805 -0.0003  0.1338 0 
 46.4698 -0.3938  2.8826  0.0082  0.2664  0.1456  0.8266  0.0969 -0.0003  0.3846 0 
 41.4374  0.4112 -0.2811  0.0827  0.1778  0.0459  0.2242  0.0583 -0.0003  0.2532 0 
 46.5583  0.3866 -2.7887  0.1518  0.2103  0.0349  0.3479  0.1303 -0.0003  0.6214 0 
 44.0711 -0.3744  0.3124  0.1171  0.4629  0.0227  0.1323  0.1585 -0.0003  0.4763 0 
 44.7517  0.1247 -0.3577  0.0673  0.2626  0.1095  0.3515  0.0018 -0.0003  0.2998 0 
 43.0945 -0.1287  2.8141  0.0033  0.5074  0.0117  0.3550  0.0583 -0.0003  0.0791 0 
 44.7303 -0.6413  3.1366  0.0092  0.1652  0.1250  0.3076  0.2016 -0.0003  0.2540 0 
 42.2278  0.6378  0.0043  0.0527  0.1793  0.0687  0.4016  0.0202 -0.0003  0.2124 0 
 47.1778  0.7398 -1.1837  0.0112  0.2164  0.0213  0.2600  0.0179 -0.0003  0.0560 0 
 45.4994 -0.7428  1.9188  0.0135  0.4067  0.0321  0.2187  0.0146 -0.0003  0.1563 0 
 47.0466 -0.5573  3.0642  0.0040  0.3031  0.0198  0.4336  0.0329 -0.0003  0.0787 0 
 43.8422  0.5507 -0.0639  0.0075  0.2015  0.0322  0.2650  0.0286 -0.0003  0.0621 0 
 54.9233  0.7252  1.1372  0.0420  0.4449  0.0174  0.3335  0.0051 -0.0003  0.1803 0 
 48.6336 -0.7250 -2.0132  0.0202  0.4687  0.0225  0.3009  0.0507 -0.0003  0.1238 0 
 53.4310  0.6730  2.5983  0.0264  0.1134  0.0586  0.2519  0.0198 -0.0003  0.0900 0 
 38.9441 -0.6710 -0.5084  0.0076  0.5039  0.0516  0.4104  0.0140 -0.0003  0.1809 0 
 50.3334 -0.0677  1.3693  0.0012  0.0761  0.0323  0.2557  0.0079 -0.0003  0.0511 0 
 47.5776  0.0672 -1.7789  0.1130  0.6773  0.0470  0.3459  0.0904 -0.0003  0.7778 0 
 44.9226  0.3298 -1.2928  0.3449  0.5662  0.0954  0.6145  0.2611  0.5990  0.9998 1 
 40.8240 -0.3171  1.8001  0.6055  0.5631  0.0803  0.5853  0.6016  0.2446  0.9994 1 
 51.3283  0.1238  2.1302  0.1767  0.3047  0.0654  0.3816  0.0639 -0.0003  0.6358 0 
 42.7588 -0.0992 -1.0031  0.1486  0.3739  0.0218  0.4447  0.1711 -0.0003  0.7645 0 
 56.6720 -0.3196  1.4912  0.2414  0.5669  0.1135  0.3309  0.4460  0.0933  0.9955 1 
 47.4800  0.3227 -1.7081  0.0817  0.2030  0.1279  0.7355  0.0836 -0.0003  0.5971 1 
 47.2541 -0.5076 -1.7218  0.0472  0.5349  0.0111  0.2599  0.1340 -0.0003  0.2103 0 
 46.5858  0.5108  1.4259  0.0100  0.2257  0.0180  0.2174  0.0203 -0.0003  0.0550 0 
 39.1241 -0.0007 -1.9818  0.0893  0.4364  0.0216  0.2732  0.0419 -0.0003  0.3067 1 
 33.6522 -0.0294  1.2098  0.1639  0.1443  0.0362  0.3325  0.2707 -0.0003  0.7667 1 
 50.9316  0.5114 -0.7985  0.0490  0.3059  0.0244  0.1700  0.0594 -0.0003  0.1618 0 
 46.6865 -0.5103  2.3316  0.0093  0.4631  0.0258  0.3476  0.0275  0.1332  0.3322 0 
 50.3090  0.6894 -3.0303  0.0118  0.1409  0.1902  0.3836  0.0153 -0.0003  0.1130 0 
 46.4881 -0.6700  0.1293  0.0018  0.5352  0.0173  0.2610  0.0425 -0.0003  0.0930 0 
 45.6031 -0.0827 -2.3689  0.4114  0.7036  0.0544  0.5683  0.1370 -0.0003  0.9347 1 
 45.0874  0.0668  0.7757  0.2651  0.5597  0.0881  0.4385  0.2628  0.1019  0.9807 1 
 35.5566  0.3221  2.2420  0.7731  0.6151  0.0188  0.4676  0.3859 -0.0003  0.9956 1 
 24.2527 -0.2927 -0.8564  0.5614  0.5544  0.0214  0.4190  0.3087  0.2554  0.9969 1 
 41.9104 -0.0152 -0.0732  0.0065  0.3818  0.0869  0.4918  0.1122 -0.0003  0.2286 0 
 30.9789  0.0107  3.0461  0.0233  0.5346  0.0267  0.1946  0.0695 -0.0003  0.1647 0 
 52.1645 -0.5545 -2.6729  0.0716  0.5287  0.1864  0.6757  0.0384 -0.0003  0.4152 0 
 35.4040  0.5656  0.3921  0.0219  0.2725  0.0435  0.1873  0.1306  0.0258  0.3144 0 
 43.4333  0.1619  1.0812  0.1263  0.4052  0.0574  0.3985  0.1109 -0.0003  0.7099 0 
 42.6947 -0.1575 -2.0643  0.0186  0.4120  0.0361  0.3559  0.0827 -0.0003  0.1867 0 
 48.0262 -0.7304 -1.1024  0.0064  0.3668  0.0425  0.1725  0.0280 -0.0003  0.1783 0 
 45.6855  0.7258  2.0697  0.0224  0.6823  0.0248  0.2622  0.0162 -0.0003  0.1801 0 
 45.5573 -0.3458 -0.5883  0.0721  0.2900  0.0338  0.4373  0.1431 -0.0003  0.4897 1 
 38.3062  0.3717  2.4987  0.6399  0.6564  0.0361  0.1832  0.3957  0.2938  0.9979 1 
 55.0027  0.1966  0.9235  0.0120  0.3615  0.1421  0.4584  0.0558 -0.0003  0.2182 0 
 52.5093 -0.1762 -2.2165  0.0259  0.4823  0.0555  0.3373  0.0410 -0.0003  0.2671 0 
 51.7800  0.4283  1.6818  0.0024  0.2065  0.2375  0.3385  0.0765 -0.0003  0.1871 0 
 41.3825 -0.4203 -1.4354  0.0693  0.2029  0.0266  0.2692  0.0986 -0.0003  0.2124 0 
 44.6571  0.6774  0.6716  0.0383  0.6398  0.1452  0.4396  0.1506 -0.0003  0.4797 0 
 43.7995 -0.6930 -2.4838  0.0037  0.6057  0.0421  0.3535  0.0368 -0.0003  0.1717 0 
 48.0629  0.5575 -2.3329  0.0350  0.5936  0.0826  0.6469  0.1533 -0.0003  0.4798 0 
 45.6703 -0.5967  0.8101  0.0215  0.5551  0.1206  0.3059  0.0666 -0.0003  0.2996 0 
 46.2074  0.3223  2.4490  0.0051  0.2933  0.1377  0.3921  0.0086 -0.0003  0.1583 0 
 45.6062 -0.3182 -0.6710  0.0710  0.3047  0.0553  0.3935  0.0263 -0.0003  0.3645 0 
 48.5664 -0.6561 -0.4742  0.0549  0.5546  0.0946  0.5161  0.0181 -0.0003  0.3262 0 
 43.4943  0.6690  2.6699  0.0038  0.6745  0.0102  0.0443  0.0029 -0.0003  0.1550 0 
 43.2502 -0.1364  0.1564  0.9186  0.4609  0.0307  0.3546  0.7666 -0.0003  0.9980 1 
 39.6521  0.1613 -2.9707  0.1196  0.2501  0.0452  0.3630  0.1547 -0.0003  0.6599 1 
 55.2895  0.5339  2.1092  0.4696  0.5613  0.0929  0.5410  0.5209 -0.0003  0.9977 1 
 42.1271 -0.5092 -1.0012  0.6605  0.2672  0.0678  0.7589  0.5504 -0.0003  0.9963 1 
 39.0570 -0.5896  2.5393  0.0381  0.0829  0.0333  0.1367  0.0772 -0.0003  0.0792 0 
 33.5241  0.6144 -0.5833  0.0099  0.4449  0.0198  0.1902  0.0778 -0.0003  0.1166 0 
 42.9572  0.4386  2.0817  0.3286  0.7109  0.1138  0.3109  0.5109  0.2900  0.9984 1 
 28.1559 -0.3604 -1.0910  0.1926  0.4604  0.0101  0.3502  0.4483  0.0370  0.9595 1 
 40.6531 -0.4993  0.7766  0.0834  0.1870  0.0240  0.4057  0.1208 -0.0003  0.3387 0 
 31.7418  0.4818 -2.3605  0.0553  0.6084  0.0194  0.2898  0.1823 -0.0003  0.3926 0 
 47.3091  0.5759  2.0334  0.0251  0.5194  0.0450  0.3031  0.0198 -0.0003  0.2592 0 
 38.8983 -0.5504 -1.1089  0.0175  0.3557  0.0251  0.5018  0.0489 -0.0003  0.1766 0 
 45.8625  0.5423  0.4216  0.0482  0.4493  0.0668  0.3492  0.1254 -0.0003  0.5134 0 
 39.4934 -0.5337 -2.7309  0.1112  0.4087  0.0480  0.3180  0.1672 -0.0003  0.7638 0 
 49.6376 -0.0342  2.4520  0.7962  0.4096  0.0778  0.4705  0.5679 -0.0003  0.9975 1 
 40.2655  0.0792 -0.6719  0.2117  0.4895  0.0732  0.3163  0.1472 -0.0003  0.9174 1 
 53.8094  0.7001 -0.3259  0.0009  0.5022  0.0233  0.3771  0.0651 -0.0003  0.1004 0 
 43.3753 -0.7024  2.8129  0.0193  0.1943  0.0179  0.3544  0.0418 -0.0003  0.0592 0 
 54.7951  0.0279  2.2743  0.0060  0.3246  0.2729  0.3754  0.1249 -0.0003  0.3355 0 
 48.1941 -0.0311 -0.8612  0.0053  0.3921  0.0174  0.3017  0.0330 -0.0003  0.0729 0 
 47.7333 -0.1506  0.3135  0.0218  0.2016  0.0624  0.3888  0.0817  0.1115  0.2893 0 
 46.0426  0.1574 -2.8040  0.0673  0.3075  0.0204  0.3052  0.0705  0.1407  0.5532 0 
 44.3153 -0.1692 -1.1493  0.0038  0.2861  0.0460  0.5286  0.1415  0.1023  0.3434 0 
 40.8423  0.1757  2.0270  0.0471  0.4754  0.0705  0.4052  0.0447 -0.0003  0.3467 0 
 55.5062 -0.1019  1.8395  0.1096  0.5854  0.0813  0.2495  0.2027 -0.0003  0.8962 0 
 44.2634  0.1178 -1.3098  0.1311  0.4455  0.0558  0.3084  0.0911 -0.0003  0.7166 0 
 48.4108 -0.6836  0.8320  0.0016  0.5427  0.1661  0.5165  0.0561 -0.0003  0.2406 0 
 45.1453  0.7067 -2.2762  0.0162  0.3889  0.0551  0.4822  0.0640 -0.0003  0.2241 0 
 44.8066 -0.7714  0.9194  0.3160  0.3576  0.0635  0.2196  0.5883 -0.0003  0.9968 1 
 41.6876  0.7905 -2.2174  0.1133  0.2647  0.0272  0.1791  0.2153 -0.0003  0.5544 1 
 54.8226 -0.2106  0.4654  0.0617  0.3097  0.0408  0.4171  0.0522 -0.0003  0.3403 0 
 47.7577  0.2003 -2.6180  0.0058  0.3089  0.0936  0.6479  0.0811 -0.0003  0.2392 0 
 47.3304 -0.1181  1.4788  0.0000  0.3563  0.0206  0.1299  0.0037 -0.0003  0.1360 0 
 43.3478  0.1191 -1.6381  0.0550  0.1259  0.0162  0.2215  0.0065 -0.0003  0.0631 0 
 50.0984  0.4301 -0.3552  0.0161  0.3500  0.0270  0.2987  0.0208 -0.0003  0.1088 0 
 44.3580 -0.4185  2.7947  0.0049  0.1948  0.0690  0.3963  0.0755 -0.0003  0.1173 0 
 45.2491  0.6928 -1.3328  0.1263  0.3076  0.0542  0.3067  0.1863 -0.0003  0.7784 1 
 39.3072 -0.7182  1.7976  0.4960  0.6425  0.0511  0.5458  0.3737  0.3527  0.9996 1 
 51.2886  0.6707  0.0534  0.0381  0.2880  0.1202  0.4666  0.0385 -0.0003  0.2633 0 
 46.0090 -0.6256 -3.0976  0.0207  0.1532  0.0497  0.3053  0.0236 -0.0003  0.0921 0 
 41.9287 -0.4858  0.2359  0.3218  0.7211  0.0190  0.3576  0.3738 -0.0003  0.9880 1 
 40.0397  0.4851 -2.9333  0.3327  0.5023  0.0618  0.2263  0.3271  0.4156  0.9991 1 
 48.2185  0.6367 -1.9011  0.1065  0.4560  0.0250  0.2585  0.4652 -0.0003  0.8247 1 
 39.8383 -0.6417  1.2058  0.0513  0.1380  0.0384  0.2266  0.0272 -0.0003  0.1020 1 
 46.0578  0.0105  1.6394  0.1783  0.2948  0.0417  0.4360  0.1343 -0.0003  0.7753 1 
 42.4170 -0.0313 -1.5307  0.1226  0.2100  0.0419  0.6684  0.1816 -0.0003  0.8133 1 
 47.0558  0.7842 -2.8784  0.0233  0.2779  0.0298  0.4770  0.0740 -0.0003  0.1852 0 
 44.9683 -0.7826  0.2294  0.0002  0.7401  0.1200  0.5265  0.0505 -0.0003  0.2649 0 
 46.0304  0.2265  2.1669  0.0590  0.4942  0.0421  0.4797  0.0580  0.2243  0.6949 0 
 45.9236 -0.2226 -0.9883  0.0036  0.2707  0.0229  0.3055  0.0425 -0.0003  0.0570 0 
 45.8900  0.6032 -2.9544  0.3827  0.3243  0.0542  0.3055  0.4201 -0.0003  0.9952 1 
 37.9858 -0.6011  0.0933  0.3392  0.4866  0.0934  0.7346  0.3555  0.4351  0.9999 1 
 49.2195  0.5823  2.4668  0.0082  0.6492  0.0871  0.3000  0.0281  0.0847  0.3034 0 
 32.7855 -0.5267 -0.6930  0.0013  0.3172  0.0356  0.2393  0.0969 -0.0003  0.1131 0 
 50.1839  0.5552 -0.4814  0.1630  0.5639  0.0716  0.8956  0.2581 -0.0003  0.9713 1 
 44.4038 -0.5397  2.6691  0.0149  0.8178  0.0570  0.8365  0.0193 -0.0003  0.3169 1 
 48.6458 -0.3395  2.0222  0.0268  0.1967  0.0430  0.3009  0.0084 -0.0003  0.1183 0 
 45.2491  0.3341 -1.1435  0.0001  0.2416  0.0208  0.4381  0.0679  0.0436  0.1182 0 
 46.3416  0.5107 -2.2615  0.0867  0.4959  0.0297  0.3483  0.1197 -0.0003  0.5669 0 
 46.2959 -0.5189  0.9351  0.0079  0.1173  0.0648  0.4355  0.0407 -0.0003  0.0876 0 
 46.2135 -0.6837 -0.9266  0.7775  0.5571  0.0202  0.5228  0.9265 -0.0003  0.9985 1 
 35.8221  0.6816  2.2312  0.4013  0.5889  0.0120  0.2333  0.3343 -0.0003  0.9897 1 
 48.4871  0.7562  1.2753  0.0058  0.1624  0.1336  0.5163  0.1440 -0.0003  0.1911 0 
 43.8300 -0.7582 -1.8364  0.0622  0.3617  0.0585  0.3976  0.0168 -0.0003  0.3613 0 
 47.0741  0.7311 -2.8847  0.0957  0.5480  0.0185  0.4336  0.2425 -0.0003  0.7460 0 
 36.2768 -0.7416  0.2153  0.0706  0.2972  0.0388  0.1860  0.0831 -0.0003  0.3281 0 
 45.1087  0.0387  1.5147  0.0241  0.2551  0.0354  0.5700  0.0677 -0.0003  0.2381 0 
 43.7995 -0.0951 -1.6360  0.1223  0.4255  0.1173  0.4418  0.0848 -0.0003  0.5937 0 
 38.3978 -0.6568  1.7039  0.0332  0.1910  0.0342  0.3204  0.0070 -0.0003  0.1117 0 
 37.7539  0.6537 -1.4455  0.0433  0.4647  0.0190  0.3680  0.0528 -0.0003  0.1970 0 
 47.3060 -0.1519  0.6395  0.0276  0.4862  0.0676  0.4330  0.0176 -0.0003  0.2411 0 
 41.5625  0.1287 -2.5071  0.0102  0.3738  0.0736  0.3584  0.0417 -0.0003  0.1841 0 
 48.2948 -0.6127 -2.1302  0.0289  0.4489  0.0600  0.5599  0.0612 -0.0003  0.3026 0 
 38.5290  0.6125  1.0514  0.0100  0.0518  0.1061  0.2287  0.0034 -0.0003  0.0655 0 
 47.7790  0.3966  0.4785  0.0243  0.7242  0.0398  0.2159  0.1364 -0.0003  0.3576 0 
 44.1749 -0.4064 -2.6501  0.0540  0.2223  0.0168  0.3967  0.1044 -0.0003  0.1971 0 
 50.6355 -0.5456 -0.9305  0.0346  0.2243  0.0445  0.2979  0.0219 -0.0003  0.1488 0 
 43.1922  0.5446  2.2419  0.0030  0.2621  0.0161  0.0887  0.0113 -0.0003  0.1119 0 
 38.8830 -0.1760  1.1287  0.4572  0.7071  0.0675  0.6387  0.3161  0.3565  0.9998 1 
 36.1273  0.2075 -2.0224  0.0773  0.2993  0.0876  0.4656  0.0352 -0.0003  0.4019 1 
 49.9367 -0.2819  0.3552  0.0474  0.5600  0.0118  0.3416  0.1105 -0.0003  0.2230 0 
 42.1271  0.2749 -2.7791  0.0242  0.1462  0.0394  0.3572  0.0638 -0.0003  0.0940 0 
 43.3692 -0.5979 -0.7705  0.6374  0.5717  0.0277  0.4873  0.7282 -0.0003  0.9983 1 
 28.9555  0.5897  2.3132  0.2182  0.4499  0.0420  0.3969  0.3203  0.3163  0.9976 1 
 54.1085 -0.0856  1.4349  0.3650  0.3315  0.1323  0.4603  0.4863 -0.0003  0.9984 1 
 45.5177  0.1183 -1.6868  0.4069  0.4411  0.0255  0.3936  0.4130 -0.0003  0.9940 1 
 48.8258 -0.5922  0.3856  0.0168  0.2664  0.0220  0.2577  0.0175 -0.0003  0.0755 0 
 43.7964  0.5982 -2.7522  0.1837  0.3207  0.0297  0.4418  0.0902 -0.0003  0.6783 0 
 48.6824  0.7407 -2.9358  0.0068  0.5820  0.0916  0.4298  0.0350 -0.0003  0.2054 0 
 39.9054 -0.6941  0.2264  0.0110  0.5691  0.0552  0.3171  0.0585 -0.0003  0.2403 0 
 48.2307 -0.5188 -1.5157  0.0383  0.1087  0.1016  0.2154  0.0325 -0.0003  0.1100 0 
 37.6013  0.5011  1.5938  0.0613  0.6913  0.0456  0.4144  0.0694 -0.0003  0.5287 0 
 39.1730 -0.3420  0.9550  0.0023  0.2239  0.0882  0.1821  0.0276 -0.0003  0.1660 0 
 36.1761  0.1179 -2.2328  0.0202  0.4209  0.1447  0.5119  0.0201 -0.0003  0.2356 0 
 38.7945 -0.4291  2.2131  0.0103  0.4973  0.0138  0.4108  0.0203 -0.0003  0.1064 0 
 31.5465  0.4447 -0.9154  0.0323  0.1446  0.0114  0.2419  0.0335 -0.0003  0.0433 0 
 45.7801 -0.5612 -2.5869  0.0041  0.4695  0.0218  0.2184  0.1518 -0.0003  0.1605 0 
 44.9744  0.5677  0.5564  0.0290  0.1815  0.0466  0.4388  0.0422 -0.0003  0.1516 0 
 47.0039 -0.6782 -1.6267  0.0326  0.5952  0.0805  0.2602  0.0231 -0.0003  0.3164 0 
 46.8269  0.6760  1.4830  0.0913  0.6008  0.1192  0.2605  0.0937 -0.0003  0.6517 0 
 42.6825 -0.4075  2.6641  0.2375  0.3511  0.0963  0.5339  0.3456 -0.0003  0.9905 1 
 30.0603  0.4514 -0.4724  0.1305  0.2216  0.1037  0.2944  0.1152  0.2502  0.8591 1 
 43.1800  0.4782  1.7257  0.0162  0.1164  0.0404  0.1331  0.1159 -0.0003  0.1106 0 
 39.3652 -0.4805 -1.4990  0.0915  0.1961  0.0364  0.3637  0.0434 -0.0003  0.2882 0 
 47.5044  0.6881  2.0379  0.0387  0.5740  0.1392  0.6488  0.0905 -0.0003  0.3684 1 
 35.4223 -0.6789 -1.1356  0.2600  0.6203  0.0183  0.1873  0.2745 -0.0003  0.9263 1 
 52.6955 -0.6297 -2.5285  0.0069  0.4624  0.0655  0.2527  0.0948 -0.0003  0.2924 1 
 46.3294  0.6261  0.6602  0.1272  0.6239  0.1019  0.3483  0.3283 -0.0003  0.9698 1 
 49.6101 -0.2445  0.0544  0.0457  0.5185  0.1161  0.7699  0.1201 -0.0003  0.5223 0 
 49.1493  0.2458 -3.0953  0.0834  0.2565  0.0835  0.3859  0.0953 -0.0003  0.4844 0 
 45.8228  0.6980 -1.6998  0.0075  0.6696  0.0902  0.4366  0.1299 -0.0003  0.3293 0 
 40.4944 -0.7184  1.4479  0.0063  0.4542  0.0721  0.4061  0.0213 -0.0003  0.1733 0 
 56.1013 -0.2114 -1.3429  0.0136  0.3737  0.2888  0.4147  0.1446 -0.0003  0.3957 0 
 44.6418  0.2185  1.7758  0.0055  0.2141  0.2734  0.1758  0.0096 -0.0003  0.1777 0 
 44.6693 -0.1535  2.6057  0.1917  0.4212  0.1492  0.3077  0.0259 -0.0003  0.7250 0 
 43.7598  0.1920 -0.6004  0.0157  0.5248  0.0277  0.2652  0.0135 -0.0003  0.1625 0 
 48.2338 -0.3346 -2.6489  0.0442  0.7663  0.0216  0.2585  0.1293 -0.0003  0.3200 0 
 36.6308  0.3885  0.4730  0.0157  0.2575  0.0522  0.5565  0.0892 -0.0003  0.2290 0 
 41.2634 -0.1928 -3.0310  0.0035  0.4641  0.0162  0.2694  0.0120 -0.0003  0.0914 0 
 38.6908  0.1832  0.1106  0.0912  0.0833  0.0322  0.1827  0.0347 -0.0003  0.0939 0 
 47.0588 -0.0130 -2.5777  0.0434  0.1445  0.0998  0.3902  0.0654 -0.0003  0.1829 0 
 44.4068 -0.0144  0.5541  0.0536  0.2328  0.2669  0.2201  0.0130 -0.0003  0.2527 0 
 42.1027 -0.6051 -1.8702  0.0078  0.6020  0.1161  0.6251  0.1794 -0.0003  0.3910 0 
 40.7691  0.6567  1.2853  0.0638  0.1829  0.0565  0.4954  0.0231 -0.0003  0.2844 0 
 51.3039  0.2523  0.6096  0.0341  0.4425  0.0414  0.3817  0.0543 -0.0003  0.2744 0 
 45.2155 -0.2500 -2.5672  0.0321  0.2701  0.1016  0.5258  0.1140 -0.0003  0.3412 0 
 47.8401  0.6979 -0.9042  0.0089  0.4482  0.1366  0.4318  0.0121 -0.0003  0.2011 0 
 47.7790 -0.6909  2.2397  0.0658  0.2162  0.0228  0.0864  0.0248 -0.0003  0.1885 0 
 47.6967 -0.0153  1.4880  0.4819  0.5781  0.0300  0.3889  0.5583 -0.0003  0.9977 1 
 32.4651  0.0135 -1.6510  0.6682  0.4133  0.0522  0.3839  0.5368  0.3233  0.9991 1 
 46.1677 -0.5628 -0.5936  0.4850  0.5083  0.0627  0.3051  0.3919 -0.0003  0.9966 1 
 45.2186  0.5685  2.5535  0.1443  0.5342  0.0422  0.2191  0.1638  0.4693  0.9977 1 
 46.4118 -0.2338  0.8649  0.0356  0.2619  0.0324  0.5222  0.0735 -0.0003  0.2628 0 
 44.2695  0.2477 -2.2679  0.0022  0.3328  0.1464  0.4406  0.0246 -0.0003  0.1753 0 
 49.5338 -0.7874 -2.4925  0.0081  0.3132  0.0463  0.5135  0.0906 -0.0003  0.1950 0 
 48.8655  0.7962  0.6728  0.0191  0.0325  0.0636  0.3006  0.0131 -0.0003  0.0729 0 
 49.9733 -0.3836  0.5651  0.0401  0.6802  0.2263  0.5977  0.0261 -0.0003  0.3210 0 
 44.6784  0.3570 -2.5719  0.0512  0.6090  0.0988  0.4835  0.0590 -0.0003  0.3563 0 
 48.3436 -0.3682  0.0862  0.1881  0.7550  0.0388  0.6459  0.2849 -0.0003  0.9656 1 
 30.5180  0.3407 -3.0921  0.0360  0.5352  0.0514  0.4397  0.0101  0.3282  0.8049 1 
 47.1595  0.7279 -1.2565  0.1685  0.4423  0.0623  0.6067  0.1385 -0.0003  0.8696 1 
 44.5930 -0.7176  1.8729  0.2870  0.5885  0.0198  0.3958  0.6904 -0.0003  0.9970 1 
 44.2420 -0.1863  1.7290  0.0063  0.2644  0.0296  0.4407  0.0615 -0.0003  0.1011 0 
 39.4446  0.1624 -1.4160  0.0673  0.4928  0.0274  0.2272  0.0136 -0.0003  0.3020 0 
 49.5766 -0.6899 -1.2573  0.0312  0.1373  0.0782  0.2139  0.0120 -0.0003  0.1261 0 
 42.2492  0.6920  1.8547  0.0918  0.3739  0.0227  0.0892  0.0670 -0.0003  0.2630 0 
 45.0629 -0.7440 -0.4439  0.0864  0.4332  0.0405  0.3947  0.0770 -0.0003  0.5442 0 
 43.3051  0.7355  2.6912  0.0073  0.0507  0.0379  0.2659  0.0191 -0.0003  0.0542 0 
 41.8219  0.1132 -1.5065  0.0279  0.3086  0.0755  0.2684  0.0048 -0.0003  0.2374 0 
 40.2533 -0.0633  1.6344  0.0078  0.0575  0.0876  0.1808  0.0547 -0.0003  0.0877 0 
 59.0097  0.6510 -0.5914  0.0111  0.1203  0.0698  0.5324  0.0500 -0.0003  0.1169 0 
 47.0649 -0.6362  2.5430  0.2730  0.1590  0.0376  0.2602  0.2679 -0.0003  0.9053 0 
 56.9528 -0.4117 -2.2353  0.0262  0.1053  0.0383  0.3305  0.1179 -0.0003  0.1043 0 
 39.4568  0.3968  0.9206  0.0137  0.4112  0.0691  0.3181  0.0414 -0.0003  0.2143 0 
 51.2825  0.0213 -1.5945  0.0168  0.2733  0.0359  0.3817  0.0640 -0.0003  0.1267 0 
 50.5043 -0.0063  1.5935  0.0153  0.4544  0.0576  0.4258  0.0486 -0.0003  0.2123 0 
 40.8301  0.8093 -0.6671  0.0044  0.2429  0.0229  0.2701  0.1107 -0.0003  0.0746 0 
 36.9818 -0.7773  2.3834  0.1262  0.6418  0.0345  0.4625  0.0767 -0.0003  0.7540 0 
 45.8076  0.3358  2.2912  0.0385  0.5454  0.0255  0.2620  0.0871 -0.0003  0.2158 0 
 45.1820 -0.3298 -0.8541  0.0367  0.4146  0.0228  0.3944  0.0253 -0.0003  0.1954 0 
 50.8949  0.6305  2.2938  0.0808  0.4644  0.1205  0.5950  0.1451 -0.0003  0.6591 1 
 32.7031 -0.6094 -0.8232  0.1986  0.5586  0.0422  0.4310  0.1287 -0.0003  0.8627 1 
 52.2835  0.5123 -0.8269  0.1746  0.1092  0.0824  0.6331  0.0766 -0.0003  0.6857 0 
 51.8074 -0.5166  2.2513  0.0567  0.3021  0.0813  0.3807  0.0460 -0.0003  0.3379 0 
 39.7375 -0.5617 -2.8773  0.0245  0.4082  0.0382  0.5442  0.0214 -0.0003  0.2476 0 
 38.1476  0.5710  0.2306  0.0053  0.4930  0.0723  0.2293  0.1505 -0.0003  0.4421 0 
 43.8972  0.4037 -0.8954  0.0129  0.5327  0.0481  0.3533  0.1645  0.3122  0.7778 0 
 39.6613 -0.4337  2.2323  0.0626  0.4645  0.1705  0.7714  0.0606 -0.0003  0.4803 0 
 46.8910 -0.2693  0.0482  0.0445  0.4378  0.0292  0.4774  0.0942 -0.0003  0.3833 0 
 39.4080  0.2941 -3.0842  0.1284  0.3341  0.0388  0.2727  0.0992 -0.0003  0.5974 0 
 52.3812 -0.0282 -0.0419  0.0420  0.1506  0.0031  0.1266  0.0305 -0.0003  0.0544 0 
 44.5289  0.0548  3.0782  0.0415  0.3351  0.1426  0.5719  0.0831 -0.0003  0.3707 0 
 51.4687 -0.4523  2.2142  0.1103  0.0880  0.0672  0.2542  0.0956 -0.0003  0.2502 0 
 44.1047  0.4666 -0.9848  0.0494  0.3157  0.0358  0.7057  0.1360 -0.0003  0.5260 0 
 46.2196 -0.2691  0.7747  0.1088  0.1556  0.0282  0.3050  0.1086 -0.0003  0.3227 0 
 45.2338  0.2724 -2.3741  0.1029  0.7719  0.0177  0.4381  0.0991 -0.0003  0.6423 0 
 42.0630 -0.7360 -0.5201  0.0241  0.1167  0.1096  0.3573  0.1811 -0.0003  0.2059 0 
 33.2952  0.7596  2.6503  0.0549  0.3152  0.0358  0.8575  0.1270  0.0848  0.7325 0 
 49.5308  0.5637  1.8243  0.0450  0.2099  0.0749  0.2996  0.0192 -0.0003  0.2092 0 
 41.9196 -0.5590 -1.3106  0.0019  0.4051  0.1108  0.2682  0.0193  0.1605  0.3157 0 
 47.5990 -0.3032 -0.3512  0.0115  0.6448  0.0575  0.3458  0.0416 -0.0003  0.2356 0 
 45.9693  0.3046  2.8165  0.0010  0.2558  0.0268  0.2181  0.1096 -0.0003  0.0885 0 
 51.4809  0.1494 -1.5995  0.0465  0.3172  0.0808  0.1271  0.0607 -0.0003  0.4434 0 
 45.1972 -0.1450  1.5150  0.0042  0.2475  0.0442  0.3068  0.0147 -0.0003  0.0984 0 
 47.9683  0.7882  0.9535  0.0106  0.4105  0.0992  0.5609  0.0089 -0.0003  0.1984 0 
 38.3093 -0.7867 -2.1579  0.0436  0.4407  0.0262  0.3207  0.0239 -0.0003  0.2117 0 
 44.1108 -0.7986 -1.5182  0.0445  0.3630  0.0365  0.3087  0.0403 -0.0003  0.2323 0 
 44.0681  0.7770  1.5923  0.0061  0.6202  0.0479  0.4411  0.0667  0.0998  0.3435 0 
 51.5969  0.7126  2.4576  0.0177  0.6316  0.0426  0.5082  0.0248 -0.0003  0.2296 0 
 40.3174 -0.6813 -0.7020  0.0397  0.4281  0.0513  0.2259  0.1124  0.0531  0.5397 0 
 47.4678  0.7161  1.5869  0.0540  0.2789  0.0337  0.7788  0.2962 -0.0003  0.7347 1 
 37.1679 -0.7195 -1.4751  0.3567  0.3194  0.0928  0.6928  0.5440 -0.0003  0.9984 1 
 48.6061 -0.7839 -0.0148  0.0083  0.2651  0.0855  0.5590  0.0223  0.2230  0.3247 0 
 48.3436  0.7901  3.1108  0.0148  0.4354  0.0726  0.4737  0.0284 -0.0003  0.2002 0 
 45.6153  0.4923  2.1999  0.4181  0.5697  0.1107  0.6120  0.5297 -0.0003  0.9982 1 
 41.1231 -0.5024 -0.9101  0.1579  0.3660  0.0320  0.3145  0.4335  0.1061  0.9592 1 
 53.7545  0.3739 -0.3821  0.0018  0.3376  0.0629  0.5030  0.0710 -0.0003  0.1675 0 
 46.1494 -0.3790  2.7492  0.0014  0.2938  0.0266  0.4794  0.0617 -0.0003  0.1041 0 
 47.2969  0.1916  2.0927  0.0423  0.6939  0.0524  0.4764  0.0915 -0.0003  0.4491 0 
 41.1627 -0.2248 -0.9914  0.2546  0.6398  0.1023  0.4942  0.1686 -0.0003  0.9631 0 
 52.1309 -0.6059 -1.3790  0.0692  0.1740  0.1280  0.5068  0.0881 -0.0003  0.3996 1 
 40.7294  0.6240  1.8121  0.1398  0.3821  0.0421  0.4505  0.1108  0.0672  0.8001 1 
 47.9347 -0.2327  1.5175  0.0096  0.5080  0.0934  0.3453  0.0104 -0.0003  0.1905 0 
 42.2522  0.2746 -1.6932  0.0424  0.4632  0.0235  0.4461  0.0504 -0.0003  0.2824 0 
 43.9826  0.1093  0.1322  0.0078  0.0925  0.0454  0.3531  0.0988 -0.0003  0.0780 0 
 42.3743 -0.1171 -3.0176  0.0111  0.0918  0.0262  0.0891  0.0040 -0.0003  0.0750 0 
 46.5858 -0.6445  2.7392  0.0059  0.4015  0.0434  0.6087  0.0220 -0.0003  0.1892 0 
 44.4190  0.6360 -0.4276  0.0591  0.1532  0.0172  0.3081  0.1768 -0.0003  0.2241 0 
 40.1923 -0.6181 -2.0641  0.1964  0.3185  0.1217  0.3617  0.1343  0.3640  0.9550 0 
 34.5281  0.5960  1.0125  0.2251  0.1013  0.0174  0.2358  0.1382 -0.0003  0.5204 0 
 45.9205  0.7816  2.5345  0.0467  0.3901  0.0463  0.3055  0.0524 -0.0003  0.3106 1 
 45.7099 -0.7775 -0.5739  0.0539  0.6357  0.1774  0.3932  0.0871  0.8451  0.9708 1 
 50.2174  0.1293  2.3332  0.5173  0.3295  0.1924  0.3838  0.5102 -0.0003  0.9987 1 
 41.4008 -0.1103 -0.8075  0.1151  0.6411  0.0402  0.3588  0.4123 -0.0003  0.9421 1 
 47.5380 -0.1369  1.8732  0.0656  0.4935  0.0920  0.5622  0.0612 -0.0003  0.4158 0 
 40.0092  0.1274 -1.2904  0.0025  0.0608  0.0187  0.2716  0.0342 -0.0003  0.0364 0 
 50.9651  0.5301  2.3044  0.0365  0.1968  0.2695  0.3823  0.0104 -0.0003  0.2115 0 
 43.2624 -0.6104 -0.8627  0.1254  0.2790  0.0362  0.3989  0.0540 -0.0003  0.4912 0 
 45.9998  0.1352 -2.8710  0.0113  0.3768  0.0285  0.3053  0.0394 -0.0003  0.1039 0 
 42.9511 -0.1273  0.2561  0.0659  0.1359  0.0282  0.3997  0.2342 -0.0003  0.3689 0 
 51.1299 -0.3792  0.4340  0.0071  0.5354  0.0550  0.3820  0.0097 -0.0003  0.1868 0 
 40.7172  0.3883 -2.6871  0.0970  0.3167  0.0468  0.4505  0.0641 -0.0003  0.5042 0 
 42.1210 -0.1214  0.9043  0.2334  0.6467  0.0453  0.4465  0.4310  0.0507  0.9917 1 
 29.2332  0.1243 -2.2178  0.2280  0.6503  0.0572  0.2969  0.2327  0.4208  0.9979 1 
 49.7017  0.3264  2.9952  0.0112  0.0795  0.0382  0.1710  0.0174 -0.0003  0.0629 0 
 43.9857 -0.3165 -0.1422  0.0590  0.0601  0.0103  0.1765  0.0311 -0.0003  0.0405 0 
 45.2064  0.7247  3.1065  0.1668  0.1287  0.0346  0.1753  0.1103 -0.0003  0.4792 0 
 32.9931 -0.7218 -0.0208  0.0584  0.6322  0.0263  0.2866  0.0754 -0.0003  0.3244 0 
 37.2259  0.5991  1.2853  0.0000  0.4038  0.0555  0.2770  0.0374 -0.0003  0.1645 0 
 35.4070 -0.5822 -1.8197  0.0368  0.0874  0.1837  0.1873  0.0397 -0.0003  0.0825 0 
 50.2022  0.0798  1.4986  0.0087  0.1534  0.0487  0.2985  0.0328  0.0517  0.1182 0 
 49.9153 -0.0683 -1.7055  0.0631  0.2489  0.2415  0.3844  0.0908 -0.0003  0.4103 0 
 35.4955  0.5587 -3.0997  0.0795  0.2037  0.0145  0.2339  0.0932 -0.0003  0.1621 0 
 30.3288 -0.6071  0.0451  0.0580  0.1773  0.0250  0.1958  0.0307  0.2409  0.7494 0 
 50.1167 -0.1191 -1.8757  0.0121  0.6469  0.1953  0.7253  0.0746 -0.0003  0.3030 0 
 37.9400  0.1626  1.2408  0.0058  0.4055  0.0200  0.1837  0.0450 -0.0003  0.1009 0 
 42.3713  0.4929 -3.1328  0.2296  0.5117  0.1113  0.5349  0.3211 -0.0003  0.9911 1 
 39.5819 -0.4816  0.0638  0.2157  0.4016  0.0693  0.4540  0.1529 -0.0003  0.8944 1 
 47.6478 -0.0330  3.0143  0.1344  0.2071  0.0987  0.3458  0.1931 -0.0003  0.8042 0 
 42.0172  0.0107 -0.1139  0.0346  0.4109  0.0188  0.2681  0.0902 -0.0003  0.1475 0 
 44.3061 -0.1412  0.6279  0.0164  0.3867  0.0070  0.2202  0.0582 -0.0003  0.0823 0 
 38.6328  0.1229 -2.4835  0.0519  0.1715  0.1181  0.2742  0.1584 -0.0003  0.4259 0 
 47.0039 -0.1247 -1.8644  0.0301  0.6050  0.0189  0.3470  0.0679 -0.0003  0.1752 0 
 45.2186  0.1334  1.2751  0.1401  0.3642  0.0390  0.2191  0.1451 -0.0003  0.7078 0 
 44.8127 -0.0436  1.4860  0.0312  0.7403  0.0431  0.6588  0.0744 -0.0003  0.3945 0 
 32.9290 -0.0063 -1.6708  0.0263  0.4633  0.0426  0.6213  0.0132 -0.0003  0.2722 0 
 37.8241  0.7712 -2.7047  0.1771  0.2914  0.0343  0.5057  0.1656 -0.0003  0.8362 1 
 37.6165 -0.7862  0.4091  0.0376  0.3257  0.0254  0.2302  0.2335 -0.0003  0.3741 1 
 44.3580 -0.4040  1.9210  0.0318  0.1800  0.0397  0.3963  0.0577 -0.0003  0.1368 0 
 41.6876  0.3868 -1.2191  0.0887  0.4141  0.0525  0.2686  0.1351 -0.0003  0.6721 0 
 45.7221 -0.6022  2.1366  0.0670  0.2250  0.0147  0.3495  0.0322 -0.0003  0.1430 0 
 44.5563  0.6057 -0.9967  0.0313  0.2322  0.1156  0.3079  0.0153 -0.0003  0.1814 0 
 54.2885 -0.4012  0.9485  0.2285  0.2699  0.0699  0.2509  0.1591 -0.0003  0.8805 1 
 36.7224  0.4129 -2.2178  0.6264  0.1556  0.0362  0.3707  0.7193  0.4298  0.9999 1 
 50.7637 -0.0940 -2.7839  0.1272  0.1260  0.1017  0.3402  0.1832 -0.0003  0.6702 0 
 39.4720  0.0804  0.3090  0.0154  0.2167  0.0159  0.2272  0.0485 -0.0003  0.0524 0 
 46.9429  0.1008 -0.5255  0.1913  0.5922  0.0886  0.3905  0.2951  0.6342  0.9994 1 
 44.3397 -0.1164  2.6090  0.7540  0.6311  0.0699  0.2642  0.3643 -0.0003  0.9976 1 
 48.0873 -0.6650  0.9395  0.0467  0.5554  0.0493  0.2587  0.1054  0.1005  0.6612 0 
 45.2003  0.6121 -2.2275  0.0364  0.3130  0.0615  0.3944  0.0756 -0.0003  0.2903 0 
 43.7842 -0.3380  0.8773  0.8274  0.3362  0.0843  0.2651  0.3626 -0.0003  0.9958 1 
 33.3654  0.3378 -2.2826  0.1614  0.7172  0.0571  0.1428  0.1767  0.5030  0.9975 1 
 45.4597  0.3484 -0.3060  0.0040  0.0666  0.0567  0.3500  0.0655 -0.0003  0.0685 0 
 44.4099 -0.3108  2.8584  0.0078  0.5714  0.0246  0.0880  0.1373 -0.0003  0.1721 0 
 51.8502  0.0488  0.6130  0.0295  0.6880  0.2533  0.4652  0.0358 -0.0003  0.3018 1 
 44.7791 -0.0479 -2.5534  0.1353  0.6917  0.0377  0.2636  0.1058  0.2974  0.9468 1 
 43.2532 -0.2823 -2.2500  0.0109  0.6443  0.0717  0.5763  0.1656 -0.0003  0.3813 1 
 38.0987  0.2114  0.9086  0.0860  0.5402  0.0279  0.4588  0.0910 -0.0003  0.6036 1 
 41.6999  0.7500 -0.1299  0.1682  0.7059  0.0127  0.3581  0.3389  0.1466  0.9421 1 
 37.8180 -0.7438  3.0255  0.2634  0.3358  0.0319  0.3678  0.3326 -0.0003  0.9666 1 
 49.2561  0.2441  2.0042  0.0026  0.3917  0.0443  0.3428  0.1085  0.0519  0.2730 0 
 46.6255 -0.2575 -1.1097  0.0116  0.3600  0.0558  0.5651  0.0212  0.0406  0.2368 0 
 48.3650  0.5812 -1.0806  0.0060  0.1616  0.0485  0.1722  0.0063 -0.0003  0.0964 0 
 48.1208 -0.5666  2.0615  0.0092  0.3835  0.1712  0.4742  0.0942 -0.0003  0.2586 0 
 47.6509 -0.2144  1.3497  0.0234  0.5087  0.0953  0.3458  0.0399 -0.0003  0.2491 0 
 39.5239  0.2138 -1.8131  0.0669  0.2907  0.0358  0.3633  0.0718 -0.0003  0.3226 0 
 42.3865 -0.4071  1.7257  0.2010  0.6835  0.0359  0.5349  0.0507 -0.0003  0.8303 1 
 41.9104  0.3998 -1.4036  0.3534  0.8378  0.0433  0.7600  0.2746 -0.0003  0.9777 1 
 44.0497  0.3715  1.3869  0.0290  0.1662  0.0596  0.3088  0.0501 -0.0003  0.1278 0 
 42.5910 -0.3938 -1.7745  0.0016  0.0718  0.0012  0.0445  0.0407 -0.0003  0.0469 0 
 45.4017 -0.6956 -1.6257  0.0094  0.5288  0.0268  0.2626  0.0839 -0.0003  0.1379 0 
 41.6907  0.6873  1.5042  0.0222  0.6764  0.0298  0.3582  0.0790 -0.0003  0.2282 0 
 54.0230 -0.3711  3.0502  0.0136  0.5930  0.0417  0.2930  0.0853 -0.0003  0.2377 0 
 51.4046  0.3655 -0.0947  0.0418  0.2236  0.0054  0.2119  0.0167 -0.0003  0.0652 0 
 49.6040 -0.5850  2.8555  0.0483  0.3809  0.0603  0.4277  0.0776 -0.0003  0.3858 0 
 45.2125  0.5950 -0.3608  0.0237  0.6655  0.1035  0.3505  0.0837 -0.0003  0.3410 0 
 54.8348  0.0643 -2.8390  0.0318  0.3396  0.2167  0.4588  0.0154 -0.0003  0.2608 0 
 45.2491 -0.0330  0.3054  0.1731  0.4791  0.0446  0.2190  0.1519 -0.0003  0.8282 0 
 48.1270  0.2151  2.9616  0.5725  0.4456  0.1943  0.7328  0.6516 -0.0003  0.9988 1 
 41.6571 -0.2223 -0.1561  0.1269  0.3327  0.0450  0.3582  0.2591 -0.0003  0.8417 1 
 44.3061  0.5382 -2.9455  0.0088  0.7917  0.0267  0.4405  0.0851 -0.0003  0.2001 0 
 35.9289 -0.5468  0.2010  0.0315  0.5927  0.0514  0.2797  0.0280 -0.0003  0.3309 0 
 42.2370  0.7807  0.3258  0.0294  0.2565  0.0591  0.5354  0.1541  0.2524  0.6546 1 
 35.4314 -0.7821 -2.7671  0.0595  0.5646  0.0203  0.1404  0.0574 -0.0003  0.2157 1 
 35.9045  0.2546  1.5968  0.0037  0.3851  0.0416  0.2798  0.0772 -0.0003  0.1363 0 
 34.0429 -0.2931 -1.5282  0.0001  0.3161  0.0254  0.3787  0.1736 -0.0003  0.1557 0 
 58.5183 -0.0281 -0.9275  0.0813  0.0391  0.0903  0.1231  0.0737 -0.0003  0.1330 0 
 52.1584  0.0461  2.2055  0.0207  0.1988  0.0454  0.2956  0.0058  0.1568  0.2766 0 
 45.4047 -0.7747 -0.8261  0.0257  0.6067  0.0282  0.2626  0.0234 -0.0003  0.1925 0 
 36.2615  0.7611  2.3381  0.0068  0.2094  0.0211  0.3256  0.0151 -0.0003  0.0537 0 
 47.3091  0.3215 -1.4263  0.2073  0.1560  0.0503  0.5196  0.2788 -0.0003  0.9317 0 
 47.2297 -0.3356  1.7249  0.1883  0.4421  0.0970  0.4332  0.0551 -0.0003  0.7022 0 
 38.3978 -0.6520 -0.6310  0.0010  0.2702  0.0470  0.2747  0.0335 -0.0003  0.0981 0 
 33.1975  0.6708  2.4965  0.0034  0.4333  0.0706  0.1431  0.1094 -0.0003  0.3800 0 
 49.6284 -0.6464 -2.4585  0.0085  0.0973  0.0623  0.3422  0.0327 -0.0003  0.0733 0 
 44.6448  0.6369  0.7122  0.0323  0.6700  0.0150  0.3517  0.0300 -0.0003  0.1666 0 
 46.9245  0.2074  1.2136  0.2055  0.5642  0.0283  0.3037  0.4581 -0.0003  0.9752 1 
 44.5777 -0.2178 -1.9303  0.1921  0.3766  0.0246  0.4398  0.3222  0.2344  0.9918 1 
 45.5909  0.2148 -1.9630  0.0082  0.2139  0.0403  0.2186  0.0959 -0.0003  0.1037 0 
 44.0681 -0.2299  1.1878  0.1158  0.7010  0.0332  0.4411  0.1086 -0.0003  0.7772 0 
 45.1545 -0.3379  1.7753  0.3250  0.3845  0.0544  0.5698  0.2811 -0.0003  0.9861 1 
 42.2950  0.3696 -1.4033  0.0382  0.4051  0.0616  0.3568  0.0278 -0.0003  0.2892 1 
 45.3010 -0.5678  0.0254  0.0009  0.2801  0.1301  0.3941  0.1220 -0.0003  0.1973 0 
 45.2766  0.5783 -3.0631  0.0342  0.6268  0.0329  0.4818  0.0577 -0.0003  0.3333 0 
 45.3223  0.4908  0.3247  0.0164  0.1578  0.0420  0.3065  0.0119 -0.0003  0.0822 0 
 45.2186 -0.5040 -2.7766  0.0529  0.4494  0.0668  0.5696  0.0505  0.1131  0.5663 0 
 49.3416 -0.5836  1.4794  0.0094  0.2597  0.0755  0.2998  0.0325 -0.0003  0.1501 0 
 45.6703  0.6023 -1.6817  0.0106  0.4635  0.0126  0.1748  0.0845 -0.0003  0.1122 0 
 44.1016  0.1538  1.8259  0.0533  0.2459  0.0082  0.2205  0.0986  0.1673  0.5224 0 
 30.1976 -0.1686 -1.2967  0.0468  0.3885  0.0317  0.4411  0.1652  0.2476  0.7944 0 
 33.6004 -0.3144  1.8656  0.5140  0.1528  0.0490  0.2376  0.2912 -0.0003  0.9800 1 
 27.9454  0.3225 -1.1733  0.2719  0.4903  0.0453  0.3510  0.2385  0.3076  0.9963 1 
 54.9996  0.4913 -2.5763  0.0135  0.2160  0.0681  0.3334  0.0167 -0.0003  0.1319 0 
 51.0964 -0.4678  0.5554  0.0200  0.1134  0.0538  0.2123  0.0113 -0.0003  0.0866 0 
 43.7415  0.4592  1.3683  0.0659  0.0604  0.0157  0.2210  0.0225 -0.0003  0.0473 0 
 39.7711 -0.4496 -1.7896  0.0201  0.1255  0.0216  0.2267  0.0074 -0.0003  0.0512 0 
 45.1911  0.7578  2.1251  0.0089  0.4001  0.0580  0.4820  0.0124 -0.0003  0.1775 0 
 44.0497 -0.7622 -1.0151  0.0016  0.1457  0.0333  0.2647  0.0211 -0.0003  0.0518 0 
 43.3997  0.6022  1.8105  0.6195  0.5960  0.0190  0.3543  0.6158  0.0762  0.9982 1 
 26.7430 -0.5924 -1.3222  0.4359  0.7403  0.0281  0.3557  0.3321  0.1312  0.9947 1 
 44.7730 -0.0064 -2.7697  0.0096  0.4497  0.1201  0.2636  0.0049  0.2044  0.3873 0 
 41.5320  0.0159  0.3899  0.0605  0.4407  0.0899  0.6722  0.0637 -0.0003  0.4562 0 
 51.6976  0.5046  2.8958  0.0274  0.2857  0.0348  0.4656  0.0572 -0.0003  0.1998 0 
 43.7201 -0.5162 -0.2641  0.0675  0.3290  0.0346  0.3095  0.0436 -0.0003  0.2906 0 
 50.7271 -0.7289  0.2674  0.0470  0.4491  0.0520  0.5955  0.0497 -0.0003  0.3897 0 
 45.3071  0.7009 -2.8609  0.0271  0.3193  0.0174  0.3941  0.0206 -0.0003  0.1151 0 
 44.4099  0.7966 -2.4632  0.0242  0.3370  0.0307  0.5283  0.0208 -0.0003  0.2151 0 
 29.3126 -0.7944  0.7012  0.0713  0.2532  0.0206  0.1978  0.0280 -0.0003  0.1556 0 
 45.7221  0.3413  2.5853  0.0165  0.3138  0.0638  0.3932  0.0330  0.1795  0.3626 0 
 44.2573 -0.3158 -0.5616  0.0154  0.5674  0.0850  0.3966  0.0400 -0.0003  0.2261 0 
 33.9727 -0.7365 -2.1891  0.2267  0.5941  0.0554  0.5210  0.4201  0.1448  0.9904 1 
 28.3177  0.7402  1.0022  0.0529  0.6227  0.0638  0.3496  0.0693  0.2240  0.7122 1 
 41.4069 -0.2372  0.3101  0.1855  0.4511  0.0602  0.1794  0.2706  0.3421  0.9922 1 
 34.5373  0.2302 -2.7737  0.0092  0.3586  0.0553  0.3301  0.0739  0.4967  0.9549 1 
 47.0344 -0.4893  1.5612  0.0506  0.4056  0.0130  0.3035  0.0401 -0.0003  0.1384 0 
 45.4505  0.4928 -1.5547  0.0826  0.1271  0.0648  0.4376  0.0555 -0.0003  0.2795 0 
 47.1504 -0.3020  1.0050  0.0067  0.1128  0.0349  0.5201 -0.0200 -0.0003  0.0976 0 
 43.3692  0.3151 -2.1421  0.0986  0.3795  0.0096  0.3101  0.1946 -0.0003  0.4127 0 
 47.0710  0.4948 -0.4469  0.0766  0.3626  0.0471  0.3902  0.0411 -0.0003  0.4272 1 
 42.7497 -0.4691  2.7205  0.1736  0.4067  0.1908  0.4447  0.1315  1.0153  0.9981 1 
 48.0323 -0.4210  0.1208  0.0020  0.5152  0.0573  0.2588  0.1409 -0.0003  0.3471 0 
 45.9449  0.4088 -3.0336  0.0328  0.0421  0.0354  0.2618  0.0163 -0.0003  0.0606 0 
 57.0047  0.7561  1.9878  0.0221  0.1844  0.0498  0.2891  0.0156 -0.0003  0.1107 0 
 30.7286 -0.7387 -1.1690  0.0242  0.3064  0.0289  0.5363  0.0435 -0.0003  0.2133 0 
 53.8827  0.6922  0.2221  0.0276  0.4502  0.0358  0.3351  0.1180 -0.0003  0.2811 0 
 52.1645 -0.6929 -2.8771  0.1038  0.2673  0.0576  0.2534  0.0093 -0.0003  0.4251 0 
 48.1270 -0.0801 -0.7083  0.0654  0.7395  0.0395  0.3018  0.0573 -0.0003  0.5163 1 
 47.3396  0.0845  2.4370  0.1369  0.4372  0.0849  0.3463  0.2913 -0.0003  0.9439 1 
 45.2705  0.3433 -2.6502  0.0103  0.1656  0.0282  0.3066  0.0430 -0.0003  0.0534 0 
 36.5820 -0.3041  0.4535  0.0014  0.0146  0.0146  0.1392  0.0207 -0.0003  0.0446 0 
 49.5491  0.5035  2.5580  0.1205  0.5242  0.0401  0.5562  0.1745 -0.0003  0.8484 1 
 36.5362 -0.5040 -0.5520  0.2356  0.5018  0.0744  0.3249  0.1912 -0.0003  0.9566 1 
 41.8860  0.0187 -1.3295  0.0594  0.5206  0.0170  0.0894  0.0118 -0.0003  0.1982 0 
 40.0916 -0.0281  1.7950  0.0757  0.1190  0.0399  0.1357  0.0294 -0.0003  0.1401 0 
 49.7292 -0.6718  0.0119  0.0322  0.5757  0.0798  0.3847  0.0539 -0.0003  0.3025 0 
 47.5715  0.6851 -3.1076  0.0912  0.0935  0.1336  0.5189  0.0641 -0.0003  0.3400 0 
 45.9693  0.0141  1.5474  0.0571  0.1292  0.0230  0.1309  0.0263 -0.0003  0.0847 0 
 42.5788 -0.0242 -1.5972  0.0188  0.4977  0.0165  0.0890  0.0007 -0.0003  0.1792 0 
 48.1361  0.0402 -2.8324  0.0075  0.2958  0.0691  0.3018  0.0164 -0.0003  0.1614 0 
 45.7130 -0.0499  0.3008  0.0080  0.2090  0.0313  0.5243  0.1517 -0.0003  0.1884 0 
 47.7363 -0.6896 -2.8812  0.0628  0.3905  0.0983  0.5184  0.3293 -0.0003  0.8372 0 
 43.0060  0.6965  0.2418  0.0311  0.2686  0.0299  0.3996  0.0388 -0.0003  0.1491 0 
 53.9223 -0.3739  0.9512  0.0054  0.4282  0.1143  0.7120  0.0399 -0.0003  0.2428 0 
 51.4778  0.3762 -2.2281  0.0583  0.4402  0.0237  0.2119  0.0130 -0.0003  0.2218 0 
 61.0269 -0.3945  3.1191  0.0370  0.3468  0.0948  0.4468  0.0169 -0.0003  0.2524 0 
 51.6976  0.3903 -0.0366  0.0043  0.4690  0.0182  0.2116  0.1315  0.0605  0.1876 0 
 47.5135 -0.2603 -1.4107  1.1681  0.5402  0.0271  0.4325  0.8916 -0.0003  0.9980 1 
 33.7652  0.2960  1.7943  0.0453  0.1491  0.0849  0.3322  0.0287  0.4605  0.6813 1 
 49.0974  0.8014 -3.1197  0.0327  0.6240  0.1252  0.6005  0.0335 -0.0003  0.2949 0 
 46.2898 -0.7956  0.0111  0.0084  0.1486  0.0385  0.1306  0.0078 -0.0003  0.0896 0 
 44.5258 -0.7661 -0.0745  0.0110  0.6018  0.0747  0.4839  0.0775 -0.0003  0.2475 0 
 37.3785  0.7871  3.0715  0.0185  0.3697  0.0480  0.3228  0.0317  0.0556  0.2796 0 
 40.1801  0.7239  0.3132  0.0679  0.3263  0.0655  0.4521  0.1800 -0.0003  0.6120 0 
 39.9512 -0.7354 -2.7720  0.0011  0.6331  0.0127  0.4529  0.0743 -0.0003  0.1100 0 
 40.5158 -0.0667  1.2037  0.2718  0.4567  0.0514  0.3158  0.2673 -0.0003  0.9701 1 
 31.9677  0.0600 -1.8950  0.0984  0.5552  0.0435  0.4338  0.2066 -0.0003  0.8371 1 
 45.0324 -0.4117 -1.8485  0.0539  0.4457  0.0740  0.4386  0.0952 -0.0003  0.4432 0 
 40.0824  0.4387  1.2986  0.0094  0.1087  0.0500  0.3620  0.0663 -0.0003  0.0764 0 
 47.0649  0.0035 -0.9140  0.1305  0.7007  0.0349  0.2602  0.1547 -0.0003  0.7875 0 
 44.2237 -0.0164  2.2411  0.0704  0.1539  0.0266  0.2644  0.0114 -0.0003  0.1240 0 
 51.5572  0.7218  1.8392  0.1221  0.3637  0.0338  0.2965  0.0735 -0.0003  0.5297 0 
 48.8258 -0.6988 -1.3471  0.0004  0.5269  0.0327  0.3436  0.1824 -0.0003  0.2674 0 
 54.5418 -0.6965 -3.0896  0.0995  0.2644  0.1045  0.5429  0.2176 -0.0003  0.8201 0 
 44.6113  0.6808  0.0428  0.0197  0.3633  0.0642  0.3957  0.0540 -0.0003  0.2174 0 
 50.8888  0.0449  0.3105  0.0703  0.6303  0.1491  0.5950  0.0569  0.1419  0.6496 0 
 46.2470 -0.0522 -2.8224  0.0206  0.7861  0.1013  0.5227  0.0148 -0.0003  0.2892 0 
 45.1240  0.8052 -0.6911  0.1477  0.6321  0.0216  0.3946  0.3515 -0.0003  0.9162 1 
 27.5395 -0.7154  2.5022  0.1095  0.5661  0.0345  0.5037  0.1573 -0.0003  0.8082 1 
 50.6325 -0.4211 -1.5736  0.3937  0.3181  0.1029  0.2979  0.4044 -0.0003  0.9970 1 
 47.1351  0.4096  1.5887  0.4607  0.6679  0.0434  0.4768  0.7473 -0.0003  0.9984 1 
 51.2947 -0.2628 -2.9618  0.0717  0.0319  0.0116  0.1272  0.0344 -0.0003  0.0455 0 
 49.1737  0.3061  0.1633  0.0136  0.1085  0.0484  0.2572  0.0744 -0.0003  0.0734 0 
 44.9836  0.7153 -0.5380  0.0993  0.5382  0.0569  0.3071  0.0920 -0.0003  0.7046 1 
 39.6033 -0.7431  2.5876  0.0037  0.5155  0.0376  0.4539  0.0063  0.1110  0.2815 1 
 47.1015 -0.3266  0.8002  0.1641  0.1898  0.0717  0.1301  0.3270 -0.0003  0.8416 1 
 45.4627  0.3351 -2.3333  0.2506  0.2992  0.1875  0.7001  0.3419 -0.0003  0.9940 1 
 48.9296 -0.5743 -1.2770  0.2191  0.5597  0.0588  0.3005  0.2823  0.3566  0.9966 1 
 30.5119  0.5513  1.8906  0.1899  0.3657  0.0506  0.3420  0.2120  0.4884  0.9988 1 
 45.8778 -0.0106  2.2995  0.0521  0.1236  0.0464  0.3929  0.1215 -0.0003  0.2114 0 
 33.1579  0.0255 -0.8648  0.0115  0.5278  0.0143  0.1908  0.0909 -0.0003  0.1223 0 
 54.7616 -0.7462  0.6160  0.0074  0.4639  0.0957  0.6258  0.1215 -0.0003  0.2818 0 
 36.7224  0.7456 -2.5397  0.0168  0.5992  0.0217  0.3244  0.0295 -0.0003  0.1384 0 
 50.2022 -0.1456 -2.1113  0.0027  0.1841  0.0279  0.1279  0.0181 -0.0003  0.0753 0 
 44.7211  0.1581  1.0136  0.0112  0.6934  0.0136  0.3515  0.0357 -0.0003  0.1148 0 
 42.7955  0.4768 -0.1040  0.3771  0.5435  0.0313  0.4001  0.4310 -0.0003  0.9947 1 
 39.8260 -0.4878  3.0633  0.0148  0.3567  0.0490  0.5439  0.1391  0.2551  0.6224 1 
 44.1810  0.4156  1.2411  0.1417  0.3849  0.0142  0.2645  0.0309 -0.0003  0.3537 0 
 43.1464 -0.4033 -1.9365  0.0306  0.3784  0.0617  0.4880  0.0267 -0.0003  0.2576 0 
 48.6946  0.3988 -3.0545  0.0014  0.2205  0.3127  0.3868  0.0535 -0.0003  0.2076 0 
 45.4963 -0.3872  0.0769  0.0327  0.1229  0.1307  0.4374  0.0104  0.6858  0.6413 0 
 50.1198 -0.6620 -2.8060  0.0277  0.2970  0.0929  0.4693  0.0528 -0.0003  0.2408 0 
 46.5675  0.6387  0.3756  0.0482  0.2618  0.0977  0.5652  0.1314 -0.0003  0.4588 0 
 47.0100 -0.6214  0.8270  0.0071  0.3993  0.1494  0.4337  0.0527  0.3376  0.4870 0 
 37.8271  0.5953 -2.3276  0.0045  0.4565  0.0665  0.5057  0.0506 -0.0003  0.1810 0 
 49.9001 -0.3391 -2.0768  0.0591  0.2383  0.0340  0.2990  0.0561 -0.0003  0.1994 0 
 44.7608  0.3315  1.0725  0.0081  0.0944  0.0132  0.1757  0.0281 -0.0003  0.0376 0 
 48.1086  0.4293  1.3620  0.4028  0.5107  0.0338  0.3018  0.6118 -0.0003  0.9976 0 
 45.2674 -0.4372 -1.7543  0.0665  0.0579  0.0435  0.2628  0.0070 -0.0003  0.0828 0 
 54.9569  0.3216  0.3379  0.2634  0.5250  0.0330  0.2501  0.3707 -0.0003  0.9774 0 
 50.3059 -0.3241 -2.8368  0.1949  0.6843  0.0558  0.2557  0.1890 -0.0003  0.9423 0 
 47.9194  0.1157 -0.1637  0.0280  0.4543  0.1665  0.5610  0.0706 -0.0003  0.3004 0 
 46.2776 -0.1116  3.0125  0.1643  0.4473  0.0261  0.3484  0.1747 -0.0003  0.7735 0 
 41.6785 -0.2202  0.6532  0.2344  0.1278  0.0419  0.3582  0.2181 -0.0003  0.8512 1 
 37.4060  0.2010 -2.5542  0.3745  0.2707  0.0274  0.3689  0.0953  0.1893  0.9459 1 
 57.5509 -0.5257  2.2660  0.0296  0.6166  0.0166  0.1648  0.1319  0.1423  0.4317 0 
 47.7424  0.5265 -0.8795  0.0787  0.3490  0.0742  0.3456  0.2228 -0.0003  0.7431 0 
 51.8685  0.6558  1.6232  0.0156  0.2521  0.0270  0.2960  0.0436 -0.0003  0.0748 0 
 39.5178 -0.6203 -1.5130  0.0484  0.5338  0.1314  0.4542  0.1132 -0.0003  0.4056 0 
 46.8360  0.1232  2.1157  0.0108  0.3903  0.0805  0.3039  0.0097 -0.0003  0.1978 0 
 37.9309 -0.1557 -0.9927  0.0121  0.4266  0.0247  0.4134  0.0301  0.0562  0.2278 0 
 46.3569 -0.3612 -1.8442  0.0554  0.1831  0.1536  0.2612  0.1519 -0.0003  0.4813 0 
 38.8495  0.3604  1.2664  0.0271  0.3757  0.0244  0.2738  0.0141 -0.0003  0.1354 0 
 57.5998 -0.0334  0.7466  0.0094  0.1149  0.0641  0.2472  0.0877 -0.0003  0.0918 0 
 40.8606  0.0398 -2.3868  0.2147  0.7120  0.0906  0.2250  0.0107 -0.0003  0.8975 0 
 49.2500  0.3601  1.5305  0.0012  0.7157  0.0702  0.6000  0.0347 -0.0003  0.2264 1 
 44.0803 -0.3528 -1.5929  0.0494  0.3333  0.1286  0.4852  0.0546 -0.0003  0.3303 1 
 45.4383  0.3520  2.6854  0.0394  0.4018  0.0297  0.3501  0.0235 -0.0003  0.2139 0 
 44.1169 -0.3461 -0.4560  0.0130  0.3451  0.0255  0.3528  0.0204 -0.0003  0.1032 0 
 49.8146  0.0254 -0.5324  0.2504  0.4612  0.1202  0.5127 -0.0200  0.2058  0.8434 0 
 40.6683 -0.0536  2.6014  0.1923  0.1533  0.0498  0.2254  0.1249 -0.0003  0.6698 0 
 46.9520 -0.7444  0.9753  0.0007  0.4534  0.0407  0.2603  0.0406 -0.0003  0.1419 0 
 45.4719  0.7734 -2.2247  0.0512  0.6030  0.0166  0.2625  0.0449 -0.0003  0.1933 0 
 49.1707  0.0375 -0.3536  0.0529  0.1910  0.0977  0.4287  0.0467  0.5790  0.8135 0 
 46.9245 -0.0305  2.7925  0.0504  0.5577  0.1618  0.6509  0.0980 -0.0003  0.4148 0 
 36.9543  0.0679 -1.0472  0.5189  0.3396  0.0419  0.3238  0.6182 -0.0003  0.9979 1 
 24.3534 -0.0882  2.1237  0.1869  0.1637  0.0163  0.2092  0.1440  0.2288  0.9655 1 
 58.8846 -0.2832 -1.4538  0.0338  0.0219  0.0722  0.0819  0.0013 -0.0003  0.1182 0 
 46.4302  0.2861  1.7041  0.0128  0.5104  0.0203  0.1306  0.0031 -0.0003  0.1730 0 
 48.8563 -0.6837 -2.6615  0.0670  0.7027  0.0513  0.2147  0.0991  0.2398  0.7636 0 
 25.7542  0.6724  0.4488  0.1155  0.5884  0.0201  0.4627  0.1546 -0.0003  0.7487 0 
 48.3833 -0.6122 -1.2654  0.0159  0.6833  0.0302  0.5597  0.0804 -0.0003  0.2865 0 
 45.1026  0.6015  1.8817  0.1036  0.6299  0.0457  0.3946  0.1633 -0.0003  0.8303 0 
 48.0049  0.5037 -2.1800  0.0253  0.4830  0.0308  0.3451  0.0407 -0.0003  0.1862 0 
 35.4559 -0.5204  0.9685  0.0369  0.7172  0.0415  0.3276  0.0179 -0.0003  0.3417 0 
 50.0832 -0.4018  2.1561  0.0659  0.0973  0.1370  0.3414  0.0374 -0.0003  0.1430 0 
 43.6347  0.3871 -0.9883  0.0218  0.2712  0.0228  0.3980  0.0667 -0.0003  0.1110 0 
 42.9084  0.2965 -0.3619  0.0142  0.1660  0.0436  0.3110  0.0441 -0.0003  0.0790 0 
 38.8617 -0.3192  2.7891  0.0200  0.1685  0.0114  0.2738  0.0184 -0.0003  0.0424 0 
 45.0477  0.6528  2.5739  0.1618  0.3190  0.1321  0.4386  0.1881 -0.0003  0.8928 0 
 40.0824 -0.6521 -0.6058  0.0139  0.3943  0.0345  0.3167  0.0693 -0.0003  0.1407 0 
 35.5840  0.5421  1.8866  0.2860  0.6094  0.0472  0.3273  0.1422 -0.0003  0.9016 1 
 18.5550 -0.5394 -1.1954  0.1386  0.0923  0.0194  0.4002  0.1475 -0.0003  0.4122 1 
 44.9073  0.1989 -1.3826  0.0002  0.1776  0.1060  0.7023  0.0596 -0.0003  0.1889 0 
 41.9226 -0.1824  1.7735  0.0337  0.0927  0.0660  0.2235  0.0396 -0.0003  0.0939 0 
 44.9775  0.2690 -2.4620  0.6841  0.6703  0.0379  0.3510  0.2766 -0.0003  0.9954 1 
 44.7333 -0.2514  0.7746  0.0368  0.2482  0.1237  0.2197  0.1060 -0.0003  0.3751 1 
 47.2511 -0.0846  0.4356  0.0237  0.5120  0.0482  0.3032  0.0081 -0.0003  0.2640 0 
 37.7142  0.0961 -2.6995  0.0329  0.1244  0.0130  0.1380  0.0034 -0.0003  0.0567 0 
 34.7326 -0.5458 -1.8099  0.6412  0.3776  0.0404  0.2824  0.4891  0.4224  0.9995 1 
 34.1100  0.4928  1.3567  0.1581  0.2578  0.0511  0.3312  0.1580  0.4174  0.9955 1 
 47.6997 -0.3716 -1.0155  0.3590  0.7148  0.0349  0.4321  0.4600 -0.0003  0.9954 1 
 33.8933  0.3853  2.1270  0.1806  0.4256  0.0688  0.4266  0.2549  0.4230  0.9975 1 
 54.5388 -0.6681 -2.8369  0.0323  0.6653  0.0303  0.3758  0.1491 -0.0003  0.4127 0 
 47.0558  0.6643  0.3053  0.0686  0.3817  0.0237  0.2602  0.0010 -0.0003  0.2592 0 
 50.9895 -0.1953 -2.3017  0.1683  0.1832  0.0724  0.4248  0.3741 -0.0003  0.9479 0 
 47.4922  0.1568  0.8406  0.1622  0.5021  0.0950  0.2163  0.2460 -0.0003  0.9520 0 
 44.2206  0.0436 -2.0739  0.0150  0.3053  0.0241  0.3967  0.0455 -0.0003  0.1006 0 
 38.8495 -0.0352  1.0580  0.0894  0.4070  0.0486  0.4107  0.0629 -0.0003  0.5292 0 
 48.3070  0.2554 -1.1019  0.0737  0.4139  0.0153  0.2153  0.0781 -0.0003  0.2035 0 
 42.2034 -0.2817  2.0372  0.0407  0.2272  0.2663  0.4016  0.0618  1.1455  0.8972 0 
 50.9651 -0.0622 -1.5769  0.0093  0.3852  0.2157  0.4248  0.0610 -0.0003  0.2505 0 
 50.6691  0.1067  1.5804  0.0352  0.4282  0.0471  0.2553  0.0649 -0.0003  0.2930 0 
 49.0547 -0.4650 -0.1003  0.0482  0.1180  0.0338  0.4290  0.1275 -0.0003  0.1940 0 
 48.7160  0.4598  3.0290  0.0121  0.6267  0.0547  0.4298  0.0731 -0.0003  0.2461 0 
 47.5502 -0.6448 -2.6582  0.0054  0.1194  0.0196  0.4325  0.0583 -0.0003  0.0555 0 
 45.9174  0.6469  0.4829  0.0210  0.2420  0.0435  0.3491  0.0550 -0.0003  0.1314 0 
 49.2409 -0.1315 -0.8186  0.0172  0.8631  0.0800  0.7285  0.0587 -0.0003  0.3702 0 
 48.1392  0.1221  2.3294  0.0464  0.7701  0.0427  0.3880  0.1415 -0.0003  0.6146 0 
 41.6999  0.3644  2.4246  0.6747  0.3690  0.0331  0.3133  0.6578 -0.0003  0.9979 1 
 34.6532 -0.3980 -0.7417  0.1759  0.9187  0.0344  0.3297  0.2625  0.2431  0.9374 1 
 44.6021  0.5846  3.0967  0.0220  0.3565  0.0578  0.1759  0.0075  0.1378  0.4263 0 
 43.9307 -0.5603 -0.0442  0.0209  0.3363  0.0417  0.3090  0.0678 -0.0003  0.1680 0 
 46.2226 -0.2504  1.3428  0.0640  0.2800  0.0222  0.3485  0.1229 -0.0003  0.2888 0 
 38.7549  0.2588 -1.8221  0.0013  0.4413  0.0459  0.2740  0.0938 -0.0003  0.1774 0 
 39.6002  0.3591 -2.2238  0.4928  0.4700  0.0407  0.4540  0.5559 -0.0003  0.9977 1 
 29.6147 -0.3923  0.8998  0.0909  0.4522  0.0264  0.2957  0.1245  0.3725  0.9917 1 
 53.5470  0.5759  1.6054  0.2661  0.5180  0.2983  0.4615  0.3856  0.8089  0.9963 1 
 46.2257 -0.5614 -1.5723  0.1562  0.6664  0.0559  0.6099  0.3138 -0.0003  0.9686 1 
 48.4657  0.5715 -2.2109  0.0049  0.1769  0.0392  0.2582  0.0163 -0.0003  0.0684 0 
 42.4903 -0.5685  0.9261  0.0314  0.1902  0.0062  0.1336  0.0182 -0.0003  0.0640 0 
 52.1187 -0.6380 -1.3668  0.0405  0.4848  0.2052  0.5914  0.0877 -0.0003  0.3557 0 
 37.4273  0.6192  1.7976  0.1710  0.6491  0.0307  0.2766  0.1126 -0.0003  0.7662 0 
 48.7434 -0.0997  1.6076  0.0102  0.5274  0.0456  0.3437  0.0062  0.1396  0.3697 0 
 46.7628  0.0942 -1.5179  0.0301  0.2797  0.0986  0.4777  0.0444 -0.0003  0.2393 0 
 50.0282 -0.5787 -2.2122  0.0022  0.3009  0.0693  0.2988  0.1070 -0.0003  0.1907 0 
 44.4984  0.5777  0.9237  0.0621  0.0617  0.0203  0.2200  0.0722 -0.0003  0.0600 0 
 51.4961 -0.2373  0.5450  0.0396  0.1565  0.0403  0.2966  0.0936 -0.0003  0.1384 0 
 23.6118  0.2356 -2.5707  0.1064  0.3847  0.0194  0.3169  0.0900  0.1057  0.6388 0 
 46.7903  0.2810  1.1776  0.0502  0.1864  0.0295  0.1737 -0.0200 -0.0003  0.1704 0 
 46.1799 -0.2755 -1.9346  0.0351  0.6565  0.1493  0.4793  0.0397 -0.0003  0.3084 0 
 47.1168 -0.2868  1.4700  0.0326  0.1236  0.0239  0.2601  0.0408 -0.0003  0.0545 0 
 46.3447  0.2871 -1.6792  0.0813  0.2898  0.0471  0.2612  0.0236 -0.0003  0.3513 0 
 45.6214  0.5972  1.5320  0.0274  0.2879  0.0243  0.3060  0.0130  0.3082  0.8877 1 
 40.7263 -0.6290 -1.6101  0.4586  0.5998  0.0256  0.3154  0.4595 -0.0003  0.9968 1 
 49.5003  0.6811 -0.6678  0.0031  0.4793  0.0720  0.2996  0.0073  0.1254  0.2978 0 
 44.8218 -0.6976  2.5155  0.0055  0.2306  0.0649  0.4831  0.1313 -0.0003  0.1882 0 
 47.1626  0.3821 -0.3630  0.0214  0.4724  0.0383  0.1734  0.0356 -0.0003  0.2212 0 
 40.6256 -0.3855  2.7653  0.1298  0.2326  0.0299  0.2705  0.1649  0.2033  0.8859 0 
 39.8413 -0.4563  0.8265  0.1997  0.4174  0.0228  0.2719  0.3547 -0.0003  0.9122 1 
 37.6226  0.4956 -2.3231  0.2813  0.4702  0.0376  0.2762  0.4534 -0.0003  0.9907 1 
 48.6915  0.0132  1.4969  0.0208  0.4737  0.0598  0.3008  0.0187 -0.0003  0.2522 0 
 44.8524 -0.0434 -1.6816  0.0532  0.1612  0.0169  0.1317  0.0235 -0.0003  0.0877 0 
 51.0445  0.3516 -1.9880  0.0110  0.2525  0.0452  0.4671  0.0754 -0.0003  0.1566 0 
 37.3358 -0.3447  1.1442  0.0169  0.4778  0.0310  0.2307  0.0043 -0.0003  0.1933 0 
 54.6304  0.2305 -2.4814  0.0115  0.1624  0.2921  0.4592  0.0047 -0.0003  0.1682 0 
 45.3132 -0.2035  0.6379  0.0087  0.0944  0.0310  0.5693  0.0198 -0.0003  0.0973 0 
 43.6561  0.2398  1.0299  0.1032  0.2673  0.0501  0.2653  0.1003 -0.0003  0.5254 1 
 38.1842 -0.2523 -2.1486  0.6025  0.4168  0.0468  0.5043  0.5552  0.3729  0.9998 1 
 44.5716 -0.5304 -0.1332  0.0226  0.3993  0.0185  0.2639  0.0278 -0.0003  0.1041 0 
 41.9013  0.5604  3.0325  0.0678  0.3696  0.0743  0.5812  0.1920 -0.0003  0.6722 0 
 45.7465  0.1327  2.7064  0.0076  0.2991  0.0559  0.4805  0.1230 -0.0003  0.2139 0 
 39.6551 -0.1443 -0.4571  0.0706  0.1960  0.0851  0.2723  0.1551 -0.0003  0.5078 0 
 50.2022 -0.5800  2.1552  0.0080  0.3486  0.1157  0.4691  0.0281 -0.0003  0.1802 0 
 46.1402  0.6072 -1.0166  0.0233  0.5240  0.0348  0.3051  0.0911 -0.0003  0.2291 0 
 48.6213  0.2796  1.6111  0.2225  0.2524  0.0415  0.4299  0.3001 -0.0003  0.9497 0 
 40.2441 -0.2769 -1.5167  0.1868  0.4181  0.0287  0.3616  0.2537 -0.0003  0.8873 0 
 48.1178  0.2475 -0.6316  0.0121  0.2749  0.0377  0.3880  0.0622 -0.0003  0.1195 0 
 41.8280 -0.2516  2.5385  0.0988  0.3494  0.0650  0.6710  0.0497 -0.0003  0.5734 0 
 42.9114 -0.2236  2.9827  0.1285  0.0972  0.0069  0.0889  0.0048 -0.0003  0.1166 0 
 42.6001  0.2240 -0.1753  0.0193  0.2038  0.0396  0.3561  0.0162 -0.0003  0.1051 0 
 47.5532 -0.4420 -1.8340  0.1069  0.3224  0.1696  0.3892  0.2003  0.4563  0.9561 1 
 45.5879  0.4463  1.3018  0.3160  0.3827  0.0447  0.3498  0.2158  0.2304  0.9872 1 
 44.4312 -0.5460  1.5808  0.0381  0.2562  0.0750  0.4842  0.0836 -0.0003  0.3066 0 
 38.7488  0.5512 -1.5561  0.0024  0.3015  0.0515  0.5480  0.0417 -0.0003  0.1581 0 
 45.7649 -0.8004 -2.5986  0.0121  0.3786  0.0761  0.3931  0.1108 -0.0003  0.2507 0 
 40.9735  0.7636  0.4624  0.0160  0.1394  0.0851  0.4048  0.0659 -0.0003  0.1121 0 
 46.7079 -0.5270  1.6056  0.0060  0.4682  0.0836  0.4345  0.0150 -0.0003  0.1731 0 
 33.2311  0.5537 -1.5067  0.0527  0.7459  0.0816  0.2860  0.0695 -0.0003  0.5256 0 
 44.1840  0.6909 -0.8714  0.0083  0.2101  0.0934  0.2645  0.0700 -0.0003  0.1472 0 
 44.0772 -0.6872  2.2802  0.0545  0.1838  0.0443  0.1764  0.0659 -0.0003  0.1971 0 
 45.7069  0.4240 -2.7386  0.0143  0.5571  0.0321  0.5243  0.0549 -0.0003  0.2245 0 
 42.1210 -0.4264  0.4048  0.0751  0.2963  0.0285  0.2232  0.1761 -0.0003  0.4218 0 
 48.6183 -0.0231  2.6956  0.1344  0.6556  0.0430  0.1720  0.0866  0.2106  0.8102 0 
 44.3732  0.0370 -0.4840  0.0880  0.1030  0.0512  0.3963  0.1269 -0.0003  0.3049 0 
 47.8798 -0.4875 -2.7922  0.0160  0.3215  0.0167  0.2158  0.0396 -0.0003  0.0798 0 
 44.9409  0.4886  0.3617  0.0410  0.1062  0.0388  0.2194  0.0717 -0.0003  0.0856 0 
 41.8982 -0.6522  0.2881  0.0194  0.1720  0.0997  0.4024  0.0146 -0.0003  0.1235 0 
 41.7334  0.6463 -2.8967  0.0102  0.2813  0.0790  0.7161  0.2095 -0.0003  0.3967 0 
 51.3344  0.0690 -2.2681  0.1679  0.0780  0.0616  0.2968  0.1501  0.1364  0.7362 0 
 46.7384 -0.1036  0.8633  0.0368  0.2408  0.0425  0.3475  0.0380 -0.0003  0.1684 0 
 47.0649 -0.5249  1.2118  0.0914  0.3663  0.0191  0.3035  0.0793  0.1692  0.6919 0 
 46.7689  0.5135 -1.9251  0.0005  0.3543  0.0268  0.2606  0.0428 -0.0003  0.0777 0 
 46.3386 -0.6436 -0.5350  0.0137  0.1659  0.0211  0.1306 -0.0200 -0.0003  0.0986 0 
 45.9113  0.6347  2.5897  0.0358  0.6170  0.0913  0.6546  0.1108  0.3993  0.8389 0 
 47.4922  0.4523 -1.5751  0.0334  0.5253  0.0530  0.2163  0.0867 -0.0003  0.4030 0 
 45.9602 -0.4236  1.5481  0.0240  0.1552  0.0584  0.3054  0.1497 -0.0003  0.1980 0 
 47.0100 -0.1161 -0.4879  0.0024  0.2278  0.0367  0.2602  0.0289 -0.0003  0.0698 0 
 39.8321  0.0957  2.6538  0.1015  0.3206  0.0201  0.3173  0.1605 -0.0003  0.4807 0 
 40.1923  0.7772 -1.5319  0.0056  0.2383  0.0283  0.2260  0.0229 -0.0003  0.0672 0 
 37.8668 -0.7975  1.6769  0.0296  0.0655  0.0622  0.3217  0.0124 -0.0003  0.0797 0 
 44.3000 -0.7540 -1.4713  0.0893  0.5803  0.0361  0.3084  0.0855 -0.0003  0.5859 0 
 41.4221  0.7706  1.6763  0.0826  0.1363  0.0173  0.1345  0.0693 -0.0003  0.1277 0 
 50.0465 -0.5288  2.8766  0.0171  0.2336  0.0475  0.2987  0.1055 -0.0003  0.1571 0 
 48.2521  0.5077 -0.2039  0.0495  0.7176  0.1037  0.3877  0.0136  0.0558  0.3721 0 
 45.6886 -0.2981  1.2380  0.2445  0.3176  0.0187  0.3496  0.3413 -0.0003  0.9352 1 
 38.5779  0.3152 -1.8845  0.5126  0.4121  0.1475  0.4115  0.4724  0.8896  0.9999 1 
 50.5928 -0.3315  1.6568  0.0584  0.4414  0.0364  0.3405  0.0108 -0.0003  0.3464 0 
 49.6315  0.3947 -1.4846  0.0952  0.2716  0.1964  0.3849  0.0447  0.2860  0.6724 0 
 54.1237 -0.7560  1.1937  0.0217  0.5074  0.0832  0.5021  0.0512 -0.0003  0.2490 0 
 48.6763  0.7595 -1.9225  0.0200  0.2643  0.0166  0.2149  0.0556 -0.0003  0.0727 0 
 50.9377  0.5698 -0.5026  0.1923  0.4190  0.1242  0.5098  0.1159 -0.0003  0.8128 0 
 41.4313 -0.6065  2.6125  0.0179  0.4549  0.0425  0.2691  0.0578 -0.0003  0.2010 0 
 54.6426  0.2577 -2.8095  0.0135  0.2979  0.0716  0.3339  0.0073 -0.0003  0.1749 0 
 48.2887 -0.2591  0.3113  0.0137  0.4107  0.0237  0.2585  0.0251 -0.0003  0.1089 0 
 48.8014  0.4884 -0.1206  0.0232  0.4628  0.0305  0.2148  0.0056 -0.0003  0.2031 0 
 47.4556 -0.4917  3.0059  0.0071  0.1218  0.0707  0.3894  0.0705 -0.0003  0.0891 0 
 46.2226 -0.8264  1.6888  0.0255  0.4064  0.1247  0.3049  0.0103 -0.0003  0.2217 0 
 29.6971  0.7462 -1.5397  0.0009  0.3370  0.0640  0.1477  0.0584 -0.0003  0.2467 0 
 44.2756  0.5104 -2.0002  0.0474  0.0976  0.0314  0.3084  0.1324 -0.0003  0.1307 0 
 43.7629 -0.5226  1.1468  0.0063  0.4875  0.0537  0.3094  0.0284 -0.0003  0.1955 0 
 56.0281  0.3582  2.4633  0.0056  0.1053  0.0091  0.2489  0.0665 -0.0003  0.0331 0 
 51.2642 -0.3375 -0.6481  0.0567  0.1602  0.0427  0.4666  0.0136 -0.0003  0.2090 0 
 50.8736 -0.6261 -1.2260  0.0455  0.4201  0.2486  0.4675  0.0397 -0.0003  0.3336 0 
 42.4781  0.6050  1.8140  0.0012  0.4466  0.0226  0.1336  0.0346 -0.0003  0.1306 0 
 47.1717  0.1773  2.6536  0.0127  0.3201  0.0580  0.4767  0.0666 -0.0003  0.1954 0 
 46.8696 -0.1839 -0.5155  0.0255  0.2258  0.0248  0.4341  0.0253 -0.0003  0.1171 0 
 48.8808  0.7518  2.6726  0.0241  0.0852  0.0191  0.1718  0.0840 -0.0003  0.0523 0 
 42.9053 -0.7491 -0.5003  0.0741  0.1107  0.0391  0.3999  0.0908 -0.0003  0.2114 0 
 50.2846 -0.6692 -0.3718  0.0465  0.4568  0.0394  0.2131  0.0275 -0.0003  0.2986 0 
 44.0497  0.6738  2.7384  0.0351  0.0572  0.0211  0.2647  0.0089 -0.0003  0.0496 0 
 46.5187  0.7464 -1.5945  0.2968  0.1297  0.0409  0.5654  0.2694 -0.0003  0.9688 1 
 43.3356 -0.7655  1.5658  0.3593  0.8183  0.0690  0.3988  0.4908 -0.0003  0.9968 1 
 49.4301 -0.2350  0.5731  0.3097  0.5261  0.0729  0.4282  0.3980 -0.0003  0.9955 1 
 25.2781  0.2370 -2.5242  0.2826  0.5705  0.0371  0.3619  0.1950  0.4260  0.9987 1 
 47.7180 -0.7873 -1.9067  0.0621  0.3704  0.0407  0.3888  0.2007 -0.0003  0.5976 0 
 44.2603  0.7956  1.2421  0.0338  0.1231  0.0675  0.2203  0.0226 -0.0003  0.1111 0 
 57.4319  0.5208 -1.2316  0.0284  0.4196  0.0547  0.2474  0.1240 -0.0003  0.3922 0 
 43.3692 -0.5040  1.9020  0.0027  0.2294  0.2204  0.4430  0.0414 -0.0003  0.1791 0 
 48.4566  0.5201 -0.1272  0.0087  0.3681  0.0312  0.2582  0.0207 -0.0003  0.1146 0 
 45.5817 -0.5064  3.0165  0.0321  0.6284  0.0337  0.3061  0.0408 -0.0003  0.2521 0 
 49.4636 -0.2197 -1.6242  0.1129  0.3762  0.1115  0.4281  0.0162 -0.0003  0.4781 0 
 45.7282  0.2370  1.5090  0.0124  0.3159  0.0246  0.4369  0.0800  0.0964  0.2986 0 
 50.6172  0.1271  1.1613  0.0257  0.2631  0.0464  0.3830  0.0655 -0.0003  0.1787 0 
 45.9937 -0.1430 -1.9795  0.0219  0.3923  0.0222  0.3490  0.0096 -0.0003  0.1334 0 
 46.3752 -0.3834  0.6341  0.1443  0.1978  0.0764  0.3047  0.1729 -0.0003  0.7593 0 
 42.7558  0.3661 -2.5496  0.0659  0.7475  0.0901  0.7115  0.0432 -0.0003  0.4553 0 
 45.8778 -0.7296 -0.9657  0.0311  0.2434  0.0852  0.4365  0.0052  0.3374  0.4689 0 
 43.3631  0.7177  2.1643  0.0077  0.2617  0.0109  0.1772  0.0886 -0.0003  0.0748 0 
 46.8055  0.1921 -1.6072  0.0924  0.7698  0.0552  0.3474  0.1290 -0.0003  0.8216 1 
 45.3498 -0.2185  1.5332  0.1385  0.5697  0.0350  0.6130  0.1537  0.1620  0.8900 1 
 50.1900  0.0084 -0.8346  0.0036  0.0741  0.1414  0.3412  0.0345 -0.0003  0.0497 0 
 40.2045 -0.0258  2.2466  0.1070  0.3603  0.0446  0.3165  0.1263  0.0994  0.7608 0 
 52.1065  0.7723 -3.0001  0.0551  0.2310  0.2032  0.2957  0.0751 -0.0003  0.3584 0 
 42.0020 -0.7857  0.0872  0.0169  0.6237  0.0111  0.3127  0.1314 -0.0003  0.1559 0 
 50.0404  0.8021  2.0505  0.0103  0.1326  0.0634  0.5122  0.0972 -0.0003  0.1378 0 
 43.7629 -0.7875 -1.0688  0.0009  0.3337  0.0088  0.3535  0.0912 -0.0003  0.0577 0 
 53.6507 -0.5496  0.6353  0.0121  0.3580  0.0243  0.4193  0.0395 -0.0003  0.1146 0 
 53.0495  0.5448 -2.4972  0.0177  0.2578  0.0332  0.5467  0.0483 -0.0003  0.1850 0 
 39.8413  0.7462 -2.0774  0.0931  0.5600  0.0923  0.6345  0.2668 -0.0003  0.8899 1 
 39.6490 -0.7472  1.1466  0.2288  0.7290  0.0341  0.3176  0.2302  0.2885  0.9804 1 
 46.5034  0.2421  0.3324  0.0210  0.1148  0.0544  0.4785  0.1630 -0.0003  0.1854 0 
 33.9849 -0.2762 -2.8284  0.0164  0.8740  0.0174  0.4263  0.0735  0.0631  0.2728 0 
 46.1372 -0.2389 -0.0333  0.0061  0.2741  0.0771  0.3051  0.0192 -0.0003  0.1502 0 
 45.6489  0.2222  3.0866  0.0057  0.1917  0.0096  0.1311  0.0079 -0.0003  0.0569 0 
 47.8767 -0.0295 -1.1121  0.6935  0.6644  0.0493  0.4317  0.7722 -0.0003  0.9983 1 
 29.0715  0.0580  2.1276  0.5006  0.5011  0.0108  0.3965  0.3563  0.0573  0.9944 1 
 49.4118  0.3153  1.5585  0.0855  0.5776  0.0412  0.5138  0.1124 -0.0003  0.6791 0 
 47.5654 -0.3236 -1.5824  0.0998  0.5062  0.0279  0.3027  0.1667 -0.0003  0.6405 0 
 48.0415 -0.7573  3.0351  0.0043  0.1474  0.0308  0.1725  0.0283 -0.0003  0.0563 0 
 47.7577  0.7557 -0.0871  0.0142  0.2601  0.0417  0.3887  0.1949 -0.0003  0.2761 0 
 48.4199 -0.6132 -0.8703  0.0173  0.0711  0.2469  0.4735  0.0832 -0.0003  0.0987 0 
 44.2420  0.5996  2.2672  0.0445  0.5621  0.0182  0.3966  0.0621 -0.0003  0.2462 0 
 45.5726 -0.7150  0.2468  0.1110  0.4588  0.0272  0.3498  0.0589 -0.0003  0.5201 0 
 38.8434  0.7430 -2.8613  0.0208  0.6450  0.1619  0.3194  0.0854  0.1654  0.5860 0 
 52.6528  0.1690 -1.5364  0.0886  0.4713  0.0359  0.2949  0.0793  0.2465  0.8363 0 
 47.0344 -0.1627  1.6216  0.1205  0.1603  0.0744  0.3469  0.0900 -0.0003  0.4638 0 
 52.3415  0.5312 -1.4301  0.0301  0.2776  0.0437  0.2110  0.0517 -0.0003  0.1764 0 
 48.5695 -0.5467  1.6820  0.0368  0.3687  0.2004  0.3011  0.0180 -0.0003  0.2647 0 
 45.8076  0.4723 -1.0746  0.0121  0.6825  0.0730  0.6114  0.0407 -0.0003  0.2560 0 
 45.3651 -0.4531  2.0916  0.0016  0.2028  0.0537  0.2627  0.0119 -0.0003  0.0959 0 
 56.0189 -0.0128  2.6375  0.0033  0.3928  0.1987  0.2489  0.1026 -0.0003  0.3179 0 
 39.2706  0.0031 -0.5201  0.0005  0.1752  0.0251  0.2730  0.0739 -0.0003  0.0463 0 
 47.4098 -0.6875  2.6253  0.2515  0.3323  0.1038  0.3030  0.4013  0.5771  0.9995 1 
 47.3121  0.6599 -0.5076  0.1864  0.3514  0.0488  0.3897  0.2305 -0.0003  0.9148 1 
 46.5461  0.5005 -2.3396  0.0445  0.1368  0.0355  0.2174  0.0432 -0.0003  0.0875 0 
 40.2991 -0.4690  0.8207  0.0005  0.6951  0.0980  0.2711  0.1015 -0.0003  0.3410 0 
 57.4258  0.2017  1.8111  0.0034  0.4529  0.0802  0.2061  0.0172 -0.0003  0.2587 0 
 47.5685 -0.1837 -1.3633  0.0467  0.6857  0.0307  0.2162  0.0264  0.0819  0.4929 0 
 46.6865 -0.3772  1.9181  0.0077  0.2957  0.0477  0.1738  0.0294 -0.0003  0.1619 0 
 43.3478  0.4082 -1.2223  0.0108  0.1011  0.2786  0.4873  0.0189 -0.0003  0.1224 0 
 46.4088  0.3187  2.5051  0.4264  0.3538  0.0318  0.4787  0.3599 -0.0003  0.9907 0 
 43.2715 -0.3039 -0.6279  0.0930  0.4029  0.0442  0.4876  0.1541 -0.0003  0.7031 0 
 44.5350  0.6775 -1.0532  0.0725  0.3848  0.0852  0.3079  0.1070 -0.0003  0.5686 1 
 39.9451 -0.6841  2.0267  0.1582  0.2154  0.0381  0.1811  0.2104  0.1961  0.9043 1 
 53.6446 -0.1120 -0.5704  0.0247  0.1811  0.1021  0.3774 -0.0200 -0.0003  0.1400 0 
 45.3376  0.1161  2.5863  0.0352  0.1877  0.0621  0.4379  0.0147 -0.0003  0.1774 0 
 43.4607 -0.4857 -1.1047  0.0455  0.3702  0.0497  0.3985  0.0292 -0.0003  0.3008 0 
 41.9165  0.4987  2.0307  0.0100  0.2185  0.0064  0.2682  0.0369 -0.0003  0.0384 0 
 47.8553 -0.6729  2.1811  0.0062  0.3547  0.0572  0.5612  0.1837 -0.0003  0.3002 0 
 43.3448  0.6677 -0.9771  0.1700  0.6638  0.0122  0.1329  0.0947 -0.0003  0.5757 0 
 52.4880  0.5587  3.1067  0.0340  0.4293  0.0603  0.3795  0.0283 -0.0003  0.2752 0 
 35.8495 -0.5462  0.0021  0.0502  0.3417  0.0305  0.2333  0.0582 -0.0003  0.1992 0 
 58.3322 -0.5734  0.6277  0.0217  0.2192  0.0994  0.3696  0.0505 -0.0003  0.1639 0 
 49.5979  0.5813 -2.5003  0.0162  0.1817  0.1714  0.6417  0.0336 -0.0003  0.2263 0 
 49.9763 -0.5613  2.4590  0.0022  0.1968  0.0623  0.3415  0.0244 -0.0003  0.0969 0 
 49.8665  0.5461 -0.6663  0.0003  0.0619  0.1195  0.0854  0.0652 -0.0003  0.1123 0 
 53.6355 -0.2259  2.7789  0.0205  0.4514  0.0565  0.2097  0.0057 -0.0003  0.3037 0 
 46.4973  0.2452 -0.4150  0.0193  0.3058  0.0339  0.2175  0.0908 -0.0003  0.1480 0 
 50.3639 -0.7357 -1.0004  0.0534  0.6330  0.0298  0.3835  0.1579 -0.0003  0.5509 0 
 44.2054  0.7447  2.0981  0.0317  0.4945  0.0608  0.3085  0.0831 -0.0003  0.3728 0 
 44.9378  0.1412  0.5817  0.0078  0.5209  0.0945  0.7022  0.0241 -0.0003  0.2324 0 
 44.2634 -0.1455 -2.5736  0.1573  0.7138  0.0438  0.2203  0.2133 -0.0003  0.9010 0 
 48.4871  0.4885 -1.1525  0.0064  0.4174  0.0115  0.1291  0.0219  0.2101  0.5035 0 
 42.7802 -0.5085  1.9814  0.0251  0.6340  0.0564  0.3557  0.0229 -0.0003  0.2707 0 
 41.0040  0.5407 -1.1507  0.0615  0.3986  0.0121  0.2249 -0.0200 -0.0003  0.2079 0 
 39.9573 -0.5486  1.9860  0.0000  0.5740  0.0559  0.0453  0.0054 -0.0003  0.4213 0 
 50.7729 -0.2802 -0.4913  0.0121  0.2449  0.0800  0.3402  0.0067 -0.0003  0.1484 0 
 48.9693  0.2783  2.6518  0.0182  0.1465  0.1201  0.6008  0.0176 -0.0003  0.1652 0 
 45.4749 -0.1927  1.0348  0.4042  0.3487  0.0223  0.4375  0.6036  0.1700  0.9993 1 
 23.0014  0.2159 -2.1350  0.1348  0.5722  0.0107  0.3728  0.1249 -0.0003  0.5722 1 
 54.8501 -0.5537 -2.3767  0.0233  0.3672  0.0145  0.2502  0.0212 -0.0003  0.0918 0 
 40.2930  0.5603  0.7838  0.0900  0.4536  0.0202  0.3615  0.1020 -0.0003  0.4469 0 
 65.4032  0.0368  1.0813  0.0427  0.3254  0.0335  0.1598  0.0091 -0.0003  0.2314 0 
 40.9644 -0.0045 -2.0638  0.0165  0.1843  0.1127  0.6297  0.1360 -0.0003  0.3007 0 
 47.5380  0.1190 -0.7712  0.0474  0.2927  0.0644  0.3460  0.0482 -0.0003  0.2906 0 
 41.1231 -0.1192  2.3510  0.0555  0.2892  0.0175  0.0899  0.0040 -0.0003  0.1931 0 
 51.2703 -0.7213 -1.2811  0.0720  0.5354  0.0300  0.6787  0.0502 -0.0003  0.5471 1 
 46.4607  0.7179  1.8520  0.2322  0.7905  0.0409  0.4786  0.3295 -0.0003  0.9774 1 
 43.8239  0.6115  1.0930  0.1054  0.5767  0.0318  0.1767  0.1516 -0.0003  0.5964 1 
 32.3278 -0.6621 -2.0313  0.0474  0.1332  0.0443  0.5765  0.0256 -0.0003  0.2249 1 
 48.8746  0.5081 -1.3483  0.1121  0.2487  0.0755  0.3864  0.0733 -0.0003  0.5053 0 
 36.6949 -0.4875  1.8023  0.0189  0.6090  0.0154  0.3708  0.1075 -0.0003  0.1640 0 
 45.7191 -0.3387  0.3711  0.0350  0.1285  0.0856  0.3058  0.0200 -0.0003  0.1140 0 
 44.1199  0.3593 -2.7737  0.0085  0.2940  0.0375  0.3528  0.0928 -0.0003  0.1230 0 
 50.0526  0.3202  2.1812  0.2029  0.3676  0.1191  0.4694  0.2941 -0.0003  0.9801 0 
 45.1087 -0.3483 -0.9406  0.1077  0.3524  0.0634  0.6576  0.1693 -0.0003  0.8153 0 
 59.8856 -0.5541 -2.0950  0.0110  0.1276  0.2138  0.3673  0.1684 -0.0003  0.2137 0 
 39.4354  0.5825  1.0155  0.0048  0.6602  0.0200  0.1818  0.0130 -0.0003  0.1422 0 
 44.3702 -0.6285  0.8280  0.0360  0.1120  0.0599  0.2202  0.0421 -0.0003  0.1013 0 
 35.4894  0.6352 -2.2873  0.0267  0.6830  0.0228  0.2808  0.0782 -0.0003  0.1898 0 
 45.3681  0.6988  0.2029  0.0274  0.5609  0.0264  0.1751  0.0213 -0.0003  0.1864 0 
 44.8249 -0.6670 -2.9024  0.0086  0.3799  0.0266  0.1317  0.1790 -0.0003  0.2293 0 
 49.1310 -0.4122  1.7972  0.1189  0.2886  0.1037  0.2573  0.0173 -0.0003  0.5275 1 
 45.6977  0.4001 -1.3124  0.1093  0.1966  0.0195  0.5680  0.1406 -0.0003  0.5992 1 
 51.7678 -0.6477  0.0788  0.3431  0.2412  0.0649  0.4655  0.3303 -0.0003  0.9916 1 
 49.3233  0.6900 -2.9142  0.0340  0.3861  0.1475  0.4284  0.0806 -0.0003  0.3064 1 
 52.2042  0.4153  3.0962  0.0137  0.3778  0.1719  0.4645 -0.0200 -0.0003  0.1974 0 
 41.7182 -0.4000 -0.1034  0.0012  0.3141  0.0609  0.2238 -0.0200 -0.0003  0.2094 0 
 48.9723 -0.4339  1.8390  0.0165  0.2183  0.0314  0.4292  0.0300 -0.0003  0.1063 0 
 46.3508  0.4266 -1.2749  0.0123  0.0934  0.0265  0.3047  0.0267 -0.0003  0.0469 0 
 53.3577  0.5291 -1.0600  0.0511  0.7036  0.0650  0.6299  0.0339 -0.0003  0.3835 1 
 32.9595 -0.5499  2.1398  0.1487  0.4524  0.1355  0.2867  0.0323  0.5379  0.9408 1 
 43.1800  0.6689 -2.0539  0.0532  0.5991  0.0236  0.3105  0.0449 -0.0003  0.2641 0 
 31.7510 -0.6456  1.1174  0.0571  0.5320  0.0836  0.5312  0.0623 -0.0003  0.3886 0 
 55.7626 -0.2468  1.0512  0.0175  0.2788  0.0533  0.3738  0.0064 -0.0003  0.1655 0 
 41.6205  0.2871 -2.1114  0.0406  0.5872  0.0717  0.3135  0.0283 -0.0003  0.3396 0 
 46.7750  0.5729  1.7969  0.0272  0.5131  0.0462  0.3908  0.0860 -0.0003  0.3136 0 
 45.2552 -0.5446 -1.3349  0.0311  0.2411  0.0665  0.2190  0.0677 -0.0003  0.2380 0 
 44.2542 -0.0563  0.1313  0.5599  0.4834  0.0675  0.5288  0.3135 -0.0003  0.9899 1 
 32.0378  0.0805 -3.0100  0.2063  0.4593  0.0724  0.4335  0.3162 -0.0003  0.9811 1 
 53.1960  0.1148 -1.1094  0.1857  0.5631  0.1892  0.6304  0.0628 -0.0003  0.7220 0 
 36.2310 -0.1011  2.0041  0.0205  0.2708  0.0137  0.2326  0.0172 -0.0003  0.0678 0 
 47.7760 -0.5817  2.4045  0.0567  0.3410  0.0535  0.3887  0.0674  0.1984  0.6195 0 
 43.1678  0.5660 -0.7582  0.1082  0.3712  0.0581  0.4879  0.2657 -0.0003  0.8617 0 
 51.8074  0.5562  2.6970  0.1665  0.4308  0.1805  0.5500  0.1425 -0.0003  0.8309 0 
 49.3385 -0.5329 -0.4603  0.1651  0.4142  0.1476  0.5140  0.2347 -0.0003  0.9501 0 
 46.3569  0.1243 -0.5430  0.1439  0.4536  0.1158  0.6965  0.0861 -0.0003  0.7475 1 
 39.9725 -0.1393  2.6178  0.0736  0.2413  0.0297  0.5886  0.0296 -0.0003  0.3933 1 
 47.9042 -0.1587  3.0601  0.3526  0.4432  0.1560  0.5611  0.4805  0.6471  0.9998 1 
 43.5950  0.1460 -0.1247  0.0384  0.6789  0.0144  0.3539  0.2623  0.0690  0.6261 1 
 47.3243 -0.1392 -1.3024  0.1264  0.1520  0.0936  0.4330  0.0305 -0.0003  0.4082 0 
 42.7131  0.1386  1.8157  0.0311  0.5901  0.0768  0.7117  0.0789 -0.0003  0.3611 0 
 47.2358 -0.0845  1.3184  0.0290  0.1187  0.0523  0.3899  0.0441 -0.0003  0.1062 0 
 45.4780  0.0968 -1.8319  0.0148  0.6349  0.0348  0.3937  0.0114 -0.0003  0.2062 0 
 46.6041 -0.2136 -1.4613  0.0306  0.6815  0.1225  0.6086  0.0080 -0.0003  0.2872 0 
 42.3896  0.1850  1.6741  0.0058  0.3369  0.0272  0.4011  0.1624 -0.0003  0.1825 0 
 43.5248 -0.1094  1.5658  0.0042  0.7815  0.0167  0.3540  0.0770 -0.0003  0.1343 0 
 36.6094  0.1076 -1.4941  0.0304  0.3102  0.0764  0.2783  0.0370 -0.0003  0.2496 0 
 48.4321  0.5543 -0.9787  0.0323  0.0738  0.0389  0.3013  0.0268 -0.0003  0.0671 0 
 42.0111 -0.5530  2.1447  0.0996  0.3063  0.0204  0.1787  0.0246 -0.0003  0.2338 0 
 49.7841  0.6727 -1.0755  0.0413  0.2811  0.0332  0.3419  0.0323 -0.0003  0.1733 0 
 46.1097 -0.6708  2.0738  0.0205  0.3452  0.0372  0.4795  0.1439 -0.0003  0.2971 0 
 59.5407 -0.6817 -0.8198  0.0728  0.0992  0.2557  0.5312  0.0489 -0.0003  0.3029 0 
 47.8675  0.7030  2.2884  0.0379  0.5355  0.0080  0.1295  0.0329 -0.0003  0.1337 0 
 49.0852  0.1026 -1.3584  0.0179  0.3935  0.1309  0.3003  0.0402 -0.0003  0.2295 0 
 36.5545 -0.0972  1.8020  0.0007  0.2446  0.0128  0.0928  0.0103 -0.0003  0.0924 0 
 45.8412  0.3271  0.2423  0.0359  0.3511  0.0532  0.4366  0.1124 -0.0003  0.3569 0 
 43.0762 -0.3399 -2.9012  0.0443  0.1596  0.0228  0.1331  0.1573 -0.0003  0.2278 0 
 50.5867  0.6330  2.6483  0.0334  0.7678  0.1089  0.7661  0.0549 -0.0003  0.3759 0 
 48.6427 -0.6346 -0.5391  0.1041  0.4553  0.0531  0.5159  0.1137 -0.0003  0.6930 0 
 43.0854  0.4333 -1.0325  0.0119  0.2010  0.0343  0.1775  0.0234 -0.0003  0.0828 0 
 36.2951 -0.4296  2.1592  0.0215  0.3346  0.0790  0.4184  0.0131 -0.0003  0.1989 0 
 41.1597 -0.7408 -1.4484  0.2128  0.2892  0.1188  0.3144  0.2691  0.1311  0.9702 1 
 37.9400  0.7147  1.6971  0.1430  0.3792  0.0544  0.5971  0.1374 -0.0003  0.8246 1 
 43.9796  0.2802  2.9020  0.0151  0.5881  0.0390  0.2648  0.0467 -0.0003  0.2070 0 
 41.6022 -0.2506 -0.2567  0.0001  0.2383  0.0406  0.2688  0.2224 -0.0003  0.2804 0 
 45.0141  0.0452 -1.9476  0.0469  0.4181  0.0142  0.3071  0.0626  0.0270  0.1922 0 
 36.2371 -0.0520  1.2034  0.0087  0.7051  0.0255  0.2791  0.0214 -0.0003  0.1499 0 
 45.8198 -0.0582 -2.2634  0.0313  0.5088  0.0927  0.8733  0.1027 -0.0003  0.4746 1 
 40.6378  0.0061  0.9062  0.2810  0.4974  0.1220  0.4959  0.3962  0.5862  0.9997 1 
 44.4862 -0.6322  0.5698  0.0153  0.4531  0.0160  0.3520  0.0063 -0.0003  0.1140 0 
 43.3082  0.6124 -2.5315  0.0321  0.4947  0.1106  0.4432  0.0783 -0.0003  0.3047 0 
 50.7149 -0.4059  1.0752  0.0155  0.1784  0.0432  0.3403  0.0322 -0.0003  0.0884 0 
 35.9411  0.3943 -2.0446  0.0067  0.2250  0.0056  0.2331  0.0109 -0.0003  0.0414 0 
 47.0741 -0.4845  0.8158  0.0125  0.4318  0.0653  0.5203  0.1739 -0.0003  0.3390 0 
 30.2586  0.5125 -2.3227  0.0121  0.2655  0.0671  0.1959  0.0609 -0.0003  0.2024 0 
 46.4698 -0.3007  1.0056  0.3278  0.5705  0.0588  0.4786  0.3818 -0.0003  0.9936 1 
 41.0254  0.3082 -2.1759  0.2163  0.3123  0.0878  0.4047  0.1802  0.6805  0.9993 1 
 56.7483 -0.5582 -0.2003  0.0134  0.5540  0.1380  0.5376  0.0674 -0.0003  0.2636 0 
 50.6111  0.5423  2.9236  0.0414  0.3077  0.0414  0.3830  0.0756 -0.0003  0.2639 0 
 51.8044  0.6038  0.7388  0.0311  0.5800  0.0102  0.1692  0.0637 -0.0003  0.1392 0 
 41.1109 -0.6047 -2.3491  0.0976  0.1815  0.0312  0.4044  0.0797 -0.0003  0.3465 0 
 50.4067 -0.4337 -3.0015  0.0108  0.7407  0.0999  0.4260  0.0012 -0.0003  0.2311 0 
 46.3508  0.4169  0.1180  0.0168  0.5047  0.0171  0.3483  0.0654 -0.0003  0.1158 0 
 45.5421  0.5509 -0.6867  0.0833  0.5444  0.0938  0.3936  0.0682 -0.0003  0.4978 0 
 44.5350 -0.5873  2.4253  0.0294  0.3232  0.1162  0.2200  0.0672 -0.0003  0.3190 0 
 46.0334 -0.0221  1.9329  0.1397  0.6902  0.1508  0.4797  0.1317 -0.0003  0.8159 1 
 41.9318  0.0131 -1.2681  0.7506  0.5901  0.0296  0.8493  0.6840 -0.0003  0.9964 1 
 49.1646 -0.1271  2.8717  0.0208  0.1870  0.0639  0.3001  0.0412  0.1650  0.2827 0 
 45.0202  0.1353 -0.2580  0.0024  0.2231  0.0270  0.2193  0.0148 -0.0003  0.0627 0 
 45.9846 -0.2385  0.7073  0.0091  0.2644  0.0148  0.1745  0.0543 -0.0003  0.0684 0 
 44.1810  0.2132 -2.4416  0.0692  0.1730  0.0216  0.3967  0.0500 -0.0003  0.1792 0 
 49.2836 -0.0632  2.0782  0.0250  0.3170  0.1607  0.5570  0.1810 -0.0003  0.4434 0 
 42.1820  0.0953 -1.1113  0.0139  0.1877  0.1102  0.4909  0.1364 -0.0003  0.2171 0 
 46.7414 -0.3756 -1.1002  0.3604  0.6948  0.0287  0.4344  0.4743 -0.0003  0.9955 1 
 34.1527  0.3747  2.0313  0.7477  0.6902  0.0584  0.6149  0.6728  0.1044  0.9981 1 
 43.2929 -0.5448  1.8648  0.6926  0.5394  0.0337  0.5318  0.2536 -0.0003  0.9865 1 
 31.8669  0.5527 -1.2736  0.1283  0.3728  0.0475  0.5307  0.1401 -0.0003  0.7766 1 
 49.1096  0.2387  1.3565  0.4439  0.6887  0.0948  0.5575  0.3074 -0.0003  0.9909 1 
 39.5636 -0.2024 -1.8403  0.1825  0.5741  0.0240  0.2724  0.2792 -0.0003  0.8792 1 
 43.0121  0.5603 -1.8715  0.0012  0.1988  0.0535  0.3996  0.0175 -0.0003  0.0964 0 
 41.2451 -0.5204  1.2848  0.0345  0.0758  0.1586  0.2694  0.0059 -0.0003  0.0634 0 
 56.1044  0.6126  2.0738  0.0454  0.3092  0.0131  0.0829  0.0390 -0.0003  0.1424 0 
 51.6060 -0.6240 -1.0893  0.0027  0.2279  0.0418  0.3811  0.0726 -0.0003  0.0917 0 
 49.0364  0.7031  2.7511  0.0072  0.1101  0.0684  0.4290  0.0396 -0.0003  0.0832 0 
 42.9541 -0.7034 -0.4323  0.0216  0.3822  0.0574  0.3997  0.0461 -0.0003  0.2217 0 
 49.2103  0.5582  1.0195  0.1090  0.5668  0.0096  0.1286  0.1470 -0.0003  0.3930 0 
 42.5879 -0.5618 -2.1298  0.0083  0.1046  0.0438  0.5787  0.0385 -0.0003  0.1120 0 
 46.8177  0.7605  2.5572  0.0039  0.2954  0.0714  0.3039  0.0253 -0.0003  0.1507 0 
 45.4871 -0.7593 -0.5893  0.0169  0.5045  0.1712  0.6125  0.0568 -0.0003  0.2748 0 
 47.6326  0.6960  1.9611  0.0730  0.5146  0.0187  0.1729  0.0255 -0.0003  0.2243 0 
 46.5888 -0.6829 -1.1711  0.0421  0.1591  0.0378  0.4347  0.0720 -0.0003  0.1744 0 
 47.7485 -0.7971 -3.1011  0.0588  0.6054  0.1517  0.7344  0.1414 -0.0003  0.6109 1 
 45.1240  0.7891  0.0107  0.0524  0.5499  0.0387  0.1315  0.1277 -0.0003  0.3927 1 
 43.6896 -0.8008 -1.1673  0.0099  0.3868  0.0214  0.4422  0.0274 -0.0003  0.1170 0 
 41.4405  0.7962  2.0073  0.0544  0.1357  0.0153  0.2242  0.0716 -0.0003  0.0712 0 
 49.4728 -0.4398 -2.3344  0.0665  0.1400  0.0213  0.3853  0.0206 -0.0003  0.1315 0 
 47.6875  0.4355  0.8057  0.0863  0.0786  0.0562  0.2593  0.0285 -0.0003  0.1158 0 
 47.2175  0.2855  1.1318  0.0229  0.1566  0.0430  0.2166  0.0169 -0.0003  0.0886 0 
 32.1447 -0.2968 -1.9836  0.1018  0.5006  0.0142  0.2887  0.0539 -0.0003  0.3203 0 
 43.9277  0.3349  0.9807  0.0254  0.5523  0.2189  0.7947  0.0620 -0.0003  0.3628 0 
 41.5930 -0.3183 -2.1458  0.0128  0.6442  0.0427  0.2688  0.0577 -0.0003  0.2320 0 
 43.2502 -0.2758  1.4109  0.1376  0.4164  0.0410  0.2217  0.1254  0.4027  0.9950 1 
 39.9298  0.3208 -1.7109  0.2019  0.4983  0.1191  0.4076  0.1944 -0.0003  0.9535 1 
 48.6671  0.6866 -2.7621  0.0153  0.3683  0.1387  0.5588  0.0436 -0.0003  0.2386 0 
 46.7567 -0.6899  0.3823  0.0037  0.2442  0.0586  0.3909  0.0273 -0.0003  0.1177 0 
 40.5066 -0.7398 -1.7485  0.0584  0.0621  0.0164  0.3610  0.1152 -0.0003  0.0983 0 
 36.5911  0.7234  1.3855  0.1154  0.1770  0.0248  0.1856  0.0375 -0.0003  0.2192 0 
 57.1603  0.7843 -0.0469  0.0270  0.4033  0.1054  0.5779  0.0377  0.2104  0.4863 0 
 22.9343 -0.7926  3.0862  0.0000  0.2272  0.0056  0.1599  0.0126 -0.0003  0.0488 0 
 49.1585 -0.3195 -2.9653  0.1169  0.5117  0.0313  0.4716  0.1507 -0.0003  0.7842 1 
 46.6377  0.3305  0.1436  0.4474  0.2740  0.0620  0.4346  0.6474 -0.0003  0.9982 1 
 52.1736  0.6640  2.1179  0.0305  0.1511  0.0194  0.2112  0.1135 -0.0003  0.0864 0 
 45.8656 -0.6689 -1.0407  0.0869  0.1691  0.0117  0.2183  0.0148 -0.0003  0.1072 0 
 48.6213 -0.1676 -1.1036  0.5938  0.1553  0.0527  0.4730  0.5068 -0.0003  0.9928 1 
 45.7649  0.1717  2.0112  0.5615  0.6290  0.0275  0.3494  0.7606  0.1030  0.9985 1 
 47.9744  0.0349  2.5466  0.0005  0.2342  0.0591  0.1726  0.0192 -0.0003  0.1413 0 
 46.8696 -0.0365 -0.5871  0.0002  0.6118  0.0935  0.5209  0.0557 -0.0003  0.2152 0 
 45.4749  0.3926 -0.1415  0.0195  0.3095  0.0070  0.0875  0.0110 -0.0003  0.1192 0 
 45.1972 -0.3550  3.0198  0.0452  0.3310  0.1793  0.2629  0.0067 -0.0003  0.2568 0 
 47.9744 -0.6418 -1.1034  0.0173  0.0273  0.0395  0.0863  0.0025 -0.0003  0.0901 0 
 46.1891  0.6649  2.0937  0.0126  0.4697  0.0721  0.2614  0.0262 -0.0003  0.2484 0 
 51.3588  0.6043  2.6394  0.0007  0.2677  0.0326  0.2968  0.0711 -0.0003  0.0708 0 
 45.8564 -0.5848 -0.4846  0.0121  0.3806  0.1280  0.3929  0.1401 -0.0003  0.3016 0 
 46.8605  0.6767  0.7428  0.5682  0.5723  0.0287  0.5643  0.4897 -0.0003  0.9957 1 
 43.2807 -0.6799 -2.4310  0.0493  0.6045  0.1757  0.3989  0.4527 -0.0003  0.9702 1 
 49.4331  0.0999  1.1610  0.4187  0.5440  0.0143  0.4282  0.6810 -0.0003  0.9980 1 
 43.3692 -0.1090 -1.9744  0.4660  0.1517  0.0421  0.3987  0.6893 -0.0003  0.9968 1 
 49.8390  0.7132 -0.8184  0.0234  0.1444  0.0273  0.4272  0.1129 -0.0003  0.1217 0 
 48.9632 -0.7189  2.3215  0.0442  0.1699  0.0509  0.2575  0.0136 -0.0003  0.1443 0 
 41.6876 -0.4789  0.5385  0.0814  0.5681  0.0761  0.5820  0.0634 -0.0003  0.4997 0 
 40.8148  0.4925 -2.6591  0.0257  0.2576  0.0437  0.4052  0.1507 -0.0003  0.2722 0 
 50.9682 -0.4567  0.5863  0.0076  0.2807  0.0222  0.2974  0.0461 -0.0003  0.0621 0 
 48.9509  0.4729 -2.5439  0.0014  0.2090  0.0316  0.2575  0.0436 -0.0003  0.0555 0 
 48.5908 -0.6750 -1.9924  0.0139  0.5341  0.0996  0.6450  0.1059 -0.0003  0.3047 0 
 46.0395  0.6611  1.1599  0.0260  0.0647  0.0629  0.3489  0.0203 -0.0003  0.0782 0 
 45.3834  0.3955 -0.9414  0.6187  0.4086  0.0800  0.4815  0.8781 -0.0003  0.9986 1 
 42.5788 -0.4057  2.2252  0.4354  0.3682  0.0659  0.3561  0.3286  0.5199  0.9998 1 
 49.0272 -0.1489  1.5278  0.0111  0.2807  0.0780  0.3003  0.1415  0.1475  0.4642 0 
 42.2675  0.1621 -1.6691  0.1499  0.3250  0.0383  0.4014  0.1840  0.0946  0.8702 0 
 47.1290 -0.6310 -3.0780  0.2022  0.4413  0.0926  0.5635  0.2010 -0.0003  0.9464 0 
 46.4393  0.6441  0.0763  0.0091  0.3294  0.0257  0.3916  0.0391 -0.0003  0.0951 0 
 47.1168  0.2074  0.4153  0.2072  0.1559  0.1357  0.3901  0.2831  0.7089  0.9956 1 
 42.5757 -0.2144 -2.7444  0.5327  0.4534  0.0302  0.3116  0.4390  0.3578  0.9994 1 
 46.7231  0.8090 -2.1926  0.0134  0.2106  0.0098  0.2172  0.1271 -0.0003  0.0788 0 
 34.8211 -0.8101  0.9946  0.0793  0.0747  0.1048  0.3293  0.0236 -0.0003  0.1261 0 
 52.9519 -0.6873  2.2570  0.0276  0.0488  0.0559  0.3366  0.0311 -0.0003  0.0750 0 
 39.7253  0.6881 -0.8433  0.0519  0.5656  0.0833  0.2721  0.0154 -0.0003  0.3636 0 
 51.2093 -0.5285  2.4556  0.0096  0.6869  0.0630  0.6364  0.0384 -0.0003  0.2478 0 
 41.9623  0.5072 -0.6759  0.0286  0.1472  0.0323  0.3575  0.0201 -0.0003  0.0845 0 
 47.7974  0.2283  1.7695  0.0341  0.4141  0.0625  0.3887  0.1633 -0.0003  0.4722 0 
 34.6716 -0.2450 -1.3537  0.0433  0.0776  0.0190  0.2355  0.0349 -0.0003  0.0464 0 
 53.6263  0.2477 -0.9261  0.0178  0.1836  0.0294  0.2097  0.0136 -0.0003  0.0717 0 
 45.3284 -0.2356  2.2145  0.0037  0.5306  0.0243  0.2627  0.0184  0.1399  0.3171 0 
 44.5747 -0.0162 -2.1690  0.0006  0.6717  0.0382  0.4398  0.1436 -0.0003  0.2833 0 
 41.6236  0.0082  0.9666  0.1145  0.5504  0.0254  0.2687  0.0882 -0.0003  0.5201 0 
 30.8507 -0.5199  0.7068  0.0830  0.1566  0.0346  0.4383  0.0500  0.2871  0.7285 1 
 26.8742  0.5226 -2.4975  0.4556  0.2701  0.0612  0.2030  0.5119  0.4901  0.9998 1 
 51.8837 -0.3142  0.5659  0.0089  0.3276  0.0201  0.2537  0.1354 -0.0003  0.1236 0 
 48.5969  0.3098 -2.5910  0.0034  0.5633  0.0387  0.4300  0.0235 -0.0003  0.1611 0 
 47.4311  0.1176 -0.3065  0.0942  0.1689  0.0413  0.3462  0.1118 -0.0003  0.3720 0 
 31.8547 -0.1311  2.8626  0.0486  0.4754  0.0087  0.1930  0.0281 -0.0003  0.1302 0 
 46.2379 -0.4768  0.5033  0.0497  0.4503  0.0276  0.2613  0.1468 -0.0003  0.3338 0 
 42.1729  0.4509 -2.6348  0.0028  0.1699  0.0719  0.6694  0.1169 -0.0003  0.2098 0 
 42.1454 -0.4306 -2.3211  0.1001  0.1976  0.0333  0.3125  0.0955 -0.0003  0.3531 1 
 25.6840  0.4149  0.8616  0.1662  0.5454  0.0270  0.3087  0.1433 -0.0003  0.7444 1 
 50.4524  0.1586 -1.8637  0.0191  0.3998  0.1183  0.4259  0.0961  0.0688  0.3675 0 
 42.1210 -0.1384  1.2918  0.0219  0.8123  0.0128  0.2679  0.0757 -0.0003  0.1771 0 
 45.6825 -0.2222 -0.7579  0.0179  0.4700  0.0748  0.4807  0.1464 -0.0003  0.3395 0 
 40.4974  0.1834  2.3541  0.0141  0.3007  0.0934  0.2256  0.0367 -0.0003  0.2224 0 
 51.1666 -0.7757  1.1046  0.0072  0.5028  0.0683  0.6366  0.0876 -0.0003  0.2487 1 
 45.4810  0.7806 -1.9550  0.2047  0.5404  0.1012  0.3062  0.3375 -0.0003  0.9879 1 
 45.0782 -0.5641  2.2449  0.4142  0.7052  0.0303  0.3069  0.1938 -0.0003  0.9730 1 
 43.7232  0.5430 -0.8791  0.3558  0.4220  0.0401  0.3978  0.2934  0.0936  0.9838 1 
 48.0415 -0.5119  1.5482  0.1030  0.4974  0.0472  0.3019  0.0258 -0.0003  0.5988 0 
 42.1759  0.5061 -1.5751  0.0381  0.4026  0.0525  0.2678  0.0179 -0.0003  0.2971 0 
 52.0272 -0.1482 -1.9632  0.0649  0.5620  0.0975  0.5494  0.0687 -0.0003  0.4125 0 
 45.6642  0.1644  1.1552  0.0065  0.4529  0.0387  0.2622  0.0368 -0.0003  0.1505 0 
 52.8634  0.0003 -0.0714  0.2841  0.3366  0.0430  0.3788  0.3392 -0.0003  0.9814 1 
 34.8486  0.0263  3.0551  0.0018  0.6887  0.0607  0.2822  0.2543  0.4334  0.9284 1 
 42.0264 -0.1588 -2.8999  0.0670  0.2256  0.0581  0.3574  0.0368 -0.0003  0.2871 0 
 41.4862  0.1643  0.2179  0.1316  0.1536  0.0131  0.1793  0.0909  0.1461  0.6690 0 
 46.6407 -0.0212 -2.8847  0.0037  0.1411  0.0215  0.2173  0.0132 -0.0003  0.0450 0 
 46.6072  0.0396  0.2291  0.0341  0.6230  0.0166  0.3043  0.1031 -0.0003  0.1983 0 
 45.1148  0.7053 -2.4607  0.1554  0.4750  0.0379  0.2630  0.3023 -0.0003  0.8994 1 
 34.2229 -0.7044  0.6706  0.0768  0.2900  0.0326  0.2363  0.1512  0.3423  0.9664 1 
 42.3590  0.3395 -2.6104  0.2058  0.3024  0.0489  0.3566  0.0673 -0.0003  0.6685 0 
 34.2473 -0.3099  0.5092  0.0100  0.0665  0.0248  0.2363  0.2112 -0.0003  0.1174 0 
 53.6996  0.4509  0.2146  0.0374  0.2226  0.0349  0.2935  0.0154 -0.0003  0.1301 0 
 52.0974 -0.4438 -2.9426  0.0082  0.2038  0.0783  0.2957  0.0070  0.5190  0.8626 0 
 45.1209 -0.7180 -2.7460  0.0158  0.2113  0.1127  0.3507  0.0683 -0.0003  0.1543 0 
 42.2004  0.6924  0.4169  0.0108  0.2052  0.1518  0.3570  0.1086 -0.0003  0.1860 0 
 51.0109 -0.6006  2.3004  0.1939  0.5129  0.0493  0.5096  0.2788 -0.0003  0.9669 0 
 38.1628  0.5982 -0.8129  0.0421  0.3703  0.0366  0.3669  0.0253 -0.0003  0.2461 0 
 39.2767 -0.4493 -2.3375  0.0683  0.1925  0.0082  0.5004  0.1248 -0.0003  0.3009 0 
 37.5311  0.5007  0.8509  0.0297  0.7253  0.0374  0.5068  0.0402 -0.0003  0.3121 0 
 47.5654  0.4070 -1.5918  0.0089  0.2378  0.0317  0.1729  0.0302 -0.0003  0.0877 0 
 44.9134 -0.3955  1.5691  0.0951  0.3826  0.0205  0.2634  0.0312 -0.0003  0.2841 0 
 57.2305 -0.3809 -0.5686  0.1283  0.0343  0.0297  0.2476  0.1707 -0.0003  0.2218 0 
 38.2544  0.3739  2.5579  0.0004  0.4188  0.0064  0.3208  0.0937  0.0766  0.1247 0 
 53.7728 -0.5515  2.7159  0.0074  0.1204  0.0266  0.1676  0.0117 -0.0003  0.0553 0 
 40.1160  0.5411 -0.3965  0.0141  0.3850  0.0242  0.3166  0.0800 -0.0003  0.1107 0 
 49.8726 -0.6898 -3.1413  0.0325  0.3843  0.2564  0.4699  0.0366 -0.0003  0.2988 0 
 47.7058  0.7051 -0.0017  0.1463  0.5280  0.0142  0.3889  0.0820 -0.0003  0.5556 0 
 48.6061 -0.3837 -0.5988  0.1507  0.5368  0.0291  0.3440  0.2125  0.3372  0.9948 1 
 39.1913  0.4095  2.5787  0.2492  0.3664  0.0596  0.1821  0.4301 -0.0003  0.9843 1 
 53.2540  0.2732 -2.9656  0.0030  0.4129  0.0311  0.1260  0.0054  0.2065  0.5082 1 
 49.4759 -0.2460  0.1778  0.0074  0.7654  0.0824  0.4281  0.1193 -0.0003  0.3479 1 
 51.4321  0.4159  1.1434  0.1357  0.2028  0.0317  0.1695  0.2117 -0.0003  0.6098 1 
 48.4230 -0.4103 -2.0040  0.3192  0.4448  0.0325  0.4735  0.3709 -0.0003  0.9878 1 
 63.1754 -0.5239  2.1889  0.0035  0.2553  0.0301  0.3222  0.0886  0.2290  0.4959 0 
 46.9642  0.5156 -0.9640  0.0212  0.4962  0.0151  0.1735  0.1059  0.1700  0.4128 0 
 45.8106  0.1639  2.3784  0.5733  0.6931  0.0316  0.6113  0.9588  0.1767  0.9989 1 
 42.2766 -0.1920 -0.7169  0.6683  0.7600  0.0844  0.6244  0.6823 -0.0003  0.9980 1 
 48.7129  0.0650 -1.0978  0.1322  0.3398  0.0996  0.3438  0.1336  0.6640  0.9970 1 
 42.2126 -0.0185  2.0837  0.1055  0.3946  0.1351  0.7139  0.1065 -0.0003  0.7206 1 
 52.0302 -0.0031 -2.6849  0.1120  0.4307  0.0852  0.4226  0.2785 -0.0003  0.9090 1 
 35.2636 -0.0032  0.4822  0.5884  0.4270  0.0600  0.6562  0.7041 -0.0003  0.9982 1 
 54.6731  0.5397  0.5109  0.0190  0.6784  0.0153  0.2087  0.0093 -0.0003  0.1408 0 
 49.8909 -0.5521 -2.6255  0.0327  0.5915  0.0504  0.2563  0.0545 -0.0003  0.3604 0 
 52.2530  0.3162 -0.2896  0.0091  0.1967  0.0224  0.1689  0.0182 -0.0003  0.0626 0 
 43.9734 -0.3190  2.8690  0.0063  0.1506  0.0462  0.3531  0.0206 -0.0003  0.0757 0 
 49.9886  0.2547  2.1155  0.0499  0.3288  0.1677  0.4269  0.0471 -0.0003  0.3142 0 
 39.2615 -0.2481 -1.0432  0.0179  0.3807  0.0174  0.3640  0.0053 -0.0003  0.1117 0 
 44.6082 -0.6192  0.0061  0.0172  0.6132  0.1130  0.7035  0.0836 -0.0003  0.3157 0 
 44.3488  0.5905 -3.0556  0.0766  0.2373  0.0179  0.3963  0.0482 -0.0003  0.2287 0 
 48.4260 -0.6746  0.4992  0.0223  0.2745  0.1576  0.4304  0.1133 -0.0003  0.2896 0 
 47.5288  0.6664 -2.5470  0.0532  0.1839  0.1326  0.3460  0.0921  0.1881  0.5002 0 
 45.8442 -0.1887  1.1628  0.0085  0.5972  0.0384  0.2619  0.0025 -0.0003  0.2293 0 
 44.2054  0.1785 -1.9976  0.0040  0.1444  0.0438  0.3967  0.0623 -0.0003  0.0765 0 
 49.6956 -0.7103 -1.8854  0.0163  0.4394  0.0926  0.3420  0.0739 -0.0003  0.2509 0 
 45.7343  0.6988  1.2608  0.0025  0.3319  0.0211  0.3932  0.0062 -0.0003  0.0853 0 
 49.7047  0.6751  0.0055  0.0096  0.2731  0.0807  0.3848  0.0330 -0.0003  0.1502 0 
 46.7048 -0.6378  3.1409  0.0640  0.7246  0.0544  0.3041  0.0660 -0.0003  0.5966 0 
 55.3506  0.0381  1.2481  0.0711  0.2636  0.0603  0.3745  0.1265 -0.0003  0.4861 0 
 46.1646 -0.0441 -1.9142  0.0187  0.2672  0.0368  0.3051  0.0195 -0.0003  0.1149 0 
 44.7456  0.7788 -1.8280  0.0114  0.3444  0.0548  0.1757  0.0098 -0.0003  0.2438 0 
 42.4140 -0.7561  1.2872  0.0062  0.5622  0.0067  0.0891  0.0078 -0.0003  0.1281 0 
 62.9770 -0.5878 -1.2018  0.0246  0.7093  0.2835  0.5643  0.1054 -0.0003  0.3490 0 
 51.2367  0.5761  1.9153  0.0042  0.0922  0.0379  0.2121  0.0123 -0.0003  0.0582 0 
 45.6397 -0.6185 -0.3248  0.0593  0.5902  0.0947  0.5682  0.0274 -0.0003  0.3528 0 
 41.0498  0.6290  2.8035  0.0212  0.1370  0.0338  0.1798  0.0193 -0.0003  0.0694 0 
 46.4698  0.1197 -3.1403  0.0999  0.2080  0.0838  0.3915  0.0599 -0.0003  0.4254 0 
 43.7324 -0.1168  0.0098  0.0302  0.4636  0.0395  0.4420  0.0391 -0.0003  0.2645 0 
 49.9611  0.2099  0.4949  0.0645  0.2662  0.1014  0.2989  0.1760 -0.0003  0.6024 0 
 49.8299 -0.2267 -2.6126  0.0131  0.5992  0.0382  0.2991  0.0351 -0.0003  0.1972 0 
 57.3037 -0.2490 -2.3339  0.0113  0.1689  0.0342  0.3300  0.0219 -0.0003  0.0674 0 
 44.4556  0.2547  0.7984  0.0092  0.0593  0.0667  0.0880  0.0167  0.1416  0.1625 0 
 45.3803  0.0274  2.0313  0.0177  0.2288  0.0858  0.4815  0.0486 -0.0003  0.1767 0 
 44.5411 -0.0569 -1.1335  0.0356  0.2317  0.0191  0.0880  0.0003 -0.0003  0.1608 0 
 43.1708 -0.7580 -1.8542  0.0501  0.6057  0.0270  0.2661  0.0526 -0.0003  0.2604 0 
 35.4040  0.7217  1.2711  0.0558  0.4851  0.0897  0.2809  0.0573 -0.0003  0.4415 0 
 46.0670  0.2019  1.8481  0.0003  0.3432  0.0307  0.3924  0.0412 -0.0003  0.0903 0 
 38.2910 -0.1946 -1.2869  0.0037  0.0323  0.0205  0.1832  0.0892 -0.0003  0.0475 0 
 45.8686 -0.2276 -0.3282  0.1797  0.3047  0.0323  0.3056  0.1406 -0.0003  0.7144 1 
 45.5970  0.2331  2.8036  0.0790  0.6459  0.0646  0.4809  0.0460 -0.0003  0.5028 1 
 47.2297 -0.4718  0.4521  0.0325  0.2596  0.0837  0.2599  0.1954 -0.0003  0.4778 0 
 46.7170  0.4659 -2.7022  0.0114  0.2500  0.2122  0.5648  0.1540 -0.0003  0.3626 0 
 43.2685 -0.5781  2.3171  0.0046  0.5128  0.0497  0.2660  0.0689 -0.0003  0.2085 0 
 43.0152  0.5853 -0.7991  0.0313  0.2887  0.0464  0.2220  0.0471 -0.0003  0.1934 0 
 46.6651 -0.0858 -1.7694  0.0160  0.1965  0.0836  0.3911  0.0971 -0.0003  0.1674 0 
 43.9612  0.0858  1.3739  0.0096  0.4018  0.0186  0.2207  0.1129 -0.0003  0.1213 0 
 49.4759 -0.7256  2.6649  0.0781  0.5952  0.0351  0.5565  0.0226 -0.0003  0.5216 1 
 48.5420  0.7222 -0.4421  0.3619  0.4778  0.0399  0.4302  0.4713 -0.0003  0.9960 1 
 48.5939  0.7887 -1.3029  0.3296  0.5480  0.0579  0.6020  0.1878 -0.0003  0.9594 1 
 37.7081 -0.7840  1.8103  0.1765  0.4007  0.0380  0.4601  0.3743  0.1591  0.9696 1 
 43.2654  0.5357 -1.7461  0.1938  0.6615  0.0904  0.4433  0.2023 -0.0003  0.9649 1 
 37.1191 -0.5660  1.3996  0.1150  0.2718  0.0360  0.2310  0.1667  0.3131  0.9715 1 
 43.9368 -0.0923 -1.9163  1.2127  0.6546  0.0615  0.5739  0.5071 -0.0003  0.9970 1 
 39.2004  0.1136  1.1598  0.1370  0.2970  0.0161  0.1821  0.1203  0.2532  0.9579 1 
 57.5051  0.5325  0.9947  0.0080  0.0983  0.0481  0.3297  0.0174 -0.0003  0.0674 0 
 54.2092 -0.5323 -2.1018  0.0220  0.6893  0.0914  0.4601  0.0392 -0.0003  0.2764 0 
 40.2655 -0.6213 -0.0935  0.0956  0.6525  0.0669  0.5875  0.0676 -0.0003  0.6026 0 
 36.3806  0.6708  3.1138  0.1593  0.4049  0.0898  0.2788  0.1445 -0.0003  0.8595 0 
 47.7516  0.2160  1.0581  0.0209  0.1903  0.1344  0.4320  0.0120 -0.0003  0.1482 0 
 42.6612 -0.2182 -2.0742  0.0445  0.3849  0.0216  0.2670  0.0375 -0.0003  0.1509 0 
 61.7868  0.7101  2.3548  0.0284  0.1106  0.0612  0.3645  0.0353 -0.0003  0.0989 0 
 39.2218 -0.6749 -0.7446  0.0286  0.5553  0.0552  0.3186  0.0140 -0.0003  0.2849 0 
 49.7749 -0.1358 -2.7709  0.0104  0.4738  0.0285  0.2137  0.0278 -0.0003  0.1404 0 
 41.9532  0.1098  0.3892  0.0260  0.0577  0.0098  0.3128  0.0787 -0.0003  0.0435 0 
 48.8014 -0.1077 -0.7595  0.0897  0.4154  0.0661  0.5584  0.1500 -0.0003  0.7046 0 
 44.3397  0.1018  2.3811  0.0012  0.4508  0.0607  0.6166  0.0772  0.0367  0.2429 0 
 47.0344 -0.3226  0.5286  0.0567  0.3580  0.0391  0.5204  0.1102 -0.0003  0.4732 0 
 45.3162  0.3211 -2.6132  0.0135  0.3342  0.0129  0.2190  0.0075 -0.0003  0.0818 0 
 43.2502 -0.7783 -1.1567  0.0280  0.6789  0.0430  0.3547  0.0087 -0.0003  0.2832 1 
 43.1342  0.7706  1.9460  0.0359  0.4593  0.0593  0.4880  0.0837 -0.0003  0.3535 1 
 46.5919 -0.0864 -0.7502  0.2516  0.6698  0.0546  0.8695  0.3330 -0.0003  0.9933 1 
 41.9257  0.0686  2.3674  0.1727  0.3517  0.0410  0.2682  0.1707 -0.0003  0.8065 1 
 45.5726 -0.0825  1.3429  0.0202  0.1467  0.0374  0.2186  0.0389 -0.0003  0.0686 0 
 43.2746  0.0815 -1.7539  0.0079  0.3698  0.0454  0.1330  0.0248 -0.0003  0.2315 0 
 68.4520  0.3655  0.2410  0.0031  0.5376  0.1984  0.3951  0.0779 -0.0003  0.2780 0 
 39.7742 -0.3373 -2.9095  0.0123  0.1879  0.1047  0.5894  0.0313 -0.0003  0.1705 0 
 50.9529  0.5262 -2.0166  0.0125  0.3475  0.0496  0.5098  0.0202 -0.0003  0.1861 0 
 34.6929 -0.5781  1.1449  0.0872  0.4953  0.0232  0.1884  0.0694 -0.0003  0.3153 0 
 50.1228  0.0546 -0.4877  0.0001  0.4000  0.0228  0.4266  0.0607 -0.0003  0.0927 0 
 40.5524 -0.0767  2.6421  0.0597  0.1164  0.0619  0.2706  0.0123 -0.0003  0.1325 0 
 54.8318 -0.4421  1.3259  0.0119  0.4467  0.0674  0.3336  0.0291 -0.0003  0.2054 0 
 41.4679  0.4431 -1.7430  0.0193  0.4313  0.1299  0.7173  0.0911 -0.0003  0.3478 0 
 46.4546  0.7771 -0.1731  0.0457  0.3831  0.1641  0.2610  0.0198 -0.0003  0.2903 0 
 46.3416 -0.7655  3.0049  0.0577  0.2010  0.0596  0.2612  0.1673  0.1710  0.6312 0 
 45.5024  0.1304  3.0904  0.0000  0.1270  0.0322  0.2187  0.1776 -0.0003  0.1124 0 
 40.5707 -0.1358 -0.0416  0.0002  0.2483  0.0126  0.1353  0.0346 -0.0003  0.0648 0 
 48.1971  0.7172  1.8942  0.0320  0.6016  0.0787  0.3017  0.0312 -0.0003  0.3064 1 
 41.6785 -0.7069 -1.2378  0.1964  0.2878  0.0251  0.4029  0.2257 -0.0003  0.8488 1 
 46.4393  0.4306  2.5391  0.0118  0.2777  0.1122  0.3046  0.0693 -0.0003  0.1876 0 
 37.3144 -0.4356 -0.5624  0.0872  0.4266  0.0352  0.2769  0.0649 -0.0003  0.4494 0 
 49.5888 -0.3873  2.3111  0.0230  0.3562  0.0168  0.2995  0.1368 -0.0003  0.1484 0 
 40.5219  0.4372 -0.8605  0.0513  0.5396  0.0599  0.5414  0.0712  0.0676  0.5331 0 
 44.8280 -0.4933  1.4915  0.3722  0.4393  0.0401  0.5270  0.4315 -0.0003  0.9943 1 
 38.7030  0.5019 -1.6134  0.2011  0.5177  0.0217  0.3654  0.2783  0.1037  0.9130 1 
 60.3464  0.7376 -1.9699  0.0266  0.7406  0.0699  0.2444  0.0016 -0.0003  0.3001 0 
 32.8893 -0.7361  1.2844  0.0141  0.0937  0.0356  0.1912  0.0170 -0.0003  0.0598 0 
 46.0334 -0.5662  2.6416  0.0071  0.3059  0.0215  0.3053  0.0543 -0.0003  0.0662 0 
 36.4721  0.5472 -0.5131  0.0143  0.2018  0.0767  0.2322  0.1273 -0.0003  0.2346 0 
 48.0964 -0.1387 -0.3343  0.0387  0.1768  0.0150  0.1294  0.0263 -0.0003  0.0779 0 
 45.3468  0.1401  2.8093  0.0150  0.4781  0.0176  0.3065  0.0071 -0.0003  0.1178 0 
 49.2897  0.7702  0.6157  0.0455  0.3836  0.1223  0.4285  0.0403 -0.0003  0.2979 0 
 38.7274 -0.7794 -2.5455  0.0136  0.1255  0.1552  0.3197  0.2047 -0.0003  0.2315 0 
 45.8289  0.0740  2.5673  0.0532  0.5883  0.0358  0.4366  0.0627 -0.0003  0.4366 1 
 35.6329 -0.0980 -0.5547  0.1388  0.1294  0.0741  0.1870  0.1578  0.6671  0.9984 1 
 51.0079 -0.1296 -1.6073  0.0009  0.0612  0.0461  0.4672  0.0677 -0.0003  0.0753 0 
 50.1045  0.1769  1.5155  0.0024  0.2124  0.0271  0.2133  0.0197 -0.0003  0.0592 0 
 49.2439 -0.1497  2.4867  0.0033  0.4550  0.0295  0.4714  0.0218 -0.0003  0.1417 0 
 45.6611  0.1558 -0.6409  0.0649  0.7186  0.0516  0.2622  0.0956 -0.0003  0.6442 0 
 46.4332 -0.4523  2.1805  0.0246  0.1874  0.0278  0.2611  0.0605  0.1548  0.3751 0 
 42.3957  0.4290 -0.9917  0.0461  0.7201  0.1021  0.4011  0.0596 -0.0003  0.3851 0 
 51.3039 -0.1210  1.6347  0.0945  0.1676  0.0466  0.3817  0.0469 -0.0003  0.3021 0 
 46.1494  0.1260 -1.5018  0.0681  0.2368  0.0267  0.3486  0.0685 -0.0003  0.2279 0 
 47.3335  0.0443  1.1344  0.0020  0.2420  0.0733  0.3463  0.0982 -0.0003  0.1443 0 
 46.8513 -0.0110 -2.0417  0.0207  0.1633  0.0433  0.5643  0.0162 -0.0003  0.1577 0 
 48.2673 -0.0947 -3.1023  0.0124  0.2987  0.1725  0.4308  0.0099 -0.0003  0.1917 0 
 46.7811  0.0840  0.0295  0.0366  0.2024  0.0222  0.3040  0.1068 -0.0003  0.1206 0 
 49.6407  0.1783 -1.5481  1.2131  0.6300  0.0590  0.3849  0.7364 -0.0003  0.9981 1 
 39.3713 -0.1629  1.6178  0.1699  0.4214  0.0309  0.4547  0.3568 -0.0003  0.9526 1 
 56.0006  0.5229 -0.5722  0.0435  0.0631  0.0449  0.1659  0.0023 -0.0003  0.0861 0 
 43.3936 -0.5178  2.5422  0.0169  0.3970  0.0152  0.0886  0.0005 -0.0003  0.1698 0 
 48.5603 -0.0303  3.1259  0.0652  0.5322  0.0127  0.2580  0.0143 -0.0003  0.1934 0 
 48.3253  0.0234 -0.0129  0.0326  0.1191  0.0464  0.3014  0.0551 -0.0003  0.0911 0 
 48.1422  0.1125  1.4084  0.0071  0.0317  0.0200  0.1293  0.0233 -0.0003  0.0493 0 
 44.2390 -0.1138 -1.7644  0.0054  0.2557  0.1138  0.5288  0.1180 -0.0003  0.2159 0 
 50.7332  0.0466 -2.3937  0.0767  0.4276  0.0739  0.4678  0.0456 -0.0003  0.4479 0 
 27.4235 -0.0674  0.7505  0.0057  0.0800  0.0192  0.0504  0.0436  0.2232  0.6977 0 
 43.4791  0.1629  1.8237  0.0044  0.5422  0.0526  0.3542  0.0023 -0.0003  0.1904 0 
 41.6419 -0.1758 -1.2508  0.0298  0.1547  0.0501  0.2239  0.0386 -0.0003  0.1043 0 
 38.5473 -0.7263 -2.5292  0.0158  0.6408  0.0449  0.6402  0.1035  0.1720  0.5796 1 
 30.6706  0.7326  0.6137  0.1161  0.6982  0.0242  0.4878  0.1011  0.2327  0.8978 1 
 51.7128 -0.5998 -2.5785  0.0184  0.3269  0.0546  0.4656  0.1013 -0.0003  0.2491 0 
 47.2847  0.6272  0.5969  0.0121  0.3199  0.0560  0.3031  0.0847 -0.0003  0.1870 0 
 45.5024  0.2742 -2.0541  0.4076  0.4597  0.0373  0.2624  0.2160 -0.0003  0.9722 1 
 31.6869 -0.2048  1.0813  0.0111  0.2405  0.0946  0.3382  0.1085  0.2113  0.4286 1 
 49.9428 -0.4370 -0.2473  0.0173  0.0964  0.0216  0.3416  0.0654 -0.0003  0.0511 0 
 44.2634  0.4401  2.9009  0.0188  0.0973  0.1164  0.3966  0.0218 -0.0003  0.0752 0 
 46.5187 -0.4435 -2.2863  0.0284  0.0621  0.0621  0.3480  0.1017 -0.0003  0.1033 0 
 45.7435  0.4471  0.8586  0.0237  0.2468  0.1129  0.3931  0.0600 -0.0003  0.1973 0 
 55.9945 -0.0624 -0.8831  0.3815  0.3601  0.0865  0.2904  0.6049  0.1199  0.9982 1 
 43.9857  0.0561  2.2495  0.2952  0.4203  0.0627  0.3972  0.6090 -0.0003  0.9979 1 
 44.5075  0.0999  0.3435  0.0975  0.2780  0.0314  0.2640  0.1542 -0.0003  0.5044 0 
 44.1840 -0.0837 -2.7948  0.0009  0.4770  0.0265  0.2645  0.0120 -0.0003  0.1199 0 
 45.0690  0.0878 -1.7991  0.3395  0.2501  0.0423  0.2193  0.2463 -0.0003  0.9515 1 
 39.0356 -0.1155  1.3322  0.1516  0.3837  0.2379  0.5013  0.1517  0.6905  0.9782 1 
 47.2572  0.3916  1.7355  0.0175  0.3867  0.0314  0.3898  0.1194 -0.0003  0.2079 0 
 45.1362 -0.4089 -1.3937  0.0603  0.7727  0.0434  0.3945  0.0545 -0.0003  0.5219 0 
 41.5137 -0.3269 -3.0414  0.0204  0.2053  0.0416  0.4034  0.0035 -0.0003  0.1276 0 
 38.7945  0.3682  0.0590  0.0309  0.3451  0.0622  0.4565  0.0262 -0.0003  0.2458 0 
 43.0854 -0.6190 -3.0229  0.2349  0.5364  0.0540  0.4438  0.3503 -0.0003  0.9868 1 
 37.6532  0.5771  0.1168  0.1086  0.5212  0.0631  0.1841  0.1686 -0.0003  0.8271 1 
 55.3140  0.3591 -0.4594  0.0598  0.1993  0.1053  0.2497  0.0336 -0.0003  0.2668 0 
 45.1637 -0.3548  2.6718  0.0437  0.0965  0.0193  0.3945  0.0814 -0.0003  0.0917 0 
 34.8150  0.3126 -2.6805  0.0246  0.1781  0.0266  0.4704  0.0994  0.3352  0.7358 1 
 23.9933 -0.2653  0.4713  0.1447  0.4395  0.0174  0.4730  0.1179  0.2269  0.9538 1 
 45.0202 -0.7050 -0.7105  0.4443  0.5450  0.0596  0.4825  0.4237 -0.0003  0.9956 1 
 44.7608  0.6621  2.4669  0.0749  0.6270  0.1509  0.3075  0.0336  0.8588  0.9958 1 
 41.6449 -0.5348 -2.8837  0.0757  0.4186  0.0286  0.2687  0.0413 -0.0003  0.3125 0 
 40.5463  0.5532  0.2512  0.0083  0.0704  0.0352  0.3157  0.0380 -0.0003  0.0519 0 
 45.3529 -0.0965 -0.3463  0.1536  0.3438  0.0324  0.3065  0.1158  0.1578  0.8380 0 
 41.3397  0.1343  2.8119  0.0591  0.2091  0.1628  0.5384  0.2260 -0.0003  0.6928 0 
 42.3926  0.3455  0.2521  0.0355  0.4624  0.0758  0.3120  0.1563 -0.0003  0.5370 0 
 31.1070 -0.3490 -2.9083  0.0266  0.3562  0.0209  0.2429  0.0145 -0.0003  0.1168 0 
 46.3081  0.2877 -2.5777  0.1126  0.2696  0.0403  0.4790  0.1975 -0.0003  0.7390 0 
 43.0884 -0.3004  0.5708  0.0548  0.1533  0.0148  0.2662  0.0883 -0.0003  0.0915 0 
 46.5522 -0.0439  2.3739  0.0409  0.4184  0.0394  0.5218  0.0482  0.1465  0.5363 0 
 33.4874  0.0615 -0.7744  0.0364  0.4895  0.0323  0.2854  0.1092  0.1661  0.6117 0 
 45.7893  0.0144  1.9762  0.0193  0.0139  0.0124  0.1310  0.0014 -0.0003  0.0508 0 
 44.5380 -0.0474 -1.1527  0.1556  0.3712  0.1009  0.2640  0.1131 -0.0003  0.7909 0 
 48.5969  0.5688 -1.5081  0.0194  0.1361  0.1387  0.4300  0.0655  0.4271  0.4133 0 
 40.9522 -0.5599  1.6450  0.0204  0.1945  0.0650  0.4948  0.0125 -0.0003  0.1581 0 
 45.9510 -0.5441  0.7462  0.0057  0.5560  0.0275  0.4799  0.0198 -0.0003  0.1588 0 
 44.1291  0.5188 -2.3896  0.0821  0.1759  0.3081  0.3528  0.0982 -0.0003  0.4774 0 
 52.0912  0.3650  1.7699  0.0074  0.4123  0.0401  0.3380  0.1607 -0.0003  0.2643 0 
 43.5065 -0.3616 -1.4209  0.0543  0.3024  0.2098  0.6197  0.2377 -0.0003  0.7892 0 
 45.2522 -0.6458 -1.7943  0.0526  0.2619  0.0697  0.5257  0.1241 -0.0003  0.4447 0 
 44.2908  0.6841  1.3160  0.0615  0.5482  0.1938  0.5286  0.0230 -0.0003  0.3493 0 
 49.0089 -0.2600  0.0098  0.0381  0.3427  0.0205  0.2146  0.0036 -0.0003  0.1479 0 
 41.6907  0.2800 -3.1161  0.0000  0.3217  0.0321  0.0895  0.0041 -0.0003  0.2060 0 
 55.2956 -0.4852 -0.3020  0.0750  0.6136  0.0174  0.3329  0.0912 -0.0003  0.3646 1 
 39.9054  0.5020  2.8501  0.2273  0.1749  0.0930  0.3624  0.4481 -0.0003  0.9869 1 
 47.3945  0.4982  2.4485  0.0334  0.2724  0.0200  0.2164  0.0064 -0.0003  0.1089 0 
 38.9502 -0.5056 -0.6952  0.0227  0.2686  0.0860  0.4104  0.0137 -0.0003  0.1814 0 
 45.3559 -0.5454 -2.2428  0.1682  0.3915  0.0931  0.4816  0.2390 -0.0003  0.9445 0 
 44.3427  0.5975  0.8757  0.1431  0.3395  0.0244  0.5285  0.1613  0.0891  0.8572 0 
 48.9967  0.5450  1.3222  0.0133  0.3665  0.0113  0.1717  0.0041 -0.0003  0.1021 0 
 35.3552 -0.5484 -1.8480  0.0082  0.3981  0.0501  0.2810  0.0008 -0.0003  0.2006 0 
 50.8003  0.5303  0.5516  0.1444  0.5254  0.0655  0.4677  0.0801 -0.0003  0.7352 0 
 46.0731 -0.5112 -2.5790  0.0265  0.3466  0.0584  0.2616  0.0410  0.1023  0.4009 0 
 47.1778 -0.1001 -2.6978  0.0100  0.1232  0.0105  0.1300  0.0064 -0.0003  0.0480 0 
 45.9083  0.1253  0.4415  0.0182  0.1103  0.0897  0.2618  0.0356 -0.0003  0.0865 0 
 47.6539  0.1411 -0.7489  0.0486  0.1182  0.0358  0.3025  0.0388 -0.0003  0.0911 0 
 45.4505 -0.1462  2.3785  0.0235  0.5790  0.0367  0.1750  0.0001 -0.0003  0.2992 0 
 51.3252 -0.7062 -0.1692  0.0504  0.3021  0.1531  0.5937  0.0040  0.4327  0.5584 0 
 41.2970  0.7047  2.9146  0.0115  0.8289  0.0120  0.2244  0.0151 -0.0003  0.1337 0 
 46.0212 -0.4115 -1.5108  0.3870  0.6625  0.0317  0.3489  0.2381 -0.0003  0.9764 1 
 44.0467  0.3878  1.6357  0.1637  0.0623  0.0738  0.2206  0.1663  0.0511  0.6149 1 
 55.1736 -0.1838 -1.1403  0.0728  0.3759  0.2668  0.4997  0.0773 -0.0003  0.4350 0 
 43.2441  0.1820  1.9688  0.0850  0.0302  0.0104  0.1773  0.1137 -0.0003  0.0704 0 
 46.4942  0.7657  2.5571  0.0098  0.1775  0.1035  0.2610  0.1124 -0.0003  0.1678 0 
 30.1701 -0.7856 -0.5919  0.0067  0.3657  0.0122  0.2451  0.0257 -0.0003  0.0682 0 
 46.5309 -0.3776  2.0390  0.0266  0.7452  0.0836  0.4784  0.0236 -0.0003  0.2904 0 
 42.1515  0.3791 -1.1044  0.0065  0.1731  0.0167  0.2232  0.0276 -0.0003  0.0414 0 
 44.0314 -0.4748  1.2940  0.0178  0.3373  0.0537  0.3089  0.0048 -0.0003  0.1976 0 
 33.2494  0.4748 -1.8256  0.0186  0.2938  0.0301  0.2860  0.0064 -0.0003  0.1161 0 
 48.3467 -0.2705  2.4849  0.0006  0.7863  0.0249  0.3014  0.0699 -0.0003  0.1418 0 
 44.7730  0.2312 -0.6843  0.0556  0.3593  0.1051  0.3954  0.0790 -0.0003  0.3879 0 
 44.7333  0.5757  2.4711  0.0190  0.6855  0.0138  0.3076  0.0115  0.0556  0.1885 0 
 38.5840 -0.5580 -0.6725  0.0174  0.0770  0.0286  0.2743  0.0395  0.1212  0.1608 0 
 39.2645  0.5635  0.8570  0.0012  0.2411  0.0268  0.3640  0.0709  0.0500  0.1218 0 
 38.8800 -0.5408 -2.2897  0.0712  0.7573  0.0535  0.4106  0.1592 -0.0003  0.7839 0 
 48.1910  0.7146 -0.7943  0.0095  0.4554  0.0249  0.3879  0.0052 -0.0003  0.1401 0 
 47.7028 -0.7224  2.3173  0.0133  0.3325  0.0543  0.3024  0.1754 -0.0003  0.3437 0 
 51.3863 -0.8027  0.3060  0.0226  0.2840  0.1690  0.6359  0.1015 -0.0003  0.3604 0 
 43.6194  0.7811 -2.8143  0.0078  0.1756  0.0305  0.4423  0.0151 -0.0003  0.0824 0 
 47.6722  0.7061  1.4735  0.2043  0.2434  0.0629  0.6482  0.0803 -0.0003  0.7917 1 
 40.8087 -0.7145 -1.6357  0.3083  0.5764  0.0372  0.1801  0.3117 -0.0003  0.9780 1 
 53.5683  0.4032  2.2282  0.0116  0.3729  0.1386  0.4195  0.0566  0.2565  0.4566 0 
 42.6429 -0.4333 -0.8027  0.0230  0.3542  0.1392  0.3560  0.1065 -0.0003  0.3047 0 
 41.8250 -0.1366  2.0650  0.0959  0.2824  0.1154  0.4921  0.2127 -0.0003  0.8020 0 
 40.7202  0.1227 -1.0757  0.0799  0.2123  0.0150  0.2253  0.0284 -0.0003  0.1265 0 
 46.0731  0.8068 -0.9151  0.0162  0.5524  0.1163  0.5232  0.0230 -0.0003  0.2354 0 
 34.4945 -0.7595  2.1603  0.1403  0.2140  0.0494  0.3773  0.1902  0.1812  0.8949 0 
 35.1507 -0.6775  2.2505  0.0350  0.2933  0.0555  0.2346  0.0032 -0.0003  0.2489 0 
 34.9218  0.7041 -0.9486  0.0219  0.3509  0.0504  0.3760  0.0145  0.2014  0.4291 0 
 46.8055  0.5574 -1.5567  0.0374  0.0857  0.0765  0.2171  0.0153 -0.0003  0.0964 0 
 46.3081 -0.5623  1.6078  0.0092  0.2069  0.0918  0.4354  0.0406 -0.0003  0.1294 0 
 44.3763 -0.7917  3.0127  0.0025  0.0968  0.0267  0.3082  0.0153 -0.0003  0.0455 0 
 40.9613  0.7869 -0.1285  0.0394  0.4199  0.0208  0.2249  0.0259 -0.0003  0.1472 0 
 45.7069  0.2073 -0.9265  0.0869  0.5755  0.0670  0.3058  0.0611 -0.0003  0.6284 0 
 34.8852 -0.2211  2.2075  0.0678  0.1365  0.0712  0.3761  0.0102 -0.0003  0.1971 0 
 44.1779 -0.3947 -2.7988  0.0858  0.2529  0.0838  0.3086  0.0139 -0.0003  0.3768 0 
 40.4578  0.3830  0.3086  0.0329  0.1632  0.0529  0.5867  0.0244 -0.0003  0.2115 0 
 43.1586 -0.1272  0.9772  0.0088  0.4316  0.0840  0.3549  0.0104 -0.0003  0.1811 0 
 36.1242  0.1373 -2.1589  0.0710  0.1930  0.0261  0.3259  0.1719 -0.0003  0.3440 0 
 45.8900  0.0917 -0.2824  0.0099  0.4138  0.0542  0.0873  0.0889 -0.0003  0.3154 0 
 44.0009 -0.0768  2.8299  0.1244  0.1749  0.0193  0.2648  0.1999 -0.0003  0.4732 0 
 47.9438 -0.7174  1.3919  0.0439  0.3288  0.1182  0.5610  0.0112 -0.0003  0.2980 0 
 36.0143  0.7213 -1.7601  0.0262  0.4966  0.0137  0.0932  0.0058 -0.0003  0.1587 0 
 50.4829 -0.2139 -1.0490  0.0183  0.3404  0.0654  0.3832  0.0330 -0.0003  0.1956 0 
 44.9012  0.1738  2.1068  0.0020  0.5525  0.0531  0.3512  0.0656 -0.0003  0.1894 0 
 51.0048  0.7598 -2.3810  0.0083  0.5235  0.0772  0.2973  0.0862 -0.0003  0.2822 0 
 29.0105 -0.7482  0.7617  0.0249  0.4501  0.0235  0.3471  0.0163 -0.0003  0.1555 0 
 53.3211 -0.6509 -3.0548  0.0902  0.2554  0.1100  0.1680  0.1634 -0.0003  0.7076 0 
 45.9144  0.6166  0.1338  0.0157  0.2105  0.0607  0.5237  0.0567 -0.0003  0.1759 0 
 47.5135  0.4042 -1.3245  0.0434  0.4095  0.2003  0.5623  0.1227 -0.0003  0.4258 0 
 46.3569 -0.4390  1.7836  0.0097  0.1670  0.1643  0.2177  0.0172 -0.0003  0.1182 0 
 51.1513  0.7282 -1.9152  0.0027  0.5380  0.0612  0.4244  0.0648 -0.0003  0.1861 0 
 44.1840 -0.7244  1.2472  0.0175  0.1996  0.0314  0.2645  0.0193 -0.0003  0.0740 0 
 55.2712  0.5554 -3.1095  0.0182  0.3714  0.0291  0.2914  0.0368 -0.0003  0.1192 0 
 46.6651 -0.5751  0.0082  0.0139  0.2716  0.0538  0.3476  0.0273 -0.0003  0.1434 0 
 48.2460 -0.6403 -2.7983  0.0858  0.1886  0.0509  0.3447  0.0497 -0.0003  0.2985 0 
 35.5108  0.6305  0.3414  0.1685  0.3838  0.0276  0.2807  0.1816 -0.0003  0.7437 0 
 42.3682 -0.4644  0.7337  0.0063  0.3667  0.1758  0.4012  0.0720  0.1953  0.4318 0 
 34.4396  0.4829 -2.4594  0.0092  0.7490  0.0175  0.2359  0.0339 -0.0003  0.1313 0 
 51.2734 -0.7018 -1.1565  0.0160  0.1082  0.0257  0.2545  0.0269 -0.0003  0.0465 0 
 47.2541  0.6844  1.9576  0.0174  0.2576  0.0486  0.3465  0.0574 -0.0003  0.1403 0 
 46.2745  0.0217  1.3335  0.0210  0.2169  0.0490  0.3919  0.0303 -0.0003  0.1361 0 
 44.2420 -0.0110 -1.8071  0.0078  0.3699  0.0084  0.2203  0.0766 -0.0003  0.0783 0 
 45.0629  0.7849 -0.0910  0.0809  0.2481  0.0683  0.5263  0.0767 -0.0003  0.4766 1 
 35.4650 -0.7760  3.1295  0.1519  0.1511  0.0234  0.2340  0.3592  0.2974  0.9893 1 
 54.4350 -0.2869 -1.8872  0.0136  0.1772  0.0150  0.1253  0.0096 -0.0003  0.0652 0 
 34.3297  0.2913  1.2585  0.0101  0.3205  0.0157  0.2834  0.0473 -0.0003  0.0636 0 
 57.0626 -0.7862  2.3986  0.0088  0.6849  0.0520  0.2065  0.0255 -0.0003  0.3122 0 
 46.4942  0.7857 -0.7258  0.0000  0.4497  0.0107  0.2610  0.2822 -0.0003  0.2442 0 
 45.6001  0.5121  1.7228  0.0812  0.1538  0.0262  0.2623  0.0063 -0.0003  0.1463 0 
 44.2786 -0.5159 -1.4286  0.0043  0.3461  0.0049  0.1762  0.0047 -0.0003  0.0761 0 
 48.4932 -0.3170 -2.1554  0.0926  0.2093  0.3408  0.4303  0.0568 -0.0003  0.4916 0 
 43.5096  0.3238  1.0073  0.0464  0.5365  0.0306  0.4426  0.0783 -0.0003  0.3900 0 
 53.6873 -0.3998 -0.6380  0.0066  0.4737  0.1351  0.7127  0.1142 -0.0003  0.3134 0 
 34.6410  0.4046  2.5103  0.0031  0.0275  0.2785  0.2826  0.0367 -0.0003  0.0436 0 
 48.8533 -0.1314 -0.6453  0.6059  0.2972  0.0527  0.5583  0.4904 -0.0003  0.9954 1 
 24.8173  0.1604  2.4810  0.3597  0.2756  0.0167  0.2080  0.2482 -0.0003  0.9255 1 
 53.0770 -0.7059  0.0271  0.0056  0.4916  0.0576  0.3784  0.0229 -0.0003  0.1785 0 
 42.0111  0.7272 -3.1206  0.0033  0.5202  0.0206  0.1340  0.0764 -0.0003  0.1303 0 
 49.3324  0.5986  1.4249  0.0027  0.4252  0.0332  0.1285  0.0197 -0.0003  0.1897 0 
 40.5127 -0.6136 -1.7431  0.0282  0.3130  0.0554  0.7219  0.0699 -0.0003  0.3652 0 
 48.4504 -0.4168  0.7203  0.0433  0.2597  0.0116  0.1291  0.0519 -0.0003  0.1135 0 
 46.2562  0.4078 -2.4261  0.0233  0.2056  0.0801  0.4356  0.0164 -0.0003  0.1583 0 
 48.0873 -0.1624  1.7705  0.0074  0.1836  0.0645  0.6899  0.0491 -0.0003  0.1955 0 
 37.5525  0.0919 -1.3715  0.0655  0.2337  0.0207  0.0921  0.1799 -0.0003  0.2964 0 
 46.6926 -0.2024  1.3644  0.2626  0.2734  0.0699  0.5214  0.1271 -0.0003  0.8725 0 
 36.5179  0.1989 -1.7794  0.0044  0.2688  0.0184  0.2321  0.1575 -0.0003  0.1255 0 
 44.9592  0.2506  2.0436  0.0242  0.1857  0.0371  0.3511  0.0770  0.2457  0.5206 0 
 39.2279 -0.2579 -1.1074  0.0086  0.4151  0.0426  0.2276  0.0402 -0.0003  0.1685 0 
 53.4249  0.1870  2.7681  0.0193  0.1927  0.0161  0.1679  0.1224 -0.0003  0.1032 0 
 48.5878 -0.1714 -0.3603  0.0211  0.4484  0.0294  0.6021  0.0140 -0.0003  0.2483 0 
 50.6386  0.5042  2.1695  0.0070  0.1222  0.0373  0.3404  0.0370 -0.0003  0.0586 0 
 44.7486 -0.5124 -0.9653  0.0039  0.0676  0.0369  0.1318  0.0023 -0.0003  0.0738 0 
 47.2663  0.4598  1.8482  0.0141  0.4330  0.0211  0.3032  0.0995 -0.0003  0.1232 0 
 44.6418 -0.4435 -1.2697  0.0002  0.2658  0.0231  0.1319  0.0760 -0.0003  0.0971 0 
 43.3173  0.7411 -0.5345  0.0412  0.4724  0.0155  0.3102  0.0307  0.1082  0.3643 0 
 41.7975 -0.7538  2.5846  0.0360  0.3947  0.0462  0.3579  0.0302 -0.0003  0.2601 0 
 48.0842 -0.5229  2.9896  0.0047  0.4798  0.0330  0.5605  0.1686 -0.0003  0.3075 0 
 46.2898  0.5196 -0.1119  0.0034  0.0882  0.1092  0.3484  0.1286 -0.0003  0.0835 0 
 45.1728 -0.3158  3.0156  0.0065  0.2104  0.0579  0.3068  0.0609 -0.0003  0.1051 0 
 40.3906  0.2985 -0.0718  0.0056  0.2790  0.0451  0.2258  0.0179 -0.0003  0.1237 0 
 50.7027  0.5565  2.4503  0.0346  0.2187  0.0505  0.3403  0.0259 -0.0003  0.1634 0 
 45.9388 -0.5401 -0.7237  0.0161  0.0454  0.0492  0.2182  0.0467 -0.0003  0.0657 0 
 42.5422  0.7921 -1.8682  0.0010  0.3864  0.0831  0.5789  0.1558  0.2704  0.6080 0 
 29.5109 -0.8042  1.3252  0.0054  0.7263  0.0286  0.2467  0.1036 -0.0003  0.1789 0 
 49.7230  0.3422 -0.6858  0.0225  0.5223  0.0161  0.0855  0.0153 -0.0003  0.1577 0 
 47.3884 -0.3335  2.4592  0.0165  0.1027  0.3717  0.5194  0.0201 -0.0003  0.1556 0 
 46.7597  0.0257 -0.5001  0.0233  0.4292  0.1535  0.5646  0.0794 -0.0003  0.2967 0 
 41.3123  0.0234  2.6741  0.0226  0.7280  0.0330  0.3590  0.0112  0.0184  0.2721 0 
 41.1292 -0.2934 -0.8827  0.0409  0.5785  0.0354  0.4943  0.1602 -0.0003  0.5467 0 
 38.5657  0.2689  2.2498  0.0178  0.2971  0.0287  0.3201  0.0056 -0.0003  0.1141 0 
 50.4616  0.6014  0.8479  0.0177  0.1321  0.0573  0.2555  0.0370 -0.0003  0.0860 0 
 37.6562 -0.6341 -2.2501  0.0011  0.6941  0.0581  0.4602  0.0623 -0.0003  0.2074 0 
 45.4170 -0.2638  2.5040  0.0191  0.1989  0.0527  0.2626  0.0192 -0.0003  0.1171 0 
 44.5899  0.2381 -0.6386  0.0114  0.1463  0.1183  0.5717  0.1149 -0.0003  0.1967 0 
 47.3518  0.6787 -0.2925  0.0175  0.1372  0.0285  0.1299  0.1231 -0.0003  0.1111 0 
 42.1057 -0.6697  2.8372  0.0220  0.4298  0.0407  0.4465  0.0494 -0.0003  0.2271 0 
 49.1096  0.3437  0.0998  0.1353  0.3082  0.2280  0.5146  0.0688 -0.0003  0.5537 0 
 45.0446 -0.3216 -3.0480  0.0429  0.3246  0.0308  0.1754  0.1212 -0.0003  0.2481 0 
 42.1241 -0.1742  3.0772  0.7993  0.4408  0.0861  0.5357  0.5947  0.5696  0.9998 1 
 36.1242  0.2018 -0.0170  0.1605  0.6054  0.0188  0.3724  0.3713  0.1472  0.9519 1 
 49.6559  0.2724  1.9832  0.0017  0.1950  0.2034  0.2138  0.0972 -0.0003  0.2020 0 
 46.9032 -0.2579 -1.1171  0.0467  0.2186  0.1001  0.5208  0.0363 -0.0003  0.2835 0 
 43.6439  0.7242  0.8138  0.0276  0.0836  0.0286  0.2654  0.0093 -0.0003  0.0566 0 
 36.8750 -0.7041 -2.2994  0.0252  0.5304  0.0453  0.2777  0.0053 -0.0003  0.2806 0 
 41.2573 -0.6820  1.2121  0.0333  0.2296  0.0263  0.2694  0.0645  0.2203  0.5917 1 
 40.2258  0.6989 -1.9018  0.1279  0.6642  0.0177  0.2712  0.1787 -0.0003  0.6611 1 
 47.1321 -0.7069  2.5148  0.0784  0.6904  0.0264  0.1734  0.0157 -0.0003  0.3740 0 
 45.0172  0.7154 -0.6020  0.0101  0.4828  0.0257  0.3509  0.0031 -0.0003  0.1474 0 
 42.1790 -0.4658 -0.9726  0.0185  0.6563  0.0397  0.3570  0.0182 -0.0003  0.2333 0 
 40.0488  0.5595  2.1494  0.0901  0.1211  0.0503  0.4073  0.0417 -0.0003  0.2411 0 
 46.2440 -0.6552  2.2534  0.0012  0.2675  0.0479  0.4356  0.1066 -0.0003  0.1426 0 
 41.3581  0.6335 -0.8832  0.0012  0.2595  0.0502  0.4038  0.1918 -0.0003  0.2302 0 
 46.8971  0.4648 -0.2148  0.3918  0.5446  0.0337  0.3906  0.3518 -0.0003  0.9910 1 
 37.7447 -0.4696  2.9437  0.1015  0.7161  0.0321  0.2300  0.0308 -0.0003  0.5883 1 
 50.1076  0.7306  1.3657  0.0019  0.3958  0.0127  0.2560  0.1448 -0.0003  0.1130 0 
 46.2898 -0.7310 -1.7750  0.0191  0.1595  0.0368  0.4355  0.0495 -0.0003  0.1052 0 
 51.6457 -0.6399 -1.8189  0.0437  0.3607  0.0906  0.3810  0.0362 -0.0003  0.2922 0 
 46.5736  0.6426  1.3299  0.0886  0.0998  0.0573  0.1739  0.0945 -0.0003  0.2253 0 
 49.3660  0.2752  1.9450  0.3159  0.5547  0.0821  0.6852  0.2551  0.1552  0.9887 1 
 44.0101 -0.2585 -1.2195  1.3349  0.6800  0.0460  0.3530 -0.0200 -0.0003  0.9939 1 
 37.2595 -0.6723 -1.6252  0.0840  0.2347  0.0151  0.1385  0.0712 -0.0003  0.1678 0 
 28.5679  0.7215  1.4616  0.0062  0.1320  0.1081  0.1993  0.0815  0.1520  0.2256 0 
 45.1728  0.5765  0.2530  0.0329  0.3628  0.0284  0.3944  0.0240 -0.0003  0.1877 0 
 43.0579 -0.5614 -2.8755  0.0193  0.6469  0.0378  0.5770  0.0860 -0.0003  0.3143 0 
 45.1240 -0.0235 -0.6398  0.0212  0.7077  0.1623  0.5699  0.0245 -0.0003  0.2876 0 
 26.6361  0.0494  2.4825  0.0236  0.8314  0.0239  0.2035  0.0264  0.2247  0.6272 0 
 42.5574  0.5058 -0.8537  0.0115  0.4985  0.1006  0.4007  0.0894 -0.0003  0.2521 0 
 32.7398 -0.4905  2.3203  0.0698  0.3233  0.1753  0.3830  0.1098 -0.0003  0.4684 0 
 48.8502  0.5969  1.8296  0.0393  0.2395  0.0670  0.2577  0.0604 -0.0003  0.2433 0 
 43.5004 -0.5988 -1.2973  0.0067  0.4137  0.0270  0.2656  0.0328 -0.0003  0.1026 0 
 43.6103 -0.5345  1.6910  0.0115  0.5073  0.0920  0.6193  0.0246 -0.0003  0.2240 0 
 39.5758  0.5880 -1.4711  0.0399  0.5128  0.1202  0.6356  0.0038 -0.0003  0.2963 0 
 47.0130  0.3615  1.9187  0.0650  0.4606  0.0428  0.5205  0.1826 -0.0003  0.6583 0 
 38.8403 -0.3008 -1.2394  0.0035  0.1300  0.1111  0.2738  0.0452 -0.0003  0.0760 0 
 53.3364  0.6180 -1.5785  0.3122  0.1958  0.0711  0.3360  0.4105 -0.0003  0.9911 0 
 32.8161 -0.6355  1.5690  0.1038  0.3273  0.0287  0.1435  0.1757  0.1692  0.7800 0 
 51.6640 -0.3201 -2.3358  0.0050  0.1007  0.0213  0.2964  0.0141  0.1488  0.1945 0 
 44.4038  0.3123  0.7896  0.0103  0.0322  0.3769  0.1761  0.0447 -0.0003  0.0591 0 
 47.4769 -0.3553 -3.0518  0.7057  0.6691  0.0423  0.4759  0.6402 -0.0003  0.9980 1 
 46.8055  0.3453  0.0457  0.0459  0.3449  0.1129  0.4342  0.0983 -0.0003  0.3749 1 
 53.5988 -0.1115 -0.9748  0.0138  0.2723  0.0305  0.3775  0.0037 -0.0003  0.1124 0 
 48.3772  0.1301  2.1681  0.2165  0.4882  0.0450  0.2583  0.1990 -0.0003  0.9079 0 
 48.4810 -0.5729  1.0772  0.0439  0.2618  0.0414  0.3442  0.1445 -0.0003  0.3296 0 
 47.4464  0.6085 -2.0718  0.0589  0.8101  0.0575  0.4327  0.1157 -0.0003  0.6511 0 
 52.6284 -0.6832  1.9139  0.0107  0.4695  0.0436  0.2949  0.0095 -0.0003  0.2015 0 
 41.2634  0.6697 -1.2270  0.0624  0.4431  0.0149  0.4040  0.0710 -0.0003  0.2831 0 
 46.2104 -0.2504  1.6936  0.0019  0.3223  0.0267  0.2179  0.0738 -0.0003  0.0867 0 
 41.0620  0.2507 -1.4527  0.0099  0.3475  0.0307  0.2248  0.0178 -0.0003  0.1180 0 
 46.4851  0.0950 -1.4578  0.1301  0.3418  0.1439  0.5220  0.1367  0.6679  0.9734 1 
 39.0204 -0.1761  1.6547  0.1005  0.4414  0.0225  0.3191  0.0994 -0.0003  0.4566 1 
 47.2602  0.5621 -1.3902  0.0430  0.6200  0.0666  0.5198  0.0854 -0.0003  0.3977 0 
 44.7456 -0.5640  1.7377  0.0083  0.2213  0.0273  0.2197  0.0110 -0.0003  0.0703 0 
 51.6579  0.1424  1.0175  0.0116  0.1340  0.1371  0.5504  0.0233 -0.0003  0.1287 0 
 47.1595 -0.1615 -2.1568  0.0371  0.4263  0.1045  0.5634  0.0443 -0.0003  0.3041 0 
 51.9112  0.3467  2.6678  0.0621  0.3337  0.0899  0.2960  0.0065 -0.0003  0.3379 0 
 47.1199 -0.3287 -0.4389  0.0173  0.4703  0.0164  0.3468  0.1049 -0.0003  0.1318 0 
 63.6942  0.5129  1.7333  0.0196  0.2768  0.0500  0.1608  0.0316 -0.0003  0.1972 0 
 42.8168 -0.5011 -1.4424  0.0378  0.3749  0.0378  0.1778  0.0251 -0.0003  0.2366 0 
 49.5460 -0.7015  2.2811  0.0471  0.2859  0.0276  0.2995  0.1143 -0.0003  0.2251 1 
 46.2867  0.6838 -0.8950  0.0779  0.6612  0.1352  0.6532  0.4836 -0.0003  0.9802 1 
 39.7009  0.5233 -0.3048  0.2155  0.5011  0.0609  0.4537 -0.0200 -0.0003  0.7735 1 
 32.9534 -0.5475  2.8074  0.1710  0.3257  0.1254  0.3822  0.2313  0.6564  0.9955 1 
 31.7784  0.5292  2.1320  0.2985  0.3888  0.0490  0.4346  0.1055 -0.0003  0.8355 1 
 28.4611 -0.6094 -1.0148  0.1217  0.5194  0.0274  0.2992  0.2109  0.2542  0.9480 1 
 47.2389 -0.3413 -0.4296  0.0009  0.3215  0.0453  0.2599  0.0406 -0.0003  0.1130 0 
 44.1077  0.3361  2.7093  0.0200  0.1740  0.0229  0.3528  0.0351 -0.0003  0.0631 0 
 51.2734  0.6735  0.6185  0.0073  0.2012  0.0775  0.4242  0.1382 -0.0003  0.1775 0 
 42.6093 -0.6847 -2.5120  0.0103  0.7053  0.0162  0.2225  0.0120 -0.0003  0.1322 0 
 47.2816  0.4396 -0.5396  0.0522  0.3082  0.1103  0.5197  0.1292 -0.0003  0.4675 1 
 46.7384 -0.4536  2.6157  0.3544  0.3811  0.0530  0.4344  0.3327 -0.0003  0.9902 1 
 50.4433 -0.2013  2.3381  0.0020  0.2169  0.1088  0.6389  0.1076 -0.0003  0.2213 0 
 42.8809  0.2225 -0.8220  0.0345  0.3153  0.0205  0.3555  0.0617 -0.0003  0.1312 0 
 43.8941  0.4678 -0.0078  0.1206  0.6752  0.0344  0.1325  0.0671 -0.0003  0.6000 1 
 36.8139 -0.5049  3.1150  0.4497  0.5349  0.0338  0.3242  0.5491  0.1469  0.9982 1 
 48.6488  0.5589  0.1923  0.0090  0.2967  0.0930  0.4299  0.0279 -0.0003  0.1584 0 
 39.4110 -0.5568 -2.9314  0.0223  0.1735  0.0106  0.2727  0.0053 -0.0003  0.0470 0 
 43.8849  0.3701  2.8204  0.0041  0.7064  0.0737  0.3974  0.0446 -0.0003  0.2231 0 
 43.7842 -0.3469 -0.3524  0.0230  0.2297  0.2907  0.2209  0.0015 -0.0003  0.1919 0 
 39.8810  0.6340 -2.0746  0.3684  0.9177  0.0525  0.3171  0.2333  0.2847  0.9876 1 
 39.7955 -0.6460  1.0701  0.4783  0.3194  0.0258  0.4533  0.6451  0.2377  0.9998 1 
 49.7292 -0.2507  3.0453  0.0464  0.4040  0.0280  0.4275  0.0641 -0.0003  0.2978 0 
 48.5206  0.2706 -0.0605  0.0230  0.4064  0.1866  0.5593  0.1435 -0.0003  0.3843 0 
 46.6133  0.7225 -1.8159  0.0558  0.0848  0.1161  0.2173  0.0191  0.5473  0.6372 0 
 32.3064 -0.7453  1.2882  0.0184  0.1999  0.0044  0.0961  0.0010 -0.0003  0.0766 0 
 46.9581  0.7705 -1.7480  0.0400  0.6216  0.0823  0.4772  0.0251 -0.0003  0.2978 0 
 39.1333 -0.7739  1.2926  0.0149  0.1791  0.0270  0.0911  0.0010 -0.0003  0.1136 0 
 46.8299  0.6980 -0.3561  0.0307  0.4017  0.0282  0.2605  0.0214 -0.0003  0.1621 0 
 40.4395 -0.6876  2.7950  0.0684  0.5181  0.0215  0.4514  0.1954 -0.0003  0.6294 0 
 47.2938 -0.4634  2.6929  0.0426  0.4717  0.0269  0.3031  0.0082 -0.0003  0.2343 0 
 45.1240  0.4590 -0.4545  0.0826  0.4806  0.0181  0.2192  0.0672 -0.0003  0.2607 0 
 45.6580 -0.6304 -1.9235  0.4608  0.3336  0.0514  0.4370  0.4755  0.1739  0.9990 1 
 26.3920  0.6444  1.3147  0.0739  0.3615  0.0341  0.4592  0.1883  0.2395  0.8723 1 
 46.9215  0.2626 -1.4655  0.0410  0.3915  0.0570  0.2170  0.0092 -0.0003  0.3368 0 
 44.3519 -0.2863  1.7370  0.0010  0.1090  0.0584  0.3083  0.0881 -0.0003  0.0750 0 
 45.0477 -0.7885 -2.5980  0.0246  0.4271  0.0486  0.4824  0.0110 -0.0003  0.2347 0 
 41.4099  0.7894  0.5618  0.1602  0.3541  0.0299  0.3139  0.1893 -0.0003  0.7708 0 
 58.2162  0.1733 -2.1585  0.0002  0.2070  0.0887  0.1644  0.0137 -0.0003  0.1589 0 
 47.2969 -0.1663  1.0041  0.0018  0.1482  0.0819  0.3897  0.0276 -0.0003  0.0844 0 
 44.8493  0.4242 -1.8785  0.0453  0.4072  0.1258  0.4830  0.0181 -0.0003  0.2887 0 
 44.7059 -0.4118  1.2389  0.0293  0.3337  0.0317  0.4834  0.0185 -0.0003  0.2150 0 
 45.5268  0.2747 -2.5899  0.4313  0.2301  0.0546  0.2624  0.3443 -0.0003  0.9911 1 
 25.8701 -0.2591  0.5150  0.5665  0.4017  0.0130  0.2567  0.4551 -0.0003  0.9971 1 
 48.1392 -0.7094 -1.5872  0.0166  0.4846  0.0371  0.1293  0.0027 -0.0003  0.2865 0 
 44.2939  0.7188  1.5408  0.0084  0.5865  0.0209  0.3965  0.0718 -0.0003  0.1310 0 
 46.5370 -0.6195 -2.7311  0.0029  0.3707  0.0348  0.6958  0.0772  0.0974  0.3506 0 
 46.4393  0.5973  0.4162  0.0291  0.1507  0.0279  0.2175  0.0212 -0.0003  0.0654 0 
 50.8919 -0.3668 -0.1919  0.7955  0.5509  0.0738  0.2975  0.6015 -0.0003  0.9980 1 
 44.4800  0.3663  2.9087  0.0167  0.4177  0.0314  0.3080  0.0198  0.2375  0.5876 1 
 48.5817  0.6281 -1.0079  0.0004  0.3825  0.0719  0.5591  0.1542 -0.0003  0.2462 0 
 43.7049 -0.6314  2.1410  0.0830  0.5893  0.0129  0.2211  0.0778 -0.0003  0.2876 0 
 44.2542 -0.2392 -2.5185  0.0894  0.2972  0.0340  0.4407  0.1010 -0.0003  0.5029 1 
 35.8618  0.2615  0.6586  0.2809  0.0985  0.0331  0.2799  0.3821  0.0579  0.9430 1 
 59.5895 -0.6439  2.5840  0.0815  0.1766  0.0442  0.4086  0.0903  0.2098  0.6526 0 
 37.0306  0.6401 -0.5501  0.1205  0.1376  0.0128  0.1849  0.1221 -0.0003  0.2255 0 
 54.5266 -0.5675 -2.0234  0.0762  0.2176  0.1481  0.5847  0.0272 -0.0003  0.3963 0 
 53.8460  0.5610  1.1423  0.0181  0.8283  0.0229  0.2095  0.1003 -0.0003  0.2124 0 
 44.8066  0.1868 -2.3668  0.0490  0.6122  0.0563  0.4831  0.0236 -0.0003  0.3508 0 
 40.6836 -0.1635  0.7756  0.0178  0.4318  0.0424  0.3154  0.1276 -0.0003  0.2754 0 
 47.1473 -0.1869  1.5358  0.0081  0.2065  0.1277  0.3901  0.0620  0.1026  0.2020 0 
 46.5919  0.1949 -1.6111  0.0099  0.0583  0.0116  0.0869  0.0506 -0.0003  0.0477 0 
 47.2023 -0.5995  1.0981  0.0449  0.2441  0.0879  0.4333  0.1024 -0.0003  0.3432 0 
 42.4750  0.5986 -2.0669  0.0060  0.5853  0.0810  0.5791  0.0623 -0.0003  0.2294 0 
 45.4597  0.4013  0.0940  0.2731  0.2092  0.1010  0.4375  0.3016  0.2518  0.9854 1 
 45.3071 -0.4109 -3.1056  0.7332  0.4737  0.0965  0.4379  0.7174 -0.0003  0.9981 1 
 46.5064 -0.5043  2.5765  0.0052  0.2267  0.0562  0.4349  0.1097 -0.0003  0.1520 0 
 45.4109  0.5528 -0.5180  0.0062  0.3068  0.0857  0.5252  0.0499 -0.0003  0.1759 0 
 37.3205 -0.1690 -2.1467  0.7912  0.4127  0.0570  0.2307  0.2487 -0.0003  0.9960 1 
 34.9859  0.1600  1.0452  0.1686  0.3618  0.0243  0.4228  0.2055  0.1127  0.8790 1 
 46.3661  0.7323  1.3068  0.0307  0.0558  0.4562  0.2176  0.0355 -0.0003  0.0847 0 
 44.7944 -0.7395 -1.8759  0.0300  0.5671  0.0438  0.3514  0.1502 -0.0003  0.4680 0 
 43.6378 -0.6778 -0.3483  0.0219  0.5480  0.0352  0.4423  0.0641 -0.0003  0.2489 0 
 38.6725  0.6547  2.8114  0.0522  0.3648  0.0565  0.3198  0.1048  0.2310  0.6920 0 
 44.7028  0.1162  2.3114  0.0265  0.3149  0.0910  0.4395  0.0445 -0.0003  0.2276 0 
 43.1495 -0.1234 -0.8136  0.0178  0.2619  0.0167  0.1774  0.0266 -0.0003  0.0766 0 
 50.3639 -0.7474 -2.9549  0.0222  0.0772  0.0345  0.2557  0.0517 -0.0003  0.0558 0 
 46.7079  0.7542  0.2165  0.0370  0.4949  0.0539  0.6082  0.0565 -0.0003  0.3498 0 
 56.3912  0.4993  0.2037  0.0199  0.3618  0.1819  0.7041  0.0934 -0.0003  0.3759 0 
 39.3133 -0.5109 -2.9042  0.1705  0.1304  0.0221  0.2729  0.2618 -0.0003  0.6633 0 
 47.3426 -0.5718 -1.4682  0.0010  0.1523  0.0675  0.3030  0.0395 -0.0003  0.0808 0 
 44.9714  0.5670  1.7107  0.0571  0.3854  0.0350  0.3949  0.0650 -0.0003  0.3529 0 
 46.3264 -0.7942  2.9643  0.2258  0.2855  0.2405  0.3483  0.3051  1.0401  0.9979 1 
 35.4620  0.7852 -0.1949  0.1176  0.5990  0.0681  0.2808  0.1745  0.5046  0.9972 1 
 51.9875 -0.7510 -1.7062  0.0428  0.1946  0.1200  0.2536  0.0904 -0.0003  0.2865 0 
 37.2717  0.7513  1.4076  0.0150  0.2113  0.0273  0.5077  0.1301 -0.0003  0.1813 0 
 41.7365 -0.2201 -0.6858  0.0688  0.5071  0.0099  0.3133  0.1271  0.1127  0.5029 0 
 40.8484  0.2029  2.4397  0.0105  0.5890  0.0882  0.5402  0.0377  0.2847  0.5329 0 
 51.3313 -0.2378  0.5073  0.4028  0.6076  0.0572  0.2968  0.4213 -0.0003  0.9962 1 
 44.0314  0.2480 -2.6654  0.7586  0.5095  0.0613  0.4853  0.6594 -0.0003  0.9980 1 
 42.2889  0.0788 -2.7706  0.0019  0.3955  0.0203  0.3122  0.0136 -0.0003  0.0821 0 
 37.9156 -0.0747  0.3724  0.0029  0.4508  0.0130  0.1837  0.0894 -0.0003  0.1041 0 
 45.9876 -0.6147 -2.4946  0.0377  0.5072  0.0850  0.6980  0.0286 -0.0003  0.3299 1 
 43.1403  0.5959  0.6518  0.3536  0.3878  0.0259  0.4880  0.3662  0.1751  0.9986 1 
 50.6264  0.4813 -2.7023  0.0006  0.5336  0.0693  0.6383  0.0588 -0.0003  0.2067 0 
 48.3192 -0.4705  0.4377  0.0199  0.0892  0.0130  0.2153  0.0109 -0.0003  0.0395 0 
 37.6104 -0.5484 -0.3682  0.0212  0.1986  0.0652  0.4604  0.0319  0.4457  0.6696 1 
 32.1660  0.5676  2.8271  0.3005  0.4408  0.0609  0.2887  0.1800  0.6293  0.9995 1 
 61.6739  0.1983  0.0931  0.1234  0.1416  0.0833  0.3241  0.1025 -0.0003  0.4744 0 
 46.1952 -0.2108 -3.0914  0.0744  0.6751  0.0527  0.5664  0.1251 -0.0003  0.6716 0 
 48.8991 -0.2386  0.2895  0.0083  0.5480  0.0416  0.4723  0.2440  0.1472  0.6994 0 
 39.9207  0.2427 -2.8469  0.0204  0.2232  0.0328  0.4076  0.0119 -0.0003  0.1164 0 
 48.1636 -0.4168  0.5035  0.0019  0.7607  0.0287  0.3879  0.0104 -0.0003  0.1570 0 
 47.8218  0.4084 -2.6307  0.0050  0.2559  0.0408  0.4318  0.0552 -0.0003  0.1118 0 
 47.8492 -0.5195 -2.2734  0.0189  0.1640  0.0266  0.2591  0.0235 -0.0003  0.0573 0 
 45.3101  0.5063  0.8677  0.0471  0.4499  0.0140  0.3065  0.0740 -0.0003  0.1597 0 
 48.2399  0.5216  0.7280  0.6240  0.5918  0.0437  0.2585  0.7655 -0.0003  0.9983 1 
 42.8992 -0.5251 -2.4009  0.0125  0.5585  0.0374  0.2666  0.0976  0.4226  0.9780 1 
 44.1474 -0.3880  0.5324  0.4164  0.6511  0.0475  0.3968  0.4818 -0.0003  0.9969 1 
 43.9155  0.3674 -2.6332  0.4425  0.7780  0.0750  0.7065  0.2087  0.1454  0.9867 1 
 44.2267  0.6363 -0.0693  0.0013  0.3896  0.0706  0.3526  0.0699 -0.0003  0.1725 0 
 38.4375 -0.6227  3.0846  0.0299  0.1298  0.0071  0.2288  0.0164 -0.0003  0.0382 0 
 47.8370 -0.5009 -0.1158  0.0195  0.1753  0.0600  0.4318  0.0703 -0.0003  0.1461 0 
 47.2206  0.4921  3.0245  0.0184  0.2748  0.0209  0.3899  0.0220 -0.0003  0.0919 0 
 47.4159  0.2109 -0.3994  0.0352  0.3389  0.1151  0.5193  0.0289 -0.0003  0.2703 1 
 20.6851 -0.2037  2.8186  0.1313  0.1486  0.0179  0.5513  0.1125  0.0811  0.7319 1 
 49.0333  0.7836  0.9948  0.0225  0.1924  0.1767  0.7723  0.0688 -0.0003  0.3751 0 
 38.8006 -0.6956 -2.1192  0.1707  0.2241  0.1129  0.5478  0.1928 -0.0003  0.8955 0 
 47.4983 -0.4774  0.9796  0.1115  0.6631  0.0191  0.2596  0.0522 -0.0003  0.4641 0 
 46.8421  0.4949 -2.1672  0.0435  0.1727  0.0160  0.2605  0.0333 -0.0003  0.0643 0 
 42.5269 -0.5768 -0.7970  0.0497  0.7767  0.0357  0.4453  0.1284 -0.0003  0.5825 0 
 18.9609  0.5313  2.4208  0.0099  0.1637  0.0508  0.2838  0.0181  0.2629  0.4123 0 
 44.0589  0.7781  0.5564  0.0111  0.2727  0.0265  0.3970  0.0808 -0.0003  0.1005 0 
 39.5941 -0.7851 -2.6677  0.0222  0.0969  0.1469  0.4086  0.1080 -0.0003  0.1168 0 
 54.0383  0.3359 -1.6176  0.0677  0.6119  0.0309  0.2093  0.0989 -0.0003  0.3910 0 
 46.6926 -0.3340  1.5161  0.0152  0.5991  0.0103  0.2607  0.0324 -0.0003  0.1053 0 
 46.4424 -0.5695  2.3902  0.0136  0.2686  0.0299  0.3481  0.0621 -0.0003  0.0920 0 
 38.0865  0.5786 -0.7339  0.0135  0.3575  0.0300  0.1377  0.1191 -0.0003  0.1885 0 
 44.5014  0.5524 -3.0749  0.1657  0.6319  0.0602  0.6160  0.1022 -0.0003  0.8589 1 
 38.6908 -0.5964  0.0453  0.1917  0.5330  0.0846  0.3655  0.2264 -0.0003  0.9643 1 
 44.3488  0.6569  0.8964  0.0092  0.5258  0.0455  0.3523  0.1251 -0.0003  0.2780 0 
 42.8656 -0.6485 -2.2325  0.0072  0.3658  0.0200  0.2222  0.0580 -0.0003  0.0855 0 
 44.9805  0.5735  1.2971  0.0116  0.5270  0.1370  0.8775  0.0552 -0.0003  0.3363 0 
 32.2118 -0.5893 -1.8260  0.0383  0.4237  0.0209  0.2886  0.0064  0.1588  0.4782 0 
 47.1351 -0.5526  0.4994  0.0048  0.4571  0.1638  0.3468  0.0735 -0.0003  0.2548 0 
 42.8962  0.5415 -2.6258  0.0065  0.4438  0.0292  0.2222  0.0245 -0.0003  0.1299 0 
 46.2074 -0.7302  0.1094  0.0186  0.5155  0.0196  0.3485  0.0311 -0.0003  0.1272 0 
 44.6113  0.7482 -3.0059  0.0615  0.5364  0.0265  0.1759  0.1760 -0.0003  0.3928 0 
 47.9713 -0.6918 -0.8048  0.0103  0.1307  0.0203  0.2589  0.0261 -0.0003  0.0412 0 
 44.4709  0.7111  2.3182  0.0439  0.4507  0.0247  0.2201  0.1105 -0.0003  0.2222 0 
 48.5664  0.6136 -2.1547  0.0066  0.5237  0.0196  0.3011  0.0108 -0.0003  0.1128 0 
 44.9043 -0.6143  0.9926  0.0013  0.1521  0.0212  0.3512  0.0327 -0.0003  0.0429 0 
 44.1871 -0.6678  1.9639  0.0031  0.2260  0.0202  0.1322  0.0081 -0.0003  0.0812 0 
 31.7449  0.6734 -1.1441  0.0755  0.7574  0.0122  0.2898  0.0309 -0.0003  0.3090 0 
 43.2563 -0.6152 -2.3578  0.0166  0.5889  0.0437  0.4433  0.0828 -0.0003  0.2657 1 
 42.4018  0.6277  0.8144  0.0995  0.7876  0.0490  0.3565  0.0598  0.2630  0.8424 1 
 38.0407  0.7729  0.0966  0.3360  0.3491  0.0556  0.4590  0.3032 -0.0003  0.9874 1 
 34.8699 -0.7535 -3.0824  0.2229  0.3661  0.0439  0.5172  0.2481 -0.0003  0.9542 1 
 49.8909 -0.6033  3.1399  0.0021  0.3844  0.2090  0.5126  0.0248 -0.0003  0.2182 0 
 47.5196  0.5788 -0.0232  0.0167  0.1805  0.0212  0.3460  0.0829 -0.0003  0.0667 0 
 40.4212  0.7511 -1.0726  0.0760  0.1670  0.0061  0.2257  0.0330 -0.0003  0.0763 0 
 35.9442 -0.7583  2.1021  0.0890  0.0341  0.0310  0.2797  0.0251 -0.0003  0.0694 0 
 44.3122 -0.2148 -1.3928  0.0000  0.0900  0.0740  0.1322  0.0328 -0.0003  0.0963 0 
 31.0491  0.1986  1.7594  0.0142  0.5026  0.0195  0.2430  0.0193  0.1849  0.4314 0 
 50.4799 -0.7792 -2.5669  0.0096  0.2544  0.0713  0.6813  0.1298 -0.0003  0.2943 0 
 43.3204  0.7485  0.5739  0.0066  0.1552  0.0682  0.5761  0.0290 -0.0003  0.1295 0 
 48.9357  0.0301 -1.6704  0.0181  0.5096  0.3235  0.3863  0.0417 -0.0003  0.2738 0 
 46.2715 -0.0147  1.4546  0.0002  0.5699  0.0615  0.3049  0.1183 -0.0003  0.3007 0 
 50.3883 -0.7577 -0.7882  0.1007  0.2794  0.0525  0.3409  0.0820 -0.0003  0.4996 0 
 40.7355  0.7735  2.3821  0.1540  0.2065  0.0074  0.2703  0.2739 -0.0003  0.5375 0 
 51.5328 -0.7793 -1.5004  0.0057  0.1878  0.0421  0.2965  0.1035 -0.0003  0.0904 0 
 41.1139  0.7961  1.6299  0.0302  0.3229  0.1612  0.4493  0.0401  0.6702  0.7086 0 
 50.1228 -0.4986 -2.4604  0.0567  0.2213  0.0753  0.4266  0.0272 -0.0003  0.2749 0 
 37.5769  0.5156  0.6737  0.0763  0.6170  0.0228  0.1842  0.0580 -0.0003  0.3054 0 
 46.5461  0.5751  0.6514  0.3015  0.6418  0.0907  0.3913  0.2890  0.0555  0.9906 1 
 46.1311 -0.5962 -2.4865  0.0636  0.7230  0.0285  0.5230  0.0898 -0.0003  0.5809 1 
 45.7465  0.4575 -2.8450  0.0049  0.3022  0.0199  0.3058  0.0214 -0.0003  0.0630 0 
 44.3915 -0.4400  0.2613  0.0572  0.2491  0.0186  0.1761  0.0444 -0.0003  0.1281 0 
 47.4830  0.7062 -1.5412  0.0214  0.6436  0.0134  0.1730  0.0682 -0.0003  0.1423 0 
 45.1331 -0.6858  1.5901  0.0266  0.5651  0.0174  0.2192  0.0827 -0.0003  0.1492 0 
 45.9602  0.4486  0.9018  0.0408  0.6460  0.0075  0.3054  0.0602 -0.0003  0.1611 0 
 37.1984 -0.4571 -2.2181  0.0161  0.3581  0.0731  0.2309  0.0110 -0.0003  0.2479 0 
 45.5146  0.3392  1.7740  0.2271  0.6064  0.0226  0.3062  0.0909  0.1539  0.8005 0 
 41.2268 -0.3400 -1.3725  0.2233  0.3012  0.0259  0.3143  0.1122 -0.0003  0.6434 0 
 56.2631 -0.3196 -2.5755  0.0061  0.3030  0.0171  0.2486  0.0253 -0.0003  0.0617 0 
 53.8460  0.3295  0.6085  0.0081  0.2753  0.1318  0.3352  0.0389 -0.0003  0.1601 0 
 51.6609  0.5514 -1.8742  0.0472  0.4173  0.0574  0.5080  0.0949 -0.0003  0.4258 0 
 42.8717 -0.5614  1.2477  0.0165  0.2573  0.0230  0.2222  0.0049 -0.0003  0.0868 0 
 42.7405 -0.5979  2.6843  0.0096  0.0751  0.0392  0.1779  0.0346 -0.0003  0.0583 0 
 34.2657  0.5668 -0.4496  0.0119  0.6136  0.0083  0.3308  0.0121  0.0557  0.1408 0 
 46.0548  0.6068 -1.9693  0.0227  0.2302  0.0380  0.3924  0.0789  0.0693  0.2625 0 
 37.3480 -0.6003  1.1858  0.0000  0.0608  0.0396  0.0922  0.0285 -0.0003  0.0742 0 
 45.9571  0.5335 -3.0201  0.0019  0.1927  0.0338  0.2618  0.0201 -0.0003  0.0601 0 
 41.9745 -0.5622  0.1291  0.0583  0.2662  0.0266  0.1341  0.0157 -0.0003  0.1991 0 
 39.1150  0.0038  2.8817  0.8867  0.4614  0.0363  0.4099  0.4160 -0.0003  0.9967 1 
 38.6267  0.0731 -0.2999  0.1956  0.5785  0.1553  0.6399  0.2239  0.5742  0.9946 1 
 47.1107 -0.4785 -2.5298  0.5011  0.5659  0.0428  0.4335  0.3397 -0.0003  0.9930 1 
 45.6550  0.4882  0.5976  0.1580  0.2913  0.0743  0.3496  0.1655 -0.0003  0.8274 1 
 49.8512 -0.7936  1.3359  0.0000  0.1245  0.0636  0.2136  0.0441 -0.0003  0.0768 0 
 43.1281  0.7942 -1.8067  0.0145  0.4367  0.0193  0.2662  0.0163 -0.0003  0.1070 0 
 47.7760 -0.7077  0.5207  0.3042  0.2721  0.0706  0.5615  0.5853 -0.0003  0.9982 1 
 42.5055  0.6953 -2.6008  0.1423  0.8743  0.0434  0.2227  0.1350 -0.0003  0.8623 1 
 43.9216 -0.0966  2.9719  0.0464  0.5883  0.0652  0.2207  0.0129 -0.0003  0.4200 0 
 39.2340  0.1227 -0.1343  0.1021  0.3099  0.0651  0.4096  0.0755 -0.0003  0.5286 0 
 49.3965 -0.3356  2.6269  0.0264  0.0846  0.0438  0.2141  0.0786  0.0918  0.1768 0 
 44.4160  0.3775 -0.5393  0.2217  0.2584  0.0467  0.2641  0.2285 -0.0003  0.8921 0 
 46.2593  0.1687  1.6846  0.3264  0.7432  0.0606  0.4355  0.4313 -0.0003  0.9952 1 
 46.1982 -0.1881 -1.4498  0.2473  0.1746  0.1444  0.4357  0.7416 -0.0003  0.9984 1 
 42.5666  0.1142  2.1246  0.5510  0.6479  0.0136  0.4007  0.8148 -0.0003  0.9984 1 
 40.3296 -0.1064 -1.0138  0.4320  0.6659  0.0911  0.2710  0.3123  0.3613  0.9974 1 
 48.7404  0.4769  2.2830  0.0299  0.4894  0.0780  0.6875  0.0041  0.2444  0.5228 0 
 44.1016 -0.4735 -0.8844  0.0185  0.3741  0.1930  0.5734  0.0543 -0.0003  0.2756 0 
 47.0985  0.5458 -2.8652  0.1567  0.6290  0.1241  0.5636  0.1746  0.5818  0.9973 1 
 40.6836 -0.5544  0.3266  0.1363  0.2167  0.0436  0.4056  0.1789  0.1123  0.8483 1 
 44.5411 -0.6890  0.4500  0.1780  0.6425  0.0710  0.6598  0.2215 -0.0003  0.9606 1 
 39.7070  0.7174 -2.7102  0.4810  0.7538  0.0159  0.4990  0.6860 -0.0003  0.9981 1 
 41.9257 -0.3215 -0.3892  0.3863  0.5240  0.0302  0.3129  0.4263  0.2174  0.9977 1 
 33.9330  0.3093  2.7386  0.1850  0.4152  0.1332  0.3317  0.0554  0.7454  0.9981 1 
 60.9262  0.5036  2.3001  0.1098  0.3728  0.1304  0.4470  0.2419 -0.0003  0.8911 0 
 40.4181 -0.5058 -0.8082  0.0567  0.3837  0.0218  0.1806  0.0240 -0.0003  0.1803 0 
 46.6316 -0.6183  1.3176  0.0014  0.2010  0.0621  0.3912  0.0484 -0.0003  0.1000 0 
 44.1321  0.6192 -1.8020  0.0760  0.4373  0.0443  0.1323  0.0223 -0.0003  0.4482 0 
 50.7210 -0.7825 -2.0812  0.0223  0.3244  0.2391  0.2977  0.1064 -0.0003  0.3662 0 
 46.7689  0.7763  1.1249  0.0013  0.1432  0.0264  0.4343  0.0748 -0.0003  0.0648 0 
 48.6976 -0.7837 -2.2825  0.1557  0.5925  0.0558  0.5157  0.2289 -0.0003  0.9417 1 
 44.8920  0.8110  0.8364  0.2088  0.7292  0.0201  0.3512  0.2039 -0.0003  0.8837 1 
 45.3712  0.1144  0.6063  0.0139  0.3742  0.0295  0.3064  0.0268 -0.0003  0.1157 0 
 39.4965 -0.1180 -2.5253  0.2316  0.3544  0.0561  0.5906  0.0511 -0.0003  0.7590 0 
 46.3233  0.5810  0.5002  0.0649  0.3369  0.0724  0.4354  0.0362  0.5603  0.9768 1 
 41.5534 -0.5832 -2.6740  0.1548  0.7151  0.0306  0.3137  0.1533  0.0498  0.8392 1 
 45.6672 -0.1330  1.5517  0.0087  0.5351  0.1067  0.4807  0.1546 -0.0003  0.3242 1 
 45.0202  0.1102 -1.5715  0.6065  0.5265  0.0440  0.3948  0.5384 -0.0003  0.9978 1 
 44.0955 -0.1684  0.0704  0.1938  0.7943  0.0610  0.6175  0.3117  0.2402  0.9853 1 
 22.3484  0.2071 -3.0006  0.2528  0.7574  0.0118  0.1613  0.3615  0.1051  0.9760 1 
 52.7749 -0.2361 -1.9024  0.0367  0.4700  0.1150  0.5053  0.0313 -0.0003  0.2781 0 
 44.6265  0.2358  1.2569  0.0270  0.2174  0.0251  0.4396  0.0309 -0.0003  0.1209 0 
 49.5613 -0.6753 -1.2792  0.2054  0.6572  0.1777  0.5134  0.1852  0.4623  0.9817 0 
 47.5624  0.6553  1.9025  0.0092  0.4750  0.0579  0.4757  0.0220 -0.0003  0.1832 0 
 46.7628  0.4145  1.4124  0.3993  0.5426  0.0297  0.3909  0.4335 -0.0003  0.9952 1 
 46.5309 -0.4165 -1.6952  0.3961  0.4271  0.0781  0.3914  0.2652 -0.0003  0.9899 1 
 38.6023  0.2108 -2.4000  0.3022  0.4038  0.0327  0.1828  0.3737 -0.0003  0.9776 1 
 36.8078 -0.1691  0.7463  0.1999  0.3921  0.0252  0.0927  0.1666 -0.0003  0.6175 1 
 55.8846 -0.4417 -0.5424  0.0314  0.2114  0.0256  0.2491  0.0272 -0.0003  0.0820 0 
 51.0170  0.4655  2.5797  0.0085  0.2276  0.0849  0.4247  0.1638 -0.0003  0.2255 0 
 47.2297  0.1050  0.9854  0.0214  0.4827  0.0548  0.3466  0.0485 -0.0003  0.2490 0 
 44.7517 -0.1060 -2.1660  0.0103  0.2145  0.0390  0.3075  0.0114 -0.0003  0.0888 0 
 44.2267  0.3188 -2.1855  0.0054  0.1906  0.0287  0.1322  0.0898 -0.0003  0.0919 0 
 40.6928 -0.3040  0.9569  0.0606  0.2327  0.0236  0.3154  0.1645 -0.0003  0.3063 0 
 48.7892  0.1915  0.4862  0.0036  0.1999  0.0570  0.6014  0.0360 -0.0003  0.1488 0 
 46.2928 -0.1899 -2.6487  0.0399  0.5148  0.2024  0.6532  0.0895 -0.0003  0.3737 0 
 49.8085 -0.3268 -0.1731  0.0230  0.4669  0.1182  0.4700  0.1994 -0.0003  0.4456 0 
 37.5982  0.3389  2.9276  0.0862  0.4762  0.0206  0.4604  0.1374 -0.0003  0.6114 0 
 46.8299  0.2214 -2.4231  0.0332  0.2204  0.0602  0.2605  0.1151 -0.0003  0.2640 0 
 41.9562 -0.2385  0.7036  0.0132  0.1986  0.0227  0.1788  0.0067 -0.0003  0.0704 0 
 52.3323 -0.5198  1.9192  0.0789  0.2168  0.0623  0.3376  0.1174 -0.0003  0.4487 0 
 43.7873  0.4957 -1.2044  0.0307  0.1715  0.1926  0.5745  0.0357 -0.0003  0.2435 0 
 44.1627  0.7247  2.4202  0.1056  0.3865  0.0219  0.3527  0.1459 -0.0003  0.5589 0 
 42.0630 -0.7128 -0.7025  0.0318  0.7688  0.0256  0.4466  0.0135 -0.0003  0.2784 0 
 47.9011  0.0395 -0.4163  0.0193  0.2553  0.0884  0.3885  0.0794 -0.0003  0.1999 0 
 43.8483 -0.0358  2.7335  0.0406  0.1764  0.0068  0.1767  0.0143 -0.0003  0.0570 0 
 46.8299 -0.5604  3.1215  0.0837  0.4291  0.2584  0.3039  0.2059 -0.0003  0.8354 0 
 46.4485  0.5468 -0.0445  0.0437  0.2727  0.0398  0.2175  0.0906 -0.0003  0.2345 0 
 44.6052  0.0865  1.6309  0.6402  0.5664  0.0954  0.3957  0.7681 -0.0003  0.9983 1 
 35.3246 -0.1021 -1.4989  0.3344  0.2007  0.0672  0.4685  0.3780  0.2164  0.9975 1 
 49.0730  0.6198 -1.7825  0.0436  0.0999  0.0330  0.3431  0.1496 -0.0003  0.1522 0 
 39.0143 -0.5907  1.3793  0.0791  0.7462  0.0396  0.1823  0.0003 -0.0003  0.5686 0 
 44.1138 -0.7905 -0.8879  0.0199  0.2490  0.0257  0.4851  0.0356 -0.0003  0.1377 0 
 43.9124  0.7883  2.2469  0.0496  0.7086  0.0231  0.2208  0.0756 -0.0003  0.2620 0 
 46.6102 -0.5396  0.5500  0.0204  0.5135  0.0199  0.3043  0.0247 -0.0003  0.1276 0 
 44.7517  0.5477 -2.5664  0.0133  0.3882  0.0150  0.1757  0.0218 -0.0003  0.1022 0 
 43.7110  0.7531 -1.4012  0.0281  0.1287  0.0359  0.3979  0.0163 -0.0003  0.0930 0 
 38.8067 -0.7635  1.8008  0.0141  0.0993  0.0373  0.4108  0.0256 -0.0003  0.0728 0 
 50.5318  0.3082  1.5370  0.6239  0.5590  0.0617  0.4683  0.4870 -0.0003  0.9972 1 
 48.0598 -0.3062 -1.6082  0.6827  0.6812  0.1174  0.3881  0.3161 -0.0003  0.9965 1 
 49.2134  0.2814  0.1261  0.0193  0.4520  0.0696  0.3429  0.0516  0.2865  0.5974 0 
 37.1313 -0.3031 -3.0656  0.0323  0.6124  0.0285  0.4158  0.0787 -0.0003  0.2940 0 
 50.4616  0.1778  0.5300  0.0239  0.2122  0.0628  0.5111  0.1727 -0.0003  0.3051 1 
 31.9219 -0.1907 -2.4487  0.0089  0.1810  0.2258  0.3858  0.0036 -0.0003  0.1501 1 
 43.3265  0.1240  1.2485  0.0150  0.4654  0.0471  0.4431  0.0060 -0.0003  0.2012 0 
 41.5106 -0.1601 -1.8880  0.0001  0.2582  0.1590  0.2241  0.0231 -0.0003  0.1612 0 
 51.2367  0.6028 -0.1890  0.0490  0.1455  0.0619  0.6363  0.1574 -0.0003  0.4259 0 
 38.9685 -0.5769  2.9401  0.0579  0.1136  0.0450  0.3648  0.0659  0.2679  0.5514 0 
 58.7228  0.1184  2.2705  0.0009  0.5042  0.0120  0.1230  0.1644 -0.0003  0.1432 0 
 45.2125 -0.1153 -0.8781  0.0591  0.1825  0.0378  0.3505  0.1265  0.0699  0.4240 0 
 55.5367 -0.4715  1.6601  0.0113  0.3857  0.0057  0.1247  0.0070 -0.0003  0.1077 0 
 39.6490  0.4823 -1.4695  0.0252  0.0218  0.0706  0.2269  0.0381 -0.0003  0.0796 0 
 49.1005  0.0562  1.7924  0.7166  0.7834  0.0245  0.4718  0.6264 -0.0003  0.9980 1 
 40.4059 -0.0594 -1.3540  0.1058  0.6433  0.0364  0.4966  0.1865 -0.0003  0.8495 1 
 59.7391 -0.7090  0.4934  0.0357  0.5310  0.0558  0.4083  0.0832 -0.0003  0.3700 1 
 33.6919  0.7251 -2.7613  0.3207  0.3396  0.0302  0.2849  0.3089  0.3037  0.9983 1 
 48.1331 -0.3698  1.2995  0.0617  0.4530  0.0534  0.2155  0.0053 -0.0003  0.4316 0 
 34.3725  0.3834 -1.8869  0.0071  0.3498  0.0123  0.1416  0.0048 -0.0003  0.1075 0 
 57.9965 -0.5961  1.6347  0.0000  0.2015  0.0352  0.3702  0.0396 -0.0003  0.0650 0 
 49.0517  0.6129 -1.5151  0.0052  0.2787  0.0945  0.6435  0.0394 -0.0003  0.2003 0 
 50.0435 -0.3111  3.0966  0.1128  0.2273  0.1020  0.4695  0.0182 -0.0003  0.4362 0 
 47.1199  0.2901 -0.0513  0.0410  0.1989  0.0396  0.3468  0.0469 -0.0003  0.1485 0 
 45.7740  0.7759 -1.9050  0.0128  0.2161  0.0612  0.3494  0.0517  0.1460  0.2623 0 
 45.4475 -0.7824  1.2374  0.1394  0.3047  0.0162  0.3063  0.2466 -0.0003  0.6552 0 
 45.0721 -0.3164  1.8485  0.0200  0.5416  0.1964  0.5262  0.0491 -0.0003  0.2748 1 
 44.8768  0.2615 -1.4087  0.1735  0.3033  0.1163  0.4390  0.1356 -0.0003  0.8032 1 
 55.5306  0.3699 -2.9678  0.0229  0.6744  0.0840  0.4573  0.0681 -0.0003  0.3008 0 
 46.7140 -0.3599  0.1182  0.0100  0.0735  0.1465  0.6517  0.1452 -0.0003  0.2050 0 
 51.5541  0.1629 -1.3591  0.0570  0.2934  0.0770  0.2542  0.0273 -0.0003  0.3361 0 
 49.5003 -0.1614  1.7643  0.0587  0.3568  0.0337  0.2996  0.1412 -0.0003  0.4036 0 
 47.4800 -0.7177  0.5144  0.0081  0.7347  0.0464  0.4326  0.0120 -0.0003  0.2039 0 
 45.7893  0.7019 -2.6145  0.1054  0.1349  0.0355  0.3494  0.1204 -0.0003  0.3531 0 
 49.4087  0.6078 -0.6362  0.0396  0.1498  0.1354  0.3425  0.0283 -0.0003  0.1438 0 
 44.2176 -0.5895  2.5520  0.0636  0.2815  0.0798  0.3085  0.0666 -0.0003  0.3896 0 
 53.4371  0.1183 -3.0495  0.0134  0.5756  0.1581  0.3358  0.0250 -0.0003  0.2504 0 
 52.9793 -0.1357  0.1471  0.0778  0.0759  0.0694  0.2524  0.0218 -0.0003  0.1125 0 
 46.8940  0.0875  0.5771  0.0428  0.3898  0.1025  0.4340  0.0360  0.3885  0.6358 1 
 34.3816 -0.0337 -2.5597  0.1455  0.8517  0.0277  0.3777  0.1762 -0.0003  0.8521 1 
 47.1412  0.2500  2.8854  0.0112  0.3671  0.0117  0.1734  0.0287 -0.0003  0.0890 0 
 40.6592 -0.2621 -0.2512  0.0389  0.1132  0.0365  0.3606  0.0562 -0.0003  0.0966 0 
 49.8787 -0.7853  0.4152  0.0023  0.3857  0.0944  0.3844  0.1080 -0.0003  0.2100 0 
 35.3826  0.7760 -2.7286  0.0000  0.1042  0.0092  0.1405  0.2142 -0.0003  0.1319 0 
 42.9511 -0.4886  0.0113  0.3143  0.3317  0.0505  0.4886  0.3834  0.1595  0.9964 1 
 30.4479  0.4910  3.1083  0.2645  0.6126  0.0436  0.2933  0.2282  0.3635  0.9965 1 
 47.0405  0.1605 -0.6197  0.0208  0.2137  0.0916  0.3903  0.1883 -0.0003  0.3094 0 
 36.5728 -0.1649  2.5239  0.0289  0.5367  0.0323  0.3712  0.1293 -0.0003  0.3310 0 
 49.2195  0.3790  1.6054  0.0223  0.2096  0.0394  0.5144  0.0170 -0.0003  0.1632 0 
 39.4598 -0.3845 -1.5382  0.0052  0.1265  0.0154  0.0909  0.0126 -0.0003  0.0593 0 
 52.9885  0.7959  2.2302  0.2022  0.4930  0.0833  0.3365  0.3408  0.5864  0.9994 1 
 43.2166 -0.7975 -0.8642  0.0984  0.5766  0.1007  0.4434  0.0424 -0.0003  0.4924 1 
 47.1839  0.3052  1.8615  0.0171  0.1970  0.0446  0.4333  0.0921 -0.0003  0.1494 0 
 44.1566 -0.2524 -1.2633  0.1207  0.3968  0.0500  0.2205  0.0123  0.2794  0.8678 0 
 55.7687 -0.1506 -0.9604  0.0819  0.4374  0.0656  0.5814  0.0323 -0.0003  0.4737 0 
 53.4310  0.1620  2.1630  0.0322  0.5154  0.0272  0.4618  0.0158 -0.0003  0.2610 0 
 42.6001 -0.7492 -1.8354  0.3505  0.4814  0.0811  0.4451  0.2382 -0.0003  0.9851 1 
 38.4833  0.7158  1.2583  0.1260  0.6106  0.0269  0.5490  0.2109  0.1419  0.8712 1 
 47.2938  0.2005  0.1398  0.0155  0.6883  0.0278  0.3464  0.0280 -0.0003  0.1734 0 
 32.9015 -0.2661 -2.9893  0.0227  0.6189  0.0657  0.3824  0.0069 -0.0003  0.2326 0 
 49.0120 -0.7343  2.7804  0.1190  0.3696  0.0767  0.3003  0.1247 -0.0003  0.7281 0 
 41.4435  0.6281 -0.3788  0.1077  0.1279  0.1132  0.4932  0.0787 -0.0003  0.4415 0 
 45.8198 -0.6339 -2.0475  0.1557  0.5634  0.0121  0.3057  0.1926 -0.0003  0.6752 0 
 44.5167  0.6521  1.1308  0.1246  0.2908  0.0649  0.2640  0.1187 -0.0003  0.6781 0 
 48.6946 -0.6852  1.3573  0.0025  0.6844  0.0902  0.6447  0.0062 -0.0003  0.2254 0 
 37.4731  0.7016 -1.7537  0.0630  0.5557  0.0374  0.3226  0.1082 -0.0003  0.5124 0 
 52.9885 -0.7169  3.0553  0.0048  0.5480  0.0349  0.2944  0.0108 -0.0003  0.1716 0 
 51.8471  0.7210 -0.1141  0.0015  0.6063  0.0140  0.2115  0.0369 -0.0003  0.1046 0 
 41.9135  0.0050  0.3027  0.0055  0.6931  0.0198  0.3129  0.0745 -0.0003  0.1276 0 
 37.4853  0.0325 -2.8199  0.0095  0.1478  0.0550  0.6912  0.0198 -0.0003  0.1678 0 
 54.3282 -0.2745  0.9726  0.0011  0.3957  0.2198  0.3762  0.0403 -0.0003  0.2283 0 
 45.0019  0.2431 -2.1431  0.0074  0.1632  0.0845  0.1316  0.0162 -0.0003  0.1488 0 
 43.2990  0.6964 -0.5782  0.0358  0.2548  0.0732  0.3102  0.0130 -0.0003  0.2156 0 
 42.3407 -0.6983  2.5480  0.0324  0.2468  0.0416  0.3567  0.0115  0.2320  0.4807 0 
 39.2279  0.3378  0.9101  0.5301  0.3888  0.0596  0.3186  0.4803  0.4529  0.9998 1 
 29.2882 -0.3251 -2.2096  0.3820  0.6618  0.0555  0.6428  0.3602 -0.0003  0.9897 1 
 45.6519 -0.1350 -1.0688  0.0456  0.1584  0.0353  0.1311  0.0275 -0.0003  0.1226 0 
 35.7214  0.1575  2.1260  0.1048  0.6343  0.0527  0.3736  0.0601 -0.0003  0.6976 0 
 45.5787  0.5802 -0.7779  0.0009  0.3374  0.0738  0.4372  0.1469 -0.0003  0.2220 0 
 38.6664 -0.5877  2.3966  0.0003  0.3045  0.0519  0.2742  0.0562 -0.0003  0.1187 0 
 52.1675 -0.4561 -1.8438  0.0080  0.2384  0.0546  0.4223  0.0735 -0.0003  0.1379 0 
 44.0467  0.4733  1.3159  0.0418  0.2595  0.0156  0.3971  0.0411  0.0479  0.2312 0 
 50.4524 -0.1525 -0.3844  0.0016  0.6576  0.1212  0.5963  0.0491 -0.0003  0.2483 0 
 44.0375  0.1647  2.7536  0.0182  0.3777  0.0273  0.3530  0.1154 -0.0003  0.1700 0 
 46.4332 -0.2016 -0.8639  0.0009  0.3648  0.0057  0.1306  0.0551  0.1018  0.1252 0 
 37.4060  0.1937  2.2832  0.0077  0.3422  0.0305  0.2305  0.0195 -0.0003  0.1086 0 
 48.9387 -0.4872 -1.7427  0.0112  0.3264  0.0502  0.3005  0.0146 -0.0003  0.1609 0 
 43.8270  0.4888  1.3723  0.0169  0.2391  0.0206  0.2209  0.0754 -0.0003  0.0745 0 
 47.6509 -0.4228  3.0263  0.0630  0.3780  0.1006  0.1729  0.1148 -0.0003  0.6320 1 
 44.8310  0.4515 -0.0822  0.3525  0.3101  0.0600  0.5709  0.2968 -0.0003  0.9904 1 
 61.6342 -0.6820  0.2753  0.0278  0.1539  0.0614  0.4457  0.0085 -0.0003  0.1388 0 
 35.5688  0.6594 -2.8675  0.0417  0.6269  0.0168  0.4676  0.0639 -0.0003  0.3037 0 
 55.2956 -0.4372 -1.2900  0.0002  0.4824  0.0692  0.3745  0.0446 -0.0003  0.1683 0 
 47.7699  0.4354  1.8128  0.0081  0.4509  0.0188  0.3024  0.0123 -0.0003  0.0998 0 
 43.5676 -0.3271 -2.6052  0.0179  0.5835  0.0159  0.2655  0.0497 -0.0003  0.1185 0 
 43.4485  0.3183  0.5153  0.0097  0.4796  0.0287  0.3100  0.0172 -0.0003  0.1371 0 
 46.8757  0.2202 -2.0808  0.0766  0.4102  0.0623  0.3472  0.0369 -0.0003  0.4640 0 
 45.7099 -0.1996  1.0274  0.0029  0.0746  0.0108  0.3058  0.1331 -0.0003  0.0483 0 
 43.4119  0.6115 -1.6885  0.0336  0.1617  0.0743  0.3986  0.0014 -0.0003  0.1481 0 
 40.8087 -0.6018  1.5237  0.0047  0.1734  0.1360  0.4953  0.1288 -0.0003  0.1761 0 
 47.3548  0.7165 -2.1285  0.0078  0.2541  0.0360  0.4762  0.1453 -0.0003  0.1908 0 
 43.6194 -0.7191  0.9995  0.0182  0.2889  0.1574  0.3096  0.0091 -0.0003  0.1861 0 
 49.0181  0.1068 -2.9623  0.0473  0.1368  0.0501  0.3003  0.0580 -0.0003  0.1315 0 
 34.3420 -0.1411  0.1612  0.0529  0.1093  0.1258  0.2361  0.0314 -0.0003  0.1215 0 
 35.6512 -0.1513 -0.7910  0.0099  0.8267  0.0328  0.5140  0.0612 -0.0003  0.2390 0 
 34.6014  0.1417  2.3312  0.0231  0.1899  0.0384  0.4712  0.0750 -0.0003  0.1588 0 
 47.8737  0.2169  0.4581  0.0341  0.2249  0.1039  0.3453  0.0099 -0.0003  0.1827 0 
 46.2135 -0.2159 -2.6880  0.0137  0.2030  0.1641  0.4357  0.0056 -0.0003  0.1532 0 
 44.1718 -0.4759 -1.2665  0.0073  0.4839  0.0365  0.2645  0.2033  0.2160  0.6893 0 
 39.7986  0.4940  1.8827  0.0141  0.0702  0.0474  0.2720  0.0264 -0.0003  0.0637 0 
 46.9917  0.1050 -0.1338  0.0681  0.3877  0.1133  0.6073  0.1053 -0.0003  0.5261 0 
 42.4018 -0.1231  3.0038  0.0327  0.6117  0.0681  0.8022  0.1463 -0.0003  0.5111 0 
 48.4932  0.1419 -0.1294  0.0049  0.1569  0.0485  0.5163  0.0369 -0.0003  0.1090 0 
 40.7935 -0.1343  3.0212  0.0264  0.5110  0.0351  0.3152  0.0087 -0.0003  0.2345 0 
 50.4433  0.3393  2.7697  0.0747  0.3638  0.2273  0.5537  0.0517 -0.0003  0.4197 0 
 44.1810 -0.3362 -0.4091  0.0303  0.1239  0.0248  0.3086  0.0859 -0.0003  0.0714 0 
 49.4942  0.1359  1.9838  0.0488  0.4291  0.0201  0.1712  0.0762 -0.0003  0.1738 0 
 46.2379 -0.1087 -1.1938  0.0040  0.5896  0.2224  0.2178  0.0176 -0.0003  0.2375 0 
 41.2512 -0.0139 -2.5614  0.0152  0.1148  0.0684  0.3143  0.0184 -0.0003  0.0846 0 
 39.9146  0.0295  0.5948  0.0613  0.5883  0.0392  0.3171  0.0699 -0.0003  0.4662 0 
 47.6387 -0.3054 -0.6529  0.0027  0.2858  0.0393  0.4754  0.1633  0.1128  0.3695 0 
 37.3541  0.3097  2.4424  0.0034  0.2853  0.0285  0.2768  0.0682 -0.0003  0.0715 0 
 45.4261 -0.0375 -0.3725  0.0097  0.1503  0.1088  0.2188  0.0087 -0.0003  0.1017 1 
 45.0721 -0.0037  2.7354  0.8437  0.5536  0.0223  0.3508  0.7524 -0.0003  0.9982 1 
 49.8909  0.2601  0.8488  0.0240  0.1061  0.0971  0.4699  0.2014 -0.0003  0.2223 0 
 46.5614 -0.2674 -2.2776  0.1584  0.1730  0.0374  0.4783  0.0842 -0.0003  0.5844 0 
 46.1158 -0.3644  2.3964  0.4730  0.3923  0.0535  0.3051  0.6455 -0.0003  0.9981 1 
 42.9908  0.3950 -0.7429  0.1931  0.3722  0.1353  0.5328  0.1334  0.4809  0.9736 1 
 45.5238  0.7852  2.4882  0.0030  0.4148  0.0333  0.1750  0.0911 -0.0003  0.1531 0 
 44.1657 -0.7870 -0.6393  0.0209  0.6835  0.1123  0.5290  0.0552 -0.0003  0.2935 0 
 44.6052  0.0637  1.2295  0.0501  0.3742  0.0141  0.3078  0.1072 -0.0003  0.1792 0 
 43.8636 -0.0893 -1.9323  0.0071  0.4537  0.0559  0.3092  0.1093 -0.0003  0.2568 0 
 47.3152 -0.1749  0.2244  0.0691  0.6678  0.0320  0.5629  0.1591 -0.0003  0.7221 0 
 45.9754  0.1731 -2.9261  0.0086  0.5319  0.0779  0.3926  0.0242 -0.0003  0.1895 0 
 51.6701 -0.3164 -2.6054  0.1089  0.2784  0.0757  0.3387  0.0567 -0.0003  0.4951 0 
 51.4076  0.3292  0.5512  0.0110  0.1403  0.0258  0.3815  0.0433 -0.0003  0.0579 0 
 46.4271  0.2246 -1.6455  0.4796  0.2195  0.0406  0.4786  0.3395 -0.0003  0.9892 1 
 36.3745 -0.2239  1.4622  0.0950  0.5637  0.0106  0.3253  0.1109 -0.0003  0.3883 1 
 48.4993  0.5566 -0.8750  0.1010  0.0946  0.2129  0.3442  0.1651  0.0901  0.6137 0 
 45.2796 -0.5748  2.2445  0.0048  0.4402  0.0607  0.1314  0.0479 -0.0003  0.3123 0 
 46.7903  0.4799  2.5342  0.0529  0.3969  0.0194  0.1303  0.0049 -0.0003  0.1962 0 
 40.0763 -0.4877 -0.6039  0.0096  0.4134  0.0654  0.4525  0.0263 -0.0003  0.1796 0 
 55.5764  0.0122 -1.2180  0.0146  0.5233  0.2744  0.3741  0.0346 -0.0003  0.2619 0 
 54.0536 -0.0011  1.9235  0.0083  0.5859  0.0324  0.1674  0.0267 -0.0003  0.1887 0 
 48.2399  0.0156  1.4202  0.0222  0.3070  0.0592  0.7324  0.1104 -0.0003  0.3778 0 
 47.3243 -0.0172 -1.7288  0.0243  0.6791  0.0184  0.1732  0.0291  0.1252  0.3296 0 
 47.3945 -0.6893 -1.1075  0.0186  0.1782  0.0497  0.3895  0.0649 -0.0003  0.1209 0 
 42.3316  0.6776  2.0498  0.0135  0.2495  0.0189  0.2229  0.1054 -0.0003  0.0879 0 
 49.3843 -0.6560 -0.9266  0.7301  0.4613  0.0471  0.5567  0.7119 -0.0003  0.9980 1 
 45.1179  0.6324  2.2070  0.0107  0.4079  0.0781  0.3946  0.0087 -0.0003  0.1796 1 
 48.7495  0.5657  0.7338  0.2937  0.4314  0.0478  0.2148  0.2769 -0.0003  0.9676 0 
 37.5341 -0.5786 -2.4173  0.1035  0.4995  0.0251  0.4607  0.1241  0.0656  0.7401 0 
 44.9836 -0.0989  2.7543  0.0052  0.3574  0.2210  0.5704  0.0235 -0.0003  0.2321 0 
 43.2868  0.0951 -0.3858  0.0574  0.2658  0.0510  0.5762  0.1431 -0.0003  0.5015 0 
 47.1199  0.5563  2.1450  0.6000  0.1256  0.0267  0.4335  0.8649  0.0479  0.9982 1 
 21.2894 -0.6057 -0.9794  0.2446  0.2976  0.0248  0.3822  0.3570  0.1718  0.9886 1 
 58.3902  0.6453  3.0718  0.0028  0.1776  0.0327  0.2053  0.0385 -0.0003  0.0567 0 
 39.6399 -0.6039 -0.0224  0.0406  0.3577  0.0292  0.3177  0.0231 -0.0003  0.1857 0 
 51.4717 -0.7072  3.1178  0.1243  0.3258  0.0141  0.2119  0.0652 -0.0003  0.2671 0 
 47.2267  0.7007 -0.0554  0.1296  0.4041  0.0425  0.5632  0.1795 -0.0003  0.8435 0 
 47.0314  0.6615 -0.5810  0.0703  0.5901  0.0344  0.4337  0.0678 -0.0003  0.5306 1 
 46.5766 -0.6652  2.5644  0.2234  0.3183  0.0646  0.6956  0.4061 -0.0003  0.9923 1 
 47.8492  0.8027 -0.5330  0.1008  0.8408  0.0218  0.2159  0.1065 -0.0003  0.5558 0 
 41.3825 -0.7876  2.6036  0.0271  0.3332  0.1139  0.3140  0.0314 -0.0003  0.2245 0 
 47.2541 -0.6842 -2.0011  0.0181  0.3713  0.0125  0.0866  0.0075 -0.0003  0.1472 0 
 46.8513  0.6955  1.1837  0.0088  0.2270  0.0378  0.2171  0.0731 -0.0003  0.0900 0 
 48.8746 -0.3911  2.6856  0.0481  0.2340  0.0570  0.6441  0.0704 -0.0003  0.3952 0 
 45.2094  0.4075 -0.4532  0.1193  0.4125  0.0854  0.4382  0.0098 -0.0003  0.5201 0 
 42.8382 -0.5682  0.8898  0.1003  0.6743  0.0373  0.4000  0.1374 -0.0003  0.7772 1 
 40.1404  0.5670 -2.2257  0.2672  0.2604  0.0351  0.3166  0.3718 -0.0003  0.9707 1 
 48.1117 -0.3333  2.2194  0.0203  0.1714  0.1703  0.2587  0.0446 -0.0003  0.1430 0 
 43.7995  0.2674 -0.9119  0.0403  0.2478  0.0453  0.3093  0.0182 -0.0003  0.1845 0 
 47.8645  0.2364  0.9732  0.0460  0.7513  0.0988  0.9066  0.0507 -0.0003  0.4478 0 
 31.9615 -0.2162 -2.1881  0.0113  0.1809  0.0311  0.1928  0.0008 -0.0003  0.0794 0 
 43.9582  0.5858  1.5636  0.1002  0.8405  0.0204  0.2207  0.0286 -0.0003  0.5011 0 
 34.7021 -0.5644 -1.5969  0.0070  0.3360  0.0123  0.3296  0.1079  0.0447  0.1268 0 
 51.9020  0.6750  1.1020  0.1284  0.7335  0.0706  0.2960  0.0843 -0.0003  0.8599 0 
 43.6683 -0.6892 -2.0451  0.0816  0.6752  0.0198  0.4422  0.0882 -0.0003  0.5471 0 
 47.6326 -0.6632 -2.7014  0.0166  0.5509  0.0182  0.4755  0.0331 -0.0003  0.1708 0 
 39.0539  0.6518  0.4377  0.0122  0.3789  0.0396  0.4557  0.1266 -0.0003  0.2419 0 
 44.8951 -0.4008  1.0842  0.0129  0.7923  0.0338  0.3073  0.1004 -0.0003  0.2442 0 
 40.7568  0.4072 -2.0515  0.0706  0.2799  0.0749  0.4054  0.0851 -0.0003  0.4394 0 
 48.1880  0.2702  2.4165  0.4351  0.3045  0.0174  0.3447  0.8273 -0.0003  0.9982 1 
 41.7761 -0.2840 -0.7106  0.3412  0.0771  0.0287  0.5369  0.1260  0.1812  0.9516 1 
 45.8808  0.3823  2.5210  0.0005  0.7471  0.0576  0.3928  0.0283 -0.0003  0.1994 0 
 45.7435 -0.3575 -0.6295  0.0037  0.1020  0.0137  0.4368  0.0876 -0.0003  0.0543 0 
 52.6802  0.6024  2.4041  0.0150  0.2146  0.1916  0.3370  0.0380 -0.0003  0.1720 0 
 48.9998 -0.6058 -0.6855  0.0325  0.7452  0.0519  0.3862  0.0137 -0.0003  0.3072 0 
 47.3182 -0.6852 -2.3056  0.0472  0.3103  0.1066  0.5196  0.0350  0.0342  0.3641 0 
 43.9246  0.7042  0.8447  0.1109  0.5844  0.0575  0.3973  0.0496  0.2866  0.8949 0 
 39.0845 -0.2459 -3.0655  0.7872  0.3289  0.1050  0.3189  0.1599  0.0252  0.9882 1 
 37.9065  0.3222  0.0240  0.2176  0.4460  0.0417  0.2297  0.2717 -0.0003  0.9296 1 
 45.1972  0.7403 -0.5732  0.0229  0.5365  0.0603  0.2629  0.0358 -0.0003  0.3051 0 
 34.9340 -0.6964  2.5238  0.0444  0.2312  0.2740  0.3760  0.0079 -0.0003  0.2394 0 
 42.6184 -0.6664  0.5399  0.0055  0.4225  0.1345  0.3561  0.0074 -0.0003  0.1852 1 
 41.7975  0.6742 -2.6276  0.3331  0.4377  0.0295  0.6263  0.6481 -0.0003  0.9978 1 
 48.8930 -0.6045 -0.6119  0.0019  0.2307  0.0645  0.2576  0.1274 -0.0003  0.1791 0 
 37.8454  0.6079  2.5423  0.0063  0.6543  0.0586  0.6434  0.0226 -0.0003  0.2190 0 
 48.8899 -0.0978  0.5829  0.0465  0.3977  0.0244  0.3435  0.0279 -0.0003  0.2038 0 
 40.9247  0.0988 -2.5684  0.0130  0.4312  0.0136  0.1799  0.0259  0.1861  0.3925 0 
 49.8451  0.5820  2.6960  0.0178  0.5676  0.0891  0.4272  0.0585 -0.0003  0.2496 0 
 48.9448 -0.5769 -0.4323  0.0366  0.0918  0.0743  0.3434  0.0179 -0.0003  0.0945 0 
 50.4463  0.4442  2.4210  0.1139  0.3002  0.0888  0.3833  0.1472 -0.0003  0.7150 0 
 42.1637 -0.4565 -0.7240  0.0232  0.1927  0.0956  0.4017  0.0339 -0.0003  0.1479 0 
 47.1717  0.7072 -3.1134  0.0074  0.4149  0.0452  0.3033  0.1010 -0.0003  0.1929 0 
 47.0130 -0.7048  0.0690  0.0208  0.1583  0.0219  0.1301  0.0151 -0.0003  0.0700 0 
 44.2725 -0.0114 -2.8882  0.4760  0.5590  0.0634  0.4846  0.6320 -0.0003  0.9982 1 
 43.9307  0.0213  0.2335  0.3280  0.7117  0.0305  0.3532  0.4531 -0.0003  0.9941 1 
 45.6764  0.7391  2.6384  0.0460  0.5707  0.1151  0.6118  0.0502 -0.0003  0.3354 1 
 40.2533 -0.7196 -0.5314  0.1440  0.1181  0.1604  0.4520  0.0856 -0.0003  0.4861 1 
 50.3212 -0.6292 -1.8169  0.0088  0.4605  0.1770  0.6819  0.0616 -0.0003  0.2786 0 
 45.0446  0.6786  1.3875  0.1196  0.3288  0.0455  0.4824  0.0779 -0.0003  0.5962 0 
 43.2898 -0.6591  1.9606  0.0067  0.7037  0.0193  0.3546  0.0753 -0.0003  0.1319 0 
 37.9339  0.6668 -1.1437  0.0000  0.0969  0.0612  0.0919  0.0004 -0.0003  0.1121 0 
 40.6958  0.2298  1.0934  0.0007  0.3807  0.0702  0.3154  0.1039 -0.0003  0.2123 0 
 39.0814 -0.2549 -2.0081  0.0042  0.2538  0.1331  0.3645  0.0068 -0.0003  0.1401 0 
 45.9602  0.4431 -1.8584  0.0062  0.5537  0.0198  0.3491  0.0385 -0.0003  0.1042 0 
 41.7426 -0.4413  1.3048  0.0194  0.7735  0.0699  0.1790  0.0060 -0.0003  0.3614 0 
 37.6684 -0.4825  0.8325  0.0059  0.2228  0.0264  0.5062  0.1483 -0.0003  0.1658 0 
 33.9055  0.4800 -2.2845  0.0628  0.5139  0.0308  0.1896  0.0362 -0.0003  0.2943 0 
 42.4811 -0.3815 -1.2134  0.0224  0.3724  0.0370  0.3564  0.0406 -0.0003  0.1704 0 
 35.1507  0.4082  1.8972  0.0289  0.1508  0.0550  0.3284  0.0069 -0.0003  0.1152 0 
 51.7525 -0.7636 -1.0399  0.0016  0.2086  0.0492  0.2962  0.1497 -0.0003  0.1488 0 
 20.1877  0.7417  2.0663  0.0301  0.0587  0.0247  0.1111  0.0045 -0.0003  0.0675 0 
 47.3243  0.3087 -1.9621  0.0238  0.5301  0.1289  0.5629  0.0704 -0.0003  0.2872 0 
 43.0030 -0.2774  1.1724  0.0801  0.2322  0.0252  0.5328  0.0600 -0.0003  0.3943 0 
 50.0038  0.3470 -2.4534  0.0977  0.6653  0.0755  0.5122  0.1523 -0.0003  0.7874 0 
 43.4760 -0.3502  0.7158  0.1722  0.5638  0.0325  0.1771  0.1166 -0.0003  0.7098 0 
 45.8625  0.2080 -1.9569  0.1404  0.6884  0.0392  0.5675  0.2503 -0.0003  0.9359 1 
 45.3254 -0.2255  1.1852  0.1416  0.4006  0.0703  0.4379  0.0981 -0.0003  0.7061 1 
 49.3690 -0.7728  1.2436  0.0245  0.2690  0.0096  0.1713  0.0035 -0.0003  0.0842 0 
 41.2604  0.7677 -1.8986  0.0702  0.2897  0.0207  0.3592  0.0999  0.1199  0.5655 0 
 42.0325  0.7969 -1.0968  0.0220  0.3306  0.0451  0.2233  0.0093 -0.0003  0.2039 0 
 26.9535 -0.7899  1.9662  0.0413  0.1049  0.0311  0.1014  0.0352 -0.0003  0.0824 0 
 54.1299  0.7355  2.5151  0.0022  0.4230  0.1863  0.5858  0.0600 -0.0003  0.2404 0 
 49.8787 -0.7587 -0.8115  0.0028  0.4250  0.1449  0.2990  0.0117 -0.0003  0.1908 0 
 48.5847  0.5114  1.7916  0.0530  0.5132  0.0366  0.4300  0.0923 -0.0003  0.4588 1 
 35.5474 -0.5159 -1.3637  0.0276  0.3275  0.0418  0.3274  0.0374 -0.0003  0.1792 1 
 42.9816 -0.6821  1.4055  0.0180  0.5046  0.0930  0.5328  0.0193 -0.0003  0.2232 0 
 38.1872  0.6798 -1.7282  0.0979  0.1849  0.0269  0.2751  0.0462 -0.0003  0.2158 0 
 50.9224  0.4884  0.9904  0.0407  0.1906  0.0580  0.2549  0.1523 -0.0003  0.3230 0 
 47.2053 -0.5062 -2.1704  0.0364  0.1417  0.1852  0.1733  0.0195 -0.0003  0.1446 0 
 43.9979  0.7876  0.1575  0.0368  0.1681  0.0743  0.5737  0.3320 -0.0003  0.5359 0 
 43.0549 -0.7864 -2.9847  0.0687  0.6187  0.0478  0.4883  0.1445 -0.0003  0.6783 0 
 38.7304 -0.7535 -2.5658  0.0019  0.4845  0.1083  0.3653  0.0701 -0.0003  0.2095 0 
 37.6104  0.8054  0.5129  0.0249  0.3229  0.0097  0.1842  0.0261 -0.0003  0.0865 0 
 53.4829  0.0010 -0.9000  0.0214  0.3222  0.0692  0.3357  0.2064 -0.0003  0.4436 0 
 39.1669 -0.0449  2.2254  0.0228  0.2997  0.0158  0.2732  0.0395 -0.0003  0.0747 0 
 49.2103 -0.7161  0.4567  0.0234  0.5183  0.2316  0.4287  0.0269 -0.0003  0.2680 0 
 46.9154  0.7271 -2.6771  0.0292  0.3167  0.0567  0.3038  0.0046 -0.0003  0.2260 0 
 51.1818  0.5946  1.3117  0.0074  0.1588  0.0822  0.2970  0.0269 -0.0003  0.0954 0 
 42.9175 -0.6008 -1.8854  0.0022  0.2094  0.0402  0.1777  0.0093 -0.0003  0.0948 0 
 49.1371  0.6910  2.9763  0.0142  0.1030  0.0230  0.4288  0.0443 -0.0003  0.0632 0 
 46.8727 -0.6987 -0.1806  0.0074  0.3207  0.0593  0.5642  0.1003 -0.0003  0.2238 0 
 44.2817 -0.6516  0.6141  0.2376  0.8176  0.0222  0.4846  0.3564 -0.0003  0.9729 1 
 43.7568  0.6612 -2.5123  0.1910  0.5836  0.0219  0.3978  0.2338 -0.0003  0.8820 1 
 44.3854  0.7956 -2.5798  0.0656  0.4668  0.1328  0.3082  0.0838 -0.0003  0.4537 1 
 42.2400 -0.8073  0.5830  0.2197  0.5051  0.0457  0.4907  0.1740 -0.0003  0.9205 1 
 47.2175  0.4203  0.2820  0.0019  0.2856  0.0219  0.2599  0.0235 -0.0003  0.0604 0 
 39.5605 -0.4358 -2.8484  0.0066  0.2061  0.0342  0.3632  0.1735 -0.0003  0.1557 0 
 44.3488 -0.0617 -0.8011  0.4184  0.7422  0.0820  0.4844  0.5181 -0.0003  0.9976 1 
 43.4730  0.0988  2.3678  0.0465  0.4655  0.0805  0.3542  0.0602  0.3941  0.8053 1 
 44.8493  0.5894  2.1037  0.0918  0.4175  0.0285  0.2195  0.1776 -0.0003  0.5422 0 
 44.0742 -0.6176 -1.0494  0.0044  0.1451  0.0449  0.1764  0.0065 -0.0003  0.0828 0 
 43.5218  0.6795 -0.1917  0.0166  0.1304  0.0460  0.2656  0.0053 -0.0003  0.0807 0 
 36.9574 -0.6683  2.9500  0.0170  0.4500  0.0264  0.2313  0.0714 -0.0003  0.1352 0 
 43.7079 -0.5835 -2.2401  0.0762  0.4552  0.0681  0.4863  0.0873 -0.0003  0.5256 0 
 41.1505  0.5561  0.8849  0.0628  0.0254  0.0347  0.1348  0.0179 -0.0003  0.0727 0 
 46.9612 -0.3038 -2.5916  0.0092  0.6706  0.0415  0.4772  0.0567 -0.0003  0.2145 0 
 40.3204  0.3061  0.5845  0.0648  0.2049  0.0612  0.4065  0.2363  0.1984  0.8111 0 
 47.6265  0.4843  1.3476  0.0653  0.4434  0.0337  0.3891  0.0446 -0.0003  0.3951 0 
 44.4923 -0.4755 -1.7806  0.0207  0.5206  0.0180  0.2200  0.0135 -0.0003  0.1334 0 
 54.1237 -0.7150 -2.8961  0.0621  0.2694  0.0199  0.2092  0.0412 -0.0003  0.1408 0 
 45.5177  0.7198  0.2555  0.0157  0.1651  0.0381  0.3499  0.0258 -0.0003  0.0794 0 
 49.6071 -0.5304 -2.6170  0.1975  0.3613  0.0461  0.7700  0.2326 -0.0003  0.9620 1 
 45.5268  0.5707  0.5467  0.1098  0.5362  0.0515  0.2187  0.1444  0.2462  0.8787 1 
 54.6304  0.1884 -1.4411  0.0005  0.1750  0.0421  0.3757  0.4213 -0.0003  0.4842 0 
 46.1372 -0.1623  1.7004  0.0003  0.4858  0.0440  0.3487  0.0056 -0.0003  0.1670 0 
 40.0488  0.3050 -1.8687  0.0130  0.2694  0.0287  0.3621  0.0084 -0.0003  0.0990 0 
 38.2116 -0.2805  1.2546  0.0006  0.4688  0.0304  0.3667  0.1508 -0.0003  0.1902 0 
 51.2764  0.7316  0.3579  0.0031  0.4608  0.0219  0.4242  0.0259 -0.0003  0.1082 0 
 46.3325 -0.7287 -2.7552  0.0433  0.6461  0.0376  0.4789  0.0374 -0.0003  0.3674 0 
 47.4830 -0.7758  0.5033  0.0775  0.3422  0.0467  0.4326  0.1442 -0.0003  0.5898 1 
 41.1841  0.7761 -2.6440  0.0547  0.2963  0.0478  0.3593  0.1812  0.4527  0.9780 1 
 49.3263  0.3289  0.6379  0.0061  0.7138  0.1773  0.2998  0.0319 -0.0003  0.2780 0 
 45.3590 -0.3462 -2.5441  0.0901  0.6335  0.0938  0.5691  0.0445 -0.0003  0.4791 0 
 47.0191 -0.6690 -1.2808  0.1921  0.3740  0.0636  0.4337  0.3126 -0.0003  0.9685 1 
 33.2586  0.6718  1.8488  0.1740  0.2564  0.0345  0.2383  0.1845  0.3001  0.9884 1 
 50.1747  0.5204  1.6393  0.0123  0.1577  0.0575  0.2986  0.0090 -0.0003  0.0958 0 
 49.8909 -0.4964 -1.4855  0.0720  0.5769  0.0243  0.2136  0.0209 -0.0003  0.2999 0 
 46.6773  0.6580  1.0150  0.0018  0.3243  0.1020  0.4780  0.0129 -0.0003  0.1535 0 
 45.3498 -0.6688 -2.1229  0.0000  0.0884  0.0122  0.1313  0.0040 -0.0003  0.0472 0 
 45.5665 -0.7121  1.9727  0.0428  0.4942  0.0475  0.4810  0.2171 -0.0003  0.6186 0 
 27.5456  0.7104 -1.2033  0.0117  0.5705  0.0188  0.3022  0.0677 -0.0003  0.1168 0 
 43.5767 -0.3656 -3.0505  0.6063  0.6324  0.0259  0.3539  0.5902 -0.0003  0.9980 1 
 40.3662  0.3667  0.0950  0.2575  0.5340  0.0255  0.4968  0.2084 -0.0003  0.9137 1 
 36.5515 -0.2695 -2.2344  0.0413  0.1722  0.0244  0.3248  0.0185 -0.0003  0.0898 0 
 36.2066  0.2637  0.9324  0.0143  0.2845  0.0328  0.3722  0.0424 -0.0003  0.1078 0 
 40.8698 -0.2476 -2.2587  0.3993  0.1170  0.0324  0.3151  0.4117 -0.0003  0.9843 0 
 26.1784  0.2200  0.8646  0.0227  0.1140  0.0241  0.3580  0.0399  0.1702  0.2798 0 
 45.3712 -0.2910 -1.6947  0.0194  0.4248  0.0298  0.2189  0.0335  0.2833  0.8222 0 
 40.8392  0.2892  1.4167  0.0038  0.2705  0.0847  0.4052  0.0074 -0.0003  0.1380 0 
 51.1727 -0.4758 -2.0396  0.1906  0.3694  0.0515  0.3819  0.4254  0.1136  0.9798 1 
 47.4189  0.4528  1.1038  0.6309  0.8837  0.0205  0.5193  0.6362 -0.0003  0.9980 1 
 48.3558 -0.5004  1.2271  0.0840  0.2542  0.0460  0.4736  0.1281 -0.0003  0.5360 0 
 42.9053  0.4812 -1.8705  0.0074  0.0922  0.0280  0.1333  0.0251 -0.0003  0.0560 0 
 44.2298 -0.1522 -2.6745  0.0374  0.3044  0.0204  0.0441  0.0040 -0.0003  0.2291 0 
 42.9419  0.1166  0.4967  0.0098  0.2117  0.0438  0.2665  0.0058 -0.0003  0.0997 0 
 45.7435 -0.7448 -2.4521  0.0178  0.6094  0.1208  0.5242  0.1577 -0.0003  0.3937 0 
 37.8088  0.7251  0.6501  0.0361  0.2960  0.0502  0.2298  0.0240 -0.0003  0.2278 0 
 44.2267  0.3241  2.8853  0.0078  0.1526  0.0289  0.4848  0.0546 -0.0003  0.0888 0 
 43.2166 -0.3267 -0.2010  0.0021  0.7762  0.0707  0.3547  0.0742 -0.0003  0.2753 0 
 55.6405 -0.7248  0.6966  0.0457  0.3096  0.0708  0.6649  0.0411 -0.0003  0.3870 0 
 43.7629  0.7296 -2.4498  0.0851  0.5135  0.0780  0.3535  0.0455  0.6302  0.9970 0 
 50.0771  0.7248  1.1169  0.1137  0.6763  0.0345  0.4267  0.1876 -0.0003  0.8510 1 
 41.7761 -0.7105 -2.0694  0.0271  0.5029  0.0712  0.5817  0.2740 -0.0003  0.6108 1 
 48.4443  0.2102 -2.2969  0.0222  0.3292  0.1014  0.3873  0.0427 -0.0003  0.2105 0 
 43.4455 -0.2058  0.8095  0.0133  0.6575  0.0220  0.4871  0.0453 -0.0003  0.1859 0 
 51.2245 -0.1569  1.7334  0.0402  0.2757  0.1734  0.4243  0.1241 -0.0003  0.3856 0 
 42.2004  0.1434 -1.4116  0.1449  0.2740  0.0537  0.2678  0.1004  0.2875  0.9268 0 
 47.6020 -0.0890 -2.3418  0.0335  0.2882  0.0535  0.6485  0.0673 -0.0003  0.3484 0 
 46.0151  0.0753  0.7970  0.0290  0.0834  0.0355  0.2617  0.0092 -0.0003  0.0648 0 
 54.6212  0.5489  3.0055  0.0061  0.4345  0.0757  0.2087  0.0381 -0.0003  0.2705 0 
 42.3438 -0.5407 -0.1291  0.0278  0.0822  0.0661  0.4904  0.0324 -0.0003  0.1088 0 
 45.9663  0.2315  1.3563  0.7173  0.6716  0.0545  0.3054  0.5187  0.1237  0.9980 1 
 38.4985 -0.2372 -1.7621  0.1088  0.6384  0.0366  0.3660  0.2191 -0.0003  0.8544 1 
 45.2827  0.2391  0.7978  0.0390  0.3011  0.0214  0.2190  0.0766 -0.0003  0.1324 0 
 44.0223 -0.2314 -2.3306  0.0912  0.5449  0.0658  0.3530  0.0792 -0.0003  0.6348 0 
 43.9185 -0.7539  0.9046  0.0018  0.4604  0.0318  0.2649  0.0192 -0.0003  0.1282 0 
 41.7578  0.7368 -2.2102  0.0017  0.0945  0.0324  0.2238  0.0220 -0.0003  0.0484 0 
 54.9538  0.2401 -0.8062  0.0838  0.4945  0.0208  0.3751  0.0784 -0.0003  0.4271 0 
 47.6844 -0.2463  2.3163  0.0926  0.1590  0.0413  0.4753  0.0854 -0.0003  0.3898 0 
 45.3559  0.4976 -1.9586  0.1870  0.4405  0.0673  0.2189  0.1633 -0.0003  0.8976 1 
 40.8179 -0.5272  1.2322  0.0118  0.3116  0.1664  0.4502  0.0926 -0.0003  0.2457 1 
 43.0030  0.5502  2.6579  0.4601  0.6496  0.0237  0.2664  0.3194 -0.0003  0.9937 1 
 36.2097 -0.5323 -0.4475  0.2120  0.8139  0.0652  0.1861  0.1747 -0.0003  0.9570 1 
 43.0274 -0.2942  2.0786  0.0701  0.1233  0.0382  0.2664  0.0898 -0.0003  0.1638 0 
 30.3868  0.2929 -1.0950  0.0134  0.5432  0.0436  0.3424  0.0214 -0.0003  0.2066 0 
 42.7192  0.3117 -1.8760  0.0353  0.1380  0.0954  0.4448  0.0397 -0.0003  0.1523 0 
 40.8148 -0.3294  1.2600  0.0003  0.7680  0.1597  0.5403  0.1053 -0.0003  0.3284 0 
 46.9673  0.6473  3.1171  0.0191  0.2177  0.0497  0.1735  0.0070 -0.0003  0.1545 0 
 43.6500 -0.6482 -0.0303  0.0197  0.4574  0.0181  0.3980  0.0419 -0.0003  0.1284 0 
 43.9521 -0.0907 -2.8180  0.0347  0.6585  0.0461  0.2649  0.1728 -0.0003  0.5720 1 
 35.6817  0.0676  0.2923  0.3002  0.5241  0.2467  0.5606  0.1641  0.8662  0.9981 1 
 51.0780 -0.1303  0.7478  0.2089  0.5948  0.1368  0.6369  0.4040 -0.0003  0.9940 1 
 44.7303  0.1152 -2.4255  0.5076  0.4140  0.0393  0.3076  0.5390 -0.0003  0.9977 1 
 45.7160  0.4837 -0.5838  0.1148  0.5261  0.0332  0.5243  0.2591  0.1612  0.9084 1 
 40.7538 -0.4840  2.5525  0.1410  0.6566  0.0854  0.3604  0.1567 -0.0003  0.9096 1 
 45.3162 -0.7203 -0.8958  0.0064  0.1195  0.0431  0.4817  0.0244 -0.0003  0.0872 0 
 37.1038  0.7250  2.2766  0.0405  0.6435  0.0407  0.4621  0.1118 -0.0003  0.4746 0 
 46.7201  0.3577 -0.7657  0.0150  0.1301  0.0249  0.1738  0.0141 -0.0003  0.0554 0 
 43.8056 -0.3491  2.3670  0.0438  0.0342  0.0117  0.2651  0.0306 -0.0003  0.0398 0 
 49.2897 -0.6191  1.2687  0.1897  0.1215  0.0501  0.2999  0.1790  0.2171  0.9014 0 
 40.4852  0.6501 -1.8976  0.0009  0.4352  0.0151  0.1354  0.1260 -0.0003  0.1315 0 
 44.0223 -0.5470  2.0259  0.0259  0.2926  0.0116  0.3971  0.0131 -0.0003  0.0918 0 
 32.8801  0.5601 -1.0966  0.0119  0.1602  0.0168  0.2390  0.0582 -0.0003  0.0424 0 
 49.4759  0.6706 -2.7462  0.0589  0.3468  0.0755  0.5137  0.0252 -0.0003  0.3631 0 
 39.8291 -0.6844  0.4048  0.0125  0.0496  0.0147  0.1360  0.0008 -0.0003  0.0512 0 
 49.9062 -0.5365  0.4615  0.0027  0.4052  0.0370  0.2990  0.1186  0.1285  0.4186 0 
 43.0213  0.5123 -2.7080  0.0470  0.5274  0.0359  0.5771  0.0237 -0.0003  0.3745 0 
 47.4922  0.6220  2.7684  0.0145  0.1788  0.0919  0.6488  0.1806 -0.0003  0.3229 0 
 40.7660 -0.6215 -0.4077  0.1117  0.3427  0.0185  0.1802  0.0898 -0.0003  0.3051 0 
 51.2490  0.6977  1.1321  0.0105  0.2140  0.0977  0.3394  0.0943 -0.0003  0.1593 0 
 36.4324 -0.6599 -2.0383  0.0459  0.4595  0.0364  0.3716  0.1359 -0.0003  0.4422 0 
 40.9491  0.7544 -1.1577  0.0283  0.2665  0.0489  0.2249  0.0255 -0.0003  0.1796 0 
 39.9268 -0.7301  1.9657  0.0247  0.2914  0.0291  0.2265 -0.0005  0.1349  0.3705 0 
 46.8879  0.6256  2.2259  0.0238  0.4445  0.0785  0.3906  0.0662 -0.0003  0.2637 0 
 42.4079 -0.6276 -0.9427  0.0114  0.3431  0.0529  0.3565  0.0222 -0.0003  0.1652 0 
 50.7485 -0.7404  2.5977  0.0207  0.3822  0.2148  0.3402  0.0610 -0.0003  0.2849 0 
 46.4393  0.7109 -0.5633  0.0226  0.5827  0.0624  0.5656  0.0694 -0.0003  0.2885 0 
 43.0915  0.6702  0.8908  0.0258  0.4549  0.1451  0.5769  0.1015 -0.0003  0.3289 0 
 42.0630 -0.6973 -2.2535  0.0856  0.3688  0.0953  0.2233  0.0786 -0.0003  0.6028 0 
 45.4444  0.6231  0.7378  0.0254  0.2848  0.1165  0.3063  0.0137 -0.0003  0.1928 0 
 43.0915 -0.6001 -2.3528  0.0360  0.7131  0.0157  0.3994  0.0240 -0.0003  0.2116 0 
 51.2459 -0.0275 -1.0778  0.4087  0.3885  0.1333  0.2970  0.2243  0.5160  0.9990 1 
 38.4680  0.0298  2.0749  0.0970  0.4847  0.0421  0.3660  0.0563 -0.0003  0.5781 1 
 48.0964  0.5921  1.0060  0.0020  0.2161  0.0949  0.4743  0.1456 -0.0003  0.1810 0 
 46.2593 -0.5994 -2.1383  0.0253  0.5575  0.1380  0.6098  0.0521 -0.0003  0.2861 0 
 54.6181 -0.7774  2.5515  0.0504  0.3416  0.0314  0.3757  0.0429 -0.0003  0.2486 0 
 36.6217  0.7848 -0.5832  0.0406  0.1880  0.0112  0.1392  0.0087  0.2441  0.9091 0 
 47.6539  0.1525 -1.4178  0.0477  0.6139  0.0503  0.3458  0.1581  0.0867  0.7176 0 
 45.8503 -0.1709  1.7452  0.0048  0.2749  0.2574  0.5239  0.2640 -0.0003  0.5519 0 
 50.2815 -0.0122  1.6024  0.0340  0.3600  0.0438  0.4689  0.0723  0.0266  0.3473 0 
 45.7252  0.0223 -1.5256  0.0214  0.5385  0.2725  0.4806 -0.0015 -0.0003  0.2295 0 
 52.0607  0.6049  1.6460  0.4869  0.5129  0.0641  0.3803  0.6676 -0.0003  0.9983 1 
 34.5830 -0.6319 -1.5093  0.2857  0.5918  0.0189  0.3299  0.2553  0.1433  0.9518 1 
 47.0741 -0.1014  2.7075  0.0044  0.4955  0.0163  0.2168  0.0889 -0.0003  0.1086 0 
 45.8564  0.0952 -0.4494  0.0414  0.0854  0.0360  0.2619  0.0941 -0.0003  0.0881 0 
 44.6845  0.3063 -1.0239  0.1055  0.0924  0.0491  0.3956  0.1141 -0.0003  0.3136 0 
 43.9673 -0.3022  2.1150  0.1629  0.6998  0.0314  0.3090  0.1005 -0.0003  0.7801 0 
 58.2589 -0.6191 -0.3046  0.0284  0.0887  0.0258  0.3287  0.0193 -0.0003  0.0572 0 
 45.4017  0.6340  2.8366  0.0529  0.5457  0.0519  0.5690  0.1448 -0.0003  0.5616 0 
 45.4841  0.2204 -2.5313  0.8121  0.5946  0.0820  0.3500  0.8508 -0.0003  0.9983 1 
 36.5484 -0.2751  0.5281  0.0783  0.0848  0.0379  0.2785  0.1249  0.1729  0.5155 1 
 52.7382  0.1264  2.2706  0.0761  0.1793  0.3767  0.3790  0.0145 -0.0003  0.2931 0 
 44.2054 -0.1171 -0.8537  0.0002  0.3318  0.0212  0.3085  0.1148 -0.0003  0.0853 0 
 47.5257 -0.4629 -1.1133  0.0302  0.4387  0.0175  0.3028  0.0898 -0.0003  0.1419 0 
 45.8869  0.4504  2.0381  0.0885  0.0183  0.0237  0.1309  0.0511 -0.0003  0.0629 0 
 57.2274 -0.6223 -0.4150  0.0098  0.4293  0.0242  0.2476  0.0672 -0.0003  0.1080 0 
 44.7517  0.6176  2.7525  0.0020  0.2317  0.0236  0.3515  0.0384 -0.0003  0.0540 0 
 46.5431 -0.3093 -1.1928  0.0239  0.4829  0.0269  0.3913  0.0568 -0.0003  0.1842 0 
 44.8188  0.2996  1.9353  0.0356  0.2640  0.0415  0.2635  0.0156 -0.0003  0.1717 0 
 45.1972  0.7850  1.3508  0.0181  0.4465  0.1899  0.2629  0.0097 -0.0003  0.2295 0 
 39.2462 -0.7887 -1.8112  0.0486  0.1699  0.0392  0.2730  0.0264 -0.0003  0.1249 0 
 48.4443  0.4239  2.1478  0.0609  0.6354  0.0693  0.2582  0.0267 -0.0003  0.4913 0 
 43.1403 -0.4267 -0.9784  0.0592  0.1443  0.1426  0.3549  0.0213 -0.0003  0.1881 0 
 47.3976 -0.5784 -0.4052  0.2866  0.1608  0.0315  0.3463  0.2123 -0.0003  0.8771 1 
 45.7130  0.5761  2.7357  0.3558  0.6869  0.0231  0.3495  0.4258 -0.0003  0.9937 1 
 44.7120 -0.2842 -0.2807  0.0255  0.3929  0.0330  0.3516  0.0047 -0.0003  0.1928 0 
 34.1863  0.2771  2.8697  0.0107  0.1829  0.0181  0.3310  0.0399 -0.0003  0.0466 0 
 47.8584 -0.5967 -2.9363  0.1006  0.3672  0.2660  0.4749  0.2194 -0.0003  0.8801 1 
 39.1363  0.6314  0.1487  0.0345  0.3363  0.0926  0.4554  0.0370 -0.0003  0.2592 1 
 46.0914  0.5263 -0.3099  0.0786  0.6580  0.0840  0.7411  0.0972  0.1958  0.8424 0 
 46.0670 -0.5240  2.8491  0.0129  0.4826  0.0408  0.3924  0.0019 -0.0003  0.1977 0 
 45.0599 -0.5580 -0.1755  0.0092  0.7919  0.0199  0.2631  0.0067 -0.0003  0.1493 0 
 39.6613  0.5490  2.9817  0.0086  0.2202  0.0204  0.1815  0.0058 -0.0003  0.0692 0 
 45.0935 -0.1051 -1.0565  0.1406  0.3656  0.0087  0.3069  0.2613 -0.0003  0.6062 0 
 44.7059  0.1112  2.0974  0.0237  0.3291  0.0258  0.3516  0.0163 -0.0003  0.1264 0 
 70.0389  0.3872  2.4991  0.0182  0.2627  0.0754  0.2358  0.0005 -0.0003  0.2026 0 
 46.7567 -0.3839 -0.7028  0.0056  0.5210  0.1035  0.4778  0.0428 -0.0003  0.2049 0 
 45.3773 -0.3508 -1.9440  0.1219  0.4975  0.1168  0.6566  0.0311 -0.0003  0.5493 0 
 42.2187  0.3032  1.2006  0.0057  0.3019  0.0504  0.2677  0.0123 -0.0003  0.1431 0 
 47.9133 -0.3834 -3.0408  0.0531  0.1471  0.0902  0.5611  0.0710 -0.0003  0.3153 0 
 39.3347  0.3431  0.1043  0.0018  0.5363  0.0439  0.3638  0.0121  0.1426  0.3308 0 
 54.3038  0.7525  0.6861  0.1494  0.4923  0.0260  0.3344  0.1738 -0.0003  0.7576 1 
 40.6592 -0.7375 -2.5423  0.1985  0.3058  0.0779  0.4056  0.2571 -0.0003  0.9523 1 
 54.6334 -0.6262  0.2709  0.0159  0.3499  0.1221  0.5009  0.0207  0.1281  0.3160 0 
 41.1780  0.6274 -2.8220  0.0987  0.3374  0.0278  0.2695  0.1655  0.3472  0.9881 0 
 46.0182  0.4893  1.7722  0.0483  0.3779  0.0505  0.3053  0.1331 -0.0003  0.4602 0 
 45.0904 -0.4619 -1.3739  0.0094  0.3753  0.1262  0.4385  0.1124 -0.0003  0.2520 0 
 47.7943 -0.0491 -2.1909  0.0404  0.0266  0.0275  0.1728  0.0715 -0.0003  0.0606 0 
 37.3571  0.0566  0.9530  0.0101  0.5165  0.0703  0.3229  0.0827 -0.0003  0.2648 0 
 62.9618  0.5772  0.3801  0.0041  0.2764  0.1668  0.5241  0.0439 -0.0003  0.1924 0 
 44.9775 -0.5979 -2.7570  0.0097  0.1553  0.0341  0.3510  0.0657 -0.0003  0.0669 0 
 69.6635 -0.6870 -2.8689  0.0434  0.3323  0.3349  0.3148  0.1426 -0.0003  0.5774 0 
 38.5962  0.7054  0.2522  0.0206  0.6995  0.0187  0.3657  0.0134 -0.0003  0.1635 0 
 51.6182 -0.4016  0.5834  0.0000  0.0301  0.1406  0.2541  0.0168 -0.0003  0.0448 0 
 46.7231  0.4121 -2.5791  0.0096  0.1729  0.0664  0.3910  0.0123  0.2060  0.2163 0 
 51.0597  0.0156  0.3567  0.0296  0.0781  0.0492  0.1698  0.0261 -0.0003  0.0798 0 
 39.6368 -0.0417 -2.7624  0.1040  0.1865  0.0140  0.1816  0.1422 -0.0003  0.2598 0 
 60.6027 -0.0988  3.1297  0.1483  0.2106  0.0283  0.3255  0.0920 -0.0003  0.4862 0 
 40.1587  0.1209 -0.0360  0.0191  0.4080  0.0585  0.2261  0.1583 -0.0003  0.4271 0 
 45.4932 -0.7307  1.5148  0.0354  0.3460  0.0948  0.4812  0.0473 -0.0003  0.2792 0 
 40.4974  0.7583 -1.6192  0.0521  0.3462  0.0180  0.3159  0.0244 -0.0003  0.1553 0 
 49.2470  0.2867 -2.2529  0.0099  0.6925  0.0780  0.3000  0.0239 -0.0003  0.2397 0 
 48.1208 -0.2633  0.8722  0.0402  0.5794  0.0382  0.3449  0.0812 -0.0003  0.3601 0 
 46.7750 -0.4217 -0.4769  0.2642  0.1205  0.0403  0.5646  0.2929 -0.0003  0.9618 1 
 40.2625  0.4567  2.6715  0.2738  0.3038  0.0519  0.1808  0.3461 -0.0003  0.9686 1 
 46.7903 -0.5211 -2.3850  0.0111  0.3016  0.0506  0.4777  0.0714 -0.0003  0.1820 0 
 46.6926  0.4957  0.7647  0.2010  0.1673  0.0959  0.3041  0.3082 -0.0003  0.9391 0 
 48.1819 -0.7681 -0.2577  0.0068  0.3991  0.0537  0.1724  0.0161 -0.0003  0.2551 0 
 42.8382  0.7545  2.8859  0.0737  0.1670  0.0635  0.4000  0.0386 -0.0003  0.2683 0 
 45.3223 -0.5433  0.7300  0.1033  0.3598  0.1556  0.5692  0.1066 -0.0003  0.6104 0 
 44.1382  0.5246 -2.4094  0.0006  0.1704  0.0648  0.4409  0.0578  0.1528  0.1831 0 
 45.2766 -0.5519 -0.9650  0.0575  0.4725  0.0385  0.2190  0.0262 -0.0003  0.3427 0 
 43.2044  0.5418  2.1747  0.0474  0.1943  0.0100  0.2661  0.0787 -0.0003  0.0810 0 
 50.9255  0.5648 -2.6414  0.0350  0.2670  0.2693  0.2974  0.0734  0.3935  0.5722 0 
 46.6194 -0.5569  0.5062  0.0622  0.4003  0.0254  0.2608  0.0322 -0.0003  0.2257 0 
 45.0233  0.4943  2.6856  0.0141  0.1936  0.0564  0.3509  0.0338 -0.0003  0.1111 0 
 44.9348 -0.4778 -0.4729  0.0026  0.5107  0.0878  0.4389  0.0952 -0.0003  0.2191 0 
 49.4331 -0.0138 -2.2189  0.1990  0.6326  0.0468  0.3425  0.4077 -0.0003  0.9829 1 
 41.8799 -0.0019  0.9293  0.0996  0.3161  0.0301  0.4472  0.2557 -0.0003  0.7411 1 
 51.9600  0.3605  1.9423  0.0785  0.1448  0.0646  0.4650  0.2361 -0.0003  0.5569 0 
 39.5819 -0.3509 -1.2156  0.1356  0.5003  0.0181  0.2724  0.1158 -0.0003  0.5170 0 
 49.8512  0.2689  1.9795  0.0227  0.2463  0.1935  0.3418  0.0353 -0.0003  0.2068 0 
 40.6134 -0.2695 -1.1547  0.0335  0.4018  0.0544  0.3156  0.0292 -0.0003  0.2708 0 
 45.1148 -0.7627 -1.5701  0.1041  0.2259  0.0278  0.5699  0.2028 -0.0003  0.6995 1 
 17.7707  0.7472  1.5376  0.0950  0.5972  0.0112  0.6384  0.1133 -0.0003  0.7333 1 
 54.0963  0.4115 -2.1091  0.0323  0.4342  0.0850  0.2092  0.0076 -0.0003  0.3146 0 
 42.8809 -0.4395  1.0290  0.0170  0.1485  0.0531  0.1778  0.1011 -0.0003  0.1295 0 
 49.8360  0.7542 -2.1744  0.0100  0.2190  0.0593  0.4272  0.0089 -0.0003  0.1309 0 
 42.2461 -0.7615  0.9092  0.0332  0.3094  0.0435  0.3123  0.0052 -0.0003  0.2069 0 
 45.1240  0.2045  1.2062  0.0118  0.0977  0.0208  0.2630  0.0333 -0.0003  0.0399 0 
 45.0629 -0.1918 -1.9221  0.0179  0.0963  0.0522  0.2193  0.0109 -0.0003  0.0789 0 
 47.9072  0.2187 -0.6522  0.0794  0.4043  0.0453  0.3453  0.0756  0.0498  0.6005 0 
 45.7771 -0.2108  2.4876  0.0458  0.3032  0.0213  0.3931  0.0613 -0.0003  0.1856 0 
 46.6621  0.2744  0.6499  0.0351  0.3461  0.0648  0.4346  0.0486 -0.0003  0.2766 0 
 45.9907 -0.2771 -2.5170  0.0007  0.7586  0.0376  0.4798  0.0464 -0.0003  0.1802 0 
 47.6081  0.3617 -0.9147  0.0877  0.3584  0.0927  0.5620  0.0433 -0.0003  0.4661 0 
 47.2053 -0.3179  2.2785  0.0118  0.4811  0.0695  0.3466  0.0797 -0.0003  0.2473 0 
 46.1707  0.5287 -3.0322  0.0577  0.4968  0.0428  0.2179  0.0927 -0.0003  0.4372 0 
 45.8320 -0.5366  0.1318  0.0234  0.5305  0.0803  0.3930  0.1605 -0.0003  0.4388 0 
 46.2226  0.0119  2.2843  0.1222  0.2630  0.0338  0.3485  0.1318  0.2166  0.8793 0 
 43.8178 -0.0249 -0.8658  0.0111  0.3266  0.0097  0.2651  0.0121 -0.0003  0.0632 0 
 47.8065 -0.6900 -1.9603  0.1133  0.7347  0.0223  0.2159  0.0927 -0.0003  0.5465 0 
 45.2705  0.6856  1.1783  0.0383  0.0659  0.0280  0.3942  0.0239 -0.0003  0.0740 0 
 47.3030 -0.5659  0.1344  0.0172  0.1326  0.0564  0.2165  0.0084 -0.0003  0.0948 0 
 45.8808  0.5382 -3.0222  0.0143  0.6393  0.0292  0.3928  0.0783 -0.0003  0.1952 0 
 47.2145  0.7570 -0.4759  0.0457  0.1894  0.0266  0.2599  0.0615 -0.0003  0.1049 0 
 41.4588 -0.7746  2.6373  0.0584  0.2576  0.0120  0.2690  0.0745 -0.0003  0.1207 0 
 45.4994 -0.1399  1.1426  0.2421  0.4120  0.0464  0.5249  0.4395 -0.0003  0.9931 0 
 43.2532  0.1302 -2.0136  0.0248  0.1562  0.2304  0.4433  0.1567 -0.0003  0.3307 0 
 44.8676  0.4907  3.0540  0.6069  0.5595  0.0684  0.5268  0.4494 -0.0003  0.9959 1 
 32.6360 -0.4839 -0.0736  0.3553  0.5771  0.0601  0.4312  0.5364  0.1051  0.9977 1 
 44.9012 -0.0342  1.9249  0.0432  0.5401  0.0636  0.4390  0.0029 -0.0003  0.2930 0 
 38.0652  0.0376 -1.1926  0.3042  0.4040  0.0246  0.2753  0.2160 -0.0003  0.8964 0 
 48.8045  0.7541  1.7342  0.1709  0.4981  0.0421  0.2577  0.1345 -0.0003  0.8096 0 
 39.3530 -0.7520 -1.3578  0.0837  0.4781  0.0703  0.3638  0.2349 -0.0003  0.8263 0 
 43.4821  0.5996 -0.1260  0.0395  0.4866  0.0145  0.3541  0.1967 -0.0003  0.3068 0 
 32.2118 -0.6341  3.0551  0.0435  0.2652  0.0569  0.5290  0.0352 -0.0003  0.2954 0 
 46.5248  0.4192  2.3754  0.0526  0.1164  0.0313  0.2174  0.0068 -0.0003  0.0841 0 
 42.5910 -0.4411 -0.7680  0.0367  0.3239  0.0425  0.1781  0.0145 -0.0003  0.2468 0 
 45.2583 -0.2593  0.2175  0.1260  0.1624  0.0294  0.1752  0.1716 -0.0003  0.4789 0 
 42.0172  0.2520 -2.9660  0.0471  0.1414  0.2074  0.5361  0.0211 -0.0003  0.2431 0 
 47.0039  0.7041  0.3956  0.0137  0.5494  0.1515  0.7374  0.0797 -0.0003  0.3118 1 
 40.8576 -0.7147 -2.7598  0.1829  0.2306  0.0399  0.1800  0.2061 -0.0003  0.7791 1 
 57.1054 -0.4822  2.1630  0.0259  0.1084  0.2051  0.0826  0.0272 -0.0003  0.1153 0 
 46.3020  0.5006 -1.0560  0.0227  0.1276  0.0563  0.5661  0.0552  0.1470  0.2628 0 
 44.3702 -0.0205 -2.0069  0.0241  0.2182  0.0369  0.3963  0.0700 -0.0003  0.1361 0 
 41.9715  0.0083  1.1351  0.0080  0.1621  0.0125  0.1341  0.0273 -0.0003  0.0488 0 
 48.9021  0.1028  0.7391  0.4372  0.6322  0.0369  0.4293  0.4693 -0.0003  0.9966 1 
 24.1062 -0.1295 -2.4357  0.0613  0.2445  0.0264  0.4198  0.0672 -0.0003  0.2569 1 
 45.6886  0.5464 -2.4641  0.0243  0.3084  0.1035  0.3496  0.0284  0.1406  0.3381 0 
 36.8963 -0.5264  0.6521  0.0766  0.1989  0.0046  0.0926  0.0026 -0.0003  0.1298 0 
 49.8482  0.2789 -1.8057  0.0116  0.4021  0.0742  0.4272  0.0236 -0.0003  0.1830 0 
 47.6295 -0.3032  1.3263  0.0443  0.2072  0.0485  0.1297  0.0126 -0.0003  0.2250 0 
 49.9336  0.0946  0.3960  0.0172  0.2581  0.1197  0.2562  0.0308 -0.0003  0.1800 0 
 43.9765 -0.1613 -2.7882  0.0371  0.2199  0.0577  0.2207  0.0220 -0.0003  0.1924 0 
 50.4707  0.1755  2.5536  0.0015  0.2431  0.0550  0.2555  0.0364 -0.0003  0.1054 0 
 44.4434 -0.1524 -0.5816  0.0910  0.2051  0.0729  0.6602  0.1119 -0.0003  0.6367 0 
 46.3203  0.2545 -1.0884  0.0432  0.4424  0.2048  0.7402  0.0407 -0.0003  0.3933 0 
 43.5889 -0.2548  2.0174  0.1078  0.0440  0.0574  0.2212  0.1047 -0.0003  0.1451 0 
 37.4578 -0.3077 -1.6665  0.0739  0.2283  0.0269  0.3226  0.0584 -0.0003  0.2161 0 
 37.3907  0.2902  1.4803  0.0053  0.3688  0.0587  0.2306  0.0355 -0.0003  0.1960 0 
 50.4555 -0.2818  0.9351  0.0525  0.4566  0.0404  0.2981  0.0724 -0.0003  0.3641 1 
 44.5991  0.2855 -2.1920  0.4579  0.3633  0.0930  0.4837  0.3102 -0.0003  0.9940 1 
 53.9254 -0.2073  3.1318  0.0636  0.2807  0.0294  0.3769  0.1456 -0.0003  0.3894 0 
 47.2572  0.1911 -0.0236  0.0849  0.4687  0.0324  0.4764  0.0546  0.0705  0.6370 0 
 46.7933  0.4746 -0.7184  0.0174  0.5046  0.0202  0.3474  0.0561 -0.0003  0.1236 0 
 46.5614 -0.4758  2.4043  0.0009  0.3637  0.0285  0.3913  0.0596 -0.0003  0.0915 0 
 46.0304 -0.2468 -1.9638  0.1452  0.4027  0.0245  0.3489  0.1494 -0.0003  0.6856 0 
 44.4434  0.2526  1.1993  0.0956  0.6177  0.0399  0.3521  0.0812 -0.0003  0.6631 0 
 47.9866  0.2303 -1.0972  0.0237  0.3939  0.0495  0.4314  0.1633  0.0651  0.4816 0 
 43.1891 -0.2767  2.0835  0.0003  0.3361  0.2028  0.4435  0.0594 -0.0003  0.2143 0 
 51.1421 -0.0115  0.3118  0.0049  0.6598  0.0469  0.1698 -0.0009 -0.0003  0.3329 0 
 43.1891  0.0195 -2.8385  0.0131  0.2684  0.0495  0.5322  0.0223 -0.0003  0.1745 0 
 53.7453  0.1112  2.2016  0.0120  0.1724  0.0406  0.3353  0.0114  0.1039  0.1725 0 
 46.4240 -0.1124 -0.9315  0.0551  0.2979  0.0633  0.5222  0.0729 -0.0003  0.4014 0 
 49.2073  0.2175 -2.6846  0.0202  0.4994  0.0374  0.3429  0.0577 -0.0003  0.2029 0 
 40.9125 -0.2337  0.4568  0.0521  0.5379  0.0076  0.3599  0.0537 -0.0003  0.1748 0 
 46.5980  0.6117  1.1451  0.0019  0.0525  0.0129  0.0869  0.1712 -0.0003  0.0902 0 
 46.5370 -0.6047 -1.9980  0.0001  0.2746  0.0396  0.4784  0.0904  0.1450  0.3018 0 
 48.3101  0.7561 -1.9023  0.0699  0.2436  0.0348  0.1292  0.1153 -0.0003  0.3243 0 
 39.3164 -0.7153  1.2924  0.0277  0.0585  0.0840  0.2274  0.0255 -0.0003  0.0815 0 
 52.5032  0.1018  1.4175  0.2310  0.2396  0.0184  0.2108  0.1738 -0.0003  0.6400 0 
 45.6397 -0.0770 -1.7225  0.0000  0.3085  0.0387  0.1311  0.0932 -0.0003  0.1678 0 
 36.2829  0.2062 -2.3455  0.0399  0.7281  0.0134  0.1395  0.0091 -0.0003  0.1720 0 
 35.6634 -0.2210  0.7969  0.0331  0.3451  0.0208  0.2336  0.0163 -0.0003  0.1240 0 
 48.3162 -0.6976  1.2840  0.0445  0.1196  0.0863  0.4737  0.0729 -0.0003  0.1990 0 
 47.2450  0.7001 -1.7727  0.0138  0.2550  0.0219  0.1300  0.1048 -0.0003  0.1337 0 
 46.8757  0.6168 -0.5692  0.0398  0.5549  0.0298  0.2170  0.0704 -0.0003  0.2284 0 
 43.8239 -0.6084  2.5954  0.1004  0.2623  0.0285  0.5301  0.1021 -0.0003  0.5579 0 
 46.0151 -0.6172  1.8430  0.0013  0.2940  0.0986  0.4362  0.0322 -0.0003  0.1412 0 
 45.1942  0.6239 -1.3180  0.0186  0.2040  0.2864  0.5258  0.2308 -0.0003  0.5633 0 
 57.8988  0.5424 -1.0826  0.1270  0.5417  0.1608  0.4114  0.0511 -0.0003  0.5635 0 
 36.8536 -0.5397  1.9987  0.1676  0.1966  0.0307  0.4167  0.0803 -0.0003  0.5568 0 
 47.7485 -0.5080 -2.7401  0.0052  0.0451  0.0107  0.2160  0.0847 -0.0003  0.0382 0 
 44.7150  0.5250  0.4015  0.0074  0.5570  0.0395  0.3516  0.0179 -0.0003  0.1793 0 
 40.9888  0.3261 -3.0689  0.0039  0.3978  0.1050  0.5397  0.0683 -0.0003  0.2043 0 
 40.4425 -0.2829  0.0555  0.0018  0.2824  0.0171  0.1354  0.0276 -0.0003  0.0836 0 
 47.7363  0.0029  0.4719  0.0512  0.1087  0.0374  0.2592  0.0224 -0.0003  0.0851 0 
 43.4394 -0.0561 -2.6778  0.0121  0.1635  0.0299  0.2657 -0.0008 -0.0003  0.0678 0 
 46.6133 -0.3752  2.7882  0.0435  0.3379  0.0199  0.1739  0.0046 -0.0003  0.1616 0 
 46.1585  0.3793 -0.3298  0.0208  0.2110  0.0134  0.2615  0.0347 -0.0003  0.0501 0 
 45.4566  0.5541  2.2841  0.0734  0.5023  0.1315  0.4375  0.0436 -0.0003  0.3788 1 
 42.4140 -0.5515 -0.8642  0.3187  0.1766  0.0531  0.4011  0.2138 -0.0003  0.9457 1 
 49.0455  0.1663 -3.0738  0.0162  0.1664  0.0233  0.3432  0.1082 -0.0003  0.0780 0 
 44.9104 -0.1571  0.0588  0.0054  0.1555  0.1122  0.3951  0.0167 -0.0003  0.0915 0 
 49.1524 -0.7754 -0.2564  0.1081  0.2270  0.0563  0.2144  0.1264 -0.0003  0.5782 1 
 28.4123  0.8117  2.8881  0.0966  0.6225  0.0464  0.1996  0.0496  0.4360  0.9933 1 
 46.5003 -0.7648 -1.4735  0.2762  0.2922  0.0469  0.2610  0.4278 -0.0003  0.9861 1 
 44.9958  0.7591  1.6567  0.1689  0.2048  0.0642  0.5703  0.2182 -0.0003  0.9002 1 
 47.1931  0.7526 -2.4571  0.0271  0.3214  0.0432  0.3033  0.1531 -0.0003  0.3147 0 
 46.9429 -0.7393  0.6556  0.0388  0.2611  0.1294  0.4339  0.0368  0.1329  0.3854 0 
 54.9111 -0.3623 -0.2281  0.0288  0.1905  0.1008  0.4586  0.0535 -0.0003  0.1892 0 
 39.4842  0.3537  2.8814  0.0853  0.0420  0.0194  0.1363  0.0263 -0.0003  0.0565 0 
 48.1727 -0.0511 -2.0987  0.0094  0.5049  0.1158  0.4310  0.1363 -0.0003  0.3042 0 
 46.5949  0.0288  1.0670  0.0291  0.1937  0.0334  0.3913  0.0590 -0.0003  0.1220 0 
 51.8379  0.5122  2.5770  0.0950  0.6686  0.0410  0.4230  0.0587 -0.0003  0.6633 0 
 46.7628 -0.5391 -0.5151  0.0005  0.4198  0.0608  0.2606  0.0191 -0.0003  0.1967 0 
 50.4555  0.5213 -0.6888  0.0121  0.5761  0.0314  0.2555  0.0717 -0.0003  0.1629 0 
 48.7861 -0.4986  2.4741  0.0160  0.5402  0.0470  0.3436  0.1461 -0.0003  0.3756 0 
 46.9673  0.5481  1.5531  0.0107  0.3636  0.0470  0.3471  0.0145 -0.0003  0.1642 0 
 46.1189 -0.5655 -1.5434  0.0024  0.5169  0.0601  0.3051  0.0098 -0.0003  0.2005 0 
 43.9826 -0.4899  1.4185  0.0169  0.3705  0.0814  0.4413  0.1345 -0.0003  0.2982 1 
 33.5698  0.4658 -1.7689  0.1070  0.2749  0.0582  0.3802  0.0983 -0.0003  0.5578 1 
 45.6123 -0.2969  2.2837  0.1453  0.0936  0.0236  0.5683  0.1126 -0.0003  0.5745 0 
 45.1850  0.2941 -0.8216  0.0164  0.7034  0.0157  0.3944  0.0606 -0.0003  0.1462 0 
 52.0333 -0.3420  0.6779  0.1910  0.6238  0.1075  0.5916  0.2785 -0.0003  0.9794 1 
 36.7803  0.3163 -2.5040  0.0364  0.2526  0.0323  0.2316  0.0274  0.3890  0.9743 1 
 50.2449 -0.1872 -2.1897  0.0174  0.3398  0.0321  0.3837  0.0207 -0.0003  0.1395 0 
 43.8911  0.1855  0.9447  0.0348  0.3966  0.0169  0.3091  0.0173 -0.0003  0.1280 0 
 58.2040 -0.2982  0.2999  0.0464  0.4184  0.0310  0.3698  0.0153 -0.0003  0.2679 0 
 48.0415  0.2761 -2.8374  0.0230  0.2498  0.1901  0.6470  0.1257  0.0556  0.4779 0 
 51.1574 -0.6243  0.3226  0.0105  0.1197  0.0603  0.3820  0.1683 -0.0003  0.1480 0 
 49.3599  0.6299 -2.7847  0.0147  0.1584  0.0688  0.2570  0.0187 -0.0003  0.1060 0 
 44.5624 -0.3325 -1.6208  0.0551  0.1655  0.0381  0.4398  0.0240 -0.0003  0.1911 0 
 42.4323  0.3207  1.5188  0.0128  0.2164  0.1663  0.5793  0.1505 -0.0003  0.3249 0 
 42.9847  0.5653  1.6596  0.1240  0.4198  0.0044  0.2220  0.1257 -0.0003  0.3314 0 
 42.7497 -0.5728 -1.5015  0.1490  0.5275  0.1069  0.4002  0.2676 -0.0003  0.9597 0 
 47.8004  0.0705 -2.5623  0.0253  0.1143  0.0649  0.3887  0.0143 -0.0003  0.1001 0 
 36.8322 -0.0450  0.5632  0.1080  0.3481  0.0340  0.4168  0.0504 -0.0003  0.5010 0 
 62.4643 -0.7133 -2.7478  0.0573  0.7782  0.0617  0.2020  0.0773 -0.0003  0.6588 0 
 39.3561  0.7099  0.3622  0.0451  0.6111  0.0555  0.2274  0.1588 -0.0003  0.6459 0 
 48.9906 -0.3101  0.0451  0.0234  0.3783  0.4500  0.6008  0.1448 -0.0003  0.4520 0 
 45.9144  0.2871 -3.0695  0.0320  0.4729  0.0244  0.2618  0.0300 -0.0003  0.1586 0 
 53.0617  0.7911  1.9141  0.0403  0.3186  0.0362  0.2523  0.0649 -0.0003  0.1964 0 
 43.6530 -0.7990 -1.2100  0.0022  0.4270  0.0251  0.1769  0.0468 -0.0003  0.1146 0 
 50.3120  0.1750 -0.2467  0.2115  0.7063  0.0903  0.5967  0.2711 -0.0003  0.9829 1 
 45.3010 -0.1424  2.8674  0.3303  0.5139  0.0256  0.4817  0.5316  0.2859  0.9995 1 
 47.2175  0.1537  0.4242  0.0130  0.2703  0.0576  0.4332  0.0405 -0.0003  0.1578 0 
 44.1321 -0.1311 -2.7380  0.0788  0.0416  0.1268  0.4851  0.0870 -0.0003  0.1925 0 
 43.5187 -0.4118 -0.2949  0.0105  0.0932  0.0652  0.2656  0.0631 -0.0003  0.0779 0 
 38.4375  0.4233  2.8416  0.0040  0.2521  0.0146  0.3203  0.0370 -0.0003  0.0456 0 
 53.4463  0.0507 -0.0868  0.0016  0.7927  0.0818  0.4617  0.0327 -0.0003  0.2418 0 
 47.6814 -0.0530  3.0476  0.1188  0.8768  0.0258  0.2593  0.0751 -0.0003  0.6784 0 
 44.1321 -0.6117  2.4634  0.0211  0.0655  0.0193  0.1764  0.0726 -0.0003  0.0471 0 
 38.2452  0.6078 -0.6602  0.0020  0.4470  0.0238  0.3666  0.0944 -0.0003  0.1074 0 
 44.7639 -0.5783 -2.9390  0.0290  0.3109  0.0195  0.1757  0.0638 -0.0003  0.1160 0 
 44.6571  0.5962  0.2330  0.0203  0.2279  0.1051  0.4396  0.0884  0.2840  0.4639 0 
 54.1237 -0.7547 -2.6789  0.0643  0.5425  0.0681  0.3766  0.0106 -0.0003  0.3955 0 
 42.6398  0.7652  0.4252  0.0387  0.4647  0.0206  0.2225  0.0767 -0.0003  0.1621 0 
 55.1308 -0.2306  0.4166  0.0715  0.5736  0.1620  0.6664  0.5264 -0.0003  0.9860 1 
 40.0122  0.2197 -2.7130  0.1773  0.4750  0.0382  0.3169  0.3419 -0.0003  0.9462 1 
 42.9847 -0.7219  0.7391  0.0023  0.6765  0.0938  0.5328  0.0822  0.4958  0.8587 0 
 39.8077  0.7527 -2.4345  0.0443  0.4743  0.0797  0.3173  0.0496 -0.0003  0.3617 0 
 45.7130 -0.4956 -0.1762  0.0864  0.4182  0.0247  0.3495  0.1054 -0.0003  0.4567 1 
 44.3091  0.5013  2.9869  0.1088  0.8774  0.0517  0.4405  0.3358  0.1641  0.9593 1 
 48.6641  0.6157 -0.4877  0.0180  0.4343  0.1279  0.4298  0.0533 -0.0003  0.2371 0 
 41.2390 -0.6061  2.6547  0.1243  0.3844  0.0148  0.1347  0.1258 -0.0003  0.3593 0 
 44.0711  0.2564 -1.0831  0.0024  0.7664  0.0244  0.2647  0.0157 -0.0003  0.1452 0 
 40.5951 -0.2604  2.0804  0.0168  0.3475  0.0490  0.2255  0.0300 -0.0003  0.1935 0 
 44.6448  0.2739 -1.3133  0.0032  0.1100  0.0526  0.3077  0.2537 -0.0003  0.2098 0 
 27.4846 -0.2673  1.8286  0.0711  0.4883  0.0078  0.3528  0.1539  0.0448  0.4182 0 
 46.2593 -0.2860  2.7910  0.0114  0.5817  0.0445  0.4355  0.1715 -0.0003  0.4010 0 
 33.4508  0.3085 -0.3462  0.0353  0.2406  0.0422  0.2379  0.1437  0.1225  0.4992 0 
 45.4749 -0.2486  2.4587  0.0599  0.0842  0.0290  0.2625  0.0665 -0.0003  0.0782 0 
 37.4182  0.2494 -0.6623  0.0123  0.4147  0.0306  0.1844  0.0019 -0.0003  0.1859 0 
 43.0091  0.1320  2.6550  0.0005  0.6158  0.1492  0.3552  0.1081 -0.0003  0.3100 0 
 40.7721 -0.0971 -0.5076  0.0013  0.4216  0.0184  0.5404  0.0246 -0.0003  0.1310 0 
 51.6579 -0.7489 -1.7129  0.0070  0.3990  0.0497  0.2540  0.0008  0.1318  0.3402 0 
 47.2114  0.7438  1.4379  0.0151  0.3005  0.0307  0.1733  0.0241 -0.0003  0.1243 0 
 49.8024  0.1194 -2.0744  0.0042  0.4727  0.0420  0.4273  0.0832  0.1040  0.3426 0 
 47.7974 -0.1048  1.0797  0.0434  0.1949  0.0411  0.4319  0.0273 -0.0003  0.1841 0 
 44.0223 -0.6036  2.4190  0.0063  0.3609  0.0523  0.4412  0.1044 -0.0003  0.1992 0 
 42.2156  0.6150 -0.7254  0.1372  0.2296  0.0039  0.1785  0.0800 -0.0003  0.1869 0 
 45.8228 -0.6057  1.9648  0.0133  0.7026  0.0555  0.3057  0.0087 -0.0003  0.2511 0 
 44.8157  0.6039 -1.1818  0.0117  0.2506  0.1679  0.2196  0.0189 -0.0003  0.1772 0 
 50.1625 -0.1847 -2.1680  0.0313  0.2316  0.1114  0.2986  0.0572 -0.0003  0.2123 0 
 47.9194  0.1933  0.9993  0.0128  0.4146  0.0908  0.4748  0.0040 -0.0003  0.1864 0 
 44.9531 -0.5351  2.8959  0.0055  0.5230  0.0287  0.3950  0.0777 -0.0003  0.1417 0 
 44.0070  0.5391 -0.2502  0.0832  0.5041  0.0691  0.3089  0.0853 -0.0003  0.6244 0 
 42.4964 -0.4717 -0.3515  0.1567  0.4295  0.0681  0.3563  0.2643  0.6143  0.9991 1 
 39.1485  0.4601  2.8439  0.0277  0.6275  0.0265  0.5464  0.0942 -0.0003  0.3613 1 
 50.6233 -0.3435  2.8654  0.0078  0.2362  0.1258  0.2128  0.0388 -0.0003  0.1676 0 
 36.3958  0.3376 -0.2839  0.0274  0.6764  0.0107  0.2323 -0.0200 -0.0003  0.1716 0 
 39.3225  0.6159  1.5043  0.0188  0.7380  0.0386  0.3184  0.0226 -0.0003  0.2460 1 
 39.0875 -0.5850 -1.5745  0.0652  0.3728  0.0631  0.4100  0.4068 -0.0003  0.8708 1 
 32.6268  0.3461 -0.1455  0.1641  0.5262  0.0233  0.2875  0.1402  0.1963  0.8762 1 
 28.6534 -0.3550  3.0243  0.2738  0.4651  0.0653  0.4977  0.4249 -0.0003  0.9954 1 
 45.6703  0.2621  2.3093  0.0240  0.0917  0.0168  0.2185  0.0093 -0.0003  0.0439 0 
 35.1965 -0.2492 -0.7971  0.0031  0.4788  0.0417  0.2814  0.0512 -0.0003  0.1520 0 
 48.4382  0.6995  0.6516  0.0046  0.1515  0.1637  0.3874  0.0134 -0.0003  0.1027 0 
 44.1901 -0.7189 -2.4521  0.0511  0.2680  0.0437  0.4408  0.0632 -0.0003  0.2986 0 
 46.4729 -0.7075 -0.4449  0.0219  0.2967  0.0232  0.3480  0.0803 -0.0003  0.1103 0 
 42.1424  0.7123  2.7053  0.0160  0.3925  0.0099  0.2678  0.0185 -0.0003  0.0783 0 
 46.3874 -0.6305  1.3611  0.0133  0.5788  0.0190  0.1741  0.0698 -0.0003  0.1338 0 
 44.3732  0.6420 -1.7854  0.0408  0.2846  0.0297  0.4844  0.0145 -0.0003  0.2301 0 
 49.5216 -0.0875  1.5023  0.0125  0.3670  0.0253  0.2140  0.1230 -0.0003  0.1515 0 
 47.0802  0.0674 -1.6193  0.0018  0.2406  0.0512  0.3035  0.0256 -0.0003  0.0983 0 
 47.1809  0.5379 -1.1518  0.0020  0.1826  0.0656  0.4766  0.0152 -0.0003  0.1086 0 
 46.7506 -0.5407  2.0171  0.0196  0.3366  0.0162  0.1737  0.0466 -0.0003  0.0987 0 
 39.7345  0.7355  0.2406  0.0210  0.5366  0.0597  0.3175  0.1789 -0.0003  0.5302 0 
 37.2320 -0.6921 -2.9685  0.0398  0.3184  0.1033  0.6464  0.0873 -0.0003  0.4088 0 
 50.7362 -0.4827 -0.6157  0.0721  0.2102  0.0703  0.2977  0.1600 -0.0003  0.5087 0 
 42.9358  0.4725  2.5433  0.0050  0.0352  0.0436  0.2221  0.0225 -0.0003  0.0590 0 
 46.5339  0.3071  0.8264  0.0743  0.2908  0.0859  0.5653  0.0989 -0.0003  0.5252 0 
 44.1535 -0.3163 -2.2892  0.1056  0.2732  0.1482  0.3968  0.2236 -0.0003  0.8509 0 
 42.6245 -0.3272 -2.5483  0.0209  0.3579  0.0618  0.2225  0.0129 -0.0003  0.2593 0 
 40.8789  0.3077  0.5653  0.0394  0.3108  0.0528  0.1800  0.0084 -0.0003  0.2934 0 
 48.9265  0.2679 -1.4218  0.0655  0.1926  0.0826  0.1288  0.0505 -0.0003  0.3609 0 
 43.6072 -0.2716  1.7334  0.0187  0.4880  0.0626  0.3096  0.1035 -0.0003  0.3384 0 
 46.1738  0.0290  2.8930  0.1707  0.1678  0.0287  0.8279  0.0635 -0.0003  0.8165 1 
 30.5180 -0.0366 -0.2950  0.4101  0.1528  0.0365  0.1466  0.3192  0.4426  0.9992 1 
 42.6490 -0.0750 -0.1950  0.1159  0.7298  0.0374  0.3560  0.2275  0.1449  0.8859 1 
 33.0144  0.0980  2.9948  0.0850  0.2705  0.1174  0.6208  0.1547  0.6430  0.9538 1 
 46.3661  0.4961  1.1936  1.1062  0.5890  0.0282  0.5224  1.0484  0.1282  0.9983 1 
 36.8688 -0.4409 -1.9552  0.3773  0.3061  0.0743  0.3703  0.3006  0.1105  0.9912 1 
 47.8065  0.4159 -1.5348  0.0481  0.5689  0.0175  0.2591  0.0097 -0.0003  0.1924 0 
 47.4678 -0.3998  1.5791  0.0154  0.3630  0.0457  0.6922  0.1707 -0.0003  0.3761 0 
 51.0292 -0.4025  1.6693  0.0019  0.0700  0.0186  0.2548  0.1541 -0.0003  0.0626 0 
 49.2683  0.3904 -1.4973  0.0000  0.0452  0.0432  0.0857  0.1181 -0.0003  0.0956 0 
 47.8492 -0.6253  2.6815  0.0188  0.3795  0.1167  0.3886  0.1107 -0.0003  0.2868 0 
 42.4933  0.6334 -0.4291  0.0072  0.7291  0.0514  0.4900  0.0224 -0.0003  0.2100 0 
 50.3273  0.1974 -1.9742  0.1454  0.3803  0.0461  0.5967  0.1212 -0.0003  0.8008 0 
 28.7083 -0.1949  1.1085  0.0721  0.4425  0.0650  0.6467  0.0895 -0.0003  0.5549 0 
 42.8901 -0.4165 -2.7430  0.0015  0.5967  0.0135  0.2666  0.0312 -0.0003  0.0941 0 
 42.1088  0.3755  0.4243  0.0627  0.1483  0.0824  0.4465  0.0593 -0.0003  0.2662 0 
 54.9996  0.2848 -1.5649  0.0361  0.5915  0.1765  0.4168  0.0530 -0.0003  0.3145 0 
 43.4546 -0.2727  1.5919  0.0173  0.7254  0.0092  0.3100  0.1356 -0.0003  0.1785 0 
 38.3642 -0.3227  2.3252  0.0576  0.4125  0.0471  0.4579  0.0460 -0.0003  0.3992 0 
 31.2535  0.3533 -0.7704  0.0015  0.2265  0.0866  0.4367  0.1575  0.1073  0.3072 0 
 38.5412 -0.0940 -0.2299  0.0352  0.1971  0.0429  0.3659  0.0329 -0.0003  0.1425 0 
 33.6095  0.0737  2.8954  0.0143  0.4117  0.0165  0.1901  0.0242 -0.0003  0.1052 0 
 36.4752 -0.5438 -1.9598  0.0557  0.1804  0.1235  0.2322  0.0458  0.1819  0.4364 1 
 29.8405  0.5627  1.0891  0.2625  0.2333  0.0661  0.2951  0.3211  0.3991  0.9985 1 
 48.9509 -0.5136 -3.1188  0.0103  0.0419  0.1432  0.2575  0.0150 -0.0003  0.0460 0 
 45.8839  0.4902 -0.0111  0.0165  0.5155  0.0249  0.1309  0.0942 -0.0003  0.1624 0 
 50.5226 -0.0989 -0.8418  0.0149  0.6463  0.1345  0.3406  0.0182 -0.0003  0.2492 0 
 48.1514  0.0890  2.3391  0.1797  0.0528  0.0754  0.4310  0.1291  0.0338  0.5840 0 
 48.7739 -0.6114  2.0851  0.0569  0.3460  0.0436  0.5155  0.0215 -0.0003  0.3623 0 
 47.9591  0.6077 -1.0425  0.0369  0.6064  0.0349  0.3883  0.0174 -0.0003  0.3007 0 
 45.2125  0.3970 -0.6505  0.0785  0.3809  0.0684  0.5696  0.0189 -0.0003  0.4425 0 
 41.5473 -0.3590  2.5418  0.2201  0.3728  0.1410  0.3137 -0.0200 -0.0003  0.7459 0 
 46.8360 -0.3583 -2.1859  0.0049  0.8102  0.0465  0.5644  0.0353 -0.0003  0.2392 0 
 44.8585  0.3667  0.9702  0.0222  0.1534  0.0337  0.3951  0.0193 -0.0003  0.0893 0 
 49.8512 -0.5446  0.8053  0.0155  0.4309  0.0303  0.3845  0.0272 -0.0003  0.1520 0 
 42.7893  0.5399 -2.3661  0.0572  0.0415  0.0148  0.1334  0.0219 -0.0003  0.0482 0 
 51.6091  0.2889 -0.0174  0.0053  0.2595  0.0537  0.3811  0.0130 -0.0003  0.1257 0 
 44.2206 -0.2619  3.1307  0.0293  0.4245  0.0244  0.4407  0.0193 -0.0003  0.2051 0 
 53.2540  0.7235 -2.8701  0.0948  0.5419  0.0832  0.3781  0.0628 -0.0003  0.5624 0 
 44.4923 -0.7008  0.2624  0.0233  0.2141  0.0235  0.3960  0.0076  0.0815  0.2133 0 
 48.4138  0.3284 -3.1187  0.0874  0.2636  0.0184  0.2152  0.0963 -0.0003  0.2242 0 
 44.8524 -0.3299  0.0315  0.1755  0.5795  0.0343  0.3073  0.1231 -0.0003  0.7909 0 
 45.3864  0.2938 -2.1880  0.0005  0.2157  0.1509  0.2189  0.0300 -0.0003  0.1388 0 
 36.5393 -0.3240  0.9512  0.0660  0.5188  0.0483  0.4177  0.0164  0.1595  0.6401 0 
 47.6783 -0.7737 -1.9189  0.0096  0.4383  0.0415  0.5186  0.0556 -0.0003  0.1980 0 
 41.6541  0.7531  1.1846  0.0135  0.4162  0.0805  0.2687  0.0154 -0.0003  0.2271 0 
 46.9215 -0.7568 -2.0902  0.1910  0.5296  0.0493  0.3906  0.1970 -0.0003  0.9279 1 
 46.2684  0.7566  1.0789  0.0546  0.1857  0.0660  0.3049  0.0400 -0.0003  0.2124 1 
 52.5093 -0.7035 -0.5352  0.0188  0.1130  0.0142  0.2951  0.0229 -0.0003  0.0395 0 
 46.1006  0.7125  2.5907  0.0272  0.2170  0.0325  0.2616  0.0408 -0.0003  0.0924 0 
 54.4778  0.2838 -0.0176  0.0620  0.5797  0.0237  0.3760  0.1569 -0.0003  0.5076 0 
 42.0325 -0.2977  3.1305  0.0557  0.4255  0.0537  0.3574  0.0891 -0.0003  0.4571 0 
 49.6620  0.7506 -1.2430  0.0127  0.5733  0.0650  0.4276  0.0406 -0.0003  0.2123 0 
 49.5033 -0.7517  1.8862  0.0335  0.2073  0.0667  0.2140  0.0195 -0.0003  0.1902 0 
 44.7883 -0.1844  0.1246  0.0027  0.7164  0.0774  0.6589  0.0963 -0.0003  0.2939 0 
 41.3825  0.2285 -3.0047  0.0033  0.1113  0.0134  0.3588  0.0903 -0.0003  0.0430 0 
 52.6375  0.6682  2.5114  0.0389  0.3991  0.0482  0.1686  0.0389  0.0493  0.4182 0 
 49.1615 -0.6737 -0.6593  0.0586  0.1426  0.0296  0.2144  0.1736 -0.0003  0.2753 0 
 47.1382  0.7571  0.3836  0.0094  0.4301  0.0478  0.5201  0.1486 -0.0003  0.2928 0 
 41.5595 -0.7717 -2.7785  0.0173  0.1554  0.1092  0.3137  0.0479 -0.0003  0.1077 0 
 42.8473  0.3829  0.4000  0.0128  0.3422  0.1336  0.2667  0.0169 -0.0003  0.1935 0 
 39.8291 -0.3597 -2.7294  0.0310  0.2357  0.0351  0.4532  0.0631  0.2275  0.5008 0 
 41.1963  0.1569  0.2666  0.0012  0.4501  0.0205  0.1347  0.0743 -0.0003  0.1236 0 
 33.4630 -0.1589 -2.8414  0.0383  0.0871  0.0642  0.5233  0.0148 -0.0003  0.1363 0 
 48.9113 -0.0227  1.5877  0.0871  0.3586  0.1161  0.6010  0.0268 -0.0003  0.4457 0 
 47.4220  0.0133 -1.4935  0.0052  0.6299  0.0613  0.6059  0.0153 -0.0003  0.2021 0 
 51.4931 -0.4671 -2.6815  0.2782  0.4093  0.1200  0.3813  0.4152 -0.0003  0.9967 1 
 42.2278  0.4641  0.5142  0.0685  0.3373  0.1061  0.4016  0.2309 -0.0003  0.7211 1 
 41.2268  0.6272 -0.4996  0.3223  0.4377  0.0565  0.4041  0.2525  0.3231  0.9984 1 
 29.0166 -0.6060  2.5534  0.0321  0.4764  0.0504  0.4959  0.1008  0.0629  0.4663 1 
 50.7301 -0.2031  2.8349  0.0097  0.3707  0.3107  0.4253  0.0030 -0.0003  0.2101 0 
 42.1881  0.2250 -0.2975  0.0066  0.5742  0.0206  0.3570  0.1409 -0.0003  0.1700 0 
 48.6336 -0.7300  2.5089  0.0354  0.0998  0.0442  0.2580  0.0208 -0.0003  0.0781 0 
 41.4771  0.7511 -0.6457  0.0149  0.2844  0.0149  0.1345  0.0081 -0.0003  0.1035 0 
 47.5807  0.6584 -2.5347  0.0060  0.1309  0.0586  0.3027  0.0451 -0.0003  0.0750 0 
 44.7150 -0.6701  0.5757  0.0239  0.3929  0.0179  0.2637  0.0290 -0.0003  0.1027 0 
 51.4412 -0.1492 -0.5878  0.0930  0.2653  0.0678  0.2119  0.1704 -0.0003  0.6666 0 
 37.0184  0.1494  2.5665  0.0828  0.1784  0.0397  0.2312  0.0698 -0.0003  0.2444 0 
 55.6802 -0.6028  1.8386  0.0279  0.5161  0.0597  0.2077  0.0248 -0.0003  0.3536 0 
 48.2673  0.6100 -1.2747  0.0717  0.4330  0.0876  0.3015  0.1496 -0.0003  0.6689 0 
 47.2145 -0.4949 -2.6275  0.0257  0.5283  0.1765  0.6065  0.0176 -0.0003  0.2741 0 
 37.0764  0.5533  0.5119  0.0237  0.1684  0.0387  0.2773  0.0170 -0.0003  0.0855 0 
 45.0202  0.1853  0.4012  0.1334  0.6541  0.1755  0.7019  0.0921 -0.0003  0.7089 0 
 41.3855 -0.1959 -2.7461  0.0648  0.3368  0.0745  0.4037  0.0191 -0.0003  0.3584 0 
 58.6954  0.0102  1.6216  0.2869  0.3312  0.1076  0.3281  0.2991 -0.0003  0.9898 1 
 49.1615 -0.0482 -1.4493  0.1588  0.2192  0.0736  0.3430  0.1374 -0.0003  0.7288 1 
 44.2145  0.0388 -2.1295  0.0141  0.4266  0.1586  0.6170  0.0552 -0.0003  0.2663 0 
 44.0986 -0.0527  1.0360  0.0067  0.6144  0.0060  0.2205  0.0045 -0.0003  0.1035 0 
 44.4526  0.2377  3.0685  0.1454  0.3103  0.0116  0.3521  0.1856 -0.0003  0.5812 0 
 42.1851 -0.2427 -0.0867  0.0322  0.6892  0.0529  0.3124  0.1459 -0.0003  0.5754 0 
 36.1944  0.4162 -0.3371  0.0266  0.2609  0.0356  0.5584  0.0792  0.0224  0.2898 0 
 33.1365 -0.3868  2.7981  0.2137  0.3279  0.0558  0.5248  0.2436 -0.0003  0.9532 0 
 52.5704  0.1246 -0.8828  0.0920  0.5877  0.0494  0.2529  0.0903 -0.0003  0.6874 0 
 47.1168 -0.1208  2.2494  0.1423  0.4194  0.0264  0.3901  0.0865 -0.0003  0.6210 0 
 41.8708  0.7749 -2.4756  0.0034  0.2091  0.0535  0.4025  0.0143  0.1173  0.1702 0 
 32.8954 -0.7769  0.7229  0.0691  0.5199  0.0250  0.3346  0.0743 -0.0003  0.3652 0 
 45.3895 -0.7174 -3.0226  0.0560  0.3633  0.0138  0.2626  0.1370 -0.0003  0.2090 0 
 32.6604  0.7121  0.1243  0.0580  0.2727  0.0300  0.4311  0.0325 -0.0003  0.2589 0 
 55.1705  0.4597 -0.9179  0.0398  0.0718  0.0393  0.2915  0.1159 -0.0003  0.1034 0 
 45.8473 -0.4581  2.2174  0.0128  0.3261  0.0424  0.3929  0.0804 -0.0003  0.1631 0 
 41.8769 -0.7593 -1.9485  0.0548  0.3484  0.0305  0.2683  0.0247 -0.0003  0.2204 0 
 37.1313  0.7698  1.2258  0.0100  0.4345  0.1057  0.5082  0.0746 -0.0003  0.2282 0 
 46.4027 -0.6713  1.6842  0.0049  0.4479  0.0595  0.3917  0.0792 -0.0003  0.1934 0 
 44.9928  0.6833 -1.4749  0.0201  0.1561  0.0631  0.3071  0.0198  0.3293  0.5211 0 
 45.3803  0.2812 -0.5767  0.2480  0.2423  0.0565  0.3064  0.2857 -0.0003  0.9533 1 
 35.9930 -0.2857  2.5451  0.2030  0.1643  0.0125  0.2797  0.4083 -0.0003  0.8412 1 
 46.9551  0.5534  3.1321  0.0287  0.2419  0.0545  0.2603  0.0838 -0.0003  0.2015 0 
 37.1771 -0.5619 -0.0088  0.0185  0.6070  0.0204  0.2309  0.0859  0.0333  0.1810 0 
 48.1910 -0.7756 -0.3383  0.0924  0.3611  0.0287  0.4740  0.0712 -0.0003  0.5141 0 
 47.8950  0.7790  2.8000  0.0068  0.7481  0.1423  0.3453  0.0682 -0.0003  0.3190 0 
 50.5989  0.1232  2.4738  0.0448  0.3615  0.2017  0.5533  0.0607 -0.0003  0.3474 0 
 49.5155 -0.1427 -0.6542  0.0480  0.2393  0.1112  0.4280  0.0523 -0.0003  0.2814 0 
 48.3223  0.0553  1.9286  0.0211  0.1773  0.0278  0.3014  0.0143 -0.0003  0.0694 0 
 47.1138 -0.0567 -1.2178  0.0012  0.2293  0.0395  0.1734  0.0217 -0.0003  0.0939 0 
 52.7718 -0.7755 -2.8468  0.0955  0.5924  0.0458  0.5053  0.0616 -0.0003  0.6227 1 
 37.3358  0.7690  0.2658  0.0667  0.3187  0.0413  0.2307  0.0657  0.4023  0.9774 1 
 49.9306 -0.2937 -0.5504  0.0097  0.3211  0.0192  0.2562  0.0053 -0.0003  0.0830 0 
 45.9510  0.3012  2.5819  0.0341  0.4662  0.0305  0.2618  0.0666 -0.0003  0.1981 0 
 49.7749  0.7755  1.7333  0.0048  0.0921  0.0345  0.4274  0.1359  0.0749  0.1528 0 
 44.9256 -0.7707 -1.3844  0.0468  0.7860  0.1301  0.3950  0.0203 -0.0003  0.3557 0 
 45.4871  0.0460  2.9590  0.0151  0.4698  0.1220  0.3937  0.0251 -0.0003  0.2150 0 
 37.0428 -0.0558 -0.2204  0.0107  0.5536  0.0362  0.3699  0.0225 -0.0003  0.1779 0 
 44.8585 -0.2640 -2.4981  0.1919  0.2688  0.0346  0.4390  0.1330 -0.0003  0.7645 1 
 44.7150  0.2040  0.5915  0.2396  0.3550  0.1175  0.3955  0.2480 -0.0003  0.9770 1 
 49.1554  0.7784 -2.0885  0.0040  0.2855  0.1364  0.6003  0.0231 -0.0003  0.1918 0 
 47.3518 -0.7725  1.0164  0.0581  0.2679  0.0434  0.2597  0.0812 -0.0003  0.2857 0 
 52.2560  0.5713  0.5031  0.0161  0.1486  0.0473  0.1689  0.0038 -0.0003  0.1013 0 
 45.8076 -0.5558 -2.6555  0.0203  0.3228  0.0251  0.2620  0.0156 -0.0003  0.1068 0 
 47.8431 -0.7309  1.4878  0.0000  0.2132  0.0497  0.3454  0.1216 -0.0003  0.1163 0 
 43.2197  0.7432 -1.6068  0.0069  0.4716  0.0938  0.6208  0.0537 -0.0003  0.2254 0 
 54.1573  0.2470 -1.3638  0.0987  0.7731  0.1718  0.3347  0.1822 -0.0003  0.8675 1 
 38.1994 -0.3102  1.8140  0.6863  0.4012  0.0463  0.4585  0.1718  0.2565  0.9919 1 
 50.2358  0.6538 -0.5621  0.1245  0.5636  0.0664  0.5543  0.2635  0.0889  0.9434 0 
 44.9897 -0.6447  2.5298  0.0249  0.2852  0.0219  0.1755  0.0357 -0.0003  0.1032 0 
 45.0202 -0.4287 -0.9836  0.0222  0.1443  0.0671  0.3948  0.0311 -0.0003  0.1138 1 
 36.0327  0.4332  2.1936  0.0081  0.7105  0.0214  0.4193  0.0226 -0.0003  0.1436 1 
 55.3811  0.6086  2.0014  0.2426  0.2197  0.2046  0.2912  0.1715 -0.0003  0.9252 1 
 48.5359 -0.6521 -1.1378  0.4265  0.4608  0.0193  0.3871  0.6232 -0.0003  0.9978 1 
 52.1004  0.6235  0.6126  0.0169  0.8174  0.0327  0.3380  0.0394 -0.0003  0.2123 0 
 34.8363 -0.6239 -2.4674  0.0230  0.4234  0.0498  0.5644  0.0068 -0.0003  0.2390 0 
 46.4027  0.1406  1.0921  0.0207  0.4224  0.1179  0.3917  0.0159 -0.0003  0.2127 0 
 43.7659 -0.1583 -2.0087  0.0298  0.2738  0.0766  0.3978  0.0353 -0.0003  0.2126 0 
 40.4150  0.1032  1.9490  0.0255  0.3702  0.0313  0.2709  0.0034 -0.0003  0.1740 0 
 39.2828 -0.1389 -1.2137  0.0113  0.6928  0.0745  0.5004  0.0728 -0.0003  0.2696 0 
 51.0384  0.6958  0.9668  0.2882  0.1708  0.0507  0.3397  0.1004 -0.0003  0.7561 1 
 45.9205 -0.7086 -2.1832  0.2455  0.4514  0.0490  0.4800  0.3138  0.0082  0.9807 1 
 50.2663  0.2857  0.8340  0.3908  0.2638  0.0331  0.5116  0.1539 -0.0003  0.9186 0 
 38.6908 -0.2839 -2.3090  0.0880  0.2006  0.0419  0.4112  0.0899  0.1449  0.6295 0 
 49.0394 -0.7516  3.0141  0.1997  0.2616  0.0371  0.4719  0.1592 -0.0003  0.8329 0 
 35.7366  0.7583 -0.1173  0.0825  0.7001  0.0310  0.3736  0.0915 -0.0003  0.5960 0 
 45.8930  0.4436 -3.1077  0.0152  0.7687  0.0104  0.3055  0.0538  0.0984  0.2263 0 
 44.5777 -0.4236  0.0322  0.1048  0.3558  0.0988  0.3958  0.0731 -0.0003  0.5262 0 
 43.4730  0.1294  0.5996  0.2645  0.5056  0.0491  0.2656  0.3792 -0.0003  0.9863 1 
 35.3002 -0.1090 -2.5080  0.0945  0.7559  0.0703  0.3280  0.1096  0.3680  0.9674 1 
 46.2867 -0.3442  0.8169  0.2163  0.2569  0.0411  0.4355  0.3115 -0.0003  0.9515 0 
 28.6992  0.3058 -2.3697  0.0648  0.4938  0.0087  0.2488  0.0943 -0.0003  0.1983 0 
 49.0211  0.3172  1.4794  0.0744  0.4455  0.0188  0.2145  0.0540 -0.0003  0.2178 0 
 41.0498 -0.3017 -1.6580  0.0381  0.1201  0.0308  0.2248  0.0284 -0.0003  0.0662 0 
 32.4956  0.4247 -0.8486  0.0223  0.2041  0.1698  0.1919  0.1564 -0.0003  0.3833 1 
 28.6839 -0.4150  2.5131  0.3833  0.3059  0.0777  0.3980  0.1752 -0.0003  0.9676 1 
 46.7872 -0.3572 -2.5805  0.0152  0.6211  0.0674  0.2171  0.0380 -0.0003  0.3412 0 
 42.1363  0.3454  0.5484  0.1039  0.2522  0.0645  0.4911  0.1130 -0.0003  0.6012 0 
 45.3559  0.5961 -1.2144  0.5571  0.5913  0.0512  0.4816  0.3754 -0.0003  0.9943 1 
 20.5753 -0.5993  1.8112  0.3899  0.0680  0.0940  0.2761  0.3057  0.4760  0.9987 1 
 50.7912  0.2421  1.1545  0.0013  0.4411  0.0304  0.2551  0.0495 -0.0003  0.1069 0 
 46.2562 -0.2513 -2.0065  0.0868  0.1692  0.0210  0.0871  0.0053 -0.0003  0.1999 0 
 45.1972  0.7490  0.5720  0.1300  0.3799  0.0657  0.6135  0.2238 -0.0003  0.8972 0 
 39.6674 -0.7000 -2.5610  0.0536  0.2267  0.0267  0.0907  0.0172 -0.0003  0.1980 0 
 51.3954  0.2566  1.5843  0.0014  0.3568  0.2429  0.4239  0.0023 -0.0003  0.1988 0 
 45.9937 -0.2685 -1.5981  0.0285  0.2055  0.0145  0.1309  0.0906 -0.0003  0.1059 0 
 46.4576 -0.6780 -1.1555  0.0701  0.4943  0.0526  0.6091  0.0751 -0.0003  0.5241 0 
 42.3713  0.6710  1.9612  0.0168  0.1053  0.0409  0.0446  0.0012 -0.0003  0.1210 0 
 46.8025  0.1610 -2.7905  0.0538  0.1455  0.0594  0.3040  0.1026 -0.0003  0.2196 0 
 40.8881 -0.1566  0.3601  0.0284  0.1045  0.0685  0.2700  0.0356 -0.0003  0.0923 0 
 43.3906 -0.5008  0.7462  0.1583  0.4321  0.0947  0.3100  0.1584  0.2958  0.9430 1 
 41.6083  0.5661 -2.3991  0.3210  0.6620  0.0339  0.3583  0.2647  0.3395  0.9974 1 
 35.0713  0.4706 -3.0279  0.3879  0.6525  0.0233  0.4225  0.5266 -0.0003  0.9968 1 
 25.0095 -0.5288  0.1390  0.0631  0.3220  0.0404  0.2594  0.0118 -0.0003  0.2940 1 
 45.3346  0.3640 -2.5569  0.0432  0.3091  0.0175  0.2627  0.0407 -0.0003  0.1117 0 
 44.8798 -0.3526  0.5880  0.0303  0.2999  0.0233  0.3951  0.0405 -0.0003  0.1354 0 
 44.3885 -0.7287  1.6564  0.0151  0.1464  0.1758  0.2642  0.0735 -0.0003  0.1258 0 
 39.3957  0.7379 -1.4523  0.0399  0.5016  0.1200  0.4091  0.0778 -0.0003  0.3298 0 
 41.9593 -0.6725  2.0290  0.1606  0.1905  0.0355  0.5363  0.1180  0.1594  0.8791 1 
 35.1354  0.6838 -1.1609  0.0008  0.5187  0.0844  0.3285  0.0903 -0.0003  0.2346 1 
 55.6741 -0.6161  1.4688  0.0291  0.0401  0.1552  0.3324  0.2673 -0.0003  0.2000 0 
 47.5593  0.6447 -1.6143  0.1434  0.5163  0.0360  0.1297  0.1174 -0.0003  0.6500 0 
 50.2266  0.2305 -3.0342  0.0485  0.0882  0.0518  0.2985  0.1110  0.1103  0.2855 0 
 42.8992 -0.2484  0.0840  0.0080  0.4527  0.0608  0.3554  0.0063 -0.0003  0.1898 0 
 52.2683  0.3853 -2.7839  0.0140  0.3080  0.0836  0.3799  0.0472 -0.0003  0.1794 0 
 49.2409 -0.4084  0.3916  0.0121  0.6580  0.2202  0.6857  0.0994 -0.0003  0.3178 0 
 47.9957  0.0557 -2.9844  0.0557  0.3527  0.0590  0.4314  0.0661 -0.0003  0.3910 0 
 45.5482 -0.0505  0.1501  0.0217  0.0699  0.0675  0.4810  0.0540 -0.0003  0.0981 0 
 46.4454  0.1781 -0.9892  0.0031  0.1221  0.0184  0.3916  0.1913 -0.0003  0.0992 0 
 45.5665 -0.1639  2.1614  0.0636  0.0899  0.0345  0.2186  0.0452 -0.0003  0.0808 0 
 50.4158  0.6913 -0.6777  0.0144  0.3069  0.1487  0.3408  0.0612 -0.0003  0.2127 0 
 46.0151 -0.7063  2.3969  0.0078  0.0907  0.0629  0.3489  0.0388 -0.0003  0.0721 0 
 58.4604  0.6731  2.9020  0.0070  0.1753  0.0213  0.2053  0.0139 -0.0003  0.0511 0 
 41.9379 -0.6701 -0.2320  0.0412  0.3479  0.1209  0.8046  0.1387 -0.0003  0.5954 0 
 50.2815 -0.3609 -2.2136  0.0290  0.3875  0.0978  0.5542  0.0808 -0.0003  0.3119 0 
 48.0201  0.2988  0.9335  0.0114  0.2261  0.3698  0.3019  0.0349 -0.0003  0.2121 0 
 47.8767 -0.3535 -1.3481  0.0208  0.3561  0.0312  0.2158  0.0065 -0.0003  0.1624 0 
 40.5890  0.3273  1.7799  0.0684  0.3028  0.0186  0.2255  0.0058 -0.0003  0.1772 0 
 44.3427  0.7026  0.9383  0.0148  0.0649  0.0199  0.4404  0.0539 -0.0003  0.0616 0 
 40.6622 -0.7028 -2.1882  0.0090  0.5498  0.0213  0.2704  0.1226 -0.0003  0.1488 0 
 45.7984 -0.4455  0.0288  0.2905  0.2982  0.1017  0.5677  0.5529 -0.0003  0.9983 1 
 41.9593  0.4543 -3.0673  0.0540  0.5085  0.0490  0.6704  0.1317 -0.0003  0.5576 1 
 45.7649 -0.0612  0.5493  0.1056  0.2326  0.0683  0.4804  0.2571  0.2016  0.9170 1 
 42.4781  0.0637 -2.5709  0.4728  0.3023  0.0630  0.3564  0.6651  0.4024  0.9999 1 
 54.6822 -0.0565 -1.4348  0.0552  0.2311  0.0360  0.4591  0.1758 -0.0003  0.4157 0 
 45.1820  0.0628  1.6995  0.0375  0.5864  0.0200  0.2191  0.1370  0.1721  0.5839 0 
 44.7242 -0.4578 -2.5067  0.0414  0.3534  0.0374  0.5273  0.0192 -0.0003  0.2996 0 
 38.4649  0.4275  0.6437  0.0130  0.2153  0.0264  0.2288  0.0123 -0.0003  0.0698 0 
 47.5715 -0.5427 -2.6242  0.0003  0.3698  0.1978  0.4324  0.1674 -0.0003  0.3240 0 
 45.0660  0.5309  0.5584  0.0167  0.1004  0.1013  0.3070  0.0626 -0.0003  0.0802 0 
 55.1583 -0.5465  1.0126  0.0565  0.3785  0.0450  0.4581  0.0927  0.1903  0.6629 1 
 48.6336  0.5569 -2.1841  0.1118  0.7245  0.0346  0.2580  0.0728 -0.0003  0.6643 1 
 48.8838 -0.7682 -0.5133  0.0334  0.3475  0.0630  0.3864  0.0109 -0.0003  0.2440 0 
 44.2908  0.7688  2.6232  0.0082  0.0176  0.0030  0.0881  0.0173 -0.0003  0.0448 0 
 48.4657 -0.1276 -2.6065  0.0174  0.4860  0.0360  0.5164  0.1275 -0.0003  0.3184 0 
 48.3772  0.1204  0.5204  0.0118  0.5299  0.1107  0.4736  0.0121 -0.0003  0.2095 0 
 48.3436 -0.3400  0.9796  0.0002  0.5935  0.0310  0.2584  0.1389 -0.0003  0.1894 0 
 39.6613  0.3220 -2.1436  0.0078  0.6548  0.0647  0.4992  0.1801 -0.0003  0.4034 0 
 56.7422  0.4366 -0.0978  0.0251  0.2413  0.0231  0.1654  0.0047 -0.0003  0.1091 0 
 45.1698 -0.4455  3.0789  0.0383  0.3340  0.0351  0.3945  0.0534 -0.0003  0.2272 0 
 41.9226  0.7790 -0.0875  0.0152  0.6705  0.0298  0.4023  0.0478 -0.0003  0.1897 0 
 32.6909 -0.7567  3.0672  0.0010  0.2863  0.0302  0.2395  0.0318 -0.0003  0.0731 0 
 49.4270 -0.6406  2.7557  0.0326  0.3961  0.0757  0.3854  0.0301 -0.0003  0.2579 0 
 45.9510  0.6636 -0.3255  0.0194  0.2790  0.0597  0.3491  0.0080 -0.0003  0.1754 0 
 46.5217 -0.4355 -2.2875  0.0089  0.4975  0.1362  0.4784  0.0881 -0.0003  0.2569 0 
 46.0578  0.4787  0.8395  0.0560  0.2862  0.0415  0.6105  0.0726 -0.0003  0.4309 0 
 48.2155  0.3773 -0.0914  0.0000  0.1097  0.0175  0.3016  0.1627 -0.0003  0.0659 0 
 44.5167 -0.3662  3.0599  0.0204  0.5231  0.0203  0.2640  0.0840 -0.0003  0.1384 0 
 51.2581 -0.7228  0.1374  0.0601  0.5920  0.1495  0.4242  0.2862 -0.0003  0.8614 1 
 45.9358  0.7392 -2.9861  0.3560  0.9036  0.0775  0.4800  0.6295 -0.0003  0.9979 1 
 47.2938 -0.2097  2.1159  0.0106  0.5278  0.0713  0.4764  0.0445 -0.0003  0.2036 0 
 45.0080  0.2266 -1.0065  0.0091  0.0491  0.0837  0.3071  0.0969 -0.0003  0.0805 0 
 48.9540 -0.7414 -0.8225  0.0073  0.2033  0.0371  0.2575  0.0140 -0.0003  0.0760 0 
 46.9856  0.7259  2.3043  0.0639  0.1405  0.0183  0.0867  0.0433 -0.0003  0.1111 0 
 53.1319  0.2919 -0.9058  0.0223  0.4251  0.0176  0.1681  0.0086 -0.0003  0.1380 0 
 37.7203 -0.2894  2.1891  0.0076  0.1499  0.0548  0.1840  0.0840 -0.0003  0.1006 0 
 51.5602 -0.5136  1.5394  0.0075  0.4366  0.0864  0.4236  0.0106 -0.0003  0.1731 0 
 45.3773  0.4821 -1.5833  0.0298  0.3230  0.0418  0.4378  0.0910 -0.0003  0.2625 0 
 52.3323  0.5815  0.9478  0.5152  0.4359  0.0687  0.5485  0.8192 -0.0003  0.9986 1 
 45.4932 -0.5688 -2.2025  0.0916  0.6608  0.0645  0.4374  0.2723 -0.0003  0.9108 1 
 46.2898  0.0374 -0.6984  0.0237  0.1187  0.0194  0.2613  0.0466 -0.0003  0.0445 0 
 41.4099 -0.0088  2.4821  0.0061  0.3215  0.0774  0.1345  0.0124 -0.0003  0.2905 0 
 45.6794 -0.5326 -0.8525  0.0230  0.2616  0.0803  0.3059  0.1379 -0.0003  0.3132 0 
 44.5930  0.5525  2.2563  0.0349  0.1810  0.0327  0.2199  0.0604 -0.0003  0.0965 0 
 46.2165  0.1027  2.6242  0.2367  0.4880  0.0395  0.3921  0.3476 -0.0003  0.9785 1 
 46.0914 -0.1009 -0.5618  0.5234  0.5045  0.0611  0.3051  0.5075 -0.0003  0.9978 1 
 48.4993 -0.6410 -2.4259  0.1188  0.2182  0.0573  0.3872  0.0314 -0.0003  0.4276 0 
 47.0405  0.6316  0.7017  0.0686  0.4527  0.0163  0.2602  0.0283 -0.0003  0.1968 0 
 47.9591 -0.3069  1.9429  0.0053  0.4874  0.0314  0.2157  0.0120 -0.0003  0.1638 0 
 45.7984  0.3124 -1.2172  0.0201  0.1168  0.0313  0.5240  0.0328 -0.0003  0.1119 0 
 50.0710 -0.3757 -0.4763  0.1057  0.3876  0.0954  0.3841  0.0600 -0.0003  0.5216 0 
 41.2665  0.3810  2.6473  0.1187  0.3185  0.0217  0.5836  0.1070  0.0382  0.7351 0 
 43.9490 -0.2520  0.2796  0.1042  0.6843  0.0297  0.5739  0.2154 -0.0003  0.8716 1 
 43.0976  0.2532 -2.8511  0.5871  0.2682  0.0962  0.5768  0.4537 -0.0003  0.9950 1 
 46.4515 -0.6030  0.7190  0.0093  0.0674  0.0379  0.3046  0.0545  0.0329  0.0772 0 
 44.3946  0.6120 -2.4141  0.0275  0.3429  0.0138  0.2201  0.0430 -0.0003  0.0922 0 
 48.4260  0.5897  0.2034  0.0012  0.4307  0.0597  0.4304  0.0270 -0.0003  0.1556 0 
 42.5208 -0.6071 -2.9062  0.0192  0.4187  0.0435  0.4008  0.0328 -0.0003  0.2007 0 
 49.3507 -0.7038  0.0634  0.0160  0.6721  0.0253  0.3855  0.0291 -0.0003  0.1704 0 
 43.1464  0.7078 -3.0853  0.0129  0.2841  0.0278  0.3549  0.0662 -0.0003  0.0927 0 
 45.2155  0.4839 -2.9277  0.0480  0.8211  0.0380  0.3943  0.2595 -0.0003  0.7876 0 
 41.7487 -0.4809  0.2219  0.0285  0.3328  0.0376  0.4475  0.0494 -0.0003  0.2176 0 
 47.6112  0.5450  0.9898  0.0840  0.1546  0.1897  0.4755  0.0633 -0.0003  0.3686 1 
 45.5695 -0.5376 -2.1124  0.1301  0.2796  0.0767  0.3061  0.1490  0.4840  0.9886 1 
 55.3506 -0.2589  1.0993  0.0016  0.5418  0.0738  0.2081  0.0366 -0.0003  0.2843 0 
 46.1311  0.2141 -2.0819  0.0353  0.2168  0.0565  0.3923  0.0943 -0.0003  0.2345 0 
 48.1300  0.3431  1.5286  0.0014  0.3479  0.2019  0.7328  0.0908 -0.0003  0.3221 0 
 45.6306 -0.3524 -1.6149  0.0020  0.3948  0.0276  0.3060  0.1353 -0.0003  0.1401 0 
 42.1027  0.1351 -2.7435  0.0006  0.1577  0.0224  0.2233  0.0104 -0.0003  0.0467 1 
 38.4436 -0.1379  0.3920  0.4101  0.7546  0.0400  0.4576  0.3974 -0.0003  0.9942 1 
 41.8921 -0.3392  2.0808  0.0823  0.2623  0.0504  0.4024  0.0289  0.2555  0.6710 1 
 40.6714  0.4091 -1.0774  0.0157  0.1698  0.0865  0.4056  0.0162 -0.0003  0.1168 1 
 50.9834 -0.3173 -2.0362  0.0480  0.2152  0.0261  0.2124  0.1675  0.2392  0.7183 0 
 50.0069  0.3341  1.0893  0.0230  0.2616  0.0273  0.2135  0.0388 -0.0003  0.0945 0 
 50.4494  0.6776 -2.5702  0.0141  0.2104  0.0283  0.2130  0.1091 -0.0003  0.0997 0 
 45.4749 -0.6634  0.5340  0.0711  0.1920  0.0880  0.3500  0.0880 -0.0003  0.3646 0 
 58.6770  0.1324  1.6166  0.0617  0.2120  0.2350  0.4511  0.0716 -0.0003  0.3610 0 
 47.6417 -0.1544 -1.4791  0.0847  0.2567  0.0342  0.3025  0.1639 -0.0003  0.4868 0 
 48.6671 -0.6944  1.7325  0.2499  0.7222  0.0625  0.4728  0.1730 -0.0003  0.9524 1 
 47.8309  0.6909 -1.3929  0.1480  0.3419  0.0549  0.5613  0.0168 -0.0003  0.5738 1 
 47.7394  0.5372  1.0502  0.2551  0.0967  0.0191  0.2592  0.2794 -0.0003  0.8075 1 
 39.2126 -0.5528 -2.1179  0.2084  0.6810  0.0291  0.2731  0.2685  0.2791  0.9770 1 
 43.9002  0.4754 -1.7680  0.0014  0.0907  0.0553  0.3533  0.0201 -0.0003  0.0669 0 
 40.1587 -0.4437  1.3458  0.1094  0.3227  0.0357  0.3618  0.2805 -0.0003  0.7857 0 
 51.2184  0.2560  1.0107  0.0338  0.0607  0.0455  0.3819  0.0477 -0.0003  0.0842 0 
 47.1412 -0.2491 -2.1293  0.0071  0.4602  0.0182  0.2167  0.0512 -0.0003  0.0990 0 
 31.2993 -0.5449  1.9778  0.0976  0.3430  0.0641  0.3880  0.0573  0.4812  0.9856 1 
 24.6952  0.5904 -1.1187  0.1781  0.4406  0.0212  0.3646  0.3259  0.2209  0.9782 1 
 46.3386 -0.6273  0.8317  0.1203  0.0857  0.0719  0.3047  0.1710 -0.0003  0.4542 0 
 43.8605  0.6444 -2.2964  0.1990  0.3271  0.0280  0.2208  0.2341 -0.0003  0.7976 0 
 51.3680  0.6578 -1.3955  0.0148  0.0834  0.0530  0.1696  0.0042 -0.0003  0.0859 0 
 44.0009 -0.6357  1.7252  0.0383  0.3906  0.0268  0.3089  0.0598 -0.0003  0.1760 0 
 51.0353  0.1274 -1.8498  0.0093  0.4111  0.0948  0.5096  0.0147 -0.0003  0.1861 0 
 49.0486 -0.1404  1.2740  0.0042  0.3049  0.1751  0.2574  0.0609 -0.0003  0.2183 0 
 43.0884 -0.8000  2.2971  0.0439  0.4260  0.0151  0.0888  0.0212 -0.0003  0.1595 0 
 39.0661  0.6969 -0.8167  0.0331  0.2866  0.0814  0.4556  0.0295 -0.0003  0.2360 0 
 48.3284 -0.5455 -2.9394  0.0769  0.7735  0.0350  0.3445  0.0374 -0.0003  0.5648 0 
 39.9146  0.5427  0.2270  0.0177  0.3050  0.0208  0.2718  0.1091 -0.0003  0.1107 0 
 42.5147  0.7829  3.0957  0.1189  0.5657  0.0380  0.4454  0.0527 -0.0003  0.6750 0 
 41.1261 -0.7963 -0.0403  0.0349  0.0888  0.0723  0.1348  0.0550 -0.0003  0.1198 0 
 44.0864 -0.3972 -2.5841  0.3041  0.4694  0.0701  0.3970  0.0970 -0.0003  0.8796 1 
 39.0509  0.4079  0.5577  0.3527  0.3742  0.0778  0.5013  0.1173  0.4045  0.9986 1 
 49.2287  0.0238  0.3733  0.1570  0.8070  0.0458  0.4286  0.2420 -0.0003  0.9455 1 
 42.7863  0.0072 -2.7557  0.4368  0.4078  0.0862  0.6224  0.4425  0.1030  0.9978 1 
 46.1555  0.4469 -1.9932  0.4097  0.3826  0.0593  0.4794  0.4105 -0.0003  0.9954 1 
 44.0681 -0.4543  1.1367  0.2309  0.6112  0.0470  0.5734  0.2502 -0.0003  0.9710 1 
 53.5927 -0.6837 -0.1104  0.0259  0.8056  0.0684  0.3775  0.0353 -0.0003  0.3202 0 
 51.5969  0.6729  3.0577  0.0000  0.6750  0.0620  0.6352  0.0637 -0.0003  0.2306 0 
 51.1849  0.2646 -0.9577  0.0260  0.6211  0.1830  0.3819  0.0784 -0.0003  0.3332 0 
 44.7547 -0.2538  2.1645  0.1278  0.2198  0.0688  0.2636  0.1086 -0.0003  0.6042 0 
 47.6265 -0.7000  0.2539  0.0129  0.4090  0.0313  0.2594  0.0639 -0.0003  0.1279 0 
 46.5583  0.7008 -2.8652  0.0510  0.2892  0.0275  0.4783  0.0698 -0.0003  0.2984 0 
 43.5615 -0.7561 -2.3008  0.0108  0.5488  0.0110  0.3540  0.0745 -0.0003  0.1004 1 
 31.1833  0.7431  0.7874  0.0741  0.3461  0.0277  0.2913  0.2022  0.0711  0.6542 1 
 47.4525 -0.5697 -1.4544  0.0315  0.5364  0.0624  0.3461  0.1214  0.0826  0.5718 1 
 43.8361  0.5769  1.6857  0.1364  0.3254  0.0495  0.2650  0.1733 -0.0003  0.7767 1 
 46.2684  0.6930 -0.6785  0.0065  0.2803  0.0593  0.3920  0.0563  0.2580  0.4322 0 
 35.0347 -0.6913  2.4315  0.0362  0.5390  0.0068  0.2348  0.0598 -0.0003  0.1262 0 
 45.6367  0.7277  1.5305  0.0419  0.1655  0.0243  0.3934  0.1581 -0.0003  0.2083 0 
 44.2054 -0.7292 -1.6298  0.0085  0.4336  0.0246  0.4408  0.0610 -0.0003  0.1327 0 
 43.9429 -0.7763 -0.4189  0.3132  0.4664  0.0368  0.3973  0.2907  0.0882  0.9741 1 
 34.9737  0.7461  2.7314  0.0571  0.4578  0.0625  0.4698  0.2534  0.1905  0.8809 1 
 46.6438  0.1848 -2.4699  0.6965  0.4501  0.0530  0.4780  0.7426 -0.0003  0.9982 1 
 40.4181 -0.1978  0.6204  0.0446  0.6683  0.0358  0.4966  0.0505  0.0640  0.5009 1 
 47.9316  0.7839 -0.6600  0.0931  0.6254  0.0620  0.5610  0.0944 -0.0003  0.6528 0 
 45.2186 -0.7601  2.4965  0.0395  0.3870  0.0401  0.2629  0.0565 -0.0003  0.2424 0 
 49.9367  0.1425  2.1583  0.0874  0.1816  0.0544  0.2989  0.0593 -0.0003  0.3008 0 
 42.3774 -0.1206 -0.9783  0.0657  0.2049  0.0627  0.6686  0.0970 -0.0003  0.5055 0 
 46.6773 -0.2697  1.1828  0.0295  0.2454  0.0294  0.5214  0.0438 -0.0003  0.1994 0 
 31.7906  0.2809 -1.9598  0.1143  0.4053  0.0419  0.3862  0.1610  0.0792  0.8126 0 
 55.9701 -0.6770  2.1111  0.0855  0.3445  0.0956  0.2075  0.0926 -0.0003  0.6266 0 
 49.4087  0.6758 -1.0555  0.0157  0.3791  0.0481  0.5566  0.1277 -0.0003  0.2993 0 
 45.5543 -0.6592  2.5324  0.0751  0.5544  0.0473  0.4373  0.0443 -0.0003  0.5135 0 
 40.8667  0.6465 -0.6569  0.0017  0.3356  0.0756  0.3601  0.1330 -0.0003  0.2234 0 
 54.6548 -0.0026 -0.2943  0.0062  0.4750  0.2781  0.0835  0.0129 -0.0003  0.2290 0 
 46.3661  0.0712  2.8963  0.0085  0.5300  0.0275  0.2176  0.0237 -0.0003  0.1452 0 
 42.8046 -0.0660 -0.7833  0.3061  0.5429  0.0229  0.3112  0.3591 -0.0003  0.9826 0 
 38.4863  0.0757  2.3485  0.0062  0.2435  0.0900  0.3203  0.0381 -0.0003  0.1348 0 
 47.2938 -0.7876 -1.2849  0.3511  0.3003  0.0527  0.3897  0.4246 -0.0003  0.9949 1 
 41.9135  0.7966  1.8890  0.0232  0.2334  0.0952  0.5811  0.0468  0.4188  0.5336 1 
 47.1901 -0.7507 -2.6031  0.0770  0.2414  0.0463  0.3900  0.1403 -0.0003  0.4814 0 
 39.6521  0.7599  0.5607  0.0163  0.2926  0.0208  0.2723  0.0174 -0.0003  0.0787 0 
 47.6844 -0.6365 -3.1396  0.0466  0.6470  0.0713  0.3889  0.0684  0.3760  0.9038 0 
 46.3325  0.6527 -0.0339  0.0261  0.0475  0.0383  0.1306  0.1727 -0.0003  0.1334 0 
 47.9744  0.3312 -0.8669  0.7241  0.2287  0.0887  0.3883  0.3061  0.1946  0.9927 1 
 46.3722 -0.3627  2.2444  0.0461  0.6929  0.0373  0.5659  0.0756 -0.0003  0.4561 1 
 41.1902 -0.6353  2.7967  0.1070  0.3230  0.0229  0.2246  0.0425  0.0280  0.3889 1 
 37.7173  0.6316 -0.2200  0.0564  0.5568  0.1231  0.5060  0.2631  0.2275  0.9268 1 
 46.0060  0.0944  1.1756  0.0080  0.7108  0.0220  0.2617  0.1153 -0.0003  0.1689 0 
 37.6715 -0.0729 -1.9746  0.0580  0.1474  0.0834  0.3221  0.0665 -0.0003  0.2147 0 
 49.0913  0.2070  1.6351  0.0531  0.1528  0.0407  0.2574  0.0904 -0.0003  0.1627 0 
 38.0255 -0.1963 -1.5636  0.0095  0.6664  0.0514  0.3672  0.0792 -0.0003  0.2562 0 
 46.5736  0.4348 -2.9337  0.1037  0.3466  0.0425  0.2174  0.1678 -0.0003  0.6660 0 
 42.4323 -0.4038  0.2178  0.0016  0.6178  0.0808  0.6238  0.0410 -0.0003  0.2176 0 
 39.2096 -0.7312 -2.5954  0.0070  0.1617  0.0359  0.4552  0.0274 -0.0003  0.0864 0 
 38.2300  0.7393  0.5798  0.0126  0.4995  0.0270  0.6417  0.0284 -0.0003  0.2284 0 
 44.4282  0.2058  1.7096  0.0082  0.3393  0.0718  0.7483  0.1702 -0.0003  0.3648 0 
 43.6469 -0.2116 -1.4363  0.3107  0.3252  0.0201  0.3538  0.2131 -0.0003  0.8808 0 
 54.1573  0.2704 -2.3795  0.0328  0.0349  0.0291  0.1674  0.1722 -0.0003  0.1161 0 
 47.6722 -0.2670  0.7431  0.0621  0.3647  0.0186  0.3457  0.0456  0.0577  0.3726 0 
 48.6305 -0.5302 -0.1797  0.0095  0.4549  0.0273  0.3870  0.0228 -0.0003  0.1321 0 
 46.2898  0.5632  2.9632  0.0125  0.2673  0.0510  0.3484  0.1000 -0.0003  0.1656 0 
 41.8433  0.1650 -0.4852  0.2329  0.3857  0.1140  0.3131  0.2120 -0.0003  0.9663 1 
 39.8688 -0.1693  2.6435  0.7318  0.6199  0.0191  0.4984  0.9553 -0.0003  0.9985 1 
 44.2329  0.3912 -0.4204  0.0136  0.2712  0.0337  0.4848  0.0140 -0.0003  0.1445 0 
 44.0528 -0.3812  2.7150  0.0104  0.4277  0.1126  0.7941  0.0502 -0.0003  0.2999 0 
 80.0031 -0.2257 -2.5322  0.0091  0.7806  0.0221  0.1524  0.0507 -0.0003  0.1565 0 
 47.0283  0.2254  0.5945  0.0026  0.0578  0.0251  0.1301  0.1402 -0.0003  0.0779 0 
 42.6307  0.5042  2.7973  0.4179  0.5245  0.0343  0.5785  0.4854 -0.0003  0.9953 1 
 42.4659 -0.4947 -0.3063  0.1729  0.4495  0.0348  0.4900  0.3585 -0.0003  0.9644 1 
 66.8711  0.6314 -0.7531  0.0238  0.2658  0.2517  0.3576  0.0275 -0.0003  0.2314 0 
 43.4913 -0.6292  2.3916  0.0023  0.1507  0.0265  0.3099  0.0207 -0.0003  0.0470 0 
 56.4248  0.6861 -1.4356  0.0052  0.2509  0.0035  0.1656  0.0915 -0.0003  0.0676 0 
 46.5766 -0.6777  1.7322  0.0262  0.1042  0.0499  0.3913  0.0635 -0.0003  0.1005 0 
 48.5267  0.5956  1.6501  0.1403  0.4564  0.0661  0.4302  0.1819 -0.0003  0.8756 1 
 47.6783 -0.5760 -1.4501  0.0908  0.4227  0.0664  0.4321  0.0416 -0.0003  0.4975 1 
 52.8847 -0.4840 -2.6994  0.0091  0.1431  0.0835  0.3367  0.0256 -0.0003  0.0889 0 
 44.2359  0.4675  0.4509  0.0091  0.2304  0.0335  0.3085  0.0235 -0.0003  0.0761 0 
 55.3780 -0.4551 -1.5379  0.0260  0.1763  0.0567  0.4576  0.0307 -0.0003  0.1527 0 
 34.8943  0.4480  1.5725  0.0052  0.4310  0.0625  0.4231  0.0373 -0.0003  0.1693 0 
 47.8767 -0.8014  0.2147  0.0347  0.2091  0.2282  0.4317  0.0235  0.0939  0.2922 0 
 42.6825  0.7826 -3.0142  0.0154  0.3675  0.0477  0.3559  0.0995  0.1525  0.4654 0 
 51.6030  0.1547  2.4616  0.0310  0.0896  0.0919  0.2541  0.0611 -0.0003  0.0963 0 
 41.0163 -0.1656 -0.7117  0.0066  0.3332  0.1559  0.6295  0.0760 -0.0003  0.2611 0 
 49.6590 -0.0212  2.9335  0.0847  0.1428  0.0617  0.3421  0.0652 -0.0003  0.2675 0 
 46.4973 -0.0431 -0.1885  0.0393  0.2067  0.0480  0.1740  0.0471 -0.0003  0.1778 0 
 47.5837 -0.0214 -3.0003  0.0027  0.1785  0.2151  0.2594  0.0117 -0.0003  0.1353 0 
 46.2287  0.0411  0.1066  0.0494  0.5149  0.0444  0.5227  0.1102  0.0601  0.5773 0 
 51.0597 -0.4352  1.9440  0.0070  0.2419  0.1130  0.2547  0.0102  0.1828  0.2386 0 
 44.5258  0.4087 -1.2393  0.1171  0.0642  0.0365  0.2200  0.1656 -0.0003  0.2893 0 
 45.8991 -0.7880  1.9304  0.0343  0.2526  0.0259  0.1746  0.0740 -0.0003  0.1321 0 
 42.1210  0.7829 -1.2087  0.0170  0.2255  0.0287  0.4018  0.0410 -0.0003  0.0951 0 
 59.4553 -0.5947 -2.6851  0.0256  0.2218  0.1001  0.2453  0.0335 -0.0003  0.1869 0 
 44.2573  0.6156  0.4924  0.0379  0.2393  0.0127  0.0881  0.0147 -0.0003  0.1278 0 
 48.6854  0.4370 -2.1326  0.0010  0.0746  0.0760  0.3009  0.0179 -0.0003  0.0678 0 
 35.4986 -0.4048  0.9799  0.0497  0.1830  0.0180  0.0936  0.0081 -0.0003  0.1287 0 
 46.4271 -0.7454 -0.9891  0.1311  0.6948  0.0358  0.3046  0.2632 -0.0003  0.8907 1 
 32.6146  0.7698  2.1014  0.2305  0.3691  0.0419  0.5272  0.3207  0.1147  0.9736 1 
 44.0528  0.7704 -0.4993  0.0874  0.5925  0.0565  0.1765  0.1800 -0.0003  0.7929 0 
 38.8891 -0.7626  2.6765  0.0043  0.1442  0.0678  0.2281  0.0132 -0.0003  0.0925 0 
 48.9937  0.2855  1.5361  0.0501  0.2798  0.1425  0.3862  0.0735 -0.0003  0.3301 0 
 41.5290 -0.2722 -1.6062  0.0193  0.5535  0.0840  0.4033  0.1321 -0.0003  0.3594 0 
 51.0506 -0.1138  0.3651  0.0256  0.2648  0.0287  0.1274  0.0037 -0.0003  0.1679 0 
 48.8716  0.1333 -2.8059  0.0460  0.5039  0.0497  0.3864  0.0698 -0.0003  0.3991 0 
 40.0305  0.6425  1.0865  0.0083  0.3238  0.0242  0.3621  0.0438 -0.0003  0.0819 0 
 39.7925 -0.6429 -2.0817  0.0196  0.1874  0.0195  0.3627  0.0234 -0.0003  0.0629 0 
 44.0162 -0.0768  1.3519  0.0181  0.1918  0.0207  0.3089  0.1363 -0.0003  0.0989 0 
 33.8415  0.0860 -1.7768  0.0953  0.4179  0.0146  0.3319  0.0150 -0.0003  0.3112 0 
 50.2968 -0.7368 -1.8383  0.0057  0.1366  0.0175  0.2984  0.1005 -0.0003  0.0472 0 
 48.8106  0.7402  1.2850  0.0064  0.2220  0.0660  0.4725  0.0502 -0.0003  0.1360 0 
 49.0913  0.5349  0.3629  0.0259  0.5332  0.0352  0.3002  0.1065 -0.0003  0.2660 0 
 36.7315 -0.5059 -2.7375  0.0151  0.3357  0.0154  0.2317  0.0197  0.0875  0.1807 0 
 52.5124 -0.4617  0.5571  0.0001  0.2543  0.0327  0.2951  0.0490  0.1502  0.2811 0 
 45.1789  0.4699 -2.5745  0.0234  0.1589  0.0148  0.2629  0.0421 -0.0003  0.0447 0 
 50.8339  0.5419 -2.7188  0.0012  0.5482  0.0367  0.4251  0.0043 -0.0003  0.1601 0 
 48.8167 -0.5385  0.3967  0.0212  0.1548  0.1565  0.4725  0.0289 -0.0003  0.1471 0 
 46.8177  0.6698 -2.6427  0.0076  0.5129  0.1254  0.4342  0.0971 -0.0003  0.2610 0 
 45.0080 -0.6629  0.4952  0.0033  0.4977  0.0407  0.4387  0.0584 -0.0003  0.1612 0 
 53.6873 -0.7501 -0.1922  0.1121  0.2156  0.0514  0.2096  0.0721 -0.0003  0.4446 0 
 49.5644  0.7357  2.9341  0.0080  0.2131  0.0361  0.2139  0.0049 -0.0003  0.0896 0 
 47.2206  0.2137  0.7347  0.0246  0.1774  0.0639  0.2166  0.0084 -0.0003  0.1408 0 
 46.4485 -0.2165 -2.4026  0.0285  0.4179  0.0255  0.4351  0.0589 -0.0003  0.2070 0 
 41.4008  0.4965 -0.2597  0.0419  0.4390  0.0172  0.7176  0.1352 -0.0003  0.5135 1 
 40.9796 -0.4900  2.8921  0.2906  0.6154  0.0506  0.5847  0.4698 -0.0003  0.9952 1 
 47.0588 -0.4321 -2.4742  0.0040  0.1765  0.2392  0.2168  0.0228 -0.0003  0.1491 0 
 45.3437  0.4316  0.6332  0.0224  0.2157  0.0509  0.3503  0.0169 -0.0003  0.1352 0 
 49.5399  0.5281  1.2570  0.0236  0.6427  0.2341  0.7274  0.0434 -0.0003  0.3145 0 
 48.0201 -0.4888 -1.8774  0.0297  0.4556  0.0632  0.4314  0.0870 -0.0003  0.3225 0 
 53.3120 -0.0555  1.9208  0.2838  0.2475  0.0478  0.5460  0.1479 -0.0003  0.9043 1 
 40.3387  0.0413 -1.2167  0.2935  0.3107  0.0911  0.2710  0.3763  0.4507  0.9993 1 
 48.6152 -0.7416 -0.9819  0.0000  0.0138  0.0239  0.1290  0.0021 -0.0003  0.0606 0 
 44.7089  0.7366  2.1633  0.0114  0.3273  0.0139  0.2637  0.0423 -0.0003  0.0647 0 
 50.7820  0.2218  0.7407  0.1356  0.3082  0.0300  0.4252  0.3037 -0.0003  0.8547 0 
 49.1005 -0.2245 -2.3850  0.0056  0.1709  0.0434  0.3431  0.0152 -0.0003  0.0775 0 
 63.3524  0.1506  0.6612  0.0271  0.3550  0.0616  0.5636  0.0704 -0.0003  0.2994 0 
 49.6345 -0.1405 -2.4833  0.0024  0.2198  0.0454  0.2566  0.0226 -0.0003  0.0849 0 
 58.5519 -0.6994 -1.3877  0.0086  0.5084  0.1512  0.5745  0.0185 -0.0003  0.2297 0 
 39.4415  0.6934  1.7076  0.0157  0.4464  0.0166  0.2272  0.0875 -0.0003  0.1149 0 
 52.4422  0.1538  1.1198  0.0044  0.1071  0.0403  0.1687  0.0191 -0.0003  0.0647 0 
 46.1372 -0.1410 -2.0301  0.0403  0.1475  0.0252  0.3487  0.0613 -0.0003  0.0916 0 
 47.2877  0.5954 -0.8544  0.0330  0.5413  0.0374  0.3031  0.0779 -0.0003  0.2820 0 
 43.0091 -0.5651  2.2711  0.0409  0.1366  0.0267  0.1332  0.0668 -0.0003  0.0899 0 
 45.0324 -0.0322 -0.0761  0.2044  0.2955  0.1048  0.5263  0.0855 -0.0003  0.7491 1 
 44.1749  0.1134  3.1017  0.0653  0.2932  0.1599  0.3527  0.2509 -0.0003  0.7711 1 
 55.8602 -0.6387 -2.5394  0.0145  0.3468  0.0972  0.2491  0.0123 -0.0003  0.2126 0 
 44.1993  0.6731  0.5930  0.0165  0.5324  0.0230  0.3526  0.0272 -0.0003  0.1396 0 
 49.5155 -0.2208 -0.3626  0.9352  0.2167  0.0627  0.4280 -0.0200 -0.0003  0.9918 1 
 34.5678  0.2172  2.8053  0.9679  0.5378  0.0245  0.4714  1.0655  0.1559  0.9991 1 
 45.5360  0.2350  0.6077  0.1740  0.4588  0.0321  0.3936  0.2499 -0.0003  0.9031 0 
 37.6562 -0.2301 -2.5287  0.2912  0.6472  0.0395  0.2761  0.3051 -0.0003  0.9803 0 
 48.8045  0.1330 -0.2524  0.1003  0.3885  0.1306  0.5584  0.0895 -0.0003  0.5599 0 
 46.1341 -0.1327  2.9059  0.1050  0.1946  0.0691  0.3487  0.0560 -0.0003  0.4022 0 
 47.8096  0.1967 -2.0780  0.0835  0.2510  0.0371  0.3023  0.2508 -0.0003  0.6017 0 
 42.9572 -0.1934  1.0774  0.0906  0.1887  0.0204  0.3109  0.2297 -0.0003  0.4487 0 
 45.2674  0.6724  2.7428  0.2972  0.3833  0.0645  0.3942  0.2907 -0.0003  0.9852 0 
 37.3602 -0.6450 -0.4415  0.1242  0.1320  0.0649  0.4151  0.0985 -0.0003  0.4670 0 
 51.4412 -0.6994  0.4399  0.0189  0.0413  0.0591  0.2543  0.0643 -0.0003  0.0756 0 
 44.4892  0.7168 -2.7012  0.0239  0.1239  0.1479  0.3080  0.0190 -0.0003  0.0910 0 
 35.3826  0.7533  2.9339  0.5269  0.5428  0.0303  0.3746  0.4185 -0.0003  0.9965 1 
 35.2941 -0.7110 -0.1716  0.0533  0.3163  0.0673  0.6092  0.1685  0.5251  0.9563 1 
 42.9664  0.7771  1.1148  0.1747  0.2921  0.0573  0.3997  0.3079 -0.0003  0.9402 1 
 36.5850 -0.7869 -2.0082  0.1984  0.5562  0.0198  0.1856  0.4440 -0.0003  0.9169 1 
 44.8707  0.2152 -2.7348  0.2050  0.4035  0.0194  0.3512  0.1540 -0.0003  0.7070 0 
 40.4028 -0.2116  0.3928  0.0000  0.0682  0.0370  0.0903  0.0900 -0.0003  0.0769 0 
 47.4342  0.7229 -1.3724  0.0341  0.1332  0.0491  0.3029  0.0352 -0.0003  0.0993 0 
 45.7435 -0.7201  1.7943  0.0618  0.4229  0.0536  0.4805  0.0231 -0.0003  0.3961 0 
 47.3243  0.7752 -2.1581  0.0920  0.3669  0.0481  0.2598  0.0392 -0.0003  0.4773 0 
 42.4445 -0.7834  0.9821  0.0569  0.3836  0.0410  0.5792  0.1476  0.1757  0.7567 0 
 46.5095  0.3071  0.4931  0.6249  0.8007  0.0724  0.3914  0.1459 -0.0003  0.9881 1 
 41.7670 -0.3521 -2.6509  0.4140  0.3214  0.0440  0.2685  0.2659 -0.0003  0.9832 1 
 46.3478 -0.0208 -1.4062  0.2742  0.3375  0.1437  0.5224  0.1308 -0.0003  0.9047 1 
 39.0906 -0.0681  1.7216  0.4162  0.3658  0.0946  0.3644  0.1835 -0.0003  0.9828 1 
 40.5982  0.2938  0.2991  0.0064  0.0676  0.2055  0.1804  0.0152 -0.0003  0.0517 0 
 40.1862 -0.2977 -2.8881  0.0043  0.2181  0.0433  0.4069  0.0483 -0.0003  0.0949 0 
 45.3895 -0.7916  1.6856  0.4096  0.2254  0.0804  0.3501  0.4433  0.4521  0.9998 1 
 42.0600  0.7841 -1.4908  0.3600  0.6469  0.0174  0.4913  0.2736 -0.0003  0.9706 1 
 45.8869 -0.1985 -1.1139  0.8382  0.2449  0.0525  0.5238  0.6070 -0.0003  0.9952 1 
 41.8524  0.1866  2.0515  0.4508  0.3903  0.1613  0.5814  0.2480  0.3721  0.9982 1 
 50.4311 -0.0313 -3.0908  0.0017  0.3110  0.0487  0.2982  0.0156 -0.0003  0.1264 0 
 47.2663  0.0107  0.0899  0.0559  0.2616  0.0453  0.3898  0.0137 -0.0003  0.2599 0 
 52.1553  0.7563  0.9641  0.0186  0.4491  0.0314  0.2112  0.0143 -0.0003  0.1801 0 
 41.8280 -0.7521 -2.1777  0.0164  0.3050  0.0183  0.2237  0.0162 -0.0003  0.0827 0 
 47.1107 -0.1693  0.6025  0.0234  0.1359  0.0551  0.4335  0.0450 -0.0003  0.1192 0 
 42.4903  0.1602 -2.5462  0.0182  0.1361  0.0400  0.4454  0.0778 -0.0003  0.1131 0 
 52.5368  0.5823 -1.5139  0.0035  0.4996  0.0497  0.3372  0.0930  0.0332  0.2714 0 
 47.9255 -0.5745  1.5986  0.0007  0.4575  0.0185  0.3453  0.0204 -0.0003  0.0838 0 
 48.3436  0.2975  2.4641  0.0018  0.4992  0.1354  0.5598  0.0640 -0.0003  0.2285 0 
 44.8493 -0.2894 -0.6504  0.0688  0.5471  0.0514  0.2634  0.0762 -0.0003  0.5686 0 
 46.6499 -0.5605 -1.7661  0.0468  0.3561  0.0987  0.7388  0.0274 -0.0003  0.4044 0 
 45.0813  0.5306  1.3295  0.0434  0.1463  0.0562  0.3946  0.0665 -0.0003  0.1719 0 
 47.1321  0.3640  2.2268  0.0165  0.3503  0.1454  0.6068  0.0368 -0.0003  0.2523 0 
 43.7964 -0.3479 -0.9066  0.0078  0.3076  0.0325  0.3535  0.0350 -0.0003  0.0953 0 
 56.5347 -0.4693  1.7620  0.0155  0.3836  0.0629  0.4553  0.0176 -0.0003  0.1945 0 
 45.9510  0.4627 -1.3993  0.0070  0.1493  0.0066  0.1745  0.0286 -0.0003  0.0363 0 
 48.8838  0.5337 -0.6927  0.1198  0.4751  0.0274  0.4294  0.0793 -0.0003  0.6301 0 
 40.6195 -0.5169  2.3726  0.0315  0.1248  0.0130  0.2254  0.0121 -0.0003  0.0444 0 
 43.9704  0.1373 -2.7914  0.0498  0.3718  0.0377  0.4414  0.1822 -0.0003  0.5129 1 
 41.1383 -0.1397  0.3566  0.2149  0.2961  0.0592  0.2696  0.1382 -0.0003  0.8342 1 
 45.1728  0.5497  2.1149  0.0982  0.4540  0.0244  0.3945  0.2393 -0.0003  0.7418 1 
 44.4373 -0.5780 -1.0169  0.1431  0.5283  0.0761  0.4842  0.1777  0.5439  0.9983 1 
 47.0893  0.3295 -1.9055  0.0485  0.6806  0.0407  0.2168  0.1008 -0.0003  0.4295 1 
 43.4882 -0.3388  1.2240  0.4729  0.5326  0.0366  0.3541  0.2902 -0.0003  0.9906 1 
 49.2287 -0.0109  2.4939  0.0100  0.2090  0.2702  0.6000  0.0837 -0.0003  0.2825 0 
 48.4138  0.0323 -0.6300  0.0252  0.4756  0.0563  0.6456  0.1735 -0.0003  0.4353 0 
 44.8859  0.1110 -2.4591  0.2244  0.4693  0.0692  0.3951  0.1201 -0.0003  0.8738 1 
 38.4802 -0.0798  0.6568  0.1541  0.4856  0.0421  0.6405  0.1961 -0.0003  0.9156 1 
 50.3334  0.5548  1.6864  0.3435  0.1742  0.0796  0.4688  0.2060 -0.0003  0.9660 0 
 47.1321 -0.5631 -1.4808  0.0313  0.6148  0.0312  0.1734  0.0036 -0.0003  0.2698 0 
 51.9997 -0.2443 -0.5777  0.0255  0.5016  0.0358  0.3381  0.0456 -0.0003  0.2140 0 
 46.3935  0.2478  2.5399  0.0128  0.0544  0.0286  0.3046  0.1154 -0.0003  0.0651 0 
 47.9561 -0.2893 -0.9376  0.0300  0.8147  0.1501  0.7335  0.0590 -0.0003  0.3739 0 
 46.5126  0.3003  2.1986  0.1299  0.3820  0.0549  0.3045  0.0413 -0.0003  0.5963 0 
 45.7954 -0.4555  0.2229  0.0376  0.4327  0.0285  0.1747  0.0406 -0.0003  0.1853 0 
 44.5319  0.4556 -2.9094  0.0475  0.1154  0.0078  0.2200  0.0255 -0.0003  0.0416 0 
 51.9142  0.6101  2.9447  0.0305  0.2431  0.0592  0.2960  0.0433 -0.0003  0.1840 0 
 44.8768 -0.5887 -0.2112  0.0163  0.4346  0.0165  0.3512  0.0557  0.0497  0.1707 0 
 47.3854 -0.6122 -2.3827  0.0174  0.3521  0.2089  0.5194  0.1902 -0.0003  0.4422 0 
 45.8167  0.5995  0.7621  0.0223  0.1875  0.0512  0.5676  0.0136 -0.0003  0.1795 0 
 47.6204 -0.5622  1.6960  0.0588  0.1726  0.0381  0.2162  0.0545 -0.0003  0.1530 0 
 45.4749  0.5641 -1.4494  0.0152  0.0905  0.0283  0.3062  0.0065 -0.0003  0.0546 0 
 50.2174  0.2001  3.1341  0.0292  0.6107  0.0179  0.2985  0.0356 -0.0003  0.1492 0 
 47.9377 -0.2103  0.0279  0.0008  0.2489  0.0625  0.3452  0.0963 -0.0003  0.1327 0 
 52.1431  0.7113 -2.6866  0.0434  0.4322  0.0099  0.1267  0.0131 -0.0003  0.1378 0 
 39.9908 -0.7097  0.4510  0.0320  0.2825  0.0109  0.2264  0.0524 -0.0003  0.0798 0 
 50.7729  0.1489 -2.9724  0.2083  0.1962  0.0404  0.3402  0.2155 -0.0003  0.8514 0 
 46.2806 -0.1436  0.2001  0.1079  0.2632  0.1030  0.3484  0.1072 -0.0003  0.5820 0 
 50.0404  0.7736  2.9926  0.2342  0.2238  0.0814  0.2561  0.0399 -0.0003  0.6874 0 
 44.0223 -0.7644 -0.1361  0.0103  0.4792  0.0763  0.6178  0.0897 -0.0003  0.2592 0 
 46.6102  0.0780 -2.1343  0.0522  0.3834  0.0445  0.3478  0.0197  0.0325  0.3842 0 
 39.0692 -0.0832  0.9766  0.0421  0.5723  0.0255  0.2734  0.0059 -0.0003  0.2452 0 
 55.1186 -0.0003  0.1940  0.0090  0.3631  0.0284  0.2499  0.0684 -0.0003  0.1029 0 
 38.4070 -0.0310 -2.8974  0.0076  0.3025  0.0562  0.2747  0.1358 -0.0003  0.2391 0 
 47.8370  0.6436  2.1448  0.0681  0.6457  0.0160  0.4318  0.0695 -0.0003  0.4064 0 
 47.1229 -0.6575 -0.9860  0.0301  0.1843  0.0365  0.2601  0.0078 -0.0003  0.1020 0 
 49.2744 -0.6121 -0.2542  0.0046  0.3780  0.0161  0.2142  0.0090 -0.0003  0.0888 0 
 41.1139  0.6194  2.8944  0.0774  0.2776  0.0290  0.3146  0.0921 -0.0003  0.3154 0 
 58.7716 -0.3743 -0.8618  0.0167  0.2160  0.1776  0.3690  0.0251 -0.0003  0.1660 0 
 42.5177  0.3185  2.2590  0.0038  0.1671  0.0106  0.2227  0.0826 -0.0003  0.0405 0 
 45.1820  0.2940 -1.1738  0.2522  0.4758  0.0635  0.1753  0.1251 -0.0003  0.8997 1 
 24.6525 -0.3550  1.9506  0.0002  0.4636  0.0246  0.3127  0.0092  0.2337  0.5405 1 
 46.1250 -0.4612 -1.9221  0.0866  0.3576  0.1110  0.5666  0.1032  0.1925  0.8015 0 
 44.9683  0.4736  1.2049  0.1737  0.2057  0.0229  0.2633  0.1055 -0.0003  0.4894 0 
 45.7679 -0.7463  0.1882  0.0044  0.3929  0.0420  0.4368  0.1107 -0.0003  0.1890 0 
 32.7855  0.7393 -2.9873  0.0255  0.1381  0.0372  0.6699  0.3439 -0.0003  0.4289 0 
 48.8289 -0.4685  1.9721  0.0538  0.2487  0.0462  0.4295  0.0283 -0.0003  0.2641 0 
 48.3162  0.4649 -1.1684  0.0538  0.3748  0.0514  0.4737  0.0195 -0.0003  0.3475 0 
 47.9286  0.8012  2.0946  0.0362  0.3267  0.0899  0.2589  0.0095  0.0890  0.3464 0 
 44.0009 -0.7703 -1.0860  0.0397  0.5573  0.0342  0.3530  0.0047 -0.0003  0.3036 0 
 45.7740 -0.5253  2.4964  0.0043  0.3577  0.0261  0.3931  0.0756 -0.0003  0.0985 0 
 44.7761  0.5174 -0.6349  0.0078  0.4515  0.0537  0.3514  0.0373 -0.0003  0.1815 0 
 58.3627 -0.6311 -0.6942  0.1185  0.2133  0.0366  0.2053  0.1631 -0.0003  0.5594 1 
 48.1361  0.6402  2.4191  0.0449  0.6181  0.0965  0.3880  0.0989 -0.0003  0.4204 1 
 44.2481  0.5126  2.3008  0.1173  0.2527  0.1052  0.4847  0.1359 -0.0003  0.6977 1 
 43.2837 -0.4964 -0.8258  0.0840  0.6185  0.0439  0.3103  0.0816 -0.0003  0.6338 1 
 50.2235 -0.0511  2.8901  0.0502  0.3556  0.0832  0.2558  0.2170 -0.0003  0.6597 0 
 31.5740  0.0471 -0.2177  0.0586  0.2025  0.0059  0.0967  0.2656  0.1166  0.4291 0 
 44.9134 -0.1783  0.7867  0.0299  0.1248  0.0589  0.2195  0.0003 -0.0003  0.1085 0 
 36.9574  0.1955 -2.3726  0.0265  0.3460  0.0165  0.1388  0.1364 -0.0003  0.1676 0 
 47.2908  0.5796 -2.3454  0.0222  0.5375  0.0790  0.3031  0.0335 -0.0003  0.2633 0 
 44.4251 -0.5801  0.8157  0.0703  0.4791  0.0186  0.3522  0.0390 -0.0003  0.2898 0 
 46.9795 -0.6255  2.0215  0.0158  0.1565  0.0675  0.3904  0.1563 -0.0003  0.1871 0 
 46.8116  0.6180 -1.1554  0.0030  0.4239  0.0293  0.4342  0.1039 -0.0003  0.1497 0 
 70.3746  0.6518 -1.4320  0.0316  0.1010  0.0609  0.3533  0.0119 -0.0003  0.0957 0 
 47.7272 -0.6595  1.8468  0.0284  0.3486  0.0908  0.5616  0.1119 -0.0003  0.3466 0 
 46.4546  0.2398  2.2530  0.0067  0.0937  0.0439  0.2610  0.1230 -0.0003  0.0814 0 
 41.9806 -0.2341 -0.8991  0.0814  0.1374  0.0132  0.2234  0.0263  0.0908  0.3130 0 
 44.3000 -0.6030 -1.2509  0.0079  0.1484  0.0728  0.3965  0.0539 -0.0003  0.0969 0 
 37.6379  0.6079  1.9053  0.0594  0.1632  0.0583  0.4603  0.0417 -0.0003  0.2482 0 
 40.2319  0.7182 -0.1366  0.1035  0.6726  0.0316  0.2260  0.2620 -0.0003  0.7604 1 
 39.1638 -0.7358  2.9781  0.3149  0.1863  0.0726  0.4098  0.2084 -0.0003  0.9544 1 
 38.7732 -0.5292 -1.7281  0.2382  0.4251  0.0527  0.2283  0.2509 -0.0003  0.9463 1 
 31.5068  0.5544  1.3813  0.2697  0.5533  0.0248  0.3872  0.3586 -0.0003  0.9783 1 
 44.6143  0.7038  0.8332  0.0051  0.2552  0.0131  0.1759  0.0471 -0.0003  0.0589 0 
 37.3968 -0.6932 -2.2422  0.0034  0.1346  0.0475  0.1383  0.0384 -0.0003  0.0805 0 
 45.2674  0.7859 -2.8429  0.0142  0.4493  0.0491  0.3942  0.0955 -0.0003  0.2426 1 
 39.9207 -0.7892  0.3249  0.1122  0.4899  0.1122  0.3171  0.0867  0.5493  0.9798 1 
 41.4160 -0.6550  2.1065  0.2535  0.1908  0.0105  0.1794  0.2255  0.1485  0.9203 1 
 34.4976  0.6534 -1.0131  0.4637  0.2661  0.0651  0.2830  0.5118  0.5233  0.9999 1 
 47.0893  0.5934 -1.4217  0.0034  0.2787  0.1153  0.3035  0.0910 -0.0003  0.1822 0 
 46.2043 -0.5662  1.7177  0.0241  0.1614  0.0865  0.3485  0.0463 -0.0003  0.1276 0 
 56.1990  0.4316 -0.0429  0.0700  0.3221  0.0298  0.2072  0.0884 -0.0003  0.2750 0 
 52.2377 -0.4211  3.1113  0.0486  0.2726  0.0467  0.3377  0.0377 -0.0003  0.2374 0 
 47.1229  0.6501  0.7570  0.0924  0.0538  0.0659  0.4335  0.0046 -0.0003  0.1521 0 
 41.9348 -0.6257 -2.3764  0.0176  0.0947  0.0676  0.3576  0.0612 -0.0003  0.0868 0 
 44.5167  0.2031 -0.0689  0.0071  0.4100  0.0183  0.4400  0.0334 -0.0003  0.1035 0 
 42.3011 -0.2116  3.0558  0.0235  0.1566  0.4790  0.3567  0.0468 -0.0003  0.2056 0 
 41.4466  0.3543  2.9683  0.0472  0.6822  0.0359  0.4036  0.0436 -0.0003  0.3902 0 
 23.2486 -0.3109 -0.2119  0.0156  0.3993  0.0396  0.3715  0.0821 -0.0003  0.1870 0 
 49.9428 -0.5977 -1.9618  0.0972  0.1974  0.0603  0.1708  0.1003 -0.0003  0.4728 1 
 45.2583  0.5919  1.1303  0.1817  0.2902  0.0828  0.3504  0.2718 -0.0003  0.9451 1 
 50.5165 -0.1434 -2.6095  0.0201  0.5343  0.0889  0.5109  0.0358 -0.0003  0.2377 0 
 45.1789  0.1114  0.5606  0.0036  0.7345  0.0477  0.3944  0.0391 -0.0003  0.1979 0 
 48.6336  0.5240 -2.8993  0.0370  0.3725  0.1004  0.6449  0.2095 -0.0003  0.5625 1 
 39.2737 -0.5505  0.2638  0.3688  0.5298  0.0316  0.1820  0.2194 -0.0003  0.9639 1 
 49.5186 -0.7649  0.9227  0.0260  0.6465  0.1401  0.5991  0.0761 -0.0003  0.3179 0 
 39.7101  0.7714 -2.3090  0.0932  0.2572  0.1841  0.4990  0.0403  0.7193  0.8723 0 
 51.3039  0.6981 -2.3880  0.0478  0.1899  0.0419  0.1696  0.0611  0.0562  0.3132 0 
 50.0130 -0.7052  0.7740  0.0283  0.4216  0.1083  0.6403  0.1993 -0.0003  0.4957 0 
 52.2805  0.1922 -2.1367  0.0040  0.3287  0.0226  0.2532  0.0123 -0.0003  0.0801 0 
 47.1504 -0.1941  1.0115  0.0299  0.5104  0.0380  0.4334  0.0388 -0.0003  0.2681 0 
 47.9072  0.6868  2.0093  0.0531  0.2416  0.0610  0.5179  0.1619 -0.0003  0.4696 1 
 44.7791 -0.6930 -1.1613  0.1706  0.5677  0.0788  0.4832  0.1746 -0.0003  0.9239 1 
 48.9937 -0.7182  0.1593  0.2907  0.4685  0.0425  0.6437  0.4804 -0.0003  0.9957 1 
 42.1424  0.6996 -2.9446  0.3821  0.3331  0.1048  0.3125  0.1758 -0.0003  0.9819 1 
 51.1696 -0.6589 -1.7881  0.0073  0.0671  0.0681  0.2546  0.0537 -0.0003  0.0727 0 
 49.8299  0.6659  1.3560  0.0956  0.4951  0.0785  0.4700  0.0392  0.0240  0.5411 0 
 48.6336  0.4892 -1.4265  0.0117  0.8214  0.0191  0.3870  0.0596 -0.0003  0.1569 0 
 43.0976 -0.5022  1.6741  0.0378  0.5531  0.0358  0.3550  0.1389 -0.0003  0.4290 0 
 40.5310 -0.3894  0.4485  0.0737  0.5561  0.0125  0.2255  0.1191 -0.0003  0.2876 0 
 36.4843  0.3973 -2.6777  0.0353  0.0594  0.0225  0.1393  0.0095 -0.0003  0.0576 0 
 43.5859 -0.6680 -2.7159  0.0078  0.3109  0.1122  0.4867  0.1169  0.1749  0.4379 0 
 41.7548  0.6721  0.4945  0.0065  0.5829  0.0311  0.3580  0.0932 -0.0003  0.1673 0 
 34.5220 -0.4824  1.4628  0.3959  0.2008  0.0629  0.3301  0.4077  0.4330  0.9997 1 
 27.4632  0.4501 -1.8034  0.2812  0.3615  0.0682  0.7057  0.1555  0.4789  0.9993 1 
 48.3589  0.3462 -1.9620  0.0543  0.1350  0.0455  0.3014  0.1205 -0.0003  0.2033 0 
 47.8035 -0.3495  1.1916  0.0149  0.0644  0.0786  0.1728  0.0380 -0.0003  0.0901 0 
 46.2684  0.5249  0.2798  0.0601  0.6680  0.0157  0.3049  0.0419 -0.0003  0.2480 0 
 45.2094 -0.5351 -2.8888  0.0230  0.5431  0.1101  0.4820  0.0508 -0.0003  0.2607 0 
 46.4332  0.7609  0.6579  0.0664  0.4121  0.0419  0.3916  0.0673 -0.0003  0.4410 1 
 37.3907 -0.7744 -2.4935  0.2736  0.1567  0.1897  0.5534  0.0086 -0.0003  0.7580 1 
 52.1279 -0.2133 -0.0845  0.1786  0.5463  0.0772  0.3801  0.1757 -0.0003  0.9332 1 
 44.4160  0.2060  2.9808  0.0229  0.2647  0.1148  0.3962  0.0280  0.3891  0.4895 1 
 49.1585  0.1063 -0.2835  0.0397  0.1076  0.0293  0.1715  0.0272 -0.0003  0.0651 0 
 28.8884 -0.0725  2.8625  0.0172  0.3178  0.0219  0.1490  0.0153  0.1321  0.3321 0 
 49.9184  0.6391  0.5508  0.0032  0.2759  0.0300  0.2136  0.0150 -0.0003  0.0853 0 
 34.8363 -0.6259 -2.6425  0.0444  0.5674  0.0317  0.2822  0.1159 -0.0003  0.3449 0 
 51.8807 -0.5930 -2.0484  0.0002  0.3492  0.2133  0.1691  0.0478 -0.0003  0.2511 0 
 44.4587  0.5959  1.1116  0.1411  0.3562  0.0314  0.2640  0.1625 -0.0003  0.6916 0 
 47.2786 -0.2763  0.0230  0.0502  0.2691  0.0411  0.3465  0.0651 -0.0003  0.2455 0 
 37.9370  0.2768 -3.1013  0.0001  0.2777  0.0753  0.4134  0.0341 -0.0003  0.1289 0 
 50.7729 -0.4352 -2.8255  0.0094  0.4636  0.1291  0.5103  0.0237 -0.0003  0.2125 0 
 42.8565  0.4510  0.3081  0.0429  0.2219  0.1617  0.3555  0.1378 -0.0003  0.3975 0 
 39.5941 -0.7481  2.9574  0.0650  0.2526  0.0399  0.4086  0.0721  0.1541  0.5653 1 
 38.9837  0.7432 -0.2024  0.1661  0.2039  0.0466  0.3191  0.2148 -0.0003  0.8061 1 
 51.1818  0.2643 -2.7184  0.0008  0.0522  0.0451  0.2122  0.0361 -0.0003  0.0569 0 
 42.4628 -0.0838  0.4248  0.0649  0.7480  0.0279  0.3564  0.1015 -0.0003  0.4867 0 
 49.7627 -0.2390  2.5799  0.2688  0.7442  0.0672  0.6839  0.2750 -0.0003  0.9863 1 
 49.7536  0.2450 -0.5462  0.7464  0.2382  0.0555  0.2137  0.2554 -0.0003  0.9874 1 
 55.5978 -0.4120  0.1497  0.0480  0.4659  0.1492  0.4987  0.1097 -0.0003  0.3922 0 
 45.4139  0.3916 -2.9317  0.0147  0.4225  0.0261  0.3063  0.0117 -0.0003  0.1309 0 
 43.9277 -0.2555  1.4594  0.2723  0.4986  0.0640  0.4856  0.4351 -0.0003  0.9955 1 
 41.7731  0.2433 -1.7477  0.3864  0.5070  0.0240  0.3132  0.3767  0.2763  0.9984 1 
 51.3893  0.4056  2.7317  0.0021  0.2880  0.0512  0.5935  0.0440  0.1682  0.3125 0 
 42.4201 -0.3930 -0.4083  0.0117  0.4333  0.0726  0.3565  0.0656 -0.0003  0.2180 0 
 45.1942  0.3113 -0.6557  0.0744  0.2839  0.0477  0.3944  0.0720 -0.0003  0.4029 0 
 40.6836 -0.2829  2.4528  0.0490  0.5655  0.0314  0.6759  0.0147 -0.0003  0.3966 0 
 50.4891 -0.0718  2.6797  0.0894  0.3154  0.0145  0.1278  0.0320  0.0792  0.3359 0 
 40.2960  0.0804 -0.4275  0.0252  0.4032  0.1364  0.4066  0.0152 -0.0003  0.2272 0 
 47.7699  0.1370 -0.5397  0.0154  0.2424  0.0345  0.4319  0.0185 -0.0003  0.1213 0 
 47.3823 -0.1272  2.6168  0.0114  0.2754  0.0747  0.1731 -0.0004 -0.0003  0.2353 0 
 58.6801 -0.6904 -0.1510  0.0032  0.6427  0.2157  0.4921  0.0623 -0.0003  0.2777 0 
 44.7700  0.6461  2.9946  0.0386  0.4793  0.0137  0.3075  0.0179 -0.0003  0.1390 0 
 45.9022  0.6265 -2.0182  0.0221  0.1575  0.0516  0.1746  0.0197 -0.0003  0.1098 0 
 40.2441 -0.6283  1.1321  0.0396  0.6372  0.0280  0.5875  0.1141 -0.0003  0.4860 0 
 46.6499 -0.1806  1.8360  0.0051  0.5220  0.0397  0.3911  0.0681 -0.0003  0.1670 0 
 39.3927  0.1715 -1.3322  0.0982  0.1585  0.0985  0.3182  0.0374 -0.0003  0.3297 0 
 49.7383 -0.3249  2.6340  0.0062  0.5380  0.2061  0.3420  0.1003 -0.0003  0.3199 0 
 44.1840  0.3700 -0.4891  0.0341  0.1833  0.0615  0.6172  0.1546  0.3204  0.7132 0 
 43.7385  0.6311 -1.8261  0.0534  0.1310  0.0315  0.4420  0.0931 -0.0003  0.1921 0 
 42.6245 -0.6392  1.3407  0.0164  0.1563  0.0321  0.1335  0.0067 -0.0003  0.0879 0 
 45.5879  0.7763  2.8892  0.1700  0.8012  0.0440  0.4809  0.2750 -0.0003  0.9572 1 
 43.7812 -0.7630 -0.2878  0.1896  0.7366  0.0451  0.3093  0.1834  0.0948  0.9141 1 
 47.3701  0.7001 -1.2008  0.3023  0.5257  0.0474  0.3896  0.6087 -0.0003  0.9974 1 
 30.9789 -0.6630  1.9030  0.0537  0.7202  0.0660  0.5350  0.0131 -0.0003  0.3665 1 
 43.0518 -0.0032 -0.3427  0.0339  0.1443  0.0394  0.2663  0.0189 -0.0003  0.0881 0 
 36.9268 -0.0216  2.7934  0.0351  0.2734  0.0428  0.4165  0.0108 -0.0003  0.2047 0 
 47.6448 -0.3025 -0.1264  0.0787  0.1607  0.0415  0.3890  0.0770 -0.0003  0.2747 0 
 47.5929  0.2682  3.0351  0.0147  0.3817  0.0514  0.4756  0.0783 -0.0003  0.2248 0 
 52.8176  0.3387 -1.1539  0.0411  0.2510  0.0817  0.2105  0.1092 -0.0003  0.3903 0 
 40.8209 -0.3108  1.9502  0.0607  0.6144  0.0449  0.6303  0.0355  0.0924  0.6032 0 
 42.1485 -0.7589 -1.8955  0.0466  0.3043  0.0959  0.4017  0.0378 -0.0003  0.2873 0 
 29.2332  0.7778  1.3054  0.0442  0.0763  0.0179  0.1484  0.0635 -0.0003  0.0533 0 
 49.9092 -0.2724  0.2776  0.0258  0.1457  0.0368  0.2136  0.1645 -0.0003  0.1840 0 
 39.8566  0.2631 -2.8652  0.0153  0.6029  0.0138  0.1813  0.0731 -0.0003  0.1297 0 
 45.2522  0.6293 -1.7752  0.0226  0.5102  0.0935  0.5257  0.0274 -0.0003  0.2401 1 
 40.5371 -0.5864  1.3538  0.1929  0.1497  0.0281  0.4060  0.1362  0.3450  0.9952 1 
 46.4668  0.1964  2.7066  0.2529  0.3742  0.0364  0.3480  0.3337 -0.0003  0.9692 0 
 36.7712 -0.1946 -0.4170  0.1157  0.2884  0.0295  0.2316  0.0939 -0.0003  0.4294 0 
 63.7369  0.7108 -3.1329  0.0695  0.0728  0.0359  0.2813  0.0246 -0.0003  0.0822 0 
 42.8504 -0.7205 -0.0082  0.0148  0.2290  0.0099  0.3556  0.0236 -0.0003  0.0501 0 
 45.7252  0.7393 -2.0259  0.0573  0.1268  0.0744  0.3495  0.0258 -0.0003  0.1584 0 
 38.4894 -0.7358  1.0449  0.1738  0.4375  0.0244  0.2745  0.0541  0.2327  0.9175 0 
 48.1331 -0.2150  2.6373  0.0457  0.1496  0.0631  0.6035  0.0484 -0.0003  0.2799 0 
 47.9957  0.2160 -0.5301  0.0935  0.2308  0.1143  0.3451  0.0970 -0.0003  0.4985 0 
 46.8147  0.7886 -2.1058  0.0215  0.1882  0.0243  0.2605  0.0908 -0.0003  0.0760 0 
 46.0670 -0.7769  1.0527  0.0106  0.2518  0.0382  0.2616  0.1148 -0.0003  0.1320 0 
 43.9857  0.7658  0.8446  0.3029  0.4791  0.0483  0.2648  0.3543 -0.0003  0.9876 1 
 40.2625 -0.8020 -2.2465  0.0429  0.1378  0.0473  0.2711  0.0727  0.4005  0.8731 1 
 46.3813 -0.2049  1.2331  0.0590  0.3389  0.0647  0.5223  0.0626 -0.0003  0.4162 0 
 46.1982  0.2046 -1.8909  0.0113  0.4232  0.0356  0.3485  0.0502 -0.0003  0.1421 0 
 44.7425 -0.6701  2.3581  0.0057  0.2850  0.0755  0.4833  0.0182 -0.0003  0.1515 0 
 42.7893  0.6250 -0.8183  0.0152  0.2090  0.1580  0.3112  0.0046 -0.0003  0.1447 0 
 52.1248 -0.5354  1.9710  0.0280  0.4498  0.0132  0.3379  0.1334 -0.0003  0.1662 0 
 45.8808  0.5358 -1.1777  0.0639  0.4734  0.1386  0.5238  0.1081 -0.0003  0.4523 0 
 49.3202 -0.0940 -0.9876  0.0349  0.3650  0.1440  0.4712  0.0134  0.2516  0.4645 0 
 44.1260  0.0979  2.1363  0.0462  0.4999  0.0801  0.4410  0.0148 -0.0003  0.2982 0 
 55.0088 -0.5012  2.2163  0.0298  0.2594  0.0555  0.2917  0.0729 -0.0003  0.2061 0 
 45.8686  0.4643 -0.9803  0.0486  0.1030  0.0145  0.1310  0.0125 -0.0003  0.0566 0 
 53.6080  0.2974  0.4411  0.0837  0.1468  0.0444  0.2516  0.0742 -0.0003  0.2261 0 
 49.9092 -0.3127 -2.7266  0.0139  0.3799  0.0513  0.3844  0.1414 -0.0003  0.2875 0 
 47.4678  0.1803  3.1114  0.3536  0.2588  0.0505  0.3029  0.2520 -0.0003  0.9717 1 
 37.7813 -0.1791 -0.0048  0.2412  0.1876  0.0337  0.2759  0.3630  0.3632  0.9987 1 
 49.2287  0.3747 -0.5367  0.0392  0.2415  0.1028  0.3857  0.1024  0.3686  0.6437 0 
 42.6459 -0.3636  2.5648  0.1011  0.5648  0.0278  0.3115  0.0629  0.0928  0.6527 0 
 45.5024  0.6730  0.3607  0.1301  0.4073  0.0448  0.5686  0.2705 -0.0003  0.9076 1 
 45.2186 -0.6867 -2.7869  0.3056  0.3129  0.0732  0.3505  0.2882 -0.0003  0.9855 1 
 48.2033 -0.6701  2.1098  0.0564  0.2955  0.0401  0.2155  0.0502 -0.0003  0.2500 0 
 41.6266  0.6712 -1.0165  0.0697  0.4697  0.0280  0.1791  0.0534 -0.0003  0.2750 0 
 49.7841 -0.7409 -1.8517  0.0095  0.5005  0.1116  0.4274  0.0963 -0.0003  0.2559 0 
 47.8187  0.7403  1.3108  0.0378  0.4509  0.0520  0.2591  0.0539 -0.0003  0.3324 0 
 45.2399  0.6936 -1.4513  0.9332  0.7570  0.0546  0.5695  0.6483 -0.0003  0.9979 1 
 44.6571 -0.6939  1.6666  0.2868  0.7331  0.0397  0.5715  0.2746 -0.0003  0.9708 1 
 43.6042 -0.0255  0.3309  0.0320  0.2915  0.0965  0.4423  0.0446 -0.0003  0.2412 0 
 41.7426  0.0134 -2.8214  0.1068  0.3952  0.0208  0.4028  0.1160 -0.0003  0.5564 0 
 39.8657 -0.2579 -1.2291  0.3797  0.4599  0.0266  0.4531  0.5029  0.0985  0.9974 1 
 32.0012  0.2538  1.9225  0.1588  0.2238  0.0171  0.3855  0.0999 -0.0003  0.5139 1 
 47.1046 -0.2101 -2.7176  0.0043  0.1870  0.0596  0.3035  0.0768 -0.0003  0.0992 0 
 45.1850  0.2330  0.4136  0.0070  0.1167  0.0294  0.2191  0.0097 -0.0003  0.0530 0 
 46.4393  0.5589  2.3055  0.0934  0.3704  0.0845  0.3481  0.1356 -0.0003  0.6694 0 
 45.3559 -0.5465 -0.8011  0.0352  0.7493  0.0329  0.3065 -0.0200 -0.0003  0.3300 0 
 53.8460 -0.4025  0.7937  0.0101  0.2455  0.1215  0.3352  0.0573 -0.0003  0.1547 0 
 43.0884  0.4026 -2.4164  0.0166  0.1627  0.0498  0.4882  0.0472 -0.0003  0.1327 0 
 50.0404 -0.7315 -1.1633  0.0926  0.3581  0.0691  0.5975  0.1142 -0.0003  0.6531 0 
 45.7191  0.7196  2.0242  0.0447  0.2452  0.0291  0.3058  0.1373 -0.0003  0.2403 0 
 41.9654 -0.4852  2.2242  0.0998  0.4061  0.0462  0.4469  0.1602 -0.0003  0.7308 1 
 30.2861  0.4678 -0.9166  0.4098  0.2787  0.0724  0.3427  0.2608  0.1251  0.9896 1 
 49.0059 -0.7625 -3.0554  0.0111  0.2119  0.0127  0.3003  0.0148 -0.0003  0.0458 0 
 44.9104  0.7432  0.0618  0.0021  0.5535  0.0516  0.4389  0.0644 -0.0003  0.1795 0 
 49.3965 -0.7667 -2.2585  0.1354  0.6221  0.0512  0.3426  0.0994 -0.0003  0.8198 0 
 46.8635  0.7647  0.8654  0.0176  0.4359  0.0219  0.4341  0.0087 -0.0003  0.1598 0 
 45.9785 -0.0322  2.6159  0.2538  0.3420  0.0357  0.2181  0.3752 -0.0003  0.9625 1 
 44.1627  0.0197 -0.5202  0.7617  0.5013  0.1010  0.6172  0.3874 -0.0003  0.9912 1 
 44.4984 -0.2175 -0.0378  0.1051  0.5084  0.0486  0.3960  0.1088 -0.0003  0.7089 1 
 41.3275  0.2103  3.0999  0.2756  0.6139  0.0455  0.2244  0.2083  0.2922  0.9778 1 
 47.1015  0.6931 -1.4132  0.2018  0.4335  0.0467  0.5202  0.3765 -0.0003  0.9834 1 
 32.9839 -0.6669  1.7900  0.2674  0.4807  0.0449  0.2866  0.2149  0.4609  0.9989 1 
 43.2288  0.4949 -0.7434  0.0430  0.3800  0.0384  0.1773  0.0268 -0.0003  0.2558 0 
 40.1221 -0.4864  2.4056  0.0599  0.2084  0.1039  0.3619  0.0389 -0.0003  0.2722 0 
 47.3457  0.7042 -3.0938  0.1758  0.1414  0.0689  0.5628  0.1102  0.3468  0.9328 1 
 33.1273 -0.6904  0.0812  0.3372  0.1045  0.0464  0.3339  0.3875 -0.0003  0.9786 1 
 43.4577 -0.0949  2.0491  0.0201  0.3355  0.1088  0.1771  0.0414 -0.0003  0.2915 0 
 43.3783  0.2718 -1.0858  0.0163  0.1625  0.0446  0.2658  0.0745 -0.0003  0.0871 0 
 49.1615 -0.4615  0.9424  0.0546  0.3581  0.1019  0.4716  0.0733 -0.0003  0.3801 0 
 28.8365  0.4652 -2.2405  0.0000  0.0535  0.0103  0.0993 -0.0200 -0.0003  0.0689 0 
 46.1830  0.6007  1.0999  0.0273  0.1218  0.1278  0.3922  0.1230  0.3191  0.4527 0 
 45.4719 -0.6152 -2.0561  0.0052  0.4677  0.0736  0.4813  0.0672 -0.0003  0.1936 0 
 39.5666  0.2219  0.9665  0.0218  0.2580  0.0264  0.2270  0.1113  0.3011  0.8242 0 
 34.5922 -0.2389 -2.1684  0.0620  0.4198  0.0215  0.4241  0.0667 -0.0003  0.3432 0 
 39.5209  0.5446  2.7082  0.0015  0.4247  0.0105  0.1363  0.0283 -0.0003  0.1015 0 
 26.0197 -0.5454 -0.4638  0.1327  0.3208  0.0103  0.3075  0.0180 -0.0003  0.3027 0 
 45.4017 -0.4658 -1.8414  0.0002  0.6293  0.0822  0.3501  0.1328 -0.0003  0.3232 0 
 44.6510  0.4911  1.2085  0.0129  0.2891  0.0196  0.4396  0.0500 -0.0003  0.0969 0 
 48.9998  0.4046 -0.3020  0.0496  0.3117  0.0598  0.5578  0.0910 -0.0003  0.4204 0 
 44.4739 -0.4095  2.8549  0.0456  0.3856  0.0462  0.2640  0.0333 -0.0003  0.2934 0 
 42.2339  0.0783  2.4486  1.0976  0.4575  0.0551  0.5354  1.0461 -0.0003  0.9980 1 
 27.6738 -0.0603 -0.8084  0.2989  0.5601  0.0393  0.6035  0.4697 -0.0003  0.9944 1 
 46.2104  0.6550  2.9674  0.0725  0.2636  0.0326  0.2179  0.0742 -0.0003  0.2553 0 
 45.0874 -0.6786 -0.1358  0.0123  0.2575  0.0160  0.4385  0.0344 -0.0003  0.0786 0 
 47.6051  0.7440  0.5726  0.0037  0.3748  0.0922  0.6053  0.0266 -0.0003  0.1898 0 
 46.1128 -0.7455 -2.5819  0.0082  0.2456  0.0632  0.2179  0.0057 -0.0003  0.1608 0 
 51.3191 -0.1932 -2.9872  0.0280  0.3877  0.1328  0.5937  0.1365 -0.0003  0.3929 0 
 50.2266  0.1886  0.1371  0.0153  0.5685  0.0273  0.1706  0.1127 -0.0003  0.1814 0 
 47.0130  0.3054  0.2842  0.0047  0.3830  0.0396  0.4771  0.1031 -0.0003  0.1880 0 
 45.2064 -0.3081 -2.8667  0.0060  0.4887  0.1097  0.6135  0.0699 -0.0003  0.2396 0 
 50.3029 -0.4434  2.5947  0.0482  0.3055  0.0312  0.5115  0.1041 -0.0003  0.3725 0 
 33.8323  0.4367 -0.5115  0.0929  0.2625  0.0408  0.5217  0.1118  0.0499  0.6473 0 
 46.3661  0.5771  0.4518  0.0032  0.1267  0.0314  0.4353  0.0296 -0.0003  0.0651 0 
 43.4089 -0.5953 -2.6964  0.0807  0.6195  0.0731  0.3543  0.0804 -0.0003  0.6080 0 
 51.3222 -0.3614 -1.3546  0.0520  0.0375  0.0277  0.1272  0.0252 -0.0003  0.0632 0 
 36.8048  0.3434  1.7947  0.0362  0.0770  0.0169  0.1853  0.0939 -0.0003  0.0568 0 
 41.4740 -0.5216 -0.3301  0.0368  0.6402  0.0241  0.4035  0.0848  0.1648  0.5626 0 
 41.3428  0.5256  2.8240  0.0934  0.3448  0.0205  0.2692  0.0781 -0.0003  0.2911 0 
 47.1382 -0.4537  2.1878  0.1516  0.2213  0.0254  0.2167  0.0950 -0.0003  0.4365 0 
 42.4781  0.4674 -0.9615  0.1554  0.6433  0.0056  0.2673  0.1076 -0.0003  0.5573 0 
 51.2245  0.0747  0.6888  0.0356  0.3182  0.0484  0.1697  0.0014 -0.0003  0.2874 0 
 46.7536 -0.0650 -2.4691  0.0596  0.6756  0.0787  0.6515  0.0822 -0.0003  0.4802 0 
 51.5206 -0.3431  1.2558  0.3119  0.6119  0.0615  0.3813  0.3726 -0.0003  0.9933 1 
 23.4226  0.3689 -1.9140  0.3203  0.2833  0.0485  0.1588  0.2875  0.3591  0.9978 1 
 44.2084 -0.6866  1.6951  0.0988  0.4762  0.0603  0.2204  0.1259  0.4781  0.9945 1 
 35.9716  0.6874 -1.4777  0.1855  0.3992  0.0920  0.4661  0.4091  0.6300  0.9993 1 
 46.8788  0.8043  0.5976  0.0027  0.5382  0.0305  0.2170  0.0215 -0.0003  0.1519 0 
 42.7680 -0.8096 -2.5481  0.0146  0.7443  0.0228  0.1778  0.0079 -0.0003  0.1771 0 
 46.8391 -0.7475 -1.9529  0.1980  0.6336  0.1232  0.5210  0.1043 -0.0003  0.8506 1 
 25.6809  0.7280  1.3826  0.2209  0.7393  0.0177  0.3087  0.2476 -0.0003  0.9143 1 
 47.6356 -0.6659  0.8947  0.0358  0.5262  0.0422  0.2593  0.0279 -0.0003  0.2986 0 
 45.3681  0.6578 -2.2697  0.0012  0.0960  0.1051  0.1751  0.0535 -0.0003  0.0872 0 
 42.7008 -0.5933  2.2136  0.0128  0.3849  0.0090  0.3559  0.0881 -0.0003  0.0819 0 
 30.4479  0.5907 -0.9299  0.0196  0.5213  0.0299  0.1467  0.0137 -0.0003  0.2116 0 
 46.4393  0.7569  1.4720  0.0111  0.4283  0.0496  0.6092  0.0550  0.0557  0.2981 0 
 26.8864 -0.7688 -1.6118  0.0037  0.2498  0.0139  0.1522  0.0087 -0.0003  0.0702 0 
 45.1484  0.6856  0.4801  0.0208  0.4808  0.1935  0.3945  0.0150  0.1940  0.4082 1 
 38.2452 -0.6697 -2.6679  0.0490  0.5688  0.0254  0.5041  0.0808  0.1631  0.6350 1 
 47.0741  0.7488  0.9451  0.0066  0.2485  0.0273  0.2168  0.1087 -0.0003  0.0970 0 
 45.4780 -0.7391 -2.1758  0.0052  0.1806  0.0183  0.2187  0.0167 -0.0003  0.0456 0 
 43.9796 -0.7582 -1.5100  0.0208  0.2033  0.1322  0.3531  0.1076 -0.0003  0.2099 0 
 38.4253  0.7551  1.6680  0.0072  0.0201  0.2421  0.0916  0.0012 -0.0003  0.0467 0 
 46.5766  0.7446 -2.4629  0.0869  0.5277  0.1561  0.3913  0.0259 -0.0003  0.4130 0 
 38.1903 -0.7637  0.5912  0.0246  0.5804  0.0265  0.2751  0.0744 -0.0003  0.1773 0 
 43.3600 -0.7417 -1.8155  0.0018  0.3137  0.1131  0.3987  0.0126 -0.0003  0.1482 0 
 40.1465  0.7680  1.2898  0.0320  0.5159  0.0114  0.2714  0.0909 -0.0003  0.1389 0 
 63.0472 -0.3270 -0.6491  0.1337  0.0974  0.0472  0.1612  0.2286  0.0935  0.6443 0 
 46.9642  0.3121  2.4617  0.1652  0.4823  0.2359  0.6508  0.3026 -0.0003  0.9845 0 
 48.2856  0.4236  0.4274  0.1605  0.1858  0.0258  0.4307  0.1022 -0.0003  0.5780 0 
 42.3163 -0.3921 -2.7112  0.0250  0.2821  0.0412  0.3122  0.0142 -0.0003  0.1539 0 
 46.3935 -0.7104 -0.1303  0.0021  0.4871  0.0470  0.4787  0.1246  0.2311  0.5660 0 
 43.2044  0.7114  3.0095  0.0071  0.5752  0.0652  0.3991  0.0132 -0.0003  0.1850 0 
 54.7158  0.6382 -1.4500  0.0502  0.3362  0.0586  0.3756  0.0126 -0.0003  0.2998 0 
 43.6378 -0.6146  1.6409  0.0046  0.7025  0.0086  0.2211  0.0137 -0.0003  0.1097 0 
 74.7814  0.0815 -2.5318  0.0020  0.1264  0.0644  0.2710  0.0460 -0.0003  0.0742 0 
 46.5553 -0.0654  0.6120  0.0007  0.5059  0.0378  0.3479  0.0582 -0.0003  0.1349 0 
 49.6742 -0.5709 -3.0710  0.0083  0.2102  0.0832  0.3421  0.0743 -0.0003  0.1341 0 
 49.1005  0.5655  0.1035  0.0251  0.2805  0.1363  0.5147  0.0628 -0.0003  0.2572 0 
 48.0995  0.1795  1.5135  0.0688  0.4448  0.1269  0.3881  0.0783 -0.0003  0.4184 0 
 42.6215 -0.1788 -1.6467  0.0400  0.0799  0.0856  0.1780  0.1047 -0.0003  0.1476 0 
 48.6732  0.0988 -2.9627  0.0746  0.7017  0.0278  0.2579  0.0402 -0.0003  0.4028 0 
 46.0548 -0.0835  0.2127  0.1265  0.0604  0.0248  0.2616  0.0909 -0.0003  0.1431 0 
 46.5400 -0.8035 -2.8516  0.0147  0.5215  0.0340  0.3479  0.0284 -0.0003  0.1742 0 
 46.3935  0.7842  0.3049  0.0605  0.1959  0.0300  0.3917 -0.0200 -0.0003  0.2092 0 
 43.3265 -0.7777 -0.5973  0.2126  0.3837  0.0786  0.4431  0.3019  0.5765  0.9994 1 
 42.2705  0.7795  2.5620  0.0310  0.2474  0.0119  0.4014  0.1221 -0.0003  0.1356 1 
 48.7587  0.5083  2.9132  0.0058  0.2115  0.0561  0.1289  0.0067 -0.0003  0.1627 0 
 30.5211 -0.5072 -0.2021  0.0631  0.1329  0.0455  0.3908  0.0820 -0.0003  0.2082 0 
 49.4362  0.3191 -2.5456  0.0189  0.1093  0.0271  0.3425  0.1013 -0.0003  0.0719 1 
 42.8504 -0.3135  0.5873  0.0237  0.5491  0.0647  0.4889  0.1132 -0.0003  0.3404 1 
 49.4697 -0.4221  0.9218  0.0089  0.6204  0.0481  0.2997  0.0484 -0.0003  0.2254 0 
 46.8757  0.4065 -2.2275  0.0183  0.2523  0.0208  0.4341  0.0214 -0.0003  0.1001 0 
 28.2811 -0.5020 -2.4057  0.3154  0.2032  0.0045  0.1999  0.1978  0.0584  0.8092 1 
 17.9934  0.4939  0.6729  0.2159  0.2825  0.0200  0.4045  0.1719  0.2276  0.9868 1 
 49.6040  0.4255 -0.6192  0.0319  0.6148  0.1629  0.5561  0.0005 -0.0003  0.2713 0 
 43.7415 -0.4163  2.5308  0.0010  0.2906  0.0507  0.3978  0.1319 -0.0003  0.1706 0 
 49.5735  0.0812  2.1230  0.1383  0.2468  0.0349  0.2567  0.0285 -0.0003  0.4269 0 
 41.5991 -0.0801 -0.9676  0.0095  0.4819  0.0547  0.1792  0.0048 -0.0003  0.3061 0 
 49.8024  0.0258  1.2849  0.0229  0.3374  0.1225  0.4700  0.0479 -0.0003  0.2339 0 
 46.8147 -0.0582 -1.8965  0.0074  0.2568  0.0341  0.3039  0.0074 -0.0003  0.0916 0 
 45.8015 -0.0416 -0.5709  0.0587  0.3763  0.0290  0.2620  0.1795 -0.0003  0.4202 0 
 29.1875  0.0495  2.5513  0.0557  0.6687  0.0082  0.2475  0.0104  0.1394  0.4397 0 
 46.1921 -0.4065 -1.9773  0.0766  0.6348  0.0428  0.3050  0.0712 -0.0003  0.5858 0 
 43.9948  0.4484  1.1566  0.0209  0.2975  0.0468  0.3089  0.0244 -0.0003  0.1598 0 
 41.8799  0.4363 -2.0294  0.3809  0.0760  0.1378  0.2683  0.4969  0.6654  0.9996 1 
 39.8810 -0.4715  1.1655  0.3735  0.7514  0.0622  0.3625  0.4531 -0.0003  0.9964 1 
 49.5705 -0.4129  1.3795  0.0857  0.5559  0.0219  0.2139  0.0303 -0.0003  0.3169 0 
 47.8798  0.4173 -1.7666  0.0350  0.2789  0.0833  0.5612  0.0615 -0.0003  0.3088 0 
 49.3385  0.2245  1.7869  0.0149  0.1763  0.0979  0.3427  0.0073 -0.0003  0.1142 0 
 41.1017 -0.2523 -1.4264  0.0009  0.1647  0.0847  0.2696  0.0478 -0.0003  0.0936 0 
 45.2430 -0.3435 -1.6083  0.1151  0.6431  0.0352  0.4381  0.0141 -0.0003  0.6863 1 
 25.2384  0.3698  1.6758  0.2546  0.7439  0.0508  0.2586  0.2886  0.3663  0.9953 1 
 44.3641 -0.2569 -2.9454  0.0712  0.6072  0.0790  0.4844  0.0797 -0.0003  0.4881 0 
 41.5808  0.2831  0.1625  0.0147  0.4931  0.0612  0.3136  0.0764 -0.0003  0.2687 0 
 43.6316 -0.5845 -1.6346  0.1108  0.4135  0.0216  0.3096  0.0878 -0.0003  0.4401 0 
 39.8230  0.5673  1.5324  0.0060  0.0905  0.0616  0.1360  0.0233 -0.0003  0.0912 0 
 52.5185 -0.2737  1.7745  0.0620  0.4094  0.0414  0.3373  0.0403  0.1951  0.6468 0 
 47.9957  0.2896 -1.3031  0.0694  0.4716  0.1644  0.6902  0.0622  0.2611  0.7512 0 
 50.1167  0.1245 -2.6055  0.2055  0.6422  0.0418  0.2560  0.2425 -0.0003  0.9393 0 
 46.2440 -0.1752  0.5545  0.0204  0.1923  0.1193  0.5663  0.0527 -0.0003  0.2088 0 
 52.1035 -0.5684 -2.4583  0.3099  0.1235  0.1257  0.2112  0.1011 -0.0003  0.8534 1 
 32.1233  0.5905  0.7582  0.0851  0.4739  0.0449  0.2407  0.0278  0.1904  0.7213 1 
 56.5591 -0.3339 -0.5339  0.0158  0.4928  0.0752  0.2897  0.0532 -0.0003  0.2655 0 
 39.9115  0.3088  2.6448  0.0855  0.3134  0.0270  0.0906  0.0897 -0.0003  0.2839 0 
 50.5440  0.5139  2.5851  0.0121  0.1545  0.0499  0.6812  0.0209 -0.0003  0.1753 0 
 36.5148 -0.4981 -0.5272  0.0276  0.4207  0.0146  0.1393  0.0668 -0.0003  0.1291 0 
 45.3407  0.2419 -1.1685  0.1554  0.6090  0.0232  0.3065  0.1365  0.0660  0.7482 1 
 43.8087 -0.2717  1.9978  0.1764  0.6920  0.1403  0.5302  0.1154 -0.0003  0.8445 1 
 44.2176 -0.3656  0.7789  0.0060  0.5354  0.0235  0.4407  0.0043 -0.0003  0.1503 0 
 38.0560  0.3964 -2.3509  0.0132  0.1907  0.0241  0.3212  0.0214 -0.0003  0.0583 0 
 38.9441 -0.3420  1.0372  0.2103  0.4378  0.0366  0.2736  0.1035  0.0907  0.8017 0 
 25.4276  0.3046 -2.1192  0.0031  0.2790  0.0198  0.2065  0.0666  0.0677  0.1355 0 
 45.6367  0.3929  3.0233  0.1291  0.7072  0.0234  0.2623  0.1817 -0.0003  0.7242 0 
 43.4150 -0.4007 -0.0982  0.0558  0.0977  0.0321  0.3100  0.2170 -0.0003  0.2536 0 
 47.7638  0.6457 -1.2468  0.0141  0.1681  0.0149  0.2160  0.1017 -0.0003  0.0583 0 
 46.8055 -0.6376  1.8977  0.0007  0.4011  0.0735  0.4776  0.1285 -0.0003  0.2176 0 
 50.0771 -0.7678 -0.5262  0.0623  0.6115  0.0385  0.2134  0.0891 -0.0003  0.4426 0 
 48.4749  0.7595  2.6446  0.0232  0.3773  0.0213  0.2582  0.0645 -0.0003  0.1110 0 
 42.6764 -0.4055 -2.4927  0.0332  0.5665  0.0411  0.4894  0.0787 -0.0003  0.3551 0 
 41.6449  0.4198  0.6323  0.2584  0.2246  0.0587  0.2687  0.0975 -0.0003  0.7677 0 
 52.7993  0.3059 -1.5850  0.0176  0.5514  0.1675  0.7158  0.2706 -0.0003  0.6872 0 
 44.8615 -0.2754  1.5156  0.0118  0.1742  0.0186  0.2195  0.0140 -0.0003  0.0489 0 
 52.1401  0.2147  0.6893  0.0050  0.8297  0.1287  0.3801  0.0079 -0.0003  0.2543 0 
 45.6489 -0.2330 -2.4871  0.1088  0.0427  0.0316  0.2623  0.0746 -0.0003  0.0954 0 
 46.3111 -0.5958 -1.8547  0.0255  0.1927  0.0573  0.3919  0.2069 -0.0003  0.3121 0 
 44.2756  0.6026  1.2799  0.0672  0.4043  0.0952  0.2644  0.0292 -0.0003  0.4256 0 
 51.1971  0.6997  0.2496  0.0730  0.1450  0.0935  0.4243  0.3102 -0.0003  0.6687 0 
 51.1299 -0.6888 -2.8758  0.0112  0.1073  0.0490  0.3820  0.0377 -0.0003  0.0756 0 
 47.9713  0.1431  0.0237  0.0783  0.3759  0.0858  0.5177  0.1381 -0.0003  0.6125 0 
 44.9195 -0.1577  3.1398  0.1068  0.2119  0.0247  0.0439  0.0356 -0.0003  0.2719 0 
 47.9896 -0.5266  0.3704  0.0081  0.1279  0.0470  0.2589  0.1778 -0.0003  0.1489 0 
 44.9653  0.5316 -2.8047  0.0143  0.3943  0.0712  0.3510  0.0569 -0.0003  0.2129 0 
 46.2470  0.7622  1.5464  0.0341  0.2425  0.0280  0.2613  0.1292 -0.0003  0.1814 0 
 45.5055 -0.7660 -1.6039  0.0443  0.2061  0.0748  0.3937  0.0319 -0.0003  0.2156 0 
 40.5310 -0.7698  1.3571  0.1035  0.2708  0.0287  0.3609  0.0910 -0.0003  0.4361 0 
 39.7192  0.7568 -1.8324  0.0050  0.2003  0.0288  0.1361  0.0104 -0.0003  0.0862 0 
 51.8502 -0.2728 -0.6488  0.0355  0.1777  0.0427  0.2115  0.1435 -0.0003  0.2361 0 
 44.0803  0.2908  2.4716  0.0436  0.2629  0.0335  0.2647  0.0508 -0.0003  0.1576 0 
 47.2236  0.3381 -2.2378  0.0089  0.5558  0.1801  0.4765  0.0567 -0.0003  0.2604 0 
 40.4639 -0.3306  0.9303  0.0181  0.2864  0.0542  0.2708  0.0185  0.1365  0.3288 0 
 48.5878  0.0761 -2.7626  0.2827  0.4007  0.1964  0.5591  0.2447  0.1395  0.9924 1 
 40.3510 -0.0771  0.3624  0.0903  0.4543  0.0581  0.5420  0.1517  0.4767  0.9930 1 
 44.7181  0.3079  0.3110  0.5053  0.5654  0.0246  0.2197  0.3964  0.2304  0.9974 1 
 26.6606 -0.3399 -2.8141  0.2189  0.2601  0.0500  0.2543  0.1048  0.2597  0.9472 1 
 50.3731 -0.6614  2.7897  0.0039  0.3792  0.0167  0.2557  0.0353  0.0899  0.1623 0 
 43.9979  0.6679 -0.3455  0.0090  0.3200  0.0243  0.3089  0.0788  0.1933  0.4508 0 
 52.5734 -0.6090 -2.1359  0.0091  0.0847  0.0216  0.1686  0.0041 -0.0003  0.0514 0 
 44.9653  0.6168  1.0024  0.0093  0.5583  0.0115  0.2633  0.0919 -0.0003  0.1102 0 
 42.9999  0.6350  2.0999  0.0108  0.2015  0.0176  0.1776  0.0027 -0.0003  0.0640 0 
 39.2035 -0.6261 -1.0768  0.0008  0.1002  0.0349  0.1821  0.1527 -0.0003  0.0930 0 
 54.1146  0.6264 -1.4493  0.0662  0.0665  0.1044  0.3347  0.0452 -0.0003  0.1061 0 
 49.2744 -0.6415  1.6986  0.1046  0.0888  0.0646  0.3428  0.0500 -0.0003  0.2038 0 
 50.3334  0.3891  1.1770  0.0031  0.5196  0.0529  0.3409  0.0770 -0.0003  0.1988 0 
 44.6876 -0.3788 -1.9338  0.0241  0.5355  0.0705  0.6593  0.1240 -0.0003  0.3713 0 
 40.8698  0.1345  2.6642  0.0753  0.4611  0.0595  0.3601  0.1397  0.4746  0.9912 1 
 33.3318 -0.0882 -0.4849  0.1668  0.1110  0.0639  0.3810  0.1072  0.5958  0.9980 1 
 45.9358  0.7169  0.0942  0.0200  0.6053  0.0856  0.3491  0.0207 -0.0003  0.2348 0 
 44.3885 -0.7353 -3.0586  0.0430  0.2547  0.0251  0.3962  0.0685 -0.0003  0.1766 0 
 39.1882 -0.6235 -0.2735  0.1302  0.1710  0.0298  0.2276  0.0502 -0.0003  0.2912 0 
 32.9046  0.6121  2.8937  0.1213  0.2200  0.0241  0.2868  0.0770  0.2675  0.9352 0 
 56.2020 -0.7688 -2.5640  0.0470  0.1010  0.0165  0.2901  0.0688 -0.0003  0.0594 0 
 49.3385  0.7719  0.5955  0.0212  0.2600  0.0278  0.5140  0.0805  0.1479  0.3984 0 
 38.1659 -0.7722  1.9781  0.1235  0.2328  0.0292  0.2293  0.0930 -0.0003  0.4036 0 
 27.9026  0.7459 -1.1626  0.0785  0.4375  0.0634  0.2509  0.2734  0.2935  0.9289 0 
 46.5797  0.5271  0.9726  0.1912  0.5867  0.1117  0.3913  0.2733 -0.0003  0.9813 1 
 36.7102 -0.5300 -2.1350  0.2009  0.1036  0.0292  0.2781  0.2916 -0.0003  0.7717 1 
 43.8209 -0.7185 -0.7390  0.0512  0.4197  0.0958  0.8394  0.1141  0.3980  0.8782 0 
 37.0214  0.7029  2.4086  0.0505  0.6905  0.0120  0.2775  0.0370 -0.0003  0.1942 0 
 43.5676  0.5845  0.3425  0.0189  0.2342  0.0626  0.2655  0.1308 -0.0003  0.2488 1 
 30.7530 -0.6001 -2.7409  0.3387  0.3862  0.0592  0.1950  0.2252  0.4416  0.9984 1 
 48.0964  0.7782  1.8028  0.0023  0.1731  0.0642  0.3449  0.0381 -0.0003  0.0883 0 
 43.9918 -0.7712 -1.3330  0.0027  0.6123  0.0914  0.3089  0.0650 -0.0003  0.2448 0 
 50.8309  0.2800 -2.7997  0.5412  0.3217  0.0697  0.4676  0.5913 -0.0003  0.9979 1 
 39.5850 -0.2633  0.3125  0.3112  0.6462  0.0296  0.3632  0.3670 -0.0003  0.9879 1 
 48.1941 -0.4650 -2.4577  0.1608  0.6499  0.0342  0.1724  0.0892  0.3294  0.9659 1 
 46.3020  0.4550  0.6931  0.4744  0.4245  0.0383  0.4354  0.5008 -0.0003  0.9970 1 
 47.8950 -0.6095  0.6971  0.0571  0.2062  0.0879  0.3885  0.0176 -0.0003  0.2479 0 
 42.1118  0.6561 -2.4548  0.0391  0.5413  0.1007  0.4018  0.0644 -0.0003  0.3217 0 
 45.5543 -0.7734  1.7513  0.0040  0.2144  0.0227  0.4373  0.0389 -0.0003  0.0688 0 
 32.5048  0.7780 -1.4287  0.0103  0.3374  0.0211  0.2878  0.0298 -0.0003  0.0769 0 
 42.8199  0.3594  2.6647  0.0416  0.1042  0.0517  0.2667  0.0114 -0.0003  0.0949 0 
 39.5941 -0.3421 -0.4700  0.0163  0.2417  0.0142  0.2270  0.1177 -0.0003  0.0901 0 
 47.8767  0.8034 -0.3866  0.0130  0.3100  0.0661  0.3885  0.0460 -0.0003  0.1727 0 
 45.6123 -0.7881  2.7628  0.0610  0.2456  0.0172  0.3497  0.0206 -0.0003  0.1503 0 
 50.5013 -0.6761  1.3807  0.0116  0.0583  0.0117  0.1278  0.0270 -0.0003  0.0421 0 
 45.1789  0.6833 -1.8409  0.0070  0.1225  0.0721  0.3506  0.2048 -0.0003  0.1788 0 
 48.7129 -0.3015 -1.9836  0.0448  0.2419  0.0782  0.2149  0.1629 -0.0003  0.4766 0 
 46.4271  0.2784  1.1443  0.0364  0.3397  0.0903  0.6962  0.0620 -0.0003  0.3866 0 
 47.2602  0.2394 -0.8790  0.0240  0.4986  0.0776  0.4331  0.0699 -0.0003  0.2719 0 
 44.9104 -0.2481  2.2556  0.0102  0.1824  0.0792  0.3951  0.0267 -0.0003  0.1126 0 
 53.7392 -0.6896  0.7771  0.0060  0.2122  0.0552  0.3772  0.0162 -0.0003  0.1086 0 
 47.6875  0.6959 -2.3457  0.0398  0.1645  0.0337  0.3457  0.1237 -0.0003  0.1722 0 
 47.4006  0.0848 -0.6971  0.5561  0.2945  0.0554  0.4328  0.5958 -0.0003  0.9977 1 
 41.9196 -0.0466  2.4360  0.2321  0.6673  0.0351  0.2682  0.1822 -0.0003  0.9059 1 
 50.0099  0.5928 -1.4978  0.0006  0.3426  0.0201  0.2988  0.0859 -0.0003  0.0709 0 
 36.5606 -0.6189  1.5878  0.0226  0.1765  0.0878  0.3248  0.0119 -0.0003  0.1289 0 
 44.2115  0.1925 -1.3779  0.0575  0.2633  0.0508  0.1322  0.1487 -0.0003  0.4481 1 
 39.6735 -0.1894  1.7667  0.3802  0.3260  0.0709  0.1815  0.3174 -0.0003  0.9906 1 
 42.0081  0.4506 -2.8588  0.0360  0.1328  0.0323  0.2681  0.1046 -0.0003  0.1034 0 
 34.7417 -0.4950  0.3100  0.0034  0.1868  0.0664  0.1883  0.0283 -0.0003  0.1165 0 
 63.4226 -0.2510 -1.7844  0.0161  0.0975  0.1068  0.4829  0.0720 -0.0003  0.1040 0 
 41.0376  0.2437  1.4111  0.0481  0.6433  0.0810  0.5845  0.0410 -0.0003  0.3496 0 
 48.6000 -0.6244 -1.0755  0.0656  0.5872  0.0179  0.2580  0.0428 -0.0003  0.2389 0 
 45.1514  0.6281  2.0600  0.0282  0.3729  0.0214  0.1315  0.0952 -0.0003  0.1585 0 
 37.6623  0.6663  2.9210  0.0860  0.8562  0.0226  0.4142  0.1297 -0.0003  0.6557 1 
 34.5068 -0.6596 -0.1724  0.2384  0.7990  0.0302  0.5187  0.4504  0.2099  0.9933 1 
 44.9012  0.3317 -0.0286  0.0537  0.7288  0.0478  0.4829  0.0339 -0.0003  0.4234 0 
 31.2352 -0.3131  3.1280  0.1240  0.1051  0.0270  0.0970  0.1623  0.1805  0.6977 0 
 43.4241 -0.7965 -0.0695  0.0138  0.3541  0.0138  0.3100  0.0114 -0.0003  0.0777 0 
 43.2471  0.7510  3.0455  0.0271  0.5135  0.2690  0.4877  0.0162 -0.0003  0.2653 0 
 45.5940 -0.5469 -1.4066  0.0249  0.2701  0.0972  0.1312  0.0864 -0.0003  0.3822 0 
 44.6784  0.5521  1.7476  0.0520  0.5489  0.1035  0.4396  0.0556  0.4904  0.8812 0 
 54.5663 -0.5450 -2.9630  0.0016  0.4882  0.0230  0.3340  0.0801 -0.0003  0.1003 0 
 48.4657  0.5533  0.1741  0.0027  0.0400  0.0160  0.2582  0.0316 -0.0003  0.0358 0 
 42.7680  0.6299 -1.3831  0.6549  0.2495  0.0662  0.4446  0.7188  0.1145  0.9989 1 
 36.9482 -0.6337  1.7968  0.0515  0.3992  0.0527  0.2776  0.0967 -0.0003  0.4345 1 
 42.2217 -0.4963 -2.8078  0.2905  0.1908  0.0768  0.3569  0.4453  0.3027  0.9974 1 
 41.9501  0.5063  0.3371  0.0287  0.1461  0.0651  0.1788  0.0804  0.4902  0.8977 1 
 56.5927  0.7229 -2.1077  0.0008  0.4726  0.1212  0.5793  0.0389 -0.0003  0.2058 0 
 39.5422 -0.7184  1.0932  0.0063  0.5498  0.0291  0.3179  0.1088 -0.0003  0.1617 0 
 38.8373 -0.7194  0.8471  0.0334  0.0877  0.0701  0.3651  0.0346 -0.0003  0.0939 0 
 38.7823  0.6863 -2.2590  0.0410  0.2949  0.0122  0.1826  0.1002 -0.0003  0.1317 0 
 54.5663  0.6432  2.4308  0.0157  0.7146  0.0521  0.3340  0.0609  0.0996  0.4491 0 
 44.0955 -0.6198 -0.7282  0.0105  0.0545  0.0259  0.2646  0.0191 -0.0003  0.0452 0 
 49.8360 -0.4341  0.9234  0.0012  0.7148  0.0624  0.2991 -0.0200 -0.0003  0.2028 0 
 44.9989  0.4321 -2.2084  0.0353  0.1324  0.0021  0.1316  0.0097 -0.0003  0.0460 0 
 46.3050  0.2857  2.8626  0.3717  0.4553  0.0350  0.4354  0.4982 -0.0003  0.9965 1 
 44.3397 -0.2849 -0.2932  0.0993  0.7198  0.0370  0.5285  0.1900 -0.0003  0.8565 1 
 45.7862  0.7929  0.2099  0.0221  0.3835  0.0572  0.2620  0.0385 -0.0003  0.2409 0 
 45.0141 -0.7907 -2.9342  0.0743  0.6244  0.0481  0.3948  0.0844 -0.0003  0.6068 0 
 47.0191 -0.2091  0.8880  0.0031  0.0499  0.2403  0.2602  0.0163 -0.0003  0.0464 0 
 44.5197  0.2038 -2.2836  0.0463  0.4248  0.0475  0.4400  0.0667  0.2683  0.6933 0 
 55.1644  0.6593  0.1700  0.0155  0.1601  0.1379  0.2915  0.1662 -0.0003  0.2347 0 
 41.4557 -0.6926 -3.0027  0.0331  0.2716  0.0281  0.4035  0.1204 -0.0003  0.2193 0 
 52.2133 -0.3002  2.6667  0.7242  0.3795  0.0715  0.4645  0.8240 -0.0003  0.9983 1 
 48.7831  0.2894 -0.4296  0.5478  0.1640  0.0692  0.4296  0.4551  0.1172  0.9961 1 
 47.9500 -0.2742 -1.8536  0.0171  0.4865  0.0435  0.3884  0.1088 -0.0003  0.2746 0 
 45.1820  0.2564  1.2692  0.0093  0.3839  0.0385  0.4821  0.0648 -0.0003  0.1788 0 
 48.1849  0.7139  2.2963  0.0266  0.8833  0.0878  0.6033  0.0114 -0.0003  0.3422 0 
 47.8950 -0.7279 -0.7908  0.0278  0.0843  0.0745  0.3453  0.0076 -0.0003  0.0840 0 
 52.8237 -0.1252 -1.9716  0.0639  0.1203  0.0363  0.1684  0.0433 -0.0003  0.1085 0 
 42.0966  0.1319  1.1572  0.0097  0.3793  0.0148  0.1786  0.0038 -0.0003  0.1080 0 
 45.1179 -0.2080  2.7123  0.0799  0.3945  0.0374  0.4384  0.0954 -0.0003  0.5358 0 
 42.6551  0.2193 -0.4348  0.0309  0.2233  0.0686  0.3115  0.0689  0.2027  0.4426 0 
 48.6458 -0.2815 -1.8032  0.2841  0.6161  0.0728  0.4299  0.1727 -0.0003  0.9574 1 
 45.7099  0.3259  1.3295  0.0240  0.7185  0.0586  0.4806  0.0572 -0.0003  0.3033 1 
 46.0334  0.3120  2.0730  0.0624  0.1192  0.0142  0.1745  0.0500 -0.0003  0.0629 0 
 42.2065 -0.3086 -1.0838  0.0117  0.0305  0.0353  0.0893  0.0031 -0.0003  0.0834 0 
 51.7311 -0.5076  1.4658  0.1220  0.1951  0.1321  0.3809  0.0847 -0.0003  0.5011 1 
 39.9786  0.5078 -1.7414  0.1769  0.6372  0.0561  0.3170  0.1234 -0.0003  0.8963 1 
 52.5826 -0.7570 -1.1470  0.0122  0.5767  0.0780  0.3793  0.0325 -0.0003  0.2125 0 
 38.3337  0.7268  2.0652  0.0127  0.4348  0.0407  0.2748  0.1270 -0.0003  0.2417 0 
 53.3425 -0.2285  2.3679  0.0262  0.5323  0.0320  0.2100  0.0610 -0.0003  0.1931 0 
 33.5760  0.2077 -0.7735  0.1733  0.6357  0.0303  0.1901  0.1049 -0.0003  0.7226 0 
 45.6031  0.2533 -0.9870  0.0659  0.4600  0.1084  0.4372  0.1634 -0.0003  0.6006 0 
 41.7487 -0.2317  2.1977  0.3608  0.6432  0.0185  0.4027  0.1934 -0.0003  0.9394 0 
 49.4362 -0.5157  1.2718  0.0445  0.2400  0.0644  0.3853  0.0462 -0.0003  0.2450 0 
 45.6153  0.5095 -1.9031  0.0590  0.3557  0.0767  0.4808  0.0364 -0.0003  0.3679 0 
 46.3050 -0.3156 -0.2018  0.0010  0.2679  0.0476  0.3484  0.0059 -0.0003  0.1137 0 
 39.5636  0.3004  2.9424  0.0444  0.3831  0.0169  0.2270  0.0134 -0.0003  0.1401 0 
 50.3243 -0.6405 -0.6599  0.0893  0.1011  0.0175  0.2983  0.0899 -0.0003  0.1287 0 
 45.1759  0.6485  2.4751  0.0676  0.6039  0.0240  0.2629  0.0184 -0.0003  0.3150 0 
 50.6569  0.3442 -2.6288  0.3290  0.6266  0.0531  0.4680  0.3748  0.0552  0.9924 1 
 17.8988 -0.3526  0.5544  0.1133  0.3210  0.0165  0.3474  0.3913  0.0712  0.8676 1 
 50.3883  0.0518  1.8817  0.0721  0.2462  0.0458  0.2982  0.1505 -0.0003  0.4628 0 
 40.8057 -0.0148 -1.2041  0.0457  0.4774  0.0393  0.2251  0.0093 -0.0003  0.3230 0 
 50.3883 -0.3030 -0.2199  0.0232  0.1816  0.0455  0.5112  0.0423 -0.0003  0.1637 0 
 49.5583  0.2889  2.8993  0.0049  0.5510  0.0375  0.3423  0.0375 -0.0003  0.1550 0 
 50.3609  0.2298  0.3769  0.1228  0.1322  0.0445  0.4261  0.1275  0.1168  0.7121 0 
 40.4425 -0.2333 -2.7647  0.0489  0.3433  0.0146  0.0903  0.0363 -0.0003  0.1498 0 
 47.7790  0.5901 -2.4419  0.2851  0.1773  0.0813  0.4319  0.2340 -0.0003  0.9592 1 
 40.8789 -0.5942  0.7253  0.0200  0.4115  0.0257  0.5401  0.0104 -0.0003  0.2144 1 
 49.4118  0.3191 -0.8878  0.0062  0.6024  0.0466  0.4282  0.0209 -0.0003  0.1811 0 
 43.8361 -0.3098  2.2534  0.0022  0.1195  0.1154  0.5743  0.0153 -0.0003  0.1024 0 
 37.0916 -0.5432  2.8495  0.2703  0.4762  0.0228  0.3697  0.2375 -0.0003  0.9123 1 
 18.4054  0.5788 -0.3319  0.2450  0.4604  0.0258  0.1720  0.1830 -0.0003  0.7892 1 
 46.8696  0.6694 -2.3149  0.0892  0.1938  0.0431  0.3907  0.1451  0.1991  0.7617 0 
 42.7802 -0.6730  0.8091  0.1036  0.7651  0.0260  0.2223  0.1002 -0.0003  0.5614 0 
 44.4129 -0.3086  1.6004  0.0772  0.1075  0.0592  0.3082  0.0682 -0.0003  0.1783 0 
 41.9532  0.2920 -1.5876  0.0398  0.1535  0.0414  0.3576  0.0799 -0.0003  0.1430 0 
 44.3580  0.4935  1.2602  0.4262  0.1373  0.0123  0.3523  0.1437 -0.0003  0.8486 0 
 40.4486 -0.4858 -1.8674  0.0387  0.2884  0.0095  0.2257  0.1186 -0.0003  0.1280 0 
 45.8656 -0.5025  1.6680  0.0229  0.8370  0.0414  0.3492 -0.0200  0.2355  0.7076 1 
 32.4712  0.4991 -1.4781  0.3086  0.1872  0.0615  0.2879  0.0980  0.1339  0.8892 1 
 43.9582 -0.1030 -1.2866  0.0632  0.5478  0.0461  0.2649  0.0462 -0.0003  0.4746 0 
 37.1984  0.1234  1.8641  0.0108  0.2758  0.0310  0.5080  0.0246 -0.0003  0.1406 0 
 49.4423 -0.7676 -2.9603  0.0065  0.2310  0.1436  0.6850  0.0328 -0.0003  0.2227 0 
 41.0224  0.7558  0.1394  0.0131  0.4365  0.0287  0.3148  0.0258  0.1392  0.3606 0 
 46.0822  0.2727 -0.7754  0.0458  0.6280  0.2707  0.1744  0.0126 -0.0003  0.2670 0 
 42.4079 -0.2238  2.3458  0.0488  0.3231  0.0193  0.2228  0.0118 -0.0003  0.1440 0 
 52.4025 -0.2867 -1.0750  0.0162  0.2830  0.0631  0.5062  0.0823 -0.0003  0.2211 0 
 46.8971  0.3128  2.0697  0.0354  0.1273  0.0663  0.3906  0.1520 -0.0003  0.2193 0 
 48.3223  0.0626 -2.0207  0.0167  0.5723  0.0763  0.3014  0.0262 -0.0003  0.2443 0 
 44.2267 -0.0544  1.0993  0.0161  0.2718  0.0355  0.3085  0.0589 -0.0003  0.1047 0 
 46.7689  0.0227  2.7823  0.0268  0.4748  0.0847  0.5646  0.0579 -0.0003  0.2824 0 
 35.9716 -0.0173 -0.3566  0.0297  0.2332  0.0416  0.4195  0.0773  0.0791  0.3157 0 
 41.2024 -0.6419  1.7077  0.1135  0.2512  0.0473  0.3144  0.2154 -0.0003  0.7190 1 
 25.6352  0.6702 -1.4591  0.0959  0.4235  0.0556  0.3089  0.1275  0.1132  0.7778 1 
 46.2226 -0.4337  1.7165  0.0316  0.2233  0.0457  0.3049  0.0475 -0.0003  0.1448 1 
 44.5411  0.4562 -1.4258  0.1361  0.4443  0.0339  0.5279  0.1607 -0.0003  0.8288 1 
 50.0984 -0.4961  2.6425  0.1121  0.4890  0.1351  0.3840  0.1076 -0.0003  0.6400 0 
 43.4302  0.4735 -0.4807  0.0045  0.4871  0.0669  0.4871  0.1496 -0.0003  0.2785 0 
 44.1169  0.6444 -2.3934  0.0073  0.4067  0.0570  0.5733  0.1712 -0.0003  0.3068 0 
 39.6582 -0.6339  0.7426  0.0610  0.5911  0.0233  0.3630  0.1306 -0.0003  0.4408 0 
 30.9667 -0.5260  0.6927  0.1189  0.6514  0.0315  0.5351  0.1740 -0.0003  0.8599 1 
 27.2404  0.5316 -2.4552  0.2119  0.4059  0.0284  0.4043  0.2725 -0.0003  0.9236 1 
 46.9306 -0.1336 -1.1868  0.0523  0.1777  0.0400  0.5641  0.0234 -0.0003  0.2657 0 
 45.5848  0.1376  1.9487  0.0170  0.3436  0.0239  0.2623  0.0981 -0.0003  0.1191 0 
 49.1463 -0.2362 -2.3056  0.0863  0.0842  0.0374  0.3859  0.1286 -0.0003  0.2339 0 
 41.6297  0.2596  0.8536  0.0864  0.1762  0.0165  0.3583  0.1350 -0.0003  0.2851 0 
 44.7028  0.2007 -0.6435  0.0320  0.1907  0.0671  0.2197  0.0280 -0.0003  0.1675 0 
 42.6245 -0.1691  2.4701  0.0621  0.1452  0.1458  0.2225  0.0556 -0.0003  0.2371 0 
 45.6214  0.0080 -0.8465  0.0264  0.2419  0.0514  0.1749  0.0104 -0.0003  0.1949 0 
 42.7771 -0.0360  2.3093  0.0272  0.3999  0.0573  0.3557  0.0403 -0.0003  0.2470 0 
 47.2297 -0.5415  1.0528  0.0190  0.1636  0.0781  0.3466  0.0019 -0.0003  0.1176 0 
 43.9368  0.5463 -2.0752  0.0405  0.1561  0.0302  0.3532  0.0817 -0.0003  0.1210 0 
 43.9338  0.7669 -0.3140  0.2631  0.2245  0.0945  0.3532  0.2670 -0.0003  0.9725 1 
 40.5615 -0.7290  2.8230  0.0252  0.3208  0.0429  0.5863  0.1374 -0.0003  0.3524 1 
 44.4495  0.1858  1.1068  0.0180  0.4071  0.1434  0.6602  0.1473 -0.0003  0.3904 0 
 41.5900 -0.2271 -2.0391  0.0109  0.1901  0.1316  0.3584  0.0140 -0.0003  0.1193 0 
 46.1463 -0.2827 -1.0188  0.0041  0.2727  0.0297  0.4794  0.0666 -0.0003  0.1145 0 
 44.6784  0.2764  2.1419  0.0166  0.1872  0.0543  0.2637  0.1132 -0.0003  0.1526 0 
 47.6997  0.0464 -2.8492  0.0160  0.2074  0.0097  0.2592  0.0322  0.1111  0.1827 0 
 45.6733 -0.0493  0.2862  0.0923  0.2274  0.0141  0.2185  0.1159 -0.0003  0.2202 0 
 43.3234 -0.4371 -1.7847  0.3577  0.2422  0.0512  0.4431  0.5588 -0.0003  0.9974 1 
 38.1445  0.4555  1.3234  0.6486  0.7487  0.0229  0.3210  0.4783 -0.0003  0.9978 1 
 49.3843 -0.0034  1.5440  0.0102  0.3054  0.0476  0.3854  0.0500 -0.0003  0.1413 0 
 42.7802  0.0124 -1.5823  0.0338  0.4784  0.0143  0.2223  0.0353 -0.0003  0.1240 0 
 49.0364 -0.6544  2.2303  0.5592  0.5962  0.0594  0.4719  0.7769 -0.0003  0.9984 1 
 44.7822  0.6638 -0.9223  0.2208  0.3632  0.0556  0.3075  0.3653  0.2090  0.9826 1 
 53.1655 -0.3117  2.0293  0.0048  0.1599  0.0121  0.2522  0.0733 -0.0003  0.0378 0 
 46.0731  0.2888 -1.0817  0.0024  0.0760  0.0236  0.1744  0.0714 -0.0003  0.0453 0 
 48.6885  0.6373 -2.6896  0.0022  0.1854  0.0109  0.3008  0.0716 -0.0003  0.0373 0 
 32.5902 -0.6285  0.4590  0.0220  0.3247  0.0045  0.2876  0.0439 -0.0003  0.0631 0 
 51.4717 -0.5279 -2.3547  0.0381  0.2038  0.0728  0.3814  0.0305 -0.0003  0.1911 0 
 46.8421  0.4988  0.7871  0.0349  0.1315  0.0372  0.2171  0.0052 -0.0003  0.0864 0 
 40.1984  0.5747  0.3721  0.0366  0.3508  0.0391  0.0904  0.0008 -0.0003  0.3264 0 
 38.5718 -0.5853 -2.8225  0.0662  0.0909  0.0274  0.2743  0.0112 -0.0003  0.0786 0 
 48.6397  0.1401 -1.2043  0.0540  0.2029  0.0229  0.3009  0.0170  0.0730  0.2800 0 
 46.5522 -0.1300  1.9241  0.0034  0.1170  0.0407  0.3044  0.0068 -0.0003  0.0631 0 
 51.7342  0.1504  1.9714  0.0061  0.6552  0.0935  0.3386  0.0338 -0.0003  0.2256 0 
 45.0019 -0.1559 -1.1574  0.0013  0.2844  0.0159  0.2194  0.0430 -0.0003  0.0551 0 
 48.7984  0.6695 -0.1206  0.0007  0.7172  0.1689  0.5584  0.5216 -0.0003  0.9662 1 
 42.6703 -0.6432  2.9812  0.1019  0.2633  0.1282  0.3114  0.0070 -0.0003  0.4228 1 
 43.2319 -0.0725 -2.8212  0.0032  0.2303  0.0240  0.4877  0.1931 -0.0003  0.1861 0 
 40.3815  0.0776  0.3659  0.0365  0.3002  0.1190  0.2258  0.1074 -0.0003  0.4150 0 
 50.2480  0.0773 -2.2262  0.0177  0.1458  0.2079  0.3411  0.0707 -0.0003  0.1408 0 
 47.3610 -0.0793  0.8680  0.0249  0.0966  0.0292  0.4762  0.0272 -0.0003  0.0925 0 
 52.1706 -0.6680 -2.5281  0.0370  0.2164  0.0467  0.4223  0.0159 -0.0003  0.1842 0 
 38.6389  0.6534  0.6209  0.0607  0.7065  0.0246  0.5027  0.0051 -0.0003  0.4539 0 
 46.3905 -0.1739  2.4788  0.0170  0.1194  0.0174  0.3046  0.0319 -0.0003  0.0418 0 
 41.8250  0.1983 -0.6561  0.0143  0.1539  0.0366  0.1789  0.0345 -0.0003  0.0696 0 
 48.1025 -0.5713 -2.8576  0.0169  0.5168  0.0437  0.3881  0.0884 -0.0003  0.2529 0 
 46.8635  0.5748  0.2925  0.0767  0.3972  0.0537  0.1736  0.0768 -0.0003  0.5304 0 
 49.9580 -0.5098  2.5262  0.0390  0.3057  0.0546  0.1708  0.0954 -0.0003  0.3410 0 
 46.3813  0.5248 -0.6275  0.0629  0.3148  0.0626  0.5658  0.1288 -0.0003  0.5357 0 
 47.9438  0.2258 -1.5025  0.0092  0.2354  0.1611  0.3452  0.0086 -0.0003  0.1515 0 
 42.5849 -0.2282  1.6487  0.1195  0.6750  0.0068  0.2226  0.0704 -0.0003  0.4226 0 
 47.2908  0.6540 -1.8739  0.0509  0.1356  0.1353  0.4331  0.2333 -0.0003  0.4870 0 
 43.2502 -0.6730  1.2848  0.0410  0.1794  0.0167  0.2660  0.0187 -0.0003  0.0669 0 
 45.2552  0.2494 -0.9925  0.4011  0.6518  0.0648  0.6133  0.6052 -0.0003  0.9978 1 
 35.5627 -0.2955  2.1274  0.3133  0.3996  0.0840  0.3274  0.2674  0.5174  0.9995 1 
 46.5278 -0.1320 -0.4576  1.1850  0.3452  0.0552  0.3479  0.7705 -0.0003  0.9951 1 
 45.3742  0.1319  2.7100  0.1386  0.7019  0.0302  0.3940  0.1209 -0.0003  0.7929 1 
 47.2633 -0.7097 -1.4230  0.0045  0.3477  0.0258  0.2599  0.0035 -0.0003  0.1012 0 
 40.5097  0.7174  1.6720  0.0501  0.5248  0.0345  0.2256  0.0401 -0.0003  0.2906 0 
 48.0262  0.0942 -1.3145  0.0401  0.1592  0.0603  0.2588  0.0419 -0.0003  0.1418 0 
 40.3937 -0.0849  1.7666  0.0072  0.5145  0.0561  0.6321  0.0839 -0.0003  0.2431 0 
 41.3794 -0.7344  0.6384  0.0177  0.4192  0.0203  0.5383  0.0196 -0.0003  0.1945 0 
 39.0570  0.7252 -2.5203  0.0028  0.3255  0.0612  0.4557  0.0333 -0.0003  0.1475 0 
 47.2847  0.2364 -1.3482  0.0988  0.2402  0.0469  0.4764  0.0635 -0.0003  0.4659 0 
 41.4343 -0.2111  1.8069  0.0947  0.4358  0.0146  0.2242  0.0768  0.1275  0.5560 0 
 46.8696  0.3341  1.2268  0.0023  0.4687  0.2373  0.6511  0.0869 -0.0003  0.2871 0 
 45.6245 -0.3711 -1.9329  0.0509  0.2152  0.0923  0.3060  0.0165 -0.0003  0.2297 0 
 58.7381  0.4007 -0.6979  0.0270  0.1682  0.2323  0.3690  0.0200 -0.0003  0.1707 0 
 46.2165 -0.3969  2.4668  0.0133  0.1628  0.0699  0.4357  0.0389 -0.0003  0.1162 0 
 42.6093 -0.7086 -0.5706  0.1510  0.3596  0.0438  0.4006  0.2598  0.2782  0.9814 1 
 33.4783  0.7559  2.5931  0.0405  0.5004  0.0453  0.2378  0.0976 -0.0003  0.3846 1 
 45.2735  0.5958 -2.1022  0.1231  0.5784  0.0170  0.2628  0.0671 -0.0003  0.4466 0 
 40.2991 -0.5945  1.0478  0.0670  0.0639  0.0271  0.3615  0.1014 -0.0003  0.1174 0 
 51.5389 -0.2322  2.7663  0.0630  0.5194  0.2146  0.4236  0.0346 -0.0003  0.3611 0 
 36.6735  0.2241 -0.4020  0.0351  0.3643  0.0298  0.1854  0.0853 -0.0003  0.1869 0 
 39.4903  0.7176  1.8833  0.0717  0.3109  0.0379  0.3634  0.0302 -0.0003  0.3259 0 
 33.6217 -0.6966 -1.1451  0.0255  0.6452  0.0118  0.0950  0.0046 -0.0003  0.1548 0 
 46.7720 -0.3344  0.5397  0.1414  0.1855  0.0460  0.9120  0.4508 -0.0003  0.9819 1 
 45.4810  0.3267 -2.6275  0.2325  0.2272  0.0331  0.3062  0.4608 -0.0003  0.9728 1 
 41.6297  0.0915 -0.1381  0.0170  0.2550  0.0156  0.3135  0.0141 -0.0003  0.0632 0 
 39.1424 -0.0876  3.0153  0.0092  0.3360  0.0277  0.4098  0.0325 -0.0003  0.1084 0 
 57.4319  0.0601 -2.0451  0.0174  0.3691  0.0771  0.2886  0.0185 -0.0003  0.2202 0 
 46.8147 -0.0388  1.0543  0.0092  0.5960  0.0896  0.2605  0.0099 -0.0003  0.2194 0 
 47.5715 -0.7188  2.4027  0.0000  0.4573  0.0229  0.1729  0.1630 -0.0003  0.1721 0 
 43.1617  0.7185 -0.7427  0.0541  0.3725  0.0775  0.3549  0.3161 -0.0003  0.7747 0 
 49.4636  0.3648 -1.9032  0.0080  0.3883  0.0323  0.2997  0.1163 -0.0003  0.1517 0 
 48.2033 -0.3572  1.2205  0.0039  0.2789  0.0840  0.5171  0.0809 -0.0003  0.1757 0 
 46.3203 -0.2780 -1.0910  0.0159  0.1634  0.0248  0.1742  0.0473 -0.0003  0.0579 0 
 46.2104  0.2810  2.0236  0.1429  0.0753  0.2474  0.1743  0.0269 -0.0003  0.3602 0 
 43.2502 -0.1774 -2.1213  0.4719  0.6184  0.1204  0.1773  0.1780 -0.0003  0.9926 1 
 38.8952  0.1614  1.0731  0.4218  0.7748  0.0581  0.3193  0.4451 -0.0003  0.9967 1 
 51.1788 -0.7291  2.2746  0.0656  0.5969  0.0836  0.4244  0.0665  0.0040  0.4481 0 
 42.9786  0.7279 -0.8145  0.0909  0.2702  0.0087  0.0444  0.0486 -0.0003  0.1654 0 
 43.5645 -0.6975  0.7666  0.1465  0.6491  0.0779  0.3982  0.2123  0.4333  0.9963 1 
 36.6552  0.7059 -2.3429  0.2849  0.6422  0.0213  0.4173  0.4699 -0.0003  0.9921 1 
 53.1380  0.2273  1.8765  0.0727  0.1268  0.0996  0.3783  0.0285 -0.0003  0.2112 0 
 35.4131 -0.2216 -1.2840  0.0320  0.5912  0.0512  0.4682  0.0480 -0.0003  0.3049 0 
 42.6673 -0.7506  1.9919  0.2563  0.5948  0.0366  0.3115  0.3102  0.0672  0.9720 1 
 23.4806  0.7203 -1.2652  0.3040  0.5900  0.0214  0.4762  0.4810 -0.0003  0.9936 1 
 44.2603 -0.6811  1.1761  0.0082  0.2871  0.0440  0.5728  0.0263  0.0484  0.2166 0 
 37.7935  0.6790 -1.9886  0.1310  0.4928  0.0433  0.3678  0.1772  0.1395  0.8696 0 
 47.2694 -0.3064 -1.6091  0.5130  0.7422  0.0348  0.3032  0.5222 -0.0003  0.9976 1 
 45.5817  0.2944  1.5195  0.4915  0.5584  0.0356  0.4809  0.7325 -0.0003  0.9984 1 
 47.2908 -0.4612 -2.3090  0.2758  0.6055  0.0758  0.4331  0.3398  0.1475  0.9878 1 
 37.6715  0.4722  0.8368  0.0107  0.2684  0.0247  0.2761  0.0998 -0.0003  0.0882 1 
 46.5888  0.6631 -3.0472  0.0007  0.2180  0.0785  0.5217  0.0604 -0.0003  0.1355 0 
 44.9073 -0.6627  0.0973  0.0065  0.1144  0.0101  0.1756  0.0201 -0.0003  0.0370 0 
 48.9876  0.1386  0.8843  0.0029  0.3376  0.0670  0.5579  0.1666 -0.0003  0.2607 0 
 41.6724 -0.1672 -2.2520  0.0108  0.1387  0.0337  0.1791  0.1745 -0.0003  0.1582 0 
 48.1483 -0.7615  2.0219  0.0219  0.2328  0.0209  0.2586  0.0534 -0.0003  0.0680 0 
 37.2015  0.7599 -1.1111  0.0306  0.3625  0.0229  0.2309  0.0096 -0.0003  0.1402 0 
 40.0763  0.1684 -0.1744  0.1817  0.3416  0.1232  0.2715  0.2814  0.7394  0.9990 1 
 36.6491 -0.3082  3.0239  0.0112  0.3743  0.1094  0.6028  0.0352  0.5191  0.6124 1 
 45.2033 -0.1911  1.2707  0.0623  0.3474  0.0229  0.2191  0.0336 -0.0003  0.1815 0 
 41.8250  0.1878 -1.8849  0.0338  0.6084  0.0728  0.5368  0.0203 -0.0003  0.2791 0 
 45.2003 -0.2835  1.2423  0.0010  0.3737  0.0229  0.3944  0.0695 -0.0003  0.0845 1 
 32.3644  0.2804 -1.8723  0.1668  0.3065  0.0721  0.3362  0.0370  0.5233  0.9967 1 
 45.4292  0.6093  2.7671  0.1466  0.4354  0.0355  0.4376  0.0491 -0.0003  0.6347 1 
 44.3153 -0.6131 -0.3207  0.0121  0.2312  0.0996  0.5286  0.0552 -0.0003  0.1800 1 
 53.2479  0.4835 -0.2760  0.2481  0.1409  0.0176  0.1680  0.1423 -0.0003  0.5647 0 
 39.0723 -0.4891  2.9014  0.0942  0.2421  0.0414  0.3189  0.1767 -0.0003  0.5742 0 
 44.6876 -0.4435 -0.2666  0.0874  0.4659  0.0640  0.2197  0.0828 -0.0003  0.6573 0 
 44.3946  0.4617  2.8592  0.0618  0.3930  0.0189  0.3522  0.0079 -0.0003  0.2402 0 
 44.7242 -0.4778  1.7499  0.0170  0.4351  0.1361  0.6152  0.0089 -0.0003  0.2401 0 
 43.4791  0.4997 -1.4147  0.0074  0.1342  0.0744  0.3099  0.1531 -0.0003  0.1466 0 
 45.7527 -0.1619 -1.9465  0.0435  0.4965  0.0223  0.2621  0.0562 -0.0003  0.1803 0 
 38.7366  0.0794  1.1771  0.1279  0.0995  0.0949  0.4110  0.2785  0.3024  0.9020 0 
 49.7658  0.2915 -2.8392  0.0527  0.2914  0.1276  0.3847  0.2199 -0.0003  0.6196 0 
 45.9205 -0.2654  0.2998  0.0334  0.0526  0.0306  0.4364  0.0955 -0.0003  0.1013 0 
 39.4812  0.7717 -1.5832  0.2850  0.7706  0.0754  0.4997  0.0912 -0.0003  0.9192 1 
 39.0082 -0.7691  1.5380  0.0402  0.5176  0.0912  0.4558  0.0584 -0.0003  0.3146 1 
 56.8002 -0.6491  1.8449  0.1852  0.3846  0.0519  0.3307  0.0357  0.0690  0.7485 0 
 56.6567  0.6392 -1.3343  0.0340  0.2924  0.0365  0.2896  0.0234 -0.0003  0.1614 0 
 52.9335 -0.3674  0.3138  0.0481  0.3271  0.2106  0.4207  0.1580 -0.0003  0.5098 0 
 44.3519  0.3387 -2.8577  0.0041  0.3096  0.0466  0.1762  0.0173 -0.0003  0.1658 0 
 46.4790 -0.2937  0.9773  0.1405  0.4222  0.1326  0.4785  0.1524 -0.0003  0.8194 0 
 29.3370  0.2974 -2.1492  0.0277  0.1646  0.0054  0.2472  0.0805 -0.0003  0.0483 0 
 51.2123  0.4264 -0.8180  0.0421  0.4110  0.0632  0.5940  0.0245 -0.0003  0.3325 0 
 44.1657 -0.4335  2.3394  0.0074  0.4305  0.0681  0.2204  0.0027 -0.0003  0.2587 0 
 46.1311 -0.6698  1.3556  0.0007  0.5267  0.0191  0.3051  0.2294 -0.0003  0.2366 0 
 42.4872  0.6617 -1.7755  0.0293  0.0596  0.0134  0.2227  0.0256  0.1341  0.2130 0 
 46.5797 -0.5006  2.6089  0.0305  0.4563  0.1498  0.5652  0.0880 -0.0003  0.3238 0 
 39.6124  0.5083 -0.5518  0.0055  0.4091  0.0454  0.1816  0.0892 -0.0003  0.2072 0 
 45.3590  0.1140  0.1619  0.1495  0.2792  0.0395  0.4378  0.3122 -0.0003  0.8964 0 
 44.2542 -0.0901 -3.0202  0.0773  0.3306  0.0181  0.3084  0.1412 -0.0003  0.3299 0 
 49.7047  0.0515  1.7355  0.0294  0.3052  0.0618  0.5558  0.0273 -0.0003  0.2575 0 
 45.7069 -0.0206 -1.3886  0.0155  0.5360  0.1169  0.8301  0.0297 -0.0003  0.3004 0 
 45.6550 -0.2408  0.6457  0.0388  0.5758  0.0679  0.3934  0.0882 -0.0003  0.3983 0 
 39.5239  0.2509 -2.4811  0.1133  0.2695  0.0317  0.1817  0.0662 -0.0003  0.3708 0 
 53.5409 -0.2312  2.1255  0.0668  0.5662  0.1624  0.4615  0.0090 -0.0003  0.3407 0 
 49.8024  0.2014 -1.0180  0.0659  0.2265  0.1365  0.5555  0.0197 -0.0003  0.3513 0 
 47.0222 -0.2700 -1.7902  0.0192  0.3613  0.0246  0.3469  0.0154 -0.0003  0.1211 0 
 46.7170  0.2702  1.3734  0.0051  0.3596  0.0317  0.4344  0.0889 -0.0003  0.1377 0 
 44.6876  0.5959  2.8846  0.1613  0.3303  0.0312  0.2637  0.1953  0.2114  0.9409 1 
 36.2188 -0.6306 -0.2409  0.0429  0.4636  0.0197  0.2791  0.0120 -0.0003  0.1750 1 
 47.8889 -0.0906  1.9614  0.0036  0.3062  0.0490  0.3885  0.0200 -0.0003  0.1292 0 
 45.6886  0.1124 -1.1748  0.0024  0.7058  0.0599  0.3496  0.0333 -0.0003  0.2099 0 
 54.4930  0.5681 -2.5250  0.0167  0.1484  0.0453  0.3342  0.1621 -0.0003  0.1599 0 
 47.0344 -0.5579  0.6005  0.0226  0.6998  0.0823  0.3903  0.0324 -0.0003  0.2719 0 
 50.8095 -0.3222  1.2170  0.0230  0.1651  0.0241  0.0850  0.0333 -0.0003  0.0931 0 
 46.9123  0.3188 -1.9366  0.0290  0.5603  0.0573  0.4340  0.1159 -0.0003  0.3923 0 
 57.5357  0.3042  0.6371  0.0233  0.6751  0.1220  0.4945  0.0275 -0.0003  0.2782 0 
 45.6184 -0.2664 -2.4639  0.0000  0.4663  0.0482  0.3934  0.1750 -0.0003  0.3041 0 
 45.7954  0.0306 -2.5674  0.1178  0.4702  0.0341  0.3057  0.2579 -0.0003  0.8245 1 
 34.2168 -0.0096  0.5765  0.0534  0.6133  0.0779  0.3782  0.1636 -0.0003  0.6464 1 
 46.4759 -0.3785 -0.6501  0.0341  0.4735  0.0193  0.2610  0.1144 -0.0003  0.1801 0 
 40.9216  0.3632  2.4899  0.0042  0.4548  0.0211  0.2699  0.0449 -0.0003  0.0899 0 
 47.5593 -0.4224  0.5572  0.0160  0.6231  0.0392  0.3459  0.0289 -0.0003  0.2147 0 
 43.0518  0.4229 -2.6029  0.0373  0.5826  0.0390  0.3551  0.0544 -0.0003  0.3197 0 
 41.6480  0.2588  1.1925  0.8252  0.1921  0.0380  0.2687  0.4207 -0.0003  0.9858 1 
 36.7956 -0.2605 -1.9662  0.2463  0.4873  0.0622  0.4632  0.3037 -0.0003  0.9846 1 
 43.3600  0.0299  0.6874  0.1009  0.0483  0.0699  0.1772  0.0860 -0.0003  0.1385 1 
 43.2807  0.0160 -2.4618  0.1122  0.2589  0.0778  0.4433  0.0923 -0.0003  0.5627 1 
 55.1431  0.0232 -2.7808  0.0048  0.2347  0.0730  0.3332  0.0572 -0.0003  0.1259 0 
 44.8066 -0.0201  0.3550  0.0280  0.6127  0.0272  0.3953  0.0233 -0.0003  0.2281 0 
 53.0159 -0.1401 -0.8573  0.0301  0.4400  0.2517  0.5888  0.1074 -0.0003  0.3674 0 
 45.3437  0.1179  2.2726  0.0656  0.6727  0.0185  0.2627  0.0944 -0.0003  0.3190 0 
 39.9969 -0.1347  0.1914  0.0437  0.2684  0.0434  0.2264  0.0107 -0.0003  0.2152 0 
 39.8688  0.1329 -2.9170  0.0046  0.1782  0.0822  0.5891  0.1505 -0.0003  0.2104 0 
 48.7007  0.4591 -0.0606  0.0642  0.6162  0.0377  0.3008  0.0971 -0.0003  0.5084 0 
 29.4133 -0.4423  2.9549  0.0204  0.3840  0.0399  0.3951  0.0085 -0.0003  0.1947 0 
 43.6591  0.7507 -1.1086  0.0584  0.3257  0.0544  0.3538  0.1807 -0.0003  0.5578 1 
 42.3926 -0.7521  2.0714  0.4831  0.3270  0.0345  0.4903  0.7375 -0.0003  0.9984 1 
 48.7160  0.4626 -1.9898  0.7905  0.2341  0.0736  0.3868  0.9525 -0.0003  0.9965 1 
 39.4812 -0.4421  1.1593  0.2003  0.1426  0.0419  0.3180  0.1826  0.2720  0.9738 1 
 55.2346  0.3700  1.0195  0.1763  0.3091  0.0472  0.4163  0.0795 -0.0003  0.6636 0 
 45.2583 -0.3709 -2.1339  0.0000  0.1560  0.0208  0.3066  0.0093 -0.0003  0.0439 0 
 47.4464  0.3780 -0.5207  0.0000  0.0364  0.0150  0.0865  0.0649 -0.0003  0.0512 0 
 43.2105 -0.3778  2.6181  0.0175  0.0558  0.0219  0.1774  0.0030 -0.0003  0.0520 0 
 42.6612 -0.1333  3.1294  0.0026  0.1114  0.0815  0.4450  0.0436 -0.0003  0.0784 0 
 41.1231  0.0932 -0.0685  0.0200  0.3908  0.0481  0.3595  0.0009 -0.0003  0.2125 0 
 48.1727 -0.0278 -0.9010  0.0263  0.6480  0.0338  0.2586  0.0301  0.1572  0.5369 0 
 48.1056  0.0465  2.2392  0.0016  0.4581  0.0344  0.2587  0.0496 -0.0003  0.1223 0 
 51.2215  0.6089 -0.8953  0.0100  0.3093  0.0592  0.2970  0.1063 -0.0003  0.2081 0 
 49.1890 -0.6180  2.1801  0.0063  0.2484  0.0286  0.3858  0.1415 -0.0003  0.1273 0 
 48.1239 -0.5518 -2.6823  0.0925  0.2853  0.0330  0.5604  0.0416 -0.0003  0.4793 0 
 46.7353  0.5532  0.4740  0.0197  0.2635  0.0089  0.1303  0.0054 -0.0003  0.0915 0 
 64.9332  0.6349 -1.5278  0.0084  0.1795  0.0978  0.2001  0.0482 -0.0003  0.1387 0 
 30.4601 -0.6246  1.6337  0.1594  0.1655  0.0658  0.3422  0.1949  0.1739  0.8924 0 
 45.2491  0.4995 -2.7053  0.0251  0.0696  0.0462  0.3067  0.0538 -0.0003  0.0713 0 
 44.6357 -0.4934  0.4300  0.0075  0.7605  0.0574  0.3957  0.0606 -0.0003  0.2503 0 
 48.6000  0.2257  1.6839  0.0116  0.1050  0.0579  0.5160  0.0816 -0.0003  0.1191 0 
 42.5422 -0.2037 -1.5018  0.0016  0.2505  0.0400  0.3117  0.0683 -0.0003  0.0810 0 
 56.2844  0.1158 -2.7448  0.0155  0.0250  0.1366  0.3315  0.0782 -0.0003  0.0508 0 
 45.9907 -0.1270  0.4006  0.0122  0.4213  0.0217  0.1745  0.0110 -0.0003  0.1358 0 
 48.0293 -0.3907 -2.4587  0.0249  0.1502  0.1158  0.3882  0.1230 -0.0003  0.1886 0 
 42.8687  0.4262  0.6908  0.0572  0.2542  0.0207  0.1333  0.0899 -0.0003  0.1794 0 
 44.7883 -0.6945  1.8923  0.0444  0.4463  0.0796  0.4832  0.0036 -0.0003  0.2863 0 
 41.9318  0.7441 -1.2406  0.0468  0.4763  0.0182  0.2235  0.0921 -0.0003  0.1833 0 
 46.9032 -0.6441  2.9455  0.0143  0.6184  0.0268  0.3038  0.0516 -0.0003  0.1497 0 
 43.5554  0.6456 -0.2070  0.0205  0.1752  0.0723  0.4425  0.0118 -0.0003  0.1363 0 
 47.9194  0.6262 -2.5436  0.0551  0.5625  0.0882  0.4316  0.0250  0.2617  0.6564 0 
 44.0223 -0.6212  0.6178  0.0219  0.1728  0.0692  0.4412  0.0666 -0.0003  0.1560 0 
 52.0272 -0.5942 -1.4872  0.0871  0.4683  0.0255  0.3803  0.0652 -0.0003  0.4636 0 
 41.2879  0.5941  1.6297  0.0653  0.2615  0.0157  0.3591  0.0253 -0.0003  0.1655 0 
 46.5156  0.7839 -0.7052  0.0097  0.6915  0.1143  0.4349  0.0284 -0.0003  0.2508 0 
 42.9450 -0.7835  2.4822  0.0608  0.1923  0.0348  0.2665  0.0991 -0.0003  0.2170 0 
 39.6613  0.6713  1.2963  0.0560  0.1141  0.0414  0.3176  0.1520 -0.0003  0.2156 0 
 35.8892 -0.6426 -1.8436  0.0147  0.6277  0.0732  0.5597  0.2164 -0.0003  0.4864 0 
 50.2693  0.1891  0.3871  0.0103  0.1533  0.0745  0.2558  0.0314 -0.0003  0.0989 0 
 44.5380 -0.2642 -2.7734  0.1517  0.4023  0.0285  0.4399  0.1446 -0.0003  0.7692 0 
 54.4717 -0.1424  2.4561  0.0327  0.4731  0.0541  0.2506  0.0095 -0.0003  0.3184 0 
 47.8340  0.1401 -0.6941  0.1332  0.4661  0.0582  0.3454  0.0545 -0.0003  0.6657 0 
 62.6566 -0.5819  0.0795  0.0177  0.2752  0.0880  0.4440  0.2419 -0.0003  0.3999 0 
 47.1656  0.6129 -3.0562  0.0262  0.2912  0.1706  0.4767  0.0731 -0.0003  0.2726 0 
 43.0671  0.1140  1.9134  0.0157  0.5983  0.0293  0.2663  0.0331 -0.0003  0.1637 0 
 41.5747 -0.0776 -1.2278  0.0421  0.3514  0.0232  0.2688  0.2526 -0.0003  0.4125 0 
 39.2981  0.4517 -0.3476  0.0170  0.3947  0.0652  0.2729  0.0119 -0.0003  0.2360 0 
 32.2820 -0.4455  2.7902  0.0700  0.2492  0.0586  0.3365  0.0128 -0.0003  0.3036 0 
 50.5684 -0.7577  2.3344  0.0763  0.2645  0.0416  0.2980  0.0129 -0.0003  0.2942 0 
 40.4913  0.7277 -0.7859  0.0150  0.1776  0.1181  0.2707  0.1350 -0.0003  0.2125 0 
 49.5552  0.6910  0.9786  0.0111  0.4057  0.1369  0.5134  0.0096 -0.0003  0.2065 0 
 42.2827 -0.6524 -2.1860  0.0678  0.2024  0.0310  0.1338  0.0668 -0.0003  0.2093 0 
 49.9641 -0.2720 -0.1656  0.0000  0.1796  0.0491  0.1281  0.0850 -0.0003  0.1175 0 
 46.4057  0.2698  2.9869  0.0648  0.5359  0.0186  0.3046  0.1611 -0.0003  0.3855 0 
 54.1329  0.3974  1.5580  0.0538  0.6805  0.2003  0.7531  0.1025 -0.0003  0.4711 0 
 45.4597 -0.3964 -1.6004  0.0662  0.2626  0.1026  0.2188  0.0329 -0.0003  0.3728 0 
 44.6296 -0.7616  0.1604  0.0266  0.6038  0.1874  0.6155  0.1590  0.7326  0.9452 1 
 40.0854  0.7966 -2.9482  0.0003  0.6819  0.0463  0.2715  0.0855  0.3957  0.9485 1 
 50.0191  0.6369  1.8082  0.1285  0.1672  0.0551  0.2988  0.0960 -0.0003  0.4739 0 
 47.2267 -0.6049 -1.3676  0.0019  0.1786  0.0272  0.4332  0.0902 -0.0003  0.0766 0 
 45.4414 -0.6785 -2.7067  0.0146  0.5423  0.0264  0.4813  0.0223 -0.0003  0.1896 0 
 35.9350  0.6735  0.4444  0.0579  0.1790  0.0490  0.2331  0.0070 -0.0003  0.1848 0 
 49.6803 -0.2201  2.6348  0.1328  0.5187  0.0990  0.5131  0.3059 -0.0003  0.9550 1 
 41.8402  0.2087 -0.4777  0.1671  0.4676  0.0572  0.4025  0.1840  0.4772  0.9983 1 
 47.7516  0.5418  3.1276  0.0045  0.1290  0.0667  0.3456  0.0811 -0.0003  0.0872 0 
 45.3284 -0.5329  0.0056  0.1078  0.5649  0.0445  0.4817  0.1749 -0.0003  0.8313 0 
 47.0619 -0.3936 -2.3444  0.0068  0.1656  0.0483  0.4336  0.0906 -0.0003  0.1111 0 
 29.1569  0.3698  0.7362  0.0096  0.6992  0.0294  0.1981  0.0789 -0.0003  0.1739 0 
 51.4351  0.0494  2.4175  0.0363  0.6024  0.0800  0.3391  0.0140 -0.0003  0.2809 0 
 49.9245 -0.0700 -0.7292  0.0345  0.0693  0.2487  0.2562  0.0218 -0.0003  0.0675 0 
 52.8206 -0.5957 -1.7614  0.0009  0.0932  0.0106  0.1263  0.0412 -0.0003  0.0398 0 
 45.1545  0.5904  1.3819  0.0450  0.1095  0.0762  0.3945  0.1111 -0.0003  0.1898 0 
 43.4882  0.1715  1.6060  0.0030  0.6814  0.0313  0.3099  0.1503 -0.0003  0.2345 0 
 41.9623 -0.1901 -1.5514  0.0176  0.3427  0.0540  0.5810  0.0700  0.0321  0.2968 0 
 36.5209 -0.7936  1.9792  0.0119  0.3242  0.0434  0.2321  0.0145 -0.0003  0.1573 1 
 30.2495  0.8084 -1.2659  0.0860  0.2530  0.0421  0.5878  0.1324  0.0395  0.6644 1 
 43.1617 -0.1727 -0.2985  0.0006  0.1136  0.0224  0.2218  0.0631 -0.0003  0.0398 0 
 40.9094  0.2270  2.8276  0.0824  0.4548  0.0176  0.1800  0.1006  0.2170  0.7631 0 
 48.0201  0.7189 -0.7167  0.0791  0.1742  0.2425  0.4745  0.0196 -0.0003  0.3536 0 
 45.0324 -0.7168  2.4596  0.0754  0.3339  0.0743  0.4386  0.0803 -0.0003  0.4769 0 
 46.8330  0.5566 -2.3455  0.0160  0.1439  0.0391  0.4341  0.0631 -0.0003  0.1004 0 
 31.8547 -0.5705  0.7650  0.0151  0.4582  0.0149  0.2412  0.1144 -0.0003  0.1259 0 
 46.6346  0.5225  1.4779  0.0725  0.1447  0.0557  0.2173  0.1063  0.1533  0.5329 0 
 44.3824 -0.5133 -1.6480  0.0332  0.0852  0.2197  0.2642  0.1201 -0.0003  0.1397 0 
 45.3712 -0.4088 -2.6834  0.0216  0.1822  0.0713  0.2627  0.0369 -0.0003  0.1333 0 
 32.5017  0.4162  0.4855  0.0019  0.4896  0.0524  0.1919  0.0113 -0.0003  0.2649 0 
 47.9591 -0.5366  0.7315  0.0052  0.7816  0.0244  0.3883  0.0350 -0.0003  0.1400 0 
 46.5095  0.5428 -2.4322  0.0112  0.1216  0.0668  0.2610  0.0208 -0.0003  0.0844 0 
 40.9613 -0.7826  1.5405  0.0045  0.2465  0.0705  0.4948  0.0762 -0.0003  0.1568 0 
 38.5962  0.8004 -1.5567  0.1518  0.2753  0.0182  0.4571  0.1625 -0.0003  0.7138 0 
 45.9663 -0.3677  1.1528  0.2900  0.7533  0.0630  0.3926  0.3604  0.0700  0.9922 1 
 44.2878  0.3230 -2.0260  0.2635  0.4061  0.1094  0.4846  0.3168 -0.0003  0.9922 1 
 36.7254 -0.1371 -2.4327  0.0768  0.3429  0.1134  0.6025  0.0234 -0.0003  0.4216 1 
 35.6054  0.1225  0.7576  0.1265  0.4679  0.0510  0.5610  0.0671 -0.0003  0.6683 1 
 47.2145 -0.5417 -2.2752  0.0002  0.2899  0.0979  0.7365  0.0438 -0.0003  0.2228 0 
 42.9786  0.5187  0.8655  0.0469  0.2891  0.0322  0.4885  0.0196 -0.0003  0.2637 0 
 46.8544 -0.3126  1.1687  0.0472  0.6557  0.0306  0.3039  0.0770 -0.0003  0.3267 0 
 46.8330  0.3126 -1.9705  0.0112  0.5835  0.0451  0.3908  0.1146 -0.0003  0.2855 0 
 51.4900 -0.4869 -1.5481  0.0197  0.1719  0.0508  0.3813  0.0781 -0.0003  0.1265 0 
 48.7922  0.4956  1.6022  0.0728  0.4011  0.0287  0.2577  0.0237 -0.0003  0.2926 0 
 44.8249 -0.0408  1.8075  0.0782  0.7770  0.0409  0.2196  0.0494 -0.0003  0.5764 0 
 19.2081  0.0914 -1.1915  0.0731  0.1811  0.0670  0.2825  0.0513  0.5072  0.9572 0 
 48.1025 -0.7756  1.1249  0.0635  0.4632  0.0555  0.3881  0.2272 -0.0003  0.7339 0 
 39.4324  0.7827 -1.9847  0.0411  0.4173  0.0654  0.4545  0.1209 -0.0003  0.4257 0 
 52.8603  0.6780  1.3142  0.0103  0.1595  0.0530  0.3367  0.0190 -0.0003  0.0884 0 
 40.6378 -0.6730 -1.7461  0.0113  0.1998  0.0181  0.3606  0.0324  0.0865  0.1569 0 
 42.7100 -0.2587  2.1077  0.8138  0.7213  0.0257  0.4893  0.8045 -0.0003  0.9983 1 
 31.2016  0.2611 -1.0166  0.2527  0.3516  0.0523  0.3883  0.2672  0.4907  0.9994 1 
 44.8280 -0.5760  0.2924  0.0066  0.1143  0.0223  0.2635  0.0145 -0.0003  0.0430 0 
 43.8483  0.5818 -2.8774  0.0275  0.1646  0.1549  0.3975  0.0140 -0.0003  0.1443 0 
 49.2683 -0.2611 -2.2016  0.0480  0.2316  0.1062  0.3000  0.0502 -0.0003  0.2642 0 
 46.4698  0.2609  0.9813  0.0146  0.5102  0.0402  0.1740  0.0090 -0.0003  0.2656 0 
 53.5592 -0.2117  2.0372  0.0789  0.6377  0.0661  0.3356  0.0529  0.1317  0.7238 0 
 46.7903  0.2066 -1.0690  0.0079  0.2183  0.0411  0.3908  0.0643 -0.0003  0.0988 0 
 46.6865 -0.0671  2.6070  0.0229  0.3919  0.1090  0.5648  0.0993 -0.0003  0.3105 1 
 33.4051  0.1730 -0.4574  0.2494  0.4667  0.0470  0.3808  0.4503  0.3461  0.9990 1 
 56.5377  0.3842 -2.6207  0.0204  0.5428  0.0223  0.1656  0.0380 -0.0003  0.1467 0 
 42.2217 -0.3934  0.5167  0.0163  0.5326  0.0753  0.4462  0.0360 -0.0003  0.2169 0 
 44.3275 -0.2387  0.1769  0.0409  0.3978  0.0085  0.2643  0.0244 -0.0003  0.1039 1 
 43.1250  0.2826 -2.9165  0.2524  0.3903  0.1365  0.5767  0.2154  0.1742  0.9821 1 
 46.4698 -0.1686  1.9684  0.0605  0.1417  0.0210  0.5220  0.0568 -0.0003  0.2236 0 
 44.8127  0.1689 -1.1746  0.0064  0.3705  0.0420  0.3953  0.0101 -0.0003  0.1504 0 
 53.9620 -0.3583  3.0206  0.1398  0.6057  0.0914  0.5025  0.1645 -0.0003  0.8812 0 
 43.5401  0.3673 -0.1281  0.0690  0.4845  0.0236  0.3098  0.1669 -0.0003  0.4622 0 
 45.4261 -0.5698  0.5115  0.0020  0.1871  0.0199  0.3063  0.0906 -0.0003  0.0487 0 
 36.3256  0.5813 -2.6060  0.0515  0.2035  0.0802  0.3719  0.0749 -0.0003  0.2792 0 
 50.6355 -0.3072 -2.7118  0.0399  0.6886  0.0412  0.2128  0.0156 -0.0003  0.3715 0 
 44.0131  0.3066  0.4026  0.0442  0.0693  0.0602  0.3089  0.0080 -0.0003  0.0880 0 
 46.5888  0.5478 -0.4970  0.0177  0.0918  0.0574  0.3043  0.0276 -0.0003  0.0756 0 
 43.0396 -0.5539  2.6772  0.0083  0.2960  0.0234  0.2663  0.0715 -0.0003  0.0744 0 
 40.0732  0.3591 -0.7975  0.0400  0.5451  0.0889  0.5430  0.0524 -0.0003  0.3168 0 
 38.3215 -0.3917  2.3851  0.0980  0.1439  0.0411  0.2290  0.0889 -0.0003  0.2759 0 
 50.0282 -0.5611  2.3505  0.3026  0.0798  0.0914  0.3415  0.0842 -0.0003  0.7202 0 
 45.6336  0.5426 -0.7739  0.0102  0.2502  0.0222  0.2623  0.0279 -0.0003  0.0604 0 
 48.6336 -0.7031  1.2927  0.1734  0.0981  0.0450  0.3870  0.2651 -0.0003  0.7703 0 
 47.4159  0.7063 -1.8361  0.0065  0.3810  0.0734  0.5626  0.1640 -0.0003  0.2869 0 
 46.7414  0.6670  0.0350  0.0537  0.6167  0.1038  0.6515  0.1076 -0.0003  0.4753 1 
 41.5930 -0.6744 -3.1019  0.4573  0.3506  0.0220  0.2240  0.3245 -0.0003  0.9910 1 
 46.0853 -0.0338  2.9809  0.3677  0.4297  0.0428  0.5668  0.5516 -0.0003  0.9973 1 
 46.0548 -0.0004 -0.1266  0.0936  0.7615  0.0291  0.3924  0.1019 -0.0003  0.6666 1 
 49.7169  0.4530  1.2913  0.0407  0.6888  0.0665  0.5985  0.0976 -0.0003  0.4343 0 
 48.9754 -0.4487 -1.8509  0.0637  0.1853  0.1237  0.6438  0.1625 -0.0003  0.6179 0 
 50.6600  0.8057 -0.9341  0.0050  0.2050  0.0324  0.3829  0.0560  0.1342  0.2301 0 
 45.7496 -0.8001  2.1808  0.0161  0.5500  0.0405  0.3931  0.0307 -0.0003  0.2068 0 
 49.8268 -0.1348  0.3882  0.8902  0.1702  0.0759  0.5127  1.1541 -0.0003  0.9970 1 
 44.8829  0.1470 -2.7719  0.6413  0.2541  0.0363  0.3951  0.5311  0.0868  0.9972 1 
 47.8584  0.1803  2.1685  0.0172  0.6226  0.0841  0.5612  0.0283 -0.0003  0.2447 0 
 43.6713 -0.1790 -0.9644  0.0081  0.8249  0.0436  0.4422  0.1378 -0.0003  0.3799 0 
 48.3345  0.4467 -0.2702  0.0566  0.3128  0.0413  0.3875  0.0937 -0.0003  0.3637 0 
 40.5493 -0.4318  2.8199  0.0089  0.4443  0.0144  0.1353  0.0906 -0.0003  0.1223 0 
 51.7678  0.7661 -1.5050  0.0366  0.3040  0.0823  0.4231  0.0594 -0.0003  0.2771 0 
 50.2510 -0.7733  1.6621  0.0253  0.3679  0.0407  0.4263  0.1805 -0.0003  0.3817 0 
 53.7392 -0.1349  1.3259  0.0037  0.0653  0.0566  0.3353  0.0871 -0.0003  0.0727 0 
 50.2022  0.1495 -1.8515  0.0018  0.6783  0.0349  0.2558  0.0482 -0.0003  0.1632 0 
 52.6986 -0.7165 -2.7196  0.0439  0.5426  0.1140  0.5476  0.0342 -0.0003  0.3060 0 
 45.8412  0.7229  0.3882  0.0199  0.2269  0.0414  0.2183  0.0444 -0.0003  0.1098 0 
 52.2408  0.7053 -1.7049  0.0227  0.2693  0.0245  0.2111  0.0959 -0.0003  0.1189 0 
 36.7346 -0.7143  1.4546  0.0305  0.0737  0.0110  0.2780  0.0391 -0.0003  0.0376 0 
 48.7953 -0.1457  0.1514  0.0381  0.4253  0.0339  0.3436  0.0134 -0.0003  0.2435 0 
 42.4109  0.1494 -2.9334  0.0229  0.1634  0.0736  0.4011  0.1839 -0.0003  0.2540 0 
 42.5055  0.1279 -1.6348  0.0754  0.2539  0.0392  0.2672  0.0915  0.1399  0.6090 0 
 36.1730 -0.0988  1.5019  0.0650  0.2430  0.0556  0.3723  0.0417  0.1263  0.4923 0 
 51.5969 -0.0370  2.2379  0.0327  0.6259  0.0426  0.2541  0.1082 -0.0003  0.3821 0 
 43.2624  0.0295 -0.9141  0.0176  0.5664  0.0442  0.3103  0.0444 -0.0003  0.2319 0 
 47.6783 -0.6467  1.7209  0.0069  0.2430  0.0508  0.4753  0.0184  0.0900  0.1955 0 
 44.4587  0.6728 -1.3949  0.0600  0.0727  0.0538  0.3081  0.0217 -0.0003  0.0951 0 
 44.0131  0.0243  1.6684  0.0531  0.4703  0.0978  0.3530  0.0180 -0.0003  0.3185 0 
 42.3224 -0.0086 -1.4852  0.0377  0.2870  0.0093  0.2675  0.0438 -0.0003  0.0794 0 
 35.7885  0.2686  0.8083  0.0032  0.5112  0.0237  0.2334  0.0203 -0.0003  0.1190 0 
 32.8893 -0.2534 -2.3342  0.0049  0.3303  0.0060  0.4303  0.0809 -0.0003  0.0661 0 
 49.0333 -0.4550 -1.3629  0.0581  0.3326  0.0327  0.3861  0.0347 -0.0003  0.2824 0 
 47.6295  0.4795  1.8147  0.0549  0.2550  0.0445  0.2594  0.0240 -0.0003  0.2273 0 
 47.7974 -0.7115 -0.9629  0.0323  0.5648  0.0796  0.4751  0.0213 -0.0003  0.2628 0 
 35.1385  0.7118  2.1474  0.0596  0.2611  0.0615  0.4222  0.0158 -0.0003  0.2999 0 
 49.3202 -0.3460 -1.0680  0.2943  0.2991  0.1173  0.5141  0.4838 -0.0003  0.9978 1 
 37.5677  0.3430  2.1346  0.3055  0.5737  0.0769  0.4145  0.1940  0.5372  0.9995 1 
 44.9012 -0.2922 -1.7119  0.0070  0.7597  0.0267  0.3951  0.0250 -0.0003  0.1548 0 
 26.1509  0.3222  1.4357  0.0008  0.1637  0.0149  0.2558  0.0267 -0.0003  0.0359 0 
 39.5300 -0.2982  0.6849  0.0754  0.2199  0.0357  0.2271  0.0762 -0.0003  0.2553 1 
 34.9126  0.2442 -2.4983  0.4053  0.1890  0.0250  0.3761  0.3317  0.3160  0.9995 1 
 45.7801 -0.7675 -2.7790  0.0902  0.4199  0.0714  0.3057  0.1154  0.5935  0.9968 1 
 42.8199  0.7446  0.3787  0.3756  0.4578  0.0826  0.4000  0.2568 -0.0003  0.9894 1 
 46.0090  0.7445 -3.0834  0.0249  0.4882  0.0466  0.0873  0.0013 -0.0003  0.3864 0 
 36.1303 -0.7471  0.0002  0.0184  0.3451  0.0246  0.2793  0.0878 -0.0003  0.1155 0 
 49.0791 -0.7799 -0.5495  0.3991  0.6012  0.0472  0.3860  0.6744 -0.0003  0.9981 1 
 34.6258  0.7708  2.6002  0.2192  0.1686  0.1840  0.2356  0.2401 -0.0003  0.9425 1 
 48.1819 -0.3824 -2.8426  0.0900  0.3665  0.0450  0.3017  0.1021 -0.0003  0.5546 1 
 27.3686  0.4061  0.2555  0.1963  0.5966  0.0349  0.2523  0.2237  0.3774  0.9963 1 
 39.2554 -0.7389 -2.4186  0.0407  0.2135  0.0902  0.4550  0.0803 -0.0003  0.2781 0 
 37.8027  0.7752  0.7592  0.0165  0.4227  0.0408  0.1839  0.0078 -0.0003  0.2404 0 
 48.5512 -0.1976 -0.9351  0.0369  0.4494  0.0373  0.6452  0.0960 -0.0003  0.4198 0 
 46.2776  0.1856  2.2262  0.0067  0.4808  0.0789  0.6097  0.0301 -0.0003  0.2036 0 
 50.1625  0.5746 -1.7886  0.0556  0.7569  0.0340  0.2986  0.0259 -0.0003  0.4101 0 
 47.4617 -0.5810  1.3303  0.0060  0.0886  0.0259  0.1730  0.1033 -0.0003  0.0578 0 
 49.9184 -0.5581  3.1245  0.0038  0.3131  0.0953  0.3843  0.0266 -0.0003  0.1484 0 
 43.7201  0.5520 -0.0231  0.1379  0.4197  0.0199  0.3978  0.2532 -0.0003  0.8003 0 
 52.3995  0.0841  1.6097  0.0041  0.3958  0.0625  0.2953  0.0303 -0.0003  0.1809 0 
 49.0944 -0.0784 -1.5504  0.0138  0.4536  0.0323  0.2145  0.0543  0.1160  0.3660 0 
 53.1167  0.3032  1.9186  0.0627  0.7237  0.1021  0.5045  0.0402 -0.0003  0.4052 0 
 47.0405 -0.3280 -1.2304  0.0645  0.1386  0.0378  0.3469  0.0510 -0.0003  0.1553 0 
 45.1423 -0.5844 -1.4528  0.0319  0.6063  0.1133  0.7014  0.0123 -0.0003  0.2938 0 
 41.8463  0.5907  1.6685  0.0214  0.1848  0.0694  0.3131  0.0220 -0.0003  0.1293 0 
 48.6488 -0.7955  0.4482  0.1700  0.2520  0.0802  0.4729  0.3308 -0.0003  0.9582 1 
 42.6703  0.7908 -2.6278  0.1938  0.7084  0.0552  0.4894  0.3892 -0.0003  0.9873 1 
 48.6336 -0.6753  3.0048  0.0667  0.1862  0.0667  0.4299  0.0334 -0.0003  0.2797 0 
 44.9928  0.6909 -0.1648  0.0533  0.3206  0.0238  0.3510  0.0600 -0.0003  0.2033 0 
 49.2988 -0.4068 -1.5017  0.0124  0.2104  0.1766  0.2999  0.0207 -0.0003  0.1517 0 
 46.1036  0.4021  1.6399  0.0100  0.2799  0.0094  0.1308  0.0069 -0.0003  0.0878 0 
 46.1097 -0.0793 -2.5554  0.0126  0.1902  0.0274  0.3487  0.2325 -0.0003  0.2296 0 
 45.9205  0.0730  0.5993  0.0102  0.1064  0.0280  0.2618  0.0342 -0.0003  0.0456 0 
 49.8817  0.3139  2.5015  0.0005  0.1543  0.1369  0.2136  0.1641 -0.0003  0.2045 0 
 45.7435 -0.3309 -0.6868  0.0063  0.5448  0.0396  0.4368  0.0578 -0.0003  0.1769 0 
 47.6417  0.2809 -0.5205  0.0327  0.1721  0.1621  0.2593  0.1198 -0.0003  0.2794 0 
 40.3815 -0.2534  2.6116  0.0013  0.3406  0.0146  0.1355  0.0184 -0.0003  0.0987 0 
 47.2633  0.5886  2.9673  0.0959  0.3027  0.0697  0.3032  0.0463 -0.0003  0.4770 0 
 44.2573 -0.6089 -0.1656  0.0453  0.1683  0.0158  0.3084  0.0380 -0.0003  0.0708 0 
 52.7169  0.6433  2.2817  0.2186  0.2877  0.2702  0.4633  0.0197 -0.0003  0.7720 0 
 45.3162 -0.6373 -0.7851  0.0044  0.3177  0.2087  0.5255  0.0296 -0.0003  0.2153 0 
 44.9439  0.5497 -2.7984  0.0688  0.4516  0.0292  0.3511  0.0450 -0.0003  0.3633 0 
 37.4670 -0.5460  0.3317  0.0491  0.4908  0.0341  0.3226  0.0197  0.2028  0.6400 0 
 48.9937  0.3522  2.5017  0.0134  0.3698  0.1350  0.6008  0.0302 -0.0003  0.2350 0 
 44.9531 -0.3567 -0.6723  0.0877  0.5814  0.0333  0.4388  0.1147 -0.0003  0.6739 0 
 53.8094 -0.5947 -2.0316  0.0514  0.3099  0.0326  0.3352  0.0732 -0.0003  0.2422 0 
 45.0233  0.5896  1.0941  0.0652  0.5184  0.0959  0.1316  0.1097 -0.0003  0.6997 0 
 45.6062 -0.7481 -1.9508  0.0204  0.1940  0.0575  0.3497  0.0694 -0.0003  0.1373 0 
 23.1510  0.7254  1.2525  0.0000  0.2003  0.0176  0.1594  0.0556 -0.0003  0.0521 0 
 55.5032 -0.2336 -0.5658  0.0465  0.2559  0.3308  0.3326  0.1259 -0.0003  0.5137 0 
 41.5900  0.2297  2.6607  0.0206  0.4780  0.0113  0.3136  0.1210 -0.0003  0.1323 0 
 51.9265 -0.4192  2.2099  0.0015  0.8260  0.0615  0.5496  0.0519 -0.0003  0.2569 0 
 46.5888  0.4106 -0.9554  0.0248  0.6001  0.1967  0.6521  0.0161 -0.0003  0.2837 0 
 53.9254  0.7099  1.7930  0.0123  0.5387  0.1838  0.5444  0.1441 -0.0003  0.3442 0 
 45.0385 -0.6585 -1.3746  0.0049  0.3788  0.0248  0.3947  0.0280 -0.0003  0.0973 0 
 45.5177 -0.7963  2.3967  0.0059  0.3295  0.0240  0.2624  0.0213 -0.0003  0.0793 0 
 45.2979  0.7999 -0.7327  0.0732  0.3444  0.0152  0.4818  0.2130 -0.0003  0.5569 0 
 61.8875  0.7170 -0.9412  0.0128  0.1646  0.1749  0.2834  0.0416 -0.0003  0.1226 0 
 45.5817 -0.7542  2.1036  0.1499  0.1534  0.0268  0.4809  0.2200 -0.0003  0.7416 0 
 64.9912 -0.7367 -1.4556  0.0207  0.2115  0.0241  0.2801  0.0327 -0.0003  0.0653 0 
 50.6477  0.7358  1.7307  0.0166  0.5832  0.0823  0.5957  0.0126  0.3949  0.6458 0 
 46.6133 -0.2845 -1.9588  0.0398  0.3604  0.0782  0.2173  0.0224 -0.0003  0.3353 0 
 32.0348  0.2923  1.1944  0.2355  0.2658  0.0581  0.2890  0.2436  0.3143  0.9930 0 
 48.4077 -0.5625  3.0650  0.0307  0.1076  0.0527  0.2583  0.0178 -0.0003  0.0867 0 
 42.8443  0.5661 -0.0824  0.0240  0.1823  0.0349  0.4000  0.0298 -0.0003  0.1058 0 
 48.4321 -0.6484 -2.1573  0.0418  0.1911  0.0623  0.2152  0.0184 -0.0003  0.1862 0 
 45.6214  0.6294  1.0129  0.0740  0.4799  0.0222  0.3934  0.0187  0.0926  0.5732 0 
 46.7262 -0.0535 -2.8197  0.0096  0.2461  0.0544  0.3910  0.0030  0.0679  0.1824 0 
 45.6123  0.0707  0.3064  0.0085  0.1454  0.0347  0.6994  0.0141 -0.0003  0.1596 0 
 45.1514 -0.4552 -2.8465  0.4761  0.3840  0.0398  0.4383  0.3498 -0.0003  0.9922 1 
 44.1444  0.4827  0.2787  0.5061  0.5846  0.0284  0.4850  0.1918 -0.0003  0.9729 1 
 44.7333  0.4925  1.1036  0.0063  0.2061  0.0252  0.3955  0.0822 -0.0003  0.0728 0 
 44.5563 -0.4815 -2.0412  0.0428  0.6366  0.0418  0.5278  0.1227  0.0471  0.5636 0 
 57.6669  0.1558  2.5816  0.0642  0.1798  0.0481  0.3295  0.2043 -0.0003  0.4402 0 
 46.2867 -0.1437 -0.5653  0.0700  0.4915  0.0263  0.3484  0.1640  0.0251  0.5932 0 
 51.5511 -0.6831  2.5571  0.2650  0.6794  0.0400  0.4659  0.1506  0.3394  0.9968 1 
 40.2747  0.7043 -0.5921  0.2032  0.5635  0.0255  0.4970  0.2149  0.0561  0.8951 1 
 48.2734  0.7807  1.0680  0.0746  0.3767  0.0681  0.3015  0.0439 -0.0003  0.4614 0 
 43.4455 -0.7848 -2.0801  0.0169  0.3405  0.0524  0.2214  0.0455 -0.0003  0.2017 0 
 51.8257  0.3629 -2.0199  0.0017  0.3166  0.0198  0.2538  0.0042 -0.0003  0.0746 0 
 43.6805 -0.3145  1.1460  0.0073  0.1879  0.0461  0.3095  0.0051  0.2454  0.3745 0 
 45.2064 -0.3558  1.4702  0.0020  0.3502  0.0414  0.2191  0.0063 -0.0003  0.1550 1 
 32.0745  0.3745 -1.6126  0.0279  0.6173  0.0977  0.5778  0.1177  0.4788  0.8871 1 
 46.2348 -0.3627  2.6506  0.3385  0.2346  0.0905  0.3485  0.3695  0.3308  0.9983 1 
 32.9534  0.3759 -0.4919  0.1805  0.2089  0.0152  0.3345  0.1164  0.1388  0.8275 1 
 42.9297 -0.2288 -1.9467  0.1357  0.3713  0.1227  0.4442  0.0801 -0.0003  0.5997 0 
 42.2065  0.2392  1.1595  0.1684  0.4555  0.0062  0.1339  0.1799 -0.0003  0.4871 0 
 59.3698 -0.3463  1.2722  0.0253  0.2530  0.0067  0.2454  0.0200 -0.0003  0.0564 0 
 45.6489  0.3457 -1.8566  0.0051  0.3093  0.1117  0.4808  0.0855 -0.0003  0.1929 0 
 48.8258 -0.5697  3.0317  0.0347  0.4908  0.1382  0.8161  0.0692 -0.0003  0.4222 0 
 43.6194  0.6052 -0.0900  0.0421  0.1956  0.1472  0.3096  0.0305 -0.0003  0.1953 0 
 50.0343 -0.4390  1.1133  0.0371  0.7955  0.0663  0.6402  0.1082 -0.0003  0.4956 0 
 43.9490  0.4549 -2.0271  0.0002  0.4111  0.0072  0.3090  0.1185 -0.0003  0.0796 0 
 44.9805  0.3613 -2.8005  0.1044  0.3474  0.0515  0.2633  0.1694 -0.0003  0.7202 1 
 43.5492 -0.3885  0.3259  0.5148  0.3373  0.0462  0.5753  0.6582 -0.0003  0.9983 1 
 49.2744  0.6389 -1.1447  0.0674  0.3809  0.1229  0.4713  0.0767 -0.0003  0.4123 0 
 46.1921 -0.6271  1.9675  0.1215  0.4057  0.0262  0.2179  0.1375 -0.0003  0.5395 0 
 44.8890  0.0962  0.9464  0.0464  0.2864  0.0999  0.6146  0.1041 -0.0003  0.4426 0 
 21.8570 -0.0989 -2.2239  0.1445  0.4085  0.0261  0.4873  0.2072  0.1657  0.9112 0 
 46.1219  0.2551 -2.7604  0.0053  0.4637  0.0328  0.3051  0.0154 -0.0003  0.1393 0 
 43.8544 -0.2429  0.4069  0.0000  0.0598  0.0116  0.0883  0.0023 -0.0003  0.0562 0 
 40.2686  0.5668  1.7354  0.2772  0.4397  0.0779  0.4067  0.2507 -0.0003  0.9816 1 
 36.6033 -0.5504 -1.4202  0.1068  0.6005  0.1235  0.6958  0.2717  0.1955  0.9597 1 
 45.5177  0.2088  2.1844  0.2023  0.0552  0.1087  0.3936  0.1063  0.6496  0.9909 1 
 44.4862 -0.1757 -0.9542  0.8482  0.7407  0.0266  0.3960  0.6369 -0.0003  0.9981 1 
 37.7996  0.6795 -2.7807  0.4254  0.5446  0.0710  0.5517  0.2788  0.4490  0.9998 1 
 28.5222 -0.6712  0.4951  0.1530  0.5381  0.0683  0.1994  0.1352  0.4146  0.9918 1 
 48.4596  0.0679  3.1155  0.0478  0.6093  0.0572  0.3442  0.0128 -0.0003  0.3621 0 
 47.2389  0.0029 -0.0074  0.0131  0.1973  0.0775  0.5631  0.3011 -0.0003  0.3799 0 
 66.3279 -0.1112  0.1496  0.0196  0.2969  0.4584  0.3583  0.0416 -0.0003  0.2448 0 
 46.5919  0.0030 -2.9667  0.0679  0.1105  0.0459  0.3478  0.0206 -0.0003  0.1375 0 
 45.5299  0.0037  0.9146  0.0042  0.2788  0.0416  0.2624  0.0239 -0.0003  0.1005 0 
 36.6033  0.0442 -2.2283  0.0028  0.1591  0.0579  0.2320  0.0214 -0.0003  0.0849 0 
 46.6621  0.5027  1.7740  0.4905  0.2050  0.0467  0.2173  0.4451 -0.0003  0.9930 1 
 35.8434 -0.4418 -1.3658  0.0605  0.3952  0.0418  0.2800  0.1667  0.1837  0.7510 1 
 40.7477 -0.7751  0.9881  0.0571  0.3909  0.0360  0.2252  0.1131 -0.0003  0.3540 0 
 29.9870  0.7734 -2.1862  0.0356  0.4638  0.0144  0.1964 -0.0200 -0.0003  0.1945 0 
 47.0924 -0.6172 -0.9164  0.0334  0.4220  0.0094  0.0434  0.0043 -0.0003  0.1640 0 
 46.0334  0.6151  2.2168  0.0137  0.2995  0.0631  0.4361  0.0739 -0.0003  0.1919 0 
 43.4272 -0.1858 -0.8585  0.0161  0.1835  0.0381  0.2214  0.1000 -0.0003  0.1033 0 
 40.2808  0.1866  2.2675  0.0051  0.5285  0.0483  0.5422  0.0572 -0.0003  0.1943 0 
 46.8910 -0.3580 -1.6866  0.0294  0.0508  0.0392  0.2604  0.0693 -0.0003  0.0667 0 
 43.2654  0.3825  1.4409  0.0185  0.3262  0.0146  0.1773  0.0165 -0.0003  0.0949 0 
 42.1485  0.2722 -2.8452  0.0348  0.2673  0.0241  0.4017  0.0432 -0.0003  0.1429 0 
 40.9155 -0.2772  0.3284  0.0058  0.3064  0.1256  0.6299  0.0305 -0.0003  0.2096 0 
 57.1054  0.2841  1.4343  0.2372  0.3187  0.1155  0.4542  0.2360 -0.0003  0.9683 1 
 43.4333 -0.2864 -1.7403  0.0763  0.6781  0.0840  0.4428  0.0369  0.6050  0.9966 1 
 48.2826 -0.6599 -0.3894  0.0027  0.4130  0.1506  0.4307  0.1321 -0.0003  0.2730 0 
 43.8941  0.6536  2.7557  0.0116  0.2987  0.0656  0.3091  0.1080 -0.0003  0.2210 0 
 45.4017 -0.6111  1.9278  0.0078  0.0659  0.0656  0.2626  0.0330 -0.0003  0.0705 0 
 41.7975  0.5994 -1.2014  0.0316  0.4630  0.0357  0.3132  0.0587 -0.0003  0.2261 0 
 53.9590 -0.6389 -2.6183  0.0090  0.3618  0.1189  0.3350  0.0479 -0.0003  0.1921 0 
 35.6481  0.6348  0.5232  0.0549  0.0940  0.0386  0.1869  0.0009 -0.0003  0.0916 0 
 55.2712 -0.3336 -0.0941  0.0256  0.2084  0.0251  0.2081  0.0258  0.0482  0.1399 0 
 46.2806  0.3388  3.0615  0.0531  0.2647  0.1039  0.3048  0.0165 -0.0003  0.2700 0 
 45.0416 -0.5089  0.0985  0.5577  0.4470  0.0410  0.3947  0.3987 -0.0003  0.9959 1 
 30.1183  0.4717 -3.0312  0.0262  0.5332  0.0248  0.3924  0.0078 -0.0003  0.2088 1 
 42.2095 -0.1729 -2.4302  0.0005  0.2996  0.1674  0.5801  0.3333 -0.0003  0.5806 1 
 37.8271  0.2340  0.6600  0.5623  0.3206  0.0371  0.6895  0.8497  0.0953  0.9996 1 
 42.2766  0.5609 -1.4503  0.0172  0.4032  0.0384  0.2230  0.0266 -0.0003  0.1782 0 
 40.5798 -0.5665  1.6647  0.0055  0.4766  0.0751  0.3608  0.0331 -0.0003  0.1827 0 
 58.1338 -0.1917  1.4745  0.0186  0.1757  0.3562  0.4932  0.0187  1.3002  0.8052 0 
 43.6072  0.2160 -1.6832  0.1164  0.4698  0.0266  0.3096  0.0540 -0.0003  0.5038 0 
 44.9195 -0.0582  1.8056  0.2377  0.1249  0.0905  0.3073  0.2358 -0.0003  0.9067 0 
 43.5737  0.1247 -1.3539  0.1251  0.6868  0.0194  0.3982  0.1403 -0.0003  0.7136 0 
 52.7474  0.0030  2.5924  0.1025  0.5907  0.0660  0.5054  0.1348 -0.0003  0.7570 1 
 51.5267  0.0155 -0.5622  0.8781  0.4645  0.0732  0.4236  0.4728 -0.0003  0.9973 1 
 48.3864 -0.6715  0.2563  0.1415  0.2101  0.0552  0.3014  0.2558 -0.0003  0.8088 1 
 41.5930  0.6777 -2.8863  0.4231  0.7526  0.0346  0.4480  0.2465 -0.0003  0.9800 1 
 57.1725 -0.1940 -2.9230  0.0555  0.1463  0.0218  0.4127  0.1570 -0.0003  0.2368 0 
 36.1578  0.2188  0.2813  0.0047  0.0980  0.0732  0.3258  0.0506 -0.0003  0.0725 0 
 47.5319  0.2203 -1.0641  0.0504  0.3513  0.0685  0.3892  0.0463 -0.0003  0.3379 0 
 45.0172 -0.2155  2.0739  0.1269  0.8280  0.0298  0.4825  0.1157 -0.0003  0.8153 0 
 43.9704 -0.3199 -0.7729  0.0078  0.5516  0.0707  0.5297  0.0164 -0.0003  0.1905 0 
 41.9684  0.3185  2.4255  0.0383  0.4647  0.0616  0.3128  0.1502 -0.0003  0.5323 0 
 44.1260  0.4691 -2.1506  0.2908  0.5268  0.0569  0.3087  0.2056 -0.0003  0.9582 1 
 40.6806 -0.4782  0.9990  0.6142  0.5925  0.0363  0.2253  0.6228 -0.0003  0.9981 1 
 50.3273 -0.3846  2.3306  0.0370  0.2536  0.0999  0.5540  0.0639 -0.0003  0.3087 0 
 42.3713  0.3926 -0.7723  0.0813  0.2548  0.0128  0.2675  0.0668 -0.0003  0.1559 0 
 47.8828 -0.4691  0.2087  0.0676  0.1359  0.0204  0.2590  0.1104 -0.0003  0.1420 0 
 46.4668  0.4655 -2.9461  0.0849  0.5390  0.0329  0.2610  0.0571 -0.0003  0.4597 0 
 41.3397  0.0988  0.4682  0.0532  0.4646  0.0584  0.3589  0.1439 -0.0003  0.5746 1 
 38.8556 -0.1077 -2.7043  0.4178  0.7480  0.0312  0.3650  0.4577 -0.0003  0.9963 1 
 44.7211  0.3945 -0.1415  0.0103  0.1918  0.1283  0.6152  0.0213 -0.0003  0.1780 0 
 43.9582 -0.3852  2.9374  0.0422  0.4515  0.0973  0.5297  0.0374 -0.0003  0.3060 0 
 45.6153 -0.4810  0.1407  0.0084  0.3555  0.2003  0.3060  0.1518  0.4943  0.7385 0 
 43.5950  0.4534 -3.0332  0.0363  0.3252  0.0188  0.1770  0.0054 -0.0003  0.1397 0 
 52.6955 -0.5331 -0.1515  0.0393  0.4307  0.0778  0.4634  0.0197 -0.0003  0.2789 0 
 37.0520  0.4970  2.9674  0.0303  0.4821  0.0344  0.2774  0.0273 -0.0003  0.2151 0 
 47.7241 -0.1019 -0.9199  0.0931  0.4003  0.0888  0.5616  0.0259 -0.0003  0.4633 0 
 46.2531  0.0761  2.2087  0.0096  0.1286  0.0730  0.2613  0.0480 -0.0003  0.0874 0 
 46.8391 -0.0018  1.1243  0.0465  0.2888  0.0527  0.3039  0.0403 -0.0003  0.2553 0 
 43.4028 -0.0468 -2.0597  0.0000  0.0665  0.0405  0.1329  0.0135 -0.0003  0.0701 0 
 41.5686 -0.1657  1.9720  0.1216  0.6268  0.0920  0.4033  0.0445 -0.0003  0.6385 0 
 40.8545  0.1708 -1.1698  0.0303  0.0670  0.0889  0.1350  0.0443 -0.0003  0.1100 0 
 45.2766  0.3056  2.5757  0.7396  0.4900  0.0498  0.5694  0.6931 -0.0003  0.9979 1 
 38.9319 -0.2928 -0.5623  0.0775  0.4035  0.0284  0.3648  0.0970 -0.0003  0.4429 1 
 47.8950  0.3606 -2.0930  0.0172  0.1405  0.1075  0.1727  0.0029 -0.0003  0.1178 0 
 46.5248 -0.3712  1.0678  0.0249  0.2110  0.1632  0.4784  0.0607 -0.0003  0.2206 0 
 47.6997  0.1028 -0.0096  0.2956  0.2426  0.0329  0.3889  0.3520 -0.0003  0.9766 1 
 45.6123 -0.0807  3.1318  0.4332  0.6049  0.0383  0.5683  0.4070  0.1289  0.9971 1 
 49.7719 -0.7367 -2.5647  0.0013  0.1798  0.0403  0.2564  0.1722 -0.0003  0.1474 0 
 43.0579  0.7256  0.5667  0.0150  0.2882  0.1490  0.6658  0.1386 -0.0003  0.3786 0 
 49.4606 -0.7709 -1.2224  0.4739  0.4031  0.0302  0.2997  0.2705 -0.0003  0.9883 1 
 41.9959  0.7759  1.9531  0.1817  0.4252  0.0889  0.4468  0.0972 -0.0003  0.7724 1 
 49.8878  0.5986  0.8596  0.0049  0.4383  0.1010  0.5126  0.0750 -0.0003  0.2106 0 
 49.1188 -0.6160 -2.2763  0.0107  0.1695  0.0341  0.4717  0.0065 -0.0003  0.1005 0 
 42.6154 -0.6412  1.5610  0.0430  0.4072  0.0361  0.1780  0.0726 -0.0003  0.2483 0 
 41.9532  0.6422 -1.5562  0.0093  0.6077  0.0442  0.4022  0.1245 -0.0003  0.2973 0 
 43.9918  0.7938  2.0157  0.0157  0.4221  0.1873  0.4413  0.1068 -0.0003  0.2984 0 
 38.8159 -0.7679 -1.0800  0.1077  0.6129  0.0148  0.4564  0.1331 -0.0003  0.6594 0 
 50.8186  0.6600  0.6558  0.0113  0.1596  0.0470  0.3401  0.0558 -0.0003  0.0828 0 
 44.9744 -0.6482 -2.5373  0.1223  0.6561  0.0323  0.3949  0.0782 -0.0003  0.7233 0 
 43.5645  0.7663  2.8191  0.0491  0.2193  0.0308  0.2212  0.0290 -0.0003  0.1340 0 
 40.7965 -0.7645 -0.3066  0.0763  0.6945  0.0203  0.3603  0.1484 -0.0003  0.5370 0 
 44.7272  0.6596 -1.7889  0.0323  0.5608  0.0527  0.4834  0.0943 -0.0003  0.3679 0 
 37.1283 -0.6504  1.2930  0.0177  0.1872  0.2726  0.0924  0.1658 -0.0003  0.4814 0 
 46.7262  0.7066 -0.2854  0.0445  0.4078  0.0851  0.6516  0.1462 -0.0003  0.5083 1 
 45.0996 -0.7335  2.8343  0.2893  0.3458  0.0639  0.3946  0.3621 -0.0003  0.9911 1 
 43.1067 -0.0685 -1.8788  0.2720  0.3215  0.0333  0.3106  0.2658 -0.0003  0.9341 1 
 30.3655  0.0225  1.3146  1.0425  0.7525  0.0459  0.2936  0.6926  0.4154  0.9982 1 
 45.9846 -0.1656  0.3059  0.0236  0.2900  0.0692  0.2181  0.0237 -0.0003  0.2358 0 
 37.6226  0.1475 -2.8838  0.0170  0.2389  0.0431  0.3223  0.0215  0.2669  0.5335 0 
 44.7120  0.7144 -0.6630  0.0463  0.1759  0.0606  0.5713  0.1246 -0.0003  0.3654 0 
 44.2481 -0.7009  2.4372  0.0621  0.5909  0.0279  0.1762  0.0495 -0.0003  0.2804 0 
 45.7801 -0.0225  2.3268  0.0336  0.0743  0.0474  0.1747  0.0121 -0.0003  0.0818 0 
 44.8768  0.0233 -0.8074  0.0095  0.5666  0.0242  0.1756  0.0029 -0.0003  0.1779 0 
 41.7761  0.7421 -0.8605  0.0026  0.6150  0.0423  0.2685  0.0163 -0.0003  0.2077 0 
 40.8606 -0.7316  2.2844  0.0038  0.3287  0.0388  0.4951  0.0255 -0.0003  0.1419 0 
 47.6295 -0.1341 -1.2818  0.0010  0.1127  0.3424  0.2594  0.0801 -0.0003  0.1228 0 
 39.4873  0.1612  1.8558  0.0061  0.2084  0.0491  0.2726  0.0894 -0.0003  0.1029 0 
 54.5571  0.6913 -3.0566  0.0145  0.4623  0.1044  0.4593  0.0252 -0.0003  0.2072 0 
 47.6356 -0.6798  0.0092  0.0178  0.1382  0.0515  0.1729  0.0248 -0.0003  0.0932 0 
 56.8368 -0.7577  2.3123  0.0021  0.2067  0.0533  0.3720  0.1031  0.1037  0.2259 0 
 40.8392  0.7758 -0.8274  0.0231  0.5352  0.0175  0.2701  0.0244 -0.0003  0.1261 0 
 47.7150  0.7922 -2.5404  0.0072  0.3314  0.0308  0.3888  0.0912 -0.0003  0.1202 0 
 46.3569 -0.7859  0.6176  0.0340  0.5015  0.0125  0.1741  0.0677  0.0756  0.1928 0 
 40.8026 -0.6128 -2.4349  0.0100  0.6136  0.0418  0.3602  0.0135 -0.0003  0.2013 0 
 39.3774  0.5540  0.6659  0.0075  0.6953  0.0877  0.3182  0.0510 -0.0003  0.2603 0 
 49.5521 -0.7914  0.1089  0.0125  0.4875  0.0264  0.2995  0.0164 -0.0003  0.1372 0 
 47.4769  0.7981 -2.9809  0.0251  0.7489  0.0766  0.6922  0.0319 -0.0003  0.3166 0 
 48.8014 -0.3385  1.4785  0.6505  0.5614  0.0367  0.3007  0.5466  0.1521  0.9981 1 
 44.5014  0.3619 -1.6979  0.6548  0.2383  0.0628  0.5720  0.6428 -0.0003  0.9973 1 
 48.8014  0.7607  2.9370  0.0024  0.2619  0.0130  0.4296  0.0263 -0.0003  0.0574 0 
 43.0488 -0.7650 -0.1940  0.0027  0.1333  0.0210  0.5327  0.0809 -0.0003  0.0901 0 
 46.5187  0.3147 -2.8441  0.0126  0.7244  0.0131  0.2609  0.0092 -0.0003  0.1260 0 
 43.1586 -0.3199  0.3125  0.0000  0.0730  0.0098  0.1774  0.0646 -0.0003  0.0353 0 
 39.6002  0.7021 -0.5167  0.0695  0.5508  0.0513  0.2724  0.0920 -0.0003  0.5981 0 
 37.7844 -0.7328  2.6392  0.0761  0.3126  0.0603  0.5058  0.1535 -0.0003  0.6094 0 
 51.0048 -0.6454  1.5313  0.0306  0.7832  0.1244  0.6371  0.1946 -0.0003  0.6480 1 
 48.3162  0.6519 -1.6214  0.2359  0.4691  0.1513  0.5168  0.3499 -0.0003  0.9944 1 
 40.2869  0.1645  2.9564  0.0043  0.0822  0.0313  0.4066  0.1780 -0.0003  0.1052 0 
 36.6461 -0.1736 -0.2160  0.0015  0.1573  0.0819  0.1391  0.0223 -0.0003  0.1297 0 
 49.8512  0.7800 -2.2521  0.0306  0.1533  0.0220  0.1709  0.0159 -0.0003  0.0650 0 
 48.9357 -0.7651  0.9253  0.0216  0.3994  0.0266  0.6010  0.0775 -0.0003  0.2891 0 
 50.1595 -0.5285  0.1506  0.3869  0.4240  0.0999  0.3839  0.6198 -0.0003  0.9985 1 
 42.0935  0.5583 -2.9940  0.0581  0.5708  0.0453  0.3126  0.0771 -0.0003  0.4927 1 
 51.9265  0.5657 -2.0627  0.0031  0.3450  0.1838  0.3382  0.0682 -0.0003  0.2271 0 
 49.4301 -0.5733  1.0745  0.0003  0.3988  0.1792  0.5138  0.1588 -0.0003  0.3047 0 
 45.5879 -0.3611  0.1880  0.0318  0.0557  0.0669  0.1749  0.0460 -0.0003  0.0912 0 
 39.8627  0.3883 -2.9719  0.0076  0.5032  0.0182  0.1813  0.0076  0.0547  0.1671 0 
 45.2369 -0.2341  2.2085  0.0179  0.3372  0.1485  0.6133  0.2114 -0.0003  0.4630 1 
 36.4202  0.2618 -0.8957  0.3964  0.3156  0.1067  0.3716  0.2410  0.4924  0.9995 1 
 43.3539 -0.4895 -2.1359  0.0080  0.3721  0.0421  0.4873  0.2554 -0.0003  0.4107 0 
 41.5869  0.4619  1.0696  0.0425  0.3279  0.0642  0.3136  0.0208 -0.0003  0.2777 0 
 49.7780  0.4154 -1.3347  0.0329  0.3574  0.1595  0.4701  0.0524 -0.0003  0.2790 0 
 46.1860 -0.3955  1.7663  0.0172  0.0471  0.0298  0.3486  0.0629 -0.0003  0.0578 0 
 48.0842  0.4249 -3.0756  0.0012  0.1412  0.0809  0.3450  0.0145 -0.0003  0.0812 0 
 44.3061 -0.4102  0.0633  0.0049  0.6900  0.0144  0.2202  0.0208 -0.0003  0.1174 0 
 49.3141  0.6876  1.2235  0.0433  0.3069  0.0411  0.4284  0.0823 -0.0003  0.3010 0 
 44.1138 -0.6923 -1.8956  0.0212  0.5585  0.0335  0.3087  0.0648 -0.0003  0.1983 0 
 48.0934  0.3837 -1.7929  0.3484  0.5585  0.1393  0.8623  0.1429 -0.0003  0.9808 1 
 31.5953 -0.3989  1.3936  0.7391  0.8202  0.0368  0.3869  0.5167 -0.0003  0.9979 1 
 45.7343 -0.4666  0.1456  0.3745  0.2458  0.1031  0.3495  0.3695 -0.0003  0.9959 1 
 43.6042  0.4588 -3.0047  0.1810  0.3579  0.0206  0.1327  0.1802 -0.0003  0.5788 1 
 52.3049  0.1015  2.0998  0.0367  0.3596  0.0177  0.1688  0.1058 -0.0003  0.1571 0 
 50.6203 -0.1080 -1.0217  0.0200  0.3333  0.0581  0.2128  0.0080 -0.0003  0.2451 0 
 48.4443  0.6223  0.3011  0.0153  0.2065  0.0507  0.3443  0.0704 -0.0003  0.1201 0 
 37.5158 -0.6509 -2.8174  0.0460  0.4301  0.0936  0.6450  0.1157 -0.0003  0.4641 0 
 39.8810 -0.0633 -0.1572  0.2696  0.2612  0.0886  0.3625  0.3236  0.5582  0.9994 1 
 33.9452  0.0912  2.9644  0.1086  0.0982  0.0517  0.2369  0.2147  0.5647  0.9968 1 
 47.0130  0.5359 -2.9092  0.3321  0.2575  0.0307  0.4337  0.4139 -0.0003  0.9907 1 
 39.7620 -0.5283  0.2221  0.2330  0.3802  0.0613  0.4081  0.2874  0.3462  0.9978 1 
 47.2175  0.4182  2.7204  0.0489  0.0187  0.0228  0.2599  0.0368 -0.0003  0.0508 0 
 45.9754 -0.4262 -0.3903  0.0117  0.5141  0.0688  0.2618  0.0436 -0.0003  0.2658 0 
 51.7311  0.2535 -0.0514  0.0166  0.0868  0.0926  0.2116 -0.0026 -0.0003  0.0850 0 
 42.2065 -0.2270  3.0695  0.0454  0.5369  0.0892  0.3570  0.0097 -0.0003  0.2900 0 
 47.3060 -0.1846 -2.2188  0.0676  0.3297  0.0231  0.3031  0.0338 -0.0003  0.2126 0 
 38.9349  0.2440  0.9057  0.0262  0.3522  0.1112  0.4560  0.0237  0.1715  0.3975 0 
 42.1942 -0.4420  0.1893  0.0244  0.5695  0.0117  0.1339  0.0120  0.1370  0.2663 0 
 42.1057  0.4472 -2.9541  0.0586  0.1843  0.0677  0.4465  0.0696 -0.0003  0.2977 0 
 48.7648  0.3763  2.6976  0.4036  0.3905  0.1753  0.3867  0.2860  0.7689  0.9998 1 
 45.2369 -0.3739 -0.4200  0.1142  0.4219  0.0368  0.7010  0.1061 -0.0003  0.7639 1 
 46.6011  0.6589  2.6432  0.0244  0.2070  0.1984  0.4347  0.0351 -0.0003  0.2000 0 
 40.6561 -0.6717 -0.5141  0.0313  0.4667  0.0206  0.2254  0.0379 -0.0003  0.1376 0 
 46.1555 -0.0241 -0.3302  0.1353  0.3546  0.0916  0.4794  0.1259  0.4658  0.9749 1 
 25.2110  0.1065  2.7108  0.1169  0.6903  0.0211  0.3622  0.1370  0.0419  0.7164 1 
 51.3222  0.4986  1.6009  0.7632  0.3761  0.1696  0.4665  0.6212 -0.0003  0.9978 1 
 24.5945 -0.4924 -1.5957  0.1591  0.3230  0.0193  0.4172  0.1685 -0.0003  0.7250 1 
 39.8230  0.6767 -1.5849  0.0349  0.5924  0.0197  0.4079  0.0364 -0.0003  0.2196 0 
 35.0439 -0.6875  1.5629  0.0074  0.1064  0.0227  0.4226  0.0135 -0.0003  0.0572 0 
 48.4321 -0.7343  2.8489  0.0425  0.1602  0.3708  0.5165  0.0493 -0.0003  0.3013 0 
 43.9918  0.7079 -0.2742  0.0044  0.1915  0.0340  0.2648  0.1546 -0.0003  0.1210 0 
 55.6680  0.4188  0.9006  0.2442  0.5191  0.0780  0.4155  0.3757 -0.0003  0.9928 1 
 34.1680 -0.4399 -2.2667  0.1399  0.3771  0.0103  0.1892  0.1132 -0.0003  0.3564 1 
 47.4250 -0.1624  3.1262  0.0191  0.3872  0.1087  0.7356  0.2772  0.0594  0.7284 1 
 43.9765  0.1271 -0.0543  0.2412  0.2183  0.0571  0.1324  0.2733  0.1687  0.9375 1 
 43.9734 -0.2101 -2.6035  0.1177  0.1625  0.0232  0.1766  0.0052 -0.0003  0.2204 0 
 39.5148  0.1918  0.5575  0.0071  0.4715  0.0319  0.4088  0.0279 -0.0003  0.1440 0 
 47.4220 -0.7900  0.8033  0.0255  0.3819  0.0191  0.3462  0.0870 -0.0003  0.1319 0 
 39.7162  0.7926 -2.3315  0.0111  0.0534  0.0382  0.3629  0.0106 -0.0003  0.0628 0 
 42.9206 -0.2779  2.2790  0.0283  0.4407  0.0651  0.3110  0.0495 -0.0003  0.2893 0 
 40.9888  0.2993 -0.8469  0.0874  0.2569  0.0978  0.2699  0.0339 -0.0003  0.4202 0 
 45.6916 -0.1196 -0.5687  0.0024  0.1528  0.0411  0.2185  0.0589 -0.0003  0.0610 0 
 45.5177  0.1339  2.5995  0.0208  0.0653  0.0536  0.3062  0.0461 -0.0003  0.0721 0 
 52.7077 -0.4169 -1.3660  0.0420  0.3768  0.0596  0.2527  0.0218 -0.0003  0.3183 0 
 46.8971  0.4255  1.7618  0.1411  0.2263  0.1776  0.5208  0.1293  0.4900  0.9451 0 
 46.4759 -0.6983  1.6578  0.0818  0.1455  0.0877  0.1740  0.0174 -0.0003  0.2643 0 
 41.0651  0.7030 -1.4927  0.0268  0.6388  0.0399  0.4046  0.0377 -0.0003  0.2715 0 
 50.1625 -0.3084 -2.7121  0.6897  0.3369  0.0393  0.4692  0.4094  0.0302  0.9948 1 
 46.5797  0.3136  0.4250  0.0493  0.4480  0.2205  0.4347  0.0117  0.4305  0.5552 1 
 40.1312  0.2712  0.1054  0.0277  0.1546  0.0252  0.2261  0.0411 -0.0003  0.0590 0 
 27.7012 -0.2603 -3.0143  0.0289  0.2180  0.0127  0.1508  0.0733 -0.0003  0.0880 0 
 53.2143  0.4456  0.6336  0.0272  0.3324  0.1527  0.6303  0.1863 -0.0003  0.4967 0 
 52.4453 -0.4576 -2.5385  0.0018  0.1101  0.0339  0.2952  0.0457 -0.0003  0.0475 0 
 46.2989  0.6220  1.5757  0.0437  0.4599  0.0396  0.3484  0.0150  0.0374  0.3808 0 
 44.3702 -0.6500 -1.6417  0.0406  0.1866  0.0196  0.2642  0.0501  0.0150  0.0934 0 
 46.2348  0.2325  1.5493  0.0419  0.1256  0.0791  0.3920  0.0146 -0.0003  0.1339 0 
 37.5708 -0.2699 -1.6146  0.0464  0.3698  0.0345  0.3224  0.0558 -0.0003  0.2433 0 
 39.2920  0.0567  3.0729  0.6367  0.1769  0.0732  0.4094  0.4792 -0.0003  0.9919 1 
 29.9077 -0.0007 -0.0495  0.0613  0.4417  0.0390  0.2949  0.0294  0.3847  0.9796 1 
 42.8046 -0.7967 -1.4305  0.0232  0.6885  0.0274  0.2223  0.0148 -0.0003  0.2008 0 
 35.6878  0.7971  1.7301  0.0388  0.2532  0.0234  0.4205  0.0330 -0.0003  0.1539 0 
 46.7872  0.2823  1.1206  0.0466  0.3553  0.1905  0.6080  0.1512 -0.0003  0.5360 0 
 44.5106 -0.2585 -2.0103  0.0218  0.2638  0.0487  0.2200  0.1391 -0.0003  0.2739 0 
 45.7801 -0.6898 -2.8789  0.0609  0.6114  0.0356  0.4367  0.3575 -0.0003  0.8571 1 
 41.5351  0.6669  0.2584  0.1310  0.5018  0.0388  0.4482  0.0617  0.1491  0.7864 1 
 46.6804 -0.7793 -1.4126  0.0090  0.2341  0.0561  0.3041  0.0640 -0.0003  0.1197 0 
 43.4272  0.7982  1.6991  0.0014  0.6484  0.0764  0.3543  0.0502 -0.0003  0.2128 0 
 43.5920 -0.7463 -1.4570  0.0492  0.1308  0.1426  0.3539  0.0524 -0.0003  0.1651 0 
 43.5706  0.7697  1.6859  0.0101  0.4492  0.0309  0.4867  0.0860 -0.0003  0.1981 0 
 47.8340 -0.6976 -1.4853  0.1640  0.3818  0.1618  0.4749  0.0894 -0.0003  0.6794 1 
 35.0072  0.6724  1.7422  0.1776  0.6625  0.0620  0.5166  0.1946  0.4605  0.9986 1 
 51.1666  0.7553 -2.7642  0.2401  0.5597  0.0340  0.3395  0.2719  0.0920  0.9451 1 
 32.3919 -0.7368  0.3803  0.0764  0.3146  0.0275  0.4802  0.1439 -0.0003  0.5310 1 
 40.4730 -0.4031  1.9936  0.3466  0.7234  0.0338  0.2708  0.2435  0.0810  0.9795 1 
 28.9830  0.4464 -1.1901  0.0778  0.1498  0.0160  0.2480  0.2376 -0.0003  0.3598 1 
 47.8431  0.0501 -1.8932  0.0188  0.2077  0.0980  0.2159  0.1317 -0.0003  0.2969 0 
 38.4070 -0.0786  1.2511  0.0585  0.2396  0.0511  0.1831  0.0390 -0.0003  0.2721 0 
 42.9938 -0.3488 -0.8696  0.0157  0.1478  0.0227  0.3552  0.0926 -0.0003  0.0672 0 
 39.6490  0.3422  2.2573  0.0110  0.0987  0.0212  0.2269  0.0305  0.0308  0.0555 0 
 41.4252  0.6267 -2.4111  0.6480  0.4945  0.0591  0.4485  0.6109  0.2493  0.9991 1 
 37.4121 -0.5979  0.6867  0.1328  0.5756  0.0316  0.2766  0.2939 -0.0003  0.8636 1 
 50.5074  0.4376  0.6821  0.0268  0.4516  0.1042  0.5110  0.0107 -0.0003  0.2371 0 
 46.4912 -0.4612 -2.4631  0.0266  0.2179  0.0255  0.2175  0.0019 -0.0003  0.0947 0 
 44.8280 -0.3692  0.6392  0.0854  0.3661  0.1079  0.3513  0.1529  0.3230  0.8880 1 
 42.8290  0.3362 -2.5520  0.1216  0.7394  0.0394  0.4445  0.2890 -0.0003  0.9327 1 
 44.7913 -0.1945 -2.2909  0.0423  0.6316  0.1393  0.5271  0.0447 -0.0003  0.3174 0 
 44.3732  0.1667  0.8138  0.0724  0.3983  0.0164  0.2201  0.0565 -0.0003  0.1860 0 
 45.0690  0.7424 -2.7416  0.3619  0.1776  0.0279  0.6140  0.4923 -0.0003  0.9961 1 
 35.1080 -0.7369  0.4579  0.0363  0.3338  0.0288  0.4224  0.0300  0.0660  0.3363 1 
 42.3011 -0.6140  2.0288  0.0204  0.3730  0.0335  0.6244  0.0560 -0.0003  0.2743 1 
 37.6104  0.6314 -1.0815  0.0278  0.5557  0.0613  0.4144  0.1342 -0.0003  0.4258 1 
 54.4625 -0.7123  0.3558  0.0207  0.3576  0.1128  0.5013  0.0159 -0.0003  0.2149 0 
 28.2750  0.7162 -2.8143  0.0077  0.1980  0.0132  0.0999  0.0197 -0.0003  0.0716 0 
 45.7893 -0.0719 -1.8498  0.0200  0.3683  0.1044  0.6551  0.0983 -0.0003  0.3307 0 
 45.4231  0.0625  1.3195  0.0857  0.3650  0.0568  0.3063  0.0809 -0.0003  0.5368 0 
 45.1362  0.3883  2.6877  0.1255  0.0415  0.0182  0.3068  0.0956 -0.0003  0.1208 0 
 38.7640 -0.3958 -0.3936  0.0242  0.2360  0.0579  0.2740  0.0412 -0.0003  0.1589 0 
 52.2225  0.3693 -0.8687  0.0233  0.7116  0.5516  0.3800  0.0463 -0.0003  0.2599 0 
 40.0702 -0.2911  2.1977  0.0575  0.4675  0.0172  0.1357  0.0289 -0.0003  0.1745 0 
 48.4016  0.5222  0.0561  0.0095  0.5332  0.0390  0.3874  0.0412 -0.0003  0.1742 0 
 47.0008 -0.5179 -3.0905  0.0278  0.1177  0.0267  0.3904  0.0148 -0.0003  0.0751 0 
 56.1715 -0.2933  1.6270  0.5297  0.2970  0.0549  0.3317  0.5462 -0.0003  0.9974 1 
 44.6906  0.2954 -1.4921  0.0111  0.4176  0.0503  0.3516  0.0997  0.0862  0.3812 1 
 44.3366  0.6905 -1.0708  0.2678  0.2131  0.0460  0.3523  0.0881 -0.0003  0.7250 0 
 37.9400 -0.6899  2.0496  0.2052  0.6964  0.0385  0.4134  0.2571 -0.0003  0.9528 0 
 49.7353 -0.6491  2.8524  0.0349  0.1924  0.0298  0.2565  0.0187 -0.0003  0.0917 0 
 37.6440  0.6803 -0.2555  0.0010  0.1153  0.0925  0.1841  0.0900 -0.0003  0.1096 0 
 47.9622 -0.3493  1.5635  0.2518  0.5829  0.1266  0.5609  0.4882 -0.0003  0.9977 1 
 36.4660  0.2918 -1.5778  0.6383  0.2476  0.1115  0.5108  0.2372  0.5461  0.9997 1 
 47.3762 -0.4619  0.6382  0.0085  0.3351  0.1149  0.3896  0.0903 -0.0003  0.2093 0 
 45.4017  0.4670 -2.5322  0.0128  0.1123  0.0166  0.1751  0.0058 -0.0003  0.0471 0 
 45.5451 -0.6884  0.8369  0.0079  0.5479  0.2101  0.4373  0.0128 -0.0003  0.2319 0 
 45.2583  0.7084 -2.3309  0.0006  0.1471  0.0585  0.2190  0.0627 -0.0003  0.0795 0 
 47.1687  0.2167 -2.0122  0.0147  0.1252  0.0709  0.3034  0.0097 -0.0003  0.0901 0 
 42.8595 -0.1881  1.1120  0.0903  0.6810  0.0446  0.5333  0.0211 -0.0003  0.5743 0 
 47.5563  0.2499  3.0590  0.0884  0.3982  0.0399  0.4324  0.1279 -0.0003  0.6273 0 
 46.7353 -0.2690 -0.1008  0.0258  0.3710  0.0305  0.4778  0.2668 -0.0003  0.4906 0 
 48.3253 -0.2506  0.4526  0.0048  0.7205  0.0463  0.5168  0.1664 -0.0003  0.3903 0 
 43.6011  0.2573 -2.6940  0.0087  0.3947  0.0861  0.4866  0.0328 -0.0003  0.1828 0 
 44.2145 -0.5904  0.7651  0.0883  0.1918  0.0203  0.3085  0.2258 -0.0003  0.4368 1 
 16.3546  0.7446 -2.1759  0.1033  0.2732  0.0753  0.4183  0.0972  0.0666  0.6705 1 
 44.2847 -0.0458 -2.7829  0.0425  0.3053  0.0953  0.3524  0.0247 -0.0003  0.2587 1 
 42.6307  0.0379  0.4024  0.2137  0.3466  0.0561  0.4895  0.4483 -0.0003  0.9915 1 
 50.5714 -0.6746 -1.9394  0.0334  0.1671  0.0682  0.4256  0.0235  0.2548  0.3682 0 
 38.2422  0.7174  1.2225  0.0038  0.5282  0.1005  0.5041  0.0432  0.3332  0.5230 0 
 48.8380 -0.5498  0.7357  0.0526  0.6979  0.0183  0.3436  0.0225 -0.0003  0.2660 0 
 43.4363  0.5293 -2.4414  0.1528  0.2612  0.1429  0.3543  0.0458  0.1937  0.7873 0 
 51.3039 -0.1687  1.4658  0.2007  0.1996  0.0975  0.5513  0.1324 -0.0003  0.8241 0 
 44.6632  0.1581 -1.6950  0.1519  0.2479  0.0488  0.3077  0.1638 -0.0003  0.7503 0 
 49.5827 -0.5489 -2.0534  0.0511  0.3994  0.1078  0.5133  0.0601 -0.0003  0.3543 0 
 45.4109  0.5279  1.1101  0.0074  0.3763  0.0380  0.6565  0.1631 -0.0003  0.3151 0 
 44.4526 -0.3306  0.9866  0.2508  0.2934  0.0143  0.3961  0.2221 -0.0003  0.8254 0 
 41.8616  0.3128 -2.1638  0.2350  0.3005  0.0470  0.4919  0.2084  0.1203  0.9456 0 
 53.2540  0.7983 -2.5376  0.0295  0.5185  0.0109  0.1680  0.0048 -0.0003  0.1343 0 
 50.4494 -0.7884  0.6368  0.0025  0.0949  0.0436  0.1278  0.0474 -0.0003  0.0697 0 
 45.9632  0.7348  1.7300  0.1004  0.3041  0.0141  0.3054  0.2288 -0.0003  0.4848 0 
 42.8382 -0.7251 -1.4167  0.0465  0.5336  0.0882  0.4444  0.2393 -0.0003  0.6878 0 
 38.1201  0.4729  2.3520  0.0372  0.3345  0.0536  0.3211  0.1240 -0.0003  0.3647 0 
 32.1874 -0.4526 -0.8004  0.0429  0.0628  0.0369  0.2405  0.0735  0.1811  0.3284 0 
 40.8484 -0.1206 -1.2341  0.3398  0.4451  0.0473  0.4051  0.3996 -0.0003  0.9937 1 
 36.6369  0.1402  1.9231  0.0727  0.5050  0.0276  0.1391  0.0407  0.2683  0.8753 1 
 45.1423 -0.5937  1.1672  0.0032  0.1319  0.0343  0.3507  0.1229 -0.0003  0.0770 0 
 40.9064  0.5916 -1.9839  0.0458  0.1976  0.1053  0.4050  0.0303 -0.0003  0.2160 0 
 52.3323  0.1404 -2.1589  0.0258  0.1559  0.0412  0.5064  0.1336 -0.0003  0.2131 0 
 45.9785 -0.1363  0.9828  0.0090  0.5934  0.0189  0.2618  0.0090 -0.0003  0.1278 0 
 43.5279  0.0032  2.7114  0.0026  0.2132  0.0378  0.2656  0.0215 -0.0003  0.0706 0 
 42.1668  0.0147 -0.4327  0.0811  0.1456  0.0282  0.4017  0.2122 -0.0003  0.4164 0 
 45.4780 -0.5536 -2.6319  0.0983  0.1977  0.2050  0.4375  0.0252 -0.0003  0.4055 0 
 45.0904  0.4837  0.5077  0.0301  0.3679  0.1166  0.5262  0.0244 -0.0003  0.2556 0 
 52.4453  0.7467  0.0721  0.0560  0.1149  0.1483  0.4217  0.0779 -0.0003  0.2182 0 
 50.5714 -0.7226 -3.0858  0.0683  0.2922  0.0263  0.2554  0.0578 -0.0003  0.2066 0 
 55.9579  0.8015  1.6394  0.1233  0.3886  0.1181  0.2905  0.1832  0.7210  0.9970 1 
 38.5901 -0.7766 -1.5438  0.1137  0.3128  0.0298  0.3200  0.2340 -0.0003  0.7057 1 
 50.7607  0.4619  2.7528  0.0081  0.3029  0.1084  0.3827  0.1497 -0.0003  0.2595 0 
 44.7333 -0.4371 -0.4409  0.1076  0.5284  0.0145  0.3076  0.1896  0.1437  0.7489 0 
 52.1645  0.5239  0.7791  0.0049  0.0833  0.0042  0.2112  0.0479 -0.0003  0.0303 0 
 46.6926 -0.5296 -2.3908  0.0304  0.0698  0.1272  0.1738  0.0126 -0.0003  0.0732 0 
 45.9998 -0.1051  0.5502  0.0184  0.2977  0.0511  0.4798  0.0281 -0.0003  0.1889 0 
 45.6001  0.0921 -2.5811  0.0260  0.3050  0.0203  0.3060  0.0175  0.0163  0.1192 0 
 49.4636 -0.5810  1.5015  0.0288  0.6252  0.0229  0.2141  0.0800 -0.0003  0.1809 0 
 46.5492  0.5877 -1.6728  0.1259  0.0654  0.0383  0.1305  0.0003 -0.0003  0.1304 0 
 37.7539 -0.4019 -1.5051  0.0522  0.1999  0.0627  0.5519  0.0770 -0.0003  0.3492 0 
 28.2872  0.4248  1.6383  0.0400  0.1748  0.0425  0.3497  0.0539  0.2626  0.5547 0 
 49.0394 -0.6558 -0.9201  0.1783  0.4091  0.0897  0.7722  0.1281 -0.0003  0.8952 1 
 42.5391  0.6718  2.1590  0.3277  0.3233  0.1235  0.3117  0.3869  0.0141  0.9963 1 
 43.6194 -0.6692 -1.4631  0.3776  0.3772  0.0499  0.3539  0.3636 -0.0003  0.9928 1 
 36.5850  0.6481  1.6634  0.4020  0.3227  0.0576  0.1392 -0.0200 -0.0003  0.9250 1 
 47.8065  0.3092  0.5561  0.0125  0.2471  0.0668  0.1295  0.0181 -0.0003  0.2321 0 
 46.0273 -0.3006 -2.5752  0.0058  0.1412  0.0346  0.2181  0.0930 -0.0003  0.0644 0 
 47.9500  0.7339  0.4900  0.1848  0.7180  0.0829  0.3452  0.3669 -0.0003  0.9877 1 
 47.1504 -0.7454 -2.6610  0.1281  0.1208  0.1392  0.3901  0.1131 -0.0003  0.5009 1 
 55.1278 -0.2459  0.1014  0.0164  0.4602  0.1021  0.5415  0.0317  0.3430  0.5292 1 
 50.4585  0.2247 -3.0727  0.6070  0.2146  0.1068  0.6814  0.4527 -0.0003  0.9933 1 
 50.9041 -0.7533 -0.0072  0.0172  0.3208  0.1697  0.6374  0.0635 -0.0003  0.2954 0 
 50.0282  0.7434 -3.1361  0.0145  0.1358  0.0255  0.0854  0.0093 -0.0003  0.0836 0 
 48.9845  0.3414  2.9444  0.0073  0.5788  0.0633  0.2575  0.0196 -0.0003  0.2533 0 
 47.5776 -0.3882 -0.0846  0.0261  0.1710  0.0836  0.4324  0.1027 -0.0003  0.1979 0 
 47.5868 -0.8089 -2.5985  0.0349  0.1875  0.0849  0.4324  0.0284 -0.0003  0.1815 0 
 43.0976  0.7864  0.5222  0.0436  0.5299  0.0135  0.2662  0.0692 -0.0003  0.1578 0 
 47.9011 -0.4439  2.5954  0.2782  0.2640  0.0475  0.3453  0.1502 -0.0003  0.8601 0 
 41.4496  0.4649 -0.5106  0.0128  0.0746  0.0748  0.2242  0.0085 -0.0003  0.0825 0 
 46.3874 -0.5073 -2.4361  0.0400  0.2543  0.0434  0.2176  0.0441 -0.0003  0.1848 0 
 44.2908  0.5368  0.7671  0.0139  0.0784  0.0344  0.1762  0.0096 -0.0003  0.0620 0 
 48.9357  0.1826 -0.5723  0.0151  0.6474  0.1005  0.7297  0.0473 -0.0003  0.2857 0 
 44.2481 -0.1640  2.5194  0.0175  0.1509  0.0324  0.3084  0.0779 -0.0003  0.0708 0 
 37.7234 -0.6692  0.6992  0.1659  0.3386  0.0484  0.5980  0.0469 -0.0003  0.6700 1 
 24.2924  0.6750 -2.4920  0.4256  0.4056  0.0231  0.3664  0.2795  0.0293  0.9838 1 
 47.4525 -0.7420 -2.0296  0.0017  0.1705  0.0256  0.3894  0.0377 -0.0003  0.0537 0 
 29.7978  0.7269  1.1239  0.0122  0.0916  0.0157  0.2460  0.0045 -0.0003  0.0414 0 
 49.2927 -0.2065  0.9078  0.0774  0.5627  0.1151  0.6855  0.2114 -0.0003  0.8132 0 
 42.4842  0.2533 -2.2200  0.0100  0.1552  0.0452  0.1782  0.0117  0.3263  0.8003 0 
 52.3384  0.7455 -2.7849  0.0226  0.1023  0.1226  0.3376  0.0923 -0.0003  0.0988 0 
 48.4077 -0.6709  0.3268  0.0147  0.2223  0.0386  0.1722  0.0195 -0.0003  0.1106 0 
 45.5848 -0.4997 -0.8678  0.7300  0.4141  0.0496  0.2186  0.4226 -0.0003  0.9975 1 
 43.4241  0.4487  2.3002  0.3452  0.2239  0.0690  0.4872  0.2563 -0.0003  0.9839 1 
 43.0091 -0.3018  0.9029  0.0211  0.8748  0.0157  0.2664  0.0469 -0.0003  0.1751 0 
 36.1395  0.2912 -2.2767  0.0682  0.3499  0.0206  0.4190  0.0334 -0.0003  0.2963 0 
 62.3301  0.3842  2.1306  0.0238  0.1092  0.0743  0.2829  0.0312 -0.0003  0.0906 0 
 35.3674 -0.3754 -1.0505  0.0053  0.3894  0.0148  0.4215  0.0517 -0.0003  0.0818 0 
 44.2115  0.6984  1.7757  0.0305  0.2935  0.1028  0.5289  0.0099 -0.0003  0.2355 0 
 43.5523 -0.7108 -1.3944  0.0026  0.2001  0.0908  0.4425  0.0342 -0.0003  0.1121 0 
 43.4943  0.2731  2.3162  0.0001  0.1717  0.0251  0.3984  0.0848 -0.0003  0.0600 0 
 39.7803 -0.2685 -0.8247  0.0127  0.0691  0.0231  0.2721  0.0611 -0.0003  0.0432 0 
 45.0477  0.4756 -0.4523  0.0141  0.1981  0.0124  0.1316  0.0854 -0.0003  0.0774 0 
 38.1476 -0.5055  2.7521  0.0355  0.2522  0.1598  0.3669  0.0507 -0.0003  0.2425 0 
 52.4941  0.5736  0.0904  0.0514  0.5047  0.0755  0.2952  0.0490 -0.0003  0.4207 1 
 39.3957 -0.5511 -3.0062  0.7259  0.6389  0.0200  0.4091  0.7874 -0.0003  0.9983 1 
 42.2950 -0.5804 -0.6020  0.1154  0.3206  0.0797  0.4014  0.0565 -0.0003  0.5206 0 
 40.7813  0.5759  2.5083  0.0560  0.5945  0.0657  0.4954  0.0161 -0.0003  0.3551 0 
 52.9488  0.1861  1.3563  0.5123  0.6130  0.0972  0.4628  0.3283  0.3374  0.9983 1 
 44.0192 -0.2079 -1.8142  0.4500  0.3305  0.0477  0.5736  0.3953 -0.0003  0.9938 1 
 57.6791  0.0601 -1.9473  0.2344  0.2037  0.0240  0.2059  0.2763 -0.0003  0.8132 0 
 46.0792 -0.0827  1.1668  0.0003  0.1897  0.0280  0.2616  0.0519 -0.0003  0.0477 0 
 46.0121 -0.1726 -0.7150  0.4645  0.4353  0.0254  0.3489  0.4338 -0.0003  0.9960 0 
 32.1386  0.1777  2.4337  0.0084  0.3452  0.0256  0.4813  0.0364  0.1307  0.3072 0 
 48.2033  0.0333  0.0831  0.0294  0.0479  0.0039  0.0862  0.0124 -0.0003  0.0457 0 
 35.9777 -0.0371 -3.0466  0.0217  0.2882  0.0214  0.2797  0.0512 -0.0003  0.0826 0 
 38.7335  0.4742 -2.2627  0.0195  0.5554  0.0128  0.2740  0.0058 -0.0003  0.1206 0 
 37.1435 -0.4734  0.8952  0.0198  0.3381  0.1872  0.3234  0.0162 -0.0003  0.2191 0 
 48.6854 -0.0752 -2.0746  0.0222  0.4189  0.0255  0.3438  0.0042  0.0275  0.2096 0 
 39.9695  0.0859  1.0977  0.0174  0.1915  0.0263  0.3170  0.0036 -0.0003  0.0736 0 
 50.4067  0.0624  0.8226  0.0210  0.1967  0.0572  0.6390  0.0872 -0.0003  0.2632 0 
 44.3091 -0.0656 -2.3432  0.0364  0.3723  0.0281  0.2643  0.0074 -0.0003  0.1825 0 
 44.3732  0.2758  2.7479  0.0567  0.4580  0.0236  0.3082  0.0720 -0.0003  0.2505 0 
 42.1912 -0.2649 -0.3772  0.0083  0.3670  0.0284  0.4463  0.1166 -0.0003  0.1718 0 
 46.1250  0.6379 -2.9091  0.0032  0.1822  0.2478  0.4359  0.0724 -0.0003  0.1746 0 
 41.3306 -0.6482  0.2617  0.0023  0.4203  0.1063  0.4936  0.1591 -0.0003  0.2727 0 
 36.9177 -0.7844 -0.9494  0.0012  0.1864  0.0354  0.2314  0.2653  0.0942  0.4598 1 
 36.7681  0.7614  2.1875  0.1107  0.3594  0.1008  0.2780  0.0806  0.7373  0.9978 1 
 49.0486  0.2867 -2.3990  0.0290  0.1747  0.0735  0.5577  0.0432 -0.0003  0.2098 0 
 47.3091 -0.2781  0.7640  0.0008  0.2580  0.0293  0.2165  0.0455 -0.0003  0.0666 0 
 40.4639  0.1271 -0.8433  0.7250  0.5238  0.1191  0.4062  0.5557 -0.0003  0.9979 1 
 39.0295 -0.1020  2.2367  0.4186  0.4540  0.0538  0.5469  0.4509 -0.0003  0.9957 1 
 49.5705  0.3394 -0.1358  0.0687  0.5771  0.0860  0.5989  0.0389 -0.0003  0.4050 1 
 43.3021 -0.3579  3.0047  0.2538  0.3314  0.0920  0.4432  0.2977  0.1977  0.9827 1 
 42.6703 -0.3679 -0.2626  0.1277  0.3415  0.0626  0.6229  0.0867 -0.0003  0.7017 1 
 24.7044  0.4051  2.8637  0.1597  0.3206  0.0223  0.6249  0.2025  0.1218  0.9198 1 
 47.0283  0.1774  0.2792  0.0257  0.7560  0.0765  0.6071  0.0175 -0.0003  0.2977 0 
 45.7191 -0.1393 -2.8943  0.0577  0.0313  0.0253  0.3058  0.0513 -0.0003  0.0624 0 
 42.8351 -0.3769  0.3685  0.0235  0.6537  0.2343  0.4889  0.0606 -0.0003  0.3101 0 
 42.3133  0.4406 -2.7717  0.0194  0.0673  0.0942  0.5351  0.0113 -0.0003  0.0872 0 
 46.3874 -0.1234  1.4076  0.0134  0.3148  0.0675  0.4787  0.0341 -0.0003  0.1830 0 
 43.6164  0.1335 -1.7240  0.0128  0.8182  0.0679  0.3981  0.0646 -0.0003  0.3059 0 
 48.7556  0.7958  0.5349  0.0411  0.4628  0.0795  0.5156  0.0342 -0.0003  0.3045 0 
 41.4160 -0.7615 -2.6181  0.0139  0.1872  0.0579  0.2243  0.0150 -0.0003  0.1165 0 
 47.4434  0.2252 -2.4481  0.0010  0.3391  0.0302  0.3462  0.0434 -0.0003  0.0818 0 
 46.1250 -0.2272  0.7060  0.0015  0.6752  0.0183  0.2615  0.1163 -0.0003  0.1398 0 
 44.6174 -0.7810  1.8604  0.0323  0.1362  0.2719  0.4397  0.0130 -0.0003  0.1749 0 
 41.3367  0.7767 -1.2941  0.0036  0.7432  0.0232  0.3141  0.0159 -0.0003  0.1361 0 
 46.3935 -0.4229 -0.0295  0.0039  0.3767  0.1734  0.5223  0.0356 -0.0003  0.2136 0 
 41.2390  0.4598  3.1134  0.0404  0.3057  0.0182  0.2694  0.0340 -0.0003  0.1083 0 
 47.8157  0.4405 -0.4077  0.0381  0.2021  0.0622  0.4318  0.1769 -0.0003  0.3507 0 
 42.3407 -0.4312  2.7530  0.0666  0.3522  0.0378  0.4012  0.1578 -0.0003  0.5363 0 
 45.6367  0.4668 -1.3964  0.0782  0.4246  0.0428  0.3934  0.0222  0.0369  0.5227 0 
 35.1873 -0.4395  1.7336  0.0256  0.2958  0.0038  0.2345  0.1396 -0.0003  0.1142 0 
 43.2837  0.6547 -1.8061  0.0930  0.2842  0.0386  0.3546  0.1398 -0.0003  0.5500 0 
 33.6248 -0.6985  1.3331  0.0797  0.3321  0.0547  0.6176  0.0850 -0.0003  0.5608 0 
 52.0272  0.5460  0.4590  1.1912  0.4799  0.1261  0.7607  0.6927 -0.0003  0.9965 1 
 37.4975 -0.5632 -2.7127  0.4269  0.6455  0.0211  0.3225  0.4168 -0.0003  0.9955 1 
 45.2918  0.7094 -0.4423  0.0400  0.1006  0.0230  0.1752  0.0130 -0.0003  0.0581 0 
 42.8504 -0.7292  2.7230  0.0222  0.3631  0.0650  0.3111  0.1971 -0.0003  0.4696 0 
 43.7385 -0.5612  2.2170  0.0417  0.2500  0.0962  0.3536  0.0344 -0.0003  0.2355 0 
 35.9350  0.5511 -0.9275  0.0685  0.5728  0.0206  0.3730  0.0767 -0.0003  0.3757 0 
 45.3254 -0.0474 -0.9205  0.0288  0.5186  0.1319  0.2627  0.0972 -0.0003  0.3819 0 
 43.0030  0.0542  2.2241  0.0961  0.5425  0.0470  0.3552  0.1212 -0.0003  0.7223 0 
 48.6122 -0.7549  0.2587  0.0403  0.3151  0.0180  0.2580  0.0255 -0.0003  0.1116 0 
 36.4141  0.7524 -2.8966  0.0037  0.1399  0.0400  0.3252  0.0313 -0.0003  0.0598 0 
 50.4433  0.1075 -2.4467  0.0479  0.0694  0.0151  0.2556  0.0163  0.1205  0.2116 0 
 46.7018 -0.1187  0.7111  0.0741  0.4640  0.0516  0.3041  0.0070 -0.0003  0.4612 0 
 47.5013 -0.0543 -3.0844  0.0616  0.5264  0.0225  0.3460  0.1465 -0.0003  0.4265 0 
 37.4212  0.0839  0.0434  0.0011  0.1716  0.0458  0.3227  0.0248  0.1535  0.1840 0 
 49.4240 -0.5872  3.0424  0.0112  0.3362  0.0677  0.2997  0.0187 -0.0003  0.1868 0 
 38.7213  0.5823 -0.1085  0.0009  0.3117  0.0165  0.1827  0.0825 -0.0003  0.0817 0 
 51.0109  0.6468 -0.4934  0.1336  0.2081  0.1274  0.5097  0.1607 -0.0003  0.7859 0 
 47.0527 -0.6465  2.6692  0.0368  0.2484  0.0686  0.3035  0.0410 -0.0003  0.2197 0 
 48.0659 -0.0539 -2.1099  0.1194  0.4324  0.0123  0.2587  0.2032 -0.0003  0.5035 0 
 34.5922  0.0311  1.0094  0.0342  0.2333  0.0370  0.3299  0.0259  0.0741  0.2693 0 
 46.8269  0.5981  2.4853  0.0305  0.4739  0.1299  0.5210  0.0258 -0.0003  0.2635 0 
 40.2289 -0.5585 -0.6289  0.0162  0.3541  0.1171  0.4520  0.1486  0.0557  0.3957 0 
 47.5257  0.0324  0.3830  0.0105  0.5926  0.0505  0.3460  0.0113 -0.0003  0.2125 1 
 34.1283 -0.0430 -2.7872  0.4967  0.3267  0.0237  0.2839  0.4796 -0.0003  0.9966 1 
 50.5745  0.6489  0.5294  0.2697  0.8180  0.0616  0.5108  0.2956 -0.0003  0.9823 1 
 44.7364 -0.6585 -2.5784  0.0832  0.6355  0.0435  0.6591  0.1419  0.1998  0.8584 1 
 42.3560 -0.4342 -2.8601  0.0505  0.1373  0.0182  0.3566  0.0191 -0.0003  0.0840 0 
 39.0478  0.4454  0.2414  0.0347  0.3385  0.0838  0.6835  0.1180 -0.0003  0.4383 0 
 43.2197  0.5428 -1.1996  0.0025  0.5719  0.0783  0.3547  0.0522  0.2570  0.5401 1 
 35.5901 -0.5955  2.0162  0.2232  0.2592  0.0375  0.3273  0.2274 -0.0003  0.8842 1 
 46.3020 -0.3555 -1.8324  0.0515  0.1225  0.0355  0.1742  0.0347 -0.0003  0.0907 0 
 44.4678  0.3290  1.2797  0.0642  0.3951  0.1101  0.6161  0.0408 -0.0003  0.4078 0 
 45.7191 -0.5338  1.8576  0.0329  0.1635  0.0222  0.2621  0.0169 -0.0003  0.0642 0 
 44.1871  0.5160 -1.2759  0.0340  0.3547  0.0203  0.2204  0.0108 -0.0003  0.1332 0 
 42.7893  0.5287 -1.5736  0.0125  0.4349  0.0660  0.2667  0.0453 -0.0003  0.2422 1 
 23.3677 -0.5542  1.6033  0.1871  0.0457  0.0094  0.3180  0.2415  0.0612  0.6459 1 
 47.8492 -0.1848 -1.4795  0.3001  0.4176  0.0710  0.4749  0.3531 -0.0003  0.9935 1 
 41.5534  0.1825  1.6658  0.1430  0.6666  0.0270  0.3585  0.2376 -0.0003  0.8634 1 
 49.8238  0.0302  0.9795  0.1046  0.5960  0.0640  0.6409  0.1143  0.1888  0.8727 0 
 43.6561 -0.0470 -2.1981  0.0998  0.2731  0.0821  0.1769  0.0622 -0.0003  0.5626 0 
 46.7842 -0.5403  2.0095  0.0432  0.7023  0.0268  0.3474  0.1633 -0.0003  0.4493 0 
 39.8291  0.5119 -1.1350  0.1213  0.1634  0.0359  0.4532  0.0688  0.1935  0.7506 0 
 53.6171  0.2959  0.5653  0.0110  0.0219  0.0471  0.2516  0.1055 -0.0003  0.0769 0 
 46.5034 -0.2912 -2.6085  0.0078  0.4461  0.0881  0.4349  0.0831 -0.0003  0.2144 0 
 48.1880 -0.6258  0.2382  0.1786  0.6248  0.1144  0.5171  0.2080  0.5977  0.9989 1 
 40.2197  0.6263 -2.8750  0.0965  0.4048  0.1092  0.4068  0.3826  0.2178  0.9685 1 
 38.6999  0.7728  2.6525  0.0304  0.3535  0.0245  0.3198  0.0130 -0.0003  0.1424 0 
 36.1059 -0.7660 -0.5026  0.0280  0.5154  0.0083  0.1863  0.0738  0.1467  0.2797 0 
 45.5909  0.0547 -2.3110  0.7326  0.2265  0.0882  0.3935  0.7039 -0.0003  0.9954 1 
 44.5624 -0.0577  0.8533  0.1253  0.8134  0.0702  0.6597  0.1789 -0.0003  0.9091 1 
 42.1668  0.5314 -2.0908  0.0206  0.2682  0.0163  0.3124  0.0240 -0.0003  0.0683 0 
 41.6693 -0.5411  1.0204  0.0107  0.2474  0.0470  0.2239  0.0038 -0.0003  0.1352 0 
 48.0964  0.6898 -0.8066  0.0091  0.3263  0.0228  0.2587  0.0131 -0.0003  0.0855 0 
 47.4708 -0.6922  2.3465  0.0104  0.0329  0.0520  0.2163  0.0073 -0.0003  0.0727 0 
 49.6651  0.3097 -0.2378  0.0163  0.0735  0.0375  0.4276  0.0847 -0.0003  0.0862 0 
 41.1200 -0.3159  2.8931  0.0086  0.2475  0.0404  0.2696  0.0853 -0.0003  0.1029 0 
 48.0751  0.5244  2.5215  0.1015  0.4860  0.0212  0.3450  0.1284 -0.0003  0.5391 0 
 45.9022 -0.5168 -0.6096  0.0086  0.5716  0.0266  0.3055  0.0087 -0.0003  0.1530 0 
 51.4565 -0.4494 -0.9513  0.0248  0.0872  0.0362  0.2119  0.1140 -0.0003  0.0855 0 
 44.6510  0.4518  2.1744  0.0166  0.1375  0.0156  0.2198  0.0672 -0.0003  0.0435 0 
 45.6184  0.3215 -1.1367  0.0354  0.2034  0.2430  0.5683  0.0181 -0.0003  0.2725 0 
 45.0904 -0.2954  2.0362  0.0171  0.1901  0.1278  0.4385  0.0086 -0.0003  0.1395 0 
 53.0953  0.1292 -0.4925  0.0015  0.7400  0.0313  0.2943  0.0545 -0.0003  0.1503 0 
 45.1728 -0.1526  2.6384  0.0280  0.1511  0.0504  0.2629  0.0880 -0.0003  0.1222 0 
 48.0720  0.1716  2.9067  0.0832  0.5186  0.1829  0.6468  0.2551 -0.0003  0.8955 1 
 33.7865 -0.1982 -0.2752  0.2906  0.0928  0.1031  0.1897  0.1309  0.7436  0.9989 1 
 61.7197  0.3836 -1.2893  0.0084  0.3883  0.1400  0.4051  0.0368 -0.0003  0.2005 0 
 40.9308 -0.3469  1.8281  0.0298  0.5809  0.0517  0.2699  0.0042 -0.0003  0.3185 0 
 46.5034  0.7596  1.0188  0.0233  0.3325  0.0868  0.3480  0.0735 -0.0003  0.2480 0 
 46.3142 -0.7461 -2.0821  0.0016  0.4175  0.1361  0.2177  0.0812 -0.0003  0.2726 0 
 49.0211  0.7262  0.9532  0.0316  0.2595  0.1174  0.4720  0.0587  0.1970  0.4337 0 
 47.6722 -0.7371 -2.1912  0.0354  0.1270  0.0243  0.3457  0.0872 -0.0003  0.0869 0 
 45.8228  0.2793  1.2734  0.0019  0.2566  0.0494  0.3930  0.0696 -0.0003  0.1119 0 
 45.1423 -0.2585 -1.8586  0.0002  0.4353  0.0618  0.4822  0.1296 -0.0003  0.2217 0 
 38.3337  0.4816 -1.6877  0.0138  0.1132  0.0847  0.1374  0.0222 -0.0003  0.1154 1 
 31.3573 -0.4143  1.4597  0.0328  0.4363  0.1292  0.4847  0.1162  0.6500  0.9052 1 
 43.7079 -0.2476  2.8818  0.1637  0.4921  0.0449  0.1326  0.1525 -0.0003  0.7903 0 
 40.9918  0.2581 -0.2934  0.0207  0.2817  0.0439  0.3148  0.1406 -0.0003  0.2405 0 
 51.3313  0.4085 -1.9120  0.0374  0.0959  0.0822  0.4240  0.0214 -0.0003  0.1098 0 
 49.8268 -0.4102  1.1722  0.0924  0.4427  0.0667  0.4700  0.2145 -0.0003  0.8026 0 
 46.1097 -0.2428 -2.5100  1.0737  0.2802  0.0601  0.2615  0.4567 -0.0003  0.9894 1 
 28.8365  0.1919  0.6820  0.4956  0.5737  0.0373  0.3974  0.3536  0.3188  0.9987 1 
 45.7008 -0.2778 -2.2986  0.0029  0.2753  0.0181  0.2184  0.0621 -0.0003  0.0599 0 
 35.5291  0.2808  0.8278  0.0059  0.2971  0.0197  0.1403  0.0071 -0.0003  0.1080 0 
 47.7729  0.2130  2.4211  0.0296  0.4093  0.0215  0.3024  0.1121 -0.0003  0.1707 0 
 43.6713 -0.2576 -0.7183  0.0228  0.4291  0.1253  0.3980  0.0244 -0.0003  0.2269 0 
 39.1272 -0.5400  2.3156  0.0187  0.3058  0.0533  0.5010  0.1613  0.3314  0.7340 0 
 35.6237  0.5498 -0.8706  0.2955  0.1408  0.0476  0.2804  0.2924 -0.0003  0.9456 0 
 45.1759 -0.7353 -2.3091  0.0894  0.4852  0.0428  0.3506  0.1395 -0.0003  0.6914 1 
 45.1209  0.7582  0.8414  0.4086  0.4327  0.0345  0.4822  0.6058 -0.0003  0.9979 1 
 55.4299 -0.7392 -1.0412  0.0129  0.2601  0.0613  0.4991  0.2434 -0.0003  0.3502 0 
 41.2268  0.7571  2.1417  0.0043  0.1635  0.0102  0.0898  0.0038 -0.0003  0.0654 0 
 45.1484  0.7078  0.4367  0.0123  0.2297  0.0671  0.7013  0.1518 -0.0003  0.3269 0 
 41.6663 -0.7130 -2.6938  0.0081  0.3284  0.1005  0.3134  0.0947 -0.0003  0.2201 0 
 61.6220  0.3907  0.8315  0.0059  0.1748  0.4277  0.2431  0.0567 -0.0003  0.2159 0 
 40.8118 -0.3639 -2.3379  0.0193  0.1952  0.0183  0.4052  0.1256 -0.0003  0.1107 0 
 51.6823  0.6067 -1.5284  0.0744  0.2144  0.0807  0.1693  0.0506 -0.0003  0.3880 0 
 45.7862 -0.5982  1.5953  0.0865  0.5234  0.1927  0.3057  0.0964  0.5828  0.9085 0 
 48.3741  0.1971  2.4078  0.3041  0.4304  0.0720  0.4736  0.4554  0.1783  0.9968 1 
 42.9297 -0.2303 -0.7311  0.5470  0.6328  0.0506  0.4886  0.3936  0.3584  0.9993 1 
 42.1515  0.7082  2.1299  0.1673  0.2698  0.0797  0.7588  0.2625 -0.0003  0.9585 1 
 25.3666 -0.6817 -0.9533  0.1618  0.2800  0.0545  0.3615  0.0226 -0.0003  0.5455 1 
 43.3783  0.3399  2.1974  0.0246  0.2573  0.1023  0.3544  0.0290 -0.0003  0.1819 0 
 30.9026 -0.3150 -1.0165  0.0611  0.4034  0.0322  0.4381  0.0378 -0.0003  0.3697 0 
 42.0233  0.0866  1.9526  0.0187  0.1635  0.0457  0.2234  0.0345 -0.0003  0.0858 0 
 34.6593 -0.0895 -1.1165  0.0523  0.1675  0.1092  0.4239  0.1241 -0.0003  0.3423 0 
 49.2317 -0.0041 -1.3322  0.1936  0.6144  0.2205  0.7714  0.0660 -0.0003  0.7927 1 
 45.8717 -0.0084  1.7796  1.3441  0.5074  0.0343  0.5238  1.0590  0.0370  0.9980 1 
 48.8808  0.4635 -2.8305  0.0679  0.1333  0.0649  0.6440  0.0967 -0.0003  0.4395 0 
 42.4323 -0.4555  0.2946  0.0293  0.2542  0.0127  0.3119  0.0629 -0.0003  0.0738 0 
 50.8553 -0.6892  1.5206  0.0015  0.1865  0.0612  0.5526  0.0767 -0.0003  0.1398 0 
 44.9928  0.6829 -1.6101  0.0765  0.1724  0.0188  0.2632  0.0997 -0.0003  0.1710 0 
 46.1341  0.6610 -3.0590  0.0886  0.3260  0.0602  0.3923  0.0609 -0.0003  0.4793 1 
 29.0501 -0.6685  0.0407  0.3265  0.5234  0.0247  0.3470  0.2817 -0.0003  0.9684 1 
 46.0670  0.6786 -1.1059  0.2386  0.2966  0.1539  0.4796  0.4317 -0.0003  0.9960 1 
 43.3997 -0.6786  2.0582  0.0005  0.1726  0.0365  0.2215  0.1456 -0.0003  0.1082 1 
 48.5145  0.1209  0.7673  0.0006  0.0956  0.0295  0.1721  0.0430 -0.0003  0.0474 0 
 48.3741 -0.0954 -2.3878  0.0035  0.2858  0.0365  0.2583  0.0057 -0.0003  0.1047 0 
 48.9082  0.5677 -1.9507  0.0615  0.1162  0.0440  0.3005  0.0938  0.1708  0.4558 0 
 45.3376 -0.5727  1.2007  0.0375  0.6797  0.0200  0.3503  0.0670 -0.0003  0.2228 0 
 47.6356  0.2780 -1.1532  0.8872  0.1901  0.0434  0.7780  1.3254 -0.0003  0.9993 1 
 43.5950 -0.3198  2.0347  0.2303  0.6127  0.0595  0.1770  0.1225 -0.0003  0.9092 1 
 48.9632  0.4216  2.8400  0.0371  0.3128  0.0444  0.2575  0.0046 -0.0003  0.2300 0 
 39.6582 -0.3864 -0.3256  0.0891  0.3946  0.0215  0.2722  0.0776 -0.0003  0.3116 0 
 48.3589  0.4302 -0.0425  0.1439  0.8004  0.0702  0.3444  0.1295  0.1967  0.8713 1 
 35.5413 -0.4218  3.0785  0.4817  0.5564  0.0725  0.3274  0.4062  0.4960  0.9998 1 
 46.7720  0.4403 -2.9601  0.0027  0.4366  0.0542  0.3040  0.0491 -0.0003  0.1715 0 
 38.4741 -0.4476  0.1635  0.1300  0.2311  0.0038  0.1372  0.0805 -0.0003  0.1809 0 
 48.0842 -0.7662  2.7978  0.0112  0.4896  0.0352  0.6468  0.0339  0.0984  0.3556 0 
 32.6085  0.7631 -0.3026  0.0038  0.3624  0.0101  0.0479  0.0001 -0.0003  0.1696 0 
 49.8329  0.0229  2.2050  0.0141  0.0812  0.0133  0.1282  0.0190 -0.0003  0.0450 0 
 40.5402 -0.0219 -0.8909  0.0365  0.0555  0.0745  0.1804  0.0301 -0.0003  0.0930 0 
 48.6732 -0.6804 -1.1748  0.0331  0.1635  0.0710  0.2579  0.0273 -0.0003  0.1403 0 
 21.9303  0.7038  2.0398  0.0459  0.0431  0.0562  0.2163  0.0198 -0.0003  0.0808 0 
 46.6072 -0.5542  1.2683  0.3703  0.3015  0.0507  0.3912  0.3089 -0.0003  0.9874 1 
 44.3885  0.5532 -1.8936  0.1222  0.3673  0.0205  0.2642  0.0851 -0.0003  0.3974 1 
 45.9510  0.6291  2.9485  0.0231  0.1296  0.1022  0.4799  0.1496 -0.0003  0.2091 0 
 45.3376 -0.6194 -0.2536  0.0004  0.7873  0.0972  0.5254  0.1486 -0.0003  0.3729 0 
 43.4028 -0.4687  0.0949  0.0237  0.4907  0.0362  0.5315  0.1429 -0.0003  0.3842 0 
 40.4730  0.4528 -3.0484  0.0401  0.6343  0.0554  0.3159  0.0121  0.1999  0.6373 0 
 40.0885 -0.6781  0.9682  0.0474  0.5766  0.0090  0.4525  0.2708 -0.0003  0.5020 0 
 37.9492  0.6670 -2.1704  0.1347  0.1431  0.1395  0.4133  0.0558 -0.0003  0.4347 0 
 47.1748  0.7620  0.5985  0.0027  0.6072  0.0545  0.5200  0.0150 -0.0003  0.1751 0 
 42.4994 -0.7766 -2.4910  0.0174  0.2799  0.0405  0.3118  0.0046 -0.0003  0.1399 0 
 46.2013  0.2364  1.7040  0.0161  0.3114  0.0638  0.2614  0.0025 -0.0003  0.2080 0 
 39.9512 -0.2314 -1.4319  0.0184  0.0793  0.2003  0.3170  0.0709 -0.0003  0.0668 0 
 46.9459  0.7494  0.9009  0.1808  0.1193  0.0370  0.3905  0.1474  0.1586  0.8548 0 
 42.1668 -0.7318 -2.1847  0.0203  0.3268  0.0557  0.3571  0.0287 -0.0003  0.1896 0 
 45.2796 -0.1051  2.5461  0.0551  0.1495  0.0369  0.4818  0.1212 -0.0003  0.2822 0 
 36.3470  0.0995 -0.5777  0.0158  0.5299  0.0186  0.3253  0.1268  0.1288  0.4285 0 
 48.7709  0.1272  2.2621  0.0118  0.3612  0.0920  0.4726  0.1048 -0.0003  0.2396 0 
 38.6145 -0.1304 -0.8902  0.0121  0.6029  0.0717  0.5028  0.0595 -0.0003  0.2353 0 
 49.4942  0.5085  3.0106  0.0367  0.4719  0.0562  0.2568  0.0519 -0.0003  0.3537 0 
 42.0081 -0.5255 -0.2001  0.0106  0.5193  0.1068  0.5808  0.0400 -0.0003  0.2298 0 
 60.4074 -0.4206 -0.1287  0.0376  0.6000  0.1556  0.3665  0.0600 -0.0003  0.3314 0 
 45.4566  0.4064  2.9265  0.0584  0.3321  0.0105  0.1750  0.0864 -0.0003  0.1452 0 
 47.0954 -0.7626 -0.7440  0.0574  0.4073  0.0468  0.3468  0.1594 -0.0003  0.5603 1 
 44.7517  0.7739  2.4220  0.0427  0.7106  0.0482  0.5272  0.0983 -0.0003  0.4713 1 
 49.0730 -0.2516  1.2141  0.0071  0.1854  0.0798  0.4718  0.0463 -0.0003  0.1228 0 
 47.9377  0.2307 -1.9196  0.0120  0.4228  0.0780  0.7767  0.0179 -0.0003  0.2629 0 
 68.5374 -0.3803  1.7064  0.0846  0.0803  0.0592  0.4346  0.0840 -0.0003  0.2285 0 
 51.7098  0.3655 -1.4465  0.0286  0.1815  0.0208  0.1693  0.0312 -0.0003  0.0682 0 
 50.1137 -0.0606  2.2798  0.0170  0.3444  0.0892  0.6400  0.0997 -0.0003  0.3071 0 
 44.5624  0.1025 -0.8854  0.3699  0.5379  0.0215  0.3079 -0.0200  0.1798  0.9518 0 
 43.5950  0.0342 -2.3465  0.0604  0.6602  0.0602  0.2654  0.1166  0.3922  0.9655 1 
 40.7935 -0.0285  0.7919  0.2854  0.2045  0.0473  0.2702  0.2248 -0.0003  0.9215 1 
 36.8750 -0.7407 -2.6827  0.0603  0.0939  0.0195  0.2314  0.0613 -0.0003  0.0622 0 
 30.5303  0.7346  0.4890  0.1559  0.2437  0.0531  0.1954  0.0637 -0.0003  0.5924 0 
 55.2255 -0.3645 -3.1396  0.1256  0.3705  0.0130  0.2498  0.1414  0.1619  0.7719 0 
 44.1718  0.3383 -0.0205  0.1483  0.4585  0.0207  0.1763  0.0129 -0.0003  0.4900 0 
 39.3957  0.1649  0.6658  0.2863  0.2382  0.0399  0.3182  0.1627  0.1461  0.9198 1 
 36.4752 -0.1174 -2.4469  0.4668  0.7037  0.0460  0.2786  0.2080 -0.0003  0.9874 1 
 45.9846  0.3240 -1.4324  0.0120  0.2877  0.1067  0.4798  0.0291 -0.0003  0.1751 0 
 42.4811 -0.3221  1.6987  0.0172  0.2432  0.0312  0.3564  0.0317 -0.0003  0.0938 0 
 45.9602  0.7355 -2.1838  0.3173  0.6613  0.0671  0.3491  0.2126 -0.0003  0.9747 1 
 39.2035 -0.8007  0.9247  0.1249  0.6057  0.0223  0.2731  0.1827 -0.0003  0.6779 1 
 46.2013  0.4039 -2.4771  0.0290  0.1497  0.0437  0.3921  0.1038 -0.0003  0.1489 0 
 45.8991 -0.3799  0.6539  0.0800  0.5152  0.0478  0.2182  0.0372 -0.0003  0.5413 0 
 48.9265 -0.7897  0.6043  0.0567  0.5797  0.2098  0.7727  0.0927  0.3337  0.8391 0 
 45.4871  0.7945 -2.4800  0.0393  0.2745  0.0307  0.3500  0.0290 -0.0003  0.1582 0 
 47.9988 -0.5901 -2.6129  0.0477  0.3453  0.0498  0.3882  0.0543 -0.0003  0.3162 0 
 47.3487  0.6130  0.5223  0.0468  0.5101  0.0285  0.5628  0.0370 -0.0003  0.3887 0 
 46.1189  0.1766  1.7439  0.0264  0.2836  0.1313  0.4359  0.0202 -0.0003  0.2076 0 
 40.8515 -0.1888 -1.3770  0.0481  0.3887  0.0579  0.3601  0.0291 -0.0003  0.3246 0 
 45.7313 -0.5424 -1.6704  0.0408  0.6102  0.0398  0.2621  0.0565 -0.0003  0.3332 0 
 37.7173  0.5401  1.4643  0.0053  0.1598  0.0095  0.2760  0.0823 -0.0003  0.0378 0 
 42.5513  0.4727  1.1963  0.2577  0.4685  0.0421  0.4452  0.2277 -0.0003  0.9487 1 
 39.9084 -0.4483 -1.9662  0.1931  0.3149  0.0416  0.2718  0.1739 -0.0003  0.8218 1 
 44.4465 -0.3847 -2.4735  0.0879  0.1850  0.0268  0.4401  0.1017 -0.0003  0.3632 0 
 38.6175  0.4168  0.7393  0.0073  0.3566  0.1216  0.5028  0.1081  0.2551  0.5087 0 
 52.3812 -0.1481  1.0490  0.0313  0.7087  0.1773  0.5906  0.1203  0.2220  0.7108 1 
 44.0620  0.1074 -2.0348  0.0574  0.1743  0.0203  0.3970  0.0971 -0.0003  0.1843 1 
 45.3620 -0.5301 -0.6672  0.0275  0.1836  0.1549  0.4378  0.0345 -0.0003  0.1747 0 
 44.1962  0.5312  2.4683  0.0383  0.3198  0.0383  0.3526  0.0576 -0.0003  0.2159 0 
 52.2225 -0.6825 -2.0619  0.0150  0.3709  0.0541  0.5066  0.0073 -0.0003  0.1967 0 
 51.1055  0.6905  1.0647  0.0862  0.3207  0.0231  0.3396  0.1527  0.1347  0.7109 0 
 48.5389 -0.7603 -2.9866  0.0620  0.0369  0.0284  0.2581  0.0505 -0.0003  0.0618 0 
 46.0121  0.7518  0.1890  0.0292  0.1230  0.0182  0.1745  0.0325 -0.0003  0.0487 0 
 43.0793 -0.1683  2.9605  0.0301  0.2170  0.0226  0.2663  0.0291 -0.0003  0.0756 0 
 41.6846  0.1863 -0.1614  0.1070  0.2215  0.0290  0.3582  0.1270  0.1597  0.7586 0 
 48.0720 -0.0006 -3.0938  0.0690  0.1180  0.0600  0.6900  0.1028 -0.0003  0.4659 0 
 48.0507 -0.0279  0.1032  0.0003  0.2933  0.0722  0.1725  0.1113 -0.0003  0.2746 0 
 45.3132 -0.6951  2.7891  0.3774  0.6964  0.0951  0.3503  0.3619 -0.0003  0.9961 1 
 41.2665  0.7058 -0.3606  0.0360  0.6055  0.0504  0.3591  0.0396 -0.0003  0.3342 1 
 46.4088 -0.6666  1.8090  0.0536  0.2713  0.0430  0.3481  0.0352 -0.0003  0.2446 0 
 43.8666  0.6832 -1.3611  0.0066  0.2638  0.1154  0.4417  0.1114 -0.0003  0.1970 0 
 55.5825  0.0796  1.7510  0.0006  0.7550  0.0598  0.4157  0.0338  0.1738  0.4002 0 
 45.9907 -0.0769 -1.3358  0.0459  0.2537  0.0426  0.2617  0.0285 -0.0003  0.1915 0 
 52.4514 -0.4021 -3.0527  0.0339  0.3818  0.0577  0.2108  0.0561 -0.0003  0.3205 0 
 47.8157  0.4022  0.0944  0.0464  0.1824  0.2422  0.3023  0.0898 -0.0003  0.3288 0 
 47.9225 -0.3933  2.0256  0.0260  0.3517  0.3057  0.5179  0.1713 -0.0003  0.4863 1 
 44.6540  0.4729 -1.1006  0.3617  0.6686  0.0238  0.2638  0.3530 -0.0003  0.9902 1 
 49.5369  0.3002 -2.2408  0.0455  0.1535  0.0409  0.3851  0.1282 -0.0003  0.2188 0 
 46.7079 -0.3041  0.9282  0.0292  0.1926  0.0574  0.3910  0.0219 -0.0003  0.1517 0 
 46.9154  0.6179 -1.2688  0.1871  0.2343  0.0612  0.3472  0.1822  0.2848  0.9657 1 
 43.8209 -0.6389  1.8517  0.1495  0.2422  0.0496  0.5301  0.2864 -0.0003  0.9049 1 
 50.3395 -0.2332  1.2853  0.0039  0.1175  0.1067  0.2557  0.0789 -0.0003  0.0845 0 
 47.1809  0.2527 -1.8635  0.0007  0.1860  0.0394  0.1733  0.0214 -0.0003  0.0767 0 
 46.7323 -0.6277 -0.5266  0.0077  0.3402  0.0833  0.4778  0.0070 -0.0003  0.1660 0 
 42.4537  0.6247  2.6246  0.1100  0.1847  0.0245  0.3119  0.2425  0.0987  0.7321 0 
 51.3008 -0.4727 -1.4051  0.0553  0.6626  0.1114  0.7634  0.1312  0.1795  0.8256 1 
 45.4200  0.4597  1.7333  0.1169  0.4795  0.0250  0.3939  0.0527 -0.0003  0.5579 1 
 43.5981  0.4650 -2.0640  0.0000  0.1613  0.0365  0.2654  0.0561 -0.0003  0.0528 0 
 38.2086 -0.4580  1.0718  0.0064  0.0977  0.0084  0.1834  0.0064 -0.0003  0.0377 0 
 47.6143 -0.7999 -0.5672  0.1608  0.4048  0.0795  0.5187  0.3613 -0.0003  0.9752 1 
 39.0753  0.7971  2.5518  0.0461  0.7597  0.0353  0.4556  0.0746  0.1821  0.6311 1 
 40.2411  0.1615  2.8431  0.1868  0.5821  0.0515  0.2712  0.2585 -0.0003  0.9497 1 
 35.4376 -0.1707 -0.3041  0.0358  0.1346  0.0291  0.3277  0.2938 -0.0003  0.3567 1 
 46.2776  0.3767  3.0044  0.0161  0.2967  0.1074  0.5226  0.0356 -0.0003  0.2035 0 
 36.2097 -0.3978 -0.1317  0.0096  0.2985  0.0565  0.3257  0.0203  0.0364  0.1922 0 
 48.8075  0.3179  2.2052  0.3451  0.4355  0.0812  0.3866  0.2000 -0.0003  0.9759 0 
 45.5726 -0.3496 -0.9429  0.0289  0.4918  0.0457  0.3935  0.0202 -0.0003  0.2584 0 
 48.5237  0.4392  0.1210  0.0135  0.3701  0.0754  0.3442  0.0494 -0.0003  0.2009 0 
 47.1107 -0.4613 -3.0147  0.0032  0.6118  0.0880  0.3901  0.0128 -0.0003  0.1883 0 
 53.9681  0.7925 -0.8460  0.0491  0.1529  0.0265  0.1675  0.1263 -0.0003  0.1751 0 
 44.8920 -0.7750  2.2977  0.0044  0.5581  0.0409  0.3951  0.1213 -0.0003  0.2376 0 
 44.6082  0.1957  1.1953  0.0423  0.1753  0.0208  0.2638  0.0866 -0.0003  0.0941 0 
 36.5148 -0.2036 -1.9241  0.0842  0.1840  0.0629  0.2321  0.1301 -0.0003  0.4574 0 
 53.1167  0.1940  2.4749  0.0364  0.2540  0.1029  0.1681  0.0248 -0.0003  0.2896 0 
 43.0243 -0.2080 -0.7125  0.0295  0.4228  0.0294  0.4883  0.1180 -0.0003  0.3308 0 
 50.0771  0.2037  2.2424  0.5693  0.3444  0.0661  0.2134  0.3386 -0.0003  0.9960 1 
 46.4820 -0.2308 -0.9377  0.0721  0.5277  0.0726  0.3915  0.0312 -0.0003  0.4405 1 
 46.0914 -0.5145  2.7894  0.0117  0.4003  0.0595  0.1744  0.0059 -0.0003  0.2925 0 
 40.7080  0.4873 -0.3844  0.0587  0.3199  0.1478  0.3154  0.0794 -0.0003  0.3977 0 
 48.6091  0.7256  1.8225  0.0203  0.1255  0.0212  0.4300  0.0799 -0.0003  0.0817 0 
 44.0650 -0.7280 -1.3006  0.0197  0.1681  0.0244  0.1323  0.0082 -0.0003  0.0803 0 
 40.1129 -0.5020 -0.7312  0.0135  0.3298  0.0142  0.2714  0.0135  0.1605  0.3480 0 
 33.3593  0.5041  2.3756  0.0270  0.1073  0.0288  0.3333  0.0349 -0.0003  0.0618 0 
 40.8545 -0.6765  3.1294  0.2409  0.5132  0.0251  0.4501  0.4654 -0.0003  0.9896 1 
 34.8180  0.6563 -0.0011  0.0184  0.2446  0.0691  0.5175  0.0482 -0.0003  0.1955 1 
 46.3600  0.5242 -0.0601  0.0161  0.1897  0.0262  0.3047  0.1636 -0.0003  0.1370 0 
 45.2827 -0.5265  3.0737  0.0908  0.3787  0.0199  0.2190  0.0628 -0.0003  0.2536 0 
 45.8747 -0.3971 -2.3840  0.1621  0.4796  0.1414  0.4802  0.1126 -0.0003  0.7659 1 
 45.5482  0.4056  0.7701  0.4138  0.6164  0.0741  0.8746  0.7698 -0.0003  0.9981 1 
 45.2552  0.5957  0.6348  0.0208  0.3639  0.1395  0.4818  0.0723 -0.0003  0.2594 0 
 24.1611 -0.6088 -2.4746  0.0622  0.5736  0.0169  0.3671  0.1046  0.0519  0.4647 0 
 53.1807 -0.5703  1.2619  0.1892  0.3192  0.0785  0.5463  0.1647 -0.0003  0.8890 1 
 43.6866  0.5583 -1.8690  0.6992  0.4076  0.1042  0.4863  0.4370 -0.0003  0.9961 1 
 42.1485 -0.3372  2.8858  0.3809  0.3931  0.0307  0.2232  0.2425 -0.0003  0.9670 1 
 26.2058  0.3016 -0.2492  0.2792  0.5174  0.0687  0.3068  0.2613  0.4648  0.9991 1 
 45.8412 -0.6056 -1.8934  0.0225  0.1098  0.0447  0.5239  0.0478  0.1333  0.2159 0 
 43.0304  0.6213  1.2533  0.0314  0.2993  0.0712  0.3995  0.1115 -0.0003  0.3150 0 
 47.2786 -0.2720 -0.3514  0.0425  0.5099  0.0173  0.1732  0.0113 -0.0003  0.1664 0 
 42.5360  0.2914  2.7732  0.0098  0.4087  0.0801  0.3562  0.0068 -0.0003  0.1823 0 
 52.7504 -0.3133 -3.0617  0.0030  0.5431  0.0623  0.3369  0.0495 -0.0003  0.1965 0 
 45.1087  0.3306  0.0985  0.0176  0.6275  0.0396  0.2192  0.0764 -0.0003  0.2408 0 
 50.8736  0.4417 -2.7917  0.0191  0.3291  0.0769  0.2975  0.0143 -0.0003  0.2087 0 
 47.4556 -0.4397  0.3423  0.0067  0.0922  0.0260  0.2163  0.0067  0.1417  0.1972 0 
 44.6784 -0.6174 -0.6182  0.4344  0.2903  0.0650  0.3516  0.1564 -0.0003  0.9575 0 
 43.1891  0.6161  2.5428  0.0471  0.4112  0.0552  0.4878  0.0129  0.1892  0.5430 0 
 48.4260 -0.1992 -1.1567  0.0483  0.1009  0.0757  0.3013  0.0225 -0.0003  0.1102 0 
 39.7406  0.2332  2.0401  0.0221  0.2739  0.0929  0.2268  0.0081 -0.0003  0.2181 0 
 48.7831  0.5893 -1.3588  0.0230  0.4439  0.0581  0.4726  0.0239 -0.0003  0.2306 0 
 40.7904 -0.5759  1.8048  0.0650  0.1635  0.0215  0.3603  0.0812  0.1212  0.4398 0 
 46.1280  0.1998 -1.3492  0.0210  0.1106  0.0778  0.3923  0.0296 -0.0003  0.0929 0 
 39.1791 -0.2098  1.7740  0.0062  0.2149  0.0225  0.1821  0.0456  0.0205  0.0719 0 
 45.6184  0.6588  2.1939  0.0016  0.3396  0.0385  0.2623  0.0352 -0.0003  0.1039 0 
 40.5127 -0.6602 -0.9289  0.0016  0.1914  0.0757  0.4060  0.1671 -0.0003  0.1746 0 
 47.8737 -0.2931 -1.0851  0.0706  0.2406  0.0257  0.1295  0.0844 -0.0003  0.2202 0 
 39.9237  0.2755  2.0479  0.0052  0.2321  0.0232  0.2718  0.0214 -0.0003  0.0551 0 
 49.5064 -0.3124  2.5747  0.0170  0.1381  0.0636  0.2568  0.0198  0.1051  0.1566 0 
 44.0375  0.2955 -0.5949  0.0093  0.5981  0.0159  0.1765  0.0854 -0.0003  0.1302 0 
 54.2062  0.3869 -0.7663  0.9432  0.5995  0.0844  0.5019  0.7623 -0.0003  0.9981 1 
 49.4118 -0.3869  2.3476  0.3977  0.6387  0.0354  0.5138  0.5344 -0.0003  0.9969 1 
 45.7557  0.2619  1.2842  0.5360  0.2185  0.0674  0.6989  0.5346  0.1132  0.9996 1 
 45.1148 -0.2410 -1.8915  0.2720  0.5077  0.0460  0.3507  0.1739 -0.0003  0.9134 1 
 39.7681 -0.6085  2.5709  0.2551  0.1159  0.0421  0.4081  0.3904  0.4250  0.9992 1 
 26.2333  0.5418 -0.4814  0.1594  0.6784  0.0792  0.4089  0.2081 -0.0003  0.9529 1 
 50.3853 -0.1430  0.2050  0.0183  0.4172  0.0626  0.3834  0.0368 -0.0003  0.2145 0 
 44.3519  0.1560 -2.9601  0.0072  0.1485  0.0457  0.2642  0.0728 -0.0003  0.0716 0 
 51.5755  0.5547 -3.1367  0.2984  0.0993  0.1772  0.3388  0.1540 -0.0003  0.8594 1 
 48.3009 -0.5843  0.0380  0.2466  0.5630  0.0620  0.6891  0.3206 -0.0003  0.9907 1 
 48.5878 -0.0104  0.0706  0.2269  0.0415  0.0152  0.1720  0.1386  0.1491  0.8063 0 
 47.7028 -0.0217 -3.0807  0.0134  0.5882  0.0372  0.3889  0.1308 -0.0003  0.2975 0 
 54.9447  0.7259  0.1745  0.0085  0.2030  0.0784  0.2918  0.0607 -0.0003  0.1263 0 
 43.6500 -0.7344 -2.9460  0.0385  0.4600  0.1773  0.3096  0.0788 -0.0003  0.3555 0 
 46.2196  0.3216 -1.4038  0.0095  0.2071  0.0357  0.3050  0.0139 -0.0003  0.0779 0 
 40.3265 -0.3217  1.7620  0.0836  0.3125  0.0355  0.3614  0.0369 -0.0003  0.3637 0 
 48.9235 -0.1554 -0.7899  0.0072  0.2617  0.0489  0.4722  0.0281 -0.0003  0.1387 0 
 46.3386  0.1546  2.3499  0.0113  0.5021  0.0585  0.5224  0.0764 -0.0003  0.2315 0 
 49.6468 -0.1977 -0.6428  0.0451  0.2177  0.0388  0.2994  0.0136 -0.0003  0.1589 0 
 34.6258  0.2204  2.5201  0.0761  0.2408  0.0183  0.3769  0.1309 -0.0003  0.3179 0 
 44.1749 -0.5569 -1.1038  0.0010  0.2222  0.0603  0.3967  0.0808 -0.0003  0.1157 0 
 42.5483  0.5588  2.0407  0.0003  0.7606  0.0527  0.3117  0.0295 -0.0003  0.2228 0 
 50.8553 -0.5661 -1.9458  0.2817  0.5130  0.0521  0.2125  0.3415 -0.0003  0.9836 1 
 48.6091  0.5707  1.1810  0.4674  0.6931  0.0336  0.4730  0.5816 -0.0003  0.9977 1 
 47.1839  0.6545 -2.1367  0.0462  0.3700  0.0199  0.2600  0.2313 -0.0003  0.3615 1 
 41.0986 -0.6283  1.0062  0.1778  0.3509  0.0835  0.2247  0.1236 -0.0003  0.8344 1 
 49.4972  0.3010  1.2601  0.0362  0.3049  0.0993  0.4708  0.0190 -0.0003  0.2464 0 
 46.6133 -0.3060 -1.8922  0.0201  0.1124  0.0955  0.2608  0.0803  0.1652  0.2251 0 
 53.9620 -0.4639 -0.4744  0.0303  0.2533  0.0984  0.2931  0.0850 -0.0003  0.2645 0 
 48.8716  0.4646  2.6652  0.0687  0.5955  0.0554  0.3864  0.0247 -0.0003  0.4698 0 
 46.7933 -0.5057 -2.0221  0.2045  0.2953  0.0883  0.4342  0.2596 -0.0003  0.9595 1 
 43.7201  0.5009  1.0999  0.2366  0.5801  0.0356  0.3536  0.3884 -0.0003  0.9826 1 
 59.7574 -0.6423 -2.0009  0.1463  0.6171  0.1208  0.5716  0.1746 -0.0003  0.8945 0 
 47.4220  0.6259  1.1561  0.0565  0.1732  0.0153  0.0866  0.0157 -0.0003  0.1211 0 
 48.5786  0.1558 -0.5952  0.0279  0.2763  0.1640  0.3010  0.0422 -0.0003  0.2297 0 
 45.8350 -0.1699  2.5508  0.1093  0.4729  0.1003  0.2619  0.0583 -0.0003  0.6386 0 
 42.5666  0.4961  0.8362  0.0282  0.5059  0.0329  0.1781  0.0126 -0.0003  0.2375 0 
 32.7611 -0.4882 -2.2747  0.0093  0.0561  0.0901  0.3350  0.0162 -0.0003  0.0615 0 
 51.7098  0.6243 -2.1998  0.2726  0.5490  0.1684  0.4656  0.1160 -0.0003  0.9138 1 
 46.2135 -0.6309  0.9731  0.7187  0.5847  0.0428  0.3921  0.9583 -0.0003  0.9985 1 
 45.8198  0.5721  1.3856  0.0152  0.4695  0.1280  0.3493  0.0273 -0.0003  0.2210 0 
 35.9716 -0.5255 -1.7886  0.0074  0.6192  0.1104  0.2797  0.0081 -0.0003  0.2097 0 
 47.5502  0.1114 -0.3717  0.0821  0.6202  0.0396  0.2595  0.1179 -0.0003  0.6232 0 
 43.1525 -0.1034  2.7521  0.0658  0.1499  0.0847  0.4436  0.0544 -0.0003  0.2727 0 
 45.5268  0.1956 -1.0780  0.0157  0.2134  0.0572  0.3936  0.1375 -0.0003  0.2035 0 
 37.9797 -0.1846  2.0676  0.0029  0.6251  0.0313  0.3214  0.1032 -0.0003  0.1680 0 
 47.2297  0.1834 -2.9414  0.0206  0.1008  0.1037  0.2599  0.0158 -0.0003  0.0776 0 
 44.7639 -0.1859  0.2258  0.1826  0.2106  0.1630  0.3954  0.1439 -0.0003  0.7873 0 
 49.7139  0.6008  0.7426  0.0077  0.1809  0.0350  0.3848  0.0301 -0.0003  0.0741 0 
 47.6020 -0.6100 -2.3811  0.0007  0.3695  0.0157  0.3026  0.1603 -0.0003  0.1212 0 
 36.6461  0.5893 -1.7149  0.0525  0.1526  0.0260  0.2782  0.1563 -0.0003  0.2082 0 
 30.7805 -0.6061  1.3959  0.0085  0.2373  0.0568  0.2437  0.0125 -0.0003  0.1326 0 
 42.1637 -0.1474 -0.0566  0.1039  0.3109  0.0291  0.3124  0.0484  0.1896  0.7341 0 
 37.0611  0.1378  3.1002  0.1709  0.5173  0.0278  0.2774  0.1406  0.0848  0.7767 0 
 48.2856 -0.6503  1.4350  0.0250  0.0832  0.0142  0.3446  0.1970 -0.0003  0.1104 1 
 40.3784  0.6416 -1.6855  0.2577  0.3282  0.0817  0.6322  0.3123 -0.0003  0.9892 1 
 54.9386  0.4691 -0.5882  0.6302  0.4316  0.0638  0.5002  0.4545 -0.0003  0.9959 1 
 47.7577 -0.4784  2.5310  0.0994  0.2369  0.1090  0.3456  0.2115 -0.0003  0.7693 1 
 48.7434  0.7326 -2.7126  0.0320  0.6466  0.1907  0.5586  0.0740 -0.0003  0.3208 0 
 45.8595 -0.7251  0.4267  0.0350  0.1879  0.0362  0.2183  0.0688 -0.0003  0.1149 0 
 52.2164 -0.0199  2.1232  0.0028  0.5022  0.1044  0.3378  0.0278 -0.0003  0.1884 0 
 48.8197  0.0637 -1.0397  0.0427  0.3499  0.1810  0.2577  0.0264 -0.0003  0.2892 0 
 48.2460 -0.2184  1.5892  0.0596  0.6646  0.0562  0.4739  0.0915 -0.0003  0.5271 0 
 45.9632  0.2186 -1.5547  0.0023  0.4401  0.0329  0.4799  0.0233  0.1772  0.3563 0 
 47.9164  0.2888 -0.8942  0.0279  0.5417  0.0813  0.4316  0.1143 -0.0003  0.3588 0 
 39.2981 -0.2629  2.2486  0.0067  0.5384  0.0357  0.2729  0.0633 -0.0003  0.1556 0 
 44.4953  0.6723  1.6091  0.0000 -1.0000  0.0000  0.0000 -0.0200 -0.0003  0.1782 0 
 41.3245 -0.6679 -1.5790  0.0429  0.1504  0.0483  0.2693  0.0827 -0.0003  0.1463 0 
 54.1451 -0.7923  0.1118  0.0170  0.5327  0.0771  0.3765  0.1483 -0.0003  0.3933 0 
 33.7713  0.8007 -3.0990  0.0089  0.5897  0.0168  0.2373  0.0840 -0.0003  0.1222 0 
 45.6184  0.3588 -1.3072  0.2058  0.4368  0.0274  0.2623  0.4006 -0.0003  0.9488 0 
 40.9735 -0.3603  1.7758  0.0692  0.6206  0.0745  0.4948  0.0681 -0.0003  0.4673 0 
 45.7465  0.6555  2.6176  0.0133  0.6206  0.0856  0.3058  0.0145 -0.0003  0.2220 0 
 44.2298 -0.6584 -0.5541  0.0289  0.4771  0.0169  0.2644  0.0307 -0.0003  0.1227 0 
 42.8321  0.3146 -1.2574  0.2977  0.3360  0.0552  0.3556  0.4934 -0.0003  0.9958 1 
 22.3148 -0.4050  1.8238  0.2470  0.2157  0.0219  0.1614  0.1411 -0.0003  0.6135 1 
 47.0314  0.3027  2.0965  0.0143  0.1173  0.0730  0.4770  0.0358  0.4732  0.5515 0 
 42.6917 -0.3260 -0.9839  0.0137  0.4253  0.0671  0.5339  0.0500  0.1805  0.4355 0 
 47.3548  0.1012  3.0647  0.0374  0.4131  0.0877  0.5195  0.0204 -0.0003  0.2777 0 
 45.0141 -0.0850 -0.0899  0.0869  0.2772  0.0177  0.4387  0.0200 -0.0003  0.3130 0 
 45.5634 -0.5947  1.9453  0.0176  0.2016  0.0504  0.3498  0.0938 -0.0003  0.1403 0 
 45.0477  0.6098 -1.2200  0.0442  0.0708  0.0248  0.1754  0.0165 -0.0003  0.0561 0 
 46.4546  0.3107 -0.6972  0.0649  0.8679  0.0276  0.7831  0.0364 -0.0003  0.5908 1 
 35.5016 -0.3416  2.4895  0.6459  0.3528  0.0452  0.4678  0.9044 -0.0003  0.9986 1 
 42.8504  0.2319 -2.7660  0.0570  0.6758  0.0835  0.6666  0.0308 -0.0003  0.3822 0 
 36.6278 -0.2443  0.3602  0.0747  0.1225  0.0553  0.4638  0.0595 -0.0003  0.2615 0 
 43.8300 -0.7826  1.4132  0.0634  0.6246  0.0331  0.2650  0.0748 -0.0003  0.4028 0 
 39.3286  0.7829 -1.7350  0.0044  0.6816  0.0175  0.3184  0.0023 -0.0003  0.1279 0 
 41.0620  0.5505 -0.0344  0.0123  0.3588  0.1051  0.0899  0.0023 -0.0003  0.3329 0 
 39.9725 -0.5357  3.1192  0.0280  0.0922  0.0420  0.1811  0.0850  0.0557  0.1491 0 
 53.4493  0.7573  1.8115  0.2676  0.3833  0.1610  0.5457  0.2086 -0.0003  0.9680 1 
 50.6935 -0.7887 -1.2770  0.0304  0.5447  0.0749  0.6381  0.0541 -0.0003  0.3107 1 
 48.0812  0.0747  0.7589  0.0093  0.1627  0.0984  0.3881  0.0369 -0.0003  0.1005 0 
 41.9623 -0.0871 -2.3851  0.0022  0.6238  0.0302  0.1788  0.0443 -0.0003  0.1553 0 
 45.4627  0.6010 -0.3175  0.0466  0.4132  0.0230  0.3500  0.0305 -0.0003  0.2044 0 
 42.0661 -0.6038  2.8099  0.0162  0.5448  0.1208  0.5360  0.0278 -0.0003  0.2395 0 
 54.9264 -0.1219 -1.4793  0.0496  0.3928  0.0690  0.3752  0.0422 -0.0003  0.3448 0 
 53.8338  0.1143  1.6760  0.0545  0.4984  0.0523  0.3352  0.1240 -0.0003  0.5573 0 
 48.8899  0.6401 -0.3094  0.2282  0.4626  0.0323  0.5582  0.4460  0.1179  0.9904 1 
 16.4767 -0.6936  2.7706  0.0361  0.4817  0.0140  0.2980  0.0403 -0.0003  0.1284 1 
 48.1605  0.5551  0.3724  0.0169  0.4149  0.0471  0.2155  0.0934 -0.0003  0.2482 0 
 48.0476 -0.5830 -2.7498  0.0450  0.0851  0.0157  0.1725  0.0052 -0.0003  0.0512 0 
 46.0029 -0.2064  2.8568  0.1071  0.5230  0.0603  0.2181  0.0705 -0.0003  0.7177 0 
 35.4711  0.1900 -0.2866  0.0143  0.1745  0.0247  0.1872  0.0153 -0.0003  0.0613 0 
 48.0049 -0.3428  1.8938  0.0049  0.5675  0.0217  0.3019  0.1190 -0.0003  0.1408 0 
 47.8889  0.3407 -1.2395  0.0104  0.2634  0.0472  0.4316  0.0207 -0.0003  0.1369 0 
 50.1289 -0.0483 -1.3722  0.1198  0.2180  0.0442  0.4693  0.1066  0.1748  0.8123 0 
 44.2390  0.0234  1.7702  0.0204  0.3047  0.0335  0.2644  0.0291 -0.0003  0.1188 0 
 49.9001  0.1917 -0.8819  0.0705  0.2139  0.1013  0.5979  0.1830 -0.0003  0.6573 0 
 35.8282 -0.2036  2.1945  0.3082  0.2062  0.0383  0.2333  0.2570 -0.0003  0.9301 0 
 52.1920 -0.5635 -1.7303  0.0111  0.3762  0.0571  0.1689  0.0012 -0.0003  0.2830 0 
 48.1849  0.5619  1.3612  0.0015  0.0693  0.0180  0.3017  0.0411 -0.0003  0.0361 0 
 53.3883  0.4413  2.2899  0.0055  0.4232  0.1178  0.6298  0.1291 -0.0003  0.2891 0 
 45.2003 -0.4068 -0.8108  0.0101  0.6143  0.0319  0.4382  0.0248  0.2234  0.5283 0 
 42.4048 -0.7181  1.2693  0.4068  0.2495  0.0753  0.1783  0.2668  0.3847  0.9975 1 
 28.6168  0.7534 -1.8060  0.1374  0.2621  0.0378  0.3984  0.0445  0.2417  0.8500 1 
 44.9470 -0.6425  2.2304  0.1326  0.4836  0.0823  0.5705  0.1177  0.2181  0.9051 0 
 41.9471  0.6529 -0.9117  0.0002  0.2229  0.0461  0.4916  0.0422 -0.0003  0.1123 0 
 47.0497 -0.4498 -1.0878  0.2154  0.5130  0.0269  0.3902  0.2635 -0.0003  0.9242 1 
 35.3918  0.4208  2.0510  0.4258  0.3430  0.0535  0.4683  0.3525 -0.0003  0.9925 1 
 49.5277 -0.0020  0.8489  0.0501  0.2747  0.0574  0.3851  0.0910 -0.0003  0.3410 0 
 45.2888  0.0129 -2.3017  0.0743  0.1295  0.0644  0.3942  0.0381 -0.0003  0.2188 0 
 54.6365  0.5467  1.7652  0.0858  0.4317  0.1020  0.7931  0.1751 -0.0003  0.8314 0 
 46.1250 -0.5509 -1.3280  0.0267  0.3228  0.0432  0.2179  0.0385 -0.0003  0.1863 0 
 51.0140  0.1364 -0.3940  0.0376  0.2317  0.0365  0.3398  0.0114 -0.0003  0.1517 0 
 38.9593 -0.1235  2.7802  0.0187  0.3124  0.0336  0.1368  0.0241 -0.0003  0.1695 0 
 44.9683  0.2872 -2.6161  0.0067  0.3575  0.0237  0.2633  0.0158  0.0458  0.1441 0 
 23.0014 -0.2523  0.4590  0.0246  0.5325  0.0254  0.3728  0.0362  0.1974  0.5354 0 
 44.3122  0.6225 -0.8056  0.0640  0.2776  0.0302  0.1762  0.0643 -0.0003  0.2165 0 
 37.4426 -0.6269  2.3495  0.0008  0.4555  0.0365  0.2766  0.0239 -0.0003  0.1342 0 
 48.1636  0.5274 -1.8615  0.0064  0.7183  0.1831  0.5172  0.1424 -0.0003  0.3778 0 
 43.5187 -0.4560  1.2918  0.0376  0.2329  0.0709  0.2213  0.0251 -0.0003  0.2301 0 
 53.6812  0.4886  0.4739  0.0110  0.3255  0.1980  0.1677  0.0494 -0.0003  0.2636 0 
 52.4453 -0.4791 -2.6944  0.0521  0.2187  0.0488  0.3374  0.0718 -0.0003  0.2397 0 
 48.5695  0.2812 -2.7700  0.0177  0.5028  0.0464  0.3011  0.0129 -0.0003  0.2349 0 
 44.6784 -0.2583  0.3806  0.0632  0.1983  0.0143  0.3956  0.1021 -0.0003  0.1980 0 
 69.7581 -0.4249  0.4336  0.0148  0.2036  0.1640  0.3934  0.0179 -0.0003  0.1503 0 
 49.6590  0.4380 -2.6717  0.0481  0.6225  0.0415  0.2993  0.0975  0.0832  0.6238 0 
 53.1594  0.6737  1.1944  0.0227  0.7026  0.2479  0.6304  0.0414 -0.0003  0.3052 0 
 36.7987 -0.7078 -1.9849  0.0090  0.1041  0.0172  0.2316  0.0085 -0.0003  0.0413 0 
 45.0446 -0.4767 -1.6079  0.5957  0.8061  0.0275  0.5702  0.7205  0.0807  0.9984 1 
 38.5077  0.4773  1.5451  0.2276  0.6488  0.0377  0.4117  0.2694 -0.0003  0.9599 1 
 55.7900 -0.0190 -3.0574  0.0087  0.1039  0.0412  0.1246  0.0569 -0.0003  0.0728 0 
 48.1392  0.0137  0.0666  0.0824  0.4797  0.0710  0.6035  0.1061 -0.0003  0.6063 0 
 45.0782 -0.5965  2.0488  0.0351  0.0126  0.0220  0.0877  0.0068 -0.0003  0.0683 0 
 43.4211  0.6101 -1.1123  0.0148  0.2157  0.0383  0.3543  0.0259 -0.0003  0.0953 0 
 46.3081  0.2294 -0.9114  0.2309  0.6460  0.0285  0.7402  0.4683 -0.0003  0.9909 1 
 42.3560 -0.2210  2.2071  0.0874  0.2907  0.0437  0.4904  0.3087 -0.0003  0.7816 1 
 47.0924  0.8000 -0.2832  0.3555  0.3354  0.0794  0.4335  0.4411 -0.0003  0.9970 1 
 33.8445 -0.7943  2.8812  0.1307  0.7507  0.0210  0.2371  0.2210 -0.0003  0.7404 1 
 48.8746  0.5835  1.4773  0.1097  0.1227  0.0451  0.4294  0.1865  0.0631  0.6501 0 
 47.4159 -0.5850 -1.6670  0.0165  0.4460  0.0251  0.3029  0.0118 -0.0003  0.1369 0 
 52.7047  0.5891  0.2962  0.0225  0.3313  0.0324  0.5055  0.0402 -0.0003  0.2051 0 
 38.7762 -0.5771 -2.8134  0.0150  0.1368  0.0478  0.2283  0.0070 -0.0003  0.0843 0 
 48.7861 -0.6101  1.1526  0.0313  0.0941  0.0260  0.3436  0.0585 -0.0003  0.0648 0 
 45.4139  0.6112 -1.9751  0.0305  0.4561  0.0183  0.1751  0.0478 -0.0003  0.1343 0 
 50.0832 -0.1564  0.0037  0.0440  0.4031  0.1071  0.5547  0.1520 -0.0003  0.4769 1 
 39.7955  0.1785 -3.1352  0.1405  0.5957  0.0558  0.4080  0.0412 -0.0003  0.7350 1 
 53.2692  0.7353 -2.1769  0.0211  0.7158  0.1085  0.6721  0.0139 -0.0003  0.2838 0 
 42.7131 -0.7091  0.9795  0.0184  0.3852  0.0462  0.2224  0.0237 -0.0003  0.2123 0 
 48.5389  0.0556  1.4529  0.0001  0.3277  0.0378  0.3011  0.1127 -0.0003  0.1235 0 
 47.6265 -0.0533 -1.6632  0.0331  0.1267  0.0141  0.2161  0.0313 -0.0003  0.0439 0 
 55.5825 -0.7221  1.2473  0.0915  0.2908  0.0547  0.2078  0.0963 -0.0003  0.5296 0 
 46.8482  0.6931 -1.8879  0.0211  0.7913  0.0570  0.3039  0.0876 -0.0003  0.4195 0 
 43.5828  0.5664 -1.4196  0.0892  0.6786  0.0532  0.5309  0.2022 -0.0003  0.8430 0 
 42.8717 -0.5703  1.7716  0.0099  0.2796  0.0915  0.1333  0.1035 -0.0003  0.3565 0 
 42.6886 -0.7852  0.4613  0.0024  0.6789  0.0626  0.2224  0.1037 -0.0003  0.3891 0 
 38.5901  0.7807 -2.6626  0.0139  0.1292  0.0244  0.2286  0.0046 -0.0003  0.0535 0 
 48.4962  0.4844  0.5091  0.3408  0.3291  0.0155  0.3872  0.2950 -0.0003  0.9603 0 
 26.8437 -0.5016 -2.6364  0.0385  0.1236  0.0093  0.1523  0.0956 -0.0003  0.0661 0 
 50.7179  0.4848 -0.2108  0.0119  0.5379  0.1387  0.6806  0.0512 -0.0003  0.2676 0 
 47.0191 -0.4642  2.9090  0.0104  0.4878  0.0201  0.3469  0.1102 -0.0003  0.1337 0 
 49.3690  0.6545 -1.2883  0.0018  0.2427  0.1547  0.4283  0.0300 -0.0003  0.1480 0 
 46.6255 -0.6565  1.8680  0.0356  0.3852  0.0236  0.1739  0.0455 -0.0003  0.1490 0 
 36.4233 -0.5056 -1.9517  0.0952  0.5500  0.1300  0.3716  0.1153 -0.0003  0.6221 0 
 31.2505  0.5218  1.2573  0.0154  0.2779  0.0065  0.2426  0.2167 -0.0003  0.1834 0 
 42.3560  0.0322 -2.7474  0.2019  0.5256  0.0214  0.3566  0.1744 -0.0003  0.7953 1 
 42.2400 -0.0168  0.3871  0.2067  0.7451  0.1096  0.5354  0.1749  0.0671  0.9649 1 
 52.0333  0.5425 -1.3339  0.0258  0.0990  0.1564  0.2536  0.0130 -0.0003  0.0724 0 
 44.0101 -0.5261  1.8022  0.0313  0.2150  0.0748  0.2206  0.0369 -0.0003  0.2024 0 
 48.1788 -0.3580  2.8158  0.0993  0.4114  0.1003  0.6465  0.1501 -0.0003  0.7722 1 
 43.3906  0.3456 -0.3437  0.4522  0.2609  0.0507  0.4429  0.4814 -0.0003  0.9966 1 
 51.0231  0.5117 -0.2649  0.0126  0.1035  0.0392  0.2973  0.0057 -0.0003  0.0656 0 
 39.3561 -0.5201  2.8658  0.0452  0.7642  0.0250  0.3183  0.0378 -0.0003  0.2773 0 
 42.1210  0.2886 -1.6164  0.0355  0.5442  0.0227  0.2679  0.0181  0.0837  0.3471 0 
 41.9684 -0.2872  1.5309  0.0231  0.1790  0.0346  0.1788  0.0483 -0.0003  0.0852 0 
 45.3742 -0.2228  0.6823  0.1330  0.6044  0.1215  0.4815  0.1208 -0.0003  0.7668 0 
 44.5014  0.1730 -2.4813  0.1981  0.1845  0.0451  0.3080  0.0826 -0.0003  0.5923 0 
 46.7140 -0.6732 -2.8123  0.0251  0.2995  0.0506  0.3041  0.0146 -0.0003  0.1878 0 
 37.5525  0.6089  0.2779  0.0291  0.2981  0.1627  0.4146  0.1212  0.3696  0.6664 0 
 54.0810 -0.6115  2.0716  0.0107  0.3497  0.1122  0.5441  0.0494 -0.0003  0.2124 0 
 44.7547  0.5928 -1.1247  0.0500  0.5431  0.0252  0.4393  0.1572 -0.0003  0.5076 0 
 51.9844 -0.5282 -0.9482  0.0038  0.2786  0.0253  0.0846  0.0252 -0.0003  0.1403 0 
 39.6246  0.5201  2.2116  0.0193  0.0848  0.0547  0.1361  0.0029 -0.0003  0.0977 0 
 49.2531  0.0743 -0.0227  0.0000  0.4994  0.1010  0.0857 -0.0200 -0.0003  0.3053 0 
 48.8380 -0.0707  3.0906  0.0106  0.2032  0.1548  0.3865  0.0307 -0.0003  0.1395 0 
 45.2949 -0.7028 -0.8269  0.0120  0.0908  0.0275  0.3066  0.2473 -0.0003  0.1642 0 
 29.5445  0.7029  2.3205  0.0207  0.6049  0.0173  0.4439  0.0722 -0.0003  0.1843 0 
 49.3111 -0.3839 -2.7875  0.3793  0.3280  0.0373  0.4284  0.4844 -0.0003  0.9962 1 
 41.8219  0.3439  0.3647  0.0492  0.4325  0.0257  0.4473  0.1246 -0.0003  0.4115 1 
 56.0708  0.3705  1.8529  0.0014  0.4040  0.0424  0.2488  0.0253 -0.0003  0.1459 0 
 54.1482 -0.3808 -1.2363  0.0139  0.1753  0.1122  0.3765  0.0197 -0.0003  0.1129 0 
 50.1686 -0.4825 -0.2000  0.0949  0.2889  0.0918  0.1279  0.1099 -0.0003  0.6713 0 
 43.4638  0.5148  2.9488  0.0070  0.4609  0.1848  0.6641  0.0416 -0.0003  0.2587 0 
 38.8525 -0.1871  1.8162  0.0854  0.2585  0.0690  0.6388  0.0246  0.0696  0.5612 0 
 34.0703  0.1618 -1.2928  0.0792  0.6397  0.0371  0.2367  0.0721 -0.0003  0.5122 0 
 47.5898 -0.2698 -1.5375  0.5325  0.4628  0.1818  0.5188  0.4125 -0.0003  0.9985 1 
 46.3386  0.2515  1.5869  0.2654  0.5344  0.0718  0.4353  0.1578 -0.0003  0.9399 1 
 47.1321  0.6578  0.4818  0.0028  0.0679  0.1299  0.3468  0.0696 -0.0003  0.0524 0 
 47.1046 -0.6820 -2.6003  0.0020  0.1711  0.0242  0.1734  0.0388 -0.0003  0.0504 0 
 50.7759 -0.6909  0.6262  0.1579  0.1351  0.0530  0.4252  0.1221  0.3008  0.9190 0 
 42.9114  0.6605 -2.5608  0.1961  0.5660  0.0145  0.3110  0.1368 -0.0003  0.6836 0 
 50.0740  0.5182 -2.4752  0.2108  0.6568  0.0519  0.5121  0.1395 -0.0003  0.9179 1 
 45.4475 -0.5085  0.6870  0.0753  0.7541  0.0302  0.3938  0.1046 -0.0003  0.5998 1 
 46.2074  0.2059  2.8508  0.0263  0.1332  0.2256  0.2614  0.1224 -0.0003  0.2318 0 
 44.4465 -0.2245 -0.2767  0.0172  0.6117  0.0236  0.2641  0.0532 -0.0003  0.1434 0 
 45.5909  0.7776 -2.6176  0.0070  0.2637  0.0197  0.2623  0.0255 -0.0003  0.0572 0 
 43.2166 -0.7781  0.5246  0.0143  0.0659  0.0207  0.3104  0.0063 -0.0003  0.0465 0 
 48.7526  0.1017  1.8309  0.0173  0.2897  0.0935  0.3867  0.0628 -0.0003  0.1945 0 
 45.1728 -0.0647 -1.3213  0.0879  0.2532  0.1526  0.4821  0.1380 -0.0003  0.6029 0 
 46.5919  0.3744  0.5916  0.7955  0.4444  0.0519  0.3913  0.5408 -0.0003  0.9977 1 
 27.3625 -0.3640 -2.5948  0.1219  0.0567  0.0275  0.2523  0.0793  0.1482  0.5061 1 
 43.2532 -0.5329 -1.2642  0.0254  0.0501  0.0293  0.3546  0.0041 -0.0003  0.0626 0 
 42.2339  0.5396  1.9053  0.0146  0.5818  0.0276  0.2677  0.1198 -0.0003  0.1924 0 
 40.5890  0.7548 -2.3505  0.0578  0.2805  0.0305  0.2705  0.1155 -0.0003  0.2743 0 
 39.6674 -0.7456  0.7941  0.0063  0.8276  0.0320  0.4084  0.0882 -0.0003  0.2093 0 
 48.3986 -0.5319 -1.1598  0.0018  0.4952  0.1122  0.4735  0.0360 -0.0003  0.1935 0 
 42.1302  0.5240  1.9349  0.0081  0.5539  0.0220  0.3125  0.1080 -0.0003  0.1390 0 
 47.5074  0.3174 -2.7245  0.0162  0.2826  0.2014  0.5191  0.0181 -0.0003  0.2236 0 
 47.0558 -0.3267  0.3278  0.0076  0.1199  0.0806  0.3469  0.0112 -0.0003  0.0799 0 
 42.5147 -0.6123  1.3852  0.0041  0.1402  0.0359  0.3117  0.1256 -0.0003  0.0792 0 
 39.3469  0.6219 -1.7238  0.0041  0.7365  0.0279  0.3183  0.0074 -0.0003  0.1652 0 
 50.0191  0.1060  3.0950  0.0053  0.7614  0.0612  0.3415  0.0075  0.1294  0.3338 0 
 44.9897 -0.1335 -0.0765  0.0601  0.4072  0.0710  0.3510  0.0961 -0.0003  0.4928 0 
 45.7710 -0.0790 -2.3189  0.0533  0.2344  0.0455  0.2184  0.0303 -0.0003  0.2142 1 
 14.9752  0.0883  0.7843  0.5332  0.6834  0.0234  0.4937  0.5911  0.2675  0.9995 1 
 46.4454  0.6226  2.8918  0.0241  0.1030  0.0746  0.3481  0.0292 -0.0003  0.0890 0 
 45.2644 -0.6140 -0.2544  0.0036  0.1719  0.0477  0.3504  0.0307 -0.0003  0.0770 0 
 48.6580  0.3530  1.3988  0.0009  0.1793  0.0435  0.3009  0.0988 -0.0003  0.0790 0 
 43.1159 -0.3695 -1.7478  0.0418  0.5169  0.0324  0.2662  0.0158 -0.0003  0.2651 0 
 46.2257 -0.1329 -1.3594  0.0357  0.5277  0.0730  0.6099  0.0176 -0.0003  0.2912 0 
 42.9877  0.1442  1.7871  0.0679  0.3251  0.0583  0.5328  0.0274 -0.0003  0.4063 0 
 47.2938  0.7609 -1.8810  0.0609  0.2672  0.1179  0.3031  0.1345 -0.0003  0.5143 0 
 38.6236 -0.7740  1.2142  0.0292  0.5518  0.0288  0.4114  0.0861 -0.0003  0.2722 0 
 47.8889 -0.7889  2.0282  0.0242  0.4610  0.0203  0.2158  0.0397 -0.0003  0.1259 0 
 37.5738  0.7886 -1.0921  0.0247  0.1133  0.0104  0.0921  0.0005 -0.0003  0.0610 0 
 48.5756  0.5426  2.2931  0.0247  0.1081  0.0479  0.3441  0.2259 -0.0003  0.2186 0 
 47.3762 -0.5372 -0.8615  0.0156  0.2212  0.0334  0.3030  0.0413 -0.0003  0.0794 0 
 47.9530 -0.2463  0.1126  0.0762  0.1736  0.0621  0.5178  0.2236 -0.0003  0.5964 1 
 31.8914  0.1697 -3.0669  0.1180  0.6214  0.0271  0.2412  0.1087  0.1424  0.7195 1 
 47.5471  0.7648 -1.6645  0.0319  0.0462  0.0173  0.0865  0.0060 -0.0003  0.0630 0 
 46.9795 -0.7540  1.5171  0.0402  0.1991  0.0371  0.2603  0.0513 -0.0003  0.1239 0 
 44.7852  0.7243 -0.6791  0.0280  0.3804  0.0402  0.4832  0.1008 -0.0003  0.3067 0 
 42.2187 -0.7085  2.4489  0.0130  0.0492  0.2322  0.3123  0.0065 -0.0003  0.0497 0 
 48.9082  0.7208 -2.3326  0.0283  0.1776  0.0629  0.3864  0.0537 -0.0003  0.1517 0 
 36.3012 -0.7367  0.7908  0.0043  0.3139  0.0242  0.3719  0.0827  0.0176  0.1056 0 
 49.5094  0.5041  1.0062  0.0081  0.2627  0.0624  0.2996  0.0069 -0.0003  0.1473 0 
 48.1270 -0.4877 -2.1625  0.0058  0.6184  0.0115  0.3018  0.0783 -0.0003  0.1047 0 
 47.9042 -0.0252  3.0625  0.0434  0.1123  0.0410  0.2590  0.0093 -0.0003  0.0886 0 
 45.1972  0.0145 -0.1034  0.0437  0.2074  0.0397  0.1315  0.0379 -0.0003  0.1809 0 
 46.8025  0.4606 -1.8830  0.6356  0.5424  0.0318  0.2605  0.4964 -0.0003  0.9978 1 
 42.8840 -0.4541  1.2615  0.3147  0.6422  0.1547  0.3110  0.2016  0.3334  0.9863 1 
 44.8646 -0.0024 -0.3576  0.0253  0.1646  0.0306  0.3951  0.0471 -0.0003  0.0939 0 
 43.0701  0.0077  2.7762  0.0510  0.2020  0.0172  0.2663  0.0515 -0.0003  0.0906 0 
 49.6803 -0.0519  1.4165  0.0571  0.2633  0.0736  0.1710  0.0607 -0.0003  0.3903 0 
 46.1830  0.0892 -1.7463  0.1017  0.3113  0.0359  0.3050  0.0231 -0.0003  0.3968 0 
 48.8533  0.6287 -2.8500  0.0081  0.3344  0.0482  0.2147  0.0528 -0.0003  0.1596 0 
 45.1514 -0.5619  0.2822  0.0189  0.3441  0.0532  0.4383  0.0845 -0.0003  0.2322 0 
 47.0222 -0.5936 -1.7254  0.0950  0.2109  0.0695  0.3903  0.0574 -0.0003  0.4059 0 
 43.1952  0.6194  1.4677  0.0111  0.0396  0.0482  0.0444  0.0009 -0.0003  0.1133 0 
 53.2784  0.7224  0.2685  0.0790  0.6663  0.0370  0.2941  0.1402 -0.0003  0.6541 0 
 45.5177 -0.7265 -2.8656  0.0056  0.2452  0.0573  0.4811  0.0167 -0.0003  0.1369 0 
 46.9001  0.7564  1.2741  0.0827  0.4286  0.0166  0.2604  0.1816  0.2036  0.8076 1 
 44.4007 -0.7464 -1.9680  0.1643  0.2163  0.1117  0.4402  0.1691 -0.0003  0.8309 1 
 49.6162 -0.7358 -0.8112  0.0976  0.2471  0.0424  0.4277  0.1418 -0.0003  0.5757 0 
 33.3837  0.7498  2.4434  0.0167  0.2770  0.0849  0.4760  0.0131 -0.0003  0.1768 0 
 48.2185 -0.5500 -0.5699  0.0061  0.3871  0.0482  0.4309  0.1265 -0.0003  0.2246 0 
 43.7568  0.5460  2.6036  0.0215  0.2899  0.0121  0.4419  0.0765 -0.0003  0.1091 0 
 46.1280 -0.7475  0.8334  0.0069  0.3658  0.1951  0.3923  0.0494 -0.0003  0.2274 0 
 44.4099  0.7592 -2.2643  0.0227  0.1304  0.1042  0.3522  0.1248 -0.0003  0.1564 0 
 43.7964  0.1941  0.0344  0.0056  0.5391  0.0279  0.3977  0.0372 -0.0003  0.1322 0 
 39.5605 -0.2170 -3.1379  0.0195  0.2196  0.0636  0.4541  0.0089 -0.0003  0.1590 0 
 46.6011 -0.5962  2.1367  0.0748  0.5759  0.0799  0.3043  0.1441 -0.0003  0.7284 1 
 45.6886  0.5978 -0.9908  0.8379  0.3249  0.2456  0.4807  0.1839 -0.0003  0.9892 1 
 48.7068  0.2923  2.0294  0.0213  0.4145  0.0662  0.3008  0.1646  0.2245  0.6817 0 
 46.8330 -0.2720 -1.1423  0.0401  0.1187  0.0697  0.1302  0.0117 -0.0003  0.1413 0 
 43.2593  0.7396  0.8860  0.0136  0.3932  0.1807  0.3990  0.0129 -0.0003  0.2164 0 
 40.3876 -0.7347 -2.2345  0.0211  0.0911  0.0104  0.2258  0.0099 -0.0003  0.0376 0 
 46.1738  0.2968 -2.7433  0.2283  0.3642  0.0633  0.5229  0.3142 -0.0003  0.9816 1 
 45.6916 -0.3105  0.3864  0.0186  0.8331  0.0631  0.6117  0.1545 -0.0003  0.5021 1 
 45.2735  0.3664 -0.5937  0.4516  0.4194  0.0500  0.2628  0.3339 -0.0003  0.9941 1 
 36.2707 -0.3929  2.6034  0.0255  0.6138  0.1048  0.5116  0.0622  0.5423  0.8946 1 
 47.6631 -0.0967  0.6005  0.3369  0.3247  0.0359  0.4322  0.0120 -0.0003  0.7914 0 
 43.1312  0.0775 -2.5743  0.0133  0.1292  0.0648  0.3106  0.1176 -0.0003  0.1210 0 
 53.0190 -0.2160  0.5063  0.0077  0.3409  0.0523  0.3785  0.0175 -0.0003  0.1553 0 
 44.4282  0.2202 -2.6149  0.0343  0.2749  0.1256  0.4402  0.0986 -0.0003  0.3102 0 
 49.8421  0.7195  1.5223  0.0009  0.4112  0.0415  0.1709  0.2077  0.0893  0.4982 0 
 47.8248 -0.7341 -1.6149  0.0638  0.2753  0.1070  0.3023  0.0262 -0.0003  0.3256 0 
 46.9398 -0.5250 -1.3079  0.1744  0.6746  0.0573  0.3471  0.2141 -0.0003  0.9513 0 
 42.1881  0.5445  1.8257  0.0083  0.5229  0.0222  0.3124  0.0920 -0.0003  0.1241 0 
 50.0893 -0.6097 -0.8191  0.0075  0.7832  0.0200  0.3414  0.0059 -0.0003  0.1438 0 
 44.7913  0.6200  2.3073  0.0063  0.6140  0.0454  0.3514  0.0808 -0.0003  0.2166 0 
 61.9211 -0.3116 -2.5070  0.2176  0.1189  0.1186  0.2833  0.0905 -0.0003  0.6197 1 
 45.9205  0.3238  0.6677  0.4815  0.1890  0.1164  0.4364  0.4069 -0.0003  0.9964 1 
 39.6368 -0.4781 -1.4004  0.0238  0.2547  0.0301  0.1361  0.0159  0.2354  0.6837 1 
 30.1244  0.4382  1.6975  0.4525  0.3637  0.0714  0.3923  0.2346  0.4731  0.9996 1 
 44.4282 -0.7755 -0.9400  0.0161  0.3060  0.0951  0.3522  0.0067 -0.0003  0.1751 0 
 42.2644  0.7793  2.2487  0.0797  0.1247  0.0277  0.1338  0.0014 -0.0003  0.1332 0 
 53.2296  0.5655  0.2940  0.0290  0.2769  0.0707  0.3361  0.1794  0.2603  0.6882 0 
 45.7893 -0.5500 -2.8447  0.0822  0.1451  0.0100  0.1310  0.0933 -0.0003  0.1379 0 
 47.6783  0.2585 -0.2523  0.0371  0.2588  0.1642  0.3889  0.0184 -0.0003  0.2276 0 
 45.4719 -0.2639  2.8880  0.0398  0.6063  0.0454  0.3062  0.0386 -0.0003  0.3566 0 
 48.6854 -0.5934 -0.5774  0.0131  0.3698  0.0356  0.2579  0.0053 -0.0003  0.1583 0 
 45.9754  0.6274  2.5684  0.0551  0.2696  0.1266  0.4363  0.0862 -0.0003  0.3718 0 
 47.8645  0.7121  2.2869  0.1174  0.1390  0.3164  0.5612  0.0291 -0.0003  0.5210 0 
 47.1717 -0.7129 -0.9055  0.0300  0.1575  0.2276  0.1734  0.0060 -0.0003  0.1560 0 
 47.7058  0.4558  1.9545  0.0944  0.4237  0.0612  0.6049  0.0732 -0.0003  0.5894 0 
 43.4577 -0.4413 -1.1925  0.0573  0.1126  0.0215  0.1771  0.1948 -0.0003  0.2507 0 
 46.0945  0.0858  2.4924  0.0372  0.4173  0.1037  0.3924  0.0762 -0.0003  0.3193 0 
 38.4375 -0.1634 -0.6632  0.0615  0.5725  0.0457  0.3661  0.0395  0.0864  0.6038 0 
 45.3071 -0.0255 -2.3321  0.0261  0.3931  0.1033  0.3941  0.0078 -0.0003  0.2145 0 
 38.0591  0.0264  0.8167  0.0077  0.1755  0.0694  0.2294  0.0134 -0.0003  0.1123 0 
 33.7804 -0.7755  2.3725  0.1440  0.2654  0.0336  0.2372  0.0218 -0.0003  0.4555 0 
 29.0410  0.7639 -0.7418  0.0873  0.2847  0.0206  0.4957  0.1119 -0.0003  0.4932 0 
 51.4015  0.3819 -2.9577  0.0084  0.7100  0.0581  0.2967  0.1490 -0.0003  0.4793 0 
 51.2551 -0.3881  0.1736  0.0065  0.4427  0.0261  0.2545  0.0392 -0.0003  0.1058 0 
 49.1920 -0.7006  2.7689  0.0356  0.3570  0.0275  0.4715  0.0799  0.1958  0.5682 0 
 39.5361  0.7047 -0.3829  0.0389  0.2872  0.0106  0.1816  0.0187 -0.0003  0.0955 0 
 48.0079  0.6974  2.5262  0.1714  0.2607  0.0484  0.3019  0.2503 -0.0003  0.8688 0 
 41.3794 -0.6546 -0.5598  0.0241  0.1089  0.0255  0.4037  0.0729 -0.0003  0.0787 0 
 45.1453 -0.7901  3.0242  0.0362  0.2100  0.2154  0.5260  0.0366 -0.0003  0.2698 0 
 41.1292  0.7927 -0.1367  0.0074  0.4358  0.0581  0.2247  0.0342 -0.0003  0.2356 0 
 48.8472 -0.4346 -0.7722  0.0159  0.3193  0.0940  0.1288  0.0589 -0.0003  0.3530 0 
 40.5158  0.4394  2.3549  0.0041  0.3331  0.0449  0.4511  0.1364  0.2233  0.5202 0 
 54.0444  0.1727 -2.7447  0.0061  0.0726  0.1284  0.3349  0.0372 -0.0003  0.0513 0 
 47.9622 -0.2105  0.4117  0.0011  0.1311  0.1439  0.3883  0.0489 -0.0003  0.0790 0 
 42.3316 -0.0657  0.3988  0.3381  0.3828  0.0253  0.4459  0.4807 -0.0003  0.9949 1 
 41.8555  0.0656 -2.7783  0.3865  0.3029  0.1055  0.3578  0.4892 -0.0003  0.9979 1 
 44.4068 -0.4877  2.3947  0.0235  0.6013  0.0243  0.1761  0.0676 -0.0003  0.1656 0 
 30.8263  0.5154 -0.7313  0.1097  0.2738  0.0153  0.1948  0.0948 -0.0003  0.2500 0 
 49.7078 -0.5863  3.0524  0.0462  0.6145  0.0292  0.2138  0.0307 -0.0003  0.2531 0 
 45.4292  0.5842 -0.1063  0.0260  0.5251  0.0201  0.4814  0.0178 -0.0003  0.2208 0 
 50.6905  0.1513  0.4962  0.2110  0.6479  0.0764  0.4254  0.3142 -0.0003  0.9864 1 
 42.4445 -0.1389 -2.6693  0.1585  0.7251  0.0349  0.3119  0.2641 -0.0003  0.9184 1 
 50.9041  0.4316 -2.1842  0.0519  0.2732  0.0662  0.3825  0.1534 -0.0003  0.4597 1 
 49.2805 -0.4284  0.9529  1.4643  0.7860  0.0410  0.5570  0.8269 -0.0003  0.9981 1 
 48.6854 -0.3026 -1.4841  0.0292  0.5632  0.0551  0.4728  0.0594 -0.0003  0.2994 0 
 47.7790  0.2930  1.6797  0.0177  0.2277  0.0454  0.4319  0.2923 -0.0003  0.4055 0 
 51.2856 -0.4920 -1.8883  0.0238  0.2325  0.0255  0.1273  0.0117 -0.0003  0.1227 0 
 47.2206  0.4984  1.2544  0.0053  0.2800  0.1037  0.5198  0.0303 -0.0003  0.1629 0 
 49.7780 -0.5079 -2.7615  0.3527  0.8363  0.0789  0.3419  0.4630 -0.0003  0.9965 1 
 45.5329  0.5321  0.4035  0.2161  0.6726  0.0665  0.4811  0.1756 -0.0003  0.9536 1 
 50.4738 -0.0393 -0.4187  0.0995  0.2262  0.0890  0.2981  0.1544 -0.0003  0.6505 0 
 45.8076  0.0234  2.6775  0.0317  0.2786  0.0193  0.3930  0.0917 -0.0003  0.1446 0 
 50.6203  0.6783 -2.7901  0.0273  0.1980  0.2064  0.4255  0.1883 -0.0003  0.4306 0 
 44.7852 -0.7142  0.3651  0.0054  0.2162  0.2126  0.3514  0.0073 -0.0003  0.1581 0 
 54.0200  0.4546 -1.3476  0.0359  0.7418  0.0348  0.3349  0.0103 -0.0003  0.3153 0 
 40.5585 -0.3409  1.7927  0.1067  0.3781  0.0575  0.4059  0.1170 -0.0003  0.6639 0 
 47.5319 -0.6670 -1.1400  0.0295  0.6737  0.0500  0.3460  0.1330 -0.0003  0.5010 0 
 46.2867  0.6656  1.9954  0.0416  0.2459  0.1495  0.3484  0.1061 -0.0003  0.3411 0 
 45.4078  0.5596 -1.5859  0.6676  0.2609  0.0742  0.3064  0.5017  0.5517  0.9998 1 
 43.2319 -0.5606  1.5367  0.0562  0.2969  0.1111  0.2660  0.1766  0.7949  0.9954 1 
 48.1971  0.2630  1.8017  0.7183  0.4572  0.1311  0.3017  0.3981 -0.0003  0.9976 1 
 33.0236 -0.2527 -1.3598  0.0540  0.3970  0.0822  0.5252  0.1269  0.4553  0.9007 1 
 43.2136  0.6817  0.5389  0.1066  0.7083  0.0148  0.3547  0.1144 -0.0003  0.5640 0 
 42.2583 -0.6741 -2.6443  0.0459  0.1949  0.0753  0.3122  0.1359  0.2324  0.5941 0 
 47.2877 -0.1938  2.3281  0.3279  0.2611  0.0922  0.3464  0.1552  0.7108  0.9996 1 
 30.4387  0.1711 -0.7479  0.1653  0.4343  0.0833  0.1956  0.2674 -0.0003  0.9409 1 
 45.5726 -0.6351 -1.8533  0.0881  0.2138  0.0211  0.1312  0.0816 -0.0003  0.2106 0 
 44.9714  0.6290  1.2306  0.0416  0.5188  0.0647  0.3510  0.0681 -0.0003  0.3869 0 
 50.2632  0.6763  0.9183  0.0238  0.7370  0.0608  0.4689  0.0871 -0.0003  0.3513 0 
 36.8902 -0.6886 -2.2950  0.0512  0.3913  0.0204  0.2777  0.1860 -0.0003  0.3251 0 
 51.6457 -0.0838 -1.2290  0.0070  0.2812  0.0090  0.2117  0.0098 -0.0003  0.0578 0 
 49.6925  0.0920  1.8898  0.0114  0.1929  0.0670  0.5558  0.0875 -0.0003  0.1855 0 
 56.9497  0.0806  3.1180  0.0109  0.4399  0.0282  0.1653  0.0159 -0.0003  0.1632 0 
 33.4874 -0.0985 -0.0357  0.0202  0.5163  0.0170  0.1427  0.0041 -0.0003  0.1568 0 
 49.7047 -0.7375 -1.2464  0.0098  0.7464  0.0415  0.2138  0.0140 -0.0003  0.2775 0 
 47.8004  0.7462  1.9020  0.0017  0.3728  0.0893  0.6478  0.0274 -0.0003  0.1936 0 
 49.3324 -0.2388 -2.6998  0.0306  0.0857  0.1534  0.4712  0.2109 -0.0003  0.2636 0 
 44.0467  0.2437  0.3975  0.0496  0.4294  0.0789  0.4853  0.1055  0.0735  0.5565 0 
 53.4035  0.4020  2.7159  0.0332  0.1782  0.0413  0.3359  0.0497 -0.0003  0.1189 0 
 36.0723 -0.3969 -0.4379  0.0481  0.2154  0.0120  0.3260  0.0690  0.0791  0.2694 0 
 47.5319 -0.2337 -2.9001  0.0205  0.2685  0.0273  0.2163  0.0391 -0.0003  0.0925 0 
 43.4394  0.2359  0.2612  0.0089  0.1572  0.0320  0.3543  0.0231 -0.0003  0.0627 0 
 45.4047 -0.7987 -2.6048  0.0789  0.2843  0.0686  0.2626  0.0416 -0.0003  0.4097 0 
 39.7955  0.7681  0.5767  0.0421  0.1742  0.0391  0.2267  0.0098 -0.0003  0.1216 0 
 54.3709 -0.3034 -0.9599  0.1147  0.1770  0.0661  0.4179  0.2346 -0.0003  0.7429 0 
 46.0456  0.3159  2.1595  0.0094  0.6571  0.0197  0.1744  0.0554 -0.0003  0.1358 0 
 52.8267  0.4578 -1.1240  0.0357  0.5068  0.1686  0.4210  0.0710 -0.0003  0.3122 0 
 45.2979 -0.4565  1.9934  0.0208  0.6149  0.0172  0.2628  0.0242 -0.0003  0.1316 0 
 49.2744 -0.6111  1.8503  0.0359  0.1331  0.0384  0.3856  0.0755 -0.0003  0.1226 0 
 44.8981  0.6343 -1.2900  0.0437  0.0785  0.0406  0.3073  0.0634 -0.0003  0.0840 0 
 41.9959  0.1159 -2.4781  0.1154  0.6920  0.0200  0.1340  0.1732 -0.0003  0.5488 0 
 39.3194 -0.1758  0.6873  0.1273  0.1669  0.0296  0.2729  0.2286 -0.0003  0.5929 0 
 52.5856 -0.6364 -1.7624  0.0622  0.2146  0.0294  0.2107  0.0246 -0.0003  0.1565 0 
 51.4168  0.6517  1.3609  0.0246  0.5033  0.0406  0.2543  0.0175 -0.0003  0.2478 0 
 40.1862  0.7177 -2.7573  0.1398  0.6778  0.0346  0.3165  0.1972 -0.0003  0.8582 1 
 28.1193 -0.6823  0.3104  0.0214  0.5117  0.0859  0.4505  0.0587 -0.0003  0.2511 1 
 53.9956  0.0915  1.2317  0.0021  0.1209  0.0431  0.3350  0.0047  0.2347  0.2562 0 
 42.4720 -0.0767 -1.8842  0.0334  0.2914  0.0454  0.4455  0.1032 -0.0003  0.2881 0 
 44.4129  0.1413  0.2097  0.2909  0.6554  0.0407  0.5723  0.5290 -0.0003  0.9961 1 
 42.6673 -0.1402 -2.9496  0.2834  0.3759  0.0321  0.2670  0.2325 -0.0003  0.9132 1 
 45.6886  0.2704 -1.3140  0.0266  0.6567  0.0337  0.3933  0.1066 -0.0003  0.3299 0 
 39.2828 -0.2664  1.8015  0.0272  0.2642  0.0408  0.4094  0.0385 -0.0003  0.1686 0 
 45.3986  0.0575  1.9013  0.0593  0.0333  0.0555  0.3064  0.0583 -0.0003  0.0867 0 
 44.6387 -0.0625 -1.2067  0.0292  0.2908  0.0294  0.1759  0.0027 -0.0003  0.1638 0 
 47.6020  0.5030  1.2876  0.1006  0.2537  0.0518  0.7350  0.1818  0.0719  0.8670 1 
 40.9674 -0.4893 -1.8030  0.3743  0.3805  0.0524  0.3149  0.5696  0.0469  0.9976 1 
 47.5685  0.7659  0.9827  0.0256  0.2742  0.0912  0.4324  0.0358 -0.0003  0.2034 1 
 45.4536 -0.7578 -2.1238  0.3449  0.5457  0.0326  0.2625  0.5146 -0.0003  0.9956 1 
 42.0722  0.7739 -2.3384  0.0005  0.6021  0.0642  0.4019  0.0278 -0.0003  0.1744 0 
 36.7926 -0.7700  0.8006  0.1218  0.7924  0.0338  0.2779  0.3456 -0.0003  0.8918 0 
 46.5461  0.0910 -1.6179  0.2406  0.4253  0.0754  0.2609  0.2808  0.5658  0.9993 1 
 43.8544 -0.0640  1.5036  0.1388  0.5292  0.0529  0.4859  0.1400 -0.0003  0.8400 1 
 47.5837  0.5197  1.4248  0.0303  0.2187  0.0422  0.1729 -0.0007 -0.0003  0.1679 0 
 45.9419 -0.5021 -1.7091  0.0121  0.5496  0.0292  0.3491  0.0233 -0.0003  0.1556 0 
 51.8257 -0.0696 -0.3267  0.0344  0.2162  0.0661  0.2961  0.0373 -0.0003  0.1828 0 
 46.2348  0.0602  2.8276  0.0376  0.7334  0.0245  0.1742  0.0395 -0.0003  0.2098 0 
 50.0282  0.2633  0.8720  0.0000  0.1211  0.0350  0.2988  0.0256 -0.0003  0.0500 0 
 47.2572 -0.2555 -2.2579  0.0894  0.2338  0.0209  0.2599  0.0092 -0.0003  0.2018 0 
 52.2774  0.6569 -1.5561  0.0332  0.4241  0.1017  0.5909  0.0211 -0.0003  0.2810 0 
 49.2866 -0.6575  1.5694  0.0401  0.0962  0.2318  0.3428  0.0561 -0.0003  0.1176 0 
 49.0303 -0.4894 -3.0272  0.2209  0.8172  0.1361  0.6865  0.1638 -0.0003  0.9522 1 
 43.8544  0.5144  0.1352  0.5404  0.6658  0.1124  0.4417  0.5579 -0.0003  0.9981 1 
 47.6081 -0.1896  1.9156  0.0176  0.1914  0.0449  0.4323  0.0327  0.1947  0.3067 0 
 43.9155  0.2030 -1.1950  0.0183  0.5990  0.0241  0.4857  0.0154 -0.0003  0.2080 0 
 46.1097 -0.3225 -2.2556  0.1300  0.2143  0.0200  0.3487  0.1020 -0.0003  0.4238 0 
 42.0600  0.3293  0.8718  0.0794  0.2466  0.1210  0.4020  0.1387  0.3316  0.8357 0 
 49.5399 -0.7108 -2.8205  0.0213  0.2147  0.0544  0.3851  0.1922 -0.0003  0.2935 0 
 42.8138  0.7055  0.3683  0.0000 -1.0000  0.0049  0.1333  0.0268 -0.0003  0.2029 0 
 47.0191  0.0902 -1.5354  0.0332  0.1115  0.0930  0.3903  0.0547 -0.0003  0.1170 0 
 36.1120 -0.0972  1.5747  0.0102  0.1537  0.0412  0.3259  0.0678 -0.0003  0.0732 0 
 51.2520 -0.5568 -2.7328  0.0361  0.3965  0.0361  0.3393  0.0287 -0.0003  0.2234 0 
 40.6592  0.5306  0.4044  0.1749  0.5738  0.0263  0.4958  0.1000  0.1925  0.8944 0 
 42.4262 -0.1374  3.1238  0.3323  0.4455  0.0603  0.4011  0.2913 -0.0003  0.9868 1 
 41.8524  0.1468 -0.0130  0.8523  0.3436  0.1389  0.7155  0.1450  0.1135  0.9774 1 
 46.7079 -0.6985 -1.4427  0.0016  0.3788  0.0346  0.5214  0.0723 -0.0003  0.1595 0 
 44.7059  0.6736  1.7413  0.0612  0.1929  0.0445  0.3516  0.0252 -0.0003  0.2055 0 
 74.0276 -0.5928  2.8680  0.0661  0.2571  0.4806  0.1940  0.1008 -0.0003  0.5834 0 
 44.9561  0.6303 -0.3536  0.0161  0.6729  0.0336  0.3949  0.0494  0.0294  0.2639 0 
 44.2695 -0.2438  2.8865  0.0200  0.6232  0.0052  0.1762  0.0013 -0.0003  0.1207 0 
 39.1485  0.2403 -0.2434  0.0201  0.3126  0.0498  0.2277  0.0119 -0.0003  0.1987 0 
 51.6609 -0.7073 -1.9189  0.0023  0.2163  0.0431  0.2117  0.0106 -0.0003  0.0932 0 
 35.4314  0.6787  1.2678  0.0675  0.0835  0.0638  0.2341  0.0213 -0.0003  0.1089 0 
 46.0639  0.0882 -0.1646  0.1513  0.4466  0.0269  0.3052  0.0292 -0.0003  0.5764 0 
 31.3848 -0.1009  2.9880  0.1393  0.7629  0.0110  0.0969  0.1257  0.1408  0.7241 0 
 48.7617  0.5434  1.6568  0.2607  0.2559  0.1327  0.8163  0.4835 -0.0003  0.9973 1 
 44.6693 -0.5678 -1.4653  0.3516  0.2761  0.0616  0.5274  0.3347 -0.0003  0.9927 1 
 52.0851  0.5780  1.1758  0.0225  0.5027  0.2617  0.6759  0.1176 -0.0003  0.3811 0 
 43.5340 -0.5760 -1.9036  0.0305  0.0892  0.0049  0.2213  0.0167 -0.0003  0.0339 0 
 53.4768 -0.5913  1.8502  0.0623  0.0507  0.0795  0.2938  0.0162 -0.0003  0.0864 0 
 45.8930  0.6023 -1.2674  0.0089  0.1999  0.0228  0.2619  0.0641 -0.0003  0.0521 0 
 50.6844 -0.6519  1.1125  0.0227  0.3647  0.0232  0.2978  0.0649 -0.0003  0.1131 0 
 37.6196  0.6679 -1.9886  0.0690  0.2848  0.0361  0.2302  0.1545 -0.0003  0.4238 0 
 46.1189 -0.4066  2.6146  0.7057  0.7115  0.0932  0.6538  0.5391 -0.0003  0.9961 1 
 42.6307  0.4507 -0.4959  0.0860  0.6761  0.0360  0.4450  0.2308 -0.0003  0.8457 1 
 50.4158  0.0668 -3.1248  0.1674  0.7348  0.1301  0.7668  0.0508 -0.0003  0.7522 0 
 44.9378 -0.0349 -0.0241  0.0494  0.4609  0.0197  0.2194  0.0983 -0.0003  0.1981 0 
 46.4149  0.6595  1.3728  0.0288  0.1566  0.0296  0.5222  0.1028 -0.0003  0.1896 0 
 44.1413 -0.6375 -1.7255  0.0907  0.7124  0.0479  0.1323  0.1798  0.1598  0.8202 0 
 46.7689 -0.5359 -1.4114  0.0356  0.1993  0.0526  0.3909  0.0289 -0.0003  0.1679 0 
 39.8779  0.5749  1.7059  0.0023  0.7601  0.0316  0.4984  0.0351 -0.0003  0.1750 0 
 50.5165 -0.6498 -2.7303  0.0166  0.2759  0.0894  0.2981  0.0259 -0.0003  0.1780 0 
 37.4975  0.6597  0.3779  0.0410  0.4788  0.0604  0.4608  0.0554 -0.0003  0.3397 0 
 45.9327  0.0782  1.7705  0.0719  0.4024  0.0244  0.3055  0.0655 -0.0003  0.2874 0 
 43.7781 -0.0719 -1.3603  0.0246  0.2095  0.0153  0.3093  0.0118 -0.0003  0.0614 0 
 52.2377  0.0879  0.0939  0.0447  0.3177  0.0613  0.2533  0.0378 -0.0003  0.2991 0 
 41.6205 -0.0540 -3.0935  0.0266  0.6061  0.0218  0.1792  0.1201 -0.0003  0.1951 0 
 49.7749  0.4846  2.9637  0.0125  0.5067  0.0316  0.3846  0.0477 -0.0003  0.1588 0 
 40.6714 -0.4817 -0.1935  0.0343  0.4266  0.0340  0.2704  0.0650 -0.0003  0.2078 0 
 39.5392 -0.4148  1.0336  0.1092  0.4990  0.1339  0.4087  0.1075  0.2352  0.8733 1 
 33.1426  0.4907 -2.1396  0.5925  0.2975  0.0490  0.6201  0.4874 -0.0003  0.9954 1 
 43.4302  0.1323 -1.7666  0.0097  0.3879  0.0261  0.3100  0.0164 -0.0003  0.1072 0 
 39.3286 -0.1263  1.3087  0.0061  0.5451  0.0293  0.2274  0.0143 -0.0003  0.1596 0 
 52.3140 -0.2443 -2.2330  0.0128  0.2001  0.0337  0.2532  0.0057 -0.0003  0.0809 0 
 51.6579  0.2594  0.9252  0.0066  0.2015  0.1341  0.3810  0.1315 -0.0003  0.1812 0 
 56.8246  0.3593  0.9029  0.1997  0.2026  0.1279  0.4547  0.2630 -0.0003  0.9544 0 
 39.1791 -0.3443 -2.2403  0.4070  0.4435  0.0535  0.4098  0.3583  0.1491  0.9957 0 
 51.3893  0.3209  0.5025  0.0179  0.4275  0.3439  0.3391  0.0145 -0.0003  0.2253 0 
 44.5838 -0.3417 -2.6893  0.0195  0.4731  0.1298  0.6157  0.0460 -0.0003  0.2668 0 
 46.7689 -0.1313 -0.2121  0.0561  0.1455  0.0535  0.2172  0.0370 -0.0003  0.1498 0 
 45.1392  0.1505  2.9421  0.1074  0.1480  0.1749  0.2192  0.0629 -0.0003  0.4505 0 
 54.8684  0.1772 -2.7547  0.0624  0.1260  0.0388  0.3336  0.0473 -0.0003  0.1342 0 
 52.8145 -0.1803  0.4506  0.0172  0.3693  0.1896  0.3368  0.0727 -0.0003  0.2756 0 
 48.8258  0.3350  0.7056  0.0771  0.4893  0.2010  0.3436  0.0314 -0.0003  0.4024 0 
 44.2267 -0.3513 -2.4006  0.0250  0.5637  0.0130  0.1763 -0.0200 -0.0003  0.1851 0 
 46.5461 -0.1789  2.7092  0.0275  0.1863  0.0266  0.2609  0.1616 -0.0003  0.1715 0 
 37.3083  0.1813 -0.4345  0.0506  0.3014  0.0402  0.3230  0.0355 -0.0003  0.2379 0 
 49.7017 -0.1838  1.3808  0.0846  0.3217  0.0812  0.1710  0.0421 -0.0003  0.5303 0 
 38.5565  0.2311 -1.7757  0.0864  0.3388  0.0585  0.3658  0.1436 -0.0003  0.6341 0 
 46.2654 -0.4050  2.5435  0.0043  0.4351  0.0989  0.6533  0.0460 -0.0003  0.2205 0 
 44.7639  0.3680 -0.5819  0.0087  0.0906  0.1787  0.2636  0.0118 -0.0003  0.0600 0 
 47.6478 -0.1480 -1.3175  0.1521  0.5316  0.0411  0.0864  0.0844 -0.0003  0.6815 0 
 41.7182  0.1306  1.8364  0.0424  0.6844  0.0242  0.5371  0.0844 -0.0003  0.4386 0 
 40.7233 -0.4444 -0.7211  0.0221  0.1059  0.0392  0.1352  0.0042 -0.0003  0.0861 0 
 38.5657  0.4199  2.4285  0.0097  0.2236  0.0143  0.3201  0.0949 -0.0003  0.0575 0 
 44.8005  0.0292 -1.6015  0.0800  0.3354  0.0238  0.0878  0.1463 -0.0003  0.3076 0 
 44.1382 -0.0312  1.5141  0.0264  0.1200  0.1384  0.1764  0.0406 -0.0003  0.1079 0 
 32.9320  0.2542 -2.9396  0.0322  0.0961  0.0195  0.4779  0.0173 -0.0003  0.0898 0 
 29.0562 -0.2121  0.2071  0.0359  0.5591  0.0267  0.2478  0.0234 -0.0003  0.2023 0 
 50.2388 -0.7896 -0.3475  0.0709  0.1628  0.0415  0.5117  0.1335 -0.0003  0.4042 1 
 44.3122  0.7986  2.8162  0.0004  0.4225  0.0506  0.3524  0.0482 -0.0003  0.1460 1 
 46.4637 -0.4282  0.3545  0.1166  0.2543  0.0524  0.6961  0.0922 -0.0003  0.7132 1 
 46.1311  0.4804 -2.7854  0.2146  0.2628  0.0649  0.4794  0.3532  0.4536  0.9989 1 
 52.0668  0.2388 -0.7382  0.0041  0.4510  0.0740  0.5070  0.0674 -0.0003  0.1911 0 
 46.3233 -0.2430  2.3625  0.0636  0.1869  0.0118  0.2612  0.0810 -0.0003  0.1075 0 
 46.6957 -0.6893  0.7077  0.0185  0.1496  0.0960  0.3910  0.0551 -0.0003  0.1155 0 
 41.4771  0.6804 -2.4052  0.0405  0.4222  0.0505  0.2242  0.1594 -0.0003  0.4956 0 
 45.2735 -0.7093 -2.0124  0.1032  0.1614  0.0346  0.3942  0.3017 -0.0003  0.6433 1 
 29.9504  0.6826  1.2055  0.1220  0.5004  0.0262  0.3439  0.3467  0.0475  0.8992 1 
 48.5267  0.7335  1.4454  0.0377  0.3229  0.0738  0.3442  0.0329 -0.0003  0.2619 0 
 46.7567 -0.7334 -1.6973  0.0002  0.6192  0.0173  0.2172  0.0818 -0.0003  0.1168 0 
 42.5238 -0.7755 -0.1125  0.1348  0.5074  0.0367  0.2672  0.1162 -0.0003  0.7102 1 
 28.7541  0.8073  2.9304  0.0974  0.2142  0.0780  0.3978  0.0357  0.0544  0.4867 1 
 43.7446  0.7391 -0.3925  0.0720  0.6072  0.0612  0.3536  0.0391  0.2360  0.7407 1 
 43.3570 -0.7477  2.7750  0.6120  0.6552  0.0313  0.3101  0.7415 -0.0003  0.9983 1 
 34.5617  0.0919 -3.0777  0.3200  0.3691  0.0714  0.2357  0.3424  0.4744  0.9995 1 
 31.8669 -0.1629  0.0464  0.0790  0.3437  0.0852  0.5789  0.1268  0.4743  0.9287 1 
 56.8368  0.5119  1.2738  0.1007  0.2556  0.0465  0.4547  0.0942 -0.0003  0.5264 1 
 45.6886 -0.5636 -1.7774  0.1554  0.5723  0.0815  0.2622  0.0742 -0.0003  0.8322 1 
 46.7994 -0.4073 -0.6252  0.0251  0.2615  0.0404  0.4776  0.0248 -0.0003  0.1841 0 
 41.7975  0.4154  2.4868  0.0049  0.2842  0.0502  0.3132  0.0143 -0.0003  0.1257 0 
 45.5055 -0.4136 -1.1582  0.0154  0.3244  0.0390  0.1750  0.0109 -0.0003  0.1810 0 
 45.3681  0.4044  1.9968  0.0354  0.6290  0.1237  0.2189  0.0242 -0.0003  0.3039 0 
 37.5494 -0.7392 -2.9653  0.0068  0.5592  0.0403  0.5527  0.0412 -0.0003  0.1934 0 
 36.4874  0.7232  0.2151  0.0616  0.2281  0.0284  0.4643  0.0464 -0.0003  0.2663 0 
 53.9345 -0.5963  0.6132  0.0108  0.2402  0.1174  0.2932  0.0818 -0.0003  0.1778 0 
 41.1414  0.6130 -2.5615  0.0662  0.4259  0.0272  0.3145  0.1744 -0.0003  0.4829 0 
 50.0313 -0.7303 -3.0037  0.0082  0.2901  0.0297  0.1707  0.0131 -0.0003  0.1150 0 
 48.1819  0.7243  0.1999  0.0010  0.3295  0.0424  0.1724  0.0154 -0.0003  0.1600 0 
 44.2359  0.0625  2.6308  0.0327  0.2121  0.0358  0.4847  0.0074 -0.0003  0.1773 0 
 41.6571 -0.0509 -0.4911  0.0550  0.7190  0.0151  0.2687  0.0706 -0.0003  0.2533 0 
 43.9521 -0.6905  2.4899  0.0055  0.4439  0.0330  0.3532  0.0334 -0.0003  0.1250 0 
 42.6368  0.6848 -0.6684  0.0285  0.2022  0.1610  0.4005  0.0411 -0.0003  0.1876 0 
 48.3406 -0.6471 -2.0587  0.0231  0.2425  0.0187  0.3875  0.0687 -0.0003  0.0922 1 
 41.9287  0.6634  1.0881  0.1388  0.2638  0.0382  0.2235  0.1756 -0.0003  0.6940 1 
 50.6874 -0.0349  0.3624  0.1751  0.4591  0.0430  0.4679  0.2221 -0.0003  0.9232 1 
 43.5950  0.0180 -2.7745  0.2959  0.3439  0.0426  0.7078  0.2925 -0.0003  0.9886 1 
 45.8747 -0.2411 -0.8220  0.0432  0.4523  0.0264  0.3492  0.1745 -0.0003  0.3951 0 
 45.7252  0.2277  2.3198  0.0388  0.0489  0.0323  0.1747  0.0256 -0.0003  0.0601 0 
 52.8298 -0.5583  1.1953  0.0106  0.4494  0.2625  0.2526  0.0141 -0.0003  0.2255 0 
 40.2838  0.5675 -1.9051  0.0548  0.1369  0.0050  0.0904  0.0073 -0.0003  0.0719 0 
 55.8022  0.1759 -0.0541  0.0175  0.6111  0.3717  0.4568  0.0793 -0.0003  0.3378 0 
 42.3896 -0.1519  3.1078  0.0375  0.5295  0.0244  0.4457  0.0414 -0.0003  0.2750 0 
 46.9337 -0.3232 -1.5720  0.0064  0.6455  0.1411  0.6075  0.0023 -0.0003  0.2366 0 
 44.3488  0.3300  1.5782  0.0098  0.1738  0.0677  0.2202  0.0583 -0.0003  0.1146 0 
 57.6883 -0.6760 -2.9440  0.0360  0.7042  0.0557  0.2059  0.0665 -0.0003  0.4819 0 
 46.4271  0.6548  0.2447  0.0226  0.1395  0.0577  0.5657  0.0530 -0.0003  0.1712 0 
 44.3397  0.4054 -0.8001  0.0059  0.2059  0.0215  0.4404  0.1448 -0.0003  0.1156 0 
 43.7720 -0.4162  2.3196  0.0423  0.2088  0.0440  0.2651  0.1108 -0.0003  0.2260 0 
 44.4923 -0.4271  1.2949  0.0291  0.2554  0.0217  0.2640  0.0632 -0.0003  0.0896 0 
 39.3225  0.4320 -1.8910  0.0081  0.2847  0.0450  0.6368  0.1323 -0.0003  0.2673 0 
 39.1241 -0.0368 -1.2692  0.0000  0.3244  0.0247  0.0911 -0.0200 -0.0003  0.2298 0 
 38.4985  0.0333  1.8975  0.0347  0.2083  0.0405  0.3202  0.0391 -0.0003  0.1311 0 
 52.5368 -0.7916  0.2351  0.1183  0.8023  0.1875  0.6745  0.1962 -0.0003  0.9070 0 
 46.5888  0.7843 -2.9551  0.0026  0.5113  0.0190  0.1304  0.0369 -0.0003  0.1268 0 
 52.8145 -0.1489  2.3496  0.1202  0.2146  0.0916  0.5052  0.2607 -0.0003  0.8699 0 
 33.8293  0.1566 -0.7861  0.0391  0.2163  0.0639  0.1423  0.0159 -0.0003  0.2540 0 
 46.7994  0.7690  0.2411  0.0710  0.0811  0.1887  0.2606  0.0174 -0.0003  0.1114 0 
 40.5585 -0.7757 -2.9251  0.0312  0.1999  0.1081  0.2255  0.0803 -0.0003  0.2432 0 
 51.2978  0.7837  2.1488  0.1564  0.5544  0.1089  0.5089  0.1893  0.4635  0.9912 1 
 38.2818 -0.7826 -0.9980  0.1274  0.5548  0.0524  0.4582  0.0703  0.1424  0.8043 1 
 44.5045  0.4540 -0.6236  0.1602  0.2467  0.0484  0.2640  0.3308  0.2828  0.9787 0 
 40.6744 -0.4154  2.5095  0.0182  0.2818  0.0250  0.5859  0.1778 -0.0003  0.3143 0 
 46.7475  0.2843  2.7470  0.4300  0.2594  0.0682  0.4343  0.5202  0.2810  0.9997 1 
 36.3653 -0.2978 -0.3981  0.0785  0.1639  0.0574  0.2324  0.0674 -0.0003  0.2663 1 
 46.7964 -0.6039  0.2914  0.0247  0.2238  0.0240  0.3040  0.0164 -0.0003  0.0797 0 
 42.3041  0.5980 -2.8135  0.0488  0.2555  0.1875  0.2676  0.0251  0.6088  0.5961 0 
 50.6661  0.6784 -2.5358  0.1058  0.2257  0.0273  0.3404  0.0685 -0.0003  0.3402 0 
 44.1321 -0.6841  0.5510  0.0114  0.1805  0.0945  0.5291  0.0113 -0.0003  0.1371 0 
 49.4514  0.4113  2.5236  0.1866  0.2443  0.1766  0.2997  0.0130 -0.0003  0.6566 0 
 36.2097 -0.4023 -0.5910  0.0470  0.5297  0.0183  0.3722  0.0748 -0.0003  0.2399 0 
 46.6590  0.4346  1.1907  0.1015  0.1930  0.0437  0.3911  0.0871 -0.0003  0.4146 1 
 32.2759 -0.4601 -1.9255  0.4233  0.3965  0.0290  0.2884  0.4609 -0.0003  0.9960 1 
 47.0314 -0.0791 -1.6276  0.1400  0.0519  0.0438  0.3903  0.1016 -0.0003  0.2726 0 
 38.0591  0.0751  1.5146  0.0592  0.2772  0.0597  0.4130  0.1752 -0.0003  0.5212 0 
 48.9479 -0.5774 -1.8698  0.0502  0.6775  0.1589  0.4721  0.1089 -0.0003  0.4359 0 
 39.1913  0.6014  1.2518  0.0400  0.3297  0.0290  0.1821  0.0255 -0.0003  0.1720 0 
 49.2256  0.5181 -2.4985  0.0152  0.1401  0.0387  0.2572  0.1592 -0.0003  0.1357 0 
 44.8920 -0.5091  0.6123  0.0015  0.2696  0.1170  0.3512  0.1020 -0.0003  0.1713 0 
 49.5888 -0.4628 -1.9131  0.2819  0.1846  0.0168  0.2139  0.2775 -0.0003  0.8347 1 
 29.6818  0.4878  1.2002  0.0527  0.5713  0.0234  0.4433  0.1835 -0.0003  0.5650 1 
 44.4404 -0.3961  3.0241  0.0593  0.6433  0.0299  0.4401  0.0383 -0.0003  0.4428 1 
 40.9125  0.3891 -0.1710  0.0815  0.6532  0.1068  0.3600  0.2681 -0.0003  0.9016 1 
 50.8064 -0.4073  0.2368  0.0311  0.1378  0.0939  0.5102  0.1429 -0.0003  0.2591 0 
 48.7953  0.3482 -2.8363  0.0035  0.5464  0.2376  0.2577  0.0699 -0.0003  0.3138 0 
 49.7688 -0.2805  2.7229  0.0003  0.2208  0.0553  0.2992  0.0784 -0.0003  0.0988 0 
 47.7852  0.2955 -0.3830  0.0041  0.4759  0.0645  0.4319  0.0624 -0.0003  0.1822 0 
 43.7690  0.0113  1.4311  0.0266  0.5558  0.0195  0.1768  0.0294 -0.0003  0.1467 0 
 38.6938  0.0237 -1.7087  0.1103  0.3361  0.1100  0.5939  0.0709 -0.0003  0.5735 0 
 49.0364 -0.2119 -1.9167  0.3102  0.1581  0.1223  0.5148  0.2640  0.6515  0.9996 1 
 41.1566  0.2047  1.1947  0.3332  0.2507  0.0713  0.3594  0.2706 -0.0003  0.9839 1 
 46.7475 -0.7109 -0.7130  0.0469  0.4617  0.0787  0.3909  0.1262  0.0282  0.5220 0 
 38.9105  0.7085  2.4396  0.0255  0.1366  0.1033  0.2281  0.0131 -0.0003  0.1105 0 
 41.8494  0.0683 -0.1779  0.0375  0.5215  0.0697  0.4920  0.1362 -0.0003  0.4405 1 
 36.3012 -0.0919  2.9742  0.5586  0.4696  0.0578  0.4184  0.2043 -0.0003  0.9838 1 
 48.3192 -0.5051  2.2403  0.0819  0.2719  0.0691  0.3876  0.0945 -0.0003  0.4859 0 
 45.6794  0.5273 -0.8917  0.0130  0.4638  0.0173  0.2185  0.1429  0.2235  0.6084 0 
 48.2887  0.4264 -0.4414  0.0446  0.6633  0.1136  0.5169  0.1256 -0.0003  0.4641 0 
 47.3487 -0.4262  2.7367  0.0005  0.1266  0.0509  0.3896  0.0988 -0.0003  0.0839 0 
 44.7913  0.5520  3.0496  0.3923  0.2222  0.0851  0.4832  0.1599 -0.0003  0.9662 1 
 36.6613 -0.5399 -0.1068  0.2991  0.6620  0.0127  0.2782  0.2476 -0.0003  0.9456 1 
 46.7231  0.2657  1.1989  0.0033  0.2685  0.0375  0.2172  0.0336 -0.0003  0.0897 0 
 46.2959 -0.2960 -1.9511  0.0027  0.1790  0.0429  0.4790  0.0574 -0.0003  0.1014 0 
 47.1107  0.2899  2.5182  0.0608 -1.0000  0.0080  0.0867  0.0073 -0.0003  0.1111 0 
 46.2898 -0.2718 -0.5997  0.0262  0.2766  0.0172  0.3484  0.0192 -0.0003  0.0875 0 
 48.2399 -0.7391 -2.9568  0.0013  0.1268  0.0435  0.3016  0.0513 -0.0003  0.0575 0 
 42.1942  0.7321  0.1784  0.0031  0.3396  0.0731  0.4462  0.0678 -0.0003  0.1641 0 
 56.5957 -0.2891  2.0606  0.0090  0.1382  0.0652  0.2482  0.0091  0.2719  0.3383 0 
 43.6622  0.2986 -1.0562  0.0857  0.2760  0.0801  0.3095  0.1124 -0.0003  0.5553 0 
 44.1260 -0.7693  0.0575  0.0059  0.3535  0.0404  0.4851  0.0095 -0.0003  0.1568 0 
 31.8212  0.7955  3.1030  0.0016  0.1937  0.2060  0.4344  0.0584 -0.0003  0.1545 0 
 46.2806 -0.4632  3.0853  0.0176  0.2188  0.0248  0.4355  0.0515 -0.0003  0.1003 0 
 43.4424  0.4784 -0.0593  0.0282  0.1512  0.0147  0.1328  0.0727 -0.0003  0.0675 0 
 43.8911  0.7068 -1.1962  0.0692  0.7848  0.0457  0.4857  0.1140 -0.0003  0.6826 0 
 37.9889 -0.7158  1.8991  0.0010  0.3992  0.0757  0.3214  0.1131 -0.0003  0.2350 0 
 50.3914 -0.7669 -2.2358  0.0396  0.4625  0.0512  0.4687  0.0941 -0.0003  0.3926 0 
 49.2592  0.7716  0.9029  0.0574  0.1312  0.0454  0.3428  0.0609 -0.0003  0.1523 0 
 41.6205  0.7834 -3.0335  0.0216  0.2141  0.0189  0.0896  0.0130 -0.0003  0.1139 0 
 34.3267 -0.7929  0.1303  0.0327  0.5702  0.0254  0.2834  0.0352 -0.0003  0.1853 0 
 44.0284  0.6514  2.6562  0.3458  0.3298  0.0638  0.3089  0.3273 -0.0003  0.9904 1 
 36.0204 -0.6462 -0.5001  0.2975  0.2113  0.0340  0.3262  0.2917 -0.0003  0.9501 1 
 51.0842  0.5700  0.4656  0.0230  0.1864  0.0349  0.4245  0.0235 -0.0003  0.1137 0 
 45.5238 -0.5636 -2.6840  0.0118  0.4775  0.0274  0.2624  0.0124 -0.0003  0.1445 0 
 54.7402 -0.3116 -0.0688  0.0357  0.4016  0.2734  0.3755  0.0750 -0.0003  0.3599 0 
 46.1830  0.3380  3.1075  0.0031  0.1309  0.0659  0.3050  0.0054 -0.0003  0.0826 0 
 35.6237 -0.2646 -0.3452  0.2247  0.5047  0.0990  0.2804  0.0673  0.6398  0.9988 1 
 25.6168  0.2392  2.8390  0.0726  0.5149  0.0149  0.4119  0.0417 -0.0003  0.3458 1 
 58.4237 -0.4870  1.0039  0.0362  0.1957  0.0895  0.2874  0.0115 -0.0003  0.1753 0 
 44.3366  0.5040 -2.1883  0.0598  0.6877  0.0574  0.5725  0.0501 -0.0003  0.4431 0 
 52.4086 -0.5628  2.7258  0.0202  0.5384  0.0878  0.4218  0.0132 -0.0003  0.2166 0 
 46.8696  0.5687 -0.3826  0.0695  0.3402  0.0087  0.1736  0.0723 -0.0003  0.1462 0 
 56.1105 -0.6314 -0.6478  0.0293  0.2794  0.0290  0.3317  0.0214 -0.0003  0.1246 0 
 45.9022  0.6496  2.4943  0.0565  0.3106  0.0299  0.4364  0.1232 -0.0003  0.3873 0 
 40.0977  0.4568  1.2990  0.0111  0.3614  0.0385  0.4072  0.0335 -0.0003  0.1469 0 
 37.6684 -0.4261 -1.7929  0.1814  0.6232  0.0497  0.1841  0.1695 -0.0003  0.8939 0 
 49.3629  0.3119  3.1402  0.0093  0.2008  0.2452  0.6424  0.0383 -0.0003  0.2436 0 
 43.3692 -0.3793 -0.0410  0.0124  0.3017  0.0187  0.3544  0.0097 -0.0003  0.0803 0 
 46.7720  0.6003  2.3863  0.0037  0.3087  0.0457  0.3040  0.0135 -0.0003  0.1246 0 
 44.9012 -0.5951 -0.7017  0.0291  0.1048  0.0948  0.4390  0.0191 -0.0003  0.1035 0 
 54.7707  0.7862  0.9205  0.0698  0.2995  0.0317  0.3338  0.0845 -0.0003  0.3189 0 
 29.7612 -0.8065 -2.1341  0.0491  0.1543  0.0495  0.3445  0.0491 -0.0003  0.1555 0 
 41.0620 -0.0923 -1.9704  0.0212  0.3432  0.1511  0.4046  0.0963 -0.0003  0.2799 1 
 39.2615  0.0154  1.0925  0.1260  0.6876  0.0415  0.3640  0.0956  0.2332  0.8544 1 
 51.4473  0.4868 -0.3360  0.0138  0.2029  0.0485  0.2543  0.0118 -0.0003  0.1070 0 
 25.5589 -0.4926  2.8378  0.0335  0.5013  0.0255  0.4638  0.1166  0.1030  0.5416 0 
 42.5086 -0.5825 -2.3091  0.2585  0.7807  0.0491  0.5790  0.2498 -0.0003  0.9681 1 
 40.5951  0.5917  0.8234  0.0320  0.5275  0.0484  0.4058  0.0222  0.0948  0.4313 1 
 46.2959 -0.7103 -0.8554  0.0097  0.1032  0.0293  0.3484  0.0275 -0.0003  0.0525 0 
 41.1017  0.7095  2.2576  0.0474  0.3298  0.0135  0.4494  0.0153 -0.0003  0.1954 0 
 48.8472 -0.1332 -2.2007  0.1772  0.1511  0.0460  0.2577  0.1590 -0.0003  0.6950 0 
 45.6855  0.1174  0.9475  0.1122  0.5688  0.0323  0.2622  0.1079 -0.0003  0.6223 0 
 51.5267  0.3319 -0.0471  0.0020  0.2510  0.0468  0.3813  0.0683 -0.0003  0.1033 0 
 49.7658 -0.3196  3.1046  0.0760  0.2276  0.0733  0.4274  0.0729 -0.0003  0.4028 0 
 51.7006  0.0422 -0.2015  0.0088  0.3073  0.1239  0.2116  0.0305 -0.0003  0.2025 0 
 39.1516 -0.0121  2.9426  0.0143  0.0694  0.0328  0.1821  0.0020 -0.0003  0.0630 0 
 40.9003 -0.4040  1.8387  0.0085  0.3310  0.0091  0.2250  0.0215 -0.0003  0.0636 0 
 35.4162  0.3197 -1.2985  0.1245  0.5989  0.0198  0.3745  0.0882  0.1126  0.6735 0 
 48.5054 -0.3595  1.1356  0.0422  0.1290  0.0556  0.2581  0.0211 -0.0003  0.1122 0 
 48.3162  0.3778 -2.0251  0.0424  0.2916  0.0580  0.2584  0.0333 -0.0003  0.2595 0 
 43.6255  0.5710 -2.3346  0.0027  0.2355  0.0354  0.3539  0.0980 -0.0003  0.0887 0 
 40.1129 -0.5574  0.8304  0.2106  0.0334  0.0413  0.3619  0.2315 -0.0003  0.6780 0 
 42.2675 -0.3475 -2.8508  0.0135  0.5171  0.0254  0.4906  0.1071 -0.0003  0.2379 1 
 41.9104  0.2940  0.3091  0.1896  0.6506  0.0573  0.6706  0.3467  0.1593  0.9796 1 
 47.7302  0.7118 -1.5211  0.1247  0.4589  0.0348  0.3024  0.3392 -0.0003  0.8782 1 
 41.4710 -0.7097  1.6257  0.0398  0.1375  0.0436  0.3138  0.0065  0.4093  0.9131 1 
 50.3212 -0.5700  1.7355  0.2118  0.6634  0.0792  0.2557  0.2934 -0.0003  0.9820 1 
 43.8514  0.5703 -1.3845  0.3909  0.6476  0.0234  0.4859  0.5278 -0.0003  0.9967 1 
 47.4739  0.7764  0.1543  0.0416  0.3099  0.0202  0.2163  0.0756 -0.0003  0.1348 0 
 46.5309 -0.7946 -2.9354  0.0207  0.6247  0.1386  0.3479  0.0297 -0.0003  0.2707 0 
 42.2217  0.6252  1.1566  0.1046  0.4224  0.0278  0.2231  0.1325 -0.0003  0.5084 1 
 41.3214 -0.6157 -2.0033  0.1840  0.5321  0.0952  0.4936  0.1761 -0.0003  0.9276 1 
 45.3315  0.7336 -0.2970  0.0011  0.4544  0.0403  0.2627  0.0369 -0.0003  0.1426 0 
 41.2512 -0.7308  2.8776  0.0188  0.1151  0.0288  0.3143  0.0761 -0.0003  0.0610 0 
 41.5747  0.6719  0.5673  0.0002  0.7457  0.0633  0.4032  0.0676 -0.0003  0.2296 0 
 37.4517 -0.6627 -2.4799  0.0029  0.4966  0.0989  0.5992  0.1071 -0.0003  0.2510 0 
 51.2123  0.1656 -1.6997  0.1053  0.2812  0.0897  0.3394  0.0573 -0.0003  0.4892 0 
 43.0304 -0.1515  1.4343  0.0106  0.5274  0.0280  0.5771  0.0287 -0.0003  0.2028 0 
 44.5594  0.7922 -0.5213  0.0322  0.4049  0.0394  0.3519  0.0128 -0.0003  0.2343 0 
 43.2502 -0.7985  2.6120  0.0123  0.2810  0.0454  0.4433  0.0517 -0.0003  0.1519 0 
 52.3873 -0.1891  1.9581  0.0240  0.1497  0.0943  0.2531  0.1393 -0.0003  0.2258 0 
 45.9480  0.1610 -1.1664  0.0692  0.1164  0.0373  0.4363  0.1494 -0.0003  0.2916 0 
 45.1606  0.3755  2.7353  0.3943  0.0567  0.0188  0.1753  0.3751  0.3195  0.9982 1 
 42.9236 -0.3884 -0.4316  0.1179  0.3692  0.0342  0.5331  0.2165  0.0682  0.8679 1 
 44.0711  0.4563 -1.5041  0.0023  0.3694  0.0303  0.3088  0.0591 -0.0003  0.0892 0 
 43.9979 -0.4533  1.6578  0.0304  0.2800  0.0233  0.3530  0.0773 -0.0003  0.1270 0 
 53.1624  0.4538  1.8194  0.0003  0.6308  0.0373  0.3783  0.1691 -0.0003  0.3092 0 
 40.0671 -0.4235 -1.2933  0.0652  0.2306  0.0406  0.5430  0.1196 -0.0003  0.4517 0 
 47.7821  0.5992 -2.0088  0.5488  0.4383  0.1433  0.4319  0.4730 -0.0003  0.9982 1 
 28.2628 -0.6047  1.1246  0.2890  0.1911  0.0548  0.1999  0.3470  0.5471  0.9995 1 
 49.9763  0.3168 -2.6208  0.0209  0.2539  0.0442  0.1708  0.0026  0.2873  0.7395 0 
 43.9307 -0.3336  0.5313  0.0680  0.5003  0.0217  0.3090  0.0479 -0.0003  0.2799 0 
 48.5115 -0.4464  2.6363  0.0033  0.3685  0.0708  0.2581  0.0523 -0.0003  0.1987 0 
 45.0782  0.4611 -0.5009  0.0023  0.4378  0.1035  0.4824  0.0618 -0.0003  0.1915 0 
 44.9104 -0.1191 -2.1501  0.0043  0.2660  0.0117  0.3073  0.0204  0.1226  0.2003 0 
 35.2544  0.1173  0.9872  0.0155  0.2122  0.0403  0.1875  0.0449 -0.0003  0.0994 0 
 37.0611 -0.7756 -1.5308  0.0742  0.4041  0.0216  0.2774  0.0329 -0.0003  0.2425 0 
 33.1395  0.7720  1.6242  0.0031  0.2804  0.0251  0.1908  0.0015 -0.0003  0.0945 0 
 47.8492  0.6857  1.3413  0.0431  0.5102  0.0277  0.3886  0.0150 -0.0003  0.2816 0 
 45.4963 -0.6642 -1.7783  0.0056  0.2233  0.0689  0.5687  0.0928 -0.0003  0.1850 0 
 60.9476  0.2567  0.5219  0.0122  0.5053  0.2047  0.4876  0.1225 -0.0003  0.3157 0 
 37.8119 -0.2863 -2.6050  0.0188  0.0293  0.0355  0.2298  0.2167 -0.0003  0.1340 0 
 49.7292  0.0819 -0.8743  0.0120  0.3068  0.0184  0.1282  0.0059 -0.0003  0.1241 0 
 45.6336 -0.1074  2.2803  0.1068  0.4634  0.0312  0.3060  0.0715 -0.0003  0.5293 0 
 48.1453 -0.5251 -1.5524  0.0199  0.2420  0.0397  0.3448  0.0163 -0.0003  0.1210 0 
 45.2338  0.5265  1.5874  0.0157  0.4194  0.0787  0.3505  0.0749 -0.0003  0.2435 0 
 49.5674 -0.6909  0.6534  0.0069  0.6830  0.1160  0.5990  0.0135 -0.0003  0.2441 0 
 48.0049  0.7218 -2.5715  0.1121  0.2069  0.0549  0.2588  0.1025 -0.0003  0.5013 0 
 46.6255 -0.0382 -2.5531  0.0287  0.4382  0.0227  0.3043  0.0513 -0.0003  0.1382 0 
 43.8361  0.0539  0.6104  0.0104  0.3550  0.0372  0.2650  0.0162 -0.0003  0.1364 0 
 46.4546 -0.1691  1.5179  0.0161  0.2505  0.1480  0.3046  0.0178 -0.0003  0.1662 0 
 39.8993  0.1983 -1.5968  0.0190  0.3264  0.0360  0.4077  0.0052 -0.0003  0.1662 0 
 48.5664 -0.6909 -1.0976  0.0111  0.2546  0.0788  0.2580  0.1207 -0.0003  0.2481 0 
 42.2950  0.6908  2.0414  0.0099  0.2522  0.0093  0.2230  0.0030 -0.0003  0.0555 0 
 47.2511 -0.5263 -2.3050  1.1207  0.2599  0.0455  0.6064  1.1003 -0.0003  0.9960 1 
 26.4439  0.5275  0.8151  0.4698  0.5703  0.0126  0.4589  0.2310  0.1158  0.9870 1 
 44.5899  0.7480 -1.2745  0.0258  0.0773  0.0151  0.0879  0.0047 -0.0003  0.0613 0 
 32.7550 -0.7438  1.8677  0.0357  0.2962  0.0045  0.2872  0.0560 -0.0003  0.0747 0 
 44.0345 -0.5850 -0.3019  0.0342  0.0298  0.1004  0.3971  0.0246 -0.0003  0.0619 0 
 42.8351  0.5889  2.8825  0.0002  0.5350  0.0706  0.5333  0.0764 -0.0003  0.1972 0 
 51.3954  0.0416 -2.0463  0.0056  0.4073  0.0656  0.1696  0.0967 -0.0003  0.3227 0 
 41.9104 -0.0551  1.0830  0.0287  0.1432  0.0176  0.2683  0.1844 -0.0003  0.1453 0 
 55.8877  0.2910  2.0421  0.0488  0.5677  0.1826  0.3736  0.0757 -0.0003  0.3663 0 
 36.8048 -0.2994 -1.1394  0.0268  0.0905  0.0607  0.0463  0.0025 -0.0003  0.1379 0 
 49.5430 -0.7085  0.7640  0.0087  0.5851  0.0562  0.2140  0.0298 -0.0003  0.2932 0 
 47.3182  0.7514 -2.3440  0.0307  0.5119  0.0678  0.3897  0.2265 -0.0003  0.6198 0 
 46.8757  0.7051  1.7672  0.0105  0.4370  0.1296  0.4775  0.0102 -0.0003  0.2021 0 
 38.3673 -0.7178 -1.3768  0.0128  0.2152  0.0235  0.3663  0.0356  0.1501  0.2862 0 
 43.9582  0.7326 -2.0505  0.0014  0.5486  0.0365  0.2207  0.0928 -0.0003  0.1723 0 
 39.9542 -0.7456  1.0856  0.0005  0.4962  0.0965  0.5434  0.0091 -0.0003  0.1794 0 
 46.6468 -0.6811  2.8855  0.0357  0.4997  0.0166  0.3477  0.1182 -0.0003  0.2060 0 
 35.8038  0.6986 -0.2484  0.0042  0.2466  0.0268  0.2800  0.0670 -0.0003  0.0612 0 
 50.8431  0.5472  0.6912  0.0207  0.5150  0.1020  0.5101  0.0742 -0.0003  0.2706 0 
 39.6216 -0.5740 -2.4661  0.0413  0.5817  0.0143  0.3177  0.0334 -0.0003  0.1637 0 
 46.7262  0.5685  3.1037  0.0220  0.3032  0.0241  0.2172  0.0130 -0.0003  0.1085 0 
 41.5900 -0.5596 -0.0827  0.0099  0.6673  0.0592  0.4032  0.0154 -0.0003  0.2054 0 
 46.9856  0.1558  1.5691  0.0359  0.4522  0.0739  0.5205  0.0244 -0.0003  0.2808 0 
 41.3458 -0.1441 -1.5556  0.0055  0.3360  0.0082  0.3589  0.0056 -0.0003  0.0604 0 
 51.4565 -0.6377 -2.9546  0.0089  0.5155  0.0346  0.2966  0.0058 -0.0003  0.1825 0 
 42.0905  0.6334  0.1647  0.0127  0.2140  0.0261  0.3126  0.0408 -0.0003  0.0619 0 
 48.5328  0.3150  0.8814  0.0000  0.1341  0.0899  0.1721  0.0114 -0.0003  0.1027 0 
 45.5299 -0.2946 -2.2362  0.0185  0.4762  0.0541  0.3499 -0.0200 -0.0003  0.2341 0 
 48.7892  0.5039 -0.8358  0.0511  0.5630  0.1457  0.3866  0.0092 -0.0003  0.2983 0 
 47.4830 -0.5190  2.3415  0.0210  0.2326  0.0343  0.2596  0.0145 -0.0003  0.1004 0 
 48.9509  0.7226  0.2862  0.0571  0.4907  0.1050  0.8155  0.0513 -0.0003  0.4834 0 
 39.0539 -0.7210 -2.8729  0.0228  0.3653  0.0294  0.2734  0.0320 -0.0003  0.1300 0 
 48.6885 -0.6729  1.9860  0.0846  0.4775  0.0266  0.3008  0.0209  0.1398  0.6468 0 
 46.2593  0.6663 -1.1765  0.0068  0.0726  0.0277  0.2613  0.1345 -0.0003  0.0668 0 
 48.9052 -0.5212  2.2536  0.0215  0.5280  0.0668  0.4293  0.0775 -0.0003  0.2779 0 
 44.4251  0.5204 -0.9478  0.0243  0.6084  0.0139  0.1321 -0.0200 -0.0003  0.2028 0 
 49.7169  0.6137  0.2347  0.0761  0.1843  0.0881  0.5558  0.1024 -0.0003  0.4840 0 
 49.2897 -0.6423 -2.9279  0.0230  0.6569  0.0348  0.2999  0.0198 -0.0003  0.2363 0 
 52.1950  0.0303  2.1252  0.1243  0.7310  0.2200  0.6334  0.0563  0.0551  0.6591 0 
 43.8636 -0.0233 -1.0031  0.0374  0.4389  0.0783  0.2650  0.0443 -0.0003  0.3483 0 
 44.0681 -0.4826  2.4104  0.0622  0.1394  0.0450  0.2206  0.1512 -0.0003  0.2957 0 
 41.4649  0.4647 -0.7260  0.0385  0.5824  0.0182  0.2242  0.0234 -0.0003  0.1627 0 
 49.0761 -0.5834 -1.5123  0.4970  0.2752  0.0617  0.3860  0.4023 -0.0003  0.9954 1 
 47.0771  0.5734  1.6413  0.2709  0.3484  0.0617  0.6937  0.2420 -0.0003  0.9809 1 
 48.9326 -0.3532  2.8177  0.4365  0.2307  0.0261  0.4293  0.7521 -0.0003  0.9981 1 
 46.4179  0.3541 -0.3129  0.7093  0.4750  0.0525  0.5222  0.7218 -0.0003  0.9981 1 
 38.8983 -0.6684  1.4885  0.0768  0.5597  0.0799  0.3193  0.0267 -0.0003  0.4798 1 
 28.1102  0.5845 -1.6433  0.2330  0.3471  0.0871  0.4505  0.1531  0.2423  0.9560 1 
 50.4219  0.8022  1.8030  0.0262  0.3080  0.0523  0.4260  0.0276  0.0419  0.2623 0 
 46.6560 -0.7881 -1.3282  0.0813  0.0131  0.0827  0.1738  0.0010 -0.0003  0.0942 0 
 47.4891 -0.0080  1.4220  0.0042  0.1934  0.0338  0.3893  0.1379 -0.0003  0.1116 0 
 45.5360 -0.0128 -1.7280  0.0314  0.3938  0.0391  0.3936  0.0150 -0.0003  0.2321 0 
 46.2623 -0.6485  1.6687  0.0196  0.1163  0.0186  0.2613  0.0106 -0.0003  0.0453 0 
 45.3681  0.6640 -1.4657  0.0044  0.1977  0.0157  0.1751  0.0186 -0.0003  0.0504 0 
 48.3009  0.3953 -2.6053  0.0078  0.3411  0.0605  0.5599  0.1993 -0.0003  0.3204 0 
 37.7905 -0.4045  0.5247  0.1769  0.4110  0.0274  0.2759  0.1437 -0.0003  0.6962 0 
 43.7995 -0.6881  1.3894  0.0271  0.3085  0.0246  0.4418  0.0566 -0.0003  0.1631 0 
 43.5828  0.6767 -1.7215  0.0012  0.3899  0.0849  0.5309  0.0377 -0.0003  0.1689 0 
 56.6415  0.1509 -2.0207  0.0508  0.6525  0.0832  0.2482  0.0438 -0.0003  0.4566 0 
 48.1971 -0.1216  1.0804  0.1015  0.0892  0.0588  0.1724  0.1068  0.1754  0.5554 0 
 48.0110  0.5355 -2.9850  0.0393  0.6650  0.0605  0.6902  0.0799 -0.0003  0.4106 1 
 47.7852 -0.5158  0.1392  0.4278  0.5060  0.1333  0.5615  0.5259  0.1135  0.9983 1 
 48.3223 -0.5591  0.3041  0.0816  0.3373  0.0328  0.5168  0.0565 -0.0003  0.4752 0 
 39.0204  0.5440 -2.8165  0.0444  0.3993  0.0794  0.4102  0.1473  0.1927  0.7101 0 
 41.3214 -0.6989 -2.0980  0.0195  0.1246  0.0220  0.3590  0.0190 -0.0003  0.0558 0 
 39.1119  0.6983  1.0407  0.0283  0.2002  0.0325  0.3644  0.0172 -0.0003  0.1081 0 
 46.8177 -0.6392 -0.7448  0.0398  0.1746  0.0617  0.4342  0.0821 -0.0003  0.2219 0 
 45.0568  0.6264  2.3641  0.0115  0.7385  0.0224  0.1316  0.0193 -0.0003  0.1663 0 
 40.7965 -0.4115  2.7282  0.0044  0.4092  0.0594  0.4053  0.0668 -0.0003  0.1741 0 
 39.2767  0.4209 -0.3408  0.0737  0.1907  0.0393  0.1365  0.0496 -0.0003  0.2408 0 
 48.3497  0.6731 -2.1951  0.0214  0.2083  0.1289  0.4737  0.0078 -0.0003  0.1661 0 
 40.3449 -0.6814  0.9026  0.0341  0.1054  0.0150  0.1807  0.0550 -0.0003  0.0460 0 
 38.2513  0.3784  1.9680  0.0115  0.4883  0.0851  0.5499  0.0556 -0.0003  0.2245 0 
 37.5006 -0.4095 -1.1334  0.0279  0.2612  0.0478  0.4147  0.0594 -0.0003  0.1952 0 
 48.9052 -0.7003  2.7531  0.0494  0.5966  0.0396  0.5581  0.0339 -0.0003  0.3920 0 
 46.8971  0.7000 -0.3648  0.0261  0.4671  0.0205  0.2170  0.0513 -0.0003  0.1303 0 
 46.8940  0.2618 -2.7838  0.0092  0.4361  0.0725  0.3906  0.0427 -0.0003  0.1877 0 
 43.8117 -0.2476  0.3717  0.0025  0.3292  0.0378  0.2651  0.0124 -0.0003  0.1148 0 
 53.5714  0.5896  2.1778  0.0128  0.6068  0.0473  0.2098  0.0145 -0.0003  0.2930 0 
 49.4759 -0.5849 -0.9897  0.0285  0.0914  0.0457  0.2568  0.1342 -0.0003  0.1192 0 
 45.2552  0.5092  0.4838  0.0117  0.0807  0.0230  0.2190  0.0062 -0.0003  0.0476 0 
 38.4558 -0.5120 -2.6441  0.0566  0.2251  0.0164  0.2746  0.0353 -0.0003  0.1040 0 
 40.4608  0.5304  2.3304  0.0367  0.1813  0.0281  0.1805  0.0106 -0.0003  0.0968 0 
 37.2930 -0.5478 -0.8242  0.0026  0.2956  0.0542  0.2769  0.0950 -0.0003  0.1503 0 
 47.3854 -0.2896 -3.1116  0.0170  0.1267  0.0129  0.2164  0.0037 -0.0003  0.0432 0 
 44.3214  0.2855  0.0647  0.1538  0.3607  0.0606  0.2643  0.0685 -0.0003  0.6759 0 
 52.6619 -0.2684 -3.0136  0.0423  0.1308  0.1287  0.3792  0.0372 -0.0003  0.1412 0 
 44.6723  0.2646  0.0755  0.0281  0.1383  0.0244  0.1758  0.0170 -0.0003  0.0615 0 
 45.1362  0.6815 -1.6358  0.0458  0.1071  0.0163  0.1315  0.0286 -0.0003  0.0557 0 
 45.0690 -0.6861  1.5253  0.0642  0.2403  0.0295  0.3508  0.0746 -0.0003  0.2390 0 
 53.2601  0.4572 -2.7092  0.0670  0.4513  0.1135  0.6302  0.0766  0.0780  0.6150 0 
 45.5512 -0.5024  0.4698  0.0027  0.5183  0.0966  0.4810  0.0206 -0.0003  0.1837 0 
 40.5097 -0.5058  2.7251  0.0658  0.1366  0.0195  0.1805  0.1243 -0.0003  0.1641 0 
 37.2412  0.4947 -0.4406  0.0486  0.6667  0.0316  0.4155  0.0178 -0.0003  0.3730 0 
 45.1545  0.5619 -2.3355  0.0025  0.0318  0.0682  0.2191  0.0103 -0.0003  0.0777 0 
 38.2055 -0.5336  0.8729  0.2654  0.2685  0.0595  0.4584  0.2607 -0.0003  0.9691 0 
 48.3772  0.0757  1.6325  0.0509  0.2916  0.0312  0.2152  0.0274 -0.0003  0.1824 0 
 42.6825 -0.0822 -1.4845  0.0583  0.3425  0.0720  0.3114  0.0278 -0.0003  0.3539 0 
 58.0789 -0.1259 -0.4673  0.0371  0.2102  0.1171  0.5756  0.1516 -0.0003  0.4190 0 
 40.7843  0.1170  2.6448  0.1422  0.5603  0.0085  0.0901  0.0665 -0.0003  0.3887 0 
 44.7150 -0.2776 -0.8688  0.0037  0.6182  0.1331  0.4834  0.0571  0.1064  0.3028 0 
 42.3499  0.2761  2.2853  0.0417  0.2295  0.0755  0.4012  0.0731  0.4881  0.8200 0 
 46.4698  0.0683  2.1125  0.0244  0.2054  0.2658  0.3915  0.0089 -0.0003  0.1954 0 
 44.9561 -0.0738 -1.0371  0.0357  0.4628  0.0620  0.6143  0.0391 -0.0003  0.3227 0 
 51.9387 -0.3229  1.1253  0.1290  0.1251  0.0530  0.1691  0.0899 -0.0003  0.3873 0 
 43.5798  0.3010 -1.9787  0.0427  0.3151  0.0099  0.3539  0.1014 -0.0003  0.1393 0 
 45.9022 -0.0181 -0.7723  0.1014  0.4388  0.0588  0.4364  0.0397 -0.0003  0.5376 0 
 40.7630 -0.0002  2.3842  0.0139  0.2691  0.0638  0.2702  0.0372 -0.0003  0.1622 0 
 45.5512  0.6911 -1.3209  0.0074  0.2163  0.0243  0.2187  0.0336 -0.0003  0.0564 0 
 43.7690 -0.6800  1.8310  0.0063  0.1914  0.0498  0.3094  0.0278 -0.0003  0.0857 0 
 53.4737 -0.4085  0.0782  0.0431  0.3167  0.0269  0.2098  0.0213 -0.0003  0.1594 0 
 44.3305  0.4374 -3.0556  0.1683  0.1616  0.0947  0.2202  0.0668 -0.0003  0.5699 0 
 52.1767 -0.6406  2.9041  0.0403  0.3099  0.0838  0.2956  0.1387 -0.0003  0.4513 0 
 42.6337  0.6399 -0.2339  0.0439  0.2190  0.0590  0.3115  0.1723 -0.0003  0.3901 0 
 35.7702 -0.1498  2.4663  0.1328  0.2790  0.0164  0.3268  0.1599 -0.0003  0.5288 1 
 33.5058  0.1396 -0.6740  0.0422  0.0794  0.0169  0.3805  0.0746 -0.0003  0.0736 1 
 45.4200  0.4206  1.0591  0.4469  0.3121  0.0631  0.5252  0.6234 -0.0003  0.9982 1 
 40.3052 -0.3579 -2.0072  0.2065  0.2670  0.1388  0.4970  0.2134 -0.0003  0.9393 1 
 46.4851 -0.1591  0.7520  0.0177  0.4353  0.0541  0.6525  0.0596  0.0486  0.3424 0 
 43.5096  0.1508 -2.3746  0.0410  0.3324  0.0853  0.5754  0.2485  0.0388  0.6664 0 
 47.9011 -0.6789  1.7932  0.0242  0.4491  0.0791  0.3021  0.1633 -0.0003  0.4915 1 
 43.8422  0.6506 -1.2893  0.1759  0.2485  0.0623  0.3534  0.2556  0.1703  0.9430 1 
 49.3385  0.7665  0.3022  0.3901  0.6379  0.0508  0.5997  0.4750 -0.0003  0.9952 1 
 42.4811 -0.7518 -2.8029  0.0361  0.5859  0.0647  0.7127  0.0259 -0.0003  0.3254 1 
 40.6073 -0.0073 -0.1707  0.0230  0.3717  0.0176  0.0902  0.0316 -0.0003  0.1453 0 
 38.7182 -0.0246  2.9798  0.0273  0.3640  0.0621  0.5024  0.0639 -0.0003  0.2762 0 
 48.4230 -0.4857 -0.1276  0.0076  0.4103  0.0852  0.2582  0.0139 -0.0003  0.2136 0 
 42.6490  0.4723  3.0003  0.0144  0.1896  0.0742  0.3560  0.0211 -0.0003  0.1211 0 
 53.1868 -0.1781  1.0774  0.0200  0.2155  0.0553  0.4202  0.0141 -0.0003  0.1475 0 
 51.3466  0.1641 -2.0875  0.0083  0.2649  0.0420  0.5088  0.0386 -0.0003  0.1479 0 
 44.3153  0.3190  2.6775  0.5926  0.2886  0.0243  0.3084  0.5273 -0.0003  0.9970 1 
 31.9738 -0.3325 -0.4968  0.4160  0.3384  0.0428  0.2892  0.4108  0.2590  0.9989 1 
 56.6873  0.6521  1.0018  0.0068  0.5520  0.0564  0.1654  0.0078 -0.0003  0.3328 0 
 47.6051 -0.6361 -2.1803  0.0698  0.0926  0.0472  0.1729  0.1627 -0.0003  0.2655 0 
 43.2471 -0.4354 -0.6814  0.0699  0.1246  0.0233  0.4434  0.1374  0.1818  0.6052 0 
 21.6709  0.4109  2.4947  0.1661  0.6443  0.0181  0.3800  0.1691  0.1185  0.7927 0 
 44.4465  0.0463 -1.7979  0.0554  0.4814  0.0475  0.3521  0.1000 -0.0003  0.4902 0 
 43.6133 -0.0760  1.3632  0.1031  0.0976  0.0708  0.2212  0.0511  0.1975  0.5138 0 
 46.7659 -0.3333 -0.5913  0.0584  0.3218  0.0830  0.9989  0.1420 -0.0003  0.7845 0 
 43.8483  0.3593  2.5641  0.0077  0.2977  0.1346  0.4417  0.0557 -0.0003  0.1833 0 
 49.8238  0.2198 -2.9087  0.1076  0.3558  0.1573  0.5127  0.1922 -0.0003  0.8322 0 
 45.3040 -0.2336  0.2451  0.0048  0.7636  0.0252  0.3941  0.0655  0.0480  0.2145 0 
 50.6966 -0.5176  2.3260  0.1108  0.7659  0.1315  0.2978  0.1210 -0.0003  0.8161 0 
 45.8015  0.5314 -0.8786  0.0499  0.2474  0.0273  0.4367  0.0279 -0.0003  0.2076 0 
 47.5654 -0.4676 -0.0072  0.0490  0.3337  0.1240  0.5621  0.0602 -0.0003  0.3638 0 
 45.7465  0.4704  3.1354  0.0281  0.5182  0.1420  0.6115  0.0062 -0.0003  0.2669 0 
 44.8890  0.7592  3.1007  0.0079  0.3059  0.0301  0.3951  0.0213 -0.0003  0.1025 0 
 29.8528 -0.7474 -0.0387  0.0264  0.7828  0.0266  0.2950  0.0323 -0.0003  0.2069 0 
 45.5085  0.7048 -0.9635  0.0303  0.3767  0.0907  0.3499  0.0589 -0.0003  0.2732 0 
 40.7935 -0.7129  2.1799  0.0387  0.1586  0.0264  0.3603  0.0792 -0.0003  0.1101 0 
 48.9296 -0.7434 -0.4021  0.1200  0.0536  0.0193  0.2146  0.0891 -0.0003  0.1024 0 
 45.0446  0.7399  2.6624  0.0124  0.4527  0.1311  0.6140  0.0383 -0.0003  0.2426 0 
 42.7558  0.5925  2.9724  0.1617  0.3031  0.0169  0.4002  0.2558 -0.0003  0.7895 1 
 40.3357 -0.5698 -0.1661  0.0962  0.3559  0.0583  0.3614  0.1119 -0.0003  0.6158 1 
 50.6752  0.0654 -1.9295  0.1143  0.2845  0.0454  0.3404  0.0775 -0.0003  0.5146 0 
 44.2573 -0.0549  1.2355  0.0607  0.2397  0.0429  0.2203  0.1068 -0.0003  0.3159 0 
 40.6287  0.4493  1.0725  0.2154  0.1450  0.0406  0.4057  0.1016 -0.0003  0.6492 0 
 36.3714 -0.4274 -2.0668  0.0375  0.6367  0.0175  0.3253  0.0598  0.1360  0.4412 0 
 44.9928  0.4355 -2.1684  0.5957  0.5719  0.0608  0.4387  0.5189 -0.0003  0.9976 1 
 43.1189 -0.4227  0.9524  0.1141  0.5000  0.1254  0.3106  0.1287 -0.0003  0.7545 1 
 48.9204  0.2713 -1.9253  0.3104  0.2638  0.0704  0.3434  0.2438 -0.0003  0.9744 1 
 33.5698 -0.2202  1.2306  0.2431  0.2025  0.0496  0.3327  0.2775  0.4851  0.9992 1 
 50.0160 -0.7629  2.1321  0.1076  0.2746  0.0445  0.5122  0.0788 -0.0003  0.5546 1 
 39.6399  0.7566 -1.0160  0.3990  0.4885  0.0364  0.2269  0.4179 -0.0003  0.9949 1 
 52.9152 -0.3809  2.0947  0.0245  0.2051  0.0995  0.2104  0.0172 -0.0003  0.1807 0 
 42.4872  0.3590 -1.0243  0.0547  0.3206  0.0589  0.3118  0.0423 -0.0003  0.3260 0 
 41.6754 -0.1132 -0.5800  0.0326  0.3168  0.0526  0.5821  0.0631 -0.0003  0.3176 0 
 30.9392  0.1350  2.5707  0.0310  0.3430  0.1031  0.4379  0.0550  0.2088  0.4899 0 
 50.8034  0.7690  2.7664  0.0018  0.7055  0.0422  0.4252  0.0821 -0.0003  0.2039 0 
 45.4688 -0.7848 -0.3816  0.0018  0.5904  0.0615  0.1312  0.0253 -0.0003  0.3667 0 
 48.2734 -0.3993  1.1568  0.3316  0.4857  0.0421  0.3877  0.3247 -0.0003  0.9860 1 
 36.1242  0.3858 -1.9861  0.1489  0.6343  0.0497  0.6053  0.3915 -0.0003  0.9778 1 
 48.7831  0.4302 -0.4342  0.2537  0.3553  0.0625  0.4726  0.3712 -0.0003  0.9902 1 
 48.4230 -0.4067  2.6852  0.0832  0.2361  0.0531  0.5595  0.0167 -0.0003  0.4106 1 
 53.6843 -0.2216  1.3943  0.0494  0.3059  0.0344  0.3773  0.1390  0.2358  0.7252 0 
 51.7525  0.2450 -1.7455  0.0036  0.5396  0.0459  0.2116  0.1479 -0.0003  0.3082 0 
 47.4128 -0.3273  1.7331  0.0552  0.1124  0.0434  0.3030  0.0031 -0.0003  0.1112 0 
 44.5228  0.2968 -1.4245  0.0482  0.3140  0.0344  0.3519  0.0683 -0.0003  0.2441 0 
 51.6487  0.3785 -1.1509  0.5119  0.6171  0.0811  0.3387  0.3393 -0.0003  0.9962 1 
 49.3751 -0.3728  1.9790  0.5328  0.3959  0.0623  0.5996  0.4446 -0.0003  0.9948 1 
 44.7120 -0.5170  2.6765  0.0570  0.3171  0.0207  0.3076  0.0809 -0.0003  0.1909 0 
 38.9441  0.5456 -0.4309  0.0254  0.3986  0.0489  0.3192  0.1238 -0.0003  0.3248 0 
 45.9541  0.7190 -2.1252  0.0262  0.4835  0.0248  0.4799  0.1453 -0.0003  0.3489 0 
 45.5024 -0.7178  1.0132  0.0009  0.3652  0.0473  0.3500  0.1138  0.1261  0.3764 0 
 40.8576  0.4607 -1.7368  0.2600  0.4323  0.0485  0.4051  0.1518 -0.0003  0.8876 1 
 26.2791 -0.4165  1.4198  0.2035  0.0996  0.0511  0.2554  0.1774 -0.0003  0.7240 1 
 47.7241 -0.5046 -1.2233  0.0220  0.4431  0.1352  0.6049  0.0102 -0.0003  0.2511 0 
 44.9439  0.4991  1.9593  0.0242  0.1278  0.0970  0.2194  0.0058 -0.0003  0.1063 0 
 51.1666  0.3203  1.1504  0.0041  0.2196  0.0728  0.2971  0.0207 -0.0003  0.1190 0 
 46.6102 -0.3113 -1.9556  0.0417  0.1411  0.0238  0.4347  0.0788 -0.0003  0.1359 0 
 45.2277  0.3001  1.7532  0.0513  0.1193  0.0347  0.3943  0.0457 -0.0003  0.1251 0 
 43.1647 -0.3135 -1.3689  0.0388  0.1329  0.0651  0.3549  0.1816 -0.0003  0.2688 0 
 49.0150 -0.6762  2.1846  0.0222  0.4112  0.0573  0.2146  0.0245  0.2180  0.5402 0 
 46.6621  0.6835 -0.9559  0.0020  0.2294  0.0577  0.4780  0.0366 -0.0003  0.1227 0 
 54.8043 -0.4095  1.8125  0.0576  0.2368  0.1209  0.6257  0.0954 -0.0003  0.4728 0 
 40.1526  0.3738 -1.3100  0.0157  0.1420  0.0390  0.3618  0.1986  0.1415  0.4016 0 
 44.2329  0.5057  0.1293  0.1894  0.7634  0.0942  0.3966  0.2696 -0.0003  0.9822 1 
 34.8913 -0.4566 -3.0423  0.1880  0.3964  0.0894  0.4231  0.1390  0.6065  0.9987 1 
 35.4376  0.5744  0.7811  0.1438  0.7743  0.0685  0.6085  0.1055  0.4444  0.9970 1 
 31.6411 -0.5299 -2.4005  0.1815  0.6251  0.0615  0.2417  0.1061 -0.0003  0.8934 1 
 52.4819  0.6392  0.3582  0.1053  0.6337  0.0519  0.6325  0.2012 -0.0003  0.8684 1 
 45.6092 -0.6338 -2.8093  0.2234  0.2825  0.0665  0.4809  0.2438 -0.0003  0.9540 1 
 48.3253  0.6170 -0.6325  0.0099  0.0841  0.0938  0.3014  0.0113 -0.0003  0.0671 0 
 45.7771 -0.6110  2.5221  0.0149  0.1471  0.0988  0.2620  0.2133 -0.0003  0.3024 0 
 40.3815  0.6634 -1.3186  0.1531  0.2564  0.0767  0.1355  0.1782 -0.0003  0.8083 1 
 36.1059 -0.6566  1.7848  0.0761  0.5943  0.0351  0.4191  0.1092 -0.0003  0.6234 1 
 40.1953 -0.6158  1.3880  0.0131  0.1569  0.0154  0.4521  0.2315  0.0940  0.3517 0 
 30.4753  0.5999 -1.7446  0.0355  0.2830  0.0258  0.3421  0.0607  0.0370  0.2197 0 
 48.6030  0.6755  0.4645  0.1851  0.8201  0.0977  0.4730  0.3962 -0.0003  0.9918 1 
 40.6134 -0.6700 -2.6488  0.2316  0.5244  0.0735  0.3607  0.1277  0.5266  0.9987 1 
 47.8004  0.6948 -3.0042  0.1397  0.3836  0.1253  0.5182  0.0406 -0.0003  0.5456 0 
 44.6784 -0.6939  0.1370  0.0806  0.1448  0.0818  0.2198  0.0967 -0.0003  0.3444 0 
 43.0365 -0.1695  2.3537  0.4625  0.2305  0.0560  0.2663  0.4300  0.5271  0.9998 1 
 42.5757  0.1845 -0.7830  0.4313  0.2254  0.1256  0.4006  0.4002 -0.0003  0.9973 1 
 48.2734 -0.6744  1.2221  0.0859  0.6075  0.0338  0.3015  0.0035 -0.0003  0.5416 0 
 47.7363  0.6840 -1.9219  0.0869  0.3201  0.0494  0.5184  0.0408 -0.0003  0.4706 0 
 47.4556 -0.3205 -2.0163  0.0883  0.4872  0.0265  0.6057  0.0104 -0.0003  0.5366 0 
 44.5869  0.3234  1.1414  0.1231  0.3176  0.0686  0.3518  0.1938 -0.0003  0.8112 0 
 45.7130 -0.1887 -1.8390  0.4259  0.3937  0.1131  0.7864  0.4704 -0.0003  0.9982 1 
 44.9500  0.1972  1.2912  0.0450  0.5176  0.0827  0.3950  0.2302 -0.0003  0.6830 1 
 48.7648  0.5418  1.8723  0.6499  0.1392  0.0453  0.4726  0.7189 -0.0003  0.9955 1 
 41.9287 -0.5612 -1.2932  0.3641  0.4537  0.0944  0.2682  0.3917  0.7166  0.9998 1 
 46.6041  0.1017 -1.4241  0.0282  0.4496  0.0362  0.3913  0.0555 -0.0003  0.2338 0 
 45.0446 -0.1081  1.7338  0.0104  0.2359  0.0530  0.5263  0.0715 -0.0003  0.1745 0 
 49.4942 -0.7454  2.6225  0.0252  0.2720  0.0266  0.2996  0.0588 -0.0003  0.1002 0 
 43.2959  0.7555 -0.4806  0.0255  0.3257  0.0060  0.1773  0.0014 -0.0003  0.0929 0 
 47.9835 -0.1466 -0.7046  0.0655  0.6287  0.0309  0.4746  0.1976  0.1318  0.7996 0 
 38.2269  0.1223  2.4320  0.1604  0.6584  0.0326  0.7333  0.2303  0.2027  0.9623 0 
 48.9509  0.6767 -2.2993  0.0035  0.1471  0.0999  0.2575  0.0361 -0.0003  0.0878 0 
 46.2959 -0.6798  0.7948  0.0606  0.3537  0.1851  0.6097  0.0273 -0.0003  0.3832 0 
 56.5011 -0.7421 -0.2871  0.0194  0.1742  0.0861  0.2898  0.0109 -0.0003  0.1243 0 
 43.6805  0.7204  2.8352  0.0289  0.2775  0.1424  0.2653  0.0153 -0.0003  0.2061 0 
 46.5492 -0.7033  2.8161  0.0567  0.1736  0.0452  0.5218  0.0524 -0.0003  0.2810 0 
 43.0365  0.6961 -0.3449  0.0124  0.4007  0.0741  0.3107  0.0207 -0.0003  0.2047 0 
 46.8788 -0.4984  2.4198  0.0262  0.2425  0.0324  0.3038  0.1033 -0.0003  0.1412 0 
 46.3569  0.5115 -0.7176  0.0520  0.2668  0.0339  0.3918  0.0604  0.1549  0.5101 0 
 45.4871 -0.2967 -2.4771  0.3896  0.5017  0.0426  0.2187  0.5167  0.1991  0.9979 1 
 44.8035  0.2965  0.6783  0.3760  0.4689  0.0379  0.2635  0.4595 -0.0003  0.9955 1 
 45.8656 -0.1763 -0.2464  0.1189  0.2220  0.0164  0.3056  0.0643 -0.0003  0.2687 0 
 40.0916  0.1940  2.9098  0.0508  0.1978  0.0207  0.1357  0.0517 -0.0003  0.1196 0 
 44.4404 -0.4133  2.3460  0.0605  0.2070  0.0468  0.2641  0.0621  0.1875  0.5430 0 
 41.8097  0.3828 -0.7922  0.0099  0.1150  0.0332  0.2684  0.0587 -0.0003  0.0518 0 
 46.3294  0.5571  2.8540  0.0301  0.4158  0.0757  0.6531  0.1043 -0.0003  0.3790 0 
 32.9229 -0.6177 -0.2225  0.0281  0.2996  0.1522  0.3823  0.0064 -0.0003  0.2090 0 
 46.4210 -0.1152  1.9240  0.0652  0.6259  0.0608  0.3046  0.1518 -0.0003  0.7381 1 
 40.5829  0.0931 -1.2463  0.5110  0.5825  0.0857  0.3157  0.3270 -0.0003  0.9962 1 
 42.4689  0.0265 -0.7340  0.5425  0.3042  0.1113  0.5791  0.5391 -0.0003  0.9978 1 
 42.2614  0.0216  2.4452  0.4632  0.1820  0.0379  0.3122  0.2741 -0.0003  0.9778 1 
 56.5103  0.7132  2.7162  0.2807  0.3967  0.0370  0.4140  0.2779 -0.0003  0.9638 1 
 42.1393 -0.6646 -0.3916  0.4469  0.5945  0.0361  0.4464  0.4621 -0.0003  0.9963 1 
 46.0212  0.0517 -2.0315  0.1135  0.6015  0.0594  0.6106  0.1517 -0.0003  0.8283 1 
 38.6053 -0.0153  1.0663  0.1845  0.1885  0.0704  0.3200  0.2217  0.5701  0.9986 1 
 50.2602  0.4981  2.2792  0.0309  0.4773  0.1525  0.3410  0.0165 -0.0003  0.2553 0 
 40.8545 -0.4892 -0.8355  0.0019  0.6949  0.0445  0.1800  0.0307 -0.0003  0.2608 0 
 48.5695 -0.6457 -1.7390  0.0211  0.2251  0.1061  0.4731  0.0295  0.0786  0.2323 0 
 43.6378  0.6478  1.4085  0.0032  0.4032  0.0284  0.3538  0.0516 -0.0003  0.0959 0 
 52.1950 -0.7847  1.1388  0.0230  0.0688  0.0220  0.2956  0.0351 -0.0003  0.0453 0 
 39.6643  0.7721 -2.0178  0.0018  0.6689  0.0168  0.3176  0.1110 -0.0003  0.1307 0 
 50.1839 -0.1228 -2.7270  0.0297  0.6369  0.1022  0.5971  0.0109 -0.0003  0.2753 0 
 44.0406  0.1409  0.3881  0.0123  0.2329  0.1011  0.2206  0.0025 -0.0003  0.1695 0 
 49.5033 -0.5038  2.9726  0.0045  0.2050  0.1648  0.7276  0.1570 -0.0003  0.3735 0 
 36.5301  0.5260 -0.2282  0.0065  0.1460  0.0144  0.1857  0.0546 -0.0003  0.0402 0 
 44.4282  0.3931 -1.1680  0.2517  0.4284  0.1731  0.7043  0.4139 -0.0003  0.9970 1 
 42.1088 -0.4092  1.9874  0.1003  0.4148  0.0257  0.2679  0.0668 -0.0003  0.3913 1 
 50.6264 -0.6268 -2.5057  0.0365  0.3621  0.0591  0.3830  0.0241 -0.0003  0.2638 0 
 45.8808  0.6239  0.6534  0.0220  0.3254  0.0701  0.2182  0.0278 -0.0003  0.2560 0 
 42.5422  0.5293  2.9597  0.4379  0.5262  0.0387  0.4453  0.4758 -0.0003  0.9966 1 
 42.3194 -0.5264 -0.1526  0.2284  0.3038  0.0144  0.2675  0.3868  0.0939  0.9473 1 
 41.9959 -0.4682 -1.9212  0.3532  0.5469  0.0731  0.3127  0.3437 -0.0003  0.9941 1 
 34.6136  0.4514  1.1543  0.5810  0.6197  0.1233  0.3769 -0.0200  0.1914  0.9906 1 
 47.3610 -0.5671  2.7719  0.0486  0.1095  0.1647  0.2164  0.0788 -0.0003  0.1634 0 
 41.7060  0.5409 -0.3116  0.0125  0.5246  0.1024  0.4477  0.1522 -0.0003  0.3367 0 
 42.6001  0.5604 -2.3665  0.1255  0.5014  0.0442  0.4006  0.1658 -0.0003  0.8298 1 
 39.1058 -0.5864  0.7819  0.1118  0.3182  0.0127  0.4555  0.1216  0.1903  0.8536 1 
 45.8503  0.6863 -1.1207  0.0029  0.3336  0.0819  0.2619  0.0849 -0.0003  0.2162 0 
 40.6439 -0.6403  2.0674  0.0390  0.3137  0.2447  0.4508  0.0187 -0.0003  0.2810 0 
 45.0660 -0.2637 -0.0663  0.0111  0.3305  0.1983  0.4385  0.0350 -0.0003  0.2204 0 
 32.5017  0.2570  3.0127  0.1674  0.6076  0.0251  0.3358  0.1723 -0.0003  0.8025 0 
 50.5379  0.5817  2.5644  0.0167  0.7913  0.0843  0.2980  0.0191 -0.0003  0.2704 0 
 47.3701 -0.5816 -0.5892  0.1400  0.1580  0.0055  0.0866  0.0950 -0.0003  0.1847 0 
 47.6631 -0.6389  2.2521  0.0082  0.1410  0.0530  0.3458  0.0256 -0.0003  0.0796 0 
 46.2379  0.6403 -0.8595  0.0139  0.3890  0.0309  0.1742  0.0892 -0.0003  0.1585 0 
 51.4076  0.4028 -1.7998  0.0103  0.1997  0.0197  0.1696  0.1657 -0.0003  0.1556 0 
 40.6470 -0.4359  1.3438  0.1186  0.2033  0.0526  0.3155  0.1312 -0.0003  0.5736 0 
 49.7749 -0.2044 -1.4327  0.4149  0.6082  0.2093  0.5556  0.3424 -0.0003  0.9981 0 
 43.3814  0.1700  1.7151  0.0266  0.6064  0.0473  0.3101  0.0165 -0.0003  0.2872 0 
 49.5918 -0.2557 -0.1547  0.0212  0.3874  0.0501  0.4705  0.1636 -0.0003  0.3640 0 
 46.9032  0.2456  2.9751  0.0038  0.3015  0.0340  0.3906  0.0704 -0.0003  0.1003 0 
 42.2766 -0.7134 -1.6070  0.0085  0.2599  0.0341  0.3122  0.0434 -0.0003  0.0808 0 
 37.6440  0.6674  1.4933  0.0384  0.5634  0.0507  0.5063  0.1019 -0.0003  0.4161 0 
 47.9042 -0.2577 -2.7312  0.0053  0.2621  0.0336  0.2590  0.0089  0.1461  0.2940 0 
 41.6876  0.2695  0.4641  0.3731  0.5321  0.0270  0.2238  0.2503 -0.0003  0.9737 0 
 46.4576  0.1417 -0.2951  0.1052  0.3895  0.1482  0.4351  0.1126 -0.0003  0.5951 0 
 42.2095 -0.1302  2.8438  0.0170  0.3735  0.0293  0.2231  0.0058 -0.0003  0.1511 0 
 45.4627  0.1331 -1.5281  0.0529  0.1065  0.0200  0.3062  0.0435 -0.0003  0.0663 0 
 40.3754 -0.1347  1.6127  0.0140  0.2451  0.0070  0.2258  0.0175 -0.0003  0.0492 0 
 44.6448 -0.1534  0.9960  0.0008  0.0730  0.0388  0.2198  0.0617 -0.0003  0.0515 0 
 41.9318  0.1259 -2.1474  0.0443  0.2647  0.1635  0.4023  0.0300 -0.0003  0.2608 0 
 39.0906  0.5984 -1.8230  0.6715  0.7201  0.0411  0.5467  0.8784  0.0770  0.9986 1 
 36.7468 -0.6679  1.3301  0.2448  0.2684  0.0843  0.2317  0.1264  0.1805  0.9238 1 
 45.4444 -0.5280 -2.2285  0.0475  0.2350  0.1305  0.4376  0.0715 -0.0003  0.3056 0 
 37.5616  0.5154  0.9688  0.0157  0.2681  0.1062  0.5066  0.0441 -0.0003  0.1939 0 
 48.1880  0.5265  1.7351  0.0873  0.1806  0.0090  0.2586  0.1153 -0.0003  0.1704 0 
 44.7272 -0.5454 -1.4127  0.0099  0.4114  0.1086  0.4394  0.0313 -0.0003  0.1908 0 
 48.5512 -0.3974  2.6993  0.0137  0.3013  0.0246  0.3011  0.0052 -0.0003  0.0953 0 
 40.2564  0.3957 -0.4277  0.0415  0.3951  0.0186  0.1356  0.0386 -0.0003  0.1489 0 
 50.3273  0.6456  1.8158  0.0838  0.6340  0.0471  0.4262  0.1668 -0.0003  0.7873 0 
 36.6857 -0.6258 -1.3192  0.0364  0.6749  0.0348  0.3245  0.0486 -0.0003  0.2972 0 
 33.1182  0.0093 -2.2421  0.0446  0.2653  0.0274  0.4771  0.0859  0.0755  0.4153 0 
 23.9963 -0.0097  0.9235  0.1248  0.0933  0.0284  0.4730  0.0362  0.1455  0.5889 0 
 46.0914 -0.5524  2.2827  0.3268  0.3106  0.0562  0.3924  0.4162 -0.0003  0.9944 1 
 36.3012  0.5557 -0.8860  0.1780  0.6142  0.0271  0.6509  0.1512 -0.0003  0.9105 1 
 36.2280 -0.2565 -2.2843  0.0888  0.6055  0.1067  0.4652  0.0801  0.0734  0.6590 0 
 36.1456  0.2381  0.8112  0.0578  0.2459  0.0207  0.2793  0.0457 -0.0003  0.1319 0 
 51.7006 -0.0855 -1.2253  0.0434  0.4715  0.0442  0.2963  0.0200 -0.0003  0.3192 0 
 37.6257  0.0747  1.9930  0.0238  0.6037  0.0785  0.4143  0.0204  0.5339  0.9802 0 
 50.9102  0.8030  3.1130  0.0369  0.1269  0.0324  0.3399  0.0776  0.1251  0.2939 0 
 43.4272 -0.8084 -0.0562  0.0339  0.5889  0.0247  0.3543  0.0720  0.1212  0.4889 0 
 49.2195 -0.6429 -2.7310  0.0819  0.1176  0.1221  0.3429  0.0789 -0.0003  0.2756 0 
 44.5075  0.6200  0.4209  0.0367  0.1565  0.1538  0.4400  0.0298  0.2649  0.3383 0 
 43.7018  0.7625  0.0816  0.3115  0.1676  0.0517  0.3979  0.3626 -0.0003  0.9843 1 
 38.2361 -0.7585 -3.0687  0.1960  0.6275  0.0347  0.2292  0.2983  0.2573  0.9674 1 
 37.9522 -0.4377 -0.5127  0.1715  0.4270  0.0389  0.4133  0.0635  0.1940  0.8576 1 
 36.6613  0.3857  2.6521  0.6378  0.1685  0.0219  0.4173 -0.0200  0.0689  0.9781 1 
 48.0446  0.6947 -1.7895  0.0124  0.0978  0.0547  0.3450  0.0655 -0.0003  0.0782 0 
 46.5705 -0.6756  1.3590  0.0207  0.7217  0.0073  0.3913  0.0629 -0.0003  0.1406 0 
 49.3629 -0.5861 -1.8484  0.0066  0.1574  0.0128  0.2998  0.0298 -0.0003  0.0361 0 
 40.0824  0.5836  1.3209  0.0060  0.3062  0.0652  0.1357  0.0124 -0.0003  0.2619 0 
 46.8177  0.6845  0.8045  0.0099  0.1032  0.0565  0.3908  0.0386 -0.0003  0.0784 0 
 43.9734 -0.6914 -2.3324  0.0093  0.3370  0.0211  0.0883  0.0056 -0.0003  0.1733 0 
 51.0719  0.6079 -2.6397  0.0338  0.4786  0.0518  0.3821  0.0341 -0.0003  0.2879 0 
 44.3000 -0.5922  0.4838  0.0211  0.1254  0.0352  0.4846  0.1392 -0.0003  0.1626 0 
 45.5238 -0.0249 -0.1069  0.0298  0.3215  0.0212  0.3062  0.0683 -0.0003  0.1140 0 
 42.3316 -0.0991  3.0498  0.0169  0.1455  0.0133  0.2229  0.0135 -0.0003  0.0419 0 
 47.5349  0.2107  0.3957  0.0424  0.3036  0.0300  0.3027  0.0587  0.1100  0.4208 0 
 45.5909 -0.2043 -2.7645  0.0100  0.0458  0.0526  0.2186  0.1849 -0.0003  0.1284 0 
 48.5664  0.2784 -0.0339  0.0053  0.1935  0.0250  0.4301  0.0494 -0.0003  0.0696 0 
 42.7161 -0.2703  3.1034  0.0338  0.4084  0.0357  0.4003  0.1063 -0.0003  0.3069 0 
 46.6651  0.6634 -2.5134  0.3094  0.2265  0.0898  0.3911  0.4035 -0.0003  0.9943 1 
 29.3919 -0.6611  0.7480  0.1683  0.3322  0.0203  0.3458  0.1384 -0.0003  0.6338 1 
 52.9397 -0.1922  1.6517  0.0040  0.6238  0.0358  0.2525  0.0379 -0.0003  0.1688 0 
 46.0853  0.1752 -1.4796  0.0005  0.1530  0.0823  0.2616  0.0372 -0.0003  0.0879 0 
 49.5735 -0.5108 -1.8593  0.0078  0.2461  0.0239  0.5134  0.2541 -0.0003  0.2900 0 
 40.0153  0.5170  1.3015  0.0020  0.4430  0.0125  0.3621  0.0689  0.1104  0.2147 0 
 53.5134  0.2808  0.2838  0.0476  0.4924  0.0506  0.2937  0.0932 -0.0003  0.4540 0 
 47.3182 -0.2919 -2.8450  0.0244  0.2005  0.0400  0.4763  0.0646 -0.0003  0.1670 0 
 47.9347  0.7455  0.1474  0.0832  0.8378  0.0103  0.2158  0.0109 -0.0003  0.3255 0 
 42.1881 -0.7481 -3.0010  0.0525  0.4510  0.0272  0.2231  0.0317 -0.0003  0.2188 0 
 48.2856  0.0377 -1.0212  0.0077  0.3540  0.0480  0.3876  0.0596 -0.0003  0.1529 0 
 47.4891 -0.0459  2.1001  0.0077  0.5532  0.0262  0.1730  0.0007 -0.0003  0.1924 0 
 60.7187  0.5970 -1.7854  0.0250  0.3163  0.1682  0.2033  0.0139 -0.0003  0.2246 0 
 44.1810 -0.6133  1.3652  0.0231  0.3752  0.0164  0.4849  0.1418  0.1227  0.4908 0 
 46.9917  0.1238 -2.4428  0.0152  0.7172  0.1217  0.6940  0.1287  0.0446  0.4079 1 
 46.3813 -0.0905  0.7770  0.3398  0.4821  0.0588  0.2612  0.3814 -0.0003  0.9935 1 
 47.5044 -0.7010 -1.3436  0.0205  0.2824  0.1213  0.3893  0.0274 -0.0003  0.1853 0 
 44.0772  0.6846  1.8294  0.0215  0.6491  0.0351  0.3529  0.0644 -0.0003  0.2354 0 
 44.6845 -0.5899  1.9074  0.0451  0.3119  0.0199  0.2637  0.0463 -0.0003  0.1247 0 
 36.4324  0.5883 -1.1807  0.0270  0.5798  0.0686  0.6038  0.0157 -0.0003  0.2621 0 
 42.5727 -0.5416 -1.0004  0.0000  0.2208  0.0110  0.1781  0.0224 -0.0003  0.0465 0 
 38.3429  0.5154  2.1548  0.0130  0.5330  0.0486  0.2748  0.0580 -0.0003  0.2342 0 
 44.8371 -0.1850  2.8892  0.0462  0.1810  0.0494  0.3952  0.0381 -0.0003  0.1831 0 
 42.5940  0.1963 -0.2329  0.0546  0.1390  0.0143  0.0890  0.0314 -0.0003  0.0859 0 
 48.6213 -0.1589  1.6018  0.0906  0.2564  0.0451  0.3010  0.0234 -0.0003  0.3423 0 
 35.0988  0.1258 -1.5671  0.0200  0.1698  0.0526  0.1877  0.0899 -0.0003  0.1372 0 
 44.7395 -0.0082 -0.8358  0.0280  0.7410  0.0207  0.2197  0.1033 -0.0003  0.2153 0 
 44.4648  0.0501  2.3253  0.0227  0.1458  0.3262  0.4841  0.1313 -0.0003  0.3099 0 
 47.7516 -0.6420 -0.2014  0.0006  0.2663  0.0963  0.6048  0.0370 -0.0003  0.1683 0 
 44.4984  0.6402  2.9161  0.0345  0.0913  0.0421  0.1760  0.0844 -0.0003  0.0897 0 
 45.4139 -0.1282 -0.7274  0.0306  0.5573  0.0255  0.2626  0.0463 -0.0003  0.1731 0 
 44.1505  0.1399  2.4169  0.0172  0.3718  0.1086  0.4850  0.0239 -0.0003  0.2068 0 
 49.2042 -0.5903  1.0846  0.0543  0.6397  0.0512  0.4715  0.0121  0.2188  0.6722 0 
 46.9093  0.5959 -2.0662  0.0161  0.4122  0.0552  0.2604  0.0229 -0.0003  0.2307 0 
 51.2337  0.6951 -1.7084  0.0827  0.5082  0.0961  0.4243  0.4161 -0.0003  0.9560 1 
 28.8975 -0.6578  1.3811  0.0813  0.6043  0.0410  0.2979  0.1232 -0.0003  0.6589 1 
 40.2869  0.6266 -3.0651  0.0912  0.3246  0.0570  0.3615  0.0461  0.3445  0.8726 1 
 40.0946 -0.6390  0.0963  0.0996  0.3083  0.0347  0.4524  0.1395 -0.0003  0.6202 1 
 54.2031  0.6137 -0.7307  0.0628  0.7204  0.2037  0.3764  0.0543 -0.0003  0.4167 0 
 39.6857 -0.6239  2.3789  0.0759  0.2585  0.0121  0.4537  0.0828 -0.0003  0.2996 0 
 46.8147 -0.4731  2.0561  0.2419  0.2537  0.0675  0.4776  0.2217 -0.0003  0.9467 1 
 46.2989  0.4687 -1.1130  0.0796  0.1480  0.1427  0.4790  0.1971 -0.0003  0.6329 1 
 46.1555 -0.5843 -2.2578  0.1193  0.2978  0.0548  0.3486  0.1675 -0.0003  0.7359 0 
 46.0487  0.5880  0.8734  0.0540  0.3103  0.0258  0.4361  0.0231 -0.0003  0.2534 0 
 47.2633  0.6779 -0.1192  0.2411  0.2276  0.0741  0.4764  0.2020 -0.0003  0.9295 1 
 41.7945 -0.6990  3.0642  0.0337  0.7625  0.0648  0.6264  0.0589  0.2477  0.6766 1 
 50.4555  0.3403  1.5584  0.0227  0.4460  0.1071  0.0852  0.0064 -0.0003  0.3565 0 
 46.5614 -0.3356 -1.6362  0.0078  0.6533  0.1826  0.6087  0.0784 -0.0003  0.2869 0 
 44.5106 -0.4077  1.8786  0.0088  0.1836  0.2337  0.2640  0.0078 -0.0003  0.1498 0 
 44.1596  0.4332 -1.2992  0.0798  0.2526  0.0319  0.3968  0.0318 -0.0003  0.3027 0 
 45.6519 -0.5948  2.8592  0.0591  0.4110  0.0718  0.3496  0.0705 -0.0003  0.4413 0 
 44.1688  0.5958 -0.2481  0.0045  0.3127  0.0414  0.3527  0.1594 -0.0003  0.2069 0 
 50.8827 -0.2760  1.5034  0.0490  0.1593  0.0822  0.4675  0.0967 -0.0003  0.2854 0 
 41.4343  0.2763 -1.6217  0.2191  0.1742  0.0241  0.2691  0.0400 -0.0003  0.4788 0 
 49.9214  0.6383  0.1714  0.0423  0.1878  0.0649  0.2136  0.0241 -0.0003  0.1885 0 
 38.8922 -0.6350 -2.9701  0.0095  0.1009  0.0275  0.1369  0.0085 -0.0003  0.0620 0 
 46.3600  0.3870 -3.0996  0.0023  0.2014  0.0251  0.2612  0.0955 -0.0003  0.0585 0 
 43.0243 -0.3704  0.0654  0.0098  0.5453  0.0225  0.2220  0.0563 -0.0003  0.1230 0 
 46.2165  0.7951  1.0204  0.0279  0.1096  0.0502  0.4357  0.1392 -0.0003  0.1670 0 
 44.8737 -0.7973 -2.1216  0.0544  0.2293  0.0522  0.5268  0.1022  0.1242  0.5382 0 
 45.9388  0.3425  2.6400  0.0137  0.3909  0.0127  0.3491 -0.0200  0.1366  0.3224 0 
 45.5817 -0.3448 -0.5068  0.0317  0.7629  0.1242  0.6121  0.1557 -0.0003  0.5416 0 
 48.5481 -0.7252  0.7184  0.0556  0.2866  0.0263  0.3441  0.2082 -0.0003  0.4185 0 
 47.9255  0.7510 -2.4105  0.0386  0.8711  0.1198  0.6473  0.0518 -0.0003  0.4221 0 
 50.6600  0.7309 -0.3204  0.0016  0.5426  0.0518  0.5106  0.0471 -0.0003  0.1731 0 
 46.8879 -0.7377  2.7938  0.0035  0.2736  0.0148  0.2170  0.0599 -0.0003  0.0565 0 
 47.4220  0.4611  0.1663  0.4176  0.5344  0.0495  0.3029  0.6544 -0.0003  0.9980 1 
 41.9196 -0.4784 -2.9313  0.2303  0.3116  0.0439  0.6705  0.2488  0.0110  0.9675 1 
 46.1860 -0.5135  2.4385  0.0085  0.1312  0.0310  0.3486  0.0353 -0.0003  0.0553 0 
 38.5382  0.5067 -0.6743  0.0145  0.5912  0.0422  0.3659  0.0930 -0.0003  0.2575 0 
 45.5817 -0.7063 -1.9267  0.0155  0.3297  0.0334  0.3935  0.0339 -0.0003  0.1335 0 
 32.7214  0.7369  1.1917  0.0447  0.1661  0.0143  0.2873  0.0217 -0.0003  0.0639 0 
 45.7069 -0.5518 -0.2823  0.0494  0.2767  0.1414  0.4369  0.0405 -0.0003  0.2926 0 
 33.7682  0.5667  2.8632  0.0762  0.1687  0.0546  0.3796  0.0196  0.2602  0.5627 0 
 52.8298  0.6240  2.2215  0.0674  0.3381  0.1692  0.6314  0.0396 -0.0003  0.4160 0 
 43.0060 -0.6383 -0.8606  0.1052  0.3525  0.0092  0.1776  0.0135  0.0519  0.3010 0 
 48.4138  0.6896  0.3846  0.0543  0.5554  0.0667  0.3874  0.0639  0.2753  0.7352 1 
 37.2778 -0.7059 -2.7764  0.0284  0.2035  0.0422  0.2769  0.0767  0.1338  0.3715 1 
 49.2226 -0.7268  3.1025  0.0139  0.7069  0.2911  0.5144  0.0157 -0.0003  0.2424 0 
 45.8503  0.7458 -0.0570  0.1462  0.7642  0.0202  0.3929  0.1566 -0.0003  0.7920 0 
 50.1442 -0.1680  2.4332  0.0011  0.6832  0.0650  0.3413  0.1888 -0.0003  0.5138 1 
 46.1250  0.1535 -0.7113  0.2675  0.2329  0.1442  0.5230  0.0378 -0.0003  0.7406 1 
 49.8940  0.7326  0.4665  0.0141  0.0939  0.0364  0.2136  0.0054 -0.0003  0.0636 0 
 37.1130 -0.7235 -2.6787  0.0284  0.5705  0.0352  0.1848  0.1434 -0.0003  0.3062 0 
 53.4951 -0.2737 -1.7103  0.0256  0.3332  0.0471  0.4616  0.1135 -0.0003  0.2928 0 
 39.4873  0.2869  1.4476  0.0105  0.3585  0.0231  0.3180  0.0106  0.0187  0.1203 0 
 50.1961  0.1228  1.2088  0.0540  0.7309  0.1435  0.7250  0.0668 -0.0003  0.4187 0 
 43.8422 -0.1286 -1.9349  0.0353  0.3593  0.1060  0.4859  0.0208 -0.0003  0.2579 0 
 44.4953 -0.3527  2.2019  0.0517  0.5847  0.0201  0.3960  0.0204 -0.0003  0.2981 0 
 36.7620  0.3800 -0.8901  0.0135  0.3096  0.0481  0.1853  0.0808 -0.0003  0.1943 0 
 42.5269 -0.7486 -2.5230  0.0163  0.2365  0.0686  0.4899  0.0596  0.2452  0.4040 1 
 37.7295  0.7722  0.5401  0.1561  0.2751  0.0847  0.5980  0.2501 -0.0003  0.9334 1 
 50.0740 -0.4288 -0.5878  0.1794  0.4132  0.0217  0.3414  0.2574 -0.0003  0.8389 0 
 47.5349  0.4419  2.5195  0.1333  0.2206  0.0400  0.3027  0.1534 -0.0003  0.6383 0 
 47.6997  0.1088 -1.8514  0.0496  0.1996  0.0209  0.1729  0.0079 -0.0003  0.1109 0 
 39.2248 -0.0914  1.2875  0.0005  0.2512  0.0343  0.3641  0.0380 -0.0003  0.0731 0 
 45.8656  0.0735 -2.2347  0.1911  0.2091  0.1758  0.2183  0.2357 -0.0003  0.9390 1 
 44.1047 -0.1234  0.9647  0.2553  0.4142  0.0763  0.3087  0.3174 -0.0003  0.9852 1 
 57.6547 -0.7049  2.0678  0.0182  0.1682  0.2372  0.1648  0.0179 -0.0003  0.1620 0 
 44.5960  0.7337 -1.1636  0.0533  0.4876  0.0398  0.2199  0.0276 -0.0003  0.3420 0 
 39.7101  0.7562 -0.0490  0.0062  0.4500  0.0522  0.1361  0.0313  0.0563  0.3712 0 
 38.4405 -0.7786  3.0825  0.0417  0.2789  0.0390  0.5034  0.1068 -0.0003  0.3400 0 
 50.3212  0.1770  2.3292  0.0078  0.3704  0.1714  0.4262  0.0162 -0.0003  0.2022 0 
 37.3755 -0.1844 -0.7853  0.0290  0.1527  0.0181  0.2306  0.0401 -0.0003  0.0503 0 
 54.3526 -0.2080  0.3198  0.0022  0.4485  0.1944  0.4598  0.0207 -0.0003  0.2176 0 
 47.7699  0.1687 -2.8497  0.0614  0.2263  0.0457  0.3887  0.0728 -0.0003  0.2936 0 
 52.0394 -0.5242 -2.0416  0.0038  0.5324  0.0843  0.2536  0.0421 -0.0003  0.2412 0 
 47.2328  0.5197  1.1243  0.0062  0.5487  0.1253  0.3899  0.0588 -0.0003  0.2378 0 
 47.1656  0.4054 -0.7491  0.0088  0.6068  0.0474  0.3467  0.0707 -0.0003  0.2228 0 
 46.6773 -0.4062  2.3926  0.0268  0.1032  0.0866  0.3911  0.0119 -0.0003  0.0921 0 
 42.7649  0.2354  2.0984  0.0290  0.4001  0.0231  0.3112  0.0295 -0.0003  0.1347 0 
 36.2921 -0.2117 -1.0448  0.0005  0.0568  0.0136  0.2325  0.0744 -0.0003  0.0361 0 
 42.1485 -0.4082  0.8049  0.0075  0.3488  0.0305  0.2232  0.0091 -0.0003  0.1230 0 
 40.0061  0.4217 -2.3841  0.0018  0.3347  0.0296  0.2716  0.0701 -0.0003  0.0835 0 
 49.3355 -0.2793 -2.0338  0.0599  0.2842  0.0605  0.3427  0.2211  0.1592  0.7791 0 
 49.3019  0.2722  1.0734  0.1305  0.2809  0.0114  0.2999  0.0601 -0.0003  0.2782 0 
 49.8268  0.1170 -2.5048  0.2636  0.4618  0.0543  0.4273  0.1179 -0.0003  0.8622 0 
 38.4314 -0.0887  0.6285  0.0566  0.5018  0.0469  0.2288  0.0988 -0.0003  0.4870 0 
 47.2053 -0.3510 -0.3494  0.1781  0.3691  0.0499  0.3466  0.3255 -0.0003  0.9477 1 
 44.3641  0.3468  2.8064  0.0723  0.3416  0.0217  0.5724  0.2150 -0.0003  0.6434 1 
 43.3600 -0.7879 -1.2483  0.1454  0.4199  0.0404  0.5317  0.3225 -0.0003  0.9415 1 
 31.6838  0.7926  1.8903  0.0351  0.4270  0.0376  0.3866  0.1384 -0.0003  0.3793 1 
 46.8330  0.5201 -2.5019  0.6559  0.5320  0.0450  0.3473  0.4654  0.2556  0.9981 1 
 45.0385 -0.5062  0.6510  0.2246  0.1481  0.0345  0.4825  0.4554 -0.0003  0.9789 1 
 57.6486  0.4997 -1.8445  0.1202  0.2459  0.0137  0.2060  0.1673 -0.0003  0.3598 0 
 51.4961 -0.5132  1.2818  0.0912  0.2597  0.0656  0.4237  0.1198  0.1625  0.7553 0 
 42.0813  0.3145 -2.9076  0.0807  0.5969  0.0713  0.3126  0.1459 -0.0003  0.7653 1 
 35.3765 -0.3041  0.2950  0.0505  0.4217  0.0249  0.1405  0.1125 -0.0003  0.2294 1 
 53.5836 -0.6934  0.0854  0.7218  0.5900  0.0491  0.5453  0.8505 -0.0003  0.9984 1 
 41.6754  0.6041 -3.0741  0.0201  0.1544  0.1590  0.2238  0.0639  0.0584  0.1845 1 
 46.4424 -0.7209 -0.3283  0.2656  0.5319  0.0878  0.4786  0.3232 -0.0003  0.9926 1 
 30.3777  0.6769  2.8808  0.0909  0.2380  0.0141  0.4403  0.1296 -0.0003  0.4053 1 
 47.8065  0.6786  2.7150  0.0595  0.7024  0.0430  0.5182  0.0805 -0.0003  0.5329 0 
 46.5675 -0.6968 -0.3990  0.0941  0.4908  0.0162  0.2174  0.2631 -0.0003  0.5207 0 
 55.5673  0.4683  2.2115  0.0523  0.3560  0.1404  0.4572  0.0696 -0.0003  0.3496 0 
 45.3529 -0.4518 -0.9324  0.0170  0.2414  0.0463  0.1751  0.0047 -0.0003  0.1617 0 
 49.5644  0.2197  0.7759  0.1126  0.6244  0.1052  0.8557  0.0306 -0.0003  0.6275 0 
 37.5891 -0.2132 -2.3523  0.0417  0.3551  0.0305  0.3684  0.0880 -0.0003  0.2500 0 
 43.9643  0.0681  0.7806  0.0674  0.2740  0.2220  0.5297  0.1588 -0.0003  0.6009 0 
 42.2004 -0.0970 -2.4070  0.0237  0.5355  0.0209  0.3570  0.0019 -0.0003  0.1788 0 
 46.1494 -0.3438  0.1288  0.0131  0.4111  0.1085  0.4794  0.0195  0.2378  0.4105 0 
 40.1343  0.3340 -2.9674  0.0215  0.1474  0.0342  0.2261  0.0772 -0.0003  0.0740 0 
 46.2440 -0.2083  2.1578  0.0432  0.2904  0.0519  0.4791  0.0735 -0.0003  0.3223 0 
 44.1352  0.2246 -1.0007  0.0433  0.2246  0.0303  0.3968  0.1021 -0.0003  0.2146 0 
 51.3130 -0.6182  0.7783  0.0499  0.4212  0.0930  0.4241  0.0656 -0.0003  0.3568 0 
 49.3141  0.6376 -2.3373  0.0399  0.3640  0.0898  0.2570  0.0175 -0.0003  0.2963 0 
 41.7395  0.1289 -0.3203  0.0547  0.3094  0.0139  0.3580  0.0738  0.1149  0.4480 0 
 30.8049 -0.1364  2.8185  0.2518  0.4238  0.0353  0.2436  0.1544  0.0212  0.8327 0 
 58.8785 -0.1165  2.1383  0.0037  0.0827  0.0559  0.1229  0.0629 -0.0003  0.0854 0 
 47.8431  0.1034 -1.0054  0.0013  0.3088  0.0158  0.2591  0.0269 -0.0003  0.0553 0 
 45.0874 -0.1786 -1.8866  0.0107  0.3326  0.0194  0.2631  0.1464  0.1107  0.3573 0 
 44.6784  0.1863  1.2446  0.0285  0.4088  0.0415  0.4835  0.0788 -0.0003  0.2951 0 
 44.6967  0.3911 -1.1523  0.0302  0.6758  0.0704  0.6153  0.0274 -0.0003  0.2969 0 
 38.3917 -0.3948  1.9993  0.0929  0.6288  0.0297  0.2747  0.1578 -0.0003  0.6316 0 
 54.1787 -0.5989 -1.9160  0.0375  0.4144  0.1462  0.5438  0.0523 -0.0003  0.3059 0 
 41.3611  0.5770  1.1891  0.0019  0.1251  0.0059  0.0897  0.0319 -0.0003  0.0453 0 
 48.0751  0.3305 -2.6098  0.0885  0.3581  0.0583  0.3019  0.0475  0.0311  0.5536 0 
 36.9116 -0.3201  0.5153  0.0394  0.5100  0.0163  0.1388  0.0290 -0.0003  0.1521 0 
 52.5338  0.4977  2.4833  0.0014  0.6155  0.0834  0.4637  0.1181 -0.0003  0.2634 0 
 43.6072 -0.5122 -0.7129  0.0263  0.2488  0.0393  0.2654  0.0451  0.0281  0.1780 0 
 46.4698  0.6621  3.0387  0.0181  0.6569  0.0384  0.4786  0.1326 -0.0003  0.3756 0 
 45.2399 -0.6773 -0.1206  0.0375  0.4596  0.1107  0.4381  0.0174 -0.0003  0.2622 0 
 46.8086  0.1292  2.7718  0.0006  0.1105  0.0345  0.2171  0.0115 -0.0003  0.0546 0 
 46.0548 -0.1373 -0.3797  0.0049  0.4010  0.0915  0.4361  0.0396 -0.0003  0.1715 0 
 55.5245  0.3973 -1.3662  0.1117  0.2220  0.1334  0.2494  0.0212 -0.0003  0.4612 0 
 46.0090 -0.4076  1.7768  0.0302  0.1132  0.0478  0.2617  0.0482 -0.0003  0.0826 0 
 52.1065 -0.5719  3.0611  0.0084  0.3572  0.1689  0.8026  0.0602 -0.0003  0.3381 0 
 41.8036  0.5798 -0.1331  0.0266  0.6941  0.0236  0.4474  0.0549 -0.0003  0.2423 0 
 45.4139 -0.7886  1.3574  0.0710  0.3903  0.0818  0.2626  0.0816 -0.0003  0.5466 0 
 42.2248  0.7847 -1.7602  0.0144  0.5306  0.0225  0.4462  0.0809 -0.0003  0.1785 0 
 51.0780 -0.6669 -0.4919  0.6619  0.6654  0.0449  0.1698  0.4947 -0.0003  0.9980 1 
 41.0346  0.6737  2.6790  0.5530  0.3408  0.0500  0.2698  0.2825 -0.0003  0.9934 1 
 57.2335 -0.2015 -0.6695  0.3070  0.4255  0.0626  0.2889  0.1940 -0.0003  0.9562 1 
 43.6194  0.2018  2.4600  0.2691  0.6714  0.0318  0.6193  0.3226 -0.0003  0.9775 1 
 46.8116 -0.7548  2.0153  0.0272  0.4913  0.0565  0.5210  0.0338  0.2547  0.5708 1 
 40.1343  0.7593 -1.1844  0.1298  0.6545  0.0688  0.4976  0.2012  0.1816  0.9185 1 
 50.5806  0.5965 -2.8371  0.0045  0.7148  0.0559  0.2128  0.0247 -0.0003  0.3122 0 
 39.4354 -0.6080  0.3248  0.0603  0.2613  0.0435  0.2727  0.0412  0.1876  0.5649 0 
 48.1727  0.1031  2.0011  0.0289  0.5164  0.0689  0.4741  0.0480 -0.0003  0.2730 0 
 46.3691 -0.1034 -1.1338  0.0041  0.5002  0.0243  0.2176  0.0231 -0.0003  0.1223 0 
 45.0782 -0.1804  1.4915  0.0631  0.3598  0.0744  0.2631  0.0467 -0.0003  0.4291 1 
 40.0885  0.1630 -1.7215  0.5343  0.2255  0.0393  0.4525  0.5057  0.2658  0.9997 1 
 76.1273 -0.5085  0.4013  0.0131  0.1158  0.0065  0.1927  0.0003 -0.0003  0.0391 0 
 37.0794  0.5172 -2.7046  0.0255  0.0122  0.0073  0.0924  0.0248 -0.0003  0.0462 0 
 36.6644  0.7301 -2.4715  0.3548  0.5464  0.0531  0.4173  0.2216  0.2283  0.9892 1 
 32.7855 -0.7258  0.6495  0.4147  0.3865  0.0258  0.3828  0.2640 -0.0003  0.9768 1 
 46.2043  0.1939  1.7849  0.0060  0.5413  0.0201  0.2614  0.0027 -0.0003  0.1294 0 
 42.7436 -0.1880 -1.3422  0.0027  0.1417  0.1227  0.1334  0.0317 -0.0003  0.1185 0 
 50.2235 -0.1750 -1.5182  0.1152  0.4688  0.0365  0.3837  0.1091 -0.0003  0.6849 0 
 49.8299  0.1585  1.6133  0.0222  0.2536  0.0696  0.2564  0.0330 -0.0003  0.1879 0 
 45.1789  0.1434 -1.2879  0.4060  0.2864  0.0351  0.4821  0.7307 -0.0003  0.9983 1 
 40.5524 -0.1171  1.8424  0.8168  0.5879  0.0281  0.4060  0.3738  0.1092  0.9971 1 
 55.4849 -0.0309 -1.5222  0.0391  0.6400  0.1715  0.5406  0.3577 -0.0003  0.9083 0 
 45.2155  0.0662  1.6017  0.0733  0.1997  0.0287  0.1314  0.0239 -0.0003  0.1946 0 
 47.3304 -0.2085 -3.0071  0.0013  0.1156  0.0183  0.2598  0.0538 -0.0003  0.0358 0 
 39.3469  0.2068  0.1263  0.0569  0.1891  0.0344  0.3183  0.0047 -0.0003  0.1624 0 
 46.4240 -0.2063  0.2675  0.0099  0.1410  0.0315  0.3046  0.0262 -0.0003  0.0546 0 
 40.3449  0.2122 -2.8934  0.0142  0.1996  0.0023  0.1355  0.0048 -0.0003  0.0550 0 
 44.7150  0.1507 -0.3978  0.1275  0.7235  0.0257  0.4395  0.2504 -0.0003  0.8768 0 
 41.5686 -0.1408  2.7285  0.1079  0.7480  0.0954  0.8065  0.0773 -0.0003  0.7188 0 
 47.0466 -0.1282  2.7366  0.2145  0.1630  0.0315  0.3903  0.0274 -0.0003  0.5287 0 
 40.7630  0.1350 -0.3849  0.0027  0.3745  0.0128  0.2252  0.0554 -0.0003  0.0711 0 
 44.1566 -0.5066 -1.2059  0.0081  0.6663  0.0717  0.4409  0.0355 -0.0003  0.2155 1 
 33.2799  0.4832  1.8769  0.2374  0.1534  0.0285  0.2859  0.2226  0.2289  0.9830 1 
 46.2257 -0.3519  2.3581  0.2078  0.4991  0.0390  0.2178  0.1660 -0.0003  0.8430 0 
 41.6724  0.3677 -0.7897  0.0949  0.2163  0.0363  0.4030  0.1346 -0.0003  0.4897 0 
 50.6020  0.0524  0.8174  0.0045  0.2235  0.0420  0.1702  0.0386 -0.0003  0.0971 0 
 38.1048 -0.0746 -2.3299  0.0208  0.4572  0.0148  0.3670  0.0541 -0.0003  0.1112 0 
 56.3882  0.3372  1.3376  0.0200  0.1819  0.0757  0.3313  0.1256 -0.0003  0.1970 0 
 45.2399 -0.3340 -1.8235  0.0453  0.5051  0.0177  0.3505  0.1904 -0.0003  0.3568 0 
 52.1462 -0.6456 -2.2287  0.0049  0.1997  0.0680  0.4646  0.0617 -0.0003  0.1259 0 
 43.0518  0.5749  0.8948  0.2263  0.3141  0.0241  0.3107  0.0552 -0.0003  0.5563 0 
 54.6944 -0.1879  1.7733  0.0038  0.6560  0.0552  0.3339  0.0434  0.1378  0.4032 0 
 45.7496  0.1771 -1.4178  0.0048  0.2475  0.0277  0.4368  0.0246 -0.0003  0.0865 0 
 55.7107  0.6917  0.8874  0.1165  0.5124  0.1306  0.4569  0.0995 -0.0003  0.6228 0 
 47.9561 -0.6829 -2.2862  0.0553  0.1423  0.1003  0.3452  0.0538 -0.0003  0.1933 0 
 45.4231 -0.2711 -1.9316  0.1126  0.7882  0.0275  0.3063  0.0500 -0.0003  0.6500 0 
 34.7784  0.2868  1.0507  0.0206  0.7737  0.1268  0.6588  0.0352 -0.0003  0.3130 0 
 46.1219 -0.6239 -3.1086  0.0075  0.5292  0.0366  0.3487  0.0622 -0.0003  0.1595 0 
 39.3591  0.6322  0.0155  0.0140  0.0598  0.0076  0.0910  0.0634 -0.0003  0.0455 0 
 44.3793 -0.7254  1.2771  0.0674  0.2843  0.0826  0.2642  0.0248  0.2133  0.5776 0 
 41.1353  0.6684 -1.8214  0.0245  0.4029  0.0476  0.3594  0.0147 -0.0003  0.2229 0 
 51.5419 -0.5191 -0.2174  0.0043  0.5199  0.0497  0.3389  0.0358 -0.0003  0.1788 0 
 38.4741  0.5315  2.9829  0.0199  0.3919  0.0381  0.1830  0.0582 -0.0003  0.1852 0 
 47.0100 -0.4643  1.9165  0.0040  0.1322  0.0321  0.5638  0.1635 -0.0003  0.1623 0 
 35.7763  0.4909 -1.2338  0.1330  0.3449  0.0127  0.2334  0.1262 -0.0003  0.3797 0 
 48.9082  0.6833  2.4061  0.0931  0.2256  0.0262  0.2576  0.0333 -0.0003  0.2231 0 
 45.9815 -0.6884 -0.7370  0.0919  0.0815  0.0198  0.1745  0.0751 -0.0003  0.0901 0 
 48.5206  0.4838 -2.4926  0.1391  0.6121  0.0265  0.3442  0.0344 -0.0003  0.6659 0 
 44.7913 -0.5194  0.6144  0.0148  0.1601  0.0377  0.5271  0.0480 -0.0003  0.1311 0 
 46.8299  0.2533 -1.9099  0.0450  0.3162  0.0218  0.4341  0.0059 -0.0003  0.2113 0 
 42.8962 -0.2854  1.2607  0.1084  0.5413  0.1206  0.4887  0.0954 -0.0003  0.5963 0 
 35.1812 -0.3845 -2.0848  0.5809  0.1845  0.0332  0.3283  0.4434 -0.0003  0.9923 1 
 33.0266  0.4058  1.1032  0.3567  0.7564  0.0478  0.4775  0.3668  0.2598  0.9978 1 
 53.1746 -0.0443 -0.8332  0.3619  0.3801  0.0861  0.2522  0.1204  0.5830  0.9991 1 
 47.2633  0.0744  2.3341  0.0735  0.7479  0.1716  0.9095  0.0989 -0.0003  0.6632 1 
 52.9000  0.1343  1.1050  0.0267  0.4338  0.0432  0.2946  0.0309 -0.0003  0.2271 0 
 42.8656 -0.1423 -2.1005  0.0178  0.3362  0.1224  0.4444  0.0289 -0.0003  0.2023 0 
 38.5504  0.6831 -3.1407  0.0101  0.5098  0.1005  0.5945  0.0645 -0.0003  0.2430 0 
 36.5911 -0.6704  0.0144  0.0121  0.3896  0.0374  0.5567  0.1099 -0.0003  0.2591 0 
 43.3570 -0.3431 -1.7339  0.0229  0.2459  0.0329  0.2658  0.0889 -0.0003  0.1197 0 
 42.3041  0.2979  1.4673  0.0312  0.2586  0.0744  0.3567  0.0311 -0.0003  0.2046 0 
 49.1524  0.4422  3.1107  0.0107  0.5660  0.1249  0.4716  0.0233 -0.0003  0.2272 0 
 34.0032 -0.4417 -0.0491  0.0119  0.5283  0.0487  0.3315  0.0367 -0.0003  0.2080 0 
 45.2735  0.6742  1.8488  0.0087  0.6792  0.0470  0.2190  0.0313 -0.0003  0.2731 0 
 44.0009 -0.6948 -1.2599  0.0132  0.2433  0.0603  0.3530  0.0170 -0.0003  0.1398 0 
 46.0731 -0.0019 -1.0140  0.1875  0.4474  0.0209  0.4360  0.1904  0.0314  0.8344 1 
 41.6297 -0.0290  2.1119  0.4018  0.1611  0.0419  0.4031  0.3823 -0.0003  0.9898 1 
 45.1545 -0.7719  0.3683  0.0386  0.5906  0.0439  0.3945  0.0112 -0.0003  0.3136 1 
 39.5392  0.7556 -2.7782  0.0924  0.1959  0.0366  0.5904  0.2037 -0.0003  0.6647 1 
 48.1208  0.6558 -0.6249  0.3207  0.2275  0.0734  0.2587  0.3104  0.2639  0.9926 1 
 35.5352 -0.6666  2.5491  0.0980  0.2693  0.0388  0.4210  0.0851 -0.0003  0.4826 1 
 50.1930  0.2967 -0.1482  0.0151  0.3184  0.0549  0.4265  0.0421  0.2501  0.4618 0 
 45.0355 -0.3059  2.9638  0.0192  0.1645  0.0128  0.1755  0.0146 -0.0003  0.0491 0 
 48.4077  0.7072 -2.3795  0.0185  0.4764  0.1314  0.2152  0.0208 -0.0003  0.2442 0 
 45.7679 -0.7194  0.8083  0.0156  0.3424  0.0262  0.2184  0.0821 -0.0003  0.1182 0 
 40.3113 -0.5431 -2.5919  0.4110  0.4640  0.0402  0.3614  0.5007 -0.0003  0.9970 1 
 37.2900  0.5563  0.5863  0.6678  0.2581  0.0923  0.5538  0.8420  0.3024  0.9999 1 
 46.4820  0.0346  1.6462  0.0081  0.3540  0.0754  0.5220  0.0247  0.0624  0.2302 0 
 45.5634 -0.0402 -1.4804  0.3279  0.3651  0.0226  0.1749  0.0084 -0.0003  0.7920 0 
 50.2571 -0.0348 -2.7866  0.0004  0.1978  0.0601  0.3411  0.0735 -0.0003  0.0960 0 
 50.2296  0.0599  0.3825  0.0157  0.8051  0.0188  0.3837  0.1429 -0.0003  0.2522 0 
 42.6978 -0.5591  2.4180  0.1542  0.0824  0.3072  0.3559  0.1242 -0.0003  0.5520 0 
 32.5719  0.5588 -0.6869  0.0443  0.3799  0.0241  0.1918  0.0117 -0.0003  0.1817 0 
 47.3426 -0.5366 -1.9427  0.0025  0.2034  0.0424  0.2597  0.0710 -0.0003  0.0743 1 
 44.4038  0.5082  1.2382  0.0164  0.2271  0.1088  0.5283  0.0799  0.5338  0.6449 1 
 52.9305  0.3289  0.3609  0.0319  0.1160  0.1913  0.3787  0.0744 -0.0003  0.1381 0 
 33.8354 -0.3531 -2.7458  0.0165  0.2534  0.0305  0.2846  0.0090 -0.0003  0.0954 0 
 46.8116 -0.3516  0.7637  0.0007  0.2519  0.0193  0.3040  0.0338 -0.0003  0.0475 0 
 43.1739  0.3389 -2.4004  0.0025  0.1312  0.0489  0.3548  0.1183 -0.0003  0.0910 0 
 46.8635 -0.7044 -1.6017  0.0215  0.3344  0.0417  0.4341  0.0333 -0.0003  0.1885 0 
 38.3764  0.6705  1.5180  0.0066  0.1197  0.0178  0.2747  0.1434 -0.0003  0.0634 0 
 49.0517 -0.3613 -0.1828  0.2585  0.4745  0.1076  0.3432  0.1885  0.1167  0.9676 1 
 44.6601  0.3333  2.9583  0.2081  0.2172  0.0525  0.4835  0.2441 -0.0003  0.9275 1 
 48.6244  0.2214  2.0491  0.0093  0.1585  0.1797  0.3010  0.0197 -0.0003  0.1125 0 
 44.9256 -0.2015 -1.1055  0.1109  0.0983  0.0829  0.2195  0.1103 -0.0003  0.3461 0 
 49.1737 -0.5956  1.1217  0.1525  0.7958  0.0285  0.3859  0.1044 -0.0003  0.8032 1 
 48.5176  0.6107 -2.0393  0.1319  0.1973  0.1144  0.3442  0.2070  0.1741  0.9071 1 
 38.9014 -0.5308  0.8255  0.6930  0.2019  0.0327  0.3193  0.6564  0.3976  0.9998 1 
 35.8801  0.4588 -2.3117  0.0127  0.3919  0.0399  0.4198  0.0626  0.2946  0.6404 1 
 49.4087  0.3483 -1.2325  0.2214  0.5862  0.0565  0.5995  0.4161 -0.0003  0.9924 1 
 33.2555 -0.3141  1.9374  0.1541  0.1739  0.1093  0.3336  0.1402  0.1401  0.8577 1 
 48.5145 -0.5476 -0.8314  0.3789  0.3232  0.0813  0.3442  0.2466 -0.0003  0.9882 1 
 43.5676  0.5393  2.3202  0.3560  0.4365  0.0439  0.3097  0.2405 -0.0003  0.9698 1 
 43.4394 -0.6049  3.0550  0.1495  0.5095  0.0497  0.5756  0.1099 -0.0003  0.8153 1 
 41.6175  0.6176 -0.0662  0.4169  0.6884  0.0305  0.3135  0.4296 -0.0003  0.9959 1 
 43.9246 -0.4492  2.8518  0.2235  0.4000  0.0480  0.2207  0.2043  0.4559  0.9985 1 
 26.5049  0.4741 -0.2547  0.0345  0.3284  0.0471  0.3567  0.0308  0.2082  0.5060 1 
 47.4495  0.4722  2.8472  0.0309  0.0944  0.0169  0.2163  0.1115 -0.0003  0.0629 0 
 46.7964 -0.4687 -0.3095  0.0263  0.6811  0.0559  0.4342  0.0325 -0.0003  0.2773 0 
 48.9784 -0.0474 -0.9038  0.3702  0.3380  0.0427  0.4721  0.3369 -0.0003  0.9888 1 
 41.1597  0.0304  2.2411  0.5429  0.5548  0.0312  0.4942  0.4324 -0.0003  0.9953 1 
 46.4424 -0.4718 -2.3284  0.0016  0.5884  0.0142  0.3046  0.0746 -0.0003  0.0966 0 
 44.6998  0.4824  0.8032  0.0137  0.1306  0.0243  0.3516  0.0668 -0.0003  0.0558 0 
 46.2104 -0.5499 -2.6012  0.0228  0.2035  0.0109  0.1743  0.0222 -0.0003  0.0568 0 
 41.4160  0.5617  0.5241  0.0193  0.2355  0.0977  0.4036  0.0577 -0.0003  0.1744 0 
 50.2235 -0.7448 -0.2419  0.0099  0.1955  0.1573  0.7249  0.1946 -0.0003  0.4425 0 
 42.3255  0.7364  2.9260  0.0954  0.6192  0.0156  0.2675  0.0568 -0.0003  0.3554 0 
 43.8605 -0.0188  0.9348  0.0070  0.3178  0.1030  0.5742  0.0413 -0.0003  0.1951 0 
 38.2788  0.0449 -2.2223  0.0262  0.4549  0.0309  0.3207  0.0278 -0.0003  0.1798 0 
 41.8189 -0.3155 -1.2933  0.0249  0.3541  0.0825  0.4026  0.0203 -0.0003  0.2142 0 
 40.5066  0.3181  1.8576  0.0056  0.3573  0.0453  0.2707  0.0115 -0.0003  0.1551 0 
 45.8350 -0.5255 -2.0979  0.0633  0.4661  0.0434  0.4366  0.0839 -0.0003  0.4941 0 
 26.7918  0.5007  1.0059  0.0194  0.8768  0.0113  0.3047  0.1006  0.1082  0.3315 0 
 46.1646  0.0595 -1.9533  0.0542  0.3894  0.0464  0.5665  0.2524  0.1116  0.8139 0 
 44.0986 -0.0694  1.1586  0.2511  0.5669  0.0289  0.2205  0.1281 -0.0003  0.7974 0 
 44.4465  0.7144 -2.2531  0.1391  0.4317  0.0912  0.4841  0.2376 -0.0003  0.9223 1 
 38.0896 -0.7111  0.8933  0.0837  0.7968  0.0288  0.4129  0.2565 -0.0003  0.8216 1 
 42.9175  0.6124  3.1369  0.1844  0.2698  0.1111  0.3554  0.2862 -0.0003  0.9607 1 
 29.4499 -0.6491  0.0536  0.0336  0.7245  0.0206  0.2962  0.1877 -0.0003  0.3423 1 
 40.4181  0.7801  2.1369  0.0343  0.0682  0.0522  0.1806  0.0082 -0.0003  0.0861 0 
 40.4059 -0.7898 -1.0226  0.0120  0.1979  0.0109  0.2709  0.0058 -0.0003  0.0450 0 
 47.5624  0.0377 -1.9472  0.0403  0.4096  0.0429  0.3027  0.0316 -0.0003  0.2693 0 
 44.7211 -0.0179  1.1745  0.0173  0.1658  0.0457  0.4394  0.0107  0.2242  0.2958 0 
 47.5715  0.3368  2.0770  0.1510  0.3100  0.0638  0.3892  0.1728 -0.0003  0.8285 0 
 45.0294 -0.3280 -1.0523  0.0253  0.2308  0.0298  0.3509  0.0175 -0.0003  0.1047 0 
 58.1033 -0.2738 -2.8100  0.0627  0.3286  0.1377  0.4522  0.0204 -0.0003  0.3311 0 
 34.5129  0.3121  0.3366  0.0502  0.0851  0.0436  0.2358  0.0339 -0.0003  0.0807 0 
 46.5522 -0.7409 -1.5968  0.0110  0.2980  0.0381  0.3044  0.0237 -0.0003  0.1113 0 
 44.9409  0.7272  1.5544  0.0152  0.1423  0.2830  0.4389  0.0330 -0.0003  0.1600 0 
 49.5552 -0.4743 -0.1706  0.0229  0.6308  0.1721  0.5990  0.0305 -0.0003  0.2810 0 
 41.5747  0.4633  2.9430  0.0071  0.4084  0.1151  0.6272  0.0349 -0.0003  0.2212 0 
 49.2775 -0.6458 -1.2463  0.0015  0.6875  0.1104  0.5999  0.0506 -0.0003  0.2525 0 
 47.8279  0.6284  1.8286  0.0071  0.3448  0.1304  0.6045  0.0292 -0.0003  0.2128 0 
 42.2583 -0.3214 -3.0295  0.0182  0.3385  0.1419  0.5353  0.0483 -0.0003  0.2418 0 
 37.8607  0.4114  0.1415  0.0478  0.6460  0.0461  0.1379  0.0384 -0.0003  0.4241 0 
 35.8251  0.7142 -1.3334  0.0089  0.7042  0.0252  0.3267  0.1214  0.1756  0.5190 0 
 32.7245 -0.7313  1.7690  0.0066  0.1419  0.0541  0.3830  0.0345 -0.0003  0.0824 0 
 57.3281 -0.5509 -1.0968  0.0196  0.7629  0.0290  0.2475  0.0196 -0.0003  0.2026 0 
 40.4425  0.5247  2.0497  0.0398  0.4907  0.0313  0.2708  0.0923 -0.0003  0.2572 0 
 49.8726 -0.4770  2.4037  0.0276  0.2345  0.2851  0.3844  0.0251 -0.0003  0.2311 0 
 43.0579  0.4899 -0.7439  0.0361  0.5273  0.1077  0.5770  0.0229 -0.0003  0.2841 0 
 44.5899  0.6355 -0.5506  0.0150  0.4349  0.1242  0.4398  0.1094 -0.0003  0.2801 0 
 41.5351 -0.6341  2.6002  0.0299  0.5254  0.1035  0.4033  0.0804 -0.0003  0.3093 0 
 52.9000  0.3936 -2.2668  0.0022  0.1327  0.1394  0.4629  0.1962 -0.0003  0.1756 0 
 45.2491 -0.4141  0.8973  0.0029  0.2632  0.0526  0.3943  0.0323 -0.0003  0.1159 0 
 47.3976  0.2805  0.1577  0.0112  0.8002  0.0478  0.4761  0.0473 -0.0003  0.2524 1 
 42.2309 -0.2804 -2.9871  0.2103  0.8018  0.0492  0.3123  0.1815 -0.0003  0.9429 1 
 56.6751  0.5962 -0.6076  0.0434  0.2574  0.0709  0.2482  0.0234 -0.0003  0.2573 0 
 50.6294 -0.6080  2.5436  0.0312  0.6029  0.0306  0.3830  0.0635 -0.0003  0.2627 0 
 50.2968  0.2616 -0.7091  0.0599  0.4577  0.0686  0.3836  0.0137 -0.0003  0.3702 0 
 43.5096 -0.2820  2.4340  0.0010  0.2993  0.0253  0.0885 -0.0200  0.3029  0.9597 0 
 49.3538  0.3747 -1.7340  0.1475  0.1670  0.1080  0.2998  0.1055 -0.0003  0.5922 0 
 42.5513 -0.3662  1.3757  0.0966  0.1012  0.1159  0.4452  0.0516 -0.0003  0.2979 0 
 47.0771 -0.7048  0.3253  0.0265  0.4295  0.0200  0.3469  0.0674 -0.0003  0.1365 1 
 42.2034  0.7101 -2.8422  0.1786  0.3433  0.0575  0.4016  0.3349  0.1034  0.9613 1 
 48.2185 -0.7919 -0.5223  0.0678  0.1802  0.2920  0.4740  0.0461 -0.0003  0.3648 0 
 44.0772  0.7928  2.5513  0.0043  0.3990  0.0739  0.2647  0.0427 -0.0003  0.2083 0 
 44.8981 -0.4283  2.1432  0.3049  0.5163  0.0414  0.5268  0.2106 -0.0003  0.9488 1 
 36.4843  0.4279 -0.9428  0.2376  0.3893  0.0459  0.4179  0.2156  0.3215  0.9973 1 
 60.2579 -0.3507 -2.5414  0.0064  0.2906  0.0685  0.3667  0.1035 -0.0003  0.1834 0 
 57.9477  0.3482  0.5726  0.0192  0.2847  0.3342  0.2880  0.0191 -0.0003  0.2198 0 
 44.4617  0.4140 -3.0856  0.2887  0.3226  0.0320  0.3961  0.4035  0.1000  0.9888 1 
 43.9887 -0.3890  0.0443  0.0247  0.6723  0.0277  0.4413  0.1157 -0.0003  0.3274 1 
 47.2084  0.3806  1.8835  0.0071  0.3417  0.0821  0.5632  0.0086 -0.0003  0.1782 1 
 45.5817 -0.3726 -1.2432  0.1163  0.3927  0.1089  0.3935  0.1513 -0.0003  0.7632 1 
 43.7720 -0.0422 -2.9307  0.0408  0.2721  0.1037  0.3535  0.0256 -0.0003  0.2366 0 
 38.6633 -0.0022  0.2710  0.1304  0.2831  0.2406  0.5026  0.0196 -0.0003  0.5469 0 
 43.3661  0.2327  0.6327  0.0179  0.0900  0.0143  0.3987  0.0840 -0.0003  0.0578 1 
 39.3011 -0.2092 -2.4901  0.3346  0.3857  0.0891  0.5004  0.1502 -0.0003  0.9530 1 
 48.4535 -0.6871 -0.9296  0.0374  0.2651  0.0794  0.5164  0.0150 -0.0003  0.2519 0 
 46.8482  0.6790  2.2228  0.0099  0.2782  0.0140  0.2171  0.0231 -0.0003  0.0607 0 
 52.0699  0.6924  2.7065  0.0276  0.5673  0.0594  0.5915  0.1358  0.1819  0.6728 0 
 44.0406 -0.6994 -0.3777  0.0313  0.2439  0.0475  0.3971  0.0386 -0.0003  0.1802 0 
 41.2177  0.6613  2.0073  0.0000  0.7504  0.0270  0.3144  0.2740 -0.0003  0.3840 1 
 39.5514 -0.6324 -1.1247  0.1313  0.7215  0.0363  0.4087  0.2734 -0.0003  0.9225 1 
 52.2316 -0.3911  3.0033  0.0910  0.2631  0.0946  0.3799  0.0760 -0.0003  0.4692 0 
 44.4556  0.3663 -0.1074  0.0465  0.4364  0.0219  0.2201  0.0961 -0.0003  0.1954 0 
 50.7485  0.3805  0.3630  0.0865  0.3931  0.1702  0.5954  0.3153 -0.0003  0.9299 1 
 44.9622 -0.3838 -2.8033  0.2616  0.6752  0.0287  0.5266  0.3637 -0.0003  0.9807 1 
 53.2753 -0.7073  2.9132  0.1222  0.8527  0.1799  0.7561  0.1832  0.1667  0.9547 1 
 40.7324  0.7036 -0.1582  0.2654  0.5427  0.0176  0.5856  0.3836  0.0564  0.9827 1 
 43.4607 -0.2151  3.0222  0.3391  0.6035  0.0453  0.4428  0.3421 -0.0003  0.9890 1 
 40.8972  0.0401 -0.1030  0.3448  0.6505  0.0355  0.3600  0.4506 -0.0003  0.9950 1 
 48.0507 -0.1802 -0.4486  0.0611  0.2902  0.0603  0.2588  0.0330 -0.0003  0.3282 0 
 37.9522  0.1283  2.6110  0.0430  0.1007  0.0476  0.3674  0.0032 -0.0003  0.1054 0 
 43.7171 -0.6435 -2.8383  0.0708  0.5123  0.0530  0.3978  0.0204 -0.0003  0.4565 0 
 43.6439  0.6446  0.2915  0.0339  0.1482  0.0071  0.1327  0.0236 -0.0003  0.0519 0 
 51.5541  0.6276 -2.6550  0.0291  0.5280  0.0289  0.1694  0.0443 -0.0003  0.1856 0 
 46.5827 -0.6176  0.5056  0.0066  0.1010  0.0344  0.2608  0.0322 -0.0003  0.0496 0 
 48.9906  0.7714  0.2231  0.0990  0.2347  0.0419  0.5149  0.1909 -0.0003  0.6784 1 
 44.5197 -0.7869 -2.9643  0.0670  0.2608  0.0568  0.2640  0.0762 -0.0003  0.3630 1 
 51.3161  0.5983  1.6234  0.0661  0.4015  0.0319  0.2120  0.0375 -0.0003  0.2776 0 
 48.6824 -0.5905 -1.4979  0.0217  0.0672  0.0364  0.3869  0.1065 -0.0003  0.0904 0 
 47.9957  0.1512 -2.5170  0.0230  0.1010  0.3167  0.3451  0.0096 -0.0003  0.1088 0 
 43.2441 -0.1617  0.6365  0.0132  0.2053  0.0572  0.2660  0.0827 -0.0003  0.1305 0 
 50.1534  0.5273 -2.1557  0.0492  0.5309  0.0729  0.4266  0.1590 -0.0003  0.5651 0 
 46.7384 -0.5209  0.9769  0.0061  0.3251  0.0354  0.4344  0.1480  0.3481  0.7764 0 
 38.9746 -0.4313 -0.1786  0.0045  0.1482  0.0096  0.2280  0.1765 -0.0003  0.0840 0 
 32.5414  0.4246  2.9660  0.0090  0.1330  0.0176  0.4795  0.0403 -0.0003  0.0673 0 
 42.8107 -0.0936 -2.0604  0.0111  0.4421  0.1447  0.3556  0.0093  0.3589  0.4786 0 
 42.3987  0.1767  1.1464  0.0277  0.2590  0.0774  0.3120  0.0456 -0.0003  0.2052 0 
 45.0996 -0.3978 -1.4035  0.0273  0.2728  0.0204  0.5261  0.0043 -0.0003  0.1781 0 
 44.9866  0.4206  1.7000  0.0069  0.4417  0.1042  0.3949  0.0635 -0.0003  0.2033 0 
 50.5165 -0.6596  2.9109  0.0045  0.3367  0.0444  0.2555  0.1761 -0.0003  0.2840 0 
 45.0690  0.6628 -0.2003  0.0180  0.0789  0.1599  0.4385  0.0142  0.1143  0.1014 0 
 47.7485 -0.7262 -1.8643  0.0126  0.2914  0.0533  0.2592  0.0847 -0.0003  0.1742 1 
 34.0246  0.7256  1.2732  0.1078  0.4082  0.0734  0.2841  0.1568  0.3757  0.9598 1 
 50.3059 -0.7809  2.9623  0.0041  0.2059  0.0938  0.5115  0.1114 -0.0003  0.1692 0 
 36.7651  0.7707 -0.1922  0.0180  0.3747  0.0738  0.3707  0.0963 -0.0003  0.2632 0 
 47.1015 -0.4968 -0.6171  0.0005  0.3879  0.0205  0.3468  0.1346 -0.0003  0.1122 0 
 45.9602  0.4677  2.5164  0.0153  0.1232  0.1155  0.3054  0.1059 -0.0003  0.1129 0 
 45.8320  0.1303 -1.7349  0.0441  0.0658  0.0114  0.3930  0.0687 -0.0003  0.0664 0 
 41.8280 -0.1292  1.4142  0.0710  0.4142  0.0803  0.6710  0.1507 -0.0003  0.6688 0 
 47.2053  0.0715  0.1938  0.8738  0.4522  0.0385  0.5199  0.7915 -0.0003  0.9981 1 
 36.2585 -0.0737 -2.9341  0.5107  0.0871  0.0468  0.5581  0.4921 -0.0003  0.9927 1 
 46.2928 -0.4698 -3.1020  0.0576  0.2683  0.0612  0.1306  0.0191 -0.0003  0.3630 0 
 43.0640  0.4747  0.0818  0.0831  0.5555  0.0165  0.4882  0.0980 -0.0003  0.5691 0 
 44.9958 -0.4099 -0.2482  0.0220  0.2800  0.3395  0.3071  0.1729 -0.0003  0.5754 0 
 41.9806  0.3501  2.8727  0.0016  0.2934  0.1203  0.3575  0.0174 -0.0003  0.1445 0 
 50.4921  0.6576 -1.9913  0.0251  0.2994  0.0413  0.2555  0.0235 -0.0003  0.1589 0 
 47.3610 -0.6576  1.1525  0.0109  0.1404  0.0186  0.0433  0.0065 -0.0003  0.0943 0 
 35.5077  0.8009 -1.8341  0.2372  0.4461  0.0599  0.2807  0.3118  0.0728  0.9705 1 
 20.3769 -0.8249  1.2187  0.1638  0.3384  0.0228  0.2770  0.1597 -0.0003  0.6418 1 
 46.0060  0.3982  3.0882  0.8364  0.8272  0.0637  0.6106  0.9471 -0.0003  0.9983 1 
 43.5889 -0.3837 -0.0680  0.2690  0.5172  0.0551  0.4424  0.2705  0.1828  0.9807 1 
 48.9662  0.6422 -0.1565  0.0050  0.4346  0.0808  0.4721  0.0217 -0.0003  0.1702 0 
 46.1921 -0.6472  2.9985  0.0315  0.3006  0.0365  0.2179  0.0150 -0.0003  0.1725 0 
 51.7403 -0.4821  1.1510  0.2577  0.2750  0.0305  0.5078  0.4101 -0.0003  0.9866 1 
 41.3947  0.4815 -1.9207  0.3854  0.5342  0.0389  0.1794  0.2166  0.2930  0.9856 1 
 48.4291 -0.3957  1.2261  0.0271  0.1302  0.0817  0.3443  0.0549 -0.0003  0.1147 0 
 45.4932  0.3863 -1.9263  0.0331  0.3759  0.0442  0.3062  0.0081 -0.0003  0.2413 0 
 48.3619  0.5184  3.0509  0.0685  0.4094  0.0386  0.4736  0.0995 -0.0003  0.5198 0 
 40.5310 -0.5344 -0.1091  0.0255  0.4637  0.0389  0.2707  0.0655 -0.0003  0.2171 0 
 53.7819  0.5225 -1.2162  0.0019  0.5816  0.2080  0.5029  0.0024 -0.0003  0.2206 0 
 48.8045 -0.5069  1.8904  0.0304  0.1752  0.0461  0.3436  0.1163 -0.0003  0.1745 0 
 49.1005  0.3196 -3.0845  0.1671  0.4042  0.0257  0.3002  0.0700 -0.0003  0.5575 0 
 48.7739 -0.3322  0.0163  0.0766  0.5866  0.0879  0.6874  0.0204 -0.0003  0.4315 0 
 57.5204 -0.6051  2.0803  0.0448  0.3315  0.0539  0.2473  0.0297 -0.0003  0.2880 0 
 48.1788  0.5959 -1.0719  0.0008  0.1597  0.0139  0.3448  0.2093 -0.0003  0.1063 0 
 43.7842  0.5568 -0.9745  0.1320  0.3725  0.1049  0.2651  0.2037 -0.0003  0.8848 0 
 33.5271 -0.5796  2.1443  0.0519  0.4727  0.0364  0.2853  0.0787  0.0728  0.5346 0 
 45.4536 -0.3955  2.6933  0.0164  0.3969  0.0259  0.3501  0.0413 -0.0003  0.1186 0 
 44.2359  0.3922 -0.4439  0.0320  0.1054  0.0139  0.2644  0.0661  0.0233  0.0604 0 
 52.1492  0.3233 -0.1519  0.0499  0.7839  0.0149  0.1689  0.0131 -0.0003  0.2044 0 
 41.6785 -0.3229  3.0121  0.0189  0.6012  0.0649  0.7611  0.0263 -0.0003  0.2787 0 
 45.1392  0.1403 -2.1080  0.0300  0.5963  0.1332  0.3507  0.0721  0.2412  0.6473 0 
 37.2839 -0.1620  1.0392  0.0118  0.6542  0.0220  0.3230  0.0933 -0.0003  0.1540 0 
 36.0632  0.2300  1.9928  0.5787  0.4782  0.0214  0.4192  0.4647  0.2100  0.9984 1 
 34.0124 -0.2483 -1.2276  0.1436  0.4964  0.0395  0.3315  0.1275  0.3652  0.9941 1 
 49.7444  0.3622 -2.4858  0.0694  0.3115  0.0219  0.1710  0.0889 -0.0003  0.2102 0 
 40.0610 -0.3808  0.6642  0.0285  0.5325  0.0087  0.4073  0.0466  0.0949  0.3065 0 
 49.5735  0.0153  1.9214  0.0032  0.0919  0.0319  0.2995  0.0123 -0.0003  0.0506 0 
 45.8045  0.0066 -1.2186  0.0104  0.2352  0.0692  0.2620  0.0598 -0.0003  0.1482 0 
 47.0436  0.3987 -2.6378  0.0237  0.3535  0.0345  0.3035 -0.0005 -0.0003  0.1798 0 
 45.4810 -0.4007  0.4940  0.0087  0.1421  0.0707  0.4375  0.0444 -0.0003  0.0995 0 
 51.1025 -0.3396 -0.0480  0.5119  0.2871  0.0553  0.5519  0.2928 -0.0003  0.9862 1 
 23.0320  0.3483  3.0869  0.5796  0.0995  0.0456  0.2662  0.2803  0.4402  0.9980 1 
 42.9847 -0.5757 -0.4892  0.1720  0.7569  0.0485  0.4884  0.1660 -0.0003  0.9251 1 
 42.4170  0.5801  2.6767  0.0144  0.6141  0.0291  0.5348  0.1812 -0.0003  0.4263 1 
 45.8412  0.2257 -0.5580  0.0168  0.0587  0.0269  0.1746  0.0230 -0.0003  0.0503 0 
 37.4517 -0.2562  2.5901  0.0018  0.2406  0.0037  0.0461  0.0119 -0.0003  0.1053 0 
 49.2988 -0.2890  1.9235  0.0411  0.5976  0.0493  0.3856  0.1439 -0.0003  0.5543 0 
 37.7142  0.3118 -1.2174  0.0148  0.6306  0.0168  0.3220  0.0622 -0.0003  0.1250 0 
 46.8757 -0.2226 -2.5714  0.3168  0.2331  0.1538  0.5642  0.3975 -0.0003  0.9970 1 
 37.9828  0.2237  0.5414  0.5425  0.5247  0.0171  0.3673  0.3278 -0.0003  0.9937 1 
 45.9785  0.2933  1.9971  0.0296  0.4868  0.0365  0.2618  0.0992 -0.0003  0.2588 0 
 44.8035 -0.3008 -1.1328  0.0258  0.2283  0.0326  0.3953  0.1321 -0.0003  0.1924 0 
 46.9368  0.1482  1.1896  0.0207  0.1625  0.0241  0.1735  0.0051 -0.0003  0.0695 0 
 38.8830 -0.1328 -1.9787  0.0439  0.2438  0.0386  0.2281  0.1498 -0.0003  0.3130 0 
 75.2514  0.2746 -2.9407  0.0542  0.1562  0.0114  0.3092  0.0125  0.1441  0.4001 0 
 52.5277 -0.2855  0.1780  0.0247  0.1061  0.0382  0.3794  0.0392 -0.0003  0.0798 0 
 45.0294 -0.5226 -2.2173  0.1698  0.2627  0.0350  0.3070  0.1848 -0.0003  0.7709 0 
 42.2492  0.5310  0.9483  0.0337  0.1936  0.0638  0.5799  0.0552 -0.0003  0.2598 0 
 48.4962  0.7176  0.4420  0.0074  0.5663  0.0439  0.3012  0.0358 -0.0003  0.1931 0 
 47.7211 -0.7185 -2.7277  0.0356  0.4777  0.0236  0.3456  0.0557 -0.0003  0.1873 0 
 46.2715 -0.7805 -2.5168  0.0108  0.1731  0.0370  0.5226  0.0495 -0.0003  0.1243 0 
 42.6459  0.7981  0.6424  0.0367  0.4624  0.0578  0.2670  0.0025 -0.0003  0.3221 0 
 44.8829 -0.7160 -2.8867  0.0004  0.1078  0.0320  0.2634  0.0584 -0.0003  0.0451 0 
 41.0071  0.7044  0.2781  0.0056  0.2522  0.0310  0.2698  0.0206 -0.0003  0.0728 0 
 45.2735 -0.7548  2.6496  0.0990  0.4658  0.0348  0.2628  0.0832 -0.0003  0.5301 0 
 42.3560  0.7632 -0.4568  0.1296  0.2105  0.0571  0.4012  0.2493 -0.0003  0.8077 0 
 57.4136 -0.2703 -2.0697  0.1536  0.3496  0.0558  0.4123  0.2227 -0.0003  0.8902 1 
 46.0700  0.2448  1.0593  0.1084  0.4210  0.0682  0.3488  0.0915 -0.0003  0.6463 1 
 44.2084 -0.4007 -0.8974  0.0398  0.3818  0.1305  0.4407  0.2540 -0.0003  0.6363 0 
 41.8799  0.4093  2.2472  0.0072  0.0720  0.0244  0.3577  0.0120  0.1675  0.1828 0 
 44.6754 -0.5877 -2.3263  0.0088  0.4303  0.0461  0.3956  0.0355 -0.0003  0.1684 0 
 43.8422  0.5815  0.8148  0.0613  0.1435  0.0228  0.3534  0.0079 -0.0003  0.1166 0 
 44.3610  0.3343 -2.5109  0.0900  0.6774  0.0634  0.3963  0.3010 -0.0003  0.9274 1 
 36.9970 -0.3800  0.6260  0.1396  0.3629  0.0347  0.2775  0.1022  0.3833  0.9948 1 
 44.0894 -0.5226 -2.4653  0.0073  0.6369  0.1599  0.4411  0.0242 -0.0003  0.2495 0 
 39.5270  0.5675  0.7255  0.0858  0.2133  0.0118  0.2271  0.0733 -0.0003  0.1425 0 
 46.1555  0.1332  3.0172  0.0000  0.0514  0.0193  0.1307  0.0128 -0.0003  0.0501 0 
 33.0144 -0.0943 -0.1311  0.0026  0.0749  0.0511  0.2865  0.2205 -0.0003  0.1449 0 
 46.6438 -0.5314  1.7624  0.1098  0.0682  0.0543  0.4346  0.0379 -0.0003  0.2160 0 
 44.3519  0.5580 -1.3488  0.0355  0.2661  0.0850  0.3963  0.0225 -0.0003  0.2202 0 
 44.1596 -0.0375  0.9582  0.5176  0.4141  0.1148  0.2645  0.4179 -0.0003  0.9977 1 
 30.3868 -0.0522 -2.3155  0.0126  0.6881  0.0822  0.4892  0.0314 -0.0003  0.2418 1 
 41.3581  0.2744  0.3700  0.2820  0.7961  0.0287  0.4935  0.3741 -0.0003  0.9843 1 
 37.2198 -0.3222 -2.7166  0.3190  0.3286  0.0536  0.4156  0.4102 -0.0003  0.9940 1 
 47.9530  0.1225  1.9763  0.0260  0.1201  0.0508  0.3020  0.0551 -0.0003  0.0887 0 
 45.7710 -0.1095 -1.1729  0.0159  0.3922  0.0429  0.3931  0.0132 -0.0003  0.1845 0 
 50.1595 -0.2946 -1.0861  0.5989  0.6223  0.0764  0.5118  0.6649  0.4188  0.9999 1 
 45.3620  0.3039  2.0390  0.6826  0.3944  0.0617  0.2189  0.7855  0.1654  0.9989 1 
 40.9216  0.3382 -1.3541  0.0355  0.6188  0.0610  0.4049  0.0435 -0.0003  0.3199 0 
 39.5788 -0.2992  1.8284  0.1290  0.6229  0.0422  0.1816  0.2801 -0.0003  0.8601 0 
 49.4331  0.6386  0.0614  0.0053  0.2994  0.1000  0.3853  0.0051 -0.0003  0.1489 0 
 48.7526 -0.6551 -3.0826  0.0169  0.1850  0.0351  0.1718  0.0098 -0.0003  0.0924 0 
 43.5767 -0.0447  1.2594  0.0158  0.5849  0.1995  0.5752  0.1216 -0.0003  0.3307 0 
 42.6520  0.0307 -1.9540  0.1081  0.2016  0.0563  0.3560  0.0411 -0.0003  0.3841 0 
 45.3986  0.8067  2.7917  0.0887  0.5197  0.0854  0.4814  0.2418 -0.0003  0.8441 1 
 44.3580 -0.7661 -0.3625  0.2528  0.8350  0.1307  0.6606  0.2017 -0.0003  0.9787 1 
 44.4465 -0.6146  1.2459  0.0354  0.2377  0.0397  0.3961  0.0534 -0.0003  0.1788 0 
 42.8443  0.6002 -1.8724  0.0180  0.1051  0.0350  0.2667  0.0250 -0.0003  0.0573 0 
 41.4435  0.0460 -2.9798  0.4117  0.3817  0.0209  0.4036  0.3247 -0.0003  0.9858 1 
 37.6745 -0.0622  0.1655  0.2080  0.3254  0.1110  0.3681  0.1738  0.1505  0.9508 1 
 49.9519 -0.7952  2.9345  0.0238  0.4905  0.0219  0.1281  0.0411 -0.0003  0.1516 0 
 46.8086  0.7929 -0.2367  0.0188  0.6657  0.0903  0.4776  0.0181 -0.0003  0.2456 0 
 50.8247 -0.2442  1.2100  0.0000  0.0955  0.0052  0.1275  0.0558 -0.0003  0.0370 0 
 48.1147  0.2361 -1.9360  0.1129  0.0448  0.0262  0.2587  0.0346 -0.0003  0.0761 0 
 45.5787 -0.4258 -0.2996  0.0341  0.1489  0.0446  0.4810  0.1389 -0.0003  0.2340 0 
 35.2697  0.4572  2.8850  0.0044  0.6214  0.0373  0.2812  0.0820 -0.0003  0.1808 0 
 46.1372  0.1674 -0.6557  0.1298  0.3443  0.0520  0.4794  0.0478 -0.0003  0.5649 1 
 43.8972 -0.1537  2.5240  0.1234  0.5042  0.0893  0.3974  0.2476 -0.0003  0.9214 1 
 46.1585 -0.4184 -1.0774  0.0131  0.7027  0.0158  0.4794  0.0855 -0.0003  0.1868 0 
 42.4384  0.4287  2.0552  0.0152  0.4214  0.0335  0.1782  0.0174 -0.0003  0.1843 0 
 44.4648 -0.0465 -1.8359  0.5889  0.3316  0.0537  0.2640  0.3948  0.2082  0.9974 1 
 32.0470  0.0954  1.3099  0.0879  0.1359  0.0264  0.2890  0.6275 -0.0003  0.7589 1 
 42.9358  0.5448 -0.6580  0.0097  0.3734  0.0426  0.6663  0.0445 -0.0003  0.2318 0 
 32.5017 -0.4868  2.4181  0.0567  0.4856  0.0393  0.2399  0.0560 -0.0003  0.3560 0 
 46.7994  0.6971  1.6847  0.0412  0.1979  0.1139  0.4776  0.0203 -0.0003  0.2190 0 
 43.9246 -0.6783 -1.4279  0.2025  0.2160  0.0353  0.4856  0.1450 -0.0003  0.8019 0 
 44.3854  0.1120  2.3410  0.0412  0.8441  0.0116  0.2201  0.0424 -0.0003  0.2054 0 
 41.6938 -0.1104 -0.7701  0.0005  0.3249  0.0533  0.7610  0.0805  0.0359  0.2896 0 
 53.2723  0.4128 -2.0254  0.0618  0.0622  0.0475  0.2941  0.1937 -0.0003  0.2052 0 
 43.6591 -0.4169  1.1054  0.0360  0.4319  0.0272  0.4864  0.0571 -0.0003  0.2893 0 
 54.5571  0.7351  0.5892  0.0380  0.5687  0.0494  0.2923  0.0567  0.0219  0.4250 0 
 49.9031 -0.7345 -2.5915  0.0576  0.5049  0.1466  0.5125  0.0307 -0.0003  0.3312 0 
 53.4127  0.4559 -2.3331  0.0727  0.2268  0.0651  0.6717  0.0506 -0.0003  0.4769 0 
 42.4109 -0.4473  0.8383  0.0125  0.2452  0.0719  0.3119  0.0410 -0.0003  0.1473 0 
 43.7110 -0.7196  0.2618  0.2204  0.3062  0.0656  0.2652  0.2106  0.5668  0.9991 1 
 38.2574  0.7177 -2.9230  0.1222  0.1845  0.0400  0.2749  0.1602 -0.0003  0.5668 1 
 52.3934  0.5199  1.2252  0.0415  0.0825  0.0129  0.0844  0.0384 -0.0003  0.0545 0 
 38.3581 -0.4910 -1.9140  0.0475  0.5155  0.0224  0.2290  0.0704 -0.0003  0.1985 0 
 46.7323 -0.5089  0.9189  0.0887  0.6960  0.0212  0.0869  0.0247 -0.0003  0.3309 0 
 43.7110  0.5093 -2.2161  0.0182  0.1761  0.0736  0.2652  0.0112 -0.0003  0.1255 0 
 52.2805 -0.0881 -0.7282  0.1460  0.3280  0.1579  0.5065  0.1141 -0.0003  0.7101 0 
 50.5501  0.1029  2.4515  0.1174  0.5535  0.2048  0.5108  0.0369 -0.0003  0.5262 0 
 44.2695 -0.6841  1.5986  0.0109  0.3817  0.0526  0.4846  0.0460 -0.0003  0.1890 0 
 41.7639  0.7262 -1.5555  0.0191  0.3893  0.0512  0.2685  0.0309 -0.0003  0.2141 0 
 48.2033 -0.3823  2.6117  0.0171  0.3978  0.0319  0.3447  0.0099 -0.0003  0.1571 0 
 41.1688  0.3760 -0.5310  0.0077  0.6015  0.0204  0.2695  0.0327  0.0554  0.1677 0 
 54.8989  0.4812 -0.7493  0.0354  0.4129  0.1054  0.3335  0.0449 -0.0003  0.2824 0 
 42.3499 -0.4894  2.4633  0.0174  0.3663  0.1681  0.3566  0.0102 -0.0003  0.2106 0 
 49.7475 -0.0482 -0.2325  0.0007  0.4361  0.2056  0.5129  0.2264 -0.0003  0.4188 0 
 47.0527  0.0412  2.9095  0.0156  0.2159  0.0218  0.2168  0.0087 -0.0003  0.0679 0 
 66.1875 -0.1938 -0.5345  0.2278  0.3268  0.0754  0.3585  0.2967  0.1001  0.9699 1 
 41.9471  0.2383  2.6036  0.1996  0.3250  0.0289  0.4022  0.1119 -0.0003  0.7088 1 
 43.7110 -0.0561 -0.1754  0.0021  0.5802  0.0359  0.3978  0.1202  0.1101  0.4212 0 
 38.1262  0.0221  2.9866  0.0024  0.2885  0.0511  0.4128  0.0043 -0.0003  0.1342 0 
 47.7119 -0.0760  1.8064  0.0572  0.1565  0.0316  0.1728  0.0015 -0.0003  0.1291 0 
 47.7058  0.0927 -1.3635  0.0167  0.5622  0.1743  0.5617  0.0104 -0.0003  0.2494 0 
 49.3660  0.0244  0.6832  0.0100  0.3239  0.1678  0.5139  0.0257  0.3344  0.4138 0 
 36.2463 -0.0519 -2.4920  0.0441  0.2968  0.0537  0.2791  0.0374 -0.0003  0.2552 0 
 41.5320  0.7137  1.3896  0.0079  0.1980  0.0985  0.4482  0.0048 -0.0003  0.1226 0 
 39.2615 -0.7268 -1.7713  0.0496  0.4660  0.0436  0.4095  0.0349  0.2565  0.6934 0 
 42.3407 -0.4456  2.4151  0.0461  0.4762  0.0155  0.2675  0.0988 -0.0003  0.1811 0 
 37.7295  0.4408 -0.7327  0.0360  0.3683  0.0337  0.4140  0.0491 -0.0003  0.2364 0 
 45.7435  0.4374  1.2485  0.0204  0.4259  0.0581  0.3931  0.0412 -0.0003  0.2247 0 
 40.2350 -0.4524 -1.8911  0.0170  0.3234  0.0253  0.4068  0.0361 -0.0003  0.1172 0 
 48.3253  0.5195 -0.1135  0.0117  0.3952  0.0475  0.4306  0.0104 -0.0003  0.1807 0 
 39.3866 -0.4590  3.0073  0.0619  0.3575  0.1034  0.2728  0.0904 -0.0003  0.4945 0 
 51.7586 -0.5216  0.3402  0.0074  0.5375  0.1007  0.3808  0.0311 -0.0003  0.2016 0 
 35.0408  0.5016 -2.7382  0.0255  0.2099  0.0523  0.1878  0.0876 -0.0003  0.1854 0 
 43.9429  0.7010 -1.1504  0.2759  0.1764  0.0580  0.3973  0.3257 -0.0003  0.9742 1 
 37.7691 -0.6776  2.0772  0.1246  0.2717  0.3247  0.6438  0.0818  1.1826  0.9831 1 
 48.1086 -0.1958  2.0683  0.1408  0.1693  0.0444  0.4743  0.2643 -0.0003  0.8124 1 
 36.5087  0.1699 -1.0857  0.5334  0.4422  0.0157  0.4642  0.5356 -0.0003  0.9972 1 
 46.8788 -0.7827 -2.3447  0.0029  0.1908  0.0366  0.3038  0.0136 -0.0003  0.0677 0 
 43.6896  0.7924  0.8550  0.0581  0.3274  0.0356  0.4421  0.1444 -0.0003  0.4643 0 
 45.4017 -0.3685 -1.7646  0.0517  0.1993  0.0840  0.5252  0.0988 -0.0003  0.3709 0 
 38.8708  0.3868  1.3786  0.0525  0.2105  0.0851  0.3650  0.0424 -0.0003  0.2509 0 
 45.7099  0.5218 -1.0083  0.0020  0.1698  0.0617  0.3932  0.0557 -0.0003  0.0919 0 
 44.5472 -0.5013  2.1271  0.0251  0.2537  0.1033  0.4399  0.0200 -0.0003  0.1874 0 
 48.2124 -0.1357  0.4489  0.0485  0.7024  0.1560  0.4309  0.0793 -0.0003  0.3972 0 
 43.0304  0.0481 -2.6948  0.0293  0.1571  0.1425  0.1332  0.0064 -0.0003  0.1575 0 
 37.8607  0.3354  0.7526  0.3360  0.4715  0.0618  0.4596  0.3391 -0.0003  0.9920 0 
 37.7386 -0.3373 -2.3982  0.0889  0.1734  0.0334  0.2300  0.1705 -0.0003  0.4120 0 
 68.2567 -0.4354 -0.6969  0.0401  0.1319  0.0967  0.1582  0.0060 -0.0003  0.1525 0 
 55.0423  0.4138  2.5984  0.0681  0.3650  0.0821  0.5000  0.0422 -0.0003  0.4062 0 
 49.4423  0.2618  0.8559  0.3006  0.7194  0.0420  0.2569  0.3730 -0.0003  0.9892 1 
 46.9917 -0.2598 -2.2922  0.3158  0.6345  0.0478  0.3036  0.2853 -0.0003  0.9831 1 
 45.7465  0.4498 -2.8234  0.0175  0.6060  0.1131  0.7863 -0.0009 -0.0003  0.2686 0 
 43.2044 -0.4167  0.3204  0.0261  0.4045  0.0653  0.3991  0.0486 -0.0003  0.2501 0 
 46.7994 -0.5936  0.2822  0.0982  0.1040  0.1836  0.3474  0.0974 -0.0003  0.3444 0 
 45.5329  0.5742 -2.8814  0.0078  0.1593  0.0303  0.2187  0.0187 -0.0003  0.0565 0 
 49.9001 -0.5317 -1.0926  0.0079  0.4288  0.0313  0.1708  0.0051 -0.0003  0.1868 0 
 49.3904  0.5465  2.0839  0.0126  0.0161  0.0174  0.1285  0.0053 -0.0003  0.0538 0 
 43.6072  0.4969 -1.6105  0.3662  0.4545  0.0962  0.1769  0.1747  0.5442  0.9985 1 
 37.5738 -0.5017  1.5492  0.4733  0.5739  0.0257  0.4145  0.4626 -0.0003  0.9966 1 
 46.1219  0.7326  0.5951  0.0396  0.3211  0.0950  0.1744  0.0046 -0.0003  0.3210 0 
 41.0681 -0.7295 -2.5246  0.0024  0.3796  0.0156  0.2697  0.0849 -0.0003  0.0762 0 
 49.3233  0.6976 -2.7149  0.0481  0.5881  0.0132  0.1713  0.0121 -0.0003  0.1644 0 
 48.6244 -0.6977  0.4241  0.0251  0.4434  0.0790  0.4299  0.1186 -0.0003  0.3365 0 
 52.3079  0.1981 -2.6700  0.0183  0.3632  0.0443  0.2532  0.0389 -0.0003  0.1759 0 
 49.1188 -0.1918  0.4256  0.0052  0.1809  0.0471  0.4288  0.0403 -0.0003  0.0947 0 
 44.0528 -0.4322  2.5242  0.0239  0.6732  0.0694  0.1765  0.0113  0.1900  0.6224 1 
 39.5178  0.3823 -0.5580  0.3554  0.2067  0.0389  0.3179  0.2762  0.1930  0.9906 1 
 50.0526 -0.2241  1.9527  0.0820  0.4101  0.0509  0.1707  0.1501 -0.0003  0.6473 0 
 44.7456  0.1905 -1.1990  0.2334  0.1237  0.0197  0.2197  0.1402 -0.0003  0.5703 0 
 55.7351  0.0498  2.9447  0.0375  0.4539  0.1848  0.3738  0.1180  0.1245  0.6258 0 
 44.2908 -0.0946 -0.1620  0.0368  0.8792  0.0383  0.4406  0.0445 -0.0003  0.3729 0 
 48.0415 -0.7339 -2.7530  0.0783  0.4745  0.0502  0.2157  0.0475 -0.0003  0.5311 0 
 46.0670  0.6964  0.4107  0.0231  0.3324  0.0818  0.3052  0.0014  0.2349  0.4186 0 
 45.8564 -0.6295  0.6361  0.0624  0.5597  0.0520  0.4802  0.0523 -0.0003  0.4536 0 
 30.3899  0.6165 -2.5384  0.0190  0.5699  0.0061  0.0978 -0.0001 -0.0003  0.1356 0 
 49.8054  0.2707  1.5481  0.0060  0.2333  0.0317  0.4273  0.0438 -0.0003  0.0887 0 
 44.8493 -0.2784 -1.5968  0.0411  0.1398  0.0197  0.1756  0.0378 -0.0003  0.0608 0 
 50.0160 -0.6681 -0.3915  0.0266  0.5118  0.0543  0.4695  0.1558  0.0658  0.5193 1 
 37.4243  0.6749  2.7325  0.1171  0.2640  0.0291  0.5071  0.2388 -0.0003  0.7702 1 
 47.2511  0.3150 -0.8979  0.0387  0.6482  0.0799  0.4331  0.0627 -0.0003  0.3447 0 
 41.0864 -0.3027  2.2403  0.0005  0.3462  0.0520  0.3146  0.0414 -0.0003  0.1300 0 
 51.6152 -0.1742 -2.3095  0.0189  0.1043  0.0251  0.1694  0.0064 -0.0003  0.0577 0 
 46.1219  0.1702  0.8440  0.0441  0.3206  0.0213  0.2615  0.0372 -0.0003  0.1297 0 
 44.8829  0.7616  0.3643  0.0638  0.3143  0.0144  0.3073  0.0473 -0.0003  0.1505 0 
 30.8629 -0.7322 -2.8104  0.0293  0.5351  0.0352  0.2435  0.0269 -0.0003  0.2322 0 
 52.8817 -0.3158  0.3050  0.0149  0.8521  0.1894  0.4629  0.1870  0.2265  0.7883 0 
 46.6468  0.2752 -2.7928  0.0057  0.2521  0.0244  0.3042  0.0936 -0.0003  0.0707 0 
 47.2908 -0.4599 -1.6311  0.0467  0.4496  0.1949  0.5630  0.0959 -0.0003  0.3802 0 
 46.8147  0.4541  1.5210  0.0597  0.4071  0.0948  0.4776  0.0527 -0.0003  0.3754 0 
 47.1839  0.2042 -0.8914  0.5599  0.3856  0.0423  0.1733  0.4085 -0.0003  0.9968 1 
 46.2257 -0.2232  2.2676  0.0115  0.1286  0.0442  0.5228  0.1583 -0.0003  0.1733 1 
 50.1534  0.6252  2.2183  0.0820  0.1597  0.0478  0.2559  0.1102 -0.0003  0.3175 0 
 46.5034 -0.6291 -0.9206  0.0042  0.3160  0.0289  0.1740  0.0339 -0.0003  0.1025 0 
 51.0628 -0.2408 -2.3319  0.6114  0.6180  0.0425  0.5945  0.4479 -0.0003  0.9943 1 
 32.1721  0.2917  0.8345  0.1924  0.3064  0.0410  0.3368  0.0836  0.3186  0.9864 1 
 50.9194 -0.6361  2.7254  0.0107  0.1391  0.0648  0.3399  0.0051 -0.0003  0.0923 0 
 45.0019  0.6360 -0.4313  0.0139  0.2156  0.0215  0.2632  0.1269  0.1754  0.4627 0 
 45.1789 -0.2988  2.8169  0.0221  0.5186  0.1202  1.0080  0.0560 -0.0003  0.4520 0 
 43.1006  0.3112 -0.3504  0.0221  0.3977  0.0653  0.2219  0.0331 -0.0003  0.2870 0 
 50.8583  0.6325  3.1321  0.0682  0.2454  0.0732  0.5951  0.2180 -0.0003  0.6740 1 
 46.4851 -0.6267 -0.0125  0.0680  0.4539  0.0540  0.6090  0.2007 -0.0003  0.7019 1 
 40.9430 -0.4700 -1.0785  0.0388  0.8401  0.0154  0.3149  0.0739 -0.0003  0.2481 0 
 39.8688  0.5034  2.0595  0.0157  0.1113  0.0664  0.2719  0.1064 -0.0003  0.1102 0 
 53.5164  0.7149  2.1953  0.1106  0.2326  0.1235  0.5455  0.0869 -0.0003  0.5649 1 
 48.3131 -0.7351 -0.8849  0.2406  0.4134  0.0482  0.3015  0.2766 -0.0003  0.9586 1 
 45.2644 -0.1109 -2.6335  0.1959  0.2488  0.0498  0.4818  0.1563  0.1886  0.9323 0 
 33.2433  0.1187  0.5125  0.0576  0.5169  0.0188  0.3813  0.1663  0.2296  0.8010 0 
 53.2113  0.4932  1.9897  0.0402  0.8092  0.0998  0.3361  0.0544 -0.0003  0.4052 0 
 39.3133 -0.4726 -1.2128  0.0132  0.1282  0.0393  0.4093  0.1658 -0.0003  0.1429 0 
 49.1859 -0.6288 -0.7497  0.2733  0.2097  0.0544  0.2572  0.2480  0.2511  0.9842 1 
 41.2970  0.6400  2.3523  0.2838  0.8154  0.0298  0.2244  0.2383 -0.0003  0.9645 1 
 47.7943  0.5931  2.8544  0.0099  0.4295  0.1951  0.3455  0.0201 -0.0003  0.2258 0 
 43.4669 -0.5917 -0.2875  0.0067  0.4467  0.0168  0.1328  0.0325 -0.0003  0.1202 0 
 46.0609 -0.1897  2.3494  0.0293  0.6813  0.1130  0.8285  0.0308 -0.0003  0.3312 0 
 40.1862  0.2040 -0.7907  0.0193  0.7269  0.0235  0.4521  0.0964 -0.0003  0.2529 0 
 47.2511 -0.0441 -2.3103  0.0084  0.6983  0.1376  0.8663  0.0392 -0.0003  0.2961 0 
 39.5819  0.0273  0.8022  0.1319  0.2499  0.0724  0.4086  0.1783 -0.0003  0.7844 0 
 47.2786  0.5353 -2.6079  0.0144  0.0852  0.0461  0.3465  0.0916 -0.0003  0.0810 0 
 42.9725 -0.5341  0.5096  0.0467  0.2171  0.0573  0.4441  0.1904 -0.0003  0.4195 0 
 46.1738 -0.5412  0.3774  0.3735  0.5374  0.0612  0.4358  0.4265 -0.0003  0.9960 1 
 34.1344  0.5603 -2.8244  0.0509  0.3636  0.0478  0.2838  0.0240  0.3120  0.8034 1 
 49.7871 -0.3436  0.7959  0.1980  0.5681  0.0669  0.2137  0.0920 -0.0003  0.8838 1 
 41.7151  0.3526 -2.3417  0.2596  0.6606  0.0297  0.4028  0.2056 -0.0003  0.9242 1 
 46.5370  0.1841  0.3230  0.0000  0.0147  0.0514  0.1305  0.0120 -0.0003  0.0818 0 
 44.4465 -0.2227 -2.8237  0.0294  0.3813  0.0352  0.3961  0.1495 -0.0003  0.3326 0 
 44.1199  0.2229 -0.8854  0.1266  0.3333  0.0903  0.4851  0.1280 -0.0003  0.7267 0 
 37.0001 -0.2141  2.2389  0.0114  0.3875  0.0641  0.4163  0.0112 -0.0003  0.1814 0 
 33.2311 -0.8733  2.4851  0.0159  0.4400  0.0347  0.4290  0.0204  0.3289  0.8056 0 
 23.3310 -0.2109 -0.7100  0.0555  0.3544  0.0489  0.2121  0.0016 -0.0003  0.3457 0 
 50.1717  0.6888  2.3705  0.3375  0.5745  0.0559  0.3839  0.2748 -0.0003  0.9836 1 
 49.6193 -0.6811 -0.7726  0.2459  0.7735  0.0752  0.3849  0.2145 -0.0003  0.9766 1 
 51.5511 -0.4131 -1.4080  0.0463  0.2616  0.0557  0.3388  0.0204 -0.0003  0.2367 0 
 42.4903  0.4187  1.7557  0.0018  0.6437  0.0356  0.3118  0.1537 -0.0003  0.2607 0 
 48.9967 -0.4992 -2.3532  0.0034  0.3034  0.0782  0.5149  0.0482 -0.0003  0.1616 1 
 41.3336  0.5143  0.7745  0.2035  0.5030  0.0346  0.3141  0.2580  0.0449  0.9226 1 
 55.5184  0.2396  2.6296  0.0045  0.1727  0.0283  0.1247  0.0106 -0.0003  0.0787 0 
 36.2799 -0.2614 -0.4908  0.1242  0.2426  0.1190  0.5115  0.1498 -0.0003  0.7569 0 
 47.1534  0.5505 -1.2709  0.3734  0.5371  0.0525  0.6067  0.5675 -0.0003  0.9974 1 
 41.9623 -0.5455  1.8982  0.0350  0.7357  0.1397  0.4916  0.1451 -0.0003  0.5006 1 
 49.1005 -0.6269 -1.9566  0.1094  0.1801  0.0880  0.3860  0.1647 -0.0003  0.6509 0 
 47.8096  0.6002  1.1396  0.0486  0.0975  0.0940  0.3023  0.0670 -0.0003  0.1258 0 
 52.1553  0.4282 -0.6330  0.0175  0.6976  0.0794  0.8024  0.0506 -0.0003  0.3164 0 
 50.1015 -0.4225  2.5253  0.1749  0.7098  0.1223  0.1707  0.0870 -0.0003  0.9138 0 
 50.0801 -0.2761 -0.8652  0.0030  0.5894  0.1825  0.8534  0.0026 -0.0003  0.2659 0 
 46.3233  0.2498  2.3191  0.0498  0.4123  0.0470  0.2612  0.0281 -0.0003  0.3303 0 
 53.7179  0.0681  0.4720  0.0358  0.5122  0.0710  0.2934  0.0167 -0.0003  0.3071 0 
 45.6794 -0.0497 -2.7163  0.0034  0.0803  0.0360  0.3933  0.0118 -0.0003  0.0610 0 
 49.0211 -0.1272 -2.7624  0.0067  0.2530  0.1552  0.2575  0.0118 -0.0003  0.1576 0 
 45.0843  0.1625  0.4115  0.0423  0.1598  0.0671  0.1316  0.0034 -0.0003  0.1964 0 
 50.4982 -0.1483  1.7327  0.0030  0.1335  0.0074  0.2555  0.0627 -0.0003  0.0318 0 
 49.6498  0.1567 -1.4087  0.0495  0.1810  0.0712  0.2138  0.0872 -0.0003  0.2719 0 
 46.7720 -0.1821  3.0154  0.2332  0.2240  0.0778  0.2606  0.1143 -0.0003  0.7964 1 
 22.8672  0.2042 -0.1488  0.1404  0.5791  0.0299  0.3735  0.0631 -0.0003  0.6852 1 
 47.5013 -0.5397  2.9048  0.0184  0.2269  0.1399  0.5191  0.0229 -0.0003  0.1892 0 
 44.0742  0.5307 -0.2387  0.0230  0.5407  0.1058  0.3529  0.0158 -0.0003  0.2314 0 
 45.3681 -0.1319 -1.5696  0.0805  0.7283  0.0785  0.6567  0.1530 -0.0003  0.7602 0 
 35.7916  0.1763  1.5290  0.0021  0.3587  0.0339  0.3268  0.0860 -0.0003  0.1060 0 
 50.8888 -0.5464  0.0768  0.0374  0.0737  0.2168  0.2975  0.0406 -0.0003  0.0729 0 
 46.1646  0.5511 -3.0978  0.0495  0.1150  0.0858  0.2615  0.0019  0.2520  0.3145 0 
 44.3824 -0.7323  1.4144  0.0796  0.2123  0.0183  0.2201  0.1323 -0.0003  0.2417 0 
 43.1739  0.7347 -1.6733  0.0400  0.6098  0.0927  0.2661  0.0096 -0.0003  0.2937 0 
 47.5380 -0.7142  1.5858  0.0045  0.4793  0.1219  0.7784  0.0522 -0.0003  0.2703 0 
 46.4027  0.7071 -1.5319  0.0992  0.2052  0.0215  0.3481  0.1812 -0.0003  0.4554 0 
 53.4249  0.2302  1.3956  0.2313  0.5413  0.0759  0.3358  0.2636 -0.0003  0.9793 0 
 50.0771 -0.2172 -1.7622  0.2004  0.4626  0.0551  0.2987  0.2481 -0.0003  0.9465 0 
 49.2958  0.5326  1.6786  0.0186  0.1379  0.0314  0.2571  0.0076  0.1094  0.1832 0 
 42.5208 -0.5301 -1.4707  0.0256  0.5508  0.0276  0.5789  0.0677 -0.0003  0.3147 0 
 42.6429  0.6059  2.9230  0.0384  0.0725  0.0352  0.2670  0.0212 -0.0003  0.0642 0 
 40.6928 -0.6159 -0.2345  0.0255  0.2422  0.0308  0.2253  0.0361 -0.0003  0.0981 0 
 50.2724  0.5736  0.8156  0.2294  0.1159  0.0389  0.3837  0.2184 -0.0003  0.8385 0 
 33.0144 -0.5539 -2.3131  0.0189  0.7106  0.0228  0.3343  0.0285  0.0815  0.2982 0 
 54.1482  0.0406  0.0225  0.0001  0.1339  0.0211  0.2928  0.0445 -0.0003  0.0376 0 
 42.5208 -0.0223 -3.0825  0.0126  0.4896  0.0330  0.3117  0.0143  0.0423  0.2390 0 
 56.9467  0.3149  0.3747  0.0090  0.3642  0.0240  0.3305  0.0709 -0.0003  0.0915 0 
 49.7261 -0.3220 -2.7783  0.0136  0.3753  0.0432  0.2565  0.0300 -0.0003  0.1655 0 
 53.7331  0.5121 -0.6535  0.0262  0.3679  0.1512  0.4611  0.0563 -0.0003  0.2616 0 
 53.0190 -0.4731  2.4527  0.0067  0.4393  0.0246  0.2524  0.0436 -0.0003  0.1013 0 
 48.7282 -0.7749 -1.1616  0.0246  0.4570  0.0290  0.3008  0.0346 -0.0003  0.1601 0 
 46.8666  0.7807  1.9257  0.0320  0.1131  0.0634  0.3039  0.1131  0.1535  0.3227 0 
 51.3924 -0.6757 -1.7620  0.0526  0.5823  0.1848  0.5935  0.0963 -0.0003  0.3893 0 
 41.8189  0.6689  1.4181  0.0999  0.4479  0.0231  0.2684  0.1540 -0.0003  0.5142 0 
 49.8634 -0.5979 -2.0357  0.0042  0.3552  0.1394  0.5126  0.0336  0.1107  0.2735 0 
 34.2077  0.6547  1.0682  0.0034  0.0935  0.0938  0.3309  0.0610 -0.0003  0.0677 0 
 51.4565 -0.3820  1.7570  0.0196  0.6437  0.0521  0.2119  0.0263  0.3360  0.9048 0 
 34.1222  0.3771 -1.4149  0.0397  0.4557  0.0478  0.5204  0.1122 -0.0003  0.4248 0 
 52.7016  0.5452  1.9998  0.1692  0.3425  0.0451  0.2949  0.3292 -0.0003  0.9207 0 
 40.4273 -0.5154 -1.1809  0.1626  0.2362  0.0276  0.3160  0.1512 -0.0003  0.6540 0 
 44.4862 -0.1346 -1.2158  0.0535  0.5136  0.0967  0.6161  0.1119 -0.0003  0.4684 0 
 43.2532  0.1203  1.9427  0.0113  0.3037  0.0749  0.3990  0.1675  0.0577  0.3672 0 
 50.0099 -0.3925 -2.7807  0.0366  0.2927  0.0978  0.4695  0.0411 -0.0003  0.2625 0 
 44.0742  0.4227  0.2987  0.0078  0.3140  0.0832  0.4852  0.0208  0.0907  0.2290 0 
 49.2531 -0.4050 -2.8698  0.0793  0.5922  0.0976  0.3428  0.0735 -0.0003  0.5259 0 
 48.3131  0.4282  0.2725  0.0809  0.3733  0.0468  0.3445  0.0688 -0.0003  0.4788 0 
 45.6397 -0.6400  2.4645  0.0574  0.1702  0.0435  0.3934  0.0295  0.0229  0.2327 0 
 42.7588  0.6259 -0.6914  0.0652  0.3261  0.0223  0.2668  0.1767 -0.0003  0.3561 0 
 56.0647 -0.0595  0.8799  0.0137  0.6969  0.0316  0.3733  0.0156  0.1465  0.4208 0 
 49.7139  0.0613 -2.2737  0.0262  0.3444  0.2204  0.6413  0.0452 -0.0003  0.3221 0 
 44.4617 -0.1363  0.4544  0.2510  0.5188  0.0545  0.4841  0.4661 -0.0003  0.9951 1 
 43.3509  0.1334 -2.7535  0.0703  0.2987  0.0481  0.3101  0.0604  0.4812  0.9892 1 
 54.6395  0.6922  2.4352  0.0038  0.3254  0.0850  0.4174  0.0289  0.1332  0.2488 0 
 43.4424 -0.6942 -0.6957  0.0903  0.3530  0.0189  0.3542  0.1028 -0.0003  0.3815 0 
 43.5248  0.5577 -1.1804  0.0055  0.4590  0.0115  0.1770  0.1004 -0.0003  0.1111 0 
 40.1923 -0.5369  2.0061  0.0069  0.0320  0.0361  0.2260  0.0352 -0.0003  0.0513 0 
 49.8604 -0.7472 -0.4991  0.0056  0.6512  0.0125  0.3418  0.0327 -0.0003  0.0983 0 
 44.1535  0.7460  2.6256  0.0089  0.7360  0.0661  0.4409  0.0234 -0.0003  0.2244 0 
 41.6205 -0.3621 -0.4026  0.1191  0.1979  0.1265  0.5823  0.1060 -0.0003  0.6531 0 
 40.1556  0.3518  2.7533  0.0110  0.4926  0.0189  0.2713  0.0191 -0.0003  0.1082 0 
 59.9496 -0.3108 -1.1769  0.0876  0.2759  0.0316  0.0816  0.1254 -0.0003  0.3620 0 
 40.6928  0.3288  2.0052  0.0725  0.4570  0.0162  0.2704  0.0933 -0.0003  0.2523 0 
 46.3630  0.2987 -0.9171  0.0313  0.1985  0.0480  0.5224  0.0921 -0.0003  0.2465 0 
 42.4872 -0.2678  2.2381  0.0284  0.1050  0.0527  0.2227  0.1011 -0.0003  0.1111 0 
 52.6284  0.5886  0.6483  0.0064  0.1424  0.0630  0.4214  0.0109 -0.0003  0.0928 0 
 47.9225 -0.6238 -2.5378  0.0202  0.1979  0.0282  0.1726  0.0026 -0.0003  0.0931 0 
 47.7943  0.3277 -1.2311  0.0192  0.4206  0.0329  0.3023  0.0693 -0.0003  0.1566 0 
 42.3468 -0.3557  1.9638  0.0056  0.3432  0.1471  0.4904  0.1568 -0.0003  0.2923 0 
 47.5807  0.7119  0.5664  0.0623  0.7044  0.0221  0.2162  0.0380 -0.0003  0.2748 0 
 36.0723 -0.7146 -2.5915  0.0701  0.5654  0.0255  0.1863  0.0401 -0.0003  0.2830 0 
 48.5817  0.0910 -1.2793  0.0124  0.1930  0.0466  0.3010  0.0204 -0.0003  0.0925 0 
 42.2797 -0.1021  1.8861  0.0006  0.3598  0.0617  0.4014  0.0645 -0.0003  0.1508 0 
 43.3204 -0.6235  2.0360  0.2937  0.5950  0.0396  0.4874  0.5543  0.1424  0.9973 1 
 37.4670  0.6304 -1.0876  0.1442  0.5129  0.0504  0.4148  0.1573  0.3961  0.9961 1 
 49.0242  0.5308  1.6832  0.2032  0.2264  0.0301  0.4291  0.1932 -0.0003  0.8362 1 
 45.6733 -0.5296 -1.4558  0.5328  0.6139  0.0540  0.4370  0.4639 -0.0003  0.9971 1 
 39.3805  0.3446  2.0064  0.1530  0.3530  0.0253  0.0909  0.0838  0.0979  0.6650 0 
 37.3571 -0.3454 -1.1206  0.1617  0.5465  0.0150  0.2306  0.2144 -0.0003  0.6830 0 
 50.0526 -0.4093  1.2642  0.0130  0.1905  0.0315  0.2561  0.0427 -0.0003  0.0627 0 
 40.5890  0.3996 -1.8882  0.0166  0.1894  0.1601  0.3156  0.0620 -0.0003  0.1530 0 
 60.0259  0.1366 -2.3828  0.0893  0.1958  0.0200  0.2447  0.0273 -0.0003  0.1584 0 
 42.4323 -0.1198  0.7783  0.2132  0.4753  0.0359  0.4456  0.3066  0.1610  0.9684 0 
 69.7948  0.3881  2.5778  0.0277  0.2400  0.0282  0.2360  0.1787 -0.0003  0.2510 0 
 23.7369 -0.3573 -0.5898  0.1923  0.4155  0.0191  0.3164  0.2291  0.2073  0.9687 0 
 46.5583  0.4487  0.7328  0.0529  0.1751  0.0417  0.3479  0.0587 -0.0003  0.1751 0 
 45.2857 -0.4536 -2.3915  0.0267  0.1548  0.0471  0.2190  0.0059 -0.0003  0.1049 0 
 46.4759 -0.2990  1.5142  0.0479  0.5041  0.0717  0.2610  0.1428 -0.0003  0.6245 0 
 46.2928  0.2774 -1.6385  0.0677  0.1527  0.1257  0.3919  0.1562 -0.0003  0.4544 0 
 50.1106 -0.5891 -0.7261  0.0696  0.0911  0.3227  0.3413  0.0449 -0.0003  0.1939 0 
 44.2695  0.5868  2.4519  0.0031  0.5717  0.0519  0.3965  0.0251 -0.0003  0.1740 0 
 50.2876  0.5676  1.3215  0.0086  0.1152  0.0467  0.2984  0.0047 -0.0003  0.0725 0 
 40.0488 -0.5428 -1.7841  0.0171  0.0374  0.0428  0.1358  0.1516 -0.0003  0.1142 0 
 49.7078  0.6879  1.6486  0.0009  0.6171  0.0281  0.3420  0.0268 -0.0003  0.1272 0 
 40.7568 -0.6900 -1.4849  0.0365  0.4715  0.0334  0.4054  0.0200 -0.0003  0.2666 0 
 55.8846 -0.5616  2.2924  0.0949  0.1292  0.0394  0.2076  0.0585 -0.0003  0.1917 0 
 46.4668  0.5546 -0.8296  0.0622  0.4233  0.0222  0.1740  0.0512 -0.0003  0.1977 0 
 48.6366  0.4384  2.7144  0.0024  0.1229  0.0500  0.5589  0.1093 -0.0003  0.1311 0 
 45.5146 -0.4371 -0.4254  0.0435  0.2640  0.0052  0.2187  0.0145 -0.0003  0.0774 0 
 45.2003 -0.5590 -2.4245  0.4828  0.2194  0.0526  0.3068  0.2961 -0.0003  0.9880 1 
 43.0335  0.5230  0.7260  0.3796  0.5694  0.2880  0.5327  0.1961 -0.0003  0.9905 1 
 46.2745  0.1366 -2.9885  0.1022  0.2290  0.1241  0.6097  0.1132 -0.0003  0.6563 0 
 46.1799 -0.1324  0.1458  0.0666  0.3394  0.0219  0.4358  0.0081 -0.0003  0.3020 0 
 44.7913  0.6650 -2.3219  0.0212  0.3759  0.0233  0.2196  0.0655 -0.0003  0.1184 0 
 43.7446 -0.6722  0.8400  0.1235  0.0735  0.0205  0.3978  0.0900 -0.0003  0.2328 0 
 41.2787 -0.1353 -1.1160  0.4771  0.6123  0.2676  0.6733  0.2213 -0.0003  0.9924 1 
 39.8016  0.0773  1.9695  0.1511  0.5569  0.0233  0.5893  0.1378 -0.0003  0.8526 1 
 57.1908 -0.5865  2.6716  0.0384  0.0660  0.1398  0.3302  0.1491 -0.0003  0.1392 0 
 54.4991  0.5829 -0.4603  0.1482  0.2371  0.0398  0.4595  0.1408 -0.0003  0.7197 0 
 42.2766 -0.7614 -0.9509  0.0243  0.4746  0.0379  0.3568  0.0091 -0.0003  0.2263 0 
 41.5534  0.7684  2.1782  0.0192  0.3362  0.0226  0.3585  0.0930  0.0981  0.3300 0 
 47.0039  0.2570  2.4919  0.0701  0.2409  0.0242  0.4337 -0.0200 -0.0003  0.2697 0 
 41.3123 -0.2782 -0.6629  0.0000  0.0331  0.0605  0.2693  0.0005 -0.0003  0.0731 0 
 51.5663  0.3868 -3.0644  0.0308  0.4523  0.2206  0.7624  0.0612 -0.0003  0.3893 0 
 40.5158 -0.3972  0.0566  0.0177  0.3249  0.0345  0.3158  0.0112 -0.0003  0.1366 0 
 43.7018 -0.1169  0.1468  0.1973  0.2134  0.0316  0.2211  0.0956 -0.0003  0.5769 1 
 35.6512  0.1151 -2.9917  0.3653  0.6325  0.0171  0.5608  0.3493  0.0944  0.9912 1 
 44.1382 -0.0481  0.8318  0.0169  0.5114  0.0240  0.3087  0.0230 -0.0003  0.1371 0 
 37.0123  0.0585 -2.2708  0.0021  0.1242  0.0591  0.1850  0.0135 -0.0003  0.0857 0 
 49.0578 -0.6238  2.4536  0.0988  0.4796  0.0868  0.6005  0.0389 -0.0003  0.5048 0 
 41.3886  0.6297 -0.7620  0.0158  0.2586  0.0612  0.2691  0.0078 -0.0003  0.1669 0 
 51.3100 -0.4603  0.3605  0.0156  0.5299  0.2058  0.3817  0.0794 -0.0003  0.3031 0 
 38.3124  0.4807 -2.8524  0.0351  0.1973  0.0117  0.1374  0.0098 -0.0003  0.0795 0 
 52.7718 -0.5669 -1.9025  0.0205  0.4341  0.1757  0.3369  0.0239 -0.0003  0.2433 0 
 48.8930  0.5777  1.2840  0.0279  0.0762  0.0700  0.3005  0.0296 -0.0003  0.0812 0 
 53.9132  0.5768  2.0648  0.0742  0.6661  0.1103  0.3769  0.0643 -0.0003  0.4737 0 
 45.2094 -0.5857 -1.1843  0.0891  0.5129  0.0257  0.4382  0.0264 -0.0003  0.5155 0 
 50.3120 -0.5853 -1.1499  0.0439  0.2921  0.0312  0.2557  0.0611 -0.0003  0.1674 0 
 42.4567  0.5943  1.9979  0.0630  0.2317  0.0235  0.2673  0.0175 -0.0003  0.1485 0 
 47.5837 -0.2572 -2.4072  0.0736  0.4536  0.1632  0.6918  0.1098 -0.0003  0.5831 0 
 38.4375  0.2820  0.7318  0.0287  0.5326  0.0209  0.3203  0.1028  0.0622  0.3205 0 
 47.1687  0.1523  1.4223  0.0312  0.4392  0.0527  0.1300  0.0013 -0.0003  0.3805 0 
 41.3672 -0.1425 -1.7660  0.0678  0.1566  0.0280  0.1794  0.0516 -0.0003  0.1278 0 
 48.2551  0.1943  1.0646  0.1645  0.5575  0.0287  0.4739  0.0678 -0.0003  0.7415 1 
 41.0193 -0.2403 -2.1045  0.1570  0.6916  0.0514  0.3597  0.1713 -0.0003  0.9193 1 
 29.4957 -0.6042  2.1826  0.0561  0.6605  0.0826  0.4441  0.2058 -0.0003  0.7277 1 
 28.0949  0.6021 -0.9241  0.0992  0.7643  0.0156  0.3004  0.4913  0.0665  0.9115 1 
 44.6632  0.4704  1.2996  0.0042  0.6943  0.0322  0.3517  0.0185 -0.0003  0.1632 0 
 43.4119 -0.5210 -1.8592  0.0136  0.5044  0.0592  0.5315  0.0080 -0.0003  0.1987 0 
 53.0709  0.5373 -0.6102  0.0031  0.0937  0.0428  0.2943  0.0270 -0.0003  0.0563 0 
 50.2907 -0.5478  2.5583  0.0254  0.4187  0.1571  0.4263  0.0765 -0.0003  0.2831 0 
 47.2267 -0.1470 -2.9457  0.0031  0.3676  0.1072  0.6931  0.0163 -0.0003  0.2122 0 
 37.5463  0.1706  0.2009  0.0699  0.1339  0.0239  0.0461  0.0001 -0.0003  0.1720 0 
 54.4015  0.3985 -3.1185  0.2108  0.6929  0.2406  0.6268  0.2039 -0.0003  0.9614 1 
 37.5708 -0.4149 -0.0093  0.1877  0.2579  0.0271  0.3684  0.2514 -0.0003  0.8470 1 
 46.5980 -0.4655 -2.0665  0.0259  0.3397  0.1185  0.5651  0.0811 -0.0003  0.3043 0 
 45.6092  0.4750  1.0666  0.0801  0.4511  0.1171  0.5246  0.0235  0.5361  0.8617 0 
 48.4688  0.3110 -0.9079  0.2817  0.4195  0.0954  0.6885  0.5733 -0.0003  0.9984 1 
 38.2635 -0.2833  2.2032  0.0377  0.3961  0.0719  0.5499  0.0152  0.1803  0.4883 1 
 44.4617 -0.0088 -1.4849  0.0680  0.6847  0.0807  0.7922  0.1479 -0.0003  0.7208 0 
 28.8334 -0.0153  1.7136  0.1546  0.1482  0.0598  0.3478  0.0872 -0.0003  0.5071 0 
 46.9032 -0.3257 -1.5724  0.8116  0.3625  0.0786  0.7378 -0.0200 -0.0003  0.9905 1 
 40.3174  0.3345  1.6200  0.4244  0.1959  0.1145  0.5421  0.2318  0.2984  0.9967 1 
 59.6780 -0.2292  1.9201  0.0066  0.3104  0.0120  0.2450  0.0102 -0.0003  0.0621 0 
 47.3976  0.2245 -1.2209  0.0352  0.0906  0.0311  0.3895  0.1281 -0.0003  0.1230 0 
 55.9121  0.5094  1.6840  0.0169  0.1607  0.0499  0.2075  0.0623 -0.0003  0.0955 0 
 45.7221 -0.5101 -1.4581  0.0237  0.3817  0.0306  0.2184  0.0970 -0.0003  0.1735 0 
 48.3314  0.4807 -1.7220  0.0687  0.2532  0.0365  0.3014  0.0224 -0.0003  0.2404 0 
 48.2002 -0.4514  1.4493  0.0291  0.8199  0.0486  0.3878  0.0816 -0.0003  0.3988 0 
 58.1582  0.7522  2.6714  0.0544  0.1304  0.1260  0.2877  0.0724 -0.0003  0.1918 0 
 34.1039 -0.7614 -0.4878  0.0839  0.3637  0.0386  0.2839  0.0727 -0.0003  0.4323 0 
 46.1433 -0.0413 -0.0322  0.0335  0.2582  0.0420  0.3923  0.0392 -0.0003  0.1821 0 
 45.8015  0.0253  3.1264  0.0901  0.3656  0.0966  0.2184  0.0173 -0.0003  0.5100 0 
 45.2247  0.5366 -1.5704  0.0849  0.5652  0.0292  0.5696  0.2359  0.0132  0.8286 0 
 44.8218 -0.6034  1.5625  0.1523  0.3132  0.2146  0.4392  0.0356 -0.0003  0.5804 0 
 44.5014 -0.7272 -2.1193  0.0333  0.3518  0.0394  0.3960  0.0411 -0.0003  0.2244 0 
 39.6887  0.7330  0.9875  0.0018  0.6880  0.0514  0.4991  0.1111 -0.0003  0.2601 0 
 45.6184  0.3437 -1.6015  0.0094  0.1729  0.0267  0.3934  0.0571 -0.0003  0.0663 0 
 44.0497 -0.3486  1.4970  0.0196  0.5464  0.1645  0.6177  0.0004 -0.0003  0.2520 0 
 51.3802  0.5842  1.8138  0.2359  0.0750  0.0467  0.3816  0.2105 -0.0003  0.8086 0 
 42.7314 -0.5805 -1.3098  0.2478  0.2945  0.0212  0.2668  0.3250 -0.0003  0.9082 0 
 48.4688  0.5602 -2.3322  0.0492  0.4258  0.0425  0.5594  0.0926 -0.0003  0.4518 0 
 46.5675 -0.5673  0.7724  0.0630  0.0433  0.0447  0.1739  0.0516 -0.0003  0.0814 0 
 47.6356 -0.1943 -0.5063  0.0237  0.2143  0.1802  0.3458  0.0222 -0.0003  0.1767 0 
 41.9348  0.1681  2.6211  0.2477  0.4947  0.0242  0.4023  0.3550  0.1057  0.9726 0 
 53.2296 -0.0197  1.0615  0.0056  0.7026  0.1391  0.4202  0.1133 -0.0003  0.3358 0 
 39.4324  0.0559 -2.0847  0.0379  0.3495  0.0446  0.2727  0.0230 -0.0003  0.2378 0 
 52.1126 -0.7030 -2.4258  0.0869  0.1490  0.2013  0.3379  0.0960 -0.0003  0.4041 0 
 45.1362  0.7063  0.6848  0.0225  0.2683  0.0403  0.1315  0.0012 -0.0003  0.2125 0 
 53.6233 -0.6652 -1.4280  0.0202  0.5712  0.0474  0.2516  0.0289 -0.0003  0.2760 0 
 48.4718  0.6427  1.7254  0.0119  0.2679  0.0283  0.3012  0.0683 -0.0003  0.0808 0 
 46.5644 -0.1448  0.2388  0.1556  0.6591  0.1028  0.5218  0.1096 -0.0003  0.8233 1 
 44.5136  0.1240 -2.9241  0.5113  0.2051  0.0753  0.1320  0.3469 -0.0003  0.9892 1 
 37.4548  0.1979  0.0036  0.0123  0.6157  0.0053  0.2765  0.1299 -0.0003  0.1321 0 
 24.3687 -0.2021  3.1321  0.0123  0.0235  0.0204  0.1046  0.0042 -0.0003  0.0619 0 
 49.5674  0.5035  3.0169  0.0048  0.0622  0.0800  0.4278  0.0147 -0.0003  0.0643 0 
 48.6427 -0.5219 -0.1228  0.0216  0.2662  0.2038  0.5159  0.0694 -0.0003  0.2702 0 
 42.0722  0.6529  1.4520  0.0740  0.6114  0.0261  0.4466  0.0353  0.1783  0.6757 1 
 38.6633 -0.6460 -1.6799  0.3170  0.0659  0.0478  0.2285  0.3762  0.1879  0.9784 1 
 45.9480  0.5255  2.9209  0.0661  0.1460  0.0252  0.1309  0.0090 -0.0003  0.1228 0 
 40.0671 -0.5229 -0.2347  0.0404  0.1324  0.0201  0.0905  0.0141 -0.0003  0.0839 0 
 50.7729 -0.4325 -0.0154  0.1152  0.7984  0.0783  0.3402  0.0602 -0.0003  0.7964 1 
 31.6320  0.4168  3.1273  0.2356  0.4438  0.0407  0.2901  0.2487 -0.0003  0.9351 1 
 44.1413 -0.3189 -0.4702  0.8706  0.5959  0.0426  0.5291  0.6754 -0.0003  0.9979 1 
 41.2207  0.3198  2.6532  0.1515  0.0606  0.0543  0.1796  0.1660 -0.0003  0.4369 1 
 47.7668 -0.7732  0.4847  0.0112  0.0656  0.0351  0.2160  0.0381 -0.0003  0.0514 0 
 38.5046  0.7682 -2.7417  0.0342  0.0456  0.0291  0.1372  0.0080 -0.0003  0.0658 0 
 54.2977 -0.5697  2.9172  0.0066  0.3183  0.0552  0.2509  0.0298 -0.0003  0.1578 0 
 45.5787  0.5734 -0.1587  0.0024  0.4589  0.0298  0.3498  0.0543 -0.0003  0.1080 0 
 48.1025 -0.7909  2.9083  0.0017  0.4082  0.0394  0.2587  0.1031  0.1777  0.4772 0 
 42.9694  0.7706 -0.2517  0.0018  0.4068  0.0217  0.3997  0.0191 -0.0003  0.0931 0 
 46.5339  0.1621 -1.2931  0.1073  0.3374  0.0784  0.2609  0.0912 -0.0003  0.6338 1 
 43.5004 -0.1553  1.8519  0.1052  0.4264  0.0295  0.2656  0.0601  0.0835  0.6362 1 
 49.6803  0.6396  2.3977  0.0515  0.1978  0.0539  0.5131  0.0237 -0.0003  0.2635 0 
 45.6062 -0.6372 -0.7230  0.0070  0.0268  0.0007  0.1312  0.0383 -0.0003  0.0355 0 
 39.9237 -0.0725  1.1852  0.0423  0.3722  0.0886  0.3624  0.0099 -0.0003  0.2680 0 
 37.4914  0.0741 -1.9439  0.0446  0.5480  0.0435  0.3225  0.0524 -0.0003  0.3656 0 
 61.5763 -0.2015  2.3447  0.0387  0.2564  0.0827  0.4053  0.0804 -0.0003  0.2845 0 
 47.3396  0.1885 -0.7747  0.0312  0.5220  0.0698  0.6494  0.0832 -0.0003  0.3519 0 
 55.9213 -0.1418 -2.7972  0.0855  0.1323  0.0580  0.2490  0.1209 -0.0003  0.3277 0 
 38.8190  0.1702  0.3618  0.0103  0.1315  0.0155  0.2738  0.0684 -0.0003  0.0396 0 
 49.5338  0.7122 -0.6747  0.0026  0.4240  0.0556  0.2568  0.0386 -0.0003  0.1882 0 
 48.4962 -0.6967  2.4426  0.0160  0.2075  0.0618  0.3012  0.0197 -0.0003  0.1272 0 
 54.8959 -0.3933  0.6495  0.0118  0.2656  0.0238  0.1668  0.0508 -0.0003  0.0876 0 
 48.0781  0.4089 -2.4844  0.0025  0.5046  0.3789  0.4312  0.0159 -0.0003  0.2109 0 
 48.8258  0.4036 -0.8394  0.0297  0.6236  0.1104  0.4725  0.0087  0.3798  0.6300 1 
 40.9339 -0.3789  2.3295  0.1855  0.4509  0.0620  0.4949  0.1059 -0.0003  0.8141 1 
 36.9787 -0.7989 -2.5233  0.0340  0.2513  0.0664  0.3238  0.0861  0.2398  0.5391 0 
 32.5078  0.7009  0.5612  0.0078  0.4897  0.0276  0.3837  0.0362 -0.0003  0.1279 0 
 51.4046  0.5429  0.2024  0.0968  0.4325  0.1652  0.3815  0.0681 -0.0003  0.4762 0 
 47.1473 -0.5641 -2.9725  0.0471  0.4398  0.1669  0.3901  0.0307 -0.0003  0.3032 0 
 47.9683  0.4876  2.7992  0.0287  0.2216  0.0289  0.4314  0.1094 -0.0003  0.1806 0 
 37.7142 -0.4439 -0.3304  0.0042  0.2274  0.0581  0.5521  0.1049 -0.0003  0.1809 0 
 47.8004  0.7478  2.4531  0.0145  0.2779  0.0479  0.4750  0.1501 -0.0003  0.2569 0 
 46.8696 -0.7447 -0.6579  0.0316  0.2278  0.0824  0.3907  0.0717 -0.0003  0.2221 0 
 45.1576 -0.7318  2.7609  0.0558  0.0797  0.0562  0.3068  0.0324 -0.0003  0.0983 0 
 42.3102  0.7251 -0.3317  0.0586  0.6426  0.0249  0.2230  0.1025 -0.0003  0.3179 0 
 38.9349  0.1882 -2.8827  0.0101  0.2969  0.0636  0.4104  0.0132  0.1698  0.2859 0 
 37.6989 -0.2399  0.1571  0.0075  0.5295  0.0425  0.4141  0.0345 -0.0003  0.1750 0 
 51.2337 -0.4046  0.6582  0.2085  0.2982  0.0917  0.5091  0.2899 -0.0003  0.9733 1 
 37.9095  0.3595 -2.4591  0.0945  0.6059  0.0259  0.3675  0.2691 -0.0003  0.7930 1 
 36.8658  0.0571 -1.0262  0.0033  0.5782  0.0788  0.4629  0.1425 -0.0003  0.2905 0 
 34.2412 -0.0585  2.0477  0.0472  0.5152  0.0418  0.2836  0.0283 -0.0003  0.3439 0 
 46.9886  0.2750  0.0579  0.0024  0.4518  0.0388  0.3036  0.0646 -0.0003  0.1336 0 
 46.5949 -0.2754 -3.0768  0.0234  0.0889  0.2301  0.4347  0.0539 -0.0003  0.1028 0 
 42.0996  0.6766 -3.1276  0.0347  0.3139  0.0754  0.3126  0.1281 -0.0003  0.3906 0 
 41.0163 -0.6817 -0.0709  0.0316  0.1255  0.0234  0.3597  0.0601 -0.0003  0.0720 0 
 52.3018 -0.6462  0.9544  0.0707  0.1681  0.0893  0.2532  0.0104 -0.0003  0.2414 0 
 46.8452  0.5816 -2.1507  0.0124  0.4175  0.0984  0.1736  0.0120 -0.0003  0.2746 0 
 48.8106  0.5946  1.2668  0.0706  0.4249  0.1122  0.8161  0.1070 -0.0003  0.6729 1 
 45.6092 -0.5928 -1.9156  0.4693  0.5409  0.0200  0.5683  0.5767 -0.0003  0.9971 1 
 47.3304  0.7602 -0.6334  0.0576  0.2669  0.0844  0.4763  0.0567 -0.0003  0.3569 0 
 44.7089 -0.7605  2.5022  0.0852  0.2057  0.0041  0.1758  0.0794 -0.0003  0.1236 0 
 49.5674  0.3704  0.0184  0.0641  0.4915  0.0792  0.1284  0.0212 -0.0003  0.5324 0 
 46.5919 -0.4022 -3.0622  0.0972  0.7215  0.1296  0.5652  0.0488 -0.0003  0.5099 0 
 48.4321  0.5427 -2.3806  0.5072  0.3570  0.0379  0.3443  0.3277 -0.0003  0.9930 1 
 46.5309 -0.5521  0.7282  0.1827  0.5462  0.0202  0.3044  0.2509 -0.0003  0.8420 1 
 46.5278  0.3294  2.9567  0.0070  0.4500  0.0791  0.4349  0.0340 -0.0003  0.1779 0 
 46.4363 -0.3638 -0.1553  0.0016  0.4406  0.0209  0.2176  0.0228 -0.0003  0.0995 0 
 52.2774 -0.2995  0.6591  0.1423  0.5240  0.0373  0.3799  0.1227 -0.0003  0.7813 1 
 47.5532  0.2836 -2.5409  0.2589  0.5505  0.1360  0.8216  0.5323 -0.0003  0.9976 1 
 48.2765  0.6921 -0.0093  0.0099  0.4406  0.1038  0.7323  0.0714 -0.0003  0.2863 0 
 35.8160 -0.6798 -3.1060  0.0550  0.5214  0.0189  0.3734  0.0463  0.0767  0.4588 0 
 46.1891  0.6593 -0.2687  0.0014  0.3887  0.0799  0.5229  0.2714 -0.0003  0.4014 0 
 45.8656 -0.6657  2.8696  0.0641  0.3386  0.0278  0.2183  0.0983 -0.0003  0.2619 0 
 43.3997  0.7539 -2.6885  0.0509  0.7026  0.0821  0.4872  0.0366 -0.0003  0.3653 0 
 33.5058 -0.7687  0.4419  0.0186  0.3923  0.0128  0.2853  0.0073 -0.0003  0.0922 0 
 40.8728  0.2723  1.9743  0.0251  0.2725  0.0401  0.2700  0.0101 -0.0003  0.1491 0 
 35.8038 -0.2709 -1.1419  0.0056  0.2180  0.0527  0.3267  0.0048 -0.0003  0.1097 0 
 46.8666 -0.1711  1.0083  0.0395  0.6453  0.1806  0.5643  0.0508 -0.0003  0.3195 0 
 43.5462  0.1854 -2.2408  0.0739  0.1684  0.0701  0.3098  0.0157 -0.0003  0.2386 0 
 45.7038 -0.5191  0.3619  0.5232  0.3064  0.0311  0.5243  0.5494 -0.0003  0.9972 1 
 40.1556  0.4761 -2.8395  0.2031  0.3530  0.0138  0.2261  0.3222  0.0938  0.8851 1 
 47.1321 -0.1127 -1.0569  0.4168  0.6160  0.0414  0.3034  0.3292 -0.0003  0.9930 1 
 46.4088  0.1001  2.0886  0.6441  0.7076  0.0255  0.3481  0.7680  0.0742  0.9984 1 
 52.3995 -0.1254 -2.3966  0.8265  0.3984  0.0423  0.5062  0.7370 -0.0003  0.9979 1 
 46.1799  0.1275  0.7359  0.3322  0.6197  0.0324  0.3486  0.2770 -0.0003  0.9764 1 
 47.2023  0.0358 -1.8360  0.0019  0.3573  0.0153  0.1733  0.0413 -0.0003  0.0831 0 
 47.0771 -0.0353  1.2945  0.0301  0.1296  0.0251  0.1301  0.0219 -0.0003  0.0688 0 
 55.0393 -0.0968 -0.1460  0.3568  0.3953  0.0304  0.4583  0.5500 -0.0003  0.9970 1 
 44.0467  0.0680  2.9729  0.3529  0.5747  0.3738  0.4412  0.3259  1.2893  0.9995 1 
 31.5587 -0.7012  2.9998  0.1979  0.4978  0.0346  0.2419  0.2112 -0.0003  0.8652 1 
 20.8377  0.7856 -0.0030  0.1364  0.5555  0.0633  0.3300  0.1544  0.3337  0.9776 1 
 50.5531  0.0366 -0.2494  0.0464  0.1644  0.1137  0.3405  0.1359 -0.0003  0.3203 0 
 42.5849 -0.0573  2.8701  0.0085  0.1543  0.0202  0.2671  0.0261 -0.0003  0.0423 0 
 38.4527 -0.1960  1.1576  0.0273  0.5707  0.0294  0.3203  0.0428 -0.0003  0.1980 0 
 37.4334  0.1833 -2.0015  0.0290  0.4149  0.0191  0.1383  0.0120  0.2507  0.8313 0 
 47.9133 -0.8033  1.3255  0.0502  0.2879  0.0873  0.3453  0.0247 -0.0003  0.2815 0 
 43.3906  0.7937 -1.8987  0.0053  0.7271  0.1283  0.4873  0.0164 -0.0003  0.2505 0 
 45.0111 -0.5309  3.0717  0.0497  0.2091  0.0497  0.2193  0.1068 -0.0003  0.2788 0 
 44.9683  0.5260 -0.1083  0.0353  0.1386  0.0233  0.2194  0.0460 -0.0003  0.0588 0 
 48.4047  0.0534 -1.5312  0.2364  0.2020  0.0334  0.4735  0.0726  0.2037  0.9107 1 
 45.6916 -0.0656  1.5995  0.2032  0.8817  0.0344  0.6117  0.3300 -0.0003  0.9643 1 
 45.0416  0.3508 -1.4118  0.0544  0.0463  0.0431  0.2193  0.0672 -0.0003  0.0801 0 
 42.0386 -0.3510  1.7200  0.0375  0.6593  0.0405  0.3127  0.0430 -0.0003  0.3349 0 
 46.6163  0.3279 -2.9822  0.0396  0.3493  0.0216  0.1739  0.0538 -0.0003  0.1422 0 
 45.5848 -0.3208  0.1742  0.0065  0.3264  0.1884  0.3061  0.0362 -0.0003  0.2094 0 
 45.7099  0.3900  2.7489  0.7259  0.4084  0.0816  0.6117  0.4941 -0.0003  0.9947 1 
 39.6338 -0.4237 -0.3915  0.0140  0.4395  0.0332  0.4538  0.0607 -0.0003  0.1861 1 
 46.3722 -0.3474 -2.7846  0.0284  0.1402  0.0562  0.3047  0.0898 -0.0003  0.1286 0 
 42.2217  0.3266  0.3837  0.0449  0.3931  0.0178  0.2677  0.0433 -0.0003  0.1372 0 
 41.3001  0.7478  0.5454  0.1035  0.5715  0.0240  0.4488  0.1329 -0.0003  0.7059 1 
 33.8384 -0.7517 -2.5629  0.2768  0.1579  0.0453  0.3794  0.1757 -0.0003  0.8641 1 
 51.8257  0.6057 -0.2792  0.0855  0.7085  0.1671  0.5499  0.0272 -0.0003  0.4348 0 
 46.3111 -0.6310  2.8950  0.0670  0.1992  0.1476  0.3483  0.1212 -0.0003  0.4427 0 
 46.4485  0.5776 -2.6806  0.0896  0.2793  0.0510  0.2175  0.0435 -0.0003  0.4029 1 
 46.0517 -0.5783  0.4468  0.1297  0.3000  0.0524  0.3052  0.1577 -0.0003  0.7389 1 
 40.1709 -0.2577  1.8252  0.0411  0.3393  0.0565  0.2713  0.2322 -0.0003  0.5685 0 
 37.7417  0.2331 -1.3230  0.0264  0.2347  0.0545  0.5519  0.0942 -0.0003  0.2710 0 
 46.1921 -0.7003  0.7273  0.0115  0.4128  0.0789  0.4357  0.0490 -0.0003  0.1949 0 
 37.9553  0.7003 -2.4427  0.0133  0.4443  0.0391  0.4592  0.1276 -0.0003  0.2718 0 
 49.0211  0.7143 -0.6486  0.5248  0.7042  0.0792  0.6007  0.6773 -0.0003  0.9982 1 
 36.2585 -0.7098  2.4892  0.0301  0.4503  0.0823  0.3721  0.1451  0.4535  0.8825 1 
 54.9325  0.2432 -2.0989  0.0587  0.3094  0.0416  0.5003  0.0605 -0.0003  0.3831 0 
 43.8636 -0.2423  1.0250  0.0147  0.5143  0.0802  0.1767  0.0051 -0.0003  0.3105 0 
 50.4067  0.3160 -1.5859  0.0585  0.5568  0.0497  0.3834  0.2031 -0.0003  0.7270 0 
 46.3386 -0.3269  1.5802  0.0046  0.3431  0.1028  0.3483  0.0611 -0.0003  0.1747 0 
 54.0810  0.4655 -1.0148  0.0162  0.6551  0.1032  0.3348  0.0309 -0.0003  0.2533 0 
 27.7012 -0.4788  2.1958  0.0446  0.2682  0.0052  0.3017  0.1487 -0.0003  0.1464 0 
 46.1769 -0.7520 -2.7018  0.1908  0.1697  0.0398  0.3486  0.3489 -0.0003  0.8997 1 
 33.4478  0.7870  0.4841  0.0132  0.4035  0.0241  0.3806  0.1356  0.2244  0.6029 1 
 45.9083 -0.7537  0.4263  0.0068  0.2265  0.0393  0.3928  0.0390 -0.0003  0.0924 0 
 35.3246  0.7507 -2.7333  0.0301  0.5783  0.0185  0.5622  0.1451 -0.0003  0.4360 0 
 52.4971 -0.7278  2.0427  0.0255  0.3360  0.2028  0.3373  0.0291 -0.0003  0.2468 0 
 46.9551  0.7350 -1.1563  0.0258  0.3452  0.0380  0.2603  0.0085 -0.0003  0.1857 0 
 51.0506  0.3812 -0.3589  0.0128  0.5341  0.1365  0.5095  0.1782 -0.0003  0.3849 0 
 39.5453 -0.3710  2.7417  0.1161  0.2171  0.1404  0.4087  0.2119 -0.0003  0.8309 0 
 43.0121  0.3045  1.4518  0.0565  0.4287  0.0995  0.4440  0.0174 -0.0003  0.3229 0 
 40.2899 -0.3318 -1.6775  0.0194  0.4595  0.0280  0.2711  0.0257 -0.0003  0.1457 0 
 47.8248 -0.4531 -1.0479  0.1166  0.4969  0.0826  0.3023  0.0895 -0.0003  0.7164 1 
 42.5635  0.4682  2.0864  0.5250  0.6370  0.0384  0.4007  0.2575  0.2195  0.9949 1 
 51.2184  0.0902  1.7150  0.0297  0.4374  0.0419  0.2546  0.0178 -0.0003  0.2479 0 
 42.5177 -0.0970 -1.4528  0.0173  0.4590  0.0944  0.5789  0.1109 -0.0003  0.3013 0 
 46.9459  0.0946  2.4558  0.0547  0.4104  0.0318  0.3037  0.0213 -0.0003  0.2717 0 
 43.4638 -0.1329 -0.6785  0.0013  0.3702  0.0727  0.2656  0.0652 -0.0003  0.1981 0 
 33.2250 -0.2808  1.5627  0.2929  0.3562  0.0729  0.2384  0.2990  0.5126  0.9994 1 
 31.0765  0.2751 -1.5440  0.1520  0.3072  0.0338  0.2430  0.4575 -0.0003  0.9030 1 
 38.8861 -0.0938 -0.2020  0.2659  0.4815  0.0243  0.5930  0.3448  0.1492  0.9944 0 
 38.6755  0.1975  2.9397  0.1037  0.7196  0.0156  0.1827  0.1534  0.1518  0.7046 0 
 40.9918 -0.7642  2.1164  0.1498  0.8429  0.0162  0.3148  0.1912  0.1621  0.8536 0 
 30.5333  0.7803 -1.0318  0.0797  0.2033  0.0319  0.5373  0.0557 -0.0003  0.3810 0 
 47.9622 -0.3221  2.2088  0.0889  0.4269  0.1132  0.3020  0.0703  0.0732  0.6531 1 
 34.4945  0.3595 -0.9843  0.2545  0.1244  0.0857  0.3773  0.2773 -0.0003  0.9477 1 
 46.4332 -0.2753  1.1232  0.0774  0.6815  0.0120  0.2611  0.0358 -0.0003  0.2758 0 
 43.8025  0.2733 -2.0230  0.2026  0.3712  0.0458  0.5302  0.1977  0.1521  0.9415 0 
 42.1332  0.2989  0.5645  0.4590  0.7392  0.0489  0.4464  0.2873 -0.0003  0.9892 1 
 34.9706 -0.2720 -2.6065  0.3788  0.4617  0.0581  0.2819  0.1800 -0.0003  0.9616 1 
 51.7067  0.0872  0.7198  0.0456  0.6444  0.2813  0.5925  0.0266 -0.0003  0.3375 0 
 47.7180 -0.0836 -2.4391  0.0125  0.0923  0.0448  0.0432  0.0158 -0.0003  0.1113 0 
 43.8148  0.4275 -2.2065  0.0121  0.4720  0.0145  0.2209  0.0107 -0.0003  0.1077 0 
 36.1059 -0.4459  0.9210  0.0006  0.2271  0.0659  0.4191  0.0657  0.1486  0.2298 0 
 49.3812  0.5339  0.6509  0.1125  0.5600  0.1218  0.4711  0.2951 -0.0003  0.9427 1 
 30.1823 -0.5571 -2.4230  0.4290  0.4784  0.0563  0.3431  0.4003  0.4425  0.9998 1 
 47.1778  0.5455  0.7135  0.0212  0.3083  0.0715  0.4333  0.1192 -0.0003  0.2788 0 
 45.4658 -0.5667 -2.4153  0.0192  0.5082  0.1247  0.4375  0.0118 -0.0003  0.2247 0 
 45.4566  0.6466  1.1539  0.2655  0.3535  0.1350  0.3938  0.3818 -0.0003  0.9955 1 
 45.2888 -0.6496 -2.0007  0.2325  0.4704  0.0373  0.3942  0.3355 -0.0003  0.9732 1 
 51.7647  0.6257 -1.1902  0.0235  0.3965  0.1021  0.3808  0.0753 -0.0003  0.2629 0 
 44.3000 -0.6197  1.9680  0.0299  0.3008  0.0414  0.2643  0.1253 -0.0003  0.2573 0 
 49.7597  0.5723 -1.1487  0.0064  0.1442  0.0961  0.5556  0.0523 -0.0003  0.1260 0 
 31.3725 -0.5774  1.9891  0.0128  0.4619  0.0939  0.3393  0.0798 -0.0003  0.2506 0 
 52.6558 -0.2922 -1.5547  0.0976  0.2193  0.0310  0.1264  0.1400 -0.0003  0.3951 0 
 39.2676  0.3038  1.5824  0.0918  0.5807  0.0189  0.3640  0.0856 -0.0003  0.4634 0 
 46.7384  0.2762  0.4796  0.1166  0.6679  0.0504  0.5647  0.1906 -0.0003  0.8856 1 
 43.7079 -0.2502 -2.6725  0.9855  0.5170  0.1054  0.5305  0.7072 -0.0003  0.9979 1 
 58.3627  0.0109 -1.6801  0.0038  0.5187  0.0844  0.2053  0.0224 -0.0003  0.2646 0 
 40.6012 -0.0300  1.4242  0.0359  0.2690  0.0190  0.2255  0.0136 -0.0003  0.1010 0 
 48.7434  0.5784 -1.6576  0.0110  0.2330  0.1342  0.4726  0.0350 -0.0003  0.1629 0 
 46.1799 -0.5779  1.4871  0.0010  0.2324  0.0389  0.3050  0.0549 -0.0003  0.0707 0 
 49.8512 -0.3165  0.6129  0.0266  0.2705  0.2354  0.3418  0.0837 -0.0003  0.3038 0 
 41.4252  0.3346 -2.5074  0.0000  0.1671  0.0386  0.1345  0.0123 -0.0003  0.0856 0 
 51.0140  0.4968  1.3769  0.0000  0.0347  0.0260  0.1699  0.0529 -0.0003  0.0457 0 
 37.9278 -0.4843 -1.7842  0.0197  0.4182  0.0416  0.2756  0.0065 -0.0003  0.2144 0 
 46.5461 -0.4133 -0.7403  0.0026  0.5398  0.0576  0.3913  0.0350 -0.0003  0.1733 0 
 39.8383  0.4003  2.4065  0.0134  0.1053  0.0504  0.2719  0.0434 -0.0003  0.0688 0 
 46.8055 -0.7925  1.1021  0.1482  0.2885  0.0362  0.2605  0.1199 -0.0003  0.6321 0 
 28.7388  0.7911 -2.0266  0.0305  0.3183  0.0157  0.2487  0.0318 -0.0003  0.0904 0 
 42.9480 -0.6654  2.2676  0.2347  0.6362  0.0271  0.3997  0.1879 -0.0003  0.8918 1 
 30.3166  0.6755 -0.7996  0.2854  0.4426  0.0480  0.3426  0.2795  0.4134  0.9992 1 
 52.4331  0.6680  1.8439  0.0247  0.3188  0.1612  0.5905  0.1893 -0.0003  0.4706 0 
 47.0283 -0.6913 -1.3691  0.0094  0.3688  0.0417  0.3903  0.0097 -0.0003  0.1576 0 
 33.0480  0.1929  3.1010  0.2795  0.1121  0.0478  0.2387  0.1309 -0.0003  0.7710 0 
 32.7001 -0.1912 -0.0285  0.0157  0.5534  0.0242  0.1436  0.0214 -0.0003  0.1653 0 
 44.4465  0.0399 -2.5412  0.3662  0.2398  0.0152  0.2201  0.4898 -0.0003  0.9898 0 
 40.2441 -0.0393  0.5908  0.0010  0.2125  0.0124  0.3164  0.1539 -0.0003  0.0721 0 
 50.0252 -0.5514 -1.1301  0.0056  0.3496  0.2183  0.5549  0.0772 -0.0003  0.2604 0 
 34.4244  0.5683  2.0141  0.1544  0.4538  0.0111  0.2360  0.2084  0.1343  0.7868 0 
 45.2094  0.6425 -1.4847  0.2759  0.2584  0.0613  0.6135  0.3917 -0.0003  0.9934 0 
 42.2431 -0.6396  1.6367  0.0503  0.0742  0.0866  0.4015  0.1141 -0.0003  0.1624 0 
 56.4920 -0.4094  2.5728  0.0003  0.1164  0.0438  0.3726  0.1226 -0.0003  0.0838 0 
 42.1942  0.4283 -0.5699  0.0206  0.1832  0.1152  0.3124  0.0046  0.4541  0.5055 0 
 42.3072  0.7127  1.5910  0.2418  0.5100  0.0755  0.3567  0.3017  0.1939  0.9773 1 
 35.6817 -0.7120 -1.5367  0.1678  0.3648  0.0908  0.4205  0.3311  0.6237  0.9988 1 
 51.4595 -0.3743 -2.4449  0.0312  0.1222  0.0482  0.2966  0.0624 -0.0003  0.0951 0 
 46.7567  0.4413  0.6828  0.0063  0.3434  0.0838  0.4778  0.0615 -0.0003  0.1788 0 
 46.4546  0.6724 -2.3209  0.0178  0.1682  0.1151  0.4786  0.0098 -0.0003  0.1343 0 
 34.9798 -0.6503  0.8637  0.0053  0.2955  0.0434  0.6577  0.0685 -0.0003  0.2161 0 
 45.5512  0.5512  1.5259  0.0302  0.2305  0.0227  0.4810  0.0836 -0.0003  0.1786 1 
 41.3550 -0.5104 -1.5697  0.0017  0.4794  0.0474  0.3589  0.0446 -0.0003  0.1553 1 
 51.8227  0.3596  2.1974  0.4668  0.4726  0.1095  0.8038  0.3117 -0.0003  0.9947 1 
 46.3661 -0.3643 -0.9729  0.5975  0.7007  0.0345  0.2176  0.5394 -0.0003  0.9979 1 
 48.7861 -0.0347 -0.4448  0.0526  0.6885  0.0381  0.1718  0.0554 -0.0003  0.3657 0 
 35.4284  0.0336  2.6878  0.0029  0.1957  0.0281  0.1404  0.0945 -0.0003  0.0893 0 
 56.5042  0.7807 -1.2436  0.0349  0.6040  0.2384  0.6623  0.0346 -0.0003  0.3255 0 
 26.9078 -0.8203  1.7398  0.0742  0.2276  0.0015  0.1522  0.0956 -0.0003  0.1307 0 
 47.3487 -0.3984 -1.7357  0.1574  0.2346  0.0470  0.3463  0.1850 -0.0003  0.7845 0 
 44.1047  0.3812  1.4422  0.0721  0.3354  0.0624  0.5292  0.0474  0.1261  0.6006 0 
 49.2500  0.1091 -3.0640  0.0234  0.2015  0.1580  0.2143  0.0283 -0.0003  0.1706 0 
 34.3847 -0.1252  0.1051  0.0089  0.4698  0.0114  0.2832  0.0721 -0.0003  0.0869 0 
 57.0779  0.0614  1.0610  0.5334  0.7687  0.1280  0.4955  0.4644 -0.0003  0.9976 1 
 49.2195 -0.0628 -2.1037  0.1566  0.3575  0.0716  0.2143  0.1312 -0.0003  0.8109 1 
 44.8615  0.1163 -2.4819  0.0127  0.5644  0.0964  0.7903  0.0727 -0.0003  0.3077 0 
 38.3124 -0.1197  0.6535  0.0038  0.1138  0.1223  0.5039  0.2486 -0.0003  0.2041 0 
 40.8087  0.7812 -2.4397  0.0904  0.2427  0.0796  0.4052  0.1036  0.0795  0.6380 0 
 35.9930 -0.7763  0.6078  0.0009  0.5171  0.0455  0.3729  0.0154 -0.0003  0.1631 0 
 42.1729  0.1068  0.2235  0.0095  0.6831  0.2307  0.5802  0.0264 -0.0003  0.2672 0 
 42.1576 -0.0404 -2.9270  0.0746  0.1423  0.0741  0.4017  0.1586 -0.0003  0.4218 0 
 43.2624  0.4560  0.8723  0.0145  0.0752  0.0390  0.1773  0.1004 -0.0003  0.0746 0 
 43.2166 -0.4700 -2.2773  0.0244  0.4523  0.0299  0.3547  0.0109 -0.0003  0.1904 0 
 52.3964 -0.6873  2.0342  0.0068  0.7044  0.1917  0.4218  0.0328  0.1569  0.3446 0 
 50.8888  0.6712 -1.0950  0.0399  0.4812  0.0442  0.3825  0.1451 -0.0003  0.4789 0 
 47.6478 -0.6674  0.6340  0.0331  0.5835  0.0811  0.3890  0.0292 -0.0003  0.2762 0 
 42.8443  0.6893 -2.5079  0.0134  0.2912  0.0688  0.3111  0.0045 -0.0003  0.1771 0 
 47.3060  0.4165  0.3401  0.0119  0.5068  0.2515  0.5196  0.1785 -0.0003  0.4095 0 
 41.8555 -0.4159 -2.8580  0.0448  0.2856  0.0806  0.3131  0.0783 -0.0003  0.3320 0 
 40.6928  0.6994  2.3084  0.0419  0.2083  0.0163  0.3154  0.0218 -0.0003  0.0824 0 
 37.3510 -0.6940 -0.8161  0.0623  0.3769  0.0375  0.2768  0.0792 -0.0003  0.3445 0 
 44.3977 -0.2858 -1.8917  0.0126  0.5068  0.0618  0.4402  0.1047 -0.0003  0.2676 0 
 41.6266  0.2844  1.2663  0.0009  0.3744  0.0703  0.3583  0.0191 -0.0003  0.1565 0 
 53.5714 -0.5078 -0.4143  0.0387  0.4256  0.0276  0.2937  0.0071 -0.0003  0.2096 0 
 40.6714  0.5248  2.7583  0.0353  0.5479  0.0157  0.2254  0.0768 -0.0003  0.1542 0 
 52.0516  0.7336  2.3143  0.0240  0.1391  0.1193  0.6338  0.1071 -0.0003  0.2789 0 
 38.0255 -0.7276 -0.8037  0.0111  0.1178  0.0084  0.1377  0.0067 -0.0003  0.0444 0 
 51.6823  0.2544 -1.9004  0.0204  0.1660  0.0577  0.3387  0.0489 -0.0003  0.1114 0 
 43.9704 -0.2827  1.2197  0.0035  0.4447  0.0136  0.2648  0.0069 -0.0003  0.0867 0 
 45.8900 -0.4642  2.5077  0.1262  0.2062  0.0232  0.4801  0.1059 -0.0003  0.5484 0 
 32.7337  0.5049 -0.6965  0.0505  0.2825  0.1585  0.4787  0.0414 -0.0003  0.3116 0 
 42.1057 -0.7940 -1.8017  0.0042  0.1980  0.1956  0.3126  0.0220 -0.0003  0.1412 0 
 34.7997  0.7601  1.3612  0.0326  0.0923  0.0297  0.1882  0.0306 -0.0003  0.0573 0 
 53.7423 -0.4496 -0.2120  0.0215  0.2259  0.0201  0.2096  0.0414 -0.0003  0.0671 0 
 46.8513  0.4440  2.9406  0.0162  0.1314  0.0174  0.3039  0.0843 -0.0003  0.0494 0 
 48.1971 -0.3193 -0.7728  0.5201  0.2780  0.1282  0.2585  0.4595 -0.0003  0.9972 1 
 43.6805  0.3373  2.4238  0.0968  0.4928  0.0634  0.8843  0.0738 -0.0003  0.7409 1 
 47.4495 -0.6878 -1.0358  0.0428  0.1959  0.0954  0.2596  0.0666 -0.0003  0.2416 0 
 37.3816  0.6810  2.1233  0.0781  0.4921  0.0208  0.3228  0.0406 -0.0003  0.3198 0 
 45.7618  0.6649 -1.6501  0.0015  0.3279  0.1591  0.4368  0.0485 -0.0003  0.1873 0 
 40.7874 -0.6641  1.4755  0.0139  0.1882  0.0935  0.6304  0.0222 -0.0003  0.1847 0 
 49.6071  0.6654 -2.0588  0.0388  0.2660  0.0366  0.3422  0.0707 -0.0003  0.1876 0 
 49.4545 -0.6657  1.0590  0.0174  0.6209  0.0292  0.3853  0.0340 -0.0003  0.1858 0 
 47.1901 -0.1265  0.4862  0.1083  0.5034  0.0414  0.4333  0.0201 -0.0003  0.5878 0 
 39.3133  0.1515 -2.6557  0.0251  0.5052  0.0467  0.2274  0.0577 -0.0003  0.2781 0 
 49.3477 -0.6350  3.0529  0.0309  0.2591  0.1124  0.3426  0.0209 -0.0003  0.1960 0 
 37.9644  0.6699 -0.1400  0.0109  0.4315  0.0233  0.3214  0.0964 -0.0003  0.1211 0 
 50.2754 -0.6500 -1.4339  0.0146  0.3796  0.0938  0.4263  0.0644 -0.0003  0.2132 0 
 40.4028  0.6557  1.7363  0.0903  0.2449  0.1486  0.3612  0.0519 -0.0003  0.4073 0 
 50.7942  0.1058  0.4700  0.0147  0.3691  0.1862  0.4677  0.0941 -0.0003  0.2767 0 
 43.0152 -0.1235 -2.7124  0.0338  0.3584  0.0544  0.3552  0.1746 -0.0003  0.4513 0 
 48.3253  0.5976 -1.1769  0.0096  0.2761  0.1012  0.3445  0.0690  0.2021  0.3735 0 
 45.9327 -0.6109  1.9718  0.0043  0.1101  0.0391  0.4800  0.1306 -0.0003  0.1122 0 
 52.1096 -0.6319 -2.1599  0.0352  0.3276  0.0682  0.5491  0.0794 -0.0003  0.3381 0 
 46.2745  0.6187  0.9488  0.0302  0.1750  0.0333  0.2613  0.0384 -0.0003  0.0817 0 
 47.3335  0.1129  0.0430  0.0167  0.1061  0.1745  0.3031  0.0244 -0.0003  0.0752 0 
 40.9064 -0.1099 -3.0722  0.0302  0.7996  0.0179  0.2700  0.0284  0.1437  0.4259 0 
 49.5796 -0.2338 -1.9478  0.0684  0.1580  0.0561  0.4278  0.1628 -0.0003  0.4053 0 
 47.1199  0.2187  1.2141  0.1110  0.2578  0.0316  0.3468  0.1407 -0.0003  0.5540 0 
 36.6674  0.8037 -0.7899  0.1280  0.6257  0.0166  0.3709  0.4899 -0.0003  0.9226 1 
 34.5098 -0.7538  2.2839  0.3840  0.4434  0.0321  0.3772  0.4964  0.3069  0.9997 1 
 49.1585  0.0620  0.6845  0.3737  0.7857  0.0488  0.2573  0.2779 -0.0003  0.9896 0 
 48.8289 -0.0666 -2.4506  0.2334  0.3995  0.0478  0.5583  0.1861 -0.0003  0.9342 0 
 48.9235  0.3739 -0.4346  0.0233  0.2837  0.0142  0.1717  0.0064  0.1382  0.3333 0 
 46.0609 -0.3837  2.7053  0.0031  0.1658  0.0321  0.2616  0.0474 -0.0003  0.0506 0 
 47.1351  0.7167  0.4726  0.0778  0.4711  0.0240  0.4334  0.1417 -0.0003  0.5807 0 
 34.7570 -0.7185 -2.6570  0.0234  0.3292  0.0148  0.2824  0.0945 -0.0003  0.1009 0 
 47.5959  0.1379  2.6253  0.0555  0.7983  0.0391  0.5621  0.2100 -0.0003  0.7814 1 
 17.4807 -0.1039 -0.5030  0.2635  0.4727  0.0115  0.4670  0.2537 -0.0003  0.9093 1 
 43.2624  0.7596  0.9210  0.0170  0.1820  0.0068  0.2660  0.0756 -0.0003  0.0434 0 
 42.3865 -0.7379 -2.2024  0.0022  0.6836  0.0469  0.3120  0.0220  0.0789  0.2985 0 
 43.6378 -0.5797 -0.2475  0.0183  0.1456  0.1091  0.2211  0.0131 -0.0003  0.1080 0 
 39.8260  0.5587  2.8158  0.0883  0.2890  0.0177  0.1813  0.1739 -0.0003  0.3302 0 
 50.3792  0.5337 -1.7823  0.0310  0.2519  0.0198  0.2556  0.0739 -0.0003  0.0930 0 
 32.9137 -0.5552  1.3847  0.0032  0.0589  0.0049  0.1434  0.0361  0.0268  0.0407 0 
 45.1270 -0.2616 -1.9292  0.0193  0.2329  0.1753  0.3946  0.0230 -0.0003  0.1815 0 
 41.5076  0.2822  1.1731  0.0232  0.6440  0.0291  0.2241  0.0928 -0.0003  0.2071 0 
 57.7066  0.3854 -2.4196  0.0578  0.0824  0.1089  0.4942  0.0134 -0.0003  0.1573 0 
 45.1331 -0.3706  0.7639  0.0321  0.1689  0.0701  0.2192  0.0064 -0.0003  0.1530 0 
 49.2927 -0.1599  2.0303  0.5599  0.5609  0.0828  0.3856  0.6148 -0.0003  0.9982 1 
 41.8311  0.1916 -1.1443  0.1704  0.1287  0.0768  0.1789  0.0888  0.6507  0.9983 1 
 48.9632  0.3236 -0.3019  0.0461  0.6306  0.1281  0.6867  0.1473 -0.0003  0.5448 0 
 47.9194 -0.3612  2.8077  0.0277  0.4510  0.0563  0.2590  0.1015 -0.0003  0.3693 0 
 51.4931  0.6877 -0.5587  0.0204  0.0253  0.0722  0.2966  0.1600 -0.0003  0.1196 0 
 43.8911 -0.6695  2.5686  0.0025  0.3570  0.0433  0.2650  0.0306 -0.0003  0.1268 0 
 47.4434 -0.1230 -2.6250  0.0366  0.2352  0.2265  0.5192  0.0369 -0.0003  0.2837 0 
 46.7811  0.1558  0.5499  0.0148  0.2137  0.3416  0.5211  0.0069 -0.0003  0.2107 0 
 46.6590 -0.4301  2.7307  0.0052  0.2329  0.0318  0.2173  0.0070 -0.0003  0.0824 0 
 45.1759  0.3778 -0.4117  0.0974  0.5178  0.0582  0.2629  0.0949 -0.0003  0.7076 0 
 46.5614  0.5713 -1.1019  0.5498  0.6885  0.0570  0.6087  0.2170 -0.0003  0.9783 1 
 45.7923 -0.5807  2.0639  0.2677  0.5119  0.0443  0.4367  0.2405 -0.0003  0.9595 1 
 51.5206  0.4458 -0.6938  0.1406  0.6095  0.1476  0.4236  0.0178 -0.0003  0.6100 0 
 42.3865 -0.4636  2.4662  0.0313  0.1602  0.0601  0.2228  0.0307 -0.0003  0.1270 0 
 48.5725 -0.2972 -1.4566  0.0266  0.0774  0.0341  0.3010  0.0258 -0.0003  0.0599 0 
 38.9929  0.3014  1.5992  0.0352  0.3466  0.1121  0.4103  0.0513 -0.0003  0.2693 0 
 33.7438  0.4774  0.9873  0.1144  0.6957  0.0785  0.3797  0.0723 -0.0003  0.7388 0 
 28.6961 -0.4823 -2.1642  0.0962  0.4055  0.0294  0.3483  0.1530  0.1532  0.7849 0 
 40.2625 -0.5280 -1.8548  0.2381  0.4372  0.0500  0.4067  0.2903 -0.0003  0.9724 1 
 25.5741  0.5265  1.2231  0.1494  0.4245  0.0318  0.2061  0.1685  0.3914  0.9963 1 
 46.4759 -0.7323 -1.7737  0.0195  0.6222  0.0952  0.6090  0.0322  0.2398  0.5361 0 
 41.2146  0.7303  1.3752  0.0737  0.2832  0.1300  0.6287  0.0547 -0.0003  0.4580 0 
 52.6284  0.4456  1.0451  0.2381  0.1700  0.0685  0.4635  0.2370 -0.0003  0.9359 1 
 44.9348 -0.4104 -2.0772  0.0815  0.5065  0.2053  0.5705  0.1845  0.3595  0.9436 1 
 50.6905  0.2869  2.4678  0.0015  0.1516  0.0357  0.1276  0.0286 -0.0003  0.0725 0 
 49.6315 -0.2377 -0.7088  0.0010  0.1146  0.0339  0.4277  0.1076 -0.0003  0.0786 0 
 44.4953  0.3333  2.7343  0.0154  0.2017  0.0717  0.4840  0.0817 -0.0003  0.1759 0 
 38.3154 -0.3618 -0.4289  0.0438  0.4498  0.0251  0.3664  0.1238 -0.0003  0.3137 0 
 47.2663  0.7861 -2.7501  0.0101  0.4819  0.0894  0.2599  0.0014 -0.0003  0.2130 0 
 42.4872 -0.7959  0.3660  0.0563  0.5129  0.1003  0.4900  0.0373 -0.0003  0.3393 0 
 50.8400 -0.1149  1.9873  0.2429  0.2658  0.2376  0.5526  0.3077 -0.0003  0.9906 0 
 33.8842  0.1698 -1.2515  0.1769  0.7321  0.0337  0.2844  0.1125 -0.0003  0.8247 0 
 44.7852  0.7503 -2.3066  0.0078  0.2998  0.1040  0.2635  0.0622 -0.0003  0.1957 0 
 44.2603 -0.7579  0.8545  0.0645  0.3571  0.0378  0.3084  0.0370 -0.0003  0.3137 0 
 50.7271  0.0281 -2.2938  0.1064  0.7908  0.0411  0.2552  0.0825 -0.0003  0.7317 1 
 38.1262 -0.0361  0.9399  0.5793  0.2985  0.0835  0.5504  0.5032 -0.0003  0.9964 1 
 52.4849  0.7361  1.7179  0.0092  0.2108  0.0854  0.3795  0.0041 -0.0003  0.1257 0 
 45.0690 -0.7156 -1.3992  0.0087  0.4688  0.0142  0.2631  0.0330 -0.0003  0.0868 0 
 42.5330  0.7607 -2.0639  0.6113  0.4102  0.0406  0.5344  0.8841 -0.0003  0.9986 1 
 41.4588 -0.7616  1.0752  0.1918  0.3185  0.0619  0.1794  0.2770 -0.0003  0.9128 1 
 46.2379 -0.0463 -2.6984  0.5736  0.2982  0.1781  0.4791  0.2680  0.6911  0.9999 1 
 29.8436  0.0214  0.3968  0.2289  0.2553  0.0742  0.3442  0.3255  0.4246  0.9979 1 
 51.4229  0.0172 -0.7652  0.0112  0.6049  0.0234  0.4662  0.1253 -0.0003  0.2428 0 
 44.2512 -0.0331  2.3660  0.0048  0.2159  0.0709  0.3966  0.0135  0.0995  0.1607 0 
 48.6885  0.6848  2.9893  0.0064  0.1968  0.0776  0.3438  0.0264 -0.0003  0.1101 0 
 48.4993 -0.7042 -0.1482  0.0259  0.1195  0.0615  0.4732  0.0832 -0.0003  0.1490 0 
 47.1748 -0.1600  2.7562  0.0302  0.5506  0.2271  0.3900  0.0235  0.1668  0.4420 0 
 45.5695  0.1047 -0.3627  0.0006  0.3295  0.0743  0.2186  0.0380 -0.0003  0.1984 0 
 48.2948  0.2207  2.9889  0.1263  0.2866  0.0524  0.2153  0.1367 -0.0003  0.6903 0 
 38.1506 -0.2540 -0.1552  0.0857  0.2225  0.0176  0.4127  0.0735  0.3095  0.9401 0 
 45.1331 -0.5533 -2.0983  0.0324  0.5431  0.0170  0.4384  0.1004  0.0935  0.4634 0 
 44.2359  0.5412  1.0549  0.0000  0.0155  0.1330  0.1763  0.0032 -0.0003  0.0593 0 
 59.6231 -0.0812 -2.5376  0.0381  0.3396  0.1524  0.3268  0.0368 -0.0003  0.2706 0 
 47.7455  0.0635  0.6228  0.0717  0.1904  0.0424  0.3024  0.1113 -0.0003  0.3108 0 
 48.3009  0.4882 -3.0116  0.0032  0.2083  0.0258  0.4307  0.0482 -0.0003  0.0701 0 
 45.9968 -0.4703  0.1585  0.0002  0.6326  0.0309  0.3490  0.0640 -0.0003  0.1327 0 
 46.9245 -0.4778 -2.2750  0.2185  0.1523  0.0461  0.4773  0.4288 -0.0003  0.9760 1 
 41.6724  0.4859  0.8994  0.4559  0.4962  0.0305  0.3582  0.6003 -0.0003  0.9979 1 
 45.3956  0.6293 -2.5000  0.6229  0.4637  0.0891  0.3939  0.3907 -0.0003  0.9966 1 
 39.6887 -0.6136  0.6842  0.0894  0.2597  0.0200  0.2722  0.1682 -0.0003  0.3796 1 
 49.9245  0.2945  2.0694  0.7182  0.5411  0.2454  0.5979  0.9001 -0.0003  0.9987 1 
 46.2531 -0.3140 -1.0687  0.3618  0.6655  0.0356  0.6098  0.6899 -0.0003  0.9980 1 
 46.1860  0.7145 -2.9501  0.1454  0.6210  0.0549  0.3922  0.1519 -0.0003  0.8911 0 
 44.0406 -0.7392  0.2172  0.0181  0.6447  0.0855  0.5735  0.0198 -0.0003  0.2488 0 
 48.3070 -0.5048  0.8354  0.0374  0.4741  0.0214  0.4307  0.0097 -0.0003  0.2407 0 
 47.5776  0.5066 -2.2960  0.0185  0.5447  0.0307  0.4324 -0.0200  0.2079  0.5084 0 
 46.2745  0.0672 -1.8622  0.0401  0.4052  0.0212  0.3484  0.0146  0.0944  0.3806 0 
 39.1150 -0.0539  1.3143  0.0312  0.1464  0.0639  0.3188  0.0361 -0.0003  0.1195 0 
 38.4680 -0.4286 -0.3320  0.0532  0.1169  0.0375  0.2288  0.1517 -0.0003  0.2037 0 
 37.2992  0.4017  2.8024  0.0149  0.3629  0.0075  0.1384  0.0008 -0.0003  0.1102 0 
 42.1515  0.8081  2.9934  0.1596  0.3914  0.0395  0.3571  0.0673 -0.0003  0.6431 1 
 29.6025 -0.7835 -0.1537  0.2198  0.4640  0.0376  0.2958  0.3447  0.3420  0.9978 1 
 46.7475 -0.2026  2.9529  0.0051  0.6171  0.0692  0.3041  0.0645 -0.0003  0.2549 0 
 43.3051  0.1955 -0.1837  0.0281  0.1337  0.0349  0.2659  0.0651 -0.0003  0.0737 0 
 42.6490  0.7940  2.3452  0.1185  0.2209  0.0131  0.2670  0.1212 -0.0003  0.2964 0 
 42.1241 -0.7895 -0.7542  0.0122  0.6107  0.1456  0.5357  0.0735 -0.0003  0.2779 0 
 43.8483 -0.3176 -0.3695  0.1094  0.2602  0.1433  0.3975  0.1011 -0.0003  0.5459 0 
 43.3021  0.2855  2.7418  0.1834  0.1800  0.0824  0.3989  0.1402 -0.0003  0.7540 0 
 46.0151 -0.7501 -1.0923  0.0034  0.0524  0.0173  0.2181  0.0281 -0.0003  0.0373 0 
 33.5515  0.7422  2.0296  0.0116  0.4182  0.0249  0.2377  0.0172 -0.0003  0.1196 0 
 48.4352 -0.5314  0.0705  0.0300  0.4667  0.0287  0.2152  0.0095 -0.0003  0.2011 0 
 48.4077  0.5584 -3.0679  0.0239  0.5286  0.1718  0.9470  0.1763 -0.0003  0.6604 0 
 40.9827  0.5691  0.0697  0.0112  0.5537  0.0257  0.4498  0.1750 -0.0003  0.3153 1 
 30.2617 -0.6080 -3.0225  0.1271  0.1329  0.0414  0.2449  0.1203  0.3330  0.9528 1 
 49.4759 -0.0446 -0.7319  0.0359  0.0965  0.0353  0.3424  0.0114 -0.0003  0.0786 0 
 41.9318  0.0393  2.4035  0.0125  0.4085  0.0081  0.1341  0.0047 -0.0003  0.1147 0 
 46.9673  0.7401  2.5954  0.0702  0.6077  0.0618  0.4772  0.1779 -0.0003  0.7272 1 
 44.1840 -0.7403 -0.5489  0.0709  0.6314  0.0462  0.5290  0.1110 -0.0003  0.6247 1 
 45.8442 -0.0613 -2.9205  0.0161  0.4245  0.0421  0.1746  0.0666 -0.0003  0.2119 0 
 33.9025  0.0464  0.2597  0.0573  0.2146  0.0453  0.2370  0.1708 -0.0003  0.4067 0 
 58.7503  0.5146 -0.4948  0.0081  0.4024  0.0683  0.2050  0.0585 -0.0003  0.2703 0 
 44.3885 -0.5412  2.5902  0.0164  0.0732  0.0307  0.3962  0.0349 -0.0003  0.0628 0 
 42.4079 -0.4676 -0.0625  0.0134  0.2978  0.0136  0.2228  0.0340 -0.0003  0.0656 0 
 36.1059  0.4012  3.1003  0.0232  0.7609  0.0074  0.2328  0.0115 -0.0003  0.1321 0 
 51.1666 -0.0173 -2.5265  0.0298  0.0661  0.0432  0.3820  0.0449 -0.0003  0.0804 0 
 46.6651  0.0278  0.6281  0.0122  0.4614  0.0525  0.2607  0.1252 -0.0003  0.3173 0 
 51.1360  0.0747  2.3316  0.0019  0.5489  0.0284  0.2547  0.0914 -0.0003  0.1356 0 
 34.8638 -0.0640 -0.8127  0.0257  0.6031  0.0385  0.4702  0.0098 -0.0003  0.2512 0 
 50.2327  0.4305  1.8984  0.0791  0.2041  0.1336  0.2985  0.1750 -0.0003  0.6298 0 
 42.9419 -0.4182 -1.2494  0.0490  0.2521  0.1168  0.3998  0.0699 -0.0003  0.3099 0 
 45.2491 -0.3657 -2.6609  0.0135  0.1709  0.0394  0.2629  0.0831 -0.0003  0.0811 0 
 43.4211  0.3980  0.4927  0.0117  0.0430  0.1014  0.2657  0.0672 -0.0003  0.0688 0 
 46.7536  0.7757  0.4084  0.1390  0.1802  0.0352  0.2606  0.0472 -0.0003  0.3625 0 
 34.1161 -0.7682 -2.7521  0.0033  0.2693  0.0259  0.1892  0.0258  0.1732  0.3968 0 
 47.0314  0.6583 -1.0606  0.0510  0.4420  0.0937  0.6505  0.0578 -0.0003  0.4006 1 
 44.8402 -0.6917  2.0576  0.2459  0.2278  0.0438  0.2195  0.3417 -0.0003  0.9384 1 
 49.0761  0.7124 -1.6448  0.0608  0.5946  0.0252  0.2574  0.0504 -0.0003  0.2815 0 
 42.2522 -0.6859  1.4855  0.0477  0.5831  0.1345  0.4015  0.1160 -0.0003  0.4277 0 
 50.6325 -0.6994  0.9917  0.0069  0.5560  0.0456  0.3404  0.1606 -0.0003  0.3523 0 
 46.5675  0.7122 -2.0878  0.0108  0.6172  0.0344  0.3478  0.0247 -0.0003  0.1797 0 
 47.2114  0.7924  1.2265  0.0000  0.1116  0.0609  0.1733  0.1374 -0.0003  0.1226 0 
 44.5747 -0.7982 -1.8449  0.1177  0.4469  0.0367  0.3958  0.0677  0.0504  0.6828 0 
 45.6123  0.6244  1.3955  0.0984  0.0908  0.0793  0.2623  0.2029 -0.0003  0.4579 0 
 39.5575 -0.6298 -1.7860  0.0326  0.4872  0.0303  0.4087  0.1894 -0.0003  0.4516 0 
 49.3935  0.5335  1.5338  0.0048  0.3445  0.0936  0.2141  0.0106 -0.0003  0.2163 0 
 42.7985 -0.5366 -1.6052  0.0052  0.1455  0.0238  0.3112  0.0179 -0.0003  0.0462 0 
 46.2379  0.7774  1.4289  0.0069  0.4729  0.0334  0.3920  0.0800 -0.0003  0.1541 0 
 44.1505 -0.7798 -1.7237  0.0037  0.6045  0.0364  0.7936  0.0496 -0.0003  0.2445 0 
 48.8899  0.5022 -1.3330  0.1042  0.1238  0.0666  0.3005  0.0842 -0.0003  0.3120 0 
 48.8563 -0.4828  1.7873  0.0393  0.7274  0.0282  0.3006  0.0300 -0.0003  0.2626 0 
 47.9561 -0.3414  2.8777  0.2280  0.4230  0.0972  0.5610  0.5178 -0.0003  0.9973 1 
 44.6998  0.3483 -0.2705  0.2003  0.3287  0.0971  0.2197  0.1387 -0.0003  0.8803 1 
 44.1657  0.5056  1.9205  0.0694  0.5625  0.0226  0.1763  0.0599 -0.0003  0.2625 1 
 23.6454 -0.4782 -1.1892  0.4237  0.7068  0.0457  0.3168  0.3099  0.3275  0.9970 1 
 42.6337 -0.4578  0.2363  0.1348  0.0652  0.0209  0.2225  0.1072 -0.0003  0.1738 0 
 28.0522  0.4734 -2.8885  0.0493  0.3098  0.0376  0.4508  0.0203 -0.0003  0.2778 0 
 46.9856 -0.7414  0.9081  0.0114  0.1001  0.1351  0.3036  0.0081 -0.0003  0.0637 0 
 40.9888  0.7621 -2.2071  0.0491  0.3577  0.0563  0.1799  0.0677 -0.0003  0.3847 0 
 35.6512  0.7933  0.8242  0.0001  0.1624  0.0165  0.0467  0.0778 -0.0003  0.0902 0 
 33.7835 -0.7970 -2.3303  0.0030  0.3132  0.0201  0.4270  0.0479 -0.0003  0.0771 0 
 44.9744  0.5427 -0.6325  0.2369  0.7398  0.0273  0.5265  0.3974 -0.0003  0.9822 1 
 43.5462 -0.5164  2.5391  0.5894  0.3432  0.0429  0.4868  0.6203 -0.0003  0.9978 1 
 58.7655 -0.5034 -1.8389  0.0053  0.0300  0.0222  0.2050  0.0143  0.2334  0.4740 0 
 45.0019  0.4838  1.3510  0.0508  0.2379  0.0132  0.3071  0.0402  0.0542  0.2024 0 
 46.9093 -0.2277  0.9050  0.0560  0.2444  0.0184  0.3038  0.0988 -0.0003  0.1664 0 
 45.5360  0.2383 -2.2392  0.0327  0.2925  0.0462  0.2187  0.0746 -0.0003  0.2201 0 
 51.7525  0.6598 -2.2616  0.0051  0.4625  0.2586  0.4655  0.0190 -0.0003  0.2301 0 
 42.6337 -0.6254  0.8013  0.0106  0.3793  0.0303  0.2225  0.1574 -0.0003  0.2142 0 
 49.9092 -0.5296 -1.9047  0.0181  0.3572  0.0612  0.6834  0.0950 -0.0003  0.3226 0 
 49.8573  0.5627  1.2743  0.0438  0.7740  0.0449  0.2991  0.0146 -0.0003  0.4089 0 
 42.7527 -0.5985  0.2627  0.0502  0.5657  0.0396  0.5336  0.0163 -0.0003  0.3735 0 
 38.8220  0.5948 -2.8982  0.0070  0.3626  0.0197  0.3195  0.0226 -0.0003  0.0771 0 
 50.5470  0.6090 -1.3998  0.0065  0.0760  0.1643  0.2554  0.0362 -0.0003  0.0506 0 
 44.4129 -0.5962  1.7533  0.0027  0.3457  0.0421  0.3082  0.0167 -0.0003  0.1246 0 
 47.8370 -0.2090  1.1703  0.0265  0.2424  0.0117  0.2159  0.0902 -0.0003  0.0834 0 
 45.5909  0.2024 -1.9839  0.0046  0.4324  0.0358  0.4372  0.0361 -0.0003  0.1432 0 
 41.4984 -0.5882 -1.5011  0.0073  0.1934  0.0587  0.3586  0.0124 -0.0003  0.1059 0 
 40.3052  0.5829  1.6119  0.0263  0.0715  0.0588  0.2710  0.1735 -0.0003  0.1507 0 
 55.3384 -0.2421  1.6984  0.0162  0.6818  0.1266  0.5409  0.0591 -0.0003  0.2892 0 
 41.9745  0.2293 -1.4223  0.0171  0.4665  0.0130  0.3128  0.0276 -0.0003  0.0940 0 
 64.7837 -0.4635  1.7009  0.1067  0.7113  0.2166  0.6406  0.2540 -0.0003  0.9422 1 
 40.7477  0.4195 -1.4621  0.0173  0.5490  0.0326  0.3153  0.0222  0.4119  0.9858 1 
 51.8135 -0.2124  1.9261  0.0554  0.3131  0.0718  0.4653  0.0219  0.2926  0.5892 0 
 45.6611  0.2150 -1.2098  0.0265  0.5476  0.0859  0.3933  0.0569 -0.0003  0.2761 0 
 42.4231 -0.5195 -2.3687  0.0385  0.4142  0.0237  0.1783  0.0081 -0.0003  0.1862 0 
 41.6358  0.5301  0.7972  0.1620  0.3520  0.0358  0.3583  0.1867 -0.0003  0.8170 0 
 42.4964  0.5019 -0.1510  0.1120  0.2864  0.0461  0.2672  0.1536 -0.0003  0.6569 0 
 33.5729 -0.4962  2.9858  0.0390  0.1777  0.0965  0.2851  0.0091 -0.0003  0.1640 0 
 46.3020 -0.7506 -0.5832  0.0638  0.3130  0.2250  0.4790  0.0466  0.9906  0.9155 1 
 33.5454  0.7553  2.5443  0.0992  0.4982  0.0561  0.2852  0.0169  0.4875  0.9956 1 
 42.5513 -0.7184  0.2217  0.0171  0.4409  0.1179  0.3562  0.0414 -0.0003  0.2249 0 
 42.2736  0.7111 -2.8833  0.0241  0.1339  0.0160  0.1338 -0.0200 -0.0003  0.0820 0 
 43.4089  0.2201  3.0970  0.0034  0.3634  0.0412  0.3543  0.0378 -0.0003  0.1204 0 
 37.1008 -0.2902 -0.0350  0.0273  0.0901  0.0888  0.2773  0.0958 -0.0003  0.1113 0 
 42.2766  0.1951  0.4939  0.1646  0.2024  0.0884  0.1784  0.2790  0.6587  0.9990 1 
 35.8038 -0.1695 -2.6192  0.7212  0.4575  0.0281  0.4201  0.5347  0.1089  0.9978 1 
 46.1677  0.5577 -0.4412  0.6645  0.4545  0.1885  0.4793  0.1122 -0.0003  0.9915 1 
 41.4343 -0.5926  2.6446  0.2161  0.5440  0.0317  0.4932  0.2047 -0.0003  0.9203 1 
 40.6622  0.2141  0.2794  0.0547  0.1683  0.0480  0.2254  0.0060 -0.0003  0.1648 0 
 36.6674 -0.1846 -2.8008  0.0268  0.5050  0.0159  0.2318  0.0102 -0.0003  0.1333 0 
 55.3536 -0.7497  2.3471  0.0367  0.1814  0.0436  0.4161  0.0385 -0.0003  0.1573 0 
 47.5959  0.7534 -0.8171  0.0426  0.7273  0.0660  0.3026  0.1706 -0.0003  0.7276 0 
 31.0552  0.5206  0.9940  0.3945  0.5992  0.0352  0.2916  0.4147  0.3367  0.9992 1 
 19.9222 -0.5065 -2.1388  0.0268  0.4439  0.0118  0.2233  0.1218  0.1206  0.3152 1 
 54.8318 -0.2260  0.0324  0.0117  0.3885  0.0727  0.2085  0.0887 -0.0003  0.3186 0 
 36.7132  0.2335 -3.0748  0.1227  0.7226  0.0190  0.4171  0.0106 -0.0003  0.6944 0 
 50.4067  0.3634  0.0877  0.0140  0.1493  0.0237  0.2130  0.0089 -0.0003  0.0545 0 
 36.8658 -0.3646 -3.0403  0.0000  0.1933  0.0057  0.0926 -0.0200 -0.0003  0.0874 0 
 47.8523  0.4227 -0.7723  0.0315  0.2879  0.1277  0.2159  0.0555 -0.0003  0.2857 0 
 45.6550 -0.3904  2.3806  0.0028  0.3928  0.0129  0.3059  0.0450 -0.0003  0.0627 0 
 45.2430  0.7328  0.3070  0.0131  0.4895  0.0176  0.3067  0.0623  0.0343  0.1381 0 
 37.0184 -0.7430 -2.8617  0.0538  0.3518  0.0340  0.4162  0.0590  0.0398  0.4167 0 
 51.3649  0.3931 -1.5411  0.0142  0.1103  0.0228  0.3392  0.0762 -0.0003  0.0532 0 
 43.7018 -0.3948  1.6129  0.0664  0.6712  0.0231  0.1326  0.0222 -0.0003  0.2699 0 
 57.9294 -0.6273  2.0819  0.0270  0.0422  0.2711  0.2468  0.0296 -0.0003  0.0526 0 
 46.9825  0.6291 -1.1717  0.0032  0.2005  0.0228  0.3036  0.0114 -0.0003  0.0518 0 
 50.8827  0.0059  3.0606  0.0812  0.1277  0.0518  0.3400  0.0184 -0.0003  0.1877 0 
 38.5077 -0.0032 -0.0738  0.0033  0.4164  0.0602  0.3659  0.0248 -0.0003  0.1650 0 
 48.4291  0.5701  1.6550  0.0109  0.2994  0.0814  0.3874  0.0600 -0.0003  0.1732 0 
 48.3040 -0.5656 -1.5354  0.0690  0.1977  0.0990  0.3446  0.0912 -0.0003  0.3754 0 
 45.7160  0.4134  0.7512  0.0014  0.1612  0.0768  0.3495  0.0080 -0.0003  0.0909 0 
 34.1009 -0.3818 -2.4035  0.1577  0.2456  0.0560  0.3785  0.0291 -0.0003  0.5168 0 
 57.7981  0.5794 -0.7864  0.0565  0.3710  0.1519  0.4528  0.0202  0.2096  0.5362 0 
 48.9235 -0.5891  2.3309  0.0242  0.4721  0.0565  0.5151  0.0150 -0.0003  0.2371 0 
 50.1534 -0.7354  2.4346  0.0112  0.4508  0.0358  0.3839  0.0701 -0.0003  0.1649 0 
 40.7233  0.7230 -0.7095  0.0132  0.1081  0.0171  0.1802  0.0081 -0.0003  0.0458 0 
 50.0221 -0.4427  2.6244  0.1893  0.3957  0.0240  0.2988  0.1153 -0.0003  0.6267 0 
 47.1107  0.4320 -0.5081  0.0546  0.3836  0.0354  0.3901  0.0744 -0.0003  0.3504 0 
 46.0883  0.3129  1.3384  0.0181  0.1378  0.0576  0.2180  0.0078 -0.0003  0.0990 0 
 43.9307 -0.3117 -1.8065  0.0193  0.2153  0.0339  0.2207  0.0324 -0.0003  0.0856 0 
 43.4760 -0.0214 -2.5668  0.0302  0.3170  0.0087  0.1771  0.0256 -0.0003  0.0905 0 
 43.0854  0.0269  0.5554  0.0453  0.0942  0.0636  0.3550  0.0167  0.2428  0.2999 0 
 53.3700  0.5793 -2.3994  0.0056  0.2966  0.0287  0.1680  0.0761 -0.0003  0.1091 0 
 45.1362 -0.5794  0.6924  0.0194  0.1856  0.0444  0.2630  0.0843 -0.0003  0.1086 0 
 46.3264 -0.7396  1.9068  0.0548  0.1371  0.0346  0.4354 -0.0200 -0.0003  0.1688 0 
 35.3918  0.7339 -1.2447  0.0380  0.7856  0.0164  0.2809  0.1829 -0.0003  0.3403 0 
 44.4831 -0.6413 -1.6830  0.1659  0.4194  0.0880  0.5721  0.3483  0.2471  0.9787 1 
 42.8321  0.6244  1.4762  0.2151  0.6726  0.0586  0.2667  0.2093  0.1588  0.9288 1 
 46.0029  0.7837 -1.8193  0.0008  0.0398  0.0304  0.1309  0.0143 -0.0003  0.0600 0 
 42.1851 -0.7852  1.3784  0.0247  0.4479  0.1404  0.3570  0.1065 -0.0003  0.3288 0 
 46.2409 -0.7027 -0.8981  0.2314  0.2147  0.0964  0.4356  0.3704 -0.0003  0.9854 1 
 41.6815  0.7124  2.1879  0.2036  0.6768  0.0759  0.3582  0.1767 -0.0003  0.9597 1 
 50.5837 -0.5697  2.9615  0.0244  0.2635  0.0305  0.2979  0.1035 -0.0003  0.1384 0 
 45.4078  0.5744 -0.1783  0.0529  0.5227  0.0161  0.2188  0.0374 -0.0003  0.1689 0 
 42.8168  0.6986 -0.6703  0.0231  0.5256  0.0457  0.4000  0.0320 -0.0003  0.2412 0 
 41.0864 -0.6940  2.4641  0.0133  0.4274  0.0573  0.4045  0.0157 -0.0003  0.1927 0 
 48.4535 -0.0026  1.1001  0.2367  0.5973  0.0786  0.1721  0.2567 -0.0003  0.9753 0 
 31.3481 -0.0200 -2.0885  0.0199  0.3042  0.0021  0.1939  0.0723  0.0530  0.1025 0 
 50.1350 -0.6869  2.3205  0.0027  0.4708  0.0290  0.2986  0.0936 -0.0003  0.1237 0 
 49.8756  0.7023 -0.8727  0.0240  0.4512  0.1794  0.5980  0.0346 -0.0003  0.2787 0 
 47.1504 -0.7724  0.9164  0.1801  0.5242  0.0422  0.3034  0.2809 -0.0003  0.9379 1 
 46.0426  0.7696 -2.2136  0.4940  0.6819  0.0438  0.4797  0.7371 -0.0003  0.9983 1 
 48.1147 -0.3287  0.1980  0.0280  0.8360  0.0348  0.3449  0.0228  0.1345  0.5018 0 
 47.6265  0.3250 -2.9414  0.0031  0.4579  0.0633  0.4755  0.0886 -0.0003  0.1973 0 
 45.0721 -0.0995 -2.0964  0.1157  0.5577  0.0261  0.5701  0.1699  0.0947  0.8526 1 
 26.9047  0.1176  1.0450  0.4755  0.2642  0.0266  0.3550  0.3680  0.1100  0.9954 1 
 49.3324  0.7153 -2.2051  0.0245  0.1940  0.0640  0.2142  0.0070 -0.0003  0.1566 0 
 43.8819 -0.7025  0.9566  0.0067  0.1617  0.1061  0.2208  0.0063 -0.0003  0.1066 0 
 40.9766  0.1252  0.5031  0.4475  0.5552  0.0382  0.4498  0.2758  0.3072  0.9985 1 
 40.7691 -0.1112 -2.6137  0.2172  0.5367  0.0934  0.4954  0.1096 -0.0003  0.8672 1 
 45.9052 -0.1830  2.2250  0.0115  0.6238  0.0452  0.2182  0.0594 -0.0003  0.2507 0 
 41.4038  0.2015 -0.9085  0.0293  0.4533  0.0312  0.3140  0.0346 -0.0003  0.1869 0 
 51.7708  0.0171 -0.8702  0.1772  0.2376  0.0489  0.4231  0.1089 -0.0003  0.6971 0 
 44.0284  0.0241  2.2688  0.0275  0.4086  0.0657  0.3971  0.0932 -0.0003  0.3124 0 
 40.2747  0.4073 -2.4159  0.1654  0.4571  0.0224  0.3615  0.0767 -0.0003  0.5965 0 
 37.5891 -0.4203  0.7488  0.2452  0.4805  0.0545  0.4605  0.3828 -0.0003  0.9905 0 
 50.3639  0.5014  2.4244  0.3745  0.2634  0.0592  0.2983  0.2280 -0.0003  0.9739 1 
 44.7486 -0.4925 -0.6760  0.1929  0.6010  0.0649  0.4833  0.2617 -0.0003  0.9721 1 
 40.2625  0.7730 -0.6524  0.1677  0.4490  0.0314  0.7230  0.2255 -0.0003  0.9411 1 
 39.3591 -0.7711  2.4903  0.0217  0.4003  0.1472  0.5002  0.1196  0.9641  0.9824 1 
 53.7545 -0.6134 -2.2148  0.1681  0.2466  0.0900  0.5030  0.1574  0.0496  0.8829 0 
 46.8391  0.5959  0.8815  0.0284  0.0728  0.1304  0.3907  0.0084  0.1653  0.1138 0 
 46.3325  0.4864  1.5065  0.4981  0.3060  0.0844  0.1741  0.3968  0.6923  0.9999 1 
 17.4350 -0.4543 -1.5373  0.2130  0.6248  0.0226  0.4090  0.2543 -0.0003  0.9194 1 
 43.9155  0.7108  2.3915  0.0381  0.8676  0.0328  0.5298  0.0673 -0.0003  0.4219 0 
 33.2158 -0.7218 -0.7866  0.0120  0.4711  0.0762  0.3337  0.0262  0.6011  0.9839 0 
 41.2360  0.7767 -0.2457  0.0050  0.4467  0.1527  0.4939  0.1142 -0.0003  0.2681 0 
 35.9045 -0.8044  2.9135  0.0181  0.3509  0.1077  0.4197  0.0782 -0.0003  0.2355 0 
 48.3528 -0.1805 -1.7291  0.0923  0.3895  0.0758  0.4737  0.1033 -0.0003  0.5902 1 
 39.6674  0.1747  1.3966  0.0612  0.5817  0.0890  0.3176  0.0104 -0.0003  0.3615 1 
 42.8260  0.3680  0.7396  0.0902  0.3688  0.0334  0.2667  0.0342 -0.0003  0.3787 1 
 27.7165 -0.3606 -2.3062  0.0946  0.4209  0.0510  0.2011  0.1215  0.1714  0.7818 1 
 41.5717  0.6124  3.0772  0.0120  0.1139  0.1041  0.3136  0.0161 -0.0003  0.0740 0 
 40.6744 -0.5940 -0.0422  0.0276  0.5058  0.1239  0.4957  0.0101 -0.0003  0.2460 0 
 47.5807  0.4855  1.1466  0.0315  0.5998  0.0444  0.4756  0.0840 -0.0003  0.3580 0 
 41.9409 -0.4563 -1.9558  0.1551  0.4913  0.0343  0.3129  0.2200  0.1763  0.9051 0 
 46.5034  0.5253 -2.6813  0.0713  0.0695  0.0357  0.2610  0.0262 -0.0003  0.0789 0 
 39.7192 -0.5247  0.4912  0.0050  0.3822  0.0238  0.3175  0.0513  0.0814  0.2027 0 
 48.8167  0.6774  0.2617  0.0656  0.2587  0.0488  0.4295  0.1010 -0.0003  0.4089 0 
 40.3449 -0.6810 -2.8704  0.0302  0.2000  0.0481  0.4065  0.1160 -0.0003  0.2158 0 
 45.9388 -0.4816 -2.5240  0.1321  0.3431  0.0666  0.3927  0.1133  0.1236  0.8378 0 
 39.3835  0.4875  0.6524  0.0242  0.1639  0.0374  0.4546  0.0338 -0.0003  0.1218 0 
 43.6744 -0.3991 -3.0507  0.0458  0.2504  0.0798  0.2211  0.0716 -0.0003  0.3319 0 
 42.3651  0.3722  0.0904  0.0241  0.1783  0.0789  0.2675  0.1771 -0.0003  0.3133 0 
 45.7282  0.7993 -1.2044  0.0483  0.1648  0.0667  0.3495  0.0903 -0.0003  0.2283 0 
 45.3895 -0.8040  1.9887  0.0072  0.1730  0.2059  0.3940  0.0283 -0.0003  0.1380 0 
 45.1148 -0.2154 -0.8412  0.0787  0.1818  0.0377  0.3069  0.0394 -0.0003  0.2124 0 
 40.8362  0.2248  2.2951  0.0097  0.1171  0.0314  0.0900  0.0045 -0.0003  0.0862 0 
 51.6243  0.5377  0.2577  0.0210  0.2051  0.0262  0.2117  0.0114 -0.0003  0.0773 0 
 46.8025 -0.5336 -2.8754  0.0389  0.4421  0.0268  0.6079  0.0361 -0.0003  0.3530 0 
 54.0047 -0.2850  1.3972  0.0226  0.6320  0.0826  0.7954  0.0060 -0.0003  0.2850 0 
 41.1841  0.2940 -1.7555  0.0048  0.2672  0.0208  0.2246  0.0580 -0.0003  0.0613 0 
 48.1422  0.1375 -2.8540  0.0153  0.1952  0.0384  0.4311  0.0064 -0.0003  0.1135 0 
 44.2908 -0.1168  0.2940  0.0121  0.5078  0.0142  0.3084  0.1414 -0.0003  0.1430 0 
 43.5889 -0.1674 -0.4795  0.0006  0.1049  0.0607  0.3539  0.0378 -0.0003  0.0685 0 
 42.2705  0.1845  2.6586  0.0594  0.3257  0.0186  0.3568  0.2286 -0.0003  0.4294 0 
 43.8880 -0.6889 -2.0881  0.0739  0.2953  0.0187  0.3533  0.0704  0.0994  0.5091 0 
 41.1475  0.6698  1.0932  0.0256  0.2260  0.1168  0.4043  0.0502 -0.0003  0.1867 0 
 46.8482  0.5656  0.8615  0.0176  0.0927  0.0086  0.0868  0.0074 -0.0003  0.0529 0 
 36.0937 -0.5536 -2.2810  0.0175  0.0597  0.0275  0.2794  0.0084 -0.0003  0.0516 0 
 46.7414 -0.2127  0.1569  0.0127  0.2341  0.0584  0.2172  0.0318 -0.0003  0.1418 0 
 40.2625  0.2085 -2.9993  0.0591  0.1435  0.0579  0.3615  0.0405  0.1483  0.3657 0 
 58.2681  0.0342  0.3632  0.0258  0.7972  0.1378  0.3286  0.0275 -0.0003  0.3176 0 
 43.3448  0.0003 -2.7928  0.1170  0.1141  0.0427  0.3101  0.1158  0.0611  0.5098 0 
 45.0263  0.2563 -1.4608  0.0172  0.4426  0.0190  0.2632  0.0538 -0.0003  0.1043 0 
 43.9399 -0.2604  1.6675  0.0035  0.3343  0.0547  0.3090  0.0084 -0.0003  0.1560 0 
 54.8470 -0.4740  2.2139  0.0301  0.4564  0.1891  0.5004  0.0140 -0.0003  0.2659 0 
 41.0620  0.4819 -0.9127  0.0527  0.6031  0.0142  0.3596  0.0557 -0.0003  0.2294 0 
 46.1036  0.7997  0.9926  0.1100  0.0726  0.0456  0.0872  0.0914 -0.0003  0.2165 0 
 43.0762 -0.7915 -2.1282  0.0661  0.4001  0.0453  0.4438  0.0361 -0.0003  0.4146 0 
 53.9376 -0.6171 -1.0528  0.0912  0.2913  0.0460  0.3350  0.1463 -0.0003  0.5861 0 
 22.6871  0.4711  2.1954  0.0642  0.2434  0.1520  0.5884  0.1350  0.8546  0.9552 0 
 48.7434  0.7257 -0.1511  0.0067  0.8326  0.0173  0.2148  0.0071 -0.0003  0.1448 0 
 47.3701 -0.7224  2.9824  0.0010  0.1199  0.0229  0.3030  0.0532 -0.0003  0.0395 0 
 47.0588  0.7904  2.7312  0.0369  0.1264  0.0360  0.3902  0.0624  0.0816  0.2208 0 
 45.8228 -0.8015 -0.3953  0.1363  0.3511  0.0380  0.4366  0.1789 -0.0003  0.7987 0 
 50.2846 -0.2657 -2.1710  0.0402  0.4081  0.0175  0.2984  0.0375 -0.0003  0.1348 0 
 44.8951  0.2637  0.9749  0.0140  0.2327  0.0119  0.2634  0.0118 -0.0003  0.0509 0 
 42.4903  0.7840  2.1925  0.0378  0.2332  0.0452  0.3118  0.0565  0.2352  0.5430 1 
 35.9625 -0.7875 -1.0438  0.1899  0.6403  0.0314  0.3729  0.2252 -0.0003  0.9115 1 
 45.4444  0.7560  2.4250  0.3025  0.2546  0.1358  0.3938  0.1003 -0.0003  0.8686 1 
 43.2929 -0.7659 -0.7477  0.0837  0.4457  0.0257  0.2659  0.1528 -0.0003  0.4786 1 
 42.2339 -0.6156  1.9683  0.0102  0.1468  0.0781  0.3569  0.0334 -0.0003  0.0931 0 
 37.6745  0.6236 -1.1495  0.1017  0.5639  0.0417  0.5062  0.0674  0.0633  0.7189 0 
 44.6723  0.6969 -2.4057  0.0010  0.1411  0.0334  0.3077  0.1044 -0.0003  0.0616 0 
 42.1424 -0.6947  0.7508  0.0283  0.2150  0.0265  0.4464  0.0355 -0.0003  0.1301 0 
 46.7445 -0.6788  1.5198  0.0356  0.0863  0.1609  0.1303  0.0058 -0.0003  0.0799 0 
 46.6865  0.6972 -1.6234  0.0794  0.1574  0.0386  0.3476  0.0224 -0.0003  0.2003 0 
 61.8448 -0.0958  0.7798  0.0196  0.1237  0.0695  0.2429  0.0212 -0.0003  0.0952 0 
 46.6957  0.1130 -2.4047  0.1087  0.3228  0.0796  0.3910  0.0233 -0.0003  0.4786 0 
 43.7873 -0.7353  1.6992  0.0959  0.5078  0.0311  0.3093  0.1374 -0.0003  0.6192 0 
 43.7598  0.7517 -1.4364  0.0927  0.7873  0.0543  0.4419  0.0381 -0.0003  0.6618 0 
 46.0639 -0.1537 -0.1637  0.0281  0.6068  0.0670  0.4796  0.0158 -0.0003  0.2526 0 
 45.4414  0.1921  2.9874  0.0064  0.1906  0.0465  0.6564  0.0599  0.1065  0.2631 0 
 49.3111 -0.3664 -2.4462  0.0236  0.3051  0.0497  0.5141  0.0744 -0.0003  0.2519 0 
 46.4790  0.3701  0.7114  0.0139  0.6274  0.0373  0.2610  0.0333 -0.0003  0.2062 0 
 51.6915  0.1502 -2.7378  0.2843  0.5466  0.1163  0.5926  0.4544 -0.0003  0.9978 1 
 51.5419 -0.1643  0.3846  0.1619  0.6633  0.0559  0.5083  0.1804 -0.0003  0.9296 1 
 48.0659 -0.3103  3.1241  0.0378  0.4931  0.0835  0.5606  0.0373 -0.0003  0.3011 1 
 27.1580  0.2908  0.0119  0.4571  0.4101  0.0400  0.3541  0.4361 -0.0003  0.9963 1 
 50.2022  0.4528 -1.1953  0.0077  0.1971  0.1145  0.4265  0.0085 -0.0003  0.1207 0 
 45.9724 -0.4651  1.9293  0.0113  0.5786  0.0354  0.1745  0.0057 -0.0003  0.2498 0 
 45.1087 -0.6616  2.4142  0.3526  0.1205  0.0533  0.2630  0.4034 -0.0003  0.9815 1 
 43.0121  0.6338 -0.7284  0.0435  0.0615  0.0350  0.4884  0.0323 -0.0003  0.1119 1 
 43.0182  0.6220  0.5408  0.1025  0.5230  0.2267  0.7103  0.1213  0.4510  0.9453 1 
 36.9390 -0.6305 -2.5259  0.0360  0.5717  0.0239  0.3239  0.0495 -0.0003  0.1995 1 
 47.7913  0.0289  2.6617  0.0428  0.2973  0.0708  0.2591  0.0278 -0.0003  0.2837 0 
 40.6897 -0.0355 -0.4788  0.0230  0.4333  0.0604  0.4506  0.0616  0.2786  0.5924 0 
 52.6589 -0.7488  1.2856  0.0300  0.5791  0.0435  0.2949  0.1397 -0.0003  0.4365 0 
 38.1079  0.7415 -1.8732  0.0055  0.2390  0.0372  0.4587  0.0060 -0.0003  0.1147 0 
 49.4545  0.6649 -0.5326  0.0243  0.3913  0.0249  0.2569  0.0187 -0.0003  0.1322 0 
 49.2012 -0.6511  2.6345  0.0364  0.0649  0.0269  0.3429  0.0060 -0.0003  0.0645 0 
 49.6284  0.0884  0.1728  0.0572  0.2139  0.0838  0.3849  0.0917 -0.0003  0.3435 0 
 44.3641 -0.1009 -2.9239  0.0049  0.3900  0.0845  0.4403  0.0500  0.2588  0.4410 0 
 51.3832  0.3999 -1.5767  0.0282  0.0392  0.0093  0.0848  0.0073 -0.0003  0.0532 0 
 42.1332 -0.3903  1.5508  0.0049  0.6444  0.0264  0.4018  0.0748 -0.0003  0.1471 0 
 45.1484 -0.7859  2.9965  0.1922  0.4406  0.0973  0.5260  0.2120  0.1905  0.9609 1 
 36.7376  0.8008 -0.1504  0.2176  0.7972  0.0195  0.1854  0.1353  0.1757  0.8657 1 
 47.8279  0.5000  2.4571  0.0295  0.2627  0.0395  0.2591  0.0801 -0.0003  0.1613 0 
 41.6785 -0.4795 -0.6788  0.0442  0.1065  0.0370  0.4925 -0.0200 -0.0003  0.1454 0 
 46.7109  0.3741 -1.3016  0.0602  0.2762  0.0308  0.4344  0.2297 -0.0003  0.5174 0 
 42.8931 -0.3612  1.8180  0.0075  0.0743  0.0085  0.2222  0.0130 -0.0003  0.0341 0 
 48.3223  0.1415  0.6577  0.0240  0.4785  0.0626  0.3876  0.1505 -0.0003  0.4207 0 
 39.7223 -0.1578 -2.4775  0.2607  0.3252  0.0511  0.6803  0.1386 -0.0003  0.9228 0 
 41.2665  0.2629  0.8208  0.1282  0.3128  0.0576  0.2244  0.2563  0.3675  0.9855 1 
 38.0194 -0.2608 -2.3296  0.3526  0.4562  0.0282  0.5049  0.6061 -0.0003  0.9976 1 
 44.6632 -0.7559  1.1768  0.0169  0.2155  0.1690  0.4396  0.0285 -0.0003  0.1735 0 
 33.9147  0.7390 -1.9750  0.0211  0.3913  0.0726  0.3791  0.0080 -0.0003  0.2099 0 
 48.7556 -0.7620 -0.6390  0.1252  0.1641  0.0654  0.5586  0.1291 -0.0003  0.6801 1 
 45.8350  0.7669  2.4178  0.2731  0.4500  0.1208  0.5239  0.2996 -0.0003  0.9926 1 
 46.8940 -0.1116  1.1754  0.1597  0.4459  0.1045  0.3038  0.1492 -0.0003  0.8802 1 
 46.5064  0.1624 -1.9684  0.2546  0.3487  0.0765  0.3045  0.2132 -0.0003  0.9572 1 
 53.7026 -0.3759 -0.7321  0.0037  0.2336  0.0704  0.5031  0.0320 -0.0003  0.1360 0 
 48.6427  0.3869  2.3898  0.0407  0.1912  0.0097  0.2150  0.1242 -0.0003  0.1109 0 
 45.6397  0.5396 -1.8840  0.0539  0.2197  0.0488  0.5245  0.2372 -0.0003  0.5195 0 
 39.7375 -0.5561  1.2528  0.0590  0.6168  0.0412  0.2721  0.0429 -0.0003  0.4443 0 
 41.9654  0.4006 -1.8997  0.0239  0.4987  0.0903  0.4916  0.0847  0.3308  0.6552 0 
 38.3307 -0.4073  1.2209  0.1081  0.2296  0.0178  0.2290  0.0855 -0.0003  0.2395 0 
 42.5025  0.4883 -2.7532  0.0967  0.4464  0.0409  0.3118  0.0368 -0.0003  0.5263 1 
 40.7385 -0.5117  0.3522  0.1546  0.3345  0.0472  0.3604  0.3646 -0.0003  0.9364 1 
 40.1160 -0.0987 -0.9263  0.0223  0.4630  0.0262  0.4524  0.0873 -0.0003  0.2287 0 
 37.1435  0.0879  2.2107  0.0245  0.4320  0.0127  0.2310  0.0329 -0.0003  0.1010 0 
 49.1005  0.3983 -2.8233  0.0114  0.2846  0.0725  0.2144  0.0012 -0.0003  0.2110 0 
 43.4577 -0.3925  0.2958  0.0171  0.1464  0.0131  0.2656  0.0161 -0.0003  0.0405 0 
 41.9471 -0.7946  2.4372  0.0080  0.1458  0.0571  0.1341  0.0121 -0.0003  0.1117 0 
 39.4049  0.8016 -0.7664  0.0040  0.2792  0.0181  0.4091  0.0368 -0.0003  0.0651 0 
 47.2572 -0.6883  1.1149  0.0037  0.1083  0.0523  0.2599  0.0192 -0.0003  0.0675 0 
 38.3062  0.6969 -2.0119  0.0101  0.3679  0.0543  0.2748  0.0054 -0.0003  0.1985 0 
 53.3852  0.5820  0.2107  0.0241  0.3923  0.1482  0.5878  0.0471 -0.0003  0.2782 0 
 45.8778 -0.5685 -2.9473  0.0596  0.4592  0.1353  0.2619  0.0240 -0.0003  0.3522 0 
 48.5695  0.5550  1.7981  0.0192  0.2902  0.0839  0.3011  0.0065 -0.0003  0.1909 0 
 45.4871 -0.5613 -1.3673  0.0049  0.5515  0.0457  0.6125  0.0408 -0.0003  0.1981 0 
 46.1433 -0.5282  0.2537  0.0409  0.2438  0.2040  0.4794  0.0744 -0.0003  0.3169 0 
 44.5289  0.5166 -2.8552  0.0080  0.1509  0.0616  0.2200  0.1537 -0.0003  0.1767 0 
 48.0201  0.3253 -0.3780  0.0122  0.3626  0.0460  0.7333  0.1100 -0.0003  0.3222 0 
 36.9940 -0.3635  2.7638  0.0371  0.2619  0.1054  0.4625  0.0659  0.2788  0.5176 0 
 44.0620 -0.2182  0.3285  0.2292  0.3848  0.0613  0.3529  0.2758  0.0924  0.9612 1 
 34.3145  0.2719 -2.7846  0.0662  0.2980  0.1547  0.4723  0.1523  0.7728  0.9510 1 
 47.2572 -0.0488 -0.4621  0.0267  0.3222  0.0132  0.1733  0.0049 -0.0003  0.1090 0 
 39.6704  0.0447  2.7227  0.0369  0.2536  0.0672  0.3630  0.0391 -0.0003  0.2217 0 
 44.6998  0.4377 -0.7930  0.0446  0.5489  0.0351  0.4395  0.0991  0.0970  0.5910 0 
 44.0864 -0.4442  2.3695  0.0095  0.1953  0.0249  0.3528  0.0192 -0.0003  0.0610 0 
 45.4749  0.0944 -2.8979  0.1204  0.4331  0.0390  0.3937  0.2313  0.1429  0.8913 1 
 43.5370 -0.1116  0.2538  0.4578  0.4490  0.0384  0.3983  0.3948 -0.0003  0.9949 1 
 52.2957  0.6162  3.0576  0.1316  0.3147  0.0247  0.3799  0.0369 -0.0003  0.4652 0 
 43.8025 -0.6278 -0.0503  0.0194  0.5335  0.1124  0.2651  0.0108 -0.0003  0.2277 0 
 40.4883  0.2196 -0.0087  0.3526  0.5019  0.0387  0.1805  0.4052 -0.0003  0.9919 1 
 39.6582 -0.2902  3.1008  0.0980  0.3517  0.0530  0.4992  0.0682 -0.0003  0.5457 1 
 46.7079  0.7506  0.3527  0.0637  0.4281  0.0794  0.3475  0.1142 -0.0003  0.5465 1 
 39.3622 -0.7574 -2.8306  0.3513  0.3936  0.0500  0.5456  0.3155  0.2620  0.9994 1 
 46.8208 -0.0603 -2.3646  0.0513  0.1039  0.0198  0.4342  0.1485  0.0604  0.2905 1 
 19.2966  0.0531  0.8652  0.1270  0.6828  0.0104  0.2257  0.1098  0.1767  0.6969 1 
 53.2479  0.1585  2.3721  0.0222  0.2018  0.0588  0.2941  0.0037 -0.0003  0.1404 0 
 48.3253 -0.1652 -0.8044  0.0334  0.3665  0.1685  0.6460  0.0125 -0.0003  0.3058 0 
 56.1898  0.7424 -1.4172  0.0117  0.1387  0.0243  0.2073  0.0078 -0.0003  0.0536 0 
 31.9768 -0.7467  1.6962  0.0152  0.6732  0.0388  0.1446  0.0143 -0.0003  0.2889 0 
 40.6409 -0.6973  1.1286  0.0062  0.5992  0.1234  0.3606  0.0408 -0.0003  0.2377 0 
 40.6348  0.6967 -2.0355  0.0208  0.1042  0.0413  0.5409  0.2396 -0.0003  0.2358 0 
 45.5116 -0.5792 -0.6100  0.0640  0.2803  0.0382  0.2624  0.1251 -0.0003  0.3674 0 
 42.6032  0.5669  2.6128  0.0903  0.5128  0.0918  0.4451  0.1058 -0.0003  0.5899 0 
 49.4118  0.3235 -2.3788  0.3735  0.6971  0.0246  0.2997  0.4333 -0.0003  0.9946 0 
 47.9866 -0.3354  0.7486  0.0004  0.0287  0.0176  0.2157  0.0939 -0.0003  0.0438 0 
 56.5957 -0.5967 -2.5563  0.0027  0.3493  0.0469  0.1241  0.1754 -0.0003  0.3344 0 
 49.2439  0.5768  0.5443  0.0600  0.2552  0.1084  0.3428  0.0816 -0.0003  0.3769 0 
 46.3203 -0.5200  1.9942  0.2663  0.1974  0.0574  0.3919  0.1871 -0.0003  0.9032 1 
 43.9765  0.5152 -1.1553  0.3660  0.8899  0.0223  0.6621  0.8271 -0.0003  0.9983 1 
 47.6936 -0.6005  0.8557  0.0023  0.5890  0.0703  0.1296  0.0134 -0.0003  0.3715 0 
 42.2980  0.5959 -2.3327  0.0159  0.1582  0.0944  0.4014  0.0849 -0.0003  0.1334 0 
 50.0221 -0.0002 -0.1632  0.2957  0.5154  0.0516  0.4695  0.4285 -0.0003  0.9946 1 
 33.4051  0.0028  3.0073  0.0912  0.2580  0.0342  0.4759  0.0176  0.1018  0.5611 1 
 45.7008 -0.1698  1.5089  0.0458  0.2765  0.0145  0.3932  0.0401 -0.0003  0.1360 0 
 42.9877  0.1606 -1.6287  0.0675  0.5609  0.0123  0.3552  0.1192 -0.0003  0.3273 0 
 50.2815 -0.4082  2.8077  0.1046  0.1069  0.1720  0.5115  0.0875 -0.0003  0.4229 0 
 46.7903  0.3790 -0.3264  0.0489  0.0945  0.0199  0.2171  0.0512 -0.0003  0.0532 0 
 54.2794  0.2746  0.1126  0.0238  0.2317  0.1288  0.3345  0.0034 -0.0003  0.1622 0 
 42.0844 -0.3038 -3.0410  0.0198  0.4426  0.0403  0.4019  0.0820 -0.0003  0.2322 0 
 51.3497 -0.1086  1.9712  0.2667  0.2034  0.0475  0.3392  0.1595 -0.0003  0.8482 1 
 45.3010  0.0910 -1.1177  0.1235  0.1606  0.1997  0.1752  0.0898  0.2638  0.7196 1 
 47.5410  0.1959  0.8402  0.0394  0.2761  0.0924  0.4757  0.0705 -0.0003  0.3037 0 
 45.4841 -0.2281 -2.2576  0.0359  0.4998  0.0257  0.3937  0.0176 -0.0003  0.2369 0 
 34.2779  0.4969  3.0068  0.2380  0.7473  0.0221  0.3307  0.1486 -0.0003  0.8666 0 
 28.7388  0.4609 -0.1472  0.0558  0.1433  0.0232  0.2487  0.0566 -0.0003  0.0851 0 
 44.5991  0.6453 -0.9260  0.0861  0.0703  0.0137  0.2639  0.0120 -0.0003  0.0602 0 
 42.0356 -0.6360  2.2393  0.0072  0.3164  0.0858  0.4914  0.0880 -0.0003  0.1973 0 
 53.9467  0.3482  2.4449  0.0528  0.1452  0.0651  0.3350  0.0433 -0.0003  0.1682 0 
 47.3030 -0.3314 -0.6947  0.0921  0.5262  0.0407  0.3031  0.0974  0.1614  0.7476 0 
 47.4769  0.3743  1.7307  0.0254  0.5933  0.0189  0.1730  0.0526 -0.0003  0.1472 0 
 47.4556 -0.3886 -1.4027  0.0983  0.2961  0.0352  0.4759  0.1326 -0.0003  0.6083 0 
 46.1006 -0.1156  2.9607  0.0131  0.7413  0.0417  0.4795  0.0571  0.2532  0.6145 0 
 42.1332  0.1504 -0.1753  0.0209  0.1173  0.0440  0.4911  0.2018  0.2136  0.5016 0 
 46.4607  0.2903 -1.2063  0.0000  0.1275  0.0670  0.2175  0.0817 -0.0003  0.0878 0 
 31.7754 -0.2702  1.8775  0.0203  0.0990  0.0403  0.2897  0.0104 -0.0003  0.0682 0 
 46.2196 -0.5792 -2.4318  0.0150  0.5649  0.0193  0.2614  0.0172 -0.0003  0.1276 0 
 41.9928  0.5512  0.8027  0.0234  0.3377  0.1417  0.2234  0.0381 -0.0003  0.2513 0 
 47.2175 -0.7624  3.0491  0.0211  0.3892  0.0308  0.3466  0.0285 -0.0003  0.1492 0 
 45.1270  0.7607 -0.1193  0.0726  0.2644  0.0184  0.3068  0.0347 -0.0003  0.1701 0 
 46.3355 -0.2339  0.0954  0.0003  0.2845  0.0521  0.2612  0.0672 -0.0003  0.1168 0 
 45.5695  0.2490 -3.0503  0.0094  0.5704  0.0320  0.3061  0.0046  0.0919  0.3170 0 
 45.2979  0.6771  1.4014  0.0696  0.2308  0.0357  0.3941  0.0366 -0.0003  0.2647 0 
 43.5309 -0.6679 -1.7245  0.0026  0.0762  0.0450  0.5753  0.1225 -0.0003  0.1217 0 
 50.3487 -0.0488 -2.7260  0.0059  0.3803  0.1259  0.3409  0.0521 -0.0003  0.1952 0 
 47.3030  0.0569  0.4293  0.0107  0.2158  0.0317  0.1732  0.0402 -0.0003  0.0798 0 
 48.3528 -0.6271 -2.1884  0.0429  0.5878  0.0357  0.3445  0.0446  0.0661  0.4836 0 
 42.1851  0.6286  0.9572  0.0732  0.6331  0.0207  0.2678  0.1710 -0.0003  0.4636 0 
 48.7678 -0.6978 -1.4433  0.0125  0.1131  0.0235  0.2578  0.1426 -0.0003  0.0759 0 
 46.6041  0.6751  1.6733  0.0705  0.3406  0.1215  0.5651  0.0468 -0.0003  0.4116 0 
 43.3631  0.7094 -0.6169  0.0158  0.3507  0.0599  0.2215  0.0164 -0.0003  0.2353 1 
 41.6785 -0.7117  2.5600  0.4366  0.4329  0.0682  0.3582  0.5353  0.1643  0.9986 1 
 46.0578  0.0478 -1.2277  0.0021  0.2612  0.0697  0.3924  0.0316 -0.0003  0.1261 0 
 43.7446 -0.0233  1.8882  0.0070  0.4144  0.1063  0.4420  0.0537 -0.0003  0.1939 0 
 46.3386  0.6160  2.9655  0.4587  0.2194  0.0410  0.3483  0.3674 -0.0003  0.9916 1 
 40.7721 -0.6135 -0.1731  0.2831  0.7443  0.0157  0.4054  0.3441 -0.0003  0.9771 1 
 42.5513 -0.2418 -1.3418  0.0648  0.0815  0.0307  0.4452  0.0955 -0.0003  0.1707 0 
 41.1719  0.2650  1.7815  0.0122  0.4696  0.0175  0.3593  0.0600 -0.0003  0.1018 0 
 47.5959 -0.3331 -2.0157  0.0200  0.4807  0.0850  0.4756  0.0292 -0.0003  0.2219 0 
 46.2257  0.3338  1.1503  0.0095  0.4951  0.0719  0.5663  0.0078 -0.0003  0.1927 0 
 48.7434 -0.3616  2.6544  0.0053  0.2428  0.1440  0.5586  0.0368 -0.0003  0.1799 0 
 39.7070  0.3322 -0.5068  0.0336  0.3635  0.0288  0.4990  0.0434 -0.0003  0.2549 0 
 43.5920 -0.2991 -0.7642  0.0178  0.2084  0.0239  0.3539  0.0429 -0.0003  0.0697 0 
 42.1668  0.3195  2.4254  0.0818  0.6398  0.0386  0.3571  0.0748 -0.0003  0.6033 0 
 46.8879 -0.4389  1.0790  0.0416  0.5582  0.0600  0.5208  0.1599 -0.0003  0.5226 1 
 46.7903  0.4339 -2.0951  0.1093  0.6392  0.0487  0.4342  0.0794  0.1114  0.7810 1 
 46.7994 -0.3045  1.8328  0.7249  0.3460  0.1117  0.6079  0.3616  0.1135  0.9922 1 
 46.1585  0.3174 -1.2899  0.0236  0.1590  0.0891  0.2615  0.0173 -0.0003  0.1229 1 
 47.6722  0.0807 -0.6814  0.0063  0.6172  0.2217  0.7779  0.0384 -0.0003  0.2851 0 
 45.4414 -0.0964  2.4600  0.0010  0.2569  0.0287  0.2625  0.0909 -0.0003  0.0717 0 
 47.1229  0.6574 -1.1896  0.0547  0.4737  0.0315  0.3468  0.0287 -0.0003  0.3178 0 
 42.3743 -0.6719  1.9082  0.0220  0.4973  0.0453  0.4012  0.0107 -0.0003  0.2301 0 
 39.4873 -0.7135  2.8631  0.1397  0.1956  0.0377  0.4089  0.1288 -0.0003  0.6123 1 
 37.6806  0.6992 -0.2812  0.2181  0.3107  0.0466  0.4602  0.3612 -0.0003  0.9768 1 
 41.5686 -0.2648 -2.1838  0.0290  0.4421  0.0522  0.3584  0.0812 -0.0003  0.3050 0 
 39.6765  0.2408  0.9031  0.0234  0.2214  0.0259  0.4083  0.0324 -0.0003  0.1029 0 
 50.4189  0.0716 -2.1473  0.0343  0.3374  0.0598  0.3834  0.0407 -0.0003  0.2550 0 
 44.3732 -0.0527  0.9934  0.0061  0.2275  0.0292  0.2642  0.0283 -0.0003  0.0620 0 
 50.1930 -0.4416  0.2480  0.0771  0.2195  0.0878  0.3412  0.0397 -0.0003  0.3403 0 
 43.1281  0.4602 -2.9020  0.0702  0.6048  0.0130  0.2662  0.0416 -0.0003  0.2323 0 
 50.4646  0.3449  1.0710  0.0542  0.6414  0.0619  0.5536  0.0567 -0.0003  0.4102 1 
 21.4725 -0.3563 -2.0473  0.3034  0.6718  0.0316  0.3812  0.2509 -0.0003  0.9636 1 
 48.7099  0.0684 -2.4001  0.7299  0.2803  0.0777  0.4298  0.6921 -0.0003  0.9972 1 
 45.0935 -0.0527  0.7327  0.3005  0.4890  0.0731  0.5700  0.4417 -0.0003  0.9967 1 
 51.0658 -0.7057 -2.1620  0.0061  0.0981  0.0900  0.1274  0.0026 -0.0003  0.1087 0 
 49.4148  0.7021  0.9713  0.0166  0.2740  0.0253  0.3425  0.0119 -0.0003  0.0927 0 
 49.5277 -0.6662  0.5780  0.0022  0.5236  0.0651  0.4707  0.0316 -0.0003  0.1688 0 
 43.5431  0.6466 -2.5616  0.0789  0.1584  0.0721  0.1770  0.0576 -0.0003  0.2966 0 
 46.5583 -0.2542  2.2041  0.0436  0.5375  0.1242  0.6522  0.0550 -0.0003  0.3446 1 
 27.7745  0.2988 -0.9220  0.2311  0.4157  0.0234  0.2512  0.2082 -0.0003  0.8068 1 
 53.2357  0.2805  1.0869  0.0484  0.1648  0.0863  0.2941  0.1009 -0.0003  0.2601 0 
 38.9136 -0.2913 -2.1013  0.0442  0.5148  0.0437  0.1825  0.0656 -0.0003  0.3485 0 
 44.8676 -0.2426 -0.2221  0.0504  0.1347  0.0944  0.3512  0.0494 -0.0003  0.1670 0 
 42.2553  0.2597  2.9405  0.0161  0.7770  0.0210  0.2677  0.0092 -0.0003  0.1627 0 
 46.0883 -0.1435 -3.0989  0.0339  0.2815  0.0538  0.4360  0.0152 -0.0003  0.2228 0 
 38.3642  0.1635  0.0317  0.0515  0.4012  0.0058  0.1832  0.0693 -0.0003  0.1281 0 
 44.2573 -0.1647  2.7722  0.4480  0.5862  0.0419  0.4847  0.4883 -0.0003  0.9967 1 
 26.0777  0.1808 -0.3744  0.1882  0.3851  0.0312  0.5121  0.3751  0.2395  0.9925 1 
 56.7178 -0.1076 -1.6140  0.0264  0.3255  0.1359  0.3308  0.0394 -0.0003  0.2293 0 
 48.0293  0.1648  1.4821  0.0075  0.3275  0.0734  0.3019  0.0130  0.1297  0.2684 0 
 42.4445 -0.0666 -1.4037  0.1662  0.3683  0.0438  0.3564  0.0628 -0.0003  0.6404 1 
 38.7243  0.0790  1.7492  0.2985  0.5617  0.0348  0.3654  0.4022 -0.0003  0.9906 1 
 52.5185  0.5641 -0.4021  0.0202  0.1937  0.0478  0.4638  0.0519 -0.0003  0.1491 0 
 41.0437 -0.5699  2.7343  0.0385  0.4745  0.0230  0.2248  0.1370 -0.0003  0.2316 0 
 46.3233  0.0602  0.7409  0.0428  0.1803  0.0385  0.4354  0.0217 -0.0003  0.1685 0 
 45.8503 -0.0327 -2.3602  0.1818  0.4561  0.0302  0.3929  0.2333 -0.0003  0.8904 0 
 46.5248 -0.2996  2.4144  0.0667  0.1398  0.1009  0.2609  0.0753 -0.0003  0.2522 0 
 38.0896  0.2993 -0.7935  0.0095  0.2752  0.0125  0.2294  0.0264 -0.0003  0.0555 0 
 47.7333 -0.6689  2.8742  0.0597  0.5614  0.0541  0.4752  0.2501  0.1672  0.8773 0 
 42.9419  0.6752 -0.2828  0.0031  0.4057  0.0392  0.3109  0.0125  0.1530  0.3314 0 
 49.0761  0.1477 -2.1803  0.0463  0.3890  0.0393  0.4718  0.0893 -0.0003  0.3882 0 
 46.0945 -0.1244  0.9731  0.0425  0.7798  0.0591  0.4359  0.2161 -0.0003  0.7705 0 
 50.4006 -0.4280  2.4851  0.0060  0.3269  0.1355  0.4260  0.0341 -0.0003  0.1772 0 
 36.0174  0.4458 -0.6674  0.0012  0.2583  0.0140  0.2796  0.0622 -0.0003  0.0452 0 
 43.0854  0.1820  1.5648  0.0148  0.5090  0.1804  0.6656  0.1646 -0.0003  0.4087 0 
 41.5320 -0.1872 -1.5853  0.0015  0.3343  0.0730  0.4033  0.0311 -0.0003  0.1454 0 
 46.6346 -0.7765  2.5500  0.0040  0.5931  0.0419  0.4781  0.0688  0.0605  0.2728 1 
 45.8961  0.7768 -0.5447  0.1874  0.4218  0.0688  0.1746  0.2694 -0.0003  0.9373 1 
 50.5714  0.4760 -2.7071  0.0296  0.3545  0.1242  0.2980  0.0074 -0.0003  0.2205 0 
 45.9113 -0.4811  0.4262  0.0558  0.2175  0.0136  0.2182  0.1275 -0.0003  0.1638 0 
 43.9002 -0.0279 -2.1806  0.0194  0.5164  0.0139  0.4416  0.0170 -0.0003  0.1479 0 
 42.8565  0.0088  0.9553  0.0265  0.6410  0.0511  0.3111  0.0355 -0.0003  0.3071 0 
 46.6285  0.0513 -0.3985  0.0477  0.3428  0.0349  0.3477  0.0820 -0.0003  0.2756 0 
 43.5645 -0.0245  2.8030  0.0847  0.3717  0.0625  0.2655  0.0789 -0.0003  0.5586 0 
 51.4778 -0.4429  2.1255  0.0730  0.6690  0.0920  0.4661  0.0666 -0.0003  0.4712 0 
 45.3223  0.4211 -0.9954  0.0269  0.1520  0.0313  0.2190  0.0080 -0.0003  0.0751 0 
 51.6762 -0.3345  0.4345  0.0506  0.6535  0.0401  0.4233  0.0573 -0.0003  0.4337 0 
 48.6824  0.3375 -2.6941  0.0329  0.2875  0.0272  0.2579  0.1030 -0.0003  0.1582 0 
 49.6651 -0.2763  2.8971  0.0078  0.2120  0.1668  0.3421  0.0540 -0.0003  0.1498 0 
 47.9805  0.2882 -0.2128  0.0000  0.1543  0.0061  0.0431  0.0231 -0.0003  0.0671 0 
 46.8849  0.4643  0.7718  0.1584  0.4097  0.0485  0.4774  0.1528  0.1066  0.8905 0 
 37.7508 -0.4320 -2.3397  0.1438  0.2223  0.0292  0.5979  0.1002  0.1256  0.8500 0 
 44.3671 -0.5345  2.7386  0.0163  0.0834  0.1798  0.2642  0.0290 -0.0003  0.0589 0 
 41.5778  0.5247 -0.3748  0.0444  0.0411  0.0917  0.4032  0.0228 -0.0003  0.0754 0 
 45.2705  0.3610  2.3290  0.0153  0.6292  0.0573  0.3942  0.0671 -0.0003  0.2607 1 
 33.9269 -0.3949 -0.7662  0.2545  0.4098  0.0370  0.2369  0.2388  0.3661  0.9977 1 
 52.9549 -0.5363 -1.3343  0.0813  0.5162  0.0562  0.2945  0.0977 -0.0003  0.6495 0 
 26.9657  0.5500  1.8060  0.0774  0.5764  0.0290  0.3548  0.0114  0.2137  0.7593 0 
 47.3976  0.6401  1.4351  0.1972  0.3870  0.2034  0.5193  0.2783 -0.0003  0.9817 0 
 45.2644 -0.6318 -1.6823  0.0092  0.2478  0.0287  0.4380  0.0468 -0.0003  0.0975 0 
 48.4077  0.1379 -1.3146  0.0104  0.5274  0.2016  0.6026  0.1414 -0.0003  0.3431 0 
 43.4699 -0.1194  1.8083  0.0884  0.2384  0.1053  0.4870  0.1984 -0.0003  0.7261 0 
 46.2013  0.5509  1.5614  0.0198  0.1380  0.3342  0.5664  0.0377  0.3197  0.3671 0 
 38.1598 -0.5477 -1.5835  0.0000  0.2924  0.0185  0.0459  0.0900 -0.0003  0.1513 0 
 49.0700  0.0444  1.0754  0.0043  0.6208  0.0290  0.0858 -0.0010 -0.0003  0.2649 0 
 46.6651 -0.0519 -2.0855  0.0207  0.2756  0.0707  0.4780  0.0717  0.0407  0.2689 0 
 46.4027 -0.2718 -2.8164  0.0557  0.4744  0.1280  0.4352  0.1071 -0.0003  0.4181 0 
 43.2013  0.2805  0.3124  0.1635  0.5075  0.0490  0.3548  0.1055 -0.0003  0.8040 0 
 40.2777  0.4830 -2.0157  0.0035  0.5613  0.0356  0.3163  0.0975 -0.0003  0.1718 0 
 39.0082 -0.4951  1.0771  0.0502  0.3839  0.0801  0.3647  0.1249 -0.0003  0.4831 0 
 49.1829  0.4792  2.4101  0.0548  0.7177  0.0160  0.3858  0.0817 -0.0003  0.3207 0 
 44.5289 -0.4765 -0.7207  0.0140  0.4674  0.0615  0.1760  0.0079 -0.0003  0.3242 0 
 48.6427  0.3520  1.8427  0.2007  0.6319  0.0979  0.4729  0.1469  0.3584  0.9864 1 
 42.6795 -0.3465 -1.3401  0.3671  0.6115  0.0370  0.2224  0.2166 -0.0003  0.9711 1 
 52.7596 -0.7620  2.8031  0.0189  0.2669  0.0843  0.4632  0.0687 -0.0003  0.2065 0 
 45.3468  0.7714 -0.3809  0.0427  0.1063  0.0898  0.3065  0.0950 -0.0003  0.1507 0 
 48.6122  0.1449 -1.0524  0.4358  0.4298  0.0531  0.7310  0.3842 -0.0003  0.9937 1 
 42.0478 -0.1651  2.0790  0.1608  0.3980  0.0129  0.5360  0.2436 -0.0003  0.8627 1 
 47.6387 -0.1116 -2.8552  0.4576  0.6333  0.0855  0.7348  0.3326  0.1280  0.9957 1 
 41.4160  0.1333  0.2947  0.4166  0.4346  0.0311  0.2691  0.4403  0.1844  0.9974 1 
 49.5521 -0.0386 -1.2460  0.0651  0.3076  0.0522  0.5134  0.0745  0.2324  0.6805 0 
 32.7276  0.0785  1.8520  0.1145  0.2987  0.0348  0.3830  0.1201 -0.0003  0.5933 0 
 52.0516 -0.5644 -0.4874  0.0511  0.0911  0.0077  0.0423  0.0139 -0.0003  0.0669 0 
 43.7507  0.5789  2.6760  0.0346  0.1341  0.0444  0.3094  0.0146 -0.0003  0.0973 0 
 57.8470  0.2873  1.9821  0.2690  0.0959  0.0272  0.2469  0.3380 -0.0003  0.8918 1 
 39.7284 -0.2850 -1.1888  0.4270  0.6133  0.0331  0.4989  0.5893 -0.0003  0.9977 1 
 49.8421 -0.4317  2.7999  0.0570  0.2287  0.0519  0.5981  0.0704 -0.0003  0.4010 1 
 43.2013  0.4196 -0.3152  0.1547  0.5113  0.0440  0.3991  0.2726 -0.0003  0.9342 1 
 46.9673 -0.0648 -1.4017  0.0290  0.3984  0.1033  0.5206  0.1415 -0.0003  0.3770 0 
 40.1648  0.0884  1.7509  0.0278  0.4392  0.0194  0.2261  0.0781 -0.0003  0.1345 0 
 46.5980 -0.5233  2.1007  0.0028  0.4037  0.2839  0.4347  0.0104 -0.0003  0.2131 0 
 44.5930  0.5014 -1.1489  0.0843  0.4138  0.2114  0.6157  0.0248 -0.0003  0.4476 0 
 50.2724 -0.7542 -2.2311  0.0146  0.1971  0.2454  0.3410  0.0182 -0.0003  0.1721 0 
 46.1067  0.7600  0.9429  0.1230  0.4791  0.0969  0.3051  0.0721 -0.0003  0.6717 0 
 49.8817  0.2877 -2.1979  0.0565  0.3728  0.0338  0.3417  0.0558  0.0808  0.4932 0 
 48.4413 -0.3186  0.9862  0.0378  0.4338  0.1586  0.3873  0.0497 -0.0003  0.2941 0 
 56.6201 -0.5891  2.4313  0.1563  0.8246  0.0637  0.4137  0.1435 -0.0003  0.9270 0 
 40.7660  0.5865 -0.7149  0.1928  0.3387  0.0352  0.3603  0.1813 -0.0003  0.8351 0 
 52.2103  0.7726 -1.5193  0.0425  0.1308  0.0125  0.2955  0.0363 -0.0003  0.0510 0 
 47.2175 -0.7755  1.6574  0.0250  0.2174  0.0924  0.2599  0.0252 -0.0003  0.1744 0 
 47.6173  0.1149  1.3375  0.0107  0.5232  0.0732  0.3026  0.0755 -0.0003  0.2721 0 
 45.2583 -0.1397 -1.8711  0.1982  0.1032  0.0935  0.4818  0.1202 -0.0003  0.6791 0 
 47.2541 -0.6899 -1.5745  0.0365  0.1809  0.0210  0.1300  0.0052 -0.0003  0.0999 0 
 46.0883  0.6885  1.5907  0.0363  0.1967  0.1282  0.3488  0.0766 -0.0003  0.2225 0 
 51.8441 -0.1766  0.9513  0.0165  0.3029  0.0228  0.2115  0.0073  0.2679  0.8372 0 
 37.5189  0.1768 -2.2120  0.0564  0.1332  0.0500  0.1843  0.0322 -0.0003  0.1341 0 
 46.7903 -0.4366 -1.2398  0.2973  0.4250  0.1376  0.6514  0.5318 -0.0003  0.9985 1 
 43.4546  0.4262  1.9060  0.0988  0.5706  0.0508  0.7084  0.0989 -0.0003  0.7206 1 
 45.2552  0.4961  1.6920  0.1121  0.4520  0.0168  0.3942  0.1253 -0.0003  0.5612 0 
 45.0629 -0.4703 -1.3662  0.0108  0.3715  0.0363  0.1754  0.0452 -0.0003  0.1537 0 
 48.3345  0.0336  2.4048  0.2152  0.3471  0.1497  0.4306  0.2145 -0.0003  0.9556 0 
 41.2329 -0.0370 -0.7472  0.1787  0.1779  0.0294  0.2245  0.2211  0.1146  0.8430 0 
 48.1849 -0.6359 -2.7475  0.0023  0.2286  0.0303  0.3879  0.0569 -0.0003  0.0701 0 
 44.3214  0.6369  0.4126  0.0098  0.4949  0.0416  0.4405  0.0533 -0.0003  0.1864 0 
 47.1565 -0.2320 -1.3042  0.2991  0.5434  0.0501  0.2600  0.4185  0.4405  0.9995 1 
 46.7323  0.2272  1.8430  0.4171  0.5527  0.0299  0.3041  0.5198  0.1994  0.9983 1 
 50.0679  0.7143 -2.4221  0.0034  0.0661  0.0442  0.4267  0.0208 -0.0003  0.0674 0 
 49.1646 -0.7072  0.7390  0.0000  0.0815  0.0133  0.0857 -0.0200 -0.0003  0.0770 0 
 45.9449  0.4153  1.8239  0.0013  0.2441  0.0377  0.4363  0.0432 -0.0003  0.0945 0 
 36.7315 -0.4195 -1.3067  0.0038  0.4813  0.0485  0.2317  0.0021 -0.0003  0.2376 0 
 42.5483 -0.6927  2.5844  0.0727  0.6377  0.0312  0.3562  0.0562 -0.0003  0.4844 0 
 35.2209  0.6927 -0.5935  0.0401  0.1543  0.0535  0.2813  0.1790 -0.0003  0.2955 0 
 42.2339  0.7985  1.6190  0.0053  0.7048  0.0067  0.3123 -0.0200 -0.0003  0.1262 0 
 31.7174 -0.8106 -1.6717  0.0058  0.4292  0.1071  0.2899  0.0200 -0.0003  0.1898 0 
 42.8321  0.2020 -0.8181  0.0218  0.3405  0.0171  0.2667  0.0091 -0.0003  0.0956 0 
 41.6297 -0.2128  2.3729  0.0179  0.3065  0.0298  0.2687  0.0390 -0.0003  0.1006 0 
 48.9418 -0.7104 -0.7292  0.1859  0.4039  0.0538  0.3434  0.1612 -0.0003  0.8710 1 
 35.9045  0.7079  2.4256  0.1444  0.4538  0.0681  0.2332  0.1917  0.5342  0.9981 1 
 41.7090  0.6324  0.8129  0.0598  0.0621  0.0124  0.4029  0.0482 -0.0003  0.0763 0 
 40.3479 -0.6512 -2.3141  0.0150  0.5998  0.0437  0.4065  0.0236 -0.0003  0.2126 0 
 48.3833  0.3469  0.1418  0.0087  0.4474  0.1060  0.3444  0.0132 -0.0003  0.1854 0 
 44.1413 -0.3430 -3.0128  0.0158  0.3829  0.0198  0.1764  0.0302 -0.0003  0.1121 0 
 38.0713 -0.3192 -2.4632  0.0110  0.0748  0.0391  0.2294  0.0954 -0.0003  0.0658 0 
 37.1374  0.3125  0.6800  0.0492  0.6379  0.0118  0.2310  0.0134  0.1370  0.4240 0 
 50.5104  0.5078 -1.8381  0.0108  0.5695  0.0891  0.2981  0.0828 -0.0003  0.2947 0 
 37.3236 -0.5011  1.4108  0.0627  0.0824  0.1870  0.1846  0.0859 -0.0003  0.1723 0 
 49.9367 -0.7477 -0.7830  0.0117  0.3436  0.0867  0.2989  0.0130 -0.0003  0.1894 0 
 44.0772  0.7213  2.4088  0.0122  0.3714  0.1116  0.3970  0.0136 -0.0003  0.1816 0 
 53.3150  0.5626 -2.1354  0.0184  0.0572  0.0259  0.1680  0.0170 -0.0003  0.0518 0 
 46.9490 -0.5592  0.9934  0.0188  0.3636  0.0184  0.2169  0.0146  0.1405  0.3258 0 
 45.8076  0.1049  2.7123  0.0663  0.7385  0.0289  0.4803  0.0373 -0.0003  0.5119 1 
 39.0387 -0.0923 -0.4515  0.8305  0.5147  0.0598  0.4102  0.5511  0.5096  0.9993 1 
 51.5908 -0.6597 -0.1961  0.0264  0.7118  0.0437  0.4658  0.0384 -0.0003  0.2891 0 
 45.6703  0.6366  2.9290  0.0007  0.5847  0.1070  0.7866  0.0466 -0.0003  0.2515 0 
 46.2959 -0.7182  1.8939  0.0086  0.0995  0.1487  0.3048  0.0139 -0.0003  0.0621 0 
 31.3207  0.6895 -1.2647  0.0049  0.4743  0.0188  0.0970  0.0065 -0.0003  0.1689 0 
 47.0161 -0.3666  0.7205  0.0274  0.1719  0.0561  0.5204  0.0051 -0.0003  0.1686 0 
 37.7600  0.3709 -2.4132  0.0168  0.5651  0.0175  0.2759  0.0373  0.1728  0.3958 0 
 47.3335  0.5046  0.2003  0.6318  0.8014  0.0227  0.5195  0.5673 -0.0003  0.9977 1 
 35.4345 -0.5026 -2.8963  0.3826  0.6726  0.0408  0.3745  0.4759  0.2699  0.9988 1 
 50.2388  0.3201 -2.2246  0.0476  0.1757  0.0332  0.2132  0.0084 -0.0003  0.1193 0 
 49.7658 -0.3073  0.9091  0.0530  0.3293  0.0844  0.4274  0.0400 -0.0003  0.3301 0 
 50.4402  0.2167 -1.4326  0.0457  0.5448  0.1879  0.6815  0.0246  0.5428  0.7215 0 
 47.0222 -0.1973  1.6678  0.0543  0.2690  0.0359  0.3469  0.0588 -0.0003  0.2337 0 
 58.7411  0.5211 -2.4797  0.1563  0.6531  0.1194  0.5740  0.2172 -0.0003  0.9437 0 
 41.8219 -0.4847  0.5988  0.0529  0.6676  0.0249  0.1789  0.0193  0.2191  0.7222 0 
 46.1769 -0.4125 -0.8320  0.0486  0.4718  0.0186  0.4358  0.0760 -0.0003  0.2984 0 
 36.3500  0.4051  2.2984  0.1941  0.4620  0.0421  0.2789  0.0684 -0.0003  0.7345 0 
 47.6875 -0.7247  0.2599  0.5320  0.4770  0.0732  0.4753  0.6162 -0.0003  0.9981 1 
 44.1596  0.7270 -2.8665  0.3537  0.5377  0.0466  0.4409  0.5061  0.2450  0.9992 1 
 51.7311  0.5861  2.3284  0.0530  0.5632  0.0254  0.4232  0.0529 -0.0003  0.3646 0 
 43.4821 -0.5863 -0.8832  0.0193  0.1236  0.0469  0.3099  0.1500  0.0882  0.2633 0 
 40.7813 -0.0089 -0.0403  0.1123  0.1744  0.0765  0.4504  0.1788 -0.0003  0.6877 0 
 34.6288  0.0012  3.1186  0.1100  0.3441  0.0515  0.3298  0.3435 -0.0003  0.8702 0 
 46.2196  0.7474 -0.9048  0.0752  0.4354  0.0152  0.3050  0.0620 -0.0003  0.2320 0 
 46.1372 -0.7307  2.2441  0.0449  0.5721  0.1383  0.9153  0.1385 -0.0003  0.6547 0 
 45.5634  0.2992  2.9141  0.0636  0.1464  0.0257  0.5685  0.0367 -0.0003  0.2664 0 
 27.4449 -0.3222 -0.2220  0.0638  0.7648  0.0115  0.3529  0.0340  0.1995  0.6159 0 
 48.6152 -0.6943  3.0938  0.0412  0.1868  0.0321  0.2150  0.0967 -0.0003  0.1447 0 
 45.8350  0.6986 -0.0444  0.0039  0.3015  0.0288  0.4366  0.1978 -0.0003  0.2256 0 
 51.9051  0.1131 -1.9337  0.0654  0.2582  0.0551  0.5074  0.0391 -0.0003  0.3678 0 
 42.3468 -0.0261  1.2197  0.0074  0.3926  0.0528  0.3566  0.0318 -0.0003  0.1649 0 
 50.0343  0.5494  0.6056  0.0339  0.5087  0.1481  0.5549  0.0523  0.1399  0.5054 0 
 43.2105 -0.5897 -2.5821  0.0831  0.5554  0.0409  0.3547  0.0844 -0.0003  0.6010 0 
 47.6448  0.0718  2.8555  0.1233  0.6072  0.0103  0.2593  0.0467 -0.0003  0.3960 0 
 42.7741 -0.0986 -0.2649  0.0034  0.2708  0.0791  0.4002  0.0999 -0.0003  0.1643 0 
 48.0995  0.5845  0.5925  0.0074  0.4448  0.0367  0.2156  0.0113  0.0318  0.2316 0 
 40.1953 -0.5760 -2.5583  0.0671  0.0927  0.0346  0.3165  0.1839 -0.0003  0.2388 0 
 48.0873 -0.6799 -1.4231  0.0184  0.0791  0.0361  0.3449  0.0186 -0.0003  0.0630 0 
 45.6733  0.6713  1.7093  0.0548  0.4988  0.0259  0.3933  0.0259 -0.0003  0.3231 0 
 43.8575  0.2898  2.4790  0.0508  0.2651  0.0377  0.0883  0.0062 -0.0003  0.2954 0 
 43.3783 -0.2908 -0.6345  0.0042  0.4310  0.0484  0.3544  0.0226 -0.0003  0.1607 0 
 48.3375 -0.7669 -2.2596  0.0048  0.6587  0.0264  0.3014  0.1102 -0.0003  0.1638 0 
 45.6336  0.7711  0.9290  0.0309  0.3489  0.1064  0.2623  0.0300 -0.0003  0.2585 0 
 47.6631  0.7325 -1.3890  0.0115  0.2514  0.0616  0.3458  0.2485 -0.0003  0.3930 1 
 37.8820 -0.7459  1.6472  0.1023  0.2739  0.1250  0.5054  0.0685 -0.0003  0.4893 1 
 37.6715  0.2667 -2.9832  0.0514  0.4478  0.0428  0.4142  0.1809  0.2753  0.8544 1 
 36.7773 -0.2757  0.1289  0.4176  0.6474  0.0589  0.3706  0.1335  0.4809  0.9979 1 
 47.7211 -0.0546  1.6738  0.0224  0.3783  0.0133  0.3888  0.0547 -0.0003  0.1030 0 
 41.0559  0.0776 -1.5031  0.0501  0.8250  0.0125  0.3596  0.0826 -0.0003  0.3016 0 
 43.3783  0.5784  0.9945  0.0223  0.2722  0.0284  0.2658  0.0390 -0.0003  0.0939 0 
 36.0266 -0.5692 -2.1412  0.0434  0.2768  0.0471  0.2330  0.1594 -0.0003  0.3947 0 
 55.3475  0.7205  1.8778  0.4032  0.6611  0.0818  0.2497  0.4158 -0.0003  0.9967 1 
 40.9186 -0.7276 -1.2501  0.1629  0.5236  0.0758  0.1800  0.1711 -0.0003  0.9098 1 
 47.8889  0.7713 -2.1887  0.0051  0.0621  0.3137  0.3022  0.0054 -0.0003  0.0579 0 
 45.9022 -0.7856  0.9479  0.0103  0.2568  0.1346  0.3928  0.0224 -0.0003  0.1554 0 
 47.7089  0.0472  2.5461  0.0453  0.3188  0.0945  0.3024  0.0685 -0.0003  0.3454 0 
 46.7140 -0.0540 -0.5390  0.0050  0.1497  0.1355  0.3910  0.0338 -0.0003  0.0916 0 
 47.6814 -0.7363 -0.6608  0.0547  0.3601  0.2641  0.4753  0.0407 -0.0003  0.3657 0 
 41.1536  0.7329  2.4562  0.0076  0.4320  0.0438  0.1797  0.0264 -0.0003  0.2116 0 
 48.8838 -0.6682  2.3741  0.2585  0.6981  0.0531  0.3864  0.1052 -0.0003  0.8905 0 
 34.7601  0.7079 -0.7001  0.0070  0.1181  0.0542  0.2824  0.0504 -0.0003  0.0698 0 
 45.5634 -0.3364  2.9848  0.0262  0.0809  0.1644  0.1312  0.0538 -0.0003  0.0857 0 
 43.9887  0.3240 -0.1232  0.1298  0.4993  0.0988  0.6179  0.1011 -0.0003  0.7330 0 
 48.1697  0.7573 -0.9459  0.0271  0.2416  0.0793  0.3448  0.0452  0.2307  0.4187 0 
 44.1718 -0.7617  2.1872  0.0275  0.5653  0.0948  0.3086  0.0336 -0.0003  0.2735 0 
 45.6001  0.7545  0.7441  0.0472  0.1782  0.0338  0.2186  0.0339 -0.0003  0.1123 0 
 41.9959 -0.7423 -2.3731  0.0108  0.1252  0.0987  0.3575  0.0468 -0.0003  0.0826 0 
 48.9998  0.3271  1.9772  0.0255  0.3497  0.1882  0.6437  0.1318 -0.0003  0.4249 0 
 46.6041 -0.3134 -1.1115  0.2628  0.4052  0.0233  0.3043  0.0895 -0.0003  0.6278 0 
 48.2002 -0.6794  1.3313  0.0779  0.4401  0.0742  0.3878  0.0665 -0.0003  0.4978 0 
 46.1341  0.6686 -1.8085  0.0307  0.0978  0.0564  0.4794  0.0444 -0.0003  0.1245 0 
 51.1238  0.4539 -2.8783  0.0104  0.7810  0.0430  0.1698  0.0013 -0.0003  0.3428 0 
 44.9195 -0.4700  0.2668  0.0214  0.0966  0.0212  0.3950  0.0357 -0.0003  0.0586 0 
 49.6437  0.6173  1.2826  0.0509  0.0543  0.0408  0.3421  0.1715 -0.0003  0.1552 0 
 44.2512 -0.6086 -1.8634  0.0131  0.4368  0.0109  0.1322  0.0109  0.1158  0.1887 0 
 48.0140  0.3627 -1.8390  0.0186  0.5967  0.1092  0.5608  0.0148 -0.0003  0.2447 0 
 43.1464 -0.3812  1.3317  0.0128  0.6157  0.0619  0.2661  0.0255 -0.0003  0.2729 0 
 45.4658 -0.6086  2.6535  0.1899  0.3916  0.0211  0.3062  0.3084 -0.0003  0.8715 0 
 45.0782  0.6206 -0.4842  0.0416  0.7498  0.1932  0.6578  0.1324 -0.0003  0.4969 0 
 46.8818 -0.1491  1.7580  0.0237  0.3770  0.0669  0.2170  0.0554 -0.0003  0.3013 0 
 39.4415  0.1282 -1.4096  0.0370  0.4484  0.1162  0.4090  0.0303 -0.0003  0.2690 0 
 48.3680  0.1870  1.8644  0.0401  0.2552  0.0904  0.2583  0.0435 -0.0003  0.2626 0 
 33.3562 -0.1537 -1.2998  0.0552  0.7993  0.0403  0.4286  0.1331 -0.0003  0.6445 0 
 42.0386 -0.6709  2.2025  0.1115  0.5264  0.0419  0.3573  0.0988  0.2683  0.9198 0 
 38.1720  0.6455 -0.9540  0.0689  0.4850  0.0389  0.2293  0.0673  0.2929  0.8848 0 
 46.8147 -0.3999  0.8746  0.0184  0.3646  0.0507  0.6513  0.1944 -0.0003  0.4027 0 
 45.0813  0.3830 -2.2925  0.1030  0.6238  0.0560  0.4385  0.1270 -0.0003  0.7782 0 
 59.3057 -0.5837 -3.0432  0.0068  0.1103  0.0575  0.2454  0.0035 -0.0003  0.0805 0 
 43.0457  0.5931  0.0730  0.0100  0.3405  0.0082  0.1776  0.1790 -0.0003  0.1532 0 
 49.4545 -0.5724  1.7175  0.0130  0.4231  0.0184  0.2997  0.0218 -0.0003  0.0951 0 
 47.2511  0.5714 -1.4191  0.0087  0.3243  0.0579  0.3898  0.0414 -0.0003  0.1568 0 
 40.6317 -0.7809 -2.8261  0.0230  0.6815  0.0700  0.4508  0.0101 -0.0003  0.2442 0 
 32.9046  0.7706  0.2086  0.0172  0.3074  0.0352  0.3346  0.0983 -0.0003  0.1504 0 
 44.5014  0.6402  2.4720  0.0131  0.3465  0.0305  0.3520  0.0275 -0.0003  0.1148 0 
 41.6541 -0.6274 -0.7112  0.0812  0.2484  0.0367  0.4478  0.1351 -0.0003  0.4948 0 
 40.8942  0.3054  0.3203  0.0326  0.1692  0.1658  0.6750  0.0574 -0.0003  0.3250 0 
 35.5505 -0.1033 -2.7837  0.0242  0.6590  0.0271  0.3274  0.0497 -0.0003  0.1904 0 
 50.6416 -0.5702  0.1393  0.0177  0.2112  0.0649  0.3404  0.0275 -0.0003  0.1348 0 
 44.5777  0.5606 -3.0103  0.0072  0.2459  0.0355  0.3518  0.0126 -0.0003  0.0913 0 
 42.5116  0.0521 -0.7919  0.0033  0.1680  0.1251  0.2672  0.1535 -0.0003  0.1835 0 
 41.5991 -0.0192  2.2748  0.0900  0.4814  0.0565  0.4927  0.0915 -0.0003  0.6063 0 
 41.1231 -0.3371 -0.7403  0.1198  0.6477  0.0988  0.5392  0.0574 -0.0003  0.6095 0 
 32.8130  0.3491  2.3871  0.0626  0.5766  0.0293  0.3827  0.0964 -0.0003  0.4682 0 
 45.6245  0.1605  1.1700  0.0644  0.6547  0.0785  0.6120  0.0433 -0.0003  0.4145 0 
 44.5258 -0.2386 -1.9700  0.0243  0.0749  0.1418  0.1320  0.0322 -0.0003  0.0803 0 
 43.9002  0.6437 -1.3475  0.1779  0.4404  0.0687  0.3533  0.0989 -0.0003  0.7942 1 
 41.9257 -0.6199  1.8316  0.6800  0.2813  0.0407  0.3576  0.4537  0.1254  0.9969 1 
 43.7324 -0.7298 -1.0539  0.0522  0.5206  0.0841  0.3094  0.1162 -0.0003  0.5453 0 
 35.3460  0.7414  2.0405  0.0063  0.4782  0.0973  0.2811  0.0110 -0.0003  0.1957 0 
 51.4748 -0.3743 -1.0976  0.0399  0.5503  0.1088  0.4238  0.0535 -0.0003  0.3080 0 
 47.8767  0.4058  2.0486  0.0407  0.6010  0.0546  0.3022  0.1357 -0.0003  0.5725 0 
 49.1829  0.3107 -2.0764  0.0814  0.4763  0.0383  0.2572  0.0922 -0.0003  0.5124 1 
 44.7272 -0.3350  1.0636  0.0963  0.5358  0.0439  0.3515  0.1076 -0.0003  0.6877 1 
 48.4443  0.6444 -2.7017  0.0129  0.3865  0.0499  0.3443  0.0593 -0.0003  0.1816 0 
 40.6714 -0.6260  0.4051  0.0068  0.5052  0.0450  0.4056  0.0429 -0.0003  0.1731 0 
 49.3568 -0.6545 -2.1642  0.0215  0.3051  0.2915  0.4283  0.0806 -0.0003  0.3140 0 
 45.2583  0.6575  0.9728  0.0204  0.4844  0.0497  0.4380  0.0600 -0.0003  0.2464 0 
 47.0008  0.3317  3.0640  0.1098  0.2000  0.0743  0.6072  0.0357 -0.0003  0.5003 0 
 46.9276 -0.3477 -0.0530  0.0216  0.2124  0.0194  0.1302  0.0046 -0.0003  0.0963 0 
 42.6490  0.5892  0.4230  0.1115  0.2436  0.0888  0.2225  0.1147  0.4606  0.9419 1 
 41.1688 -0.6007 -2.7322  0.2718  0.3310  0.0222  0.4043  0.4439 -0.0003  0.9869 1 
 43.5889  0.2725  1.4783  0.0186  0.2397  0.0573  0.3982  0.0433 -0.0003  0.1544 0 
 38.3185 -0.3016 -1.6272  0.0090  0.3072  0.0253  0.2748  0.0399 -0.0003  0.0752 0 
 48.6336 -0.6926 -0.2715  0.0009  0.3472  0.1027  0.3870  0.0967 -0.0003  0.1861 0 
 38.5779  0.6419  2.8934  0.0214  0.3840  0.1159  0.5029  0.0462 -0.0003  0.2396 0 
 54.7616  0.7443  2.8860  0.2166  0.4020  0.0453  0.5006  0.2730 -0.0003  0.9630 1 
 43.3082 -0.7291 -0.2343  0.0493  0.7294  0.0240  0.3989  0.0316  0.1310  0.5503 1 
 44.6052  0.7185  1.8495  0.1047  0.2541  0.0667  0.2199  0.1314 -0.0003  0.6358 1 
 43.6927 -0.7264 -1.3100  0.0844  0.8042  0.0252  0.3979  0.0661 -0.0003  0.5677 1 
 47.0893 -0.0570  1.9488  0.0271  0.4111  0.1012  0.3902  0.2064 -0.0003  0.4907 0 
 43.5767  0.0295 -1.2131  0.1013  0.5182  0.0342  0.3982  0.1072 -0.0003  0.6669 0 
 48.6213 -0.2726 -2.0772  0.0365  0.4002  0.0633  0.4730  0.1288 -0.0003  0.4087 0 
 44.7242  0.2786  1.0496  0.0031  0.1947  0.0177  0.2636  0.0444 -0.0003  0.0405 0 
 46.8360 -0.6511  2.0537  0.0296  0.3627  0.0512  0.3039  0.1716 -0.0003  0.4253 0 
 45.4688  0.6529 -1.0660  0.0280  0.0702  0.0546  0.2625  0.0384 -0.0003  0.0753 0 
 53.9559  0.6724  2.2046  0.0844  0.3341  0.0517  0.2094  0.2340 -0.0003  0.6991 1 
 39.6185 -0.6793 -0.9378  0.1724  0.4738  0.0214  0.4085  0.1887 -0.0003  0.8069 1 
 48.0201  0.3990 -1.6249  0.0854  0.7045  0.0438  0.6039  0.0595  0.1300  0.7521 0 
 47.1870 -0.3993  1.5114  0.0456  0.3000  0.1342  0.4333  0.0817 -0.0003  0.3368 0 
 49.7414 -0.6569  0.8172  0.1293  0.1056  0.0862  0.3420  0.0123 -0.0003  0.3014 0 
 48.2948  0.6813 -2.3472  0.0209  0.1775  0.2172  0.2153  0.0110 -0.0003  0.1575 0 
 53.9620  0.0126 -2.3774  0.1476  0.2442  0.0908  0.3768  0.2300 -0.0003  0.8849 0 
 34.7906 -0.0292  0.6892  0.0004  0.2236  0.0655  0.2352  0.0425 -0.0003  0.1146 0 
 48.5145  0.4273  1.6351  0.0025  0.5247  0.0396  0.3872  0.1041 -0.0003  0.1894 0 
 46.1250 -0.4156 -1.5011  0.0181  0.2235  0.0199  0.3487  0.0107 -0.0003  0.0711 0 
 46.8116  0.5273  2.6983  0.0483  0.2800  0.0104  0.3040  0.0073 -0.0003  0.1040 0 
 45.9052 -0.5284 -0.4352  0.0012  0.0940  0.0241  0.2182  0.0178 -0.0003  0.0428 0 
 48.0323  0.4836 -0.2701  0.9058  0.6333  0.0608  0.4313  0.3880 -0.0003  0.9968 1 
 33.5882 -0.4827  2.8825  0.0174  0.5969  0.0494  0.3802  0.0787 -0.0003  0.2751 1 
 43.2105  0.0304  3.0757  0.1022  0.2346  0.1204  0.3547  0.0539 -0.0003  0.4367 0 
 41.0101 -0.0646 -0.0728  0.0194  0.6082  0.0312  0.2249  0.0937 -0.0003  0.2020 0 
 49.7871 -0.5553  0.6504  0.2291  0.7764  0.0491  0.5128  0.1386 -0.0003  0.9194 1 
 37.0031  0.5416 -2.5027  0.1527  0.4633  0.0259  0.3237  0.1473 -0.0003  0.7066 1 
 46.5095  0.3423 -2.9906  0.0182  0.5007  0.0903  0.3914  0.0301 -0.0003  0.2177 0 
 46.0883 -0.3350  0.1639  0.0368  0.0704  0.0485  0.3052  0.0147 -0.0003  0.0785 0 
 43.0915  0.5364  1.5999  0.1947  0.7029  0.0965  0.5769  0.2092 -0.0003  0.9646 1 
 40.3693 -0.4991 -1.5343  0.1782  0.4536  0.0265  0.4516  0.1430  0.1578  0.8808 1 
 52.8084  0.7231 -1.4459  0.0674  0.3196  0.0613  0.3368  0.1463 -0.0003  0.5577 0 
 46.8879 -0.7149  1.6590  0.1220  0.4221  0.0410  0.3472  0.0617 -0.0003  0.6001 0 
 52.6589  0.7770 -0.4135  0.0054  0.1940  0.0302  0.2949  0.0085 -0.0003  0.0637 0 
 44.3854 -0.7834  2.7258  0.1162  0.2598  0.0851  0.3962  0.0739  0.3824  0.8812 0 
 46.7262 -0.3436  0.3919  0.0364  0.5615  0.0355  0.2607  0.0029 -0.0003  0.2983 0 
 44.9622  0.3477 -2.7460  0.0339  0.4324  0.1298  0.3949  0.0439  0.3567  0.5915 0 
 49.4514 -0.7348  0.7357  0.0049  0.5216  0.1070  0.5565  0.0169 -0.0003  0.2029 0 
 43.6744  0.7300 -2.4124  0.0468  0.2835  0.0283  0.3537  0.0977 -0.0003  0.2264 0 
 44.5045 -0.3870 -0.5382  0.3495  0.3810  0.0787  0.3960  0.3474 -0.0003  0.9947 1 
 41.9684  0.3946  2.6285  0.4692  0.4584  0.0283  0.2681  0.3516  0.2595  0.9974 1 
 50.9010 -0.1322 -1.7921  0.0107  0.6317  0.0305  0.2975  0.0142 -0.0003  0.1764 0 
 36.9238  0.1760  1.3700  0.0149  0.0782  0.2145  0.3239  0.1234 -0.0003  0.0907 0 
 38.8128 -0.5161  0.3201  0.1539  0.4332  0.0529  0.2739  0.0169  0.1259  0.7665 1 
 33.4630  0.4786 -2.7448  0.2120  0.4892  0.0927  0.3806  0.2265  0.5845  0.9991 1 
 49.8634 -0.7977  0.9074  0.0824  0.3868  0.1784  0.7689  0.1498 -0.0003  0.7839 0 
 43.3570  0.7810 -2.2298  0.0262  0.6988  0.0233  0.4873  0.0720 -0.0003  0.2818 0 
 52.8969  0.1395 -0.2716  0.0155  0.2186  0.0226  0.0842  0.0246 -0.0003  0.1162 0 
 50.4219 -0.1388  2.8278  0.0165  0.3279  0.0461  0.5538  0.0573 -0.0003  0.2258 0 
 47.0161  0.3743  1.6052  0.0125  0.7370  0.0052  0.1735 -0.0200  0.1154  0.2265 0 
 41.2390 -0.3625 -1.5688  0.0190  0.6563  0.0599  0.2245  0.0870 -0.0003  0.4226 0 
 52.0577  0.7854 -2.9018  0.0138  0.2118  0.0614  0.4648  0.2171 -0.0003  0.2895 0 
 42.8168 -0.7434  0.2131  0.0021  0.3138  0.0503  0.4445  0.0219 -0.0003  0.1360 0 
 49.8268  0.2216  1.6030  0.2361  0.4025  0.0375  0.4273  0.2606 -0.0003  0.9487 1 
 47.9622 -0.2215 -1.5199  0.4882  0.3373  0.1482  0.8198  0.2524 -0.0003  0.9941 1 
 52.5246  0.0348 -1.7216  0.0114  0.2387  0.0058  0.1686  0.0196 -0.0003  0.0545 0 
 40.4730 -0.0395  1.4077  0.0611  0.3409  0.0421  0.5415  0.0880 -0.0003  0.4666 0 
 48.2185  0.0540  2.8575  0.0503  0.6120  0.0379  0.3016  0.0289 -0.0003  0.3738 0 
 40.0519 -0.0330 -0.3025  0.0433  0.3950  0.0183  0.3621  0.2115  0.0805  0.5675 0 
 48.7282 -0.6226 -2.6510  0.0056  0.7751  0.0273  0.3438  0.1292 -0.0003  0.2169 0 
 46.3569  0.6172  0.4881  0.0928  0.0893  0.0197  0.1306  0.0093 -0.0003  0.0866 0 
 48.8045 -0.7760 -2.2338  0.0103  0.0862  0.0316  0.2148  0.0182 -0.0003  0.0516 0 
 48.3406  0.7807  0.9193  0.0436  0.5474  0.0298  0.2584  0.0954  0.1475  0.5945 0 
 50.9773  0.5574  2.0382  0.0219  0.2453  0.0683  0.5522  0.0434 -0.0003  0.2183 0 
 40.0183 -0.5370 -1.1169  0.0125  0.1757  0.0204  0.2716  0.0213 -0.0003  0.0478 0 
 53.4951  0.2405  1.2437  0.0209  0.2267  0.1029  0.3777  0.1076 -0.0003  0.2205 0 
 44.1108 -0.2674 -1.8626  0.0209  0.5104  0.0174  0.2205  0.0187 -0.0003  0.1262 0 
 52.6192 -0.6211  0.6936  0.0068  0.2747  0.0433  0.3793  0.0209 -0.0003  0.1152 0 
 44.8280  0.6466 -2.4402  0.0855  0.0567  0.0228  0.1756  0.0322 -0.0003  0.0608 0 
 46.0304 -0.2810  2.5281  0.1051  0.0450  0.1028  0.3489  0.1834 -0.0003  0.3139 0 
 45.6275  0.2809 -0.6222  0.0186  0.4501  0.0750  0.4371  0.0312 -0.0003  0.2126 0 
 51.2490 -0.2484 -2.4176  0.1682  0.3738  0.0496  0.5939  0.2214 -0.0003  0.9255 1 
 46.7659  0.2524  0.7197  0.2048  0.6289  0.0384  0.3909  0.2661 -0.0003  0.9530 1 
 46.4637  0.2662 -2.1015  0.0151  0.5418  0.0905  0.4786  0.2775 -0.0003  0.5876 0 
 44.7761 -0.2898  1.0248  0.0404  0.1918  0.0260  0.3514  0.1578 -0.0003  0.2147 0 
 49.4453  0.3207  1.8813  0.2958  0.6191  0.0599  0.6850  0.4299 -0.0003  0.9949 1 
 48.8563 -0.3111 -1.2771  0.5737  0.8018  0.0401  0.3436  0.5961  0.0823  0.9982 1 
 42.9480  0.6281 -0.2343  0.2654  0.3256  0.0802  0.3553  0.1693 -0.0003  0.9302 0 
 37.8912 -0.6398  2.9159  0.0000  0.0534  0.0187  0.0919 -0.0200 -0.0003  0.0811 0 
 51.3100  0.7552 -2.0161  0.0298  0.4524  0.0217  0.2969  0.0463 -0.0003  0.1382 0 
 49.5491 -0.7659  1.1547  0.0161  0.5808  0.0402  0.3851  0.1065 -0.0003  0.2807 0 
 44.9195  0.2303 -0.0395  0.0999  0.5473  0.0355  0.1317  0.0285 -0.0003  0.5048 0 
 42.1393 -0.2208  3.1225  0.0350  0.2594  0.0166  0.2678  0.0386 -0.0003  0.0823 0 
 46.8544  0.3419  0.9655  0.0356  0.1355  0.0275  0.3907  0.0577 -0.0003  0.0968 0 
 45.1820 -0.3505 -2.2035  0.0119  0.0810  0.0094  0.2191  0.0071 -0.0003  0.0364 0 
 42.5299 -0.4140  1.8065  0.0168  0.1773  0.0640  0.2227  0.0003 -0.0003  0.1306 0 
 33.9971  0.4586 -1.3361  0.0349  0.2489  0.0129  0.0947  0.0020 -0.0003  0.1368 0 
 44.7150 -0.7589  0.8464  0.0574  0.5996  0.0223  0.3516  0.0276 -0.0003  0.3059 0 
 38.9441  0.7762 -2.3125  0.0752  0.1797  0.0425  0.2736  0.1179 -0.0003  0.3190 0 
 46.4729  0.1551 -0.1485  0.0469  0.2999  0.1835  0.4785  0.0472 -0.0003  0.3143 1 
 40.3143 -0.1933  2.9734  0.2285  0.2452  0.1452  0.4970  0.1314  0.6033  0.9882 1 
 53.4463  0.7521  2.2375  0.0356  0.1877  0.0150  0.3358  0.0964 -0.0003  0.0918 0 
 47.1656 -0.7589 -0.8785  0.0050  0.1731  0.0765  0.1734  0.0965 -0.0003  0.1631 0 
 49.2775  0.5258 -1.4802  0.0088  0.0412  0.0213  0.2142  0.0038  0.0582  0.0832 0 
 42.3255 -0.5310  1.6935  0.0282  0.2420  0.0154  0.1783 -0.0200 -0.0003  0.1224 0 
 47.3579  0.5900  0.8466  0.0332  0.1921  0.0235  0.3463  0.0714  0.0290  0.1465 0 
 45.6123 -0.5956 -2.2974  0.0776  0.4717  0.0273  0.3060  0.1711 -0.0003  0.5466 0 
 48.9021 -0.3229 -2.0922  0.0265  0.1198  0.0189  0.2146  0.0270 -0.0003  0.0454 0 
 32.9564  0.3602  1.0292  0.0000 -1.0000  0.0028  0.0478 -0.0200 -0.0003  0.1887 0 
 48.2918  0.3962 -0.5526  0.0447  0.2451  0.0247  0.1292  0.0266 -0.0003  0.1500 0 
 44.3854 -0.3950  2.5986  0.0157  0.3451  0.1025  0.1761  0.0195 -0.0003  0.2680 0 
 56.9863  0.2669 -0.1808  0.0616  0.4309  0.1148  0.2065  0.0350 -0.0003  0.4332 0 
 56.2600 -0.2612  2.9094  0.0040  0.8661  0.0704  0.3729  0.0186 -0.0003  0.2442 0 
 55.8572 -0.5664  2.7517  0.0536  0.7481  0.0824  0.2906  0.0198 -0.0003  0.3978 0 
 40.3449  0.5764 -0.4016  0.0035  0.5019  0.0471  0.0903  0.0015 -0.0003  0.3571 0 
 45.0263 -0.7442  1.8151  0.1109  0.6257  0.0432  0.5264  0.0400 -0.0003  0.6601 0 
 44.2847  0.7227 -1.3581  0.1268  0.5123  0.0108  0.3084  0.1159 -0.0003  0.4568 0 
 55.6374  0.5208  1.8656  0.0191  0.4099  0.0383  0.0831 -0.0200 -0.0003  0.3659 0 
 47.6753 -0.5295 -1.2651  0.0268  0.4360  0.1184  0.6482  0.0320 -0.0003  0.2872 0 
 49.2592  0.1626  1.8248  0.0113  0.5114  0.0773  0.4714  0.1884 -0.0003  0.3821 0 
 48.1117 -0.1372 -1.3420  0.0166  0.1358  0.2764  0.3018  0.0086 -0.0003  0.1300 0 
 53.6233  0.4603 -0.1094  0.0490  0.3722  0.0218  0.2936  0.1113 -0.0003  0.2202 0 
 36.5209 -0.4621  3.0126  0.0180  0.4722  0.0286  0.3249  0.0493 -0.0003  0.1443 0 
 46.7262 -0.0577  0.3220  0.0333  0.5663  0.0450  0.3475  0.0209 -0.0003  0.2968 0 
 44.1779  0.0750 -2.8453  0.0208  0.2101  0.1008  0.2645  0.0241 -0.0003  0.1558 0 
 49.7841  0.3092  0.6969  0.0829  0.3502  0.0394  0.4274  0.0383 -0.0003  0.4348 0 
 48.0507 -0.3059 -2.4665  0.0113  0.3552  0.1201  0.3019  0.0057 -0.0003  0.1807 0 
 36.9299 -0.7766 -1.9798  0.2117  0.3740  0.0298  0.4627  0.2292 -0.0003  0.9110 1 
 34.5678  0.7873  1.0877  0.1505  0.4103  0.0630  0.2357  0.0656  0.1338  0.8099 1 
 43.7476  0.3546  0.7852  0.0977  0.2000  0.0526  0.3536  0.0832 -0.0003  0.4086 0 
 40.2472 -0.3740 -2.3068  0.0641  0.2782  0.0859  0.4971  0.0302 -0.0003  0.3592 0 
 48.4749 -0.6896  2.0696  0.0177  0.4255  0.0654  0.6024  0.1639 -0.0003  0.3623 0 
 48.2979  0.7080 -1.0573  0.0071  0.2546  0.0789  0.2584  0.0895 -0.0003  0.1886 0 
 32.6665 -0.3181  2.5828  0.0017  0.6239  0.0096  0.3353  0.0854  0.1322  0.2316 0 
 23.5966  0.3226 -0.5717  0.0988  0.2231  0.0354  0.3698  0.1773  0.0242  0.6101 0 
 48.8136  0.5343  2.2744  0.0094  0.3475  0.1339  0.5584  0.0656 -0.0003  0.2313 0 
 43.0549 -0.5339 -0.8361  0.0138  0.1529  0.0152  0.1332  0.0897 -0.0003  0.0651 0 
 43.0304 -0.3777 -2.7622  0.0033  0.7143  0.0074  0.0888  0.2021 -0.0003  0.1713 0 
 43.0060  0.3831  0.3772  0.0173  0.1002  0.0411  0.2664  0.0112 -0.0003  0.0665 0 
 44.1840 -0.2503  0.2366  0.4267  0.5683  0.0261  0.5731  0.7994  0.1549  0.9988 1 
 43.8972  0.2717 -2.9115  0.2612  0.4740  0.0794  0.4857  0.0928 -0.0003  0.8593 1 
 48.3955 -0.6347  1.3989  0.0150  0.5051  0.1231  0.6027  0.0233 -0.0003  0.2395 0 
 45.0782  0.6298 -1.7434  0.1013  0.1623  0.0824  0.3946  0.0176 -0.0003  0.3385 0 
 53.3791 -0.3469  0.9600  0.4721  0.5340  0.0446  0.4618  0.3743 -0.0003  0.9936 1 
 45.6275  0.3472 -2.1558  0.7008  0.8361  0.0586  0.3497  0.5421 -0.0003  0.9980 1 
 47.6417 -0.5406 -2.9329  0.0178  0.1198  0.0386  0.2593  0.0523 -0.0003  0.0625 0 
 40.8087  0.5441  0.2126  0.0304  0.3682  0.0300  0.1351  0.0060 -0.0003  0.2213 0 
 37.0977  0.3930  0.7569  0.0004  0.3757  0.0721  0.3697  0.0897 -0.0003  0.1784 0 
 35.1385 -0.4394 -2.4982  0.0289  0.2070  0.0446  0.3754  0.0407  0.2166  0.4212 0 
 42.3682 -0.3261  0.0455  0.4642  0.4671  0.0514  0.4458  0.7359  0.0981  0.9987 1 
 36.7651  0.3349 -3.1283  0.5490  0.4434  0.0659  0.3707  0.1667 -0.0003  0.9811 1 
 51.7433 -0.7748  1.5670  0.0132  0.5300  0.0481  0.3809  0.1039 -0.0003  0.2712 0 
 40.0885  0.7753 -1.6022  0.0064  0.5345  0.0334  0.5429  0.1003 -0.0003  0.2339 0 
 47.9469 -0.6598  1.5294  0.0326  0.5025  0.0100  0.2589  0.0419 -0.0003  0.1141 0 
 41.8647  0.6775 -1.6281  0.0521  0.1987  0.0255  0.3577  0.0370 -0.0003  0.1375 0 
 53.8125  0.0406  2.6629  0.0648  0.1353  0.0283  0.2095  0.0313 -0.0003  0.0965 0 
 46.0395 -0.0266 -0.4606  0.0949  0.2128  0.1481  0.4361  0.0309 -0.0003  0.3882 0 
 51.9081  0.4641 -2.0417  0.0389  0.4774  0.1534  0.5074  0.0696 -0.0003  0.3138 0 
 39.3194 -0.4685  1.0718  0.0485  0.5973  0.0191  0.3184  0.0472 -0.0003  0.2167 0 
 45.2461 -0.3472  0.0488  0.0052  0.1074  0.0127  0.3067  0.0644 -0.0003  0.0355 0 
 40.6256  0.3572 -3.1270  0.0240  0.2670  0.1474  0.5410  0.0099  0.2254  0.3670 0 
 47.0436 -0.3486  0.5015  0.0366  0.1545  0.1570  0.2168  0.0408 -0.0003  0.1588 0 
 45.3376  0.3534 -2.6202  0.0079  0.1870  0.0358  0.3503  0.0224 -0.0003  0.0725 0 
 51.3191 -0.5258 -2.6282  0.0117  0.4519  0.0381  0.2120  0.0093 -0.0003  0.2071 0 
 51.0903  0.5220  0.5148  0.0142  0.1494  0.0625  0.3396  0.0036 -0.0003  0.1007 0 
 50.8888 -0.3432 -0.8781  0.2874  0.3035  0.0564  0.3825  0.1959  0.2384  0.9835 1 
 40.9094  0.3162  2.2290  0.3474  0.5312  0.1134  0.6750  0.2726 -0.0003  0.9936 1 
 46.9795 -0.0016  1.9578  0.0381  0.8930  0.0107  0.3470  0.0156  0.0244  0.2393 0 
 46.6377  0.0114 -1.1954  0.0060  0.1581  0.0500  0.5215  0.0433 -0.0003  0.1153 0 
 45.0416 -0.3807  0.1460  0.0192  0.5045  0.0091  0.2193  0.0340 -0.0003  0.1009 0 
 40.6439  0.3869 -3.0101  0.0287  0.0820  0.0281  0.3155  0.0285 -0.0003  0.0565 0 
 48.3223 -0.6225  0.7676  0.0948  0.3688  0.0548  0.1723  0.0734 -0.0003  0.5798 0 
 45.4292  0.6336 -2.4021  0.0138  0.2925  0.0334  0.1751  0.0062 -0.0003  0.1442 0 
 48.7160 -0.4586 -0.1290  0.0859  0.5436  0.0955  0.1289  0.0027 -0.0003  0.5464 1 
 46.3630  0.4755  3.0239  0.3288  0.3049  0.0873  0.3918  0.3234 -0.0003  0.9931 1 
 47.7729  0.5717 -0.3155  0.1595  0.2587  0.0796  0.4751  0.1614 -0.0003  0.8276 1 
 36.9879 -0.5533  2.7966  0.4180  0.6685  0.0171  0.5550  0.2963  0.1701  0.9957 1 
 46.7140 -0.0990 -1.4932  0.0120  0.3842  0.0483  0.2607  0.1478 -0.0003  0.3008 0 
 40.0366  0.1163  1.6614  0.0418  0.2027  0.1430  0.4073  0.0229 -0.0003  0.2085 0 
 37.3755 -0.5745 -1.3148  0.0226  0.3659  0.0273  0.3228  0.0180 -0.0003  0.1341 0 
 34.4183  0.5856  1.7991  0.0074  0.4794  0.0069  0.2360  0.0466 -0.0003  0.0822 0 
 41.5625  0.0295 -1.5947  0.0050  0.4430  0.0248  0.3136  0.0731 -0.0003  0.1006 0 
 40.0031 -0.0622  1.5771  0.0688  0.7186  0.1034  0.7243  0.0280 -0.0003  0.4232 0 
 42.0600 -0.3676  2.3553  0.0005  0.4468  0.0388  0.4466  0.0776 -0.0003  0.1516 0 
 39.5850  0.3715 -0.7918  0.0043  0.5849  0.0223  0.1362  0.0142 -0.0003  0.1590 0 
 45.3681 -0.0886  0.4860  0.0786  0.8023  0.0224  0.3502  0.1321 -0.0003  0.5657 1 
 41.6388  0.1289 -2.6842  0.2641  0.3061  0.0649  0.0896  0.1798 -0.0003  0.8998 1 
 47.3579  0.5057  2.5886  0.2316  0.3816  0.0308  0.4329  0.1404 -0.0003  0.8107 1 
 40.4974 -0.5047 -0.5863  0.0446  0.5508  0.1240  0.2256  0.0198 -0.0003  0.3133 1 
 56.2417  0.3248  2.5290  0.0299  0.1818  0.0509  0.3316  0.0099 -0.0003  0.1313 0 
 48.2216 -0.3282 -0.6153  0.0562  0.6390  0.0295  0.1293  0.0069 -0.0003  0.3155 0 
 45.8808 -0.7011 -1.1346  0.0051  0.2852  0.0302  0.1309  0.0883 -0.0003  0.1370 0 
 39.9115  0.6983  2.0550  0.0554  0.0816  0.0259  0.2265  0.0206 -0.0003  0.0606 0 
 45.9144 -0.7064 -3.0446  0.1993  0.2811  0.0385  0.4800  0.2220 -0.0003  0.9058 0 
 45.1148  0.7228  0.0727  0.0817  0.3214  0.0128  0.1754  0.0912 -0.0003  0.1889 0 
 49.8604  0.6652 -2.8929  0.1042  0.3969  0.0895  0.5126  0.1940 -0.0003  0.8121 0 
 42.4964 -0.6519  0.2552  0.0329  0.7240  0.0179  0.2672  0.0424 -0.0003  0.1759 0 
 47.8340  0.6287 -2.2820  0.2692  0.6447  0.0831  0.4749  0.3050 -0.0003  0.9912 1 
 47.5807 -0.6438  0.8511  0.3163  0.3965  0.0454  0.5188  0.4636 -0.0003  0.9957 1 
 41.8677  0.6202 -0.0015  0.0287  0.7112  0.0926  0.4919  0.1049  0.0831  0.4552 0 
 37.9583 -0.5483 -3.0520  0.0574  0.3278  0.0663  0.3674  0.0661 -0.0003  0.3819 0 
 45.3986  0.2816 -0.5326  0.0155  0.4669  0.0611  0.3939  0.0214 -0.0003  0.2050 0 
 42.4567 -0.2795  2.6104  0.0170  0.3233  0.0401  0.3119  0.0192 -0.0003  0.1447 0 
 50.7973 -0.5356  0.5603  0.0222  0.1330  0.0495  0.2126  0.0142 -0.0003  0.0893 0 
 46.5797  0.5190 -2.5574  0.0006  0.6163  0.1191  0.6521  0.0095 -0.0003  0.2228 0 
 48.5817 -0.5110  1.9653  0.2547  0.0559  0.0226  0.3441  0.4416 -0.0003  0.9295 0 
 46.8910  0.5099 -1.2091  0.0480  0.0588  0.2228  0.2604  0.0279 -0.0003  0.0668 0 
 48.0903 -0.2984  1.4463  0.0296  0.4870  0.1642  0.6899  0.0173  0.2226  0.5094 0 
 32.0745  0.3128 -1.7109  0.0368  0.1257  0.0455  0.1926  0.0480 -0.0003  0.0940 0 
 47.5807  0.6267  3.0334  0.3042  0.5093  0.0592  0.3027  0.2860 -0.0003  0.9838 1 
 35.6481 -0.6000 -0.0673  0.0546  0.2267  0.0345  0.4206  0.0724 -0.0003  0.2541 1 
 49.9641  0.6307  0.5929  0.0873  0.5346  0.1907  0.3416  0.0823 -0.0003  0.5050 0 
 40.0885 -0.6046 -2.5848  0.0060  0.3553  0.0378  0.3620  0.1204 -0.0003  0.1648 0 
 51.7647  0.4094  1.2572  0.0429  0.1484  0.0815  0.2116  0.0157 -0.0003  0.1582 0 
 44.7761 -0.3888 -1.8690  0.0736  0.1710  0.0150  0.1757  0.0328 -0.0003  0.1014 0 
 45.6031 -0.4567  3.0452  0.0086  0.1691  0.1029  0.4809  0.0252 -0.0003  0.1166 0 
 44.5838  0.4322 -0.0631  0.0086  0.6829  0.0868  0.4398  0.0377 -0.0003  0.2338 0 
 39.1699  0.2045  0.7676  0.2316  0.4712  0.0425  0.2732  0.2065  0.3525  0.9963 1 
 34.7509 -0.1700 -2.4148  0.2381  0.3488  0.0500  0.2353  0.3892 -0.0003  0.9746 1 
 52.1065  0.5718 -2.6660  0.0066  0.2990  0.0612  0.3802  0.0854 -0.0003  0.1647 0 
 44.5380 -0.5692  0.4530  0.0155  0.6832  0.0218  0.3519  0.0775 -0.0003  0.1616 0 
 51.5389 -0.5221  0.7430  0.0812  0.4048  0.0926  0.2965  0.0853 -0.0003  0.5608 1 
 47.5502  0.5715 -2.3878  0.1239  0.3777  0.0363  0.6487  0.0598 -0.0003  0.6629 1 
 52.2560  0.1812  1.0303  0.0150  0.6698  0.0405  0.4643  0.0103  0.0489  0.2697 0 
 45.5055 -0.1849 -2.0926  0.0124  0.1972  0.0730  0.4374  0.0104 -0.0003  0.1298 0 
 44.0314 -0.6172 -0.2053  0.0167  0.1186  0.0002  0.0000 -0.0200 -0.0003  0.1035 0 
 41.9593  0.5990  2.9397  0.1234  0.0925  0.0285  0.4469  0.1014 -0.0003  0.3553 0 
 51.4778 -0.3528 -2.7996  0.0450  0.3697  0.0788  0.4661  0.0428 -0.0003  0.3186 0 
 47.2724  0.3501  0.3401  0.0215  0.2982  0.1161  0.6930  0.0737 -0.0003  0.3348 0 
 47.6875 -0.4512 -1.4767  0.1128  0.6085  0.0303  0.3025  0.1605 -0.0003  0.7209 0 
 46.0945  0.4877  1.7129  0.0922  0.1775  0.0949  0.3051  0.0320  0.2084  0.5546 0 
 43.8117  0.5624 -1.1460  0.0031  0.4303  0.0344  0.2651  0.0997 -0.0003  0.1422 0 
 41.9196 -0.5697  2.0171  0.0752  0.2651  0.0646  0.5365  0.0208 -0.0003  0.3988 0 
 47.9500  0.0589 -1.3813  0.0151  0.2561  0.1343  0.3020  0.1639  0.0657  0.4221 0 
 41.8036 -0.0991  1.7073  0.0124  0.4697  0.1205  0.5368  0.0069 -0.0003  0.2121 0 
 48.6946 -0.6558 -1.6686  0.0842  0.3608  0.1325  0.4728  0.0068 -0.0003  0.3932 0 
 46.6560  0.6829  1.4720  0.0284  0.2503  0.0066  0.0869  0.0046 -0.0003  0.1142 0 
 52.2042  0.6758  2.4398  0.0365  0.3346  0.0869  0.3800  0.1528 -0.0003  0.4319 0 
 47.2145 -0.6837 -0.7571  0.0276  0.2459  0.0974  0.3899  0.2270 -0.0003  0.4319 0 
 47.7943  0.3368  2.5316  0.0001  0.1758  0.1066  0.6046  0.0756 -0.0003  0.1558 0 
 44.7517 -0.3200 -0.6273  0.0204  0.3175  0.0257  0.3075  0.1574 -0.0003  0.1989 0 
 43.6072  0.4381  2.4812  0.0144  0.4945  0.0462  0.2654  0.0163 -0.0003  0.2315 0 
 32.5353 -0.3325 -0.5815  0.0191  0.2170  0.1801  0.5755  0.0147 -0.0003  0.2154 0 
 49.2988 -0.0713  2.1900  0.1579  0.3000  0.0395  0.4713  0.2007 -0.0003  0.8503 0 
 45.1026  0.0341 -0.9051  0.2114  0.6535  0.1500  0.3069  0.2040 -0.0003  0.9793 0 
 52.0546 -0.7848  3.0475  0.1167  0.2372  0.1052  0.5493  0.2744 -0.0003  0.8984 1 
 45.8961  0.8018 -0.0887  0.0112  0.6479  0.0589  0.2618  0.0787 -0.0003  0.3334 1 
 52.1553  0.0654 -0.3634  0.0455  0.6031  0.0708  0.4646  0.0462 -0.0003  0.3437 0 
 37.9309 -0.0692  2.7572  0.0449  0.0802  0.0453  0.2756  0.0444 -0.0003  0.0810 0 
 58.6160  0.3647 -2.4090  0.0313  0.6367  0.1517  0.3282  0.0307 -0.0003  0.2993 1 
 32.9412 -0.3383  0.7660  0.5279  0.5574  0.0424  0.4779  0.2607 -0.0003  0.9861 1 
 50.5562  0.4846 -1.9652  0.0562  0.0031  0.0175  0.1703  0.0112 -0.0003  0.0497 0 
 45.4139 -0.5018  1.1672  0.0060  0.5842  0.0226  0.0875  0.0070 -0.0003  0.1944 0 
 48.3192 -0.6125  2.1924  0.0186  0.3103  0.1328  0.4737  0.0318 -0.0003  0.2088 0 
 43.3082  0.6209 -0.9633  0.0087  0.1162  0.1379  0.3102  0.0317  0.4997  0.4211 0 
 51.3558 -0.7117 -2.3563  0.0338  0.1678  0.0894  0.3392  0.0228 -0.0003  0.1454 0 
 29.6422  0.6943  0.8207  0.0007  0.1368  0.0201  0.4927  0.0213 -0.0003  0.0642 0 
 49.3812  0.2606 -0.1922  0.0370  0.8312  0.1272  0.5139  0.0102 -0.0003  0.3396 0 
 44.3763 -0.2763  2.9509  0.0045  0.5825  0.0463  0.3523  0.0285  0.1024  0.3163 0 
 55.8999 -0.5495  0.1527  0.0380  0.3271  0.2146  0.4981  0.0285 -0.0003  0.2937 0 
 51.1543  0.5534 -2.9640  0.0140  0.0482  0.1450  0.1698  0.0333 -0.0003  0.0587 0 
 50.3181  0.4975 -1.0643  0.0147  0.4185  0.0998  0.3409  0.0150  0.1123  0.2962 0 
 44.3305 -0.5083  2.0496  0.0076  0.6521  0.0706  0.2202  0.0074 -0.0003  0.2757 0 
 54.6883 -0.3607  2.3412  0.0423  0.3389  0.0467  0.3756  0.1594 -0.0003  0.4331 0 
 49.7353  0.3558 -0.8366  0.0766  0.2589  0.0833  0.2992  0.0617 -0.0003  0.4132 0 
 45.5970 -0.3295  2.0245  0.0031  0.1834  0.0666  0.4372  0.0222 -0.0003  0.1045 0 
 44.5533  0.3078 -1.1306  0.0082  0.6003  0.0955  0.4399  0.0161 -0.0003  0.2052 0 
 49.8268  0.5606  2.7735  0.1511  0.4226  0.1241  0.5555  0.2967 -0.0003  0.9647 1 
 40.6134 -0.5215 -0.4193  0.4040  0.3887  0.0515  0.3156  0.3695 -0.0003  0.9941 1 
 45.6611  0.1396  1.3958  0.0129  0.6852  0.0891  0.4370  0.0292 -0.0003  0.2410 0 
 44.5106 -0.1482 -1.7635  0.0056  0.2854  0.0089  0.1320  0.0701 -0.0003  0.0850 0 
 41.8799  0.3819 -3.1201  0.0013  0.2766  0.0095  0.1341  0.0241 -0.0003  0.0715 0 
 34.3847 -0.3801  0.0116  0.0096  0.2270  0.2443  0.3305  0.2713 -0.0003  0.5674 0 
 54.8074  0.0693  2.0431  0.0303  0.1386  0.1036  0.4171  0.0452  0.1924  0.2616 0 
 46.1555 -0.0463 -1.0841  0.0112  0.4190  0.0133  0.3051  0.0662 -0.0003  0.0817 0 
 44.5747 -0.4760 -3.1224  0.2102  0.2955  0.0399  0.4838  0.4205 -0.0003  0.9830 1 
 36.7681  0.4928  0.0085  0.0200  0.2792  0.0351  0.5560  0.1082  0.1268  0.4233 1 
 50.5165  0.6360  2.3679  0.0132  0.2824  0.0371  0.2129  0.1120 -0.0003  0.1603 0 
 47.9103 -0.6495 -0.8237  0.0032  0.1496  0.0795  0.2590  0.0392 -0.0003  0.0897 0 
 46.0670 -0.0305  2.2849  0.1020  0.1260  0.3665  0.3924  0.1788 -0.0003  0.6425 0 
 43.5828 -0.0273 -0.7842  0.0712  0.3289  0.1502  0.3097  0.0157 -0.0003  0.3476 0 
 53.3150  0.2988 -0.1339  0.0732  0.3429  0.1461  0.3360  0.0366 -0.0003  0.3795 0 
 44.6632 -0.2697  2.9791  0.0079  0.7909  0.0450  0.4835  0.0407 -0.0003  0.2288 0 
 49.3660  0.1668  0.8556  0.0005  0.3754  0.0661  0.5568  0.0585 -0.0003  0.1733 0 
 45.9571 -0.1532 -2.2472  0.0075  0.1483  0.0576  0.6981  0.0268  0.3843  0.4164 0 
 46.0395  0.3683  1.1649  0.0024  0.4322  0.1390  0.3925  0.0705 -0.0003  0.2177 0 
 44.3641 -0.3674 -1.9743  0.0256  0.5557  0.1254  0.3083  0.0263  0.2924  0.5813 0 
 54.3008  0.1576 -1.4987  0.0232  0.5344  0.0387  0.3344  0.0342 -0.0003  0.2251 0 
 40.3815 -0.1431  1.6546  0.0541  0.3331  0.0313  0.4515  0.0811 -0.0003  0.3490 0 
 40.6806  0.2476 -1.8309  0.0523  0.6306  0.1844  0.7210  0.0156 -0.0003  0.3570 0 
 38.5260 -0.3343  1.3087  0.0150  0.7809  0.0185  0.3659  0.0013 -0.0003  0.1637 0 
 45.6428 -0.2488 -0.9102  0.0024  0.2588  0.0264  0.4808  0.0375 -0.0003  0.0947 0 
 37.9095  0.2439  2.2224  0.0074  0.4337  0.0142  0.2297  0.0760 -0.0003  0.0928 0 
 53.1289 -0.5329 -2.4946  0.0405  0.5261  0.2114  0.3783  0.0695 -0.0003  0.3426 0 
 50.4494  0.5199  0.6510  0.0643  0.1481  0.1052  0.2981  0.0904 -0.0003  0.2839 0 
 39.1119 -0.4028  1.7141  0.4364  0.5767  0.0512  0.3644  0.4091 -0.0003  0.9961 1 
 33.6889  0.4036 -1.3976  0.0571  0.2957  0.0582  0.4273  0.0942 -0.0003  0.4054 1 
 49.8268  0.5896 -2.3098  0.0149  0.0938  0.0243  0.2564  0.0750 -0.0003  0.0477 0 
 48.4047 -0.5831  0.8354  0.0180  0.3137  0.0451  0.2583  0.1365 -0.0003  0.2544 0 
 51.4992 -0.5550 -1.4317  0.0027  0.7260  0.0748  0.3389  0.1954 -0.0003  0.5592 0 
 46.8513  0.5367  1.6947  0.0431  0.3208  0.0422  0.3039  0.0463 -0.0003  0.2306 0 
 45.1881  0.5852 -3.0845  0.0132  0.6147  0.1031  0.3506  0.0970 -0.0003  0.3105 0 
 44.8249 -0.5579  0.0453  0.0057  0.3353  0.1081  0.3513  0.0357 -0.0003  0.1647 0 
 49.7505 -0.0436  2.0788  0.5739  0.1666  0.1065  0.5129  0.3371  0.2409  0.9965 1 
 47.7607  0.0282 -1.0757  0.2411  0.3188  0.1345  0.3887  0.2543 -0.0003  0.9788 1 
 47.0954  0.6263 -2.9951  0.0601  0.1004  0.0314  0.2168  0.0287 -0.0003  0.0765 0 
 42.9114 -0.6179  0.1620  0.0252  0.4607  0.0373  0.3998  0.0095 -0.0003  0.2279 0 
 53.6965 -0.0225  3.0459  0.0228  0.3544  0.0763  0.3354  0.0142 -0.0003  0.2154 0 
 48.7556  0.0471 -0.1074  0.1418  0.2847  0.1994  0.6445  0.1711 -0.0003  0.8717 0 
 47.2358  0.6323 -1.8292  0.0906  0.0325  0.0375  0.2166  0.0867 -0.0003  0.0926 0 
 40.7355 -0.6088  1.2801  0.0085  0.4513  0.0092  0.2703  0.0318 -0.0003  0.0760 0 
 51.6396 -0.2609  0.0638  0.0115  0.2332  0.0681  0.5504  0.0549 -0.0003  0.1809 0 
 48.1117  0.2656 -3.0532  0.0355  0.4570  0.0374  0.2587  0.0893  0.2676  0.7512 0 
 47.6020 -0.6909  2.7346  0.2046  0.6424  0.0311  0.3891  0.2139 -0.0003  0.9122 0 
 47.2206  0.6610 -0.4186  0.1384  0.1925  0.0201  0.3899  0.0294 -0.0003  0.3662 0 
 46.8421 -0.0328  2.8151  0.0324  0.4077  0.0936  0.4341  0.0596 -0.0003  0.2804 0 
 39.4995  0.0155 -0.3195  0.0212  0.3456  0.0787  0.4542  0.0330 -0.0003  0.2114 0 
 45.8778 -0.5680  1.8328  0.1909  0.2918  0.1198  0.5675  0.2861 -0.0003  0.9715 1 
 45.4841  0.4963 -1.3125  0.6255  0.6700  0.0832  0.3500  0.5240  0.4641  0.9996 1 
 48.0598 -0.0842  1.2191  0.0124  0.3253  0.1053  0.3450  0.0596 -0.0003  0.1925 0 
 44.0101  0.0865 -1.9295  0.1287  0.2075  0.0665  0.3530  0.1325 -0.0003  0.6377 0 
 48.5267 -0.3893  2.2011  0.0201  0.2678  0.0197  0.2151  0.1585 -0.0003  0.1709 0 
 42.8565  0.3819 -0.9361  0.0068  0.1790  0.0269  0.3555  0.0722 -0.0003  0.0603 0 
 49.2775 -0.5891 -2.1929  0.0071  0.1541  0.1345  0.3428  0.0325 -0.0003  0.0918 0 
 45.1179  0.5859  0.9496  0.0095  0.5707  0.1877  0.3069  0.0320 -0.0003  0.2612 0 
 49.6834  0.3863 -2.0931  0.0476  0.1921  0.0194  0.1283  0.0173 -0.0003  0.1101 0 
 44.7517 -0.3739  1.0301  0.0095  0.6209  0.1149  0.7908  0.0198 -0.0003  0.2635 0 
 47.8859  0.7836  1.3744  0.0460  0.1964  0.0322  0.3453  0.0705 -0.0003  0.1534 0 
 37.4792 -0.7899 -1.7842  0.0112  0.2286  0.0084  0.1843  0.0152 -0.0003  0.0520 0 
 47.6814 -0.6988 -0.8245  0.0291  0.5900  0.1050  0.8211  0.0123 -0.0003  0.3171 0 
 39.4507  0.6779  2.3242  0.0997  0.6374  0.0425  0.3181  0.0941 -0.0003  0.7080 0 
 51.7128 -0.3047 -0.9859  0.0046  0.6455  0.1037  0.4233  0.0389 -0.0003  0.2276 0 
 46.1921  0.3143  2.1806  0.0158  0.0696  0.0915  0.3485  0.0781 -0.0003  0.0769 0 
 45.2277  0.7410  2.9523  0.1953  0.1708  0.0721  0.5257  0.0486 -0.0003  0.6184 0 
 42.4872 -0.7239 -0.1840  0.0115  0.1179  0.0163  0.2227  0.0029 -0.0003  0.0442 0 
 56.2692  0.7415 -2.3990  0.0056  0.1572  0.0280  0.3729  0.0037 -0.0003  0.0635 0 
 52.9610 -0.7287  0.7434  0.0291  0.4190  0.0327  0.5469  0.0209 -0.0003  0.2680 0 
 43.8453 -0.1987 -1.0080  0.0087  0.1512  0.0243  0.2209  0.0515 -0.0003  0.0461 0 
 42.8595  0.2273  2.1731  0.0723  0.3922  0.0418  0.3111  0.1362 -0.0003  0.5496 0 
 51.4565  0.3393 -0.1073  0.4684  0.6035  0.0518  0.5085  0.4952  0.0720  0.9973 1 
 25.1682 -0.3531  3.0923  0.4826  0.5387  0.0172  0.3106  0.5906  0.2283  0.9992 1 
 48.3650  0.5579 -0.6741  0.0646  0.3847  0.2097  0.4736  0.0652  0.1921  0.6340 0 
 44.9500 -0.5389  2.4794  0.0506  0.3868  0.0294  0.5266  0.1373  0.1022  0.6229 0 
 49.9519  0.6946  2.3610  0.0044  0.2008  0.0358  0.2562  0.0353 -0.0003  0.0630 0 
 48.0049 -0.6808 -0.7718  0.0179  0.2127  0.0370  0.3882  0.0329 -0.0003  0.1051 0 
 45.4780  0.7019  1.1191  0.0437  0.2276  0.0414  0.2187  0.0108 -0.0003  0.1760 0 
 44.2969 -0.7094 -2.0122  0.0999  0.6164  0.0126  0.1762  0.0145 -0.0003  0.3015 0 
 44.9744 -0.2132  1.1421  0.0113  0.4651  0.0187  0.3949  0.0253 -0.0003  0.1123 0 
 44.7761  0.2247 -2.0016  0.0363  0.6521  0.0634  0.3953  0.0873 -0.0003  0.4066 0 
 50.8003  0.4484 -0.7443  0.0660  0.3265  0.0619  0.3827  0.0516 -0.0003  0.3925 0 
 44.9897 -0.4161  2.4212  0.0071  0.1054  0.0440  0.3510  0.0109 -0.0003  0.0681 0 
 44.1718 -0.2998 -0.9771  0.0142  0.4850  0.0368  0.3527  0.0781 -0.0003  0.1873 0 
 43.4760  0.2816  2.1628  0.0209  0.4605  0.0568  0.3984  0.1767 -0.0003  0.4380 0 
 47.0497 -0.3235  0.4047  0.1106  0.4580  0.1269  0.6071 -0.0200 -0.0003  0.4907 1 
 43.3814  0.2954 -2.7252  0.0046  0.4076  0.0479  0.3101  0.0749  0.4667  0.9648 1 
 47.6234  0.2018  3.0755  0.0274  0.1165  0.0712  0.3458  0.0082 -0.0003  0.0999 0 
 43.9826 -0.1980 -0.0348  0.0026  0.5819  0.0257  0.1324  0.0926 -0.0003  0.1502 0 
 40.4089  0.4007 -0.0448  0.1341  0.3688  0.0609  0.4515  0.2138 -0.0003  0.8705 1 
 35.6817 -0.3582  3.1169  0.1203  0.4002  0.0265  0.3737  0.2145 -0.0003  0.7546 1 
 57.2396 -0.1523  0.3711  0.0369  0.2963  0.1420  0.2476  0.0085 -0.0003  0.2291 0 
 39.9573  0.1575 -2.7777  0.0408  0.4959  0.0173  0.2717  0.0461 -0.0003  0.1496 0 
 46.1555 -0.6879  0.1687  0.0075  0.6594  0.0640  0.3486  0.0545  0.1879  0.5227 0 
 39.9054  0.6773 -2.9261  0.0059  0.3842  0.0280  0.3624  0.0167 -0.0003  0.1086 0 
 49.6742 -0.4562 -0.2043  0.0301  0.4019  0.0391  0.4704 -0.0200 -0.0003  0.2538 0 
 44.0803  0.4498  2.9412  0.0202  0.3239  0.0148  0.1764  0.0014 -0.0003  0.1091 0 
 55.0210 -0.0036  2.5790  0.0243  0.2828  0.0488  0.2083  0.0031 -0.0003  0.2052 0 
 43.1373  0.0123 -0.5949  0.0002  0.1841  0.0163  0.0444  0.0944 -0.0003  0.1155 0 
 44.6693 -0.6248 -0.5304  0.2611  0.3864  0.0906  0.3517  0.0460 -0.0003  0.7905 1 
 29.7948  0.6088  2.6372  0.0999  0.3789  0.0460  0.2952  0.0595  0.3967  0.9853 1 
 43.9887  0.7580  0.3549  0.0038  0.5972  0.0310  0.3972  0.0964 -0.0003  0.1709 1 
 39.5575 -0.7654 -2.7965  0.1373  0.3858  0.0381  0.5449  0.1890 -0.0003  0.8521 1 
 47.4647 -0.0004 -0.9847  0.0410  0.1354  0.0742  0.0865  0.0126 -0.0003  0.1894 0 
 46.1128  0.0092  2.1638  0.0030  0.4379  0.0259  0.4359  0.1154 -0.0003  0.1532 0 
 45.1942  0.6759  2.0573  0.0418  0.4555  0.0446  0.3506  0.0491 -0.0003  0.3182 0 
 37.5097 -0.6742 -1.0995  0.0309  0.6139  0.0624  0.5529  0.0131 -0.0003  0.2689 0 
 43.6988 -0.4375  1.7025  0.0250  0.2059  0.1115  0.4863  0.0507 -0.0003  0.1959 0 
 42.0020  0.4093 -1.4625  0.0015  0.2527  0.0209  0.1787  0.0495 -0.0003  0.0634 0 
 43.0457 -0.4878  1.9446  0.2905  0.5366  0.0248  0.4439  0.5471 -0.0003  0.9957 1 
 34.7692  0.4841 -1.1929  0.1107  0.3049  0.0693  0.4706  0.0643  0.1132  0.7119 1 
 52.3995 -0.1910  2.1896  0.0337  0.3238  0.1475  0.3796  0.0826 -0.0003  0.3000 0 
 35.7610  0.2186 -0.8798  0.0533  0.3793  0.0538  0.2335  0.0070 -0.0003  0.3561 0 
 44.9256 -0.0326  1.3200  0.1498  0.1076  0.0178  0.3950  0.0547 -0.0003  0.3141 0 
 35.1995  0.0727 -1.8107  0.0749  0.2860  0.0471  0.2345  0.1088 -0.0003  0.4408 0 
 50.8125  0.4904 -0.1771  0.0014  0.1550  0.1077  0.4677  0.0317 -0.0003  0.0955 0 
 48.9570 -0.4391  3.0084  0.0230  0.2004  0.2350  0.3434  0.0666 -0.0003  0.2218 0 
 53.8064 -0.6244 -0.6570  0.0688  0.2229  0.0705  0.2514  0.1710 -0.0003  0.5363 0 
 37.5982  0.6055  2.5163  0.0783  0.1315  0.0141  0.4604  0.1805 -0.0003  0.3291 0 
 46.3050 -0.0335  1.7084  0.0186  0.1469  0.0283  0.3484  0.2434 -0.0003  0.2284 0 
 40.3510  0.0410 -1.4400  0.0000  0.3528  0.0117  0.2258  0.1030  0.1861  0.3858 0 
 50.6539  0.5615 -0.2501  0.0262  0.5147  0.1651  0.7659  0.1384 -0.0003  0.4637 0 
 44.9287 -0.5700  2.9117  0.0910  0.1334  0.0113  0.2633  0.0915 -0.0003  0.1305 0 
 47.2938  0.0661 -0.7737  0.1536  0.4981  0.0556  0.3897  0.1769 -0.0003  0.8913 1 
 45.0996 -0.0714  2.3512  0.4697  0.6899  0.0615  0.4823  0.4222 -0.0003  0.9959 1 
 50.2937  0.7430 -2.4417  0.1399  0.3963  0.0783  0.4262  0.1306 -0.0003  0.7751 1 
 40.4212 -0.7310  0.7320  0.3798  0.3560  0.0397  0.3160  0.3881 -0.0003  0.9929 1 
 49.7841 -0.7812 -0.7444  0.0611  0.0925  0.0340  0.1282  0.0014 -0.0003  0.0980 0 
 45.1972  0.7827  2.4072  0.1260  0.4035  0.0337  0.5258  0.0898 -0.0003  0.6813 0 
 50.7912  0.5881 -0.8265  0.0462  0.4363  0.0815  0.4677  0.0273 -0.0003  0.3097 0 
 39.6490 -0.5841  2.3473  0.0055  0.5131  0.0718  0.5899  0.0587 -0.0003  0.2116 0 
 44.6937 -0.6787  2.4465  0.0226  0.4750  0.0312  0.4835  0.0244 -0.0003  0.2258 0 
 38.8617  0.6783 -0.6616  0.0048  0.0915  0.0988  0.3650  0.0914 -0.0003  0.0750 0 
 49.0791  0.2882 -0.8040  0.0326  0.1043  0.0370  0.4289  0.0528 -0.0003  0.1051 0 
 47.3579 -0.3018  2.3172  0.0113  0.2453  0.0342  0.2597  0.0135 -0.0003  0.0898 0 
 50.5196 -0.0227  2.9537  0.0246  0.1683  0.0371  0.5535  0.0145 -0.0003  0.1613 0 
 43.8911  0.0282 -0.1928  0.0350  0.4578  0.0362  0.3533  0.0366 -0.0003  0.2473 0 
 47.1015  0.3965 -0.5563  0.0715  0.6927  0.0331  0.4335  0.1107 -0.0003  0.6289 0 
 43.6500 -0.4151  2.5799  0.1378  0.3323  0.0615  0.3096  0.1071 -0.0003  0.6913 0 
 47.5502  0.6448  1.5576  0.0323  0.7085  0.0256  0.2595  0.0253 -0.0003  0.2071 0 
 37.9980 -0.6519 -1.5702  0.0054  0.1280  0.2570  0.3673  0.1408 -0.0003  0.1804 0 
 49.2653  0.4882  0.6117  0.0016  0.6819  0.0240  0.3428  0.0826 -0.0003  0.1317 0 
 39.3164 -0.4606 -2.4917  0.0025  0.2212  0.1975  0.2274  0.0075 -0.0003  0.1556 0 
 48.5786 -0.2614 -2.7654  0.0240  0.0243  0.0165  0.2150  0.0500 -0.0003  0.0409 0 
 43.5492  0.2668  0.3639  0.0144  0.1690  0.0378  0.3098  0.0101 -0.0003  0.0785 0 
 47.3640  0.3248  0.6373  0.3917  0.3343  0.0921  0.3463  0.6267 -0.0003  0.9984 1 
 39.6277 -0.3058 -2.4908  0.2101  0.7701  0.0280  0.1816  0.3242  0.2765  0.9637 1 
 50.8156 -0.4362 -0.8009  0.0541  0.4674  0.0776  0.5952  0.0463 -0.0003  0.3845 0 
 44.5930  0.4161  2.3695  0.0275  0.2942  0.0556  0.3078  0.0433 -0.0003  0.1995 0 
 46.1189  0.4227  1.5114  0.0062  0.2310  0.0623  0.4359  0.1413 -0.0003  0.1897 0 
 44.7150 -0.4072 -1.6031  0.0478  0.5779  0.0263  0.1758  0.0388 -0.0003  0.2204 0 
 45.1331  0.4769 -0.8019  0.0524  0.3000  0.0230  0.3946  0.0269 -0.0003  0.2028 0 
 44.9439 -0.4943  2.3408  0.0038  0.4140  0.0285  0.3511  0.0413 -0.0003  0.0997 0 
 44.9104  0.6045 -1.7812  0.0202  0.1725  0.0308  0.3073  0.0452 -0.0003  0.0683 0 
 42.1088 -0.6224  1.3575  0.0017  0.4766  0.0064  0.2679  0.0206 -0.0003  0.0718 0 
 58.7808  0.6206  0.5329  0.0131  0.1039  0.0673  0.2460  0.0419 -0.0003  0.0811 0 
 45.7496 -0.6008 -2.6533  0.0529  0.5585  0.0149  0.2621  0.0399 -0.0003  0.1774 0 
 48.9876  0.3480  1.6384  0.0608  0.3470  0.0791  0.3004  0.0217 -0.0003  0.3616 0 
 45.7527 -0.3393 -1.5035  0.0028  0.4069  0.0628  0.3931  0.1445 -0.0003  0.2584 0 
 48.4474 -0.3101  2.2808  0.0986  0.4140  0.0657  0.4304  0.2031 -0.0003  0.7995 0 
 43.1861  0.2954 -0.8462  0.0027  0.6285  0.0529  0.5766  0.0319 -0.0003  0.1922 0 
 46.2470  0.6530  1.9734  0.1978  0.3999  0.1106  0.6098  0.1732 -0.0003  0.9196 1 
 45.9754 -0.6611 -1.1876  0.1682  0.4563  0.0745  0.3054  0.1197  0.3628  0.9805 1 
 47.1229  0.6497  0.2263  0.0185  0.3306  0.2432  0.3468  0.1096 -0.0003  0.3425 0 
 40.1587 -0.6311 -2.9374  0.0000  0.1158  0.0584  0.1357  0.0164  0.0118  0.1004 0 
 50.8644 -0.5102 -0.8697  0.0002  0.1583  0.0671  0.3400  0.0327 -0.0003  0.0821 0 
 46.5003  0.5063  2.2563  0.0174  0.3372  0.0127  0.1740 -0.0200 -0.0003  0.1405 0 
 43.6927  0.1632  1.2037  0.0288  0.5874  0.0712  0.4863  0.0080 -0.0003  0.2462 0 
 41.6815 -0.1704 -1.9914  0.0395  0.1303  0.0379  0.1791  0.0113 -0.0003  0.0921 0 
 48.3619  0.7836 -2.2732  0.0152  0.3062  0.0579  0.1722  0.0049 -0.0003  0.2437 0 
 20.2640 -0.7870  0.8868  0.0068  0.3460  0.0098  0.4440  0.0118  0.0310  0.1144 0 
 49.5949  0.0828 -0.6525  0.0117  0.4707  0.0793  0.4278  0.0195 -0.0003  0.1881 0 
 45.6397 -0.0672  2.4997  0.0065  0.4468  0.0164  0.3496  0.2072 -0.0003  0.2102 0 
 45.3651 -0.6875 -2.5858  0.0010  0.0596  0.0757  0.5253  0.0626 -0.0003  0.0764 0 
 44.9866  0.6955  0.5696  0.0074  0.3538  0.0378  0.3949  0.0953 -0.0003  0.1521 0 
 49.1005  0.1158  0.6711  0.0296  0.2552  0.1006  0.3002  0.0469 -0.0003  0.2135 0 
 46.7231 -0.1085 -2.4542  0.0279  0.2656  0.1361  0.4344  0.0529 -0.0003  0.2287 0 
 50.0679  0.4796  1.1602  0.0694  0.5680  0.0510  0.2987  0.1675  0.1133  0.7863 0 
 36.2829 -0.4656 -1.9537  0.0000  0.6176  0.0349  0.1860  0.0972 -0.0003  0.1784 0 
 42.2583 -0.0041  1.6302  0.1147  0.2338  0.0780  0.3122  0.0609 -0.0003  0.4830 1 
 34.4030  0.0348 -1.5064  0.5694  0.3346  0.0317  0.2360  0.3204  0.2970  0.9974 1 
 50.6783 -0.6213  2.5503  0.1412  0.5978  0.0970  0.6381  0.0494 -0.0003  0.6604 1 
 43.2715  0.6168 -0.6051  0.4241  0.7125  0.0268  0.3103  0.3398 -0.0003  0.9934 1 
 33.4661  0.6173 -1.1224  0.1080  0.2548  0.0295  0.3805  0.1385 -0.0003  0.5440 1 
 31.4183 -0.5222  2.0238  0.4740  0.4486  0.0421  0.3391  0.6110  0.3974  0.9999 1 
 42.4445  0.5241  1.2597  0.0103  0.4596  0.1427  0.6238  0.0739 -0.0003  0.2668 0 
 42.0905 -0.4969 -1.8868  0.0096  0.0671  0.2011  0.2233  0.0089 -0.0003  0.0512 0 
 42.1149  0.0329 -2.2813  0.0128  0.4793  0.1379  0.5358  0.0153 -0.0003  0.2243 0 
 36.4385 -0.0724  0.9813  0.0232  0.3864  0.0150  0.1858  0.1122 -0.0003  0.1356 0 
 44.4648  0.3090  1.8828  0.0985  0.2470  0.1016  0.5281  0.1486 -0.0003  0.6880 0 
 42.2583 -0.3265 -1.2108  0.0000  0.4587  0.0227  0.4461  0.1068 -0.0003  0.1322 0 
 40.0671  0.4577 -1.2099  0.0637  0.7338  0.0225  0.2262  0.0541 -0.0003  0.3034 0 
 36.2005 -0.4464  1.9509  0.0091  0.2068  0.0219  0.2792  0.0810 -0.0003  0.0569 0 
 47.2206  0.4443  2.1918  0.0190  0.3528  0.1450  0.5198  0.0134 -0.0003  0.2230 1 
 37.1740 -0.4204 -0.9918  0.0657  0.4296  0.0659  0.3233  0.0087  0.5409  0.9923 1 
 52.1218 -0.2260  1.9929  0.1138  0.2062  0.2038  0.6759  0.1724 -0.0003  0.8387 0 
 48.9021  0.2169 -1.1300  0.0056  0.6522  0.0508  0.4722  0.0372 -0.0003  0.1934 0 
 47.5013 -0.1724 -0.6055  0.0435  0.5119  0.0273  0.3460  0.0340 -0.0003  0.2497 0 
 44.3915  0.1985  2.5075  0.0229  0.2691  0.1293  0.5284  0.0854 -0.0003  0.2727 0 
 43.2746  0.3644 -0.7817  0.0141  0.5566  0.0244  0.3103  0.0224  0.1695  0.4242 0 
 34.5434 -0.3776  2.3740  0.0381  0.1275  0.0411  0.3772  0.0408 -0.0003  0.1093 0 
 42.3743 -0.5171 -0.2865  0.0882  0.1521  0.0951  0.4012  0.2131 -0.0003  0.6229 0 
 41.0803  0.3384  2.8116  0.0284  0.4534  0.0208  0.2697  0.0207 -0.0003  0.1367 0 
 55.9579 -0.3365  1.7482  0.0562  0.2247  0.1059  0.4564  0.0462 -0.0003  0.3054 0 
 46.2470  0.3300 -1.4000  0.0033  0.0945  0.0074  0.1742  0.0233 -0.0003  0.0342 0 
 38.4192  0.0431 -2.4359  0.5323  0.4838  0.0570  0.3662  0.4171  0.4079  0.9996 1 
 32.1386 -0.0543  0.6491  0.0782  0.4562  0.0285  0.2888  0.0977 -0.0003  0.4121 1 
 42.3499 -0.7154  0.6052  0.0228  0.1802  0.1133  0.4458  0.0413  0.3387  0.3899 0 
 37.9950  0.7080 -2.5057  0.0120  0.1883  0.0363  0.4132  0.0081 -0.0003  0.0967 0 
 53.4188  0.3650  1.9908  0.0988  0.2891  0.0367  0.2938  0.1340 -0.0003  0.5348 0 
 47.3213 -0.3620 -1.1361  0.0104  0.3520  0.0498  0.2165  0.0058 -0.0003  0.2073 0 
 55.3567 -0.4650 -2.6724  0.0084  0.0818  0.0392  0.2496  0.0455 -0.0003  0.0532 0 
 47.0954  0.4512  0.4708  0.0053  0.3659  0.0484  0.2601  0.0661 -0.0003  0.1545 0 
 44.6082 -0.6957 -1.4456  0.0233  0.3493  0.0152  0.2199  0.0781 -0.0003  0.1031 0 
 43.2715  0.7049  1.6918  0.0357  0.1963  0.0255  0.3546  0.0074 -0.0003  0.1057 0 
 45.0294 -0.4470  2.0787  0.0005  0.2327  0.0275  0.4386  0.0788 -0.0003  0.0820 0 
 43.2868  0.4648 -0.9945  0.0293  0.1985  0.1611  0.3103  0.0444 -0.0003  0.1799 0 
 41.4740  0.7802 -1.2423  0.0304  0.1787  0.0544  0.1793  0.0145 -0.0003  0.1462 1 
 37.3205 -0.8059  1.8752  0.2786  0.1848  0.0480  0.5075  0.2700  0.3127  0.9984 1 
 44.5747  0.3312 -1.9447  0.0107  0.2841  0.0324  0.3518  0.0624 -0.0003  0.0966 0 
 44.3122 -0.3337  1.1876  0.0085  0.2746  0.0757  0.4405  0.0441 -0.0003  0.1541 0 
 51.3771 -0.4349  2.1351  0.0025  0.6088  0.0492  0.2544  0.0236 -0.0003  0.2306 0 
 47.7821  0.4361 -1.0022  0.0490  0.1551  0.0358  0.2159  0.0263 -0.0003  0.1053 0 
 44.7456  0.4690 -0.7459  0.0000  0.3994  0.0522  0.2636  0.1909 -0.0003  0.3581 0 
 44.3000 -0.4739  2.4549  0.0087  0.4479  0.0390  0.1762  0.0772 -0.0003  0.1862 0 
 50.5409 -0.4565  0.4542  0.0128  0.0801  0.1130  0.3406  0.1111 -0.0003  0.0828 0 
 42.0264  0.4457 -2.6685  0.0478  0.1946  0.0215  0.1340  0.0104 -0.0003  0.1198 0 
 49.7444 -0.7467  1.9807  0.0010  0.0918  0.0394  0.2565  0.0362 -0.0003  0.0506 0 
 45.7710  0.7680 -1.1678  0.0066  0.2398  0.0555  0.3057  0.0308 -0.0003  0.1124 0 
 43.5431 -0.1289 -2.1095  0.0783  0.2146  0.0460  0.3098  0.0307 -0.0003  0.2683 0 
 37.6776  0.1464  1.0646  0.0058  0.1087  0.1657  0.2761  0.1091 -0.0003  0.0891 0 
 50.2419  0.2831  1.9169  0.0172  0.5127  0.0909  0.6822  0.1245 -0.0003  0.3442 1 
 45.1301 -0.2656 -1.1784  0.0678  0.1962  0.0338  0.2630  0.1346  0.0703  0.4686 1 
 55.1553  0.0103 -2.2121  0.0754  0.3305  0.0445  0.3748  0.0165 -0.0003  0.3722 0 
 39.1333 -0.0165  0.9079  0.0069  0.2177  0.0325  0.2732  0.0043 -0.0003  0.0775 0 
 47.9561 -0.4594 -2.2203  0.0621  0.5424  0.0983  0.5178  0.0831 -0.0003  0.4216 0 
 40.0336  0.4540  0.9072  0.0020  0.2867  0.0173  0.2715  0.0263 -0.0003  0.0531 0 
 47.4495 -0.0829 -2.9487  0.0007  0.5548  0.0256  0.1731  0.0684 -0.0003  0.1324 0 
 33.2708  0.0990  0.1646  0.0178  0.2447  0.0440  0.2859  0.0446 -0.0003  0.1149 0 
 43.1647 -0.6463 -2.6605  0.0362  0.4751  0.0357  0.3549  0.1812  0.3402  0.9215 1 
 39.4598  0.6714  0.4701  0.0312  0.4175  0.0281  0.5453  0.0585 -0.0003  0.2991 1 
 52.7291 -0.5372 -1.4693  0.1111  0.0807  0.0319  0.2948  0.1362 -0.0003  0.2521 0 
 42.5696  0.5319  1.6583  0.2579  0.6610  0.0253  0.2671  0.1415  0.1656  0.8710 0 
 53.6233  0.1721 -1.6580  0.0728  0.1163  0.0428  0.2516  0.0241 -0.0003  0.1242 0 
 43.7812 -0.1258  1.4880  0.0390  0.0841  0.2912  0.2210  0.0533 -0.0003  0.1059 0 
 48.0323 -0.4879  2.9516  0.0953  0.5417  0.1092  0.5607  0.0749 -0.0003  0.5214 0 
 42.8534  0.5455 -0.1519  0.1219  0.2901  0.0957  0.2222  0.1791 -0.0003  0.8036 0 
 50.2663  0.1292  0.7703  0.0644  0.4397  0.0282  0.4689  0.0386 -0.0003  0.4105 0 
 46.0914 -0.1167 -2.4153  0.0127  0.4508  0.0941  0.3924  0.0041 -0.0003  0.1859 0 
 46.5461 -0.1102 -0.7848  0.1407  0.3388  0.0893  0.2174  0.0495  0.6491  0.9977 1 
 46.5370  0.1034  2.3400  0.4319  0.3390  0.0550  0.4349  0.5982 -0.0003  0.9980 1 
 53.0495  0.3776  1.1337  0.0188  0.6696  0.2416  0.5887  0.0152 -0.0003  0.2682 0 
 42.8656 -0.3110 -2.0375  0.0018  0.4035  0.0280  0.3111  0.0403 -0.0003  0.0896 0 
 46.9825 -0.4907  2.8280  0.0345  0.7006  0.0350  0.4772  0.0230 -0.0003  0.3130 0 
 44.1138  0.4391 -0.3121  0.0380  0.1655  0.0404  0.4851  0.0336 -0.0003  0.1748 0 
 45.3956 -0.7831 -1.0582  0.0157  0.0357  0.0158  0.2189  0.0158  0.1875  0.3629 0 
 44.6723  0.7886  2.1061  0.0138  0.1618  0.0814  0.3077  0.0756 -0.0003  0.1202 0 
 56.1837 -0.2566  0.4765  0.0044  0.0667  0.0179  0.2073  0.1281 -0.0003  0.0549 0 
 51.3100  0.2777 -2.6876  0.0015  0.2846  0.0342  0.2544  0.0201 -0.0003  0.0842 0 
 46.2837  0.6336 -1.0256  0.0113  0.3098  0.0975  0.5226  0.0888  0.0444  0.2743 0 
 45.9968 -0.6214  2.1513  0.0002  0.5466  0.0599  0.5234  0.0788 -0.0003  0.1936 0 
 51.5846 -0.3470  0.9840  0.0764  0.0859  0.0451  0.2118  0.0237 -0.0003  0.1010 0 
 47.4830  0.3359 -2.1648  0.0325  0.3171  0.0226  0.2596  0.0098 -0.0003  0.1248 0 
 50.5714  0.5191 -1.6387  0.0031  0.1120  0.0305  0.2980  0.1081 -0.0003  0.0585 0 
 50.0832 -0.5121  1.4813  0.0641  0.2046  0.0187  0.1707  0.0340 -0.0003  0.1194 0 
 47.2572  0.3702  1.0312  0.1277  0.4619  0.0250  0.2166  0.1308 -0.0003  0.5474 0 
 43.7018 -0.3555 -2.1021  0.1268  0.3628  0.0122  0.1326  0.1039 -0.0003  0.3125 0 
 52.0089 -0.7842  2.2039  0.1308  0.1608  0.0729  0.2959  0.2145 -0.0003  0.7354 0 
 42.9053  0.8085 -0.9149  0.0275  0.3186  0.0295  0.2222  0.1185 -0.0003  0.1878 0 
 40.2960  0.0648 -0.7887  0.0276  0.3162  0.0381  0.4066  0.0493  0.1195  0.3822 0 
 31.8791 -0.0785  2.3525  0.0151  0.4771  0.0320  0.2412  0.0110 -0.0003  0.1790 0 
 46.6407  0.1588  1.4345  0.0373  0.4876  0.0229  0.2607  0.0319 -0.0003  0.1654 0 
 45.0172 -0.1579 -1.7203  0.0621  0.7176  0.0368  0.3071  0.0497  0.0896  0.6233 0 
 46.9856 -0.3500  1.0953  0.0046  0.3697  0.0473  0.3470  0.0157 -0.0003  0.1487 0 
 44.3793  0.3551 -2.0309  0.0367  0.1361  0.0244  0.1321  0.0086 -0.0003  0.0796 0 
 45.5360  0.3873  1.7299  0.0169  0.4199  0.0167  0.2187  0.0151 -0.0003  0.1078 0 
 44.1535 -0.3652 -1.4057  0.0081  0.2743  0.0279  0.3086  0.0418 -0.0003  0.0715 0 
 49.8665  0.5052 -1.1848  0.0079  0.1616  0.0935  0.3417  0.0273 -0.0003  0.0949 0 
 47.1199 -0.5367  2.0003  0.0052  0.2836  0.0705  0.2168  0.0092 -0.0003  0.1876 0 
 50.2358 -0.5702  0.1422  0.0423  0.4282  0.1118  0.3411  0.0298 -0.0003  0.2873 0 
 40.3784  0.5488 -2.9980  0.0330  0.1369  0.0114  0.1355  0.0289 -0.0003  0.0518 0 
 47.4037 -0.6031  2.7637  0.0066  0.3802  0.0404  0.3895  0.2069  0.1019  0.5047 0 
 46.9429  0.6030 -0.3748  0.0070  0.6437  0.0411  0.3905  0.0153  0.1688  0.4163 0 
 48.5695 -0.4596  1.5273  0.1438  0.6066  0.0754  0.3441  0.2679 -0.0003  0.9573 1 
 37.8088  0.4790 -1.6951  0.0478  0.2490  0.0655  0.1839  0.0849 -0.0003  0.3495 1 
 49.8970  0.7821  1.9345  0.0193  0.3173  0.0613  0.2563  0.0106 -0.0003  0.2145 0 
 46.6773 -0.7682 -1.1840  0.0142  0.2255  0.0384  0.3911  0.1295 -0.0003  0.1597 0 
 40.1679 -0.6560  1.6707  0.0297  0.3799  0.1075  0.3618  0.0410 -0.0003  0.2474 0 
 29.4713  0.6600 -1.5169  0.0026  0.3670  0.0035  0.1481  0.0034 -0.0003  0.0879 0 
 49.1707 -0.5932  2.3814  0.1260  0.4068  0.0204  0.4287  0.1147 -0.0003  0.6295 0 
 47.7333  0.5841 -0.7542  0.1068  0.4666  0.0390  0.3888  0.0596 -0.0003  0.5926 0 
 37.1344 -0.6385  2.7424  0.0853  0.6333  0.0175  0.1386  0.0933 -0.0003  0.3320 0 
 33.7621  0.6170 -0.3640  0.0826  0.1978  0.0381  0.2373  0.1303 -0.0003  0.3716 0 
 47.5929 -0.4162  1.1782  0.0880  0.2587  0.1323  0.5188  0.0353  0.3028  0.6745 0 
 40.6226  0.3931 -2.0025  0.1037  0.0706  0.0643  0.3156  0.1537 -0.0003  0.2974 0 
 45.8991 -0.3471 -0.9766  0.0681  0.2992  0.0396  0.5674  0.0748 -0.0003  0.4654 0 
 37.9461  0.3432  2.1392  0.3288  0.3558  0.0144  0.4134  0.1529  0.1225  0.9317 0 
 47.4220 -0.4299 -1.7307  0.2097  0.5724  0.0506  0.3462  0.0198  0.2098  0.8673 1 
 37.0764  0.4136  1.4076  0.3734  0.3467  0.0178  0.5084  0.5549  0.1350  0.9990 1 
 54.9386 -0.6525 -2.5143  0.0695  0.1995  0.0542  0.2918  0.0761  0.0149  0.3305 0 
 42.4109  0.6526  0.6179  0.1007  0.4104  0.0040  0.1337  0.0783 -0.0003  0.2167 0 
 49.8329  0.7721  0.5955  0.0348  0.1828  0.0361  0.4700  0.0219  0.0907  0.2681 0 
 41.7243 -0.7666 -2.5412  0.1179  0.1351  0.0259  0.1790  0.0943 -0.0003  0.2573 0 
 49.3172  0.5674  2.1919  0.0048  0.2522  0.0333  0.3427  0.0690 -0.0003  0.0786 0 
 46.9734 -0.5573 -0.9440  0.0508  0.3643  0.0364  0.3470  0.0261  0.1338  0.5104 0 
 46.7628 -0.7715 -0.1892  0.1865  0.5214  0.0170  0.2606  0.4941 -0.0003  0.9421 1 
 45.8228  0.7679  2.9512  0.1820  0.4063  0.0344  0.3057  0.1674 -0.0003  0.8039 1 
 47.3152 -0.6811  3.0140  0.0014  0.3731  0.0335  0.2598  0.0064 -0.0003  0.1235 0 
 46.7781  0.6738 -0.1198  0.0088  0.3353  0.0503  0.3474  0.0034 -0.0003  0.1636 0 
 60.1419 -0.2995 -1.9401  0.0214  0.2778  0.0533  0.2038  0.0152 -0.0003  0.1971 0 
 45.9663  0.3101  1.2288  0.0008  0.3459  0.0449  0.2181  0.0600 -0.0003  0.1338 0 
 47.6081 -0.6115  2.7839  0.0251  0.2828  0.0309  0.3026  0.0606 -0.0003  0.1171 0 
 40.3418  0.5981 -0.3261  0.0678  0.0722  0.1176  0.1355  0.0900 -0.0003  0.1814 0 
 39.2828  0.7214  0.0138  0.2071  0.3616  0.0282  0.4094  0.1961 -0.0003  0.8555 1 
 27.7531 -0.7005  3.1032  0.1328  0.7678  0.0262  0.4020  0.0898 -0.0003  0.7493 1 
 38.6542 -0.1666 -1.9494  0.0223  0.1254  0.0319  0.1828  0.0685 -0.0003  0.0659 0 
 36.9390  0.1906  1.2261  0.0291  0.2865  0.0800  0.3239  0.1014 -0.0003  0.2944 0 
 46.2104 -0.5655  1.0665  0.0481  0.3610  0.0421  0.4792  0.0394 -0.0003  0.3319 0 
 43.5004  0.5719 -2.0882  0.0266  0.1887  0.0219  0.2213  0.0225 -0.0003  0.0641 0 
 46.7048 -0.4117  1.2079  0.4567  0.3211  0.0801  0.6082  0.5784 -0.0003  0.9981 1 
 45.8167  0.4227 -1.9554  0.1246  0.7449  0.0255  0.4803  0.2012  0.1244  0.8406 1 
 47.7913 -0.6207 -1.6909  0.1173  0.7206  0.0344  0.1728  0.0950 -0.0003  0.6394 0 
 43.6988  0.6392  1.4944  0.0278  0.2624  0.0756  0.3095  0.0329 -0.0003  0.2011 0 
 48.2155 -0.4397 -2.3567  0.0551  0.7061  0.1733  0.6463  0.2330 -0.0003  0.8181 0 
 43.3692  0.4384  0.8548  0.0057  0.3819  0.0702  0.2658  0.0121 -0.0003  0.2054 0 
 46.4363 -0.4958 -1.8627  0.0208  0.3565  0.0995  0.3916  0.0482 -0.0003  0.2169 0 
 41.5351  0.4787  1.3080  0.0018  0.5132  0.0327  0.4033  0.0196 -0.0003  0.1392 0 
 48.7037 -0.7994  0.7051  0.0647  0.3132  0.1574  0.3868  0.1159 -0.0003  0.4656 0 
 47.6631  0.7960 -2.4544  0.0146  0.5420  0.0718  0.6050  0.0922 -0.0003  0.2807 0 
 40.0610  0.2479  2.6668  0.2686  0.2296  0.0753  0.3168  0.2498 -0.0003  0.9613 1 
 29.9046 -0.2408 -0.5474  0.2255  0.4480  0.0338  0.3440  0.1867 -0.0003  0.8688 1 
 56.0555  0.6694  1.3618  0.0190  0.6986  0.0258  0.2074  0.0329 -0.0003  0.1703 0 
 53.6324 -0.6564 -1.7907  0.0445  0.5034  0.1419  0.6710  0.0482 -0.0003  0.3508 0 
 48.4260  0.2112 -1.6593  0.0254  0.2335  0.0228  0.2152  0.0190 -0.0003  0.0814 0 
 44.7242 -0.2005  1.4724  0.0418  0.1612  0.0470  0.3955  0.0610 -0.0003  0.1648 0 
 44.7517  0.1096 -1.3215  0.0066  0.3778  0.1144  0.3075  0.0124 -0.0003  0.1767 0 
 40.7660 -0.0667  1.8810  0.0022  0.2497  0.0353  0.2252  0.0054 -0.0003  0.0920 0 
 38.9258 -0.0385  1.3585  0.0810  0.4820  0.0627  0.2737  0.0443 -0.0003  0.5602 0 
 35.3399  0.0428 -1.8097  0.0242  0.2477  0.0232  0.4216  0.0173 -0.0003  0.1142 0 
 40.8850 -0.2149  2.0440  0.2508  0.7784  0.0688  0.4950  0.3358 -0.0003  0.9890 1 
 36.7315  0.2148 -0.9631  0.0197  0.0935  0.0525  0.2317  0.0631  0.1179  0.1790 1 
 50.4219  0.7704  0.5083  0.0069  0.4943  0.0394  0.1278  0.0078 -0.0003  0.2750 0 
 47.5746 -0.7547 -2.6124  0.0994  0.2475  0.1467  0.4756  0.2072 -0.0003  0.8073 0 
 48.6336 -0.2789 -3.1169  0.0262  0.4173  0.1004  0.6449  0.2404 -0.0003  0.5504 0 
 47.0283  0.2399  0.0213  0.0004  0.1871  0.0741  0.4337  0.0357 -0.0003  0.1013 0 
 62.9496  0.5783  1.6111  0.0230  0.1053  0.0668  0.2419  0.0305  0.3862  0.6602 0 
 42.5696 -0.5826 -1.5121  0.0127  0.1963  0.2127  0.6233  0.0131 -0.0003  0.2156 0 
 51.9326  0.7671  1.9272  0.0169  0.2435  0.0915  0.2537  0.0688 -0.0003  0.2019 0 
 43.4791 -0.7694 -1.1747  0.0159  0.2590  0.0353  0.3099  0.1299 -0.0003  0.1586 0 
 45.4292  0.5436  2.3558  0.0653  0.4248  0.0838  0.7877  0.1187 -0.0003  0.6516 0 
 32.4529 -0.5643 -0.8013  0.0727  0.2914  0.0084  0.2400  0.0711 -0.0003  0.1340 0 
 43.5187 -0.0633 -1.4771  0.2018  0.2615  0.0339  0.3541  0.2640 -0.0003  0.8898 0 
 42.9206  0.0902  1.6702  0.0120  0.0846  0.0319  0.2665  0.1435 -0.0003  0.0826 0 
 45.3681 -0.5692  2.9579  0.0109  0.1272  0.0740  0.2189  0.0075 -0.0003  0.0972 0 
 43.6744  0.5495 -0.1805  0.0158  0.1974  0.0338  0.3537  0.0189 -0.0003  0.0847 0 
 45.8503  0.5003  3.0386  0.0179  0.5842  0.1324  0.2619  0.1097 -0.0003  0.3775 0 
 37.1496 -0.4828 -0.0492  0.0093  0.4858  0.0262  0.3234  0.1257 -0.0003  0.1653 0 
 49.8726 -0.3804 -0.0098  0.0036  0.1661  0.0595  0.3417  0.0300 -0.0003  0.0853 0 
 43.4333  0.3820  3.1368  0.0028  0.2135  0.0629  0.1771  0.0136 -0.0003  0.1384 0 
 47.9774  0.7295  1.1789  0.1143  0.5432  0.0426  0.3883  0.0099 -0.0003  0.6333 0 
 42.0996 -0.7345 -1.9599  0.0400  0.3646  0.1670  0.2679  0.1038 -0.0003  0.4110 0 
 54.9508  0.0483  1.5696  0.0096  0.4868  0.0840  0.3334  0.1492 -0.0003  0.3676 0 
 48.0018 -0.0321 -1.6048  0.0163  0.1168  0.0324  0.1725  0.0103 -0.0003  0.0651 0 
 53.5256  0.3825  1.5195  0.0164  0.3137  0.0541  0.2098  0.0092 -0.0003  0.2127 0 
 47.2236 -0.3740 -1.6350  0.0078  0.4155  0.0094  0.3033  0.0862 -0.0003  0.0785 0 
 49.8146  0.2828 -0.8943  0.3716  0.3466  0.0226  0.2564  0.3745 -0.0003  0.9878 1 
 37.9217 -0.2773  2.2334  0.1576  0.2168  0.0327  0.2756  0.1805  0.2907  0.9829 1 
 51.4443 -0.5834 -2.4857  0.0243  0.3193  0.0893  0.4238  0.0195 -0.0003  0.2043 0 
 43.9002  0.5649  0.6622  0.0215  0.2708  0.0055  0.1766  0.0037 -0.0003  0.0730 0 
 37.2808 -0.5078  0.7235  0.0078  0.2885  0.0321  0.3692  0.0859  0.2703  0.5974 1 
 32.8130  0.5476 -2.3725  0.2594  0.6118  0.0339  0.4784  0.3145  0.3161  0.9988 1 
 50.5623  0.4056  1.0305  0.0939  0.3984  0.0683  0.4257  0.0577 -0.0003  0.5175 0 
 42.0417 -0.4074 -2.1283  0.0221  0.5581  0.0072  0.1787  0.0328 -0.0003  0.1133 0 
 48.3345  0.1183  1.4424  0.0009  0.0438  0.0331  0.3875  0.0372 -0.0003  0.0538 0 
 40.6531 -0.1284 -1.7106  0.0279  0.4245  0.0453  0.3606  0.0223 -0.0003  0.2366 0 
 42.7771  0.3053  0.1795  0.0284  0.6564  0.0665  0.3557  0.0692 -0.0003  0.3483 0 
 41.4496 -0.3214 -2.9481  0.0514  0.1143  0.0233  0.3587  0.0223 -0.0003  0.0856 0 
 45.3010 -0.2445  0.5514  0.0747  0.0648  0.0275  0.2628  0.0065 -0.0003  0.0727 0 
 40.0793  0.2127 -2.6048  0.0113  0.5470  0.0334  0.2715  0.0900 -0.0003  0.1769 0 
 44.2359 -0.5354 -3.0216  0.0236  0.1021  0.0123  0.1763  0.0062 -0.0003  0.0441 0 
 43.1525  0.5327  0.1267  0.0171  0.3242  0.0135  0.2661  0.0751 -0.0003  0.0784 0 
 48.9052 -0.4289  1.8279  0.0141  0.4031  0.0548  0.3435  0.0259 -0.0003  0.1947 0 
 41.0040  0.4086 -1.3274  0.0522  0.3746  0.0314  0.3148  0.0506 -0.0003  0.2440 0 
 47.1778 -0.0364  1.4532  0.0270  0.0939  0.0513  0.3033  0.0150  0.0388  0.1057 0 
 46.4179  0.0455 -1.6752  0.0528  0.4583  0.0426  0.5222  0.1747  0.1932  0.7909 0 
 37.4456  0.7320  3.0812  0.0342  0.1609  0.0393  0.3688  0.0132 -0.0003  0.1154 0 
 24.5518 -0.7090 -0.0035  0.0431  0.3636  0.0151  0.4174  0.0723 -0.0003  0.1929 0 
 44.4648  0.2291  0.2906  0.0380  0.4061  0.0198  0.3961  0.1188 -0.0003  0.2461 0 
 41.4771 -0.2686 -2.8606  0.0363  0.2201  0.1820  0.3587  0.1663 -0.0003  0.4356 0 
 57.3709 -0.6187  1.6954  0.0835  0.3428  0.0457  0.4537  0.1446 -0.0003  0.6173 1 
 44.9226  0.6027 -1.3970  0.0822  0.2464  0.0563  0.3073  0.1564 -0.0003  0.5536 1 
 47.7150  0.4484 -2.4654  0.0705  0.6870  0.0522  0.2592  0.1075  0.0641  0.7430 1 
 36.2127 -0.4224  0.7091  0.5142  0.3392  0.0407  0.2791  0.2523  0.3810  0.9980 1 
 49.2714  0.7100  2.3351  0.0082  0.6430  0.0268  0.2142  0.0749 -0.0003  0.1515 0 
 46.9642 -0.6984 -0.8580  0.0258  0.4524  0.1543  0.8243  0.0585  0.2886  0.6282 0 
 44.2420  0.4816 -2.4251  0.3214  0.4362  0.0898  0.2203  0.1030 -0.0003  0.9351 1 
 33.5912 -0.5014  0.6915  0.0277  0.4675  0.0799  0.6178  0.0102 -0.0003  0.2618 1 
 47.1717  0.6443 -3.0114  0.0852  0.0993  0.0215  0.3900  0.0460 -0.0003  0.1425 0 
 44.6754 -0.6385  0.1164  0.0220  0.3331  0.0164  0.3956  0.0583 -0.0003  0.1050 0 
 41.0590 -0.3527 -1.1532  0.2944  0.0778  0.0605  0.2697  0.1830  0.5188  0.9985 1 
 38.0926  0.3550  1.9512  0.2544  0.7326  0.0186  0.4129  0.2750 -0.0003  0.9500 1 
 49.4209  0.3831  2.9154  0.6260  0.6293  0.0351  0.4282  0.5794 -0.0003  0.9979 1 
 48.2765 -0.3905 -0.2325  0.8181  0.5108  0.0606  0.3877  0.9140 -0.0003  0.9983 1 
 45.4078 -0.1015 -0.2879  0.0417  0.3744  0.0208  0.2626  0.0681  0.1650  0.5116 0 
 41.8006  0.1048  2.8452  0.0317  0.4673  0.0352  0.4474  0.0115  0.2517  0.6281 0 
 43.1067 -0.5179 -2.6361  0.0153  0.6293  0.0102  0.3550  0.0486 -0.0003  0.1098 0 
 34.4244  0.5165  0.5129  0.0178  0.3914  0.0150  0.2359  0.1572  0.1404  0.4294 0 
 50.1411  0.6148  2.2234  0.1347  0.1528  0.0811  0.6825  0.2167  0.2250  0.9315 1 
 43.7110 -0.6344 -0.9064  0.0742  0.5553  0.0437  0.1768  0.0081  0.1689  0.7068 1 
 55.2895  0.3189 -1.8294  0.0590  0.1155  0.0269  0.3745  0.1573 -0.0003  0.2111 0 
 36.2921 -0.2882  1.3311  0.0424  0.2368  0.0702  0.5115  0.1140 -0.0003  0.3612 0 
 45.0599 -0.2758 -2.7581  0.0092  0.1577  0.1439  0.4824  0.0137 -0.0003  0.1215 0 
 43.9734  0.2392  0.4228  0.0015  0.4282  0.0327  0.2648  0.0180 -0.0003  0.1234 0 
 44.2329  0.0695  1.7766  0.0189  0.4198  0.0545  0.2203  0.0089 -0.0003  0.2731 0 
 38.8495 -0.0094 -1.3570  0.1606  0.2414  0.0797  0.5932  0.2033  0.1588  0.9403 0 
 39.4446  0.3515  3.1197  0.0309  0.5807  0.0487  0.5453  0.0318  0.1112  0.4665 0 
 36.9360 -0.3736 -0.0068  0.0463  0.6032  0.0389  0.3702  0.0107 -0.0003  0.3565 0 
 50.1656  0.3934 -1.0101  0.0428  0.5706  0.1861  0.4266  0.1961 -0.0003  0.5913 1 
 31.6106 -0.4061  2.1004  0.6925  0.7493  0.0701  0.3869  0.2864  0.5206  0.9982 1 
 60.7218 -0.6952 -2.6171  0.0646  0.6144  0.2093  0.4474  0.0629 -0.0003  0.3872 0 
 32.5139  0.7100  0.4804  0.0007  0.2136  0.0154  0.0480  0.0903  0.2624  0.8442 0 
 49.9367  0.7841 -0.5781  0.0334  0.2115  0.0226  0.2135  0.0060 -0.0003  0.0907 0 
 47.9316 -0.7911  2.5674  0.0024  0.1182  0.0273  0.3453  0.1256 -0.0003  0.0660 0 
 46.0487 -0.2763 -0.2661  0.8766  0.7996  0.1084  0.3052  0.6509 -0.0003  0.9981 1 
 44.8341  0.2648  2.8917  0.1627  0.4405  0.0549  0.4830  0.1451  0.1784  0.9100 1 
 45.2888 -0.3300 -1.4809  0.0429  0.1900  0.0370  0.4379  0.0154 -0.0003  0.1733 0 
 42.5757  0.3335  1.6535  0.0510  0.3408  0.0263  0.2671  0.1163 -0.0003  0.2464 0 
 48.4596  0.3096  0.2043  0.1067  0.6220  0.0700  0.3012  0.1299 -0.0003  0.8272 0 
 38.0652 -0.2842 -2.9079  0.1841  0.3454  0.0455  0.1836  0.1335  0.1980  0.8967 0 
 60.8713 -0.7463  0.7683  0.0566  0.0749  0.1584  0.2032  0.0305  0.7732  0.6723 0 
 48.8350  0.7195 -2.4189  0.0629  0.2832  0.1511  0.3436  0.0139 -0.0003  0.3011 0 
 52.8481 -0.0566  0.5105  0.0383  0.3901  0.0401  0.2947  0.0632 -0.0003  0.2478 0 
 45.8045  0.0884 -2.6567  0.0593  0.4244  0.0650  0.3493  0.0490 -0.0003  0.4151 0 
 47.9774 -0.4094  0.8581  0.0234  0.5620  0.0179  0.2157  0.0399  0.1167  0.2840 0 
 29.9870  0.4090 -2.2668  0.0157  0.1477  0.0273  0.3929  0.0665  0.1592  0.2788 0 
 47.4647 -0.1571  2.4336  0.0348  0.3408  0.0271  0.3461  0.0383 -0.0003  0.1569 0 
 36.9146  0.1641 -0.6949  0.1082  0.4430  0.0222  0.1851  0.0693 -0.0003  0.3525 0 
 42.7314 -0.7437 -2.5749  0.0551  0.6801  0.0562  0.4892  0.1496 -0.0003  0.6360 0 
 34.7692  0.7382  0.6473  0.0639  0.6531  0.0435  0.4706  0.1423 -0.0003  0.6706 0 
 46.7659 -0.7611  2.0966  0.0269  0.1924  0.0236  0.3474  0.0010 -0.0003  0.0872 0 
 44.1993  0.7732 -1.0222  0.0057  0.1946  0.1319  0.3967  0.0067 -0.0003  0.1182 0 
 47.3060  0.4528  1.9675  0.0095  0.3614  0.0200  0.2165  0.0234 -0.0003  0.0904 0 
 39.7681 -0.4485 -1.1633  0.0063  0.6879  0.0609  0.3174  0.0429 -0.0003  0.2409 0 
 50.4036 -0.4633  1.4162  0.0278  0.1620  0.0315  0.3834  0.0143 -0.0003  0.0953 0 
 41.3611  0.4262 -1.7110  0.0136  0.1556  0.0231  0.2692  0.0184 -0.0003  0.0494 0 
 47.6295 -0.4030  0.2429  0.0026  0.6250  0.0460  0.4323  0.0364 -0.0003  0.1729 0 
 42.0356  0.3700 -2.9080  0.0271  0.3205  0.0189  0.2680  0.0057 -0.0003  0.1069 0 
 46.1891  0.6591 -0.9503  0.0317  0.4769  0.0652  0.3922  0.0312 -0.0003  0.2710 0 
 42.1485 -0.6453  2.1888  0.0036  0.1874  0.0753  0.4464  0.0821 -0.0003  0.1233 0 
 47.0253 -0.5174 -3.0740  0.3645  0.7041  0.0588  0.3903  0.2580 -0.0003  0.9840 1 
 31.6625  0.5468  0.0688  0.0275  0.3699  0.0313  0.1933  0.0056  0.0447  0.2695 1 
 46.6590 -0.5340 -1.8916  0.0105  0.2005  0.1438  0.5649  0.0707 -0.0003  0.2007 0 
 45.3590  0.5154  1.2402  0.0238  0.6789  0.0486  0.3065  0.0490 -0.0003  0.3088 0 
 46.9123  0.4786  2.7706  0.0213  0.0511  0.0226  0.3906  0.0276 -0.0003  0.0561 0 
 46.5217 -0.4953 -0.3575  0.0739  0.4222  0.0276  0.2609  0.0468 -0.0003  0.2939 0 
 54.8714 -0.5974 -1.4772  0.0000  0.3687  0.0237  0.0000 -0.0200 -0.0003  0.3526 0 
 43.1952  0.6140  1.6765  0.1743  0.3997  0.0432  0.3104  0.3852 -0.0003  0.9537 0 
 47.0832  0.0467  0.2105  0.0133  0.0734  0.0269  0.1301  0.0203 -0.0003  0.0570 0 
 46.0395 -0.0286 -2.9584  0.0542  0.2115  0.1965  0.6105  0.0549 -0.0003  0.3798 0 
 52.2194 -0.1446  1.7426  0.0442  0.3170  0.0176  0.4222  0.0738  0.0918  0.4136 0 
 49.6498  0.1459 -1.3971  0.0076  0.5439  0.1168  0.5132  0.0104 -0.0003  0.2097 0 
 49.4728 -0.7480 -0.5536  0.0795  0.3822  0.1024  0.5137  0.0745  0.5694  0.9433 0 
 37.0520  0.7274  2.6301  0.0772  0.1555  0.0337  0.3698  0.1281 -0.0003  0.3048 0 
 45.5940  0.3683  0.4776  0.0164  0.2104  0.2753  0.4372  0.0766 -0.0003  0.2456 0 
 37.8820 -0.3911 -2.5925  0.0979  0.1610  0.1949  0.5054  0.1022 -0.0003  0.4845 0 
 48.5634 -0.6681  1.1407  0.1147  0.1519  0.0410  0.1720  0.0786 -0.0003  0.3288 0 
 38.8556  0.6480 -1.9982  0.1629  0.1810  0.0165  0.2282  0.2101  0.1302  0.8220 0 
 46.6590  0.4234 -3.0730  0.1404  0.6587  0.0594  0.3042  0.2170 -0.0003  0.9344 1 
 31.6106 -0.3999 -0.0170  0.0502  0.7490  0.0239  0.3869  0.0869 -0.0003  0.3711 1 
 46.4607 -0.3958  0.7106  0.4194  0.3851  0.0576  0.5220  0.2448 -0.0003  0.9795 1 
 40.3235  0.4399 -2.4123  0.2849  0.4350  0.0546  0.6776  0.7080 -0.0003  0.9985 1 
 50.3212  0.0999 -0.0419  0.4512  0.6976  0.0500  0.4688  0.3084 -0.0003  0.9897 1 
 38.7793 -0.0999  3.1328  0.3479  0.7724  0.0264  0.4109  0.3846  0.1389  0.9939 1 
 45.4902  0.5356  2.8958  0.0371  0.5830  0.0758  0.4374  0.0165 -0.0003  0.2760 0 
 41.1536 -0.5314 -0.2487  0.0531  0.4830  0.0238  0.4043  0.0334 -0.0003  0.3032 0 
 55.2590 -0.4913  1.4704  0.0389  0.6761  0.0661  0.4163  0.0325 -0.0003  0.3252 0 
 46.6133  0.4970 -1.6977  0.1056  0.4979  0.0518  0.4347  0.0627 -0.0003  0.6158 0 
 47.8248 -0.7981  1.7475  0.1878  0.6849  0.0680  0.4750  0.4426 -0.0003  0.9921 1 
 38.5565  0.7914 -1.3947  0.4146  0.4587  0.1617  0.5487  0.8160 -0.0003  0.9991 1 
 41.3001  0.6758  3.0155  0.0089  0.4029  0.1368  0.3142  0.0107  0.2388  0.3868 1 
 40.1282 -0.6648 -0.1040  0.2083  0.6822  0.1485  0.5880  0.1630 -0.0003  0.9322 1 
 37.4090  0.7463 -2.5311  0.0020  0.2122  0.1769  0.3228  0.0059 -0.0003  0.1375 0 
 35.3033 -0.7610  0.6642  0.0205  0.1295  0.0447  0.2812  0.0648 -0.0003  0.0788 0 
 42.6856 -0.3954  1.8715  0.0241  0.2620  0.0476  0.2669  0.0414 -0.0003  0.1500 0 
 41.0346  0.4432 -1.2619  0.0625  0.2741  0.0292  0.2698  0.1331 -0.0003  0.3095 0 
 43.8300  0.0748 -0.5835  0.0835  0.6452  0.0550  0.7068  0.1428 -0.0003  0.7476 0 
 41.4984 -0.0775  2.5576  0.0167  0.4549  0.0070  0.2241  0.0052 -0.0003  0.0959 0 
 48.4382 -0.3187 -2.8942  0.0248  0.5199  0.1160  0.4734  0.0745 -0.0003  0.2832 1 
 44.9043  0.2983  0.2325  0.2955  0.4378  0.0498  0.2634  0.3957 -0.0003  0.9901 1 
 48.2673  0.0552 -2.6017  0.0012  0.4122  0.0192  0.3015  0.0329 -0.0003  0.0739 0 
 44.4221 -0.0518  0.5677  0.0067  0.3408  0.0525  0.5282  0.0612 -0.0003  0.1840 0 
 45.0446 -0.1932 -2.4937  0.0003  0.3745  0.0398  0.4824  0.0097 -0.0003  0.1432 0 
 43.7842  0.1852  0.6446  0.0536  0.2579  0.0335  0.3535  0.2022 -0.0003  0.4248 0 
 52.5521 -0.2558 -1.4091  0.0749  0.5133  0.1169  0.4215  0.2092 -0.0003  0.7569 0 
 47.5624  0.2760  1.7379  0.0708  0.3977  0.0250  0.2595  0.0388 -0.0003  0.2474 0 
 53.5866 -0.3957 -2.5723  0.0460  0.5523  0.0457  0.2517  0.0296 -0.0003  0.3771 0 
 51.1299  0.3894  0.5484  0.0235  0.1396  0.0791  0.2971  0.0128 -0.0003  0.1069 0 
 42.9694 -0.4988 -2.3225  0.2531  0.1477  0.1091  0.3553  0.2636  0.5890  0.9979 1 
 37.8698  0.5171  0.7903  0.1006  0.3498  0.0243  0.2298  0.0894  0.0751  0.5684 1 
 46.9947 -0.1724  2.0177  0.0305  0.0999  0.1566  0.5205  0.0167 -0.0003  0.1331 0 
 45.2888  0.1775 -1.1389  0.0208  0.1393  0.0129  0.3066  0.0234 -0.0003  0.0418 0 
 45.7038  0.3077 -1.8365  0.0613  0.1877  0.0903  0.3058  0.0822  0.1936  0.5281 1 
 38.1781 -0.2563  1.2998  0.0037  0.4047  0.0232  0.2751  0.0457 -0.0003  0.0839 1 
 48.9143 -0.7130  2.1153  0.0215  0.2244  0.0196  0.0859  0.0152 -0.0003  0.1228 0 
 46.7384  0.7333 -1.0170  0.0434  0.3920  0.1041  0.3475  0.1907 -0.0003  0.5662 0 
 45.3223 -0.6121 -3.0533  0.4776  0.7253  0.0357  0.3503  0.5983 -0.0003  0.9978 1 
 38.9075  0.6346  0.0781  0.5508  0.6103  0.0387  0.3649  0.6553 -0.0003  0.9982 1 
 51.3649 -0.1940 -2.5511  0.8775  0.6469  0.1087  0.5088  0.8663 -0.0003  0.9982 1 
 45.1423  0.2439  0.6063  0.4505  0.3415  0.1252  0.3068  0.4140 -0.0003  0.9978 1 
 46.7384 -0.5545  1.2634  0.0098  0.4728  0.0560  0.3475  0.0377 -0.0003  0.1961 0 
 45.3040  0.5484 -1.8808  0.0406  0.2571  0.0368  0.3066  0.0506 -0.0003  0.1648 0 
 46.9368 -0.6356  0.9564  0.0310  0.2336  0.0435  0.2603  0.0366 -0.0003  0.1394 0 
 44.8829  0.6595 -2.2012  0.0062  0.3519  0.0178  0.1756  0.0041 -0.0003  0.1065 0 
 52.6986 -0.7843  0.4606  0.0194  0.4292  0.2025  0.4212  0.0362 -0.0003  0.2563 0 
 42.4262  0.7853 -2.6564  0.0103  0.2735  0.0145  0.1337  0.1494 -0.0003  0.1563 0 
 54.9508  0.1069  0.3240  0.0428  0.5139  0.1890  0.5836  0.3259 -0.0003  0.8718 0 
 54.2214 -0.1222 -2.8461  0.0014  0.3101  0.0157  0.1673  0.0261 -0.0003  0.0758 0 
 48.9784 -0.2791 -1.3571  0.0467  0.2063  0.1695  0.3862  0.0080 -0.0003  0.2175 0 
 43.4699  0.2695  1.7839  0.0015  0.2334  0.0607  0.3099  0.0345 -0.0003  0.1058 0 
 48.3131 -0.3094 -1.5937  0.5913  0.2854  0.1227  0.6029  0.3510 -0.0003  0.9923 1 
 45.4566  0.3415  1.5558  0.0471  0.6209  0.0538  0.2625  0.0118  0.2881  0.8282 1 
 47.6081  0.0058  0.2844  0.0257  0.2954  0.0470  0.3891  0.0676 -0.0003  0.2007 0 
 38.3917  0.0092 -2.8592  0.0163  0.1673  0.0573  0.2289  0.0089 -0.0003  0.1100 0 
 46.8238  0.4559  2.6777  0.0269  0.2131  0.0216  0.3474  0.0436  0.1300  0.3136 0 
 39.3652 -0.4797 -0.4664  0.0678  0.4806  0.0384  0.3183  0.0427 -0.0003  0.4200 0 
 58.2712  0.3162  1.8815  0.3205  0.4364  0.1408  0.5340  0.1965 -0.0003  0.9778 1 
 36.0540 -0.2997 -1.2174  0.5863  0.7262  0.0300  0.4658  0.7015 -0.0003  0.9982 1 
 47.3304 -0.6165  2.4675  0.0316  0.6889  0.0392  0.3031  0.0342 -0.0003  0.2994 0 
 45.0965  0.5978 -0.6766  0.0061  0.4698  0.0964  0.3069  0.0567 -0.0003  0.2164 0 
 47.4647  0.4495 -1.3913  0.0161  0.5491  0.3155  0.3461  0.0046 -0.0003  0.2139 0 
 45.2918 -0.4455  1.7806  0.0033  0.2450  0.0906  0.5256  0.0471 -0.0003  0.1503 0 
 44.1352  0.6082 -3.0147  0.0309  0.3138  0.0510  0.2646  0.0925  0.0716  0.4168 0 
 39.2126 -0.5897  0.1943  0.0720  0.1481  0.0937  0.2731  0.1445 -0.0003  0.4219 0 
 45.9327  0.5333  1.2240  0.0227  0.1905  0.0498  0.2618  0.0165 -0.0003  0.1147 0 
 45.1972 -0.5316 -1.9203  0.0377  0.0890  0.1391  0.5696  0.0242 -0.0003  0.1619 0 
 47.4739  0.4170 -2.6155  0.0219  0.1233  0.0699  0.3894  0.0130 -0.0003  0.1007 0 
 35.7794 -0.4214  0.5268  0.0108  0.1921  0.0053  0.1400  0.0770 -0.0003  0.0582 0 
 46.7994 -0.7207 -1.4976  0.0073  0.3904  0.0360  0.4342  0.0042 -0.0003  0.1566 0 
 34.5830  0.7327  1.7030  0.0780  0.6775  0.0327  0.2357  0.0500 -0.0003  0.4550 0 
 52.3018 -0.4858 -2.3213  0.0047  0.3734  0.0246  0.3376  0.0799 -0.0003  0.0905 0 
 45.6825  0.4688  0.7942  0.1373  0.1217  0.0235  0.1748  0.0375  0.0772  0.4604 0 
 41.7548  0.3344 -1.3973  0.0804  0.7727  0.0228  0.5817  0.2819 -0.0003  0.8622 0 
 41.6632 -0.3229  1.7382  0.0216  0.3475  0.1282  0.4926  0.0209 -0.0003  0.2213 0 
 45.1240 -0.7360 -2.4076  0.0608  0.2295  0.0628  0.3946  0.1287 -0.0003  0.4169 1 
 45.0874  0.7453  0.7107  0.1490  0.5370  0.0632  0.6577  0.2714 -0.0003  0.9523 1 
 53.1685  0.5174 -1.3997  0.0108  0.1474  0.0129  0.3362  0.0075  0.0473  0.0751 0 
 48.8228 -0.5199  1.7526  0.0077  0.1016  0.0145  0.3436  0.0528 -0.0003  0.0386 0 
 48.9876 -0.4321 -1.0231  0.0131  0.3954  0.0199  0.3862  0.0684 -0.0003  0.1069 0 
 47.4525  0.4345  2.1092  0.3201  0.0612  0.0203  0.4327  0.1804 -0.0003  0.8372 0 
 41.7884 -0.5007  2.8442  0.4430  0.6205  0.1067  0.5369  0.5064  0.5789  0.9999 1 
 36.6094  0.5093 -0.3130  0.2376  0.5505  0.0432  0.4174  0.2365 -0.0003  0.9534 1 
 49.5705 -0.2637 -2.7822  0.0186  0.2337  0.0867  0.3423  0.0121 -0.0003  0.1546 0 
 46.5980  0.2509  0.3562  0.0560  0.4708  0.0102  0.1739  0.0262 -0.0003  0.1442 0 
 44.6723  0.4834  2.8563  0.0248  0.3457  0.0268  0.2637  0.0714 -0.0003  0.1265 0 
 44.0070 -0.4768 -0.2827  0.0881  0.6978  0.1657  0.3972  0.0215  0.7641  0.9860 0 
 54.6944  0.1502  0.5765  0.0411  0.2242  0.0188  0.2504  0.1263 -0.0003  0.1503 0 
 50.0160 -0.1727 -2.5123  0.0099  0.4129  0.2006  0.5549  0.0366 -0.0003  0.2449 0 
 55.2865  0.3631  2.8354  0.0172  0.2131  0.0516  0.2497  0.0495 -0.0003  0.1173 0 
 39.3408 -0.3765 -0.3165  0.0022  0.4767  0.0176  0.1819  0.0209 -0.0003  0.1099 0 
 48.2063  0.3173  1.1070  0.0348  0.5118  0.1250  0.8618  0.0656 -0.0003  0.4365 1 
 40.2502 -0.3143 -2.0683  0.0747  0.2273  0.0534  0.2260  0.0107 -0.0003  0.2943 1 
 52.8847  0.6966  2.1116  0.0016  0.2616  0.1134  0.4629  0.0235 -0.0003  0.1397 0 
 49.9123 -0.6842 -1.0134  0.1312  0.2946  0.0588  0.3844  0.1771 -0.0003  0.7854 0 
 49.7719 -0.2923  0.0543  0.1540  0.5596  0.0869  0.4701  0.0767 -0.0003  0.7394 1 
 32.7642  0.2097 -3.1139  0.1451  0.7457  0.0815  0.6700  0.3629  0.0842  0.9844 1 
 46.5431 -0.1199  1.5743  0.0052  0.3576  0.1397  0.4348  0.0537 -0.0003  0.1954 0 
 38.6450  0.1088 -1.5536  0.0105  0.4364  0.0719  0.5484  0.0356 -0.0003  0.2010 0 
 41.6876  0.7719 -2.5308  0.0159  0.3934  0.1719  0.5820  0.1442 -0.0003  0.3594 0 
 39.7436 -0.8184  0.6467  0.0281  0.2906  0.0229  0.2721  0.0521 -0.0003  0.0976 0 
 48.0781 -0.7607 -0.7025  0.1074  0.4577  0.0477  0.2156  0.0593 -0.0003  0.6224 0 
 46.2135  0.7690  2.4531  0.0038  0.2101  0.1563  0.1743  0.1558 -0.0003  0.2974 0 
 51.7433  0.6715 -1.5188  0.0160  0.5244  0.0757  0.3386  0.0109 -0.0003  0.2124 0 
 35.4131 -0.6649  1.5826  0.0021  0.1956  0.0377  0.3277  0.0627 -0.0003  0.0656 0 
 47.2328 -0.7076  0.5403  0.4476  0.3702  0.0667  0.3466  0.6588 -0.0003  0.9983 1 
 32.5139  0.6591 -2.5252  0.2144  0.4836  0.0214  0.3358  0.2720 -0.0003  0.8958 1 
 61.2039 -0.4942  2.3805  0.0614  0.2409  0.0568  0.2435  0.0557 -0.0003  0.2947 0 
 45.7130  0.5170 -0.7789  0.0086  0.1489  0.0955  0.3495  0.0279 -0.0003  0.0893 0 
 47.1962  0.1826  2.2022  0.0017  0.7460  0.0367  0.3466  0.0823 -0.0003  0.1860 0 
 42.7070 -0.1768 -0.9400  0.1010  0.6319  0.0222  0.2669  0.0732 -0.0003  0.4552 0 
 49.8299 -0.7534 -3.0963  0.0604  0.0656  0.0270  0.2991  0.0163 -0.0003  0.0678 0 
 47.2053  0.7530  0.0661  0.1556  0.2835  0.0268  0.2166  0.1281 -0.0003  0.5620 0 
 57.7615  0.1545  0.1489  0.0300  0.2282  0.1635  0.4940  0.0178 -0.0003  0.2190 0 
 44.4617 -0.1447 -2.9933  0.0087  0.5561  0.0724  0.3961  0.0267 -0.0003  0.1928 0 
 42.8168  0.3696 -0.3982  0.2072  0.2387  0.0789  0.3111  0.2080  0.3442  0.9804 1 
 39.1699 -0.4599  2.8094  0.0221  0.5303  0.1770  0.6374  0.1823  0.8092  0.9566 1 
 46.6194 -0.1773 -2.7251  1.3406  0.7361  0.0438  0.4347  0.8667 -0.0003  0.9981 1 
 41.2268  0.1848  0.4145  0.4147  0.4520  0.0198  0.4490  0.0967  0.1965  0.9703 1 
 44.6204  0.1516 -0.1215  0.0946  0.3929  0.0281  0.4836  0.2471 -0.0003  0.7696 0 
 40.5707 -0.1280  3.0081  0.0343  0.3031  0.1080  0.2706  0.0684 -0.0003  0.2995 0 
 45.7923 -0.3318 -2.4604  0.0350  0.0876  0.0332  0.4804  0.0927 -0.0003  0.1365 0 
 43.7873  0.3328  0.6740  0.0687  0.6485  0.0158  0.3977  0.0889 -0.0003  0.3903 0 
 41.1902  0.5156 -0.4153  0.0001  0.0547  0.0310  0.1347  0.0941 -0.0003  0.0618 0 
 33.6828 -0.5118  2.7491  0.0343  0.3755  0.0047  0.0950  0.0054 -0.0003  0.1288 0 
 47.0436  0.6014  1.9231  0.0127  0.5009  0.2135  0.3469  0.0029 -0.0003  0.2200 0 
 46.8360 -0.5877 -1.2494  0.0013  0.7328  0.0280  0.5644  0.0687 -0.0003  0.2011 0 
 44.3000 -0.7946 -1.3924  0.0302  0.0936  0.0395  0.3084  0.0204 -0.0003  0.0715 0 
 29.7154  0.7927  1.7420  0.0013  0.3913  0.0345  0.2462  0.0047 -0.0003  0.1391 0 
 52.3842  0.6381 -0.0683  0.0200  0.5896  0.1077  0.3375  0.0052 -0.0003  0.2224 0 
 37.4975 -0.6383  3.0570  0.0000  0.2353  0.0107  0.0921 -0.0200 -0.0003  0.1202 0 
 47.1870 -0.5760 -1.2397  0.0019  0.4400  0.0197  0.3466  0.0145 -0.0003  0.0893 0 
 42.8443  0.5647  1.9217  0.0005  0.0883  0.0793  0.3111  0.0692 -0.0003  0.0708 0 
 46.0426  0.7274  2.0608  0.1159  0.3361  0.0215  0.2617  0.0526 -0.0003  0.3362 0 
 38.6297 -0.7314 -1.0329  0.1007  0.2279  0.1188  0.5485  0.0497 -0.0003  0.4656 0 
 45.6092 -0.5191 -2.1589  0.0112  0.3396  0.0503  0.2623  0.0228 -0.0003  0.1685 0 
 43.6469  0.5210  0.9789  0.0038  0.3682  0.0848  0.4423  0.0317  0.3030  0.4431 0 
 54.7890  0.3197  1.3759  0.0474  0.2645  0.0811  0.3754  0.0421  0.0644  0.3630 0 
 50.0038 -0.2781 -1.7149  0.1141  0.1784  0.1502  0.4696  0.0301 -0.0003  0.4182 0 
 55.1888  0.3114  1.3320  0.1871  0.5028  0.1352  0.6246  0.2723 -0.0003  0.9769 1 
 38.8861 -0.2546 -1.8079  0.2618  0.5045  0.0450  0.3650  0.2257 -0.0003  0.9490 1 
 44.9989 -0.1573 -0.7617  0.1154  0.7024  0.1044  0.3071  0.2006 -0.0003  0.9224 1 
 41.2665  0.1319  2.3526  0.0196  0.2262  0.0280  0.3591  0.0737 -0.0003  0.0952 1 
 44.5411 -0.4759 -1.4031  0.0234  0.1600  0.0874  0.3079  0.1204 -0.0003  0.1887 0 
 42.8077  0.4633  1.7224  0.0042  0.0927  0.0240  0.3556  0.0450 -0.0003  0.0447 0 
 50.2480 -0.0223  2.0159  0.0696  0.2909  0.2140  0.3837  0.0251 -0.0003  0.3552 0 
 45.1331  0.0180 -1.0735  0.1196  0.2443  0.0230  0.1315  0.0848  0.0930  0.5786 0 
 45.1942 -0.2889 -1.6001  0.0029  0.6700  0.1758  0.3944  0.0372 -0.0003  0.2672 0 
 43.0426  0.2874  1.5263  0.1689  0.4628  0.0571  0.5771  0.1031 -0.0003  0.8122 0 
 49.9855  0.6884 -2.2203  0.0140  0.4002  0.2973  0.7685  0.0162 -0.0003  0.3203 0 
 44.6448 -0.6844  0.9362  0.0067  0.3854  0.1020  0.5275  0.0519 -0.0003  0.1978 0 
 49.3538 -0.3333  1.8609  0.0239  0.4251  0.0762  0.5140  0.0248 -0.0003  0.2345 0 
 41.5686  0.3452 -1.2763  0.0158  0.3854  0.0945  0.2240  0.0305 -0.0003  0.2555 0 
 55.8083 -0.7223  1.9959  0.0434  0.3367  0.3129  0.4568  0.0182 -0.0003  0.2938 0 
 46.8330  0.7178 -1.1195  0.0066  0.2229  0.0277  0.3908  0.0139 -0.0003  0.0758 0 
 47.4891  0.6106 -0.6657  0.0017  0.2795  0.0754  0.6056  0.0091  0.0181  0.1725 0 
 43.1556 -0.6417  2.4613  0.0104  0.4487  0.0305  0.3992  0.0217 -0.0003  0.1466 0 
 38.6511  0.0143  0.1583  0.1007  0.5490  0.0409  0.3199  0.1608  0.2363  0.8822 1 
 36.9970  0.0347 -2.9797  0.1617  0.1032  0.0385  0.4163  0.1662  0.3343  0.9777 1 
 56.4614  0.6404  0.8251  0.0143  0.1979  0.2213  0.3312  0.0710 -0.0003  0.1945 0 
 37.7020 -0.6104 -2.4005  0.0146  0.6048  0.0566  0.5981  0.0816 -0.0003  0.2779 0 
 42.5696 -0.5363 -0.5513  0.2673  0.7373  0.1365  0.5788  0.3559 -0.0003  0.9957 1 
 39.8260  0.5300  2.6683  0.2383  0.5002  0.0322  0.2720  0.4893  0.3155  0.9973 1 
 45.5512  0.1646 -1.2577  0.1087  0.3205  0.0374  0.4373  0.0573  0.0441  0.5981 0 
 43.4699 -0.1849  1.8913  0.0296  0.2804  0.0775  0.5313  0.0191 -0.0003  0.2366 0 
 44.5808  0.2771 -2.7109  0.0598  0.2970  0.0780  0.2639  0.0259 -0.0003  0.3441 0 
 43.1617 -0.2527  0.3962  0.0345  0.3924  0.0819  0.5323  0.0317 -0.0003  0.2810 0 
 48.9632 -0.2950  2.1380  0.0607  0.1657  0.0267  0.3863  0.0659 -0.0003  0.1722 0 
 46.8330  0.3043 -1.0209  0.0167  0.2595  0.0280  0.2171  0.1617  0.3203  0.8268 0 
 47.2450  0.3954  0.1853  0.1021  0.5244  0.0685  0.4331  0.0414 -0.0003  0.5577 1 
 36.8475 -0.3669 -2.9361  0.5516  0.6381  0.0633  0.4630  0.5261 -0.0003  0.9976 1 
 36.4538  0.4233 -0.8197  0.0616  0.2330  0.0217  0.2786  0.0600 -0.0003  0.1455 0 
 32.9442 -0.3922  2.3949  0.1468  0.6071  0.0479  0.2389  0.2071  0.2186  0.9090 0 
 43.3661  0.4738 -3.1364  0.0039  0.4402  0.1034  0.3544  0.0402  0.1345  0.3145 0 
 39.2248 -0.4859  0.0328  0.0063  0.1275  0.0421  0.2276  0.0272 -0.0003  0.0613 0 
 47.7363  0.3506 -1.5598  0.1776  0.1802  0.0236  0.3024  0.2996 -0.0003  0.7839 1 
 33.3349 -0.3735  1.5381  0.3845  0.2867  0.0358  0.2857  0.3603 -0.0003  0.9892 1 
 46.7018 -0.7036 -0.8313  0.0044  0.6449  0.0233  0.2607  0.0264 -0.0003  0.1271 0 
 43.3783  0.7016  2.3019  0.0207  0.3135  0.0182  0.2658  0.0656 -0.0003  0.0851 0 
 43.5798  0.2666 -1.1013  0.0063  0.4726  0.0402  0.5751  0.1234 -0.0003  0.2623 0 
 30.8629 -0.2697  2.0836  0.0758  0.3406  0.0382  0.5356  0.0792 -0.0003  0.5058 0 
 54.2458 -0.4457  3.0398  0.0018  0.2437  0.0942  0.3345  0.0400 -0.0003  0.1244 0 
 44.1260  0.4262 -0.0720  0.0289  0.5983  0.0350  0.5292  0.1263 -0.0003  0.4203 0 
 39.5575  0.6198  2.4458  0.0564  0.4888  0.0213  0.1816  0.0557 -0.0003  0.1967 0 
 38.8373 -0.6505 -0.6306  0.0296  0.0505  0.0261  0.2282  0.0969 -0.0003  0.0621 0 
 52.6345  0.3377 -2.7321  0.0051  0.1154  0.0714  0.3792  0.0634 -0.0003  0.0815 0 
 46.0822 -0.3554  0.4118  0.1100  0.1900  0.0127  0.2616  0.2466 -0.0003  0.4316 0 
 53.7270  0.0783  1.0663  0.0597  0.1302  0.0313  0.2096  0.0358 -0.0003  0.0931 0 
 37.5341 -0.0440 -2.0893  0.0511  0.4121  0.0799  0.5067  0.0394 -0.0003  0.3477 0 
 40.1190 -0.7331  0.2142  0.0250  0.2376  0.0270  0.4071  0.0237 -0.0003  0.1154 0 
 34.9981  0.7168 -2.8811  0.0532  0.3390  0.0909  0.3288  0.0169 -0.0003  0.3085 0 
 50.2846 -0.3178  1.3554  0.3256  0.6368  0.0313  0.3837  0.3124 -0.0003  0.9821 1 
 47.0832  0.3239 -1.8015  0.3977  0.3505  0.0580  0.2168  0.3771 -0.0003  0.9940 1 
 47.4159  0.3700  2.5473  0.0339  0.3029  0.2638  0.1731  0.0213 -0.0003  0.2566 0 
 46.7262 -0.3300 -0.5906  0.0137  0.4061  0.0356  0.2607  0.0357 -0.0003  0.1439 0 
 46.9551  0.4651  2.8241  0.0121  0.3559  0.1259  0.6074  0.0478 -0.0003  0.2401 0 
 45.6153 -0.4679 -0.3197  0.0127  0.4910  0.0674  0.6557  0.0258 -0.0003  0.2288 0 
 46.1463  0.7717 -0.5861  0.0053  0.3438  0.0850  0.4794  0.0428 -0.0003  0.1678 0 
 34.8455 -0.7331  2.5187  0.0345  0.1791  0.0331  0.4703  0.0110 -0.0003  0.1522 0 
 46.0365 -0.4662 -1.7238  0.0555  0.0535  0.0527  0.2617  0.0319 -0.0003  0.0815 0 
 44.4434  0.4447  1.4092  0.0023  0.0884  0.0454  0.3081  0.0516 -0.0003  0.0571 0 
 53.8186  0.4776 -0.9436  0.0027  0.2629  0.1045  0.5447  0.1407 -0.0003  0.2253 0 
 40.5554 -0.4958  2.2168  0.0103  0.1179  0.0112  0.3157  0.0080 -0.0003  0.0382 0 
 44.2084  0.5950 -0.6798  0.0115  0.5414  0.0387  0.2204  0.0067 -0.0003  0.2375 0 
 34.0307 -0.5868  2.4662  0.0282  0.6729  0.0359  0.2841  0.0804 -0.0003  0.2769 0 
 55.8663  0.1852 -2.9056  0.0457  0.1796  0.0930  0.3736  0.1516 -0.0003  0.3514 0 
 42.0905 -0.1906  0.2548  0.0469  0.6601  0.0085  0.2679  0.0554  0.0187  0.1954 0 
 43.7903  0.6795  1.5280  0.0261  0.3298  0.0392  0.3093  0.0732 -0.0003  0.1778 0 
 43.1891 -0.6637 -1.6707  0.0238  0.0939  0.0476  0.2217  0.0225 -0.0003  0.0734 0 
 46.1219 -0.1797 -0.6778  0.0560  0.3698  0.0098  0.1744  0.0480 -0.0003  0.1283 0 
 44.4190  0.1757  2.4358  0.0635  0.6854  0.1255  0.6603  0.0102 -0.0003  0.3674 0 
 48.1636  0.0301 -0.1407  0.0119  0.1854  0.0314  0.5172  0.0200 -0.0003  0.1169 0 
 37.0672 -0.0280  2.9644  0.0851  0.4561  0.0112  0.1849  0.0916 -0.0003  0.2378 0 
 43.3112  0.7363  2.3256  0.1455  0.4753  0.0526  0.3545  0.1424 -0.0003  0.8311 1 
 42.9877 -0.7277 -0.8262  0.4594  0.1781  0.0689  0.3552  0.3166 -0.0003  0.9893 1 
 42.0935  0.6383 -2.8442  0.0083  0.4337  0.1932  0.6251  0.0103 -0.0003  0.2392 0 
 38.1720 -0.6275  0.3686  0.0357  0.3897  0.0538  0.2751  0.0053 -0.0003  0.2866 0 
 43.5370 -0.5557 -0.7166  0.0245  0.0740  0.0522  0.3983  0.0712 -0.0003  0.0933 0 
 35.7366  0.5461  2.4212  0.0233  0.4870  0.0539  0.2802  0.0082 -0.0003  0.2728 0 
 50.3639 -0.4751  2.0586  0.0594  0.5778  0.0164  0.3835  0.0800 -0.0003  0.3084 0 
 44.2878  0.4705 -1.0799  0.0031  0.2111  0.0260  0.3084  0.1625 -0.0003  0.1107 0 
 56.4920  0.7711 -1.4041  0.0613  0.3182  0.1856  0.4140  0.0576 -0.0003  0.3574 0 
 46.5522 -0.7379  1.7044  0.0161  0.6913  0.0571  0.5218  0.0405 -0.0003  0.2507 0 
 49.1920 -0.7867 -2.6275  0.0229  0.3699  0.0372  0.2143  0.0102 -0.0003  0.1966 0 
 47.0527  0.7854  0.4729  0.0760  0.5472  0.0212  0.4770  0.0607  0.2098  0.7461 0 
 45.9602  0.5992  2.4537  0.0306  0.1707  0.0710  0.2181  0.0751 -0.0003  0.1783 0 
 39.8932 -0.6182 -0.6593  0.0148  0.5367  0.0268  0.3624  0.0370 -0.0003  0.1485 0 
 49.7047  0.6260 -0.6970  0.0144  0.0839  0.0164  0.2138  0.0305 -0.0003  0.0380 0 
 44.4678 -0.6374  2.4442  0.0753  0.6244  0.0057  0.2201  0.0756 -0.0003  0.2499 0 
 46.4729 -0.3824 -1.3833  0.0338  0.1064  0.0480  0.1305  0.0112 -0.0003  0.1028 0 
 46.2837  0.3896  1.7811  0.0314  0.4238  0.0350  0.2178  0.0191 -0.0003  0.2158 0 
 46.8727 -0.5770  2.9891  0.0049  0.3318  0.0314  0.2604  0.0284 -0.0003  0.0921 0 
 45.7069  0.5740 -0.1795  0.0231  0.6869  0.1413  0.5243  0.0930 -0.0003  0.3396 0 
 45.7069  0.3291 -1.4767  0.0063  0.5848  0.1245  0.6117  0.0231 -0.0003  0.2327 0 
 31.5282 -0.3444  1.6665  0.0546  0.4052  0.0126  0.1936  0.0555 -0.0003  0.1407 0 
 44.3336 -0.3322  1.2296  0.0130  0.5044  0.0339  0.4404  0.0532 -0.0003  0.1866 0 
 40.6226  0.3658 -1.9060  0.0151  0.2940  0.0266  0.1352  0.0135 -0.0003  0.1384 0 
 54.6731  0.2484 -0.3226  0.3245  0.4888  0.1640  0.5425  0.4584 -0.0003  0.9985 1 
 37.3449 -0.2712  2.7485  0.0266  0.4188  0.0168  0.2768  0.0389 -0.0003  0.1075 1 
 47.5654 -0.0327 -2.9021  0.0066  0.0939  0.3109  0.3892  0.0125 -0.0003  0.0949 0 
 44.3122  0.0470  0.2366  0.0002  0.3315  0.0539  0.4405  0.1558 -0.0003  0.2203 0 
 46.7628 -0.4125 -2.2044  0.0004  0.2240  0.0247  0.3040  0.1131 -0.0003  0.0673 0 
 45.5787  0.4190  0.9435  0.0331  0.2467  0.0600  0.4810  0.0408 -0.0003  0.2310 0 
 52.5277  0.5018 -3.0780  0.0295  0.1922  0.0351  0.2530  0.0590 -0.0003  0.0962 0 
 51.7189 -0.4913  0.0625  0.0313  0.2274  0.0443  0.2539  0.0185 -0.0003  0.1434 0 
 51.8074 -0.4254  2.0728  0.0010  0.1832  0.0484  0.2538  0.0118 -0.0003  0.0817 0 
 48.2185  0.4325 -1.0253  0.0013  0.3268  0.0690  0.2585  0.1617 -0.0003  0.3186 0 
 46.9825  0.1101  0.1445  0.0367  0.5946  0.1342  0.6507  0.0652 -0.0003  0.3324 1 
 43.1617 -0.0931 -2.9801  0.0816  0.2499  0.0287  0.3992  0.0908 -0.0003  0.3648 1 
 41.8158  0.1139  2.9937  0.1142  0.3239  0.0783  0.1342  0.1115 -0.0003  0.7198 0 
 35.5016 -0.1160 -0.1689  0.0438  0.3758  0.0088  0.3275  0.0671 -0.0003  0.1197 0 
 47.8675  0.1717  1.4414  0.0052  0.1032  0.0292  0.2590  0.0316 -0.0003  0.0447 0 
 46.6590 -0.1817 -1.7269  0.0575  0.0308  0.0511  0.3477  0.0710 -0.0003  0.0935 0 
 42.0294  0.5273 -0.2237  0.0118  0.6238  0.0251  0.4021  0.2148 -0.0003  0.3730 0 
 41.8463 -0.5216  2.9140  0.0016  0.3805  0.0159  0.3578  0.0637 -0.0003  0.0670 0 
 56.5255 -0.2665  1.6277  0.0750  0.4219  0.0945  0.2897  0.0037  0.1964  0.6269 0 
 48.5725  0.2796 -1.5787  0.1276  0.5198  0.0916  0.4731  0.2513 -0.0003  0.9266 0 
 57.8775 -0.7952 -1.3831  0.0014  0.1587  0.0212  0.2469  0.2431 -0.0003  0.2039 0 
 41.5900  0.7973  1.7645  0.0012  0.1473  0.0303  0.1792  0.0458 -0.0003  0.0515 0 
 44.8951  0.0587  2.6496  0.0136  0.6013  0.0446  0.3073  0.0168 -0.0003  0.2310 0 
 43.7842 -0.0099 -0.5312  0.0808  0.6266  0.1608  0.5745  0.0583 -0.0003  0.4201 0 
 49.1035  0.3697  1.1305  0.0111  0.1280  0.0601  0.3860  0.0477 -0.0003  0.0886 0 
 47.4250 -0.3598 -2.0680  0.0218  0.3103  0.0685  0.2164  0.0019 -0.0003  0.2507 0 
 57.3220 -0.1794 -0.3660  0.0658  0.4222  0.2962  0.4125  0.0240 -0.0003  0.3659 0 
 28.7938  0.1622  2.7388  0.0221  0.1475  0.0164  0.2485  0.0267 -0.0003  0.0440 0 
 51.1177  0.6508 -3.0270  0.0307  0.5604  0.0320  0.5518  0.0639 -0.0003  0.3329 0 
 46.2684 -0.6517  0.1116  0.1409  0.1085  0.0160  0.3049  0.1457 -0.0003  0.3516 0 
 51.4809  0.6983 -0.5522  0.0129  0.5396  0.1095  0.5085  0.0507 -0.0003  0.2370 0 
 47.0802 -0.7132  2.6100  0.0261  0.5037  0.0193  0.3902  0.0812 -0.0003  0.1743 0 
 44.6937 -0.1599 -3.0803  0.0026  0.1201  0.1840  0.4395  0.0052 -0.0003  0.0958 0 
 42.7008  0.1940  0.0932  0.0015  0.0727  0.0326  0.1779  0.0483 -0.0003  0.0491 0 
 47.5532  0.5728  0.1180  0.0538  0.2416  0.0183  0.3027  0.0229 -0.0003  0.1188 0 
 46.6712 -0.5641 -3.0239  0.0078  0.1199  0.0167  0.0869  0.0091 -0.0003  0.0634 0 
 36.6705  0.6424 -1.1354  0.0342  0.4129  0.0431  0.2782  0.0930 -0.0003  0.2911 1 
 23.3860 -0.6376  2.0566  0.2660  0.4106  0.0586  0.5298  0.2108 -0.0003  0.9610 1 
 49.8848 -0.0862  1.9272  0.0008  0.5967  0.3008  0.4271  0.0058 -0.0003  0.2072 0 
 43.0365  0.0842 -1.2083  0.0179  0.3198  0.0165  0.1776 -0.0200 -0.0003  0.1484 0 
 87.6966  0.0258 -1.1576  0.1628  0.3057  0.0346  0.4106  0.0620 -0.0003  0.5874 0 
 48.3589 -0.0455  2.0039  0.0070  0.2262  0.0696  0.2583  0.0440 -0.0003  0.1306 0 
 50.1076 -0.1140  2.7511  0.0066  0.3538  0.1033  0.4266  0.0010 -0.0003  0.1638 0 
 41.2634  0.1081 -0.4055  0.0109  0.1720  0.0491  0.1796  0.0285 -0.0003  0.0946 0 
 42.6337 -0.7549 -1.7175  0.0240  0.3101  0.0346  0.4005  0.0462  0.1905  0.4500 0 
 38.5595  0.7276  1.4065  0.0166  0.4995  0.0711  0.3658  0.0649  0.3516  0.7055 0 
 47.8920 -0.4377 -0.2828  0.0190  0.1418  0.2001  0.3885  0.0790 -0.0003  0.1484 0 
 42.3926  0.4421  2.8339  0.1262  0.3251  0.1823  0.3120  0.0571  0.3084  0.8090 0 
 43.5279  0.6431  1.1795  0.2846  0.6648  0.0269  0.2656  0.4793 -0.0003  0.9906 1 
 33.2860 -0.6391 -2.0437  0.2168  0.4806  0.0733  0.5718  0.0983 -0.0003  0.8440 1 
 54.6090 -0.3138 -0.6705  0.2255  0.6360  0.0997  0.3757  0.1653 -0.0003  0.9624 1 
 53.7118  0.2673  2.4534  0.7356  0.4244  0.0458  0.5450  0.5218 -0.0003  0.9963 1 
 45.9876 -0.7382  0.4674  0.0240  0.3270  0.1050  0.4798  0.0274  0.2348  0.4253 0 
 41.1475  0.7364 -2.7151  0.0800  0.2564  0.0292  0.5840  0.2748 -0.0003  0.6995 0 
 41.6907 -0.1329 -2.5532  0.0788  0.3779  0.0492  0.4477  0.0690 -0.0003  0.4957 0 
 40.1068  0.1136  0.6108  0.0223  0.5986  0.0131  0.3619  0.0361  0.1456  0.3641 0 
 43.8239 -0.7274 -2.7540  0.0291  0.2758  0.0353  0.3976  0.0193 -0.0003  0.1624 0 
 37.9706  0.7385  0.4036  0.0343  0.5705  0.0524  0.3214  0.0558 -0.0003  0.3496 0 
 47.2206 -0.7055  2.9591  0.0471  0.4642  0.0296  0.2599  0.0266  0.2922  0.9050 0 
 42.9480  0.7104 -0.1738  0.0010  0.4672  0.0267  0.3109  0.0250  0.2315  0.5182 0 
 46.7628  0.7169  0.7887  0.0792  0.7467  0.1297  0.7383  0.0838 -0.0003  0.5715 0 
 38.9715 -0.6829 -2.3398  0.0995  0.2279  0.1854  0.3192  0.0589 -0.0003  0.4512 0 
 54.8135  0.2237 -0.8890  0.0218  0.0922  0.0454  0.5005  0.0204 -0.0003  0.1044 0 
 43.7720 -0.3239  2.2974  0.0930  0.7280  0.1552  0.6629  0.0349 -0.0003  0.4775 0 
 40.9003 -0.6375 -0.6270  0.2296  0.5298  0.0249  0.3150  0.4101 -0.0003  0.9738 1 
 39.8230  0.6506  2.5461  0.0981  0.6758  0.0286  0.4532  0.1138 -0.0003  0.7186 1 
 49.3721  0.6472  2.6467  0.0119  0.6424  0.0605  0.2141  0.0126 -0.0003  0.3158 0 
 45.0141 -0.6321 -0.5188  0.0065  0.1865  0.1440  0.6580  0.0339 -0.0003  0.1934 0 
 46.9337  0.7495  0.9161  0.0020  0.4764  0.0374  0.3471  0.0153 -0.0003  0.1464 0 
 45.4505 -0.7212 -2.2042  0.0287  0.1374  0.0160  0.2188  0.0150 -0.0003  0.0478 0 
 51.5816 -0.7879  3.0861  0.0436  0.1493  0.0441  0.2118  0.0080 -0.0003  0.1185 0 
 46.7079  0.7861 -0.0626  0.0059  0.4267  0.0491  0.3476  0.0129 -0.0003  0.1725 0 
 48.4993 -0.2433  1.5733  0.0742  0.6353  0.2632  0.3872  0.0838 -0.0003  0.4873 1 
 40.6836  0.2960 -1.6191  0.2009  0.2207  0.0216  0.2704  0.1813 -0.0003  0.6825 1 
 53.0953 -0.2266  1.8799  0.1498  0.5167  0.0638  0.2943  0.1495 -0.0003  0.8762 0 
 47.9347  0.2136 -1.2002  0.0048  0.0850  0.1041  0.3884  0.0209 -0.0003  0.0602 0 
 51.3832  0.3391  1.1155  0.0095  0.6489  0.0360  0.1696  0.0126 -0.0003  0.2459 0 
 50.2358 -0.3372 -2.0011  0.0115  0.1257  0.0116  0.1279  0.0892 -0.0003  0.0538 0 
 46.0426 -0.3381  3.0065  0.0215  0.4830  0.0626  0.4797  0.0517 -0.0003  0.2462 0 
 45.3559  0.3276 -0.1206  0.0641  0.1882  0.0206  0.2627  0.0897 -0.0003  0.1481 0 
 47.0039  0.1101 -2.5044  0.0025  0.0971  0.0336  0.3904  0.0419 -0.0003  0.0562 0 
 37.2198 -0.0911  0.6534  0.0178  0.4446  0.0482  0.0923  0.0012 -0.0003  0.3670 0 
 48.9387 -0.7937  0.4749  0.0725  0.5372  0.0556  0.3863  0.0381 -0.0003  0.4908 1 
 32.2332  0.7923 -2.6495  0.4050  0.5439  0.0187  0.5290  0.4527  0.1578  0.9987 1 
 45.4353 -0.4606  1.2399  0.0237  0.2993  0.0354  0.3063  0.0308 -0.0003  0.1313 0 
 44.1474  0.4673 -1.9063  0.0002  0.3375  0.0915  0.4409  0.0219 -0.0003  0.1463 0 
 51.6793 -0.4922  1.5986  0.0018  0.3509  0.0704  0.3810  0.0849  0.1153  0.3059 0 
 43.0915  0.5136 -1.5644  0.0369  0.1494  0.2154  0.3550  0.0181 -0.0003  0.1632 0 
 48.0354  0.3887 -0.0592  0.0145  0.5563  0.0967  0.8195  0.1054 -0.0003  0.3586 0 
 43.2013 -0.3420  3.1061  0.0229  0.5525  0.1097  0.3991  0.0911 -0.0003  0.3067 0 
 45.1850 -0.3260  0.7035  0.4161  0.6379  0.0668  0.4382  0.3261 -0.0003  0.9924 1 
 44.3519  0.3441 -2.4516  0.1101  0.8912  0.0977  0.6606  0.2326 -0.0003  0.9311 1 
 45.5726 -0.5014  2.1633  0.0075  0.2766  0.0549  0.5247  0.0342  0.0862  0.2308 0 
 39.5666  0.4924 -0.9555  0.2790  0.1456  0.0187  0.4541  0.2857 -0.0003  0.9271 0 
 39.9207  0.5479  1.3932  0.4780  0.1789  0.0506  0.2718  0.5897 -0.0003  0.9950 1 
 24.8539 -0.5423 -1.7878  0.1821  0.1273  0.0202  0.5198  0.0445  0.0425  0.6475 1 
 50.9072  0.2629  1.6159  0.0022  0.3414  0.0378  0.3825  0.0274 -0.0003  0.1111 0 
 46.3996 -0.2682 -1.5369  0.0392  0.2631  0.0182  0.3917  0.0934  0.0396  0.2533 0 
 49.8146 -0.5335 -2.4376  0.0050  0.2148  0.0195  0.0855  0.0135 -0.0003  0.0994 0 
 47.3854  0.5383  0.6829  0.0523  0.1198  0.0576  0.6060  0.0562 -0.0003  0.2810 0 
 56.7391  0.5493  2.4133  0.0897  0.1825  0.0801  0.3308  0.1330 -0.0003  0.5041 0 
 47.9774 -0.5360 -0.7650  0.0096  0.6642  0.0213  0.1726  0.0660 -0.0003  0.1430 0 
 50.3426 -0.7019 -0.7378  0.0005  0.0659  0.1226  0.0852  0.0923 -0.0003  0.1224 0 
 41.1505  0.7082  2.4125  0.0111  0.3963  0.0308  0.3145  0.0182  0.0784  0.2559 0 
 49.9184 -0.5734  0.3395  0.0494  0.1489  0.1060  0.5979  0.1105 -0.0003  0.3851 0 
 48.8563  0.5689 -2.7167  0.0098  0.4663  0.0404  0.1718  0.0233 -0.0003  0.2190 0 
 48.7099  0.2058 -0.5835  0.0944  0.3534  0.0166  0.2579  0.1277 -0.0003  0.3293 0 
 45.0385 -0.2293  2.5702  0.0714  0.3912  0.0231  0.3509  0.0875 -0.0003  0.3351 0 
 46.2928  0.1876  2.0344  0.0143  0.1972  0.0227  0.3048  0.1022 -0.0003  0.0730 0 
 44.6815 -0.1814 -1.1112  0.0336  0.5190  0.0235  0.4395  0.1448 -0.0003  0.3649 0 
 52.9030 -0.1886  1.2505  0.0040  0.6342  0.1414  0.2525  0.1334 -0.0003  0.3841 0 
 38.1476  0.2097 -1.9062  0.0293  0.2070  0.0381  0.1834  0.0532  0.0631  0.2519 0 
 46.5278  0.6480  1.2928  0.0624  0.2147  0.0606  0.3479  0.0668 -0.0003  0.2949 0 
 46.4424 -0.6389 -1.8666  0.1143  0.4915  0.0329  0.3046  0.1207 -0.0003  0.6538 0 
 53.2540 -0.6678 -1.6688  0.0189  0.1521  0.0381  0.3781  0.0390 -0.0003  0.0853 0 
 42.3072  0.6599  1.4853  0.0085  0.2683  0.1121  0.4013  0.0545 -0.0003  0.1584 0 
 45.3590  0.2607 -0.2502  0.0515  0.8364  0.0432  0.4816  0.0079 -0.0003  0.4172 0 
 34.1894 -0.3010  2.8910  0.0084  0.2680  0.0303  0.3310  0.0029 -0.0003  0.0941 0 
 45.9876 -0.4377  1.4588  0.0603  0.2087  0.0374  0.4798  0.1583 -0.0003  0.4107 0 
 40.9644  0.4505 -1.6971  0.0109  0.8019  0.0190  0.1799 -0.0003  0.1087  0.3142 0 
 49.0578 -0.0980 -2.6676  0.0347  0.3344  0.0738  0.3003  0.0472 -0.0003  0.2783 0 
 42.9206  0.0579  0.4399  0.0816  0.4165  0.0375  0.3110  0.0164 -0.0003  0.4244 0 
 48.8960 -0.5393 -1.8795  0.0077  0.5782  0.1167  0.6440  0.0801 -0.0003  0.2708 1 
 41.1231  0.5483  1.2598  0.2304  0.5620  0.0521  0.3595  0.1491 -0.0003  0.9078 1 
 50.1106 -0.2960  2.6290  0.3586  0.5957  0.0464  0.2986  0.2556 -0.0003  0.9810 1 
 45.3254  0.2706 -0.5291  0.2289  0.3346  0.0639  0.3941  0.2167 -0.0003  0.9427 1 
 44.7578 -0.3631  2.0785  0.4912  0.3664  0.0512  0.3954  0.3989  0.0773  0.9963 1 
 40.9064  0.3919 -1.0285  0.3453  0.6358  0.0330  0.5400  0.2814 -0.0003  0.9748 1 
 47.5715  0.7351 -0.8754  0.0099  0.0375  0.2319  0.3459  0.0256 -0.0003  0.0449 0 
 42.0264 -0.7636  2.2790  0.0548  0.3199  0.0363  0.3574  0.0497 -0.0003  0.2703 0 
 31.5068 -0.2595 -3.1112  0.1046  0.3902  0.0339  0.4840  0.0582  0.1337  0.7270 0 
 29.6208  0.2452  0.0598  0.0662  0.3992  0.0202  0.5914  0.1575 -0.0003  0.5967 0 
 49.6956 -0.0560 -2.0491  0.0027  0.5416  0.0762  0.1710  0.0280 -0.0003  0.3218 0 
 44.4678  0.0748  1.0561  0.0157  0.4059  0.0477  0.1760  0.0076 -0.0003  0.2678 0 
 47.7058 -0.1681 -2.4792  0.0378  0.2462  0.0755  0.3024  0.0508 -0.0003  0.2348 0 
 42.3438  0.1354  0.6485  0.0352  0.1517  0.0385  0.3566  0.0786 -0.0003  0.1240 0 
 47.3426  0.3939 -2.7498  0.0560  0.4730  0.0264  0.2597  0.0412 -0.0003  0.2360 0 
 42.0111 -0.3356  0.3921  0.0540  0.4232  0.0779  0.6255  0.0468 -0.0003  0.4016 0 
 45.9113  0.3124 -2.4906  0.1392  0.6972  0.0294  0.3491  0.1752 -0.0003  0.8237 0 
 39.5514 -0.3168  0.6728  0.0819  0.1267  0.0351  0.5449  0.1452  0.1201  0.6250 0 
 59.1959  0.6238 -0.4938  0.0449  0.2414  0.0956  0.2455  0.0789 -0.0003  0.3293 0 
 42.7497 -0.6229  2.6712  0.0132  0.2827  0.0209  0.3113  0.0611 -0.0003  0.0708 0 
 45.4139  0.2900  0.8954  0.0257  0.4090  0.0203  0.1751  0.0153 -0.0003  0.1402 0 
 44.4099 -0.2748 -2.2295  0.1144  0.3001  0.0855  0.5723  0.0602 -0.0003  0.5595 0 
 52.5002  0.7331  1.0384  0.0623  0.1412  0.0648  0.4216  0.1601 -0.0003  0.3611 0 
 45.4017 -0.7389 -2.0430  0.0018  0.2969  0.0263  0.2189  0.0413 -0.0003  0.0723 0 
 49.0394 -0.6860  0.9278  0.0892  0.5609  0.1434  0.4290  0.0701 -0.0003  0.4593 0 
 46.8879  0.6677 -2.2646  0.0156  0.2877  0.0520  0.1736  0.0178 -0.0003  0.2007 0 
 45.5207 -0.4020 -2.8756  0.0531  0.2720  0.0651  0.1312  0.0215 -0.0003  0.3636 0 
 41.8311  0.4152  0.2720  0.0395  0.2102  0.0164  0.2236  0.1734 -0.0003  0.2047 0 
 46.5400  0.6198  1.0428  0.0747  0.7672  0.0461  0.4349  0.1020 -0.0003  0.6843 1 
 29.3339 -0.6130 -2.1163  0.1683  0.3924  0.0225  0.4448  0.2145  0.1140  0.8822 1 
 47.6875 -0.5055  0.4532  0.0436  0.3717  0.0793  0.3457  0.1389 -0.0003  0.4799 0 
 39.6033  0.5215 -2.7678  0.1036  0.3970  0.1544  0.5901  0.1148 -0.0003  0.6483 0 
 50.4891 -0.1746 -0.8953  0.0316  0.2906  0.0285  0.1703  0.0226 -0.0003  0.1444 0 
 48.6427  0.1907  2.2302  0.0035  0.1911  0.0347  0.2580  0.0239 -0.0003  0.0611 0 
 51.3558 -0.2353  1.5884  0.2915  0.6294  0.0764  0.3816  0.3990 -0.0003  0.9950 1 
 42.4842  0.2285 -1.6191  0.5725  0.4562  0.0768  0.2227  0.3765  0.5591  0.9997 1 
 47.4342 -0.3806 -1.9694  0.0026  0.2997  0.0380  0.4760  0.0779 -0.0003  0.1367 0 
 46.1555  0.3825  1.1536  0.0529  0.5697  0.0325  0.3051  0.0418 -0.0003  0.3306 0 
 52.6497  0.3888  1.9153  0.0145  0.6319  0.0546  0.4213  0.0165 -0.0003  0.2130 0 
 48.3101 -0.4141 -1.2564  0.0628  0.5283  0.0486  0.3876  0.0718 -0.0003  0.4978 0 
 45.6947  0.3838 -0.9742  0.0038  0.0827  0.1918  0.4369  0.0806 -0.0003  0.0734 0 
 43.1861 -0.3828  2.1517  0.0224  0.2379  0.0483  0.3548  0.1297 -0.0003  0.2173 0 
 44.3000  0.7000 -2.2954  0.0087  0.4550  0.0536  0.4846  0.1159 -0.0003  0.2508 0 
 40.3235 -0.6869  0.8498  0.0190  0.1383  0.0273  0.1807  0.0283 -0.0003  0.0569 0 
 46.3569  0.4669  0.7670  0.0369  0.1201  0.1384  0.3047  0.1423 -0.0003  0.2234 0 
 46.0609 -0.4928 -2.3010  0.0405  0.2407  0.0918  0.2616  0.0053 -0.0003  0.2273 0 
 43.7842 -0.1323  2.2358  0.0068  0.3702  0.1120  0.6628  0.0513  0.0654  0.3092 0 
 43.1159  0.1820 -0.8939  0.2556  0.3213  0.0220  0.2662  0.3249 -0.0003  0.9229 0 
 46.4332 -0.3075  0.9054  0.0302  0.4460  0.2087  0.4786  0.0109 -0.0003  0.2631 0 
 40.8545  0.2920 -2.2318  0.1627  0.0943  0.0547  0.2251  0.0775 -0.0003  0.3673 0 
 46.3569  0.6489  1.7032  0.1397  0.4504  0.0644  0.5224  0.0369  0.1061  0.7563 0 
 44.6937 -0.6456 -1.4403  0.0659  0.4051  0.0429  0.3516  0.0449 -0.0003  0.3971 0 
 51.8471 -0.1663  1.2303  0.2565  0.2134  0.0614  0.2538  0.3692 -0.0003  0.9698 1 
 37.4884  0.1682 -1.8746  0.2224  0.6409  0.0599  0.4147  0.3829  0.3123  0.9962 1 
 55.1705 -0.4293 -1.7053  0.1305  0.6183  0.0718  0.3331  0.4081 -0.0003  0.9736 1 
 29.4316  0.4299  1.4199  0.3158  0.2243  0.0212  0.2963  0.1196  0.0684  0.7895 1 
 53.1167 -0.4996 -1.3276  0.0053  0.5907  0.0579  0.3363  0.0239 -0.0003  0.2012 0 
 43.9979  0.5186  1.8390  0.0701  0.5726  0.0362  0.3089  0.0883 -0.0003  0.5017 0 
 45.2186 -0.6475  2.8466  0.0147  0.7465  0.0225  0.4381  0.0394 -0.0003  0.1750 0 
 39.7620  0.6556 -0.3380  0.1780  0.4390  0.1122  0.4081  0.1857  0.4710  0.9890 0 
 52.2621  0.5296  3.0650  0.0264  0.2778  0.0780  0.1266  0.0620 -0.0003  0.3459 0 
 48.4596 -0.5091 -0.0498  0.0056  0.5085  0.1162  0.2582  0.1683 -0.0003  0.4337 0 
 51.1818  0.0263 -0.0937  0.0291  0.0946  0.0621  0.2970  0.0285  0.3177  0.4499 0 
 46.1646 -0.0436  3.0084  0.0676  0.5205  0.0334  0.4793  0.0250 -0.0003  0.4591 0 
 48.2582  0.6445 -0.9097  0.0073  0.1547  0.0174  0.2154  0.0389  0.1298  0.2123 0 
 47.9835 -0.6674  2.3040  0.0379  0.2187  0.0497  0.4314  0.0368 -0.0003  0.2006 0 
 49.3904 -0.3463  0.2215  0.0037  0.5580  0.0670  0.2997  0.1800  0.1644  0.6561 0 
 43.5462  0.3171 -2.8886  0.1080  0.4993  0.0682  0.6195  0.0716 -0.0003  0.6317 0 
 43.9338 -0.5463  0.6818  0.0081  0.3347  0.0206  0.3090  0.0209 -0.0003  0.0751 0 
 40.1953  0.5414 -2.4968  0.0497  0.1451  0.0590  0.2260  0.0279 -0.0003  0.1440 0 
 53.9986  0.3054 -2.5970  0.0304  0.3589  0.0665  0.4187  0.0593 -0.0003  0.2688 0 
 52.4331 -0.3121  0.5904  0.0194  0.4941  0.1529  0.3796  0.0422 -0.0003  0.2562 0 
 50.5287 -0.1655  1.5694  0.0296  0.4025  0.0606  0.3406  0.1725 -0.0003  0.4736 0 
 43.5706  0.1668 -1.6213  0.0037  0.0936  0.0508  0.3097  0.1363 -0.0003  0.0926 0 
 46.6987  0.4631  2.2105  0.0399  0.2642  0.0426  0.4345  0.0363 -0.0003  0.2251 0 
 42.9389 -0.4508 -0.9241  0.0154  0.6641  0.0562  0.4442  0.0286 -0.0003  0.2274 0 
 45.1881 -0.7633 -2.7337  0.1001  0.3480  0.0614  0.3068  0.0891 -0.0003  0.5882 1 
 43.9155  0.7534  0.3940  0.3286  0.4026  0.1605  0.2208  0.3196 -0.0003  0.9960 1 
 46.8147 -0.3547 -2.4542  0.1082  0.7115  0.0679  0.4342  0.0524 -0.0003  0.6842 0 
 43.8331  0.3559  0.6647  0.0010  0.3667  0.0438  0.3534  0.0931 -0.0003  0.1390 0 
 50.8095  0.6920  1.7941  0.0279  0.2688  0.0463  0.4677  0.1041 -0.0003  0.2609 0 
 46.7933 -0.6885 -1.3298  0.0319  0.7409  0.0206  0.3474  0.0234  0.0754  0.3459 0 
 48.2856 -0.1193 -1.0588  0.0037  0.2739  0.1066  0.6030  0.1776 -0.0003  0.2880 0 
 44.4495  0.1054  2.1614  0.1724  0.1141  0.1544  0.3961  0.0377 -0.0003  0.4635 0 
 47.2023 -0.2920  1.5893  0.0285  0.1731  0.1019  0.3033  0.1081 -0.0003  0.2092 0 
 43.2441  0.2631 -1.6096  0.0700  0.1737  0.1178  0.3103  0.0694 -0.0003  0.3124 0 
 50.0282 -0.4415 -1.1866  0.4173  0.5298  0.0570  0.6402  0.3593 -0.0003  0.9912 1 
 38.3398  0.4737  1.9506  0.0656  0.0536  0.1840  0.4122  0.0538 -0.0003  0.1137 1 
 47.3426  0.1716  1.3089  0.0175  0.1576  0.0213  0.3030  0.1516 -0.0003  0.0997 0 
 45.3193 -0.1458 -1.8390  0.0047  0.2362  0.0517  0.3503  0.1127 -0.0003  0.1369 0 
 56.8704 -0.4163  0.1896  0.0027  0.5742  0.0581  0.1653  0.0168  0.0598  0.3865 0 
 46.0243  0.4353 -2.9472  0.0035  0.4153  0.1350  0.4361  0.0212 -0.0003  0.1882 0 
 45.6031 -0.6685 -2.2141  0.1047  0.7671  0.0370  0.4372  0.1433 -0.0003  0.8168 1 
 44.0040  0.6750  0.9538  0.1521  0.6513  0.0550  0.3972  0.1072  0.4222  0.9965 1 
 52.3018  0.5257 -0.2343  0.1358  0.3787  0.0993  0.5064  0.0574 -0.0003  0.5777 0 
 43.4699 -0.5072  2.8743  0.0320  0.2550  0.0139  0.2214  0.1050 -0.0003  0.1096 0 
 52.8573 -0.3230  1.4755  0.0760  0.7635  0.0838  0.5051  0.0634 -0.0003  0.5367 0 
 46.4424  0.2937 -1.6775  0.0601  0.4596  0.0886  0.1740  0.0783 -0.0003  0.5952 0 
 48.6275  0.0066 -0.8535  0.0211  0.2317  0.0527  0.3870  0.0179 -0.0003  0.1487 0 
 44.8280  0.0580  2.2905  0.1203  0.6150  0.0649  0.3074  0.1518 -0.0003  0.8724 0 
 45.3986  0.1877 -0.4684  0.3501  0.5566  0.2484  0.4815  0.4418 -0.0003  0.9989 1 
 29.3095 -0.1818  2.7323  0.3319  0.7797  0.0178  0.2966  0.1694  0.2102  0.9480 1 
 48.7984  0.2156 -0.3475  0.0042  0.6181  0.0177  0.3436  0.0462 -0.0003  0.1024 0 
 46.0609 -0.2245  2.8080  0.0184  0.5109  0.1082  0.8721  0.0897 -0.0003  0.3935 0 
 39.8901 -0.2198 -1.0286  0.2762  0.0937  0.0358  0.2265  0.1821  0.2405  0.9657 1 
 39.3256  0.2216  2.1389  0.0272  0.3127  0.0399  0.2274  0.0191 -0.0003  0.1754 1 
 43.0579 -0.6184  0.2356  0.0315  0.5650  0.0129  0.3995  0.0771 -0.0003  0.1750 0 
 41.7456  0.6031 -2.8810  0.0000  0.1278  0.0227  0.1790  0.0027 -0.0003  0.0522 0 
 51.8471  0.0119 -1.8151  0.0675  0.1689  0.0378  0.2538  0.0759 -0.0003  0.1910 0 
 45.8350 -0.0598  1.3147  0.0641  0.3575  0.0795  0.5676  0.0089 -0.0003  0.3799 0 
 54.1115 -0.6932  1.6211  0.0110  0.4821  0.2021  0.3348  0.0388 -0.0003  0.2579 0 
 51.5602  0.6763 -1.5359  0.0182  0.3774  0.0918  0.3388  0.0526 -0.0003  0.2218 0 
 55.0973  0.6317 -0.4854  0.0113  0.1356  0.0598  0.3749  0.0673 -0.0003  0.0948 0 
 45.2705 -0.6446  2.6605  0.0017  0.2495  0.0209  0.3066  0.0970 -0.0003  0.0609 0 
 54.9081  0.1578 -2.6506  0.0883  0.7168  0.0497  0.2501  0.0554 -0.0003  0.6906 0 
 45.9632 -0.1708  0.4727  0.0570  0.1580  0.1118  0.5236  0.0579 -0.0003  0.3049 0 
 41.2451  0.0790 -2.3211  0.3579  0.7789  0.0359  0.5388  0.2625 -0.0003  0.9730 1 
 40.0793 -0.0879  0.8130  0.0791  0.1600  0.0226  0.4525  0.1220 -0.0003  0.3245 1 
 46.1097 -0.6463 -0.4665  0.0674  0.0823  0.0142  0.0872  0.0107 -0.0003  0.0670 0 
 45.8228  0.6442  2.6323  0.0012  0.0968  0.0357  0.1746  0.0385 -0.0003  0.0530 0 
 46.3539  0.2858  2.4095  0.0116  0.3133  0.0444  0.3483  0.0778 -0.0003  0.1469 0 
 39.7345 -0.2879 -0.7505  0.0051  0.3767  0.0933  0.4082  0.0959 -0.0003  0.2039 0 
 53.2021 -0.7272 -1.4501  0.0109  0.4129  0.0564  0.3782  0.1368 -0.0003  0.2890 0 
 36.5240  0.6706  1.6658  0.0122  0.1519  0.0509  0.2321  0.0092 -0.0003  0.0893 0 
 54.4015  0.7213 -0.9781  0.0378  0.2259  0.0557  0.5432  0.0192 -0.0003  0.2461 0 
 48.6305 -0.7329  2.2217  0.0416  0.6459  0.0648  0.4299  0.0375  0.2276  0.6547 0 
 53.0678  0.0522 -1.6144  0.1194  0.2630  0.1178  0.5046  0.0224 -0.0003  0.4660 1 
 46.3783 -0.0920  1.5125  0.2300  0.0903  0.0858  0.5659  0.1795 -0.0003  0.8619 1 
 48.7770  0.3745  1.6594  0.1848  0.6020  0.1021  0.4296  0.3456 -0.0003  0.9877 1 
 13.6568 -0.3688 -1.6567  0.1232  0.3568  0.0155  0.3194  0.1835  0.1135  0.7526 1 
 50.2083  0.4554 -0.1096  0.4362  0.6867  0.0137  0.2558  0.2670 -0.0003  0.9885 0 
 35.0530 -0.4433  3.0036  0.2785  0.1888  0.0254  0.3756  0.3481 -0.0003  0.9565 0 
 38.5138 -0.4288 -1.5736  0.0140  0.2454  0.0344  0.3202  0.0428  0.0774  0.2085 0 
 38.4771  0.3851  1.5966  0.0194  0.1609  0.0295  0.3203  0.0590 -0.0003  0.0668 0 
 47.2084 -0.5414  0.7486  0.0089  0.5809  0.0532  0.2166  0.0146 -0.0003  0.2885 0 
 45.7008  0.5630 -2.4303  0.0068  0.3293  0.1139  0.3058  0.0135 -0.0003  0.1672 0 
 48.1086  0.4632  2.5329  0.0347  0.5461  0.1321  0.6898  0.0683 -0.0003  0.3445 0 
 38.7671 -0.4939 -0.6686  0.1109  0.4770  0.0199  0.1827  0.0975  0.2452  0.8809 0 
 54.1115  0.2386 -0.4608  0.0539  0.2553  0.0883  0.1674  0.1708 -0.0003  0.5641 0 
 40.2930 -0.2652  2.6592  0.0631  0.6305  0.0658  0.5422  0.0189 -0.0003  0.3882 0 
 43.8117  0.3269 -1.7107  0.0415  0.5909  0.0745  0.2651  0.0090 -0.0003  0.3323 1 
 24.6860 -0.3731  1.3218  0.1215  0.1239  0.1226  0.2604  0.1260  0.3563  0.7851 1 
 46.1433 -0.2572 -3.0502  0.1837  0.6033  0.0399  0.2179  0.3696 -0.0003  0.9491 1 
 44.0131  0.2462  0.0859  0.4052  0.7069  0.0420  0.3972  0.2694 -0.0003  0.9852 1 
 46.8238 -0.4031  0.3243  0.1043  0.4832  0.0614  0.4341  0.2259 -0.0003  0.8575 1 
 40.9277  0.4070 -2.8032  0.5495  0.2226  0.0396  0.4949  0.4717 -0.0003  0.9950 1 
 50.5226 -0.4682 -1.9889  0.0048  0.0583  0.0629  0.3832  0.0717 -0.0003  0.0730 0 
 48.6000  0.4876  1.1172  0.0589  0.6805  0.0156  0.0860  0.0325 -0.0003  0.2081 0 
 45.3956 -0.5014  0.0788  0.0113  0.4190  0.0164  0.3939  0.0394 -0.0003  0.0945 0 
 45.2277  0.4709 -3.0676  0.0070  0.3890  0.1033  0.2629  0.0098 -0.0003  0.1928 0 
 47.9622 -0.0206 -1.4220  0.0535  0.5580  0.0158  0.2589  0.0219 -0.0003  0.1843 0 
 47.9164  0.0304  1.7241  0.0254  0.2598  0.0838  0.5179  0.0157  0.1756  0.3444 0 
 47.4159  0.2098  0.7009  0.0095  0.3657  0.1149  0.4760  0.0191 -0.0003  0.1848 0 
 39.1485 -0.1936 -2.4702  0.0668  0.2000  0.0368  0.5464  0.1050 -0.0003  0.4077 0 
 62.1103 -0.6107  0.7721  0.0032  0.7297  0.2172  0.5663  0.1846  0.8797  0.9603 1 
 43.3326  0.5698 -2.3313  0.1343  0.4168  0.0566  0.2659  0.1889 -0.0003  0.8452 1 
 43.8453  0.5901 -0.8947  0.2386  0.7177  0.0351  0.4859  0.2219 -0.0003  0.9425 1 
 39.1608 -0.5873  2.2298  0.5596  0.6027  0.0518  0.2732  0.5469  0.4514  0.9998 1 
 44.2084 -0.3853  2.8920  0.2989  0.4415  0.0462  0.2204  0.3686 -0.0003  0.9858 1 
 34.5251  0.2861 -0.2801  0.0383  0.5891  0.2020  0.5187  0.1130  0.0914  0.5407 1 
 52.8603  0.3855 -0.9905  0.0161  0.2462  0.0341  0.2104  0.0051 -0.0003  0.1131 0 
 43.2563 -0.3882  2.1671  0.0218  0.7586  0.0239  0.3546  0.1173  0.1172  0.4761 0 
 45.9480  0.7967 -2.4012  0.0021  0.4284  0.0628  0.6108  0.0789 -0.0003  0.2083 0 
 39.1699 -0.7917  0.7010  0.0179  0.3132  0.0200  0.5919  0.0856 -0.0003  0.2336 0 
 45.5451  0.3811 -2.6948  0.0161  0.1093  0.0497  0.5685  0.0140 -0.0003  0.1215 0 
 33.0541 -0.3829  0.4087  0.0060  0.3384  0.0118  0.1909  0.0379 -0.0003  0.0726 0 
 48.7556  0.5806  0.6585  0.0080  0.2503  0.2537  0.6445  0.0899 -0.0003  0.3139 0 
 45.6886 -0.5848 -2.5077  0.0441  0.1186  0.0263  0.3059  0.1070 -0.0003  0.1042 0 
 53.3974 -0.3355  0.2773  0.0063  0.1873  0.1349  0.1679  0.0552 -0.0003  0.1601 0 
 48.8685  0.3592 -2.9136  0.0340  0.5730  0.0237  0.3435  0.1762 -0.0003  0.3539 0 
 41.7426  0.0275 -1.7610  0.0707  0.5566  0.0436  0.4028  0.1020 -0.0003  0.5937 0 
 38.8830 -0.0404  1.3339  0.0763  0.1641  0.0429  0.3193  0.0961 -0.0003  0.2713 0 
 51.0933  0.6622 -2.3069  0.0034  0.5148  0.0643  0.2972  0.0618 -0.0003  0.2215 0 
 48.3375 -0.6553  0.8478  0.0593  0.5624  0.0341  0.3014  0.1619 -0.0003  0.5498 0 
 54.4717  0.5866 -0.5762  0.0099  0.1007  0.3110  0.2924  0.0694 -0.0003  0.0996 0 
 46.0975 -0.5871  2.5110  0.0064  0.2854  0.0535  0.3051  0.0104 -0.0003  0.1393 0 
 52.0577 -0.7000  0.0684  0.0680  0.4562  0.1120  0.4225  0.0850 -0.0003  0.4326 0 
 51.4900  0.6903 -3.0380  0.0136  0.5013  0.0649  0.2966  0.0825 -0.0003  0.2893 0 
 48.4993 -0.1315  2.7783  0.0786  0.4709  0.0194  0.1721  0.0226 -0.0003  0.2336 0 
 45.8930  0.1363 -0.3519  0.0082  0.1917  0.0313  0.2619  0.0629 -0.0003  0.0602 0 
 44.5380  0.7911  0.3565  0.0654  0.1776  0.1427  0.4839  0.1351 -0.0003  0.4697 0 
 42.4872 -0.7978 -2.7767  0.0557  0.2189  0.0525  0.3563  0.0195 -0.0003  0.2291 0 
 46.6285 -0.3102  2.2280  0.0097  0.3410  0.0520  0.5216  0.1044 -0.0003  0.2278 0 
 45.0019  0.3255 -0.9811  0.0232  0.1959  0.0839  0.2632  0.0129 -0.0003  0.1519 0 
 45.2613 -0.3232  1.9056  0.0122  0.3502  0.0925  0.3942  0.0251 -0.0003  0.1769 0 
 43.4363  0.3187 -1.2417  0.0335  0.6672  0.0466  0.3985  0.0826 -0.0003  0.3860 0 
 42.6093  0.6005  3.0628  0.1086  0.3002  0.0939  0.3561  0.0839 -0.0003  0.5484 0 
 41.1872 -0.5883 -0.0075  0.0040  0.4846  0.0349  0.3144  0.0445 -0.0003  0.1300 0 
 46.7872  0.5707 -0.9816  0.3289  0.2220  0.0221  0.3908  0.2034 -0.0003  0.8847 0 
 39.5666 -0.5859  2.1417  0.0395  0.6997  0.0129  0.2724  0.0146 -0.0003  0.1671 0 
 48.1605 -0.2486 -1.6731  0.2424  0.7238  0.0538  0.6034  0.3449 -0.0003  0.9862 1 
 44.1901  0.2280  1.4396  0.1585  0.2821  0.0475  0.3527  0.3361 -0.0003  0.9143 1 
 50.7820  0.4534  3.0503  0.0108  0.0370  0.0462  0.1276  0.0443 -0.0003  0.0731 0 
 49.7902 -0.4485 -0.0951  0.0160  0.0745  0.0395  0.2137  0.0350 -0.0003  0.0578 0 
 46.7140  0.4971 -2.9306  0.0676  0.3123  0.0253  0.1738  0.0316 -0.0003  0.1995 0 
 46.4729 -0.5110  0.2575  0.0036  0.3951  0.0312  0.3915  0.0240 -0.0003  0.1147 0 
 45.8534  0.4214  0.7286  0.3568  0.3848  0.0510  0.3492  0.1635 -0.0003  0.9257 1 
 41.0132 -0.3690 -2.3777  0.0356  0.1160  0.0503  0.2698  0.0624  0.3205  0.6447 1 
 57.5540  0.6083 -2.4320  0.0128  0.2885  0.0820  0.3709  0.0187  0.1125  0.2403 0 
 47.8370 -0.6138  0.7376  0.0002  0.4926  0.1172  0.3022  0.0574 -0.0003  0.2163 0 
 54.1237  0.4174  0.4678  0.0240  0.2574  0.1833  0.3347  0.0602 -0.0003  0.2329 0 
 46.3447 -0.3850 -2.6643  0.0336  0.2256  0.0706  0.3483  0.1113 -0.0003  0.2693 0 
 42.6032  0.1515  0.1607  0.1016  0.1469  0.0587  0.6677  0.0189 -0.0003  0.4665 0 
 34.5464 -0.1402 -2.9631  0.1255  0.7091  0.0456  0.3772  0.3160  0.2523  0.9471 0 
 68.4001  0.3127 -0.1517  0.1020  0.0422  0.0377  0.3557  0.0839  0.1167  0.3330 0 
 43.2715 -0.2754  2.9623  0.0144  0.2997  0.0193  0.2217  0.0257 -0.0003  0.0775 0 
 42.5025  0.6148 -2.5545  0.0005  0.1049  0.0807  0.3118  0.1276 -0.0003  0.0974 0 
 40.9796 -0.6181  0.5619  0.0039  0.0839  0.1478  0.4048  0.0313 -0.0003  0.0587 0 
 47.6173 -0.4715  1.1989  0.3712  0.3341  0.0342  0.4755  0.2414 -0.0003  0.9645 1 
 43.0579  0.4581 -1.9458  0.7327  0.5940  0.0209  0.6214  0.7707 -0.0003  0.9982 1 
 47.4617  0.3391  0.1577  0.3195  0.3560  0.0658  0.2596  0.1108 -0.0003  0.8955 0 
 38.6206 -0.3245 -3.0504  0.1739  0.3395  0.0090  0.3199  0.2379 -0.0003  0.6555 0 
 44.8493  0.5734  2.4405  0.0265  0.5639  0.0278  0.5269 -0.0200 -0.0003  0.2543 0 
 31.5526 -0.5623 -0.7107  0.0122  0.3390  0.0267  0.1452  0.0054 -0.0003  0.1571 0 
 43.0945  0.5955  0.9706  0.1129  0.6276  0.0376  0.3994  0.1237  0.3307  0.9866 1 
 19.6170 -0.6466 -2.1794  0.1376  0.2247  0.0554  0.4489  0.1913 -0.0003  0.7889 1 
 47.6539 -0.2798 -0.2854  0.2214  0.5501  0.0546  0.2161  0.2264 -0.0003  0.9460 1 
 39.9817  0.2754  2.8712  0.3283  0.6300  0.0208  0.3622  0.4630 -0.0003  0.9937 1 
 54.7738  0.3970 -1.0383  0.0391  0.1708  0.1172  0.3755  0.0161 -0.0003  0.1608 0 
 49.5644 -0.3943  2.0985  0.0045  0.1183  0.0255  0.2567  0.0633 -0.0003  0.0428 0 
 45.7923  0.5588 -0.8877  0.1051  0.5649  0.0639  0.5241  0.2697 -0.0003  0.9034 1 
 42.6612 -0.5764  2.2410  0.2779  0.4295  0.0410  0.3560  0.2468 -0.0003  0.9525 1 
 51.0628 -0.7654 -0.1002  0.0525  0.5105  0.0301  0.5520  0.1707  0.1875  0.7818 0 
 46.3325  0.7612  3.0160  0.0569  0.2093  0.0133  0.3483  0.1089 -0.0003  0.1593 0 
 43.5492 -0.1322  0.1726  0.1434  0.2041  0.0396  0.4425  0.1406  0.1340  0.8458 1 
 43.1586  0.1368 -2.9919  0.3172  0.3361  0.1486  0.3549  0.2597  0.3402  0.9910 1 
 45.5817 -0.5108 -2.1090  0.0211  0.2530  0.0782  0.3935  0.0270 -0.0003  0.1722 0 
 43.7568  0.4924  1.0255  0.0472  0.2774  0.0321  0.1326  0.0035 -0.0003  0.2341 0 
 52.0638 -0.7600 -2.9179  0.0007  0.5064  0.1117  0.3803  0.0601 -0.0003  0.2049 0 
 45.9358  0.7640  0.1983  0.0090  0.1084  0.0272  0.1745  0.0078 -0.0003  0.0561 0 
 49.1402  0.7843  1.1693  0.0353  0.6523  0.0685  0.4717  0.0316 -0.0003  0.2992 0 
 38.3978 -0.7868 -2.0013  0.0048  0.3114  0.0296  0.3204  0.0075 -0.0003  0.0942 0 
 46.6377  0.1946  0.3984  0.0496  0.6286  0.0158  0.3477  0.0378 -0.0003  0.2205 0 
 41.2848 -0.2181 -2.7137  0.0116  0.0624  0.0160  0.1347  0.1310 -0.0003  0.0665 0 
 53.7148  0.4645 -1.5356  0.2518  0.4470  0.0766  0.2934  0.3012 -0.0003  0.9834 1 
 49.9275 -0.4353  1.6039  0.9939  0.7672  0.0243  0.4271  0.7880 -0.0003  0.9982 1 
 44.3671  0.1351  1.0112  0.1232  0.4452  0.0523  0.3083  0.1091  0.4021  0.9920 1 
 42.6398 -0.1286 -2.1339  0.2053  0.2507  0.0664  0.4450  0.2039 -0.0003  0.9096 1 
 45.0324 -0.3981 -1.7743  0.0308  0.6837  0.0241  0.4825  0.0162 -0.0003  0.2747 0 
 40.5951  0.3903  1.3763  0.0572  0.5719  0.0549  0.4509  0.1176 -0.0003  0.5529 0 
 45.9602 -0.0269  0.1969  0.0427  0.1878  0.0646  0.3054  0.0654 -0.0003  0.1987 0 
 37.3663  0.0534 -2.9466  0.0094  0.2112  0.0223  0.4151  0.1342  0.0212  0.1444 0 
 51.9020 -0.1486 -0.8140  0.0479  0.2287  0.0482  0.3383  0.0283 -0.0003  0.2034 0 
 41.9440  0.1282  2.2695  0.0638  0.0439  0.0022  0.1341  0.0147 -0.0003  0.0372 0 
 51.7586 -0.7621 -0.4660  0.0148  0.1904  0.1607  0.3808  0.0450 -0.0003  0.1454 0 
 46.3935  0.7682  2.7020  0.0267  0.0478  0.0179  0.3482  0.0157 -0.0003  0.0491 0 
 51.9265 -0.3566 -1.2911  0.0208  0.0925  0.1425  0.0846  0.0125 -0.0003  0.0984 0 
 47.1962  0.3924  1.7889  0.0204  0.2943  0.0896  0.4333  0.0276 -0.0003  0.1898 0 
 57.6394  0.3826 -2.1376  0.0121  0.1278  0.0492  0.2883  0.0429 -0.0003  0.0714 0 
 37.6349 -0.3715  1.0397  0.0057  0.2755  0.0158  0.0921  0.0698 -0.0003  0.1124 0 
 47.2969 -0.1169 -1.2219  0.0872  0.2120  0.1186  0.5197  0.1578 -0.0003  0.6501 1 
 39.2187  0.0928  1.8817  0.2932  0.4017  0.0327  0.4096  0.3174  0.2858  0.9988 1 
 45.5116  0.1137  1.5839  0.0776  0.4880  0.0114  0.2187  0.1227 -0.0003  0.2683 0 
 42.7619 -0.1517 -1.5553  0.0094  0.2006  0.0510  0.1778  0.0024 -0.0003  0.1280 0 
 48.1483 -0.1721  2.9910  0.0099  0.5578  0.0600  0.6035  0.1219 -0.0003  0.2932 0 
 44.5777  0.1678 -0.1477  0.0147  0.3328  0.0243  0.4398  0.0344  0.0665  0.2355 0 
 52.7321 -0.7581 -0.0680  0.0268  0.4310  0.0627  0.3790  0.0338 -0.0003  0.2488 0 
 48.0446  0.7620  3.0610  0.0216  0.4606  0.0426  0.3881  0.0236 -0.0003  0.2174 0 
 45.0996  0.1323 -1.7622  0.0259  0.2008  0.0891  0.3946  0.0826  0.0763  0.2712 0 
 44.5808 -0.1700  1.3794  0.0193  0.4557  0.0283  0.3079  0.0306 -0.0003  0.1443 0 
 42.6184 -0.4224 -2.3373  0.0074  0.5484  0.1518  0.6676  0.0959 -0.0003  0.2910 0 
 42.4292  0.4407  0.8207  0.0222  0.5915  0.1053  0.5793  0.1352 -0.0003  0.3720 0 
 46.3691  0.7244  1.3393  0.0573  0.4854  0.1014  0.6965  0.1264 -0.0003  0.5573 1 
 34.7082 -0.7206 -1.7626  0.1028  0.4757  0.0576  0.3296  0.2829 -0.0003  0.8847 1 
 55.2621  0.3929  0.9810  0.0027  0.5647  0.0368  0.3330  0.0480 -0.0003  0.1465 0 
 51.0231 -0.3768 -2.2075  0.0050  0.0729  0.0786  0.4247  0.0350 -0.0003  0.0678 0 
 52.5612 -0.1780 -0.0437  0.0076  0.7080  0.0594  0.4215  0.0555 -0.0003  0.2313 0 
 44.6174  0.1799  3.1121  0.0881  0.1602  0.0677  0.6596  0.1557 -0.0003  0.6655 0 
 31.3939  0.6685  2.8668  0.1461  0.4490  0.0406  0.4846  0.1343 -0.0003  0.8075 1 
 18.7167 -0.6875 -0.2222  0.1318  0.4668  0.0651  0.4561  0.2763  0.3533  0.9868 1 
 44.6021  0.5710  3.0453  0.0430  0.2280  0.0289  0.2199  0.1077 -0.0003  0.1775 0 
 43.5096 -0.5682 -0.0998  0.0051  0.5547  0.0312  0.4869  0.0244 -0.0003  0.1630 0 
 53.7057  0.4919  1.5764  0.0103  0.3546  0.0366  0.1677  0.0020 -0.0003  0.1952 0 
 49.0639 -0.5067 -1.5592  0.0316  0.2590  0.2434  0.3861  0.0202 -0.0003  0.2382 0 
 45.7740 -0.4636  3.1295  0.0066  0.0971  0.0108  0.1310  0.0069 -0.0003  0.0457 0 
 36.5789  0.4884 -0.0453  0.0832  0.3048  0.0500  0.3712  0.0322 -0.0003  0.3981 0 
 41.1139  0.7774  0.4713  0.0409  0.6004  0.0213  0.5842  0.0652 -0.0003  0.4075 0 
 34.2718 -0.7726 -2.6470  0.0150  0.1062  0.1092  0.2835  0.0295 -0.0003  0.0726 0 
 54.6853 -0.2385 -2.1168  0.0488  0.1946  0.0565  0.1669  0.0223 -0.0003  0.2167 0 
 38.7915  0.2446  1.0353  0.0311  0.4565  0.0258  0.4565  0.0947 -0.0003  0.2835 0 
 47.1504  0.6072  1.1874  0.0122  0.3144  0.0539  0.4334  0.0577 -0.0003  0.1735 0 
 45.7801 -0.5936 -1.9712  0.0112  0.3768  0.0503  0.3930  0.0213 -0.0003  0.1722 0 
 38.7213 -0.0076  0.2121  0.3841  0.5733  0.0210  0.4111  0.0605  0.1207  0.8875 1 
 26.5934  0.0175 -2.9298  0.5297  0.3918  0.0576  0.4072  0.5742  0.2500  0.9996 1 
 40.9369  0.6575 -1.5014  0.1893  0.4901  0.0592  0.3149  0.2116 -0.0003  0.9365 1 
 37.1099 -0.6507  1.5970  0.2330  0.1953  0.0246  0.3235  0.1315 -0.0003  0.6628 1 
 49.2958  0.3862 -1.5586  0.4744  0.3425  0.0350  0.6427  0.7713 -0.0003  0.9985 1 
 31.4702 -0.3742  1.5929  0.1596  0.3421  0.0384  0.1453  0.1660 -0.0003  0.7218 1 
 42.0813 -0.7356 -1.1172  0.0030  0.0967  0.0080  0.0893  0.0383 -0.0003  0.0444 0 
 37.2503  0.7391  1.9789  0.0074  0.2850  0.0888  0.4155  0.0225 -0.0003  0.1491 0 
 44.3671 -0.0794 -3.0618  0.0365  0.2159  0.0828  0.1762  0.0422 -0.0003  0.2589 1 
 39.0509  0.0811  0.1016  0.7336  0.3529  0.0507  0.3645  0.5754  0.1251  0.9978 1 
 52.8511 -0.1873 -0.6640  0.0003  0.1498  0.0146  0.0842  0.0041 -0.0003  0.0684 0 
 45.8534  0.1827  2.5126  0.0123  0.5230  0.0790  0.1746  0.0002 -0.0003  0.3053 0 
 44.5655  0.5344 -0.5233  0.0314  0.3213  0.0349  0.2199  0.1042 -0.0003  0.2085 0 
 41.8341 -0.5382  2.6704  0.3139  0.1346  0.0411  0.3578  0.4709  0.2128  0.9976 0 
 46.8330 -0.7130 -3.0428  0.0396  0.1399  0.0102  0.0868  0.0078 -0.0003  0.0733 0 
 41.1933  0.6989  0.0739  0.0158  0.2980  0.0335  0.3593  0.0153 -0.0003  0.1220 0 
 47.9774 -0.5840 -2.3589  0.0516  0.1980  0.1288  0.4314  0.0106 -0.0003  0.2301 0 
 38.2361  0.5598  0.7906  0.0048  0.4358  0.0766  0.3667  0.0204 -0.0003  0.1724 0 
 47.6631 -0.7679 -2.2816  0.0667  0.6200  0.0586  0.5618  0.0040  0.2554  0.7079 0 
 35.2209  0.7514  0.9786  0.0624  0.6644  0.0338  0.3282  0.0084 -0.0003  0.4435 0 
 44.6418 -0.2425 -2.3960  0.0014  0.0799  0.0170  0.3078  0.0095 -0.0003  0.0389 0 
 43.0640  0.2209  0.7503  0.0217  0.4146  0.0492  0.5326  0.0355 -0.0003  0.2419 0 
 54.6090  0.3497  2.4851  0.0090  0.2722  0.0897  0.4175  0.0236 -0.0003  0.1491 0 
 50.3212 -0.3611 -0.6102  0.0023  0.0368  0.0526  0.3836  0.0049 -0.0003  0.0679 0 
 44.7150 -0.2484 -1.0410  0.3277  0.5273  0.0486  0.3516  0.3592  0.4021  0.9995 1 
 33.8323  0.2821  2.1299  0.0000  0.0461  0.0194  0.2846  0.5837  0.2279  0.6369 1 
 49.5521 -0.2426 -1.8589  0.0610  0.3866  0.0443  0.2139  0.0671 -0.0003  0.3695 0 
 45.8869  0.2391  1.2613  0.0069  0.0853  0.0758  0.1746  0.0735 -0.0003  0.0952 0 
 46.3630  0.5334  0.0623  0.0978  0.3059  0.0353  0.5659  0.0589 -0.0003  0.5339 1 
 43.0213 -0.5169 -3.1017  0.6101  0.2200  0.1339  0.2664  0.4999 -0.0003  0.9942 1 
 50.5104 -0.5314 -0.4935  0.0145  0.4675  0.0447  0.1703  0.0082 -0.0003  0.2807 0 
 45.8289  0.5340  2.6601  0.0404  0.0672  0.0404  0.2620  0.0439 -0.0003  0.0693 0 
 43.4791 -0.5823  1.6012  0.0147  0.2169  0.1039  0.4427  0.0143 -0.0003  0.1442 0 
 42.9206  0.5575 -1.4894  0.0404  0.2713  0.0244  0.3110  0.0833 -0.0003  0.1470 0 
 52.9152 -0.5336  2.4391  0.0378  0.6115  0.0677  0.2946  0.0222 -0.0003  0.3389 0 
 43.3417  0.5488 -0.7061  0.0417  0.1158  0.0179  0.2658  0.0473 -0.0003  0.0524 0 
 43.0549 -0.5788  1.8915  0.0063  0.6838  0.0211  0.4439  0.0599 -0.0003  0.1431 0 
 42.7985  0.5821 -1.2614  0.0298  0.1153  0.0251  0.1333  0.0673 -0.0003  0.0673 0 
 49.4148  0.2374 -0.5914  0.0026  0.5063  0.0576  0.6423  0.0329 -0.0003  0.1926 0 
 45.7404 -0.2549  2.5237  0.0311  0.6684  0.0400  0.4369  0.0319 -0.0003  0.2969 0 
 48.6915 -0.8060  1.7896  0.0836  0.6199  0.0665  0.6017  0.1668 -0.0003  0.7560 0 
 36.8505  0.7912 -1.3631  0.0021  0.2605  0.0340  0.2315  0.2327 -0.0003  0.3155 0 
 47.9866 -0.6174  2.3391  0.0844  0.7648  0.1402  1.0354  0.1009 -0.0003  0.7935 1 
 44.9378  0.6216 -0.7458  0.0706  0.2773  0.1990  0.5266  0.3071 -0.0003  0.8980 1 
 41.9623 -0.5716  0.4951  0.1103  0.6040  0.0503  0.3128  0.0983 -0.0003  0.7617 0 
 41.2573  0.5820 -2.6212  0.0281  0.1438  0.0453  0.3143  0.0292 -0.0003  0.0926 0 
 46.0334  0.2935 -0.2131  0.0108  0.2824  0.0384  0.2617  0.0185 -0.0003  0.1101 0 
 45.7984 -0.2889  2.9026  0.0162  0.0622  0.0250  0.2620  0.0103 -0.0003  0.0480 0 
 58.3291  0.5274 -1.5280  0.0407  0.6736  0.0928  0.2054  0.0550 -0.0003  0.4605 0 
 50.1076 -0.5468  1.5531  0.0250  0.1619  0.1274  0.2133  0.0914  0.1429  0.3476 0 
 49.4606 -0.2792  2.6123  0.0582  0.4985  0.3604  0.5137  0.3243 -0.0003  0.9608 0 
 47.5807  0.2805 -0.5421  0.0543  0.4681  0.0640  0.3027  0.0453 -0.0003  0.4223 0 
 45.2003  0.7593 -2.2948  0.5012  0.2342  0.0798  0.4382  0.4182 -0.0003  0.9957 1 
 45.0294 -0.7670  0.8047  0.1417  0.2723  0.0803  0.3948  0.2327 -0.0003  0.8813 1 
 49.5308  0.1998 -1.9661  0.0492  0.3686  0.0851  0.5135  0.0473 -0.0003  0.3470 0 
 45.0324 -0.2016  1.2041  0.0957  0.1813  0.0176  0.1755  0.0794 -0.0003  0.1786 0 
 45.1576  0.0873 -0.2005  0.0000  0.7633  0.0095  0.0000 -0.0200 -0.0003  0.2262 0 
 44.6906 -0.0913  2.9315  0.0344  0.2547  0.0802  0.3516  0.0695 -0.0003  0.2465 0 
 47.2358  0.3304 -2.4800  0.3442  0.4166  0.1025  0.4332  0.2692  0.1444  0.9909 1 
 39.3317 -0.3539  0.6924  0.2345  0.4158  0.0684  0.3638  0.2549  0.4598  0.9989 1 
 50.6050 -0.4319 -0.2475  0.1928  0.1908  0.1084  0.3404  0.1157 -0.0003  0.7147 0 
 47.8035  0.4492  2.9070  0.1082  0.3543  0.0258  0.4750  0.1072 -0.0003  0.6083 0 
 45.3651 -0.7047 -1.8740  0.2495  0.4023  0.0211  0.2189  0.3734 -0.0003  0.9435 1 
 35.7275  0.6868  1.2680  0.3070  0.4413  0.0311  0.2335  0.1205  0.3493  0.9890 1 
 45.5817  0.5356 -2.4354  0.0030  0.2473  0.0216  0.2186  0.0733 -0.0003  0.0610 0 
 44.6387 -0.5165  0.7149  0.0012  0.1460  0.0504  0.1319  0.0268 -0.0003  0.0909 0 
 48.4199 -0.6636  2.7280  0.0133  0.6275  0.0725  0.4735  0.0101 -0.0003  0.2089 0 
 33.9025  0.6719 -0.4415  0.0277  0.4907  0.0284  0.2844  0.0074  0.1846  0.5221 0 
 54.0932 -0.5644  3.0414  0.0232  0.2889  0.1385  0.2929  0.0792 -0.0003  0.2563 0 
 53.6049  0.5867 -0.0998  0.0952  0.3245  0.0298  0.2097  0.0201 -0.0003  0.3223 0 
 44.0070  0.2884  2.2315  0.0965  0.2982  0.1176  0.4854  0.1083 -0.0003  0.5711 0 
 39.7650 -0.3167 -0.9082  0.0123  0.6086  0.0250  0.4534  0.0123 -0.0003  0.1787 0 
 51.0811  0.3123  1.3484  0.0546  0.3685  0.0566  0.5519  0.0909 -0.0003  0.4565 1 
 44.6326 -0.3197 -1.7895  0.3981  0.6694  0.0434  0.3957  0.4725 -0.0003  0.9966 1 
 39.4690  0.6754 -0.9022  0.0473  0.4274  0.0232  0.2272  0.0135 -0.0003  0.1893 0 
 34.2046 -0.6862  2.2245  0.0010  0.1961  0.0350  0.4255  0.0795 -0.0003  0.0837 0 
 47.0191  0.3767 -3.0861  0.1520  0.1029  0.1250  0.2168  0.1473 -0.0003  0.6450 0 
 41.7151 -0.3432  0.0717  0.0259  0.3493  0.0418  0.4476  0.0417 -0.0003  0.2185 0 
 48.9876 -0.7258 -0.4477  0.0273  0.3821  0.1546  0.3862  0.1208 -0.0003  0.3452 0 
 46.5919  0.7050  2.7407  0.0132  0.1226  0.0485  0.3913  0.0252 -0.0003  0.0827 0 
 49.5399  0.7555 -2.5272  0.0670  0.0547  0.0453  0.3851  0.0474  0.1466  0.2549 0 
 49.1066 -0.7659  0.6551  0.0138  0.3202  0.0474  0.4717  0.1599 -0.0003  0.2848 0 
 51.0567 -0.7599 -1.4823  0.0478  0.6088  0.0358  0.5520  0.0524 -0.0003  0.4150 0 
 49.2042  0.7601  1.6867  0.1012  0.3348  0.1069  0.6001  0.0941 -0.0003  0.6158 0 
 50.0435  0.5232 -2.3557  0.0584  0.6141  0.0399  0.2987  0.0748 -0.0003  0.4625 0 
 48.6488 -0.5204  0.7789  0.0359  0.1197  0.2678  0.2580  0.0103 -0.0003  0.1276 0 
 48.1086 -0.5140  0.8305  0.0698  0.0509  0.0197  0.3449  0.0745 -0.0003  0.0812 0 
 46.6590  0.5359 -2.3157  0.0395  0.7329  0.0181  0.3042  0.0688 -0.0003  0.2206 0 
 47.6143 -0.0701 -2.8426  0.0351  0.5548  0.0675  0.1297  0.0030 -0.0003  0.4310 0 
 46.6224  0.0675  0.2674  0.0052  0.1309  0.0938  0.1739  0.0048 -0.0003  0.1045 0 
 57.3281  0.3428 -0.1263  0.0319  0.3933  0.1012  0.3712  0.0479 -0.0003  0.2640 0 
 43.9490 -0.3328  3.0030  0.0131  0.1094  0.0519  0.4414  0.0919 -0.0003  0.1076 0 
 45.9693  0.6195 -2.3714  0.1313  0.5736  0.0550  0.7416  0.2441 -0.0003  0.9332 1 
 39.4232 -0.5919  0.8761  0.0029  0.2038  0.0547  0.2727  0.0768  0.0577  0.1718 1 
 51.4412 -0.4203  2.0023  0.0239  0.2686  0.0619  0.4662  0.0427 -0.0003  0.2048 0 
 41.9226  0.3935 -1.1643  0.0118  0.3153  0.0341  0.4470  0.0876 -0.0003  0.1606 0 
 47.0924  0.5125 -0.2587  0.0560  0.5356  0.0644  0.5636  0.0190 -0.0003  0.3636 0 
 46.3020 -0.4823  2.8269  0.0201  0.4590  0.0505  0.6967  0.0740  0.1392  0.5076 0 
 44.4739  0.6553  1.1015  0.8170  0.6419  0.0483  0.4401  0.4881 -0.0003  0.9976 1 
 40.2899 -0.6635 -2.0303  0.1111  0.4227  0.0352  0.4518  0.2083 -0.0003  0.8045 1 
 51.5602  0.2962  1.0359  0.3390  0.2916  0.1556  0.5083  0.2525 -0.0003  0.9897 1 
 35.1843 -0.3147 -2.1275  0.0369  0.4583  0.0944  0.2345  0.0844  0.7415  0.9955 1 
 55.4940  0.5918  1.9919  0.0191  0.6443  0.1150  0.4990  0.0457 -0.0003  0.2720 1 
 45.8076 -0.5778 -1.1541  0.3535  0.5949  0.0541  0.4803  0.1262 -0.0003  0.8965 1 
 51.3252 -0.7500 -1.3458  0.0209  0.1568  0.0349  0.4665  0.0212 -0.0003  0.1117 0 
 50.4860  0.7566  1.7605  0.0192  0.5661  0.0356  0.5536  0.0704 -0.0003  0.2770 0 
 49.8421  0.4118 -2.7919  0.0706  0.3963  0.1746  0.5127  0.0329 -0.0003  0.3768 0 
 30.1335 -0.4107  0.3183  0.0136  0.2345  0.0040  0.1962  0.0187 -0.0003  0.0481 0 
 51.3039 -0.7181  0.4946  0.1537  0.3101  0.1344  0.5937  0.0777 -0.0003  0.6742 1 
 35.2331  0.7081 -2.6247  0.1162  0.2276  0.0222  0.2813  0.2009 -0.0003  0.5298 1 
 47.7485  0.1581 -1.0843  0.0473  0.1602  0.0999  0.6048  0.0347 -0.0003  0.2905 0 
 46.8177 -0.1593  2.0795  0.0177  0.5158  0.0801  0.5210  0.0718 -0.0003  0.2563 0 
 44.7150  0.4145  0.4967  0.0320  0.2928  0.0671  0.1758  0.0132 -0.0003  0.2917 0 
 43.8666 -0.4150 -2.6560  0.0169  0.0919  0.0213  0.3092  0.0193 -0.0003  0.0454 0 
 43.5645  0.0729 -0.4798  0.0294  0.4720  0.0505  0.6195  0.0305  0.3864  0.7549 1 
 22.8183  0.0434  2.7530  0.1263  0.2667  0.0747  0.3738  0.0988  0.2616  0.8640 1 
 46.5431  0.1178 -1.8433  0.0168  0.1210  0.0400  0.2609  0.0652 -0.0003  0.0661 0 
 45.4383 -0.1102  1.2940  0.0440  0.5692  0.0186  0.3501  0.0611 -0.0003  0.2134 0 
 49.2134  0.5974  0.3930  0.2608  0.2994  0.1020  0.3000  0.4143 -0.0003  0.9933 0 
 38.7366 -0.5992 -2.7255  0.1001  0.3672  0.0261  0.3197  0.0565 -0.0003  0.3954 0 
 49.8360 -0.5942  0.5114  0.0204  0.5609  0.0663  0.2564  0.0119 -0.0003  0.2846 0 
 42.0783  0.5535 -2.5643  0.0008  0.4557  0.0378  0.4019  0.0234 -0.0003  0.1364 0 
 50.0587  0.4308  0.6569  0.0163  0.1918  0.0703  0.3841  0.0120 -0.0003  0.1285 0 
 43.3417 -0.4632 -2.4821  0.0046  0.2994  0.0103  0.2215  0.0330  0.0893  0.1245 0 
 43.5096  0.4577 -2.0380  0.0954  0.7064  0.0642  0.2213  0.1111 -0.0003  0.8155 1 
 38.7732 -0.4493  1.0806  0.0030  0.6629  0.0392  0.4109  0.0914  0.1299  0.4209 1 
 66.5232  0.1834 -2.8658  0.5187  0.5102  0.1575  0.5570  0.4626 -0.0003  0.9983 1 
 43.7720 -0.1659  0.3437  0.2015  0.4592  0.0417  0.3094  0.1904 -0.0003  0.8880 1 
 56.6323  0.0228 -2.8604  0.0164  0.6046  0.1832  0.7861  0.0561 -0.0003  0.3134 0 
 42.3621 -0.0427  0.2470  0.0114  0.1752  0.0350  0.3566  0.0522 -0.0003  0.0728 0 
 49.6315  0.3575 -2.6661  0.1308  0.0591  0.0671  0.2994  0.0650 -0.0003  0.1825 0 
 46.6133 -0.3519  0.4060  0.0701  0.4972  0.0548  0.5216  0.1350 -0.0003  0.6160 0 
 49.8024 -0.4718  2.1269  0.0022  0.3225  0.0626  0.4273  0.0460 -0.0003  0.1441 0 
 45.5726  0.4554 -1.0257  0.0211  0.6342  0.0342  0.3061  0.0145 -0.0003  0.2282 0 
 52.3507  0.5938 -2.5725  0.0089  0.4594  0.0554  0.5063  0.1682 -0.0003  0.3234 0 
 44.2634 -0.6049  0.5903  0.0166  0.1673  0.0217  0.3525  0.0219 -0.0003  0.0579 0 
 47.2847 -0.0756  1.2300  0.0110  0.0633  0.0382  0.3031  0.0316 -0.0003  0.0551 0 
 45.8869  0.0880 -1.9391  0.0055  0.2044  0.0124  0.2182  0.0137  0.1042  0.1472 0 
 42.9053  0.1746 -1.0004  0.0460  0.4789  0.1697  0.5776  0.1633 -0.0003  0.5215 1 
 40.9369 -0.1845  2.1317  0.1845  0.2035  0.0260  0.2699  0.2957 -0.0003  0.8037 1 
 43.9185  0.0419  1.0900  0.0186  0.1506  0.0322  0.4415  0.0169 -0.0003  0.0938 0 
 37.9187 -0.0584 -2.1080  0.0098  0.7157  0.0316  0.5053  0.0432 -0.0003  0.2057 0 
 52.6284  0.5598 -1.2359  0.0254  0.6368  0.1667  0.8428  0.0312 -0.0003  0.3301 1 
 45.7069 -0.5485  1.8934  0.0366  0.4198  0.1175  0.4369  0.0225 -0.0003  0.2608 1 
 51.6793  0.5640 -3.1030  0.0224  0.6480  0.1241  0.7620  0.0610 -0.0003  0.3231 0 
 41.5015 -0.5542  0.0428  0.1163  0.5073  0.0813  0.2241  0.0646 -0.0003  0.7304 0 
 41.3306  0.1244  2.3921  0.0040  0.1749  0.0087  0.0897  0.0206 -0.0003  0.0599 0 
 34.4732 -0.0867 -0.7340  0.0111  0.2914  0.0880  0.3774  0.0790 -0.0003  0.1855 0 
 47.8798 -0.5821  1.4632  0.1087  0.2198  0.1338  0.3885  0.1091 -0.0003  0.5503 0 
 46.6865  0.5852 -1.7089  0.0677  0.0693  0.0454  0.3041  0.0494 -0.0003  0.0968 0 
 47.7638  0.5657 -0.1015  0.0003  0.0970  0.0205  0.3024  0.1031 -0.0003  0.0455 0 
 45.4444 -0.5598  3.0178  0.0314  0.5566  0.0137  0.2625  0.0062 -0.0003  0.1415 0 
 45.6672 -0.1553  1.5246  0.0098  0.2482  0.1875  0.2622  0.0098 -0.0003  0.1707 0 
 40.3540  0.1539 -1.6128  0.0113  0.1725  0.0811  0.3613  0.0456  0.1074  0.1673 0 
 51.8624  0.3668  1.6554  0.2471  0.3975  0.0890  0.2960  0.2138 -0.0003  0.9652 1 
 46.2257 -0.3964 -1.5511  0.5668  0.5687  0.0356  0.2178  0.3778 -0.0003  0.9971 1 
 49.3050 -0.7274  2.6559  0.0220  0.2968  0.0301  0.3427  0.0045 -0.0003  0.1321 0 
 45.3986  0.7175 -0.4738  0.0112  0.6697  0.0445  0.4377  0.0085 -0.0003  0.2027 0 
 46.7231 -0.7841 -2.2072  0.1052  0.5112  0.0735  0.2172  0.0711 -0.0003  0.7209 0 
 43.3478  0.7814  0.9200  0.0518  0.2634  0.0339  0.1772  0.0261 -0.0003  0.1946 0 
 48.9448  0.6275 -0.3702  0.0027  0.1582  0.0309  0.3005  0.1043 -0.0003  0.0625 0 
 41.1536 -0.6174  2.7921  0.0825  0.3290  0.0360  0.5391  0.0477  0.1426  0.6536 0 
 47.2419  0.6962 -1.2426  0.0355  0.2230  0.0057  0.2599  0.0148 -0.0003  0.0570 0 
 46.5675 -0.6920  1.8836  0.0445  0.5361  0.1212  0.6087  0.0825 -0.0003  0.3678 0 
 48.1056 -0.7736  2.1343  0.0067  0.0718  0.0312  0.6036  0.0886 -0.0003  0.1184 0 
 40.7538  0.7622 -1.0624  0.0236  0.3097  0.0370  0.1802  0.0251 -0.0003  0.1662 0 
 50.4128 -0.6510 -2.9943  0.5924  0.7971  0.0476  0.3834  0.6936 -0.0003  0.9982 1 
 26.3096  0.6983  0.1500  0.7117  0.9065  0.0135  0.2553  0.4274 -0.0003  0.9979 1 
 49.8268 -0.6340  0.7813  0.0989  0.6085  0.1610  0.5127  0.0728 -0.0003  0.4910 1 
 42.2004  0.6473 -2.2201  0.1064  0.3804  0.1900  0.2678  0.2289 -0.0003  0.9010 1 
 55.3506 -0.1282  3.1404  0.0373  0.1486  0.0594  0.2912  0.1260 -0.0003  0.2052 0 
 41.7609  0.0409 -0.0129  0.0652  0.3258  0.0305  0.4027  0.0346 -0.0003  0.3066 0 
 48.4932  0.6357  1.4137  0.1621  0.4207  0.0225  0.2581  0.1207 -0.0003  0.5768 0 
 45.4902 -0.6398 -1.6900  0.0226  0.3001  0.1128  0.4374  0.0103 -0.0003  0.1940 0 
 51.6823 -0.0013  0.2128  0.0025  0.2525  0.0516  0.3387  0.0126 -0.0003  0.1118 0 
 46.5339  0.0063 -2.9301  0.0143  0.4225  0.0491  0.3479  0.0368 -0.0003  0.1905 0 
 49.2683 -0.0066 -1.1210  0.0198  0.0986  0.0510  0.2142  0.0041 -0.0003  0.0828 0 
 47.1595  0.0784  2.0473  0.0220  0.7350  0.0442  0.4767  0.0252 -0.0003  0.2635 0 
 49.0578 -0.5823  0.3242  0.0838  0.2781  0.0439  0.4290  0.1839 -0.0003  0.6148 0 
 44.9897  0.5741 -2.8684  0.0101  0.5304  0.0950  0.7458  0.1528 -0.0003  0.3676 0 
 56.2509 -0.0226  2.3352  0.0264  0.3535  0.1240  0.2072  0.0360 -0.0003  0.2734 0 
 49.6559 -0.0188 -0.7405  0.0920  0.3740  0.2197  0.4704  0.0200 -0.0003  0.4432 0 
 54.0536  0.7754  2.6956  0.0097  0.3112  0.0291  0.4604  0.0695 -0.0003  0.1340 0 
 45.2461 -0.7778 -0.4449  0.0775  0.4527  0.0267  0.2629  0.1046 -0.0003  0.3799 0 
 52.9824  0.1694  0.5908  0.0067  0.2012  0.7378  0.2945  0.0102 -0.0003  0.2157 0 
 49.0059 -0.1500 -2.5328  0.0509  0.3969  0.0174  0.3003  0.0798 -0.0003  0.1756 0 
 46.7140  0.4987  3.0988  0.0590  0.1431  0.0836  0.2607  0.0222 -0.0003  0.1765 0 
 44.6296 -0.4843 -0.0904  0.0101  0.3841  0.1122  0.3078 -0.0200 -0.0003  0.1765 0 
 45.7130 -0.1456 -1.7917  0.1477  0.4155  0.0602  0.3932  0.2650 -0.0003  0.9258 1 
 38.5321  0.1595  1.3651  0.7452  0.4500  0.0323  0.4574  0.3099 -0.0003  0.9922 1 
 46.8208  0.7727 -1.0278  0.0101  0.3569  0.0952  0.3039  0.1893  0.2871  0.6932 1 
 42.2827 -0.7943  2.0875  0.0093  0.3264  0.0551  0.2676  0.0323 -0.0003  0.1634 1 
 49.1402  0.4789 -0.7828  0.0746  0.0721  0.0254  0.2144  0.0976 -0.0003  0.0955 0 
 47.9957 -0.4748  2.3574  0.0545  0.6565  0.1107  0.6040 -0.0200 -0.0003  0.3123 0 
 46.0029 -0.2433 -2.8185  0.1832  0.3416  0.0671  0.5234  0.2762 -0.0003  0.9568 1 
 38.1842  0.2056  0.2872  0.0327  0.3092  0.0185  0.2751  0.1384 -0.0003  0.1701 1 
 40.6714  0.3225 -1.8202  0.0834  0.3488  0.0668  0.2254  0.0489 -0.0003  0.5098 0 
 37.0520 -0.3494  1.3472  0.2212  0.2465  0.0257  0.5548  0.1813  0.1900  0.9681 0 
 37.1984 -0.2568  0.9720  0.3132  0.4290  0.0724  0.4156  0.4847  0.2414  0.9985 1 
 31.4580  0.3194 -2.1775  0.3780  0.5634  0.0517  0.3874  0.6495 -0.0003  0.9981 1 
 45.9571  0.2999  0.0541  0.0141  0.1422  0.0454  0.0873  0.0003 -0.0003  0.1269 0 
 41.9196 -0.2904 -3.0469  0.0462  0.0672  0.0388  0.2682  0.0106 -0.0003  0.0729 0 
 45.7313 -0.4621 -0.7649  0.0024  0.4427  0.0518  0.3932  0.0212 -0.0003  0.1591 0 
 36.7895  0.4554  2.3783  0.0112  0.0392  0.0179  0.1853  0.0113  0.0701  0.0884 0 
 48.1880 -0.1903 -2.4545  0.0111  0.3640  0.0680  0.2586  0.0159 -0.0003  0.2163 0 
 47.1595  0.1963  0.7049  0.0312  0.1140  0.0117  0.0867  0.0009 -0.0003  0.0662 0 
 50.6020  0.3944 -0.8088  0.0066  0.5274  0.0695  0.4256 -0.0200 -0.0003  0.1733 0 
 42.9236 -0.4189  2.3636  0.0197  0.1850  0.1668  0.3554  0.0262 -0.0003  0.1455 0 
 49.4423 -0.7153  0.2191  0.0243  0.4357  0.1124  0.2997  0.1003 -0.0003  0.3406 0 
 47.9255  0.7488 -2.8614  0.0048  0.7220  0.0518  0.4315  0.0735  0.0353  0.2782 0 
 39.2737  0.6355 -2.2670  0.1972  0.1786  0.0371  0.4095  0.1763 -0.0003  0.7947 1 
 31.1254 -0.6464  0.8448  0.3405  0.3235  0.0495  0.2429  0.3558  0.4611  0.9996 1 
 52.1492  0.6398  1.4082  0.0022  0.1789  0.1946  0.3379  0.1077 -0.0003  0.1625 0 
 44.2359 -0.6104 -1.6789  0.0536  0.1853  0.0285  0.1763  0.0117 -0.0003  0.1287 0 
 51.3375 -0.6080 -2.8222  0.0625  0.2404  0.1334  0.2544  0.0018 -0.0003  0.2661 0 
 49.0578  0.6103  0.3708  0.0192  0.3124  0.1215  0.3861  0.0761 -0.0003  0.2287 0 
 44.9104 -0.5320 -0.2138  0.0130  0.2585  0.0260  0.3951  0.0864 -0.0003  0.1027 0 
 43.7232  0.5230  2.8911  0.0260  0.3720  0.0298  0.1326  0.0735 -0.0003  0.1764 0 
 45.0111  0.5092  2.2632  0.1660  0.7912  0.0940  0.5264  0.2582 -0.0003  0.9693 1 
 44.7639 -0.5177 -0.8699  0.2508  0.1022  0.0443  0.1757  0.4030 -0.0003  0.9146 1 
 48.7037 -0.7964 -2.3550  0.0055  0.4945  0.1679  0.4727  0.0510 -0.0003  0.2371 0 
 39.6979  0.7954  0.7515  0.0004  0.4456  0.0276  0.2268  0.0154 -0.0003  0.1212 0 
 61.6434  0.5840 -0.9086  0.0198  0.5551  0.0676  0.1216 -0.0200 -0.0003  0.3847 0 
 54.5205 -0.5290  2.2651  0.0191  0.3260  0.2229  0.4594  0.0676 -0.0003  0.2704 0 
 45.9571 -0.4503 -0.6771  0.9580  0.2627  0.0679  0.3927  0.6807 -0.0003  0.9939 1 
 37.2747  0.4315  2.4501  0.0342  0.6540  0.0264  0.4154  0.1110 -0.0003  0.3465 1 
 48.2551  0.0817  2.6064  0.0005  0.3731  0.0635  0.3877  0.0190 -0.0003  0.1504 0 
 32.3552 -0.0587 -0.5438  0.0009  0.1134  0.0201  0.2882  0.0928 -0.0003  0.0429 0 
 51.7494  0.7163  1.1996  0.0253  0.4643  0.0630  0.2962  0.0136 -0.0003  0.2670 0 
 46.6529 -0.7040 -1.9503  0.0241  0.2534  0.0345  0.4780  0.0413 -0.0003  0.1709 0 
 48.8808  0.6561 -0.2120  0.0537  0.5494  0.0652  0.5153  0.1226 -0.0003  0.5083 0 
 44.8249 -0.6538  2.8669  0.1317  0.5698  0.0894  0.6587  0.0859 -0.0003  0.7317 0 
 45.1270 -0.7313 -1.1011  0.0003  0.6930  0.0489  0.3507  0.1006  0.1223  0.4529 0 
 39.9237  0.7315  1.9993  0.0077  0.4213  0.0932  0.5435  0.0355 -0.0003  0.1962 0 
 47.1321  0.2978 -2.6780  0.0151  0.7495  0.0485  0.6068  0.0734 -0.0003  0.3084 0 
 43.9033 -0.2725  0.4664  0.0136  0.1677  0.0524  0.3091  0.0281 -0.0003  0.0910 0 
 45.7557 -0.4641  2.5838  0.0506  0.1582  0.0254  0.2621  0.0113 -0.0003  0.0911 0 
 42.5238  0.4370 -0.5482  0.0072  0.4487  0.1613  0.6680  0.0449 -0.0003  0.2551 0 
 59.9985  0.6199 -0.5248  0.0088  0.1289  0.1212  0.2039  0.0297 -0.0003  0.0874 0 
 46.1921 -0.6066  2.6374  0.0356  0.1976  0.0058  0.2179  0.0090 -0.0003  0.0547 0 
 46.5949  0.6658  1.9515  0.0486  0.5592  0.0344  0.4782  0.0732 -0.0003  0.4292 0 
 44.0589 -0.6699 -1.1864  0.0139  0.5026  0.0277  0.3970  0.0942 -0.0003  0.1808 0 
 45.3956 -0.2742  0.4563  0.1073  0.3655  0.1701  0.5252  0.1851 -0.0003  0.8218 0 
 41.2421  0.2660 -2.6972  0.0175  0.1216  0.0364  0.3592  0.0626 -0.0003  0.0735 0 
 45.8106 -0.5309  2.3896  1.2840  0.6500  0.0967  0.3930  0.4345 -0.0003  0.9977 1 
 40.5615  0.5074 -0.7358  0.0126  0.4949  0.0407  0.3608  0.1893  0.2181  0.6943 1 
 45.7771 -0.2169  0.6057  0.0258  0.0058  0.0107  0.2620  0.1544 -0.0003  0.0696 0 
 45.1118  0.2440 -2.5483  0.0463  0.3618  0.0237  0.1754  0.0159 -0.0003  0.1767 0 
 43.6957  0.1251  2.8016  0.3672  0.3128  0.0667  0.6632  0.4221 -0.0003  0.9968 1 
 42.3377 -0.1264 -0.3504  0.0853  0.5188  0.0626  0.3567  0.0395 -0.0003  0.5414 1 
 44.1077  0.2328 -0.7943  0.0050  0.4141  0.1167  0.7497  0.0225 -0.0003  0.2436 0 
 44.0253 -0.2728  2.3786  0.0366  0.3679  0.0256  0.4854  0.0184 -0.0003  0.2431 0 
 47.3732  0.4936 -2.5279  0.5660  0.6220  0.0717  0.6060  0.5900 -0.0003  0.9974 1 
 31.2932 -0.4767  0.6013  0.1126  0.4596  0.0407  0.4365  0.0490  0.2437  0.8460 1 
 45.2735  0.6998 -1.9989  0.0130  0.3124  0.0363  0.3942  0.0324 -0.0003  0.1288 0 
 43.8727 -0.6607  1.0405  0.0079  0.5333  0.1389  0.3533  0.0128 -0.0003  0.2133 0 
 47.2114  0.1816 -0.9567  0.0598  0.2539  0.0567  0.2166  0.0828 -0.0003  0.3500 0 
 44.8554 -0.1880  2.1599  0.0127  0.1709  0.0728  0.2195  0.0313 -0.0003  0.1184 0 
 48.6519 -0.4353  2.2213  0.6001  0.7279  0.0639  0.5159  0.5360 -0.0003  0.9975 1 
 47.0954  0.4199 -0.9220  0.1934  0.4781  0.0689  0.3468  0.2575 -0.0003  0.9625 1 
 51.3313 -0.0496 -2.3637  0.0446  0.7725  0.0363  0.3393  0.0412 -0.0003  0.3745 0 
 44.7791  0.0520  0.7525  0.0081  0.0640  0.0234  0.3953  0.0219 -0.0003  0.0512 0 
 43.9979  0.4975  2.9089  0.1274  0.1855  0.0444  0.1765  0.1562 -0.0003  0.5879 1 
 28.4672 -0.5239 -0.2388  0.3224  0.2282  0.0320  0.4488  0.1146 -0.0003  0.8109 1 
 46.9520  0.1827 -0.9804  0.0067  0.3037  0.1046  0.3905  0.0400 -0.0003  0.1571 0 
 45.3162 -0.1815  2.1666  0.0876  0.2992  0.1622  0.4817  0.1341 -0.0003  0.5974 0 
 46.3752 -0.2537 -1.6702  0.3074  0.3473  0.0497  0.5659  0.3345 -0.0003  0.9901 1 
 33.2921  0.3176  1.4665  0.6017  0.5094  0.0096  0.4288  0.5294 -0.0003  0.9975 1 
 47.9316 -0.0543 -0.7895  0.2371  0.7360  0.0480  0.3453  0.2620  0.1247  0.9603 1 
 36.6674  0.0987  2.3961  0.0778  0.3175  0.0243  0.3709  0.0656  0.1634  0.6424 1 
 49.0425 -0.6620 -1.4289  0.1275  0.1066  0.0124  0.2145  0.0286 -0.0003  0.1154 0 
 46.2348  0.6507  1.7831  0.0320  0.1858  0.1032  0.4356  0.0447 -0.0003  0.1820 0 
 42.3713 -0.6104 -1.4338  0.1801  0.5609  0.0212  0.4012  0.0490 -0.0003  0.6614 0 
 38.9715  0.6078  1.7633  0.0392  0.1686  0.2668  0.2280  0.0099  0.4416  0.4554 0 
 46.4546 -0.3251 -2.7104  0.0209  0.4708  0.0234  0.3916  0.0997 -0.0003  0.1852 0 
 45.1118  0.3312  0.4299  0.0382  0.1030  0.0388  0.3507  0.0932 -0.0003  0.1107 0 
 46.7201 -0.7585 -1.9141  0.0309  0.2932  0.1050  0.4344  0.0173  0.1264  0.3337 1 
 40.0916  0.8029  1.2954  0.1542  0.1553  0.0219  0.4072  0.2300 -0.0003  0.6976 1 
 47.0771  0.6066  1.7281  0.0083  0.3443  0.0258  0.3469  0.0670 -0.0003  0.0909 0 
 32.8710 -0.6240 -1.3927  0.0023  0.2963  0.0276  0.3825  0.0882 -0.0003  0.0875 0 
 53.1228 -0.6819 -0.7892  0.0057  0.2994  0.0427  0.2522  0.0627  0.0882  0.2732 0 
 44.2237  0.6597  2.3778  0.0005  0.2582  0.0918  0.4407  0.0902 -0.0003  0.1486 0 
 51.1391  0.4579  0.8522  0.6072  0.4208  0.0339  0.3396  0.6854 -0.0003  0.9982 1 
 48.4199 -0.4916 -2.2793  0.4539  0.2023  0.0482  0.4735  0.3753 -0.0003  0.9921 1 
 40.9461 -0.7803 -2.9916  0.0320  0.4526  0.0788  0.3149  0.0098 -0.0003  0.2613 0 
 39.6643  0.7915  0.1183  0.0186  0.6582  0.0261  0.4537  0.0043  0.2311  0.6200 0 
 48.6885 -0.0159  0.8487  0.0260  0.0966  0.0174  0.3008  0.0165 -0.0003  0.0453 0 
 44.1657 -0.0254 -2.2641  0.0749  0.2105  0.0585  0.3086  0.0537 -0.0003  0.3036 0 
 52.1309 -0.1144 -2.8012  0.1402  0.1661  0.0790  0.5068  0.0891 -0.0003  0.5946 1 
 44.4221  0.1233  0.3219  0.0775  0.5751  0.1039  0.2641  0.1798  0.6304  0.9955 1 
 45.6703 -0.7913  2.6144  0.0419  0.2998  0.1391  0.5681  0.0164 -0.0003  0.2964 0 
 43.6896  0.8008 -0.4476  0.1338  0.3037  0.1132  0.4863  0.0872 -0.0003  0.6141 0 
 44.8829  0.1299  2.5327  0.0694  0.4298  0.0371  0.1756  0.0749  0.1759  0.6859 1 
 35.3124 -0.0934 -0.6012  0.0764  0.5476  0.0659  0.5154  0.1807  0.1974  0.8689 1 
 52.9335  0.7333  1.3220  0.0579  0.2921  0.1641  0.2525  0.0436 -0.0003  0.3493 0 
 41.3703 -0.7330 -1.8300  0.0151  0.2309  0.0580  0.4038  0.0606 -0.0003  0.1485 0 
 46.4759 -0.4571  0.2472  0.0675  0.2937  0.0660  0.2175  0.1264 -0.0003  0.5355 0 
 40.6195  0.4625 -2.8681  0.0710  0.4569  0.1064  0.4508  0.0212 -0.0003  0.3685 0 
 44.9012 -0.5642 -0.7123  0.0379  0.4558  0.0390  0.2195  0.1406 -0.0003  0.3671 0 
 43.0518  0.5345  2.3990  0.1573  0.3342  0.1969  0.5326  0.0443 -0.0003  0.5827 0 
 44.2451 -0.1630  0.7870  0.1697  0.2914  0.1057  0.7051  0.2309 -0.0003  0.9505 1 
 23.9231  0.2021 -2.3562  0.5788  0.6282  0.0281  0.3682  0.4500 -0.0003  0.9973 1 
 50.2602  0.6379 -2.4874  0.1991  0.3706  0.0751  0.3837  0.1850 -0.0003  0.9170 1 
 34.2473 -0.6338  0.6458  0.1440  0.4058  0.0337  0.5199  0.0955  0.2324  0.9179 1 
 48.6732 -0.6813  0.9616  0.0595  0.1530  0.0687  0.6018  0.1795 -0.0003  0.4999 1 
 26.4805  0.6749 -2.2456  0.1822  0.4819  0.0235  0.4077  0.2734  0.1314  0.9174 1 
 45.8381 -0.5018 -0.0325  0.0664  0.7949  0.0458  0.5239  0.0278 -0.0003  0.5050 0 
 44.9287  0.4374  3.1176  0.0280  0.0971  0.0210  0.1756  0.0157 -0.0003  0.0504 0 
 43.3875 -0.6187  0.1463  0.0427  0.1650  0.0244  0.1772  0.0165 -0.0003  0.0840 0 
 36.3378  0.6239 -2.9489  0.0224  0.7013  0.0206  0.3254  0.0047 -0.0003  0.1792 0 
 34.7723 -0.7406 -0.5818  0.1013  0.3120  0.0356  0.3294  0.1431  0.1206  0.7537 0 
 31.9921  0.7227  2.4806  0.0091  0.8154  0.0347  0.3855  0.0613  0.1098  0.3720 0 
 43.2166  0.6255  2.6318  0.0691  0.3150  0.0845  0.2217  0.0843 -0.0003  0.5211 0 
 43.1891 -0.6251 -0.4963  0.0093  0.2912  0.0703  0.3105  0.0433 -0.0003  0.1608 0 
 48.1300 -0.7522  2.8449  0.0481  0.4563  0.1382  0.3449  0.0477 -0.0003  0.3250 0 
 31.5709  0.7731 -0.3706  0.0086  0.3753  0.0183  0.2419  0.0810 -0.0003  0.0907 0 
 46.4302  0.4554 -2.2924  0.1508  0.6150  0.0832  0.1306  0.1583 -0.0003  0.9137 1 
 43.6774 -0.4746  0.9047  0.0964  0.4825  0.0975  0.3979  0.1376  0.0493  0.7669 1 
 51.3161  0.2039  1.8964  0.0305  0.4089  0.1097  0.6785  0.1356 -0.0003  0.4343 0 
 44.8585 -0.2093 -1.2695  0.0931  0.0716  0.0195  0.1756  0.0125 -0.0003  0.0678 0 
 50.6447  0.6252 -1.0047  0.0125  0.4903  0.0905  0.5531  0.1437 -0.0003  0.3137 0 
 48.3925 -0.6222  2.1034  0.0062  0.1825  0.0752  0.3444  0.0264 -0.0003  0.1027 0 
 44.2725 -0.7748  2.2520  0.0130  0.7100  0.0317  0.2644  0.0582 -0.0003  0.1819 0 
 25.7694  0.8014 -0.9012  0.0037  0.0307  0.0140  0.2056  0.0045 -0.0003  0.0415 0 
 46.7842  0.7911 -1.4794  0.0180  0.4969  0.0727  0.3908  0.2459 -0.0003  0.5796 0 
 46.7720 -0.7932  1.6875  0.0617  0.4913  0.0236  0.3474  0.0383 -0.0003  0.2970 0 
 47.1809 -0.0830 -2.4613  0.0188  0.0602  0.0288  0.1733  0.0173 -0.0003  0.0542 0 
 46.2715  0.0649  0.6806  0.0201  0.1610  0.0277  0.2613  0.0264 -0.0003  0.0586 0 
 50.0160  0.6163  2.1543  0.0489  0.5219  0.0393  0.4269  0.0242 -0.0003  0.3606 0 
 38.9837 -0.6174 -0.9672  0.0096  0.2147  0.0471  0.3647  0.0145 -0.0003  0.1058 0 
 53.5866 -0.2314 -2.9144  0.5049  0.4068  0.1450  0.5453  0.5305 -0.0003  0.9985 1 
 38.5870  0.2819  0.3291  0.1067  0.4043  0.0937  0.5943  0.1625 -0.0003  0.7942 1 
 38.1415  0.6790 -1.4939  0.0374  0.7324  0.0528  0.2752  0.0202 -0.0003  0.3923 0 
 37.4701 -0.6823  1.6618  0.0461  0.1134  0.0305  0.2304  0.0489 -0.0003  0.0713 0 
 43.2868 -0.2938 -0.8199  0.0043  0.1483  0.0379  0.1773  0.0506 -0.0003  0.0625 0 
 36.9909  0.3167  2.3451  0.0179  0.0342  0.0093  0.1388  0.0104 -0.0003  0.0430 0 
 38.4344  0.1098 -2.4336  0.0542  0.6268  0.0178  0.2288  0.1581  0.1561  0.6175 0 
 29.9077 -0.1410  0.8292  0.0813  0.3752  0.0812  0.3440  0.0899 -0.0003  0.5414 0 
 57.4746 -0.1820  2.5580  0.0302  0.4685  0.0704  0.3710  0.0056 -0.0003  0.2463 0 
 45.3925  0.1743 -0.5919  0.0983  0.2157  0.0132  0.1313  0.0488 -0.0003  0.1576 0 
 48.1666 -0.5088  1.1706  0.0532  0.4683  0.0620  0.3448  0.0098 -0.0003  0.3570 0 
 45.2064  0.4945 -1.9862  0.0567  0.5200  0.0164  0.2629  0.0453 -0.0003  0.1862 0 
 48.0110  0.0510 -0.9232  0.0063  0.1207  0.0546  0.4314  0.0513 -0.0003  0.0857 0 
 46.8391 -0.0507  2.2092  0.0091  0.5053  0.0337  0.5209  0.0283 -0.0003  0.1852 0 
 48.4504 -0.7323 -1.4061  0.0165  0.3894  0.0216  0.3443  0.0223 -0.0003  0.1076 0 
 44.0864  0.7017  1.7586  0.0000  0.4911  0.0853  0.0882  0.0164 -0.0003  0.3811 0 
 47.8431  0.5376 -0.2648  0.0837  0.6480  0.1383  0.7772  0.1028 -0.0003  0.6436 0 
 39.3103 -0.5468  2.8435  0.0706  0.4052  0.0536  0.4548  0.0506 -0.0003  0.4534 0 
 51.0201  0.0909  2.8555  0.0247  0.1893  0.0687  0.3398  0.0424  0.3100  0.4898 0 
 47.4922 -0.1157 -0.2672  0.1501  0.0431  0.1394  0.3893  0.0717 -0.0003  0.2567 0 
 35.4772 -0.6957 -2.0569  0.3752  0.7195  0.0581  0.2808  0.4592 -0.0003  0.9963 1 
 33.6919  0.6820  1.0752  0.1966  0.3710  0.0734  0.3323  0.2243  0.5633  0.9990 1 
 48.1331  0.5998  2.8040  0.0000  0.0874  0.0399  0.2586  0.1431  0.0308  0.1067 0 
 43.8056 -0.6124 -0.3473  0.0014  0.6363  0.0106  0.3976  0.0159 -0.0003  0.0942 0 
 45.1881  0.5267 -0.5050  0.0698  0.1097  0.0858  0.3944  0.0294 -0.0003  0.1835 0 
 37.1862 -0.5294  2.6531  0.0349  0.4325  0.0085  0.1386  0.0667 -0.0003  0.1256 0 
 48.3406 -0.1325  0.0841  0.0077  0.6257  0.0555  0.0861  0.0269 -0.0003  0.3944 0 
 47.8065  0.1705 -3.0833  0.0780  0.1539  0.0541  0.3455  0.1249 -0.0003  0.3479 0 
 50.0252 -0.4167 -0.1467  0.0652  0.1493  0.2683  0.2561  0.0787 -0.0003  0.3623 0 
 48.1147  0.4051  3.0300  0.0270  0.5429  0.1528  0.4311  0.0425 -0.0003  0.2757 0 
 47.6295 -0.1258  2.6964  0.0308  0.6040  0.0349  0.4323  0.1003 -0.0003  0.3589 0 
 40.1404  0.1155 -0.4661  0.0041  0.2618  0.0658  0.3618  0.0117 -0.0003  0.1332 0 
 53.3730 -0.5810 -1.7305  0.0048  0.2493  0.0672  0.4619  0.0115  0.3935  0.5387 0 
 44.3427  0.5877  1.4118  0.0118  0.2036  0.0229  0.0881  0.0065 -0.0003  0.1123 0 
 49.6468  0.1224  0.0512  0.0265  0.2596  0.0308  0.2566  0.0027 -0.0003  0.1243 0 
 41.5259 -0.1391 -3.0468  0.1463  0.4056  0.0605  0.4930  0.0963 -0.0003  0.7247 0 
 44.5075  0.3356  2.7506  0.0180  0.0377  0.2584  0.1320  0.0253 -0.0003  0.0518 0 
 43.7415 -0.3528 -0.3788  0.0058  0.1918  0.0454  0.4420  0.0877 -0.0003  0.1161 0 
 43.8758 -0.0219  0.1334  0.0185  0.1826  0.0447  0.3091  0.0190 -0.0003  0.0958 0 
 31.8029  0.1417 -3.0675  0.1671  0.6239  0.0344  0.2896  0.1124 -0.0003  0.7825 0 
 49.0364 -0.3689 -1.4464  0.3614  0.6282  0.0536  0.3003  0.5333 -0.0003  0.9970 1 
 48.9967  0.3113  1.6467  0.0066  0.3773  0.0217  0.3433  0.1721  0.1311  0.4596 1 
 47.1565 -0.6780  2.5974  0.0089  0.1700  0.0347  0.1300  0.0049 -0.0003  0.0948 0 
 34.5037  0.6723 -0.5495  0.0193  0.2067  0.0089  0.1415  0.0108 -0.0003  0.0640 0 
 47.3426  0.4951 -0.3976  0.0602  0.7859  0.0466  0.3463  0.0340 -0.0003  0.5167 0 
 44.8768 -0.4849  2.7158  0.0035  0.4986  0.0453  0.3073  0.0808 -0.0003  0.1817 0 
 47.5257  0.1604  0.2711  0.0398  0.7258  0.0464  0.4758  0.0037 -0.0003  0.3186 0 
 47.1626 -0.1576 -2.8660  0.1071  0.1989  0.0306  0.3467  0.1535  0.1286  0.7304 0 
 41.1444 -0.1263  2.3205  0.1071  0.4925  0.1429  0.7188  0.2264 -0.0003  0.9106 1 
 39.0173  0.0367 -0.8604  0.6496  0.9065  0.0364  0.4102  0.3237  0.2335  0.9974 1 
 45.5543  0.1414 -1.1052  0.0379  0.5821  0.1117  0.6122  0.0554 -0.0003  0.3207 0 
 41.0956 -0.1188  2.0265  0.0308  0.3333  0.0138  0.2697  0.0346 -0.0003  0.0889 0 
 42.4506  0.0178 -0.5140  0.0555  0.2680  0.0368  0.2228  0.0800 -0.0003  0.2389 0 
 42.2126 -0.0066  2.6484  0.0014  0.1330  0.0361  0.4462  0.1459 -0.0003  0.1094 0 
 45.4292  0.6667  1.8127  0.0082  0.2187  0.0692  0.4376  0.0175 -0.0003  0.1293 0 
 43.1067 -0.6604 -1.3474  0.0093  0.2605  0.0392  0.2662  0.1229 -0.0003  0.1446 0 
 46.0426  0.3235  0.6518  0.0648  0.5874  0.0208  0.2617  0.0252 -0.0003  0.2611 0 
 39.6857 -0.3172 -2.4852  0.1030  0.3560  0.0536  0.2722  0.0483 -0.0003  0.5294 0 
 47.0161 -0.5033  1.8502  0.1092  0.0215  0.0407  0.2168  0.0762 -0.0003  0.0876 0 
 42.2370  0.4907 -1.2488  0.0305  0.3416  0.0506  0.4015  0.0771 -0.0003  0.2650 0 
 49.7688  0.3266 -1.9412  0.0053  0.3746  0.0685  0.2564  0.0134 -0.0003  0.2064 0 
 44.0558 -0.3075  1.2541  0.0933  0.2356  0.0778  0.2647  0.0821 -0.0003  0.4864 0 
 47.7485  0.6533  2.4069  0.0006  0.4830  0.1847  0.5184  0.0146 -0.0003  0.2165 0 
 46.0548 -0.6504 -0.7551  0.0201  0.7060  0.0396  0.4360  0.1380  0.1596  0.6258 0 
 55.4177  0.5080  0.8899  0.0119  0.5741  0.1071  0.3744  0.0062 -0.0003  0.2054 0 
 47.0619 -0.5369 -2.1982  0.0027  0.3861  0.2727  0.5203  0.0413 -0.0003  0.2471 0 
 44.3671 -0.1190 -1.9853  0.3611  0.5299  0.0667  0.4844  0.4749  0.0089  0.9971 1 
 19.3942  0.1686  1.1083  0.1996  0.1130  0.0173  0.2253  0.2598  0.3030  0.9954 1 
 42.9114 -0.7152 -0.8574  0.1366  0.5395  0.0703  0.5775  0.1066 -0.0003  0.7818 0 
 33.3288  0.7047  2.2509  0.0645  0.6202  0.0107  0.1429  0.1057 -0.0003  0.2514 0 
 43.9429 -0.5222  1.7967  0.0442  0.6053  0.0458  0.3532  0.0323 -0.0003  0.3697 1 
 42.1332  0.4903 -1.2967  0.0681  0.1849  0.0433  0.2678  0.0287 -0.0003  0.1943 1 
 46.0395 -0.3934 -2.0016  0.2410  0.5590  0.0667  0.3925  0.1809 -0.0003  0.9521 1 
 32.3980  0.3487  1.1581  0.0826  0.1302  0.0118  0.3841  0.1524  0.1156  0.5306 1 
 52.5612 -0.6915  0.4993  0.0210  0.5308  0.0258  0.2950  0.0618 -0.0003  0.1513 0 
 44.9348  0.6701 -2.6533  0.0059  0.1061  0.0613  0.4389  0.0178 -0.0003  0.0812 0 
 46.6285 -0.4475  2.3252  0.0272  0.1939  0.0501  0.2608  0.0507 -0.0003  0.1245 0 
 45.4383  0.4639 -0.8074  0.0625  0.2001  0.1563  0.2188  0.0121 -0.0003  0.2502 0 
 49.7505 -0.2721 -1.3393  0.0543  0.1403  0.0547  0.1282  0.0009 -0.0003  0.1749 0 
 39.7040  0.2877  1.8025  0.0021  0.1156  0.0142  0.1361  0.0969 -0.0003  0.0512 0 
 41.3001  0.4465  3.1149  0.3171  0.6934  0.1176  0.7181  0.4073 -0.0003  0.9974 1 
 36.3836 -0.4552 -0.0050  0.0820  0.5935  0.0545  0.4182  0.0622  0.4391  0.9918 1 
 42.4933  0.2657 -1.8480  0.4398  0.3377  0.0887  0.4900  0.5228 -0.0003  0.9980 1 
 42.2858 -0.2628  1.3455  0.3142  0.5979  0.0608  0.2676  0.1883 -0.0003  0.9618 1 
 45.6825 -0.6502 -1.3810  0.0374  0.4549  0.1004  0.5244  0.1586 -0.0003  0.4479 0 
 41.4221  0.6485  1.8124  0.0938  0.5799  0.0920  0.2691  0.1097  0.2222  0.8309 0 
 46.8055  0.5493  0.6517  0.0439  0.1043  0.0327  0.3040  0.0129 -0.0003  0.0777 0 
 44.9195 -0.5945 -2.4965  0.0043  0.1752  0.2624  0.3950  0.0806 -0.0003  0.1776 0 
 45.5543 -0.0626 -2.6211  0.0121  0.2759  0.0615  0.3498  0.0181 -0.0003  0.1526 0 
 41.1170  0.0520  0.5231  0.0108  0.3155  0.0917  0.6740  0.0291 -0.0003  0.2317 0 
 51.3588 -0.7986 -2.8056  0.0047  0.2288  0.0400  0.1696  0.0414 -0.0003  0.0954 0 
 43.0915  0.7909  0.3343  0.0001  0.4033  0.0473  0.2662  0.0472 -0.0003  0.1434 0 
 44.4770  0.2218  1.5930  0.1097  0.5857  0.0196  0.2640  0.0502 -0.0003  0.4230 0 
 43.8483 -0.2478 -1.5222  0.0271  0.0969  0.0335  0.2650  0.0320 -0.0003  0.0587 0 
 40.3113  0.6629  0.5691  0.0144  0.3937  0.0286  0.2710  0.0187 -0.0003  0.1252 0 
 25.7847  0.0602 -2.6019  0.0206  0.5159  0.0174  0.2569  0.0025 -0.0003  0.1388 0 
 47.2297 -0.6694 -1.5626  0.5844  0.4352  0.0314  0.3899  0.3210 -0.0003  0.9933 1 
 34.0948  0.6718  1.6531  0.1839  0.2216  0.0422  0.4259  0.1011  0.3013  0.9732 1 
 48.6458 -0.7214 -2.7965  0.0178  0.3402  0.0292  0.3439  0.0414 -0.0003  0.1162 0 
 47.1321  0.7117  0.3906  0.0132  0.1825  0.0377  0.4334  0.0987 -0.0003  0.1244 0 
 52.8145 -0.7658 -2.2886  0.0014  0.3698  0.0751  0.2105  0.0152 -0.0003  0.2290 0 
 44.1474  0.7596  0.8336  0.0479  0.0779  0.0449  0.3086  0.1777 -0.0003  0.1813 0 
 59.9191 -0.6383 -1.5515  0.0497  0.1509  0.0158  0.0816  0.0261 -0.0003  0.0964 0 
 50.0282  0.6624  1.5862  0.0022  0.2422  0.0311  0.4268  0.0347 -0.0003  0.0824 0 
 44.6510 -0.6639 -2.6689  0.0098  0.1488  0.0323  0.3957  0.0689 -0.0003  0.0736 0 
 42.3224  0.6667  0.4846  0.0258  0.3658  0.0312  0.2675  0.0666 -0.0003  0.1487 0 
 48.8777  0.1730  2.1845  0.0056  0.2850  0.0778  0.3006  0.0264  0.2599  0.3928 0 
 44.2542 -0.1725 -0.9653  0.0166  0.1147  0.0070  0.2203  0.0817 -0.0003  0.0387 0 
 49.0517 -0.5862 -1.7725  0.0093  0.7315  0.0329  0.3432  0.0394 -0.0003  0.1751 0 
 45.5604  0.5752  1.3977  0.0200  0.5018  0.0560  0.4810  0.0156 -0.0003  0.2193 0 
 48.8228 -0.5015  0.5249  0.0164  0.2252  0.0977  0.7301  0.0195 -0.0003  0.2525 0 
 46.4515  0.4978 -2.6169  0.0574  0.3826  0.0478  0.2611  0.1162 -0.0003  0.4613 0 
 46.6835  0.6718  2.5497  0.0673  0.5197  0.0310  0.1738  0.0136 -0.0003  0.3349 1 
 46.1738 -0.6713 -0.5792  0.1364  0.6887  0.0701  0.3922  0.2607 -0.0003  0.9560 1 
 48.0629 -0.2355  1.6402  0.0081  0.1406  0.2631  0.1725  0.0505 -0.0003  0.1458 0 
 46.6072  0.2025 -1.4421  0.0510  0.5306  0.0223  0.3043  0.0532 -0.0003  0.2264 0 
 45.1972  0.2971  2.1261  0.0197  0.0881  0.0408  0.1315  0.0041 -0.0003  0.0842 0 
 34.6899 -0.2886 -0.9953  0.0457  0.2244  0.0209  0.1884  0.0029 -0.0003  0.1197 0 
 42.3804 -0.3673  2.3562  0.0251  0.2472  0.0721  0.4903  0.0395 -0.0003  0.2068 0 
 41.5076  0.3854 -0.7738  0.0269  0.3138  0.0233  0.2689  0.0168 -0.0003  0.1092 0 
 50.4311  0.2943 -2.8380  0.0692  0.3742  0.0924  0.4685  0.1674 -0.0003  0.6181 1 
 37.7417 -0.2334  0.3201  0.2128  0.2264  0.0340  0.3220  0.3343  0.0801  0.9378 1 
 48.6061  0.3568  2.4133  0.0036  0.1739  0.0433  0.3010  0.0629 -0.0003  0.0683 0 
 43.4394 -0.3334 -0.7371  0.1487  0.4691  0.0215  0.2214  0.1306 -0.0003  0.5589 0 
 46.9825  0.4848 -2.7736  0.0172  0.2647  0.0321  0.1735  0.0042 -0.0003  0.1339 0 
 45.2796 -0.5041  0.3135  0.0058  0.5802  0.0582  0.3942  0.0417  0.0904  0.2979 0 
 49.1218  0.5606 -2.3818  0.0487  0.3353  0.3614  0.2573  0.0087 -0.0003  0.2538 0 
 48.2643 -0.5779  0.8530  0.0010  0.2162  0.0624  0.4738  0.0331 -0.0003  0.1167 0 
 49.6376  0.4512 -2.4090  0.0039  0.2209  0.0880  0.3849  0.1144  0.3567  0.5276 1 
 47.4464 -0.4519  0.7874  0.0825  0.2748  0.0931  0.1731  0.0435 -0.0003  0.4924 1 
 47.5471 -0.6182  2.4764  0.0345  0.3156  0.0448  0.5622  0.0403 -0.0003  0.2923 0 
 43.4424  0.6026 -0.6622  0.0002  0.3732  0.0291  0.2214  0.0262 -0.0003  0.0997 0 
 46.1219  0.4284 -1.6959  0.1780  0.3263  0.0511  0.5230  0.1635 -0.0003  0.8668 1 
 43.4730 -0.4694  1.4367  0.0530  0.5465  0.0480  0.2656  0.0589 -0.0003  0.4435 1 
 42.9114  0.7827  1.8435  0.0013  0.5242  0.0239  0.3110  0.0945 -0.0003  0.1152 0 
 41.5534 -0.7771 -1.2772  0.0203  0.4714  0.0675  0.5377  0.0484 -0.0003  0.2454 0 
 51.9570  0.5221  1.5053  0.1258  0.3968  0.0630  0.1691  0.1365  0.1720  0.8474 0 
 44.6448 -0.5515 -1.6579  0.0965  0.4686  0.1051  0.1319  0.0197 -0.0003  0.6132 0 
 49.5430 -0.6871  0.7378  0.0545  0.2478  0.0255  0.3851  0.1232 -0.0003  0.2749 0 
 48.3162  0.6534 -2.3214  0.0207  0.3181  0.0461  0.2584  0.0096 -0.0003  0.1848 0 
 47.5074  0.7128  0.0912  0.0179  0.1492  0.0231  0.2595  0.0357 -0.0003  0.0485 0 
 47.2328 -0.7065 -3.0395  0.0045  0.4426  0.0341  0.3466  0.1321 -0.0003  0.1856 0 
 48.8960  0.5577 -2.5853  0.0040  0.4360  0.0347  0.3864  0.0269  0.1141  0.2887 0 
 45.3437 -0.5508  0.5530  0.0073  0.5211  0.0179  0.3065  0.0639 -0.0003  0.0987 0 
 50.5135 -0.7190 -1.0982  0.0781  0.3305  0.1655  0.4683  0.1605 -0.0003  0.6396 1 
 47.7394  0.7388  2.0433  0.3023  0.4494  0.0375  0.4320  0.2835 -0.0003  0.9714 1 
 49.4606 -0.1685  1.2759  0.0195  0.1267  0.0727  0.3853  0.0698 -0.0003  0.1109 0 
 39.0021  0.1596 -1.8332  0.0299  0.2354  0.0115  0.0912  0.0099 -0.0003  0.1156 0 
 45.0904 -0.8003  1.5971  0.0248  0.6347  0.0308  0.3069  0.0089 -0.0003  0.2306 0 
 34.6349  0.7744 -1.5362  0.0763  0.1718  0.0168  0.4240  0.1537  0.0313  0.4015 0 
 46.6346  0.4482  2.2815  0.1496  0.1285  0.0646  0.3477  0.0871 -0.0003  0.4684 0 
 44.9348 -0.4485 -0.8985  0.0036  0.1373  0.0452  0.3511  0.0108 -0.0003  0.0719 0 
 49.3568  0.1219  3.0000  0.0341  0.2368  0.0465  0.4283  0.0417 -0.0003  0.1958 0 
 39.8932 -0.1146 -0.1407  0.0018  0.7706  0.0195  0.2718  0.1506 -0.0003  0.1833 0 
 47.6478 -0.1999 -2.7594  0.0168  0.5357  0.1242  0.4322  0.0834 -0.0003  0.2769 0 
 44.9958  0.2153  0.3657  0.0032  0.8007  0.1656  0.5265  0.0073  0.4720  0.5717 0 
 49.0974 -0.1622 -1.3581  0.2732  0.5525  0.1151  0.3431  0.2465 -0.0003  0.9888 1 
 43.7812  0.1685  1.6980  0.1773  0.2266  0.1761  0.5303  0.4472 -0.0003  0.9921 1 
 46.7689  0.6290 -2.3215  0.4716  0.6102  0.0250  0.3909  0.5118 -0.0003  0.9973 1 
 40.5493 -0.6148  0.8010  0.1559  0.6144  0.0357  0.3157  0.1412  0.0447  0.8282 1 
 45.9358 -0.3622  2.5960  0.1573  0.3288  0.0221  0.3054  0.0933 -0.0003  0.5127 0 
 37.4914  0.4138 -0.5553  0.1131  0.2961  0.1181  0.7834  0.1009 -0.0003  0.7779 0 
 46.2501 -0.6688  0.0744  0.0126  0.3683  0.0577  0.4791  0.0635 -0.0003  0.2046 1 
 34.8455  0.7004 -3.0477  0.1107  0.2388  0.1144  0.5643  0.1662 -0.0003  0.7804 1 
 42.1698 -0.4758 -0.5550  0.0681  0.3144  0.1601  0.5802  0.0537 -0.0003  0.4109 1 
 41.8494  0.4480  2.6261  0.2269  0.4051  0.0496  0.2683  0.0504 -0.0003  0.7524 1 
 48.3467  0.7018 -1.8623  0.0215  0.1178  0.0363  0.2584  0.0519 -0.0003  0.0622 0 
 46.2165 -0.7312  1.2983  0.0086  0.4846  0.0356  0.3921  0.0397 -0.0003  0.1548 0 
 46.0945  0.1982 -1.7416  0.0383  0.3684  0.0185  0.3488  0.0468 -0.0003  0.1408 0 
 44.6082 -0.2008  1.4020  0.1442  0.3752  0.0190  0.1759  0.0685 -0.0003  0.3800 0 
 56.3973  0.1370 -0.5332  0.0993  0.2473  0.0879  0.3727  0.1083 -0.0003  0.5516 1 
 40.0397 -0.1400  2.6354  0.0597  0.6119  0.0316  0.2263  0.0477 -0.0003  0.3291 1 
 37.8180 -0.4526  1.1053  0.0036  0.1517  0.0240  0.2758  0.0444 -0.0003  0.0420 0 
 32.2789  0.4306 -2.0588  0.0717  0.4151  0.0259  0.2403  0.0252 -0.0003  0.2639 0 
 48.9998 -0.7124 -2.4813  0.2115  0.0954  0.0453  0.2146  0.2653 -0.0003  0.7941 0 
 41.4801  0.7143  0.6477  0.2329  0.3153  0.0248  0.3138  0.3314  0.0335  0.9345 0 
 44.9287 -0.3255 -0.0033  0.1404  0.6113  0.0325  0.2633  0.0717 -0.0003  0.6775 0 
 43.5218  0.3305  3.1026  0.0272  0.2534  0.0539  0.3541  0.1378 -0.0003  0.2758 0 
 48.3040 -0.2494 -0.0429  0.1486  0.6238  0.0181  0.5168  0.0728 -0.0003  0.7380 1 
 27.4846  0.2737 -3.1304  0.2321  0.6045  0.0392  0.5040  0.2662 -0.0003  0.9646 1 
 48.8502 -0.4393 -2.9407  0.0294  0.3623  0.0373  0.3006  0.0076 -0.0003  0.2003 0 
 44.7791  0.4372  0.1879  0.0814  0.2424  0.0175  0.3075  0.0814 -0.0003  0.2090 0 
 48.5542  0.5632 -2.7613  0.0226  0.1183  0.0666  0.3871  0.0223 -0.0003  0.0984 0 
 41.2665 -0.5523  0.4064  0.0003  0.3088  0.0538  0.3143  0.0351 -0.0003  0.1212 0 
 49.4545 -0.3520  0.0664  0.0053  0.0942  0.0554  0.3853  0.0440  0.0569  0.0942 0 
 44.6571  0.3589 -3.0720  0.0171  0.5332  0.0224  0.3956  0.1896 -0.0003  0.3060 0 
 48.5725  0.3548  1.1882  0.0207  0.7834  0.0292  0.3010  0.0897  0.1327  0.4886 0 
 46.4210 -0.3694 -1.9667  0.0259  0.4339  0.0252  0.3916  0.0092 -0.0003  0.1835 0 
 51.5816 -0.7154 -2.4385  0.0098  0.1588  0.0698  0.2965  0.0706 -0.0003  0.1036 0 
 40.0031  0.7056  0.7088  0.0219  0.3193  0.0124  0.3621  0.1435 -0.0003  0.1381 0 
 47.5349  0.0485  1.2631  0.8132  0.5497  0.0245  0.3460  0.5571 -0.0003  0.9980 1 
 32.7398 -0.0385 -1.8667  0.5017  0.4388  0.0255  0.2394  0.2636  0.1829  0.9945 1 
 45.2216 -0.1191  2.5950  0.0180  0.6189  0.0659  0.3943  0.0668 -0.0003  0.2721 0 
 38.4344  0.1268 -0.5393  0.0369  0.2396  0.0130  0.3203  0.0178 -0.0003  0.0789 0 
 48.2460 -0.7036  2.7681  0.0063  0.3028  0.0157  0.1292  0.0062 -0.0003  0.1076 0 
 36.7559  0.7454 -0.3373  0.1077  0.2496  0.0839  0.3243  0.1457 -0.0003  0.6677 0 
 47.3610 -0.6699  2.9064  0.0065  0.5981  0.0408  0.3030  0.0073 -0.0003  0.2079 0 
 42.0569  0.6840 -0.2095  0.0039  0.1746  0.0111  0.2680  0.0080 -0.0003  0.0385 0 
 46.9093 -0.5812 -0.6845  0.0401  0.3759  0.0722  0.5208  0.2381 -0.0003  0.5704 1 
 40.5920  0.5673  2.4514  0.1918  0.2976  0.0553  0.4058  0.3104  0.4313  0.9984 1 
 43.9612  0.0679 -2.7087  0.0126  0.5722  0.0385  0.6180  0.1162  0.1715  0.5675 0 
 39.4659 -0.0993  0.4301  0.0227  0.7698  0.0283  0.5453  0.0438 -0.0003  0.2861 0 
 47.1412  0.7309 -0.2481  0.0000  0.4803  0.0081  0.0867  0.0993 -0.0003  0.1190 0 
 43.0182 -0.7364  2.9232  0.0525  0.5326  0.0660  0.3995  0.1725 -0.0003  0.6340 0 
 50.6142 -0.7830  0.8506  0.0020  0.2759  0.0579  0.2553  0.0281 -0.0003  0.1298 0 
 49.4575  0.7807 -2.3537  0.0025  0.7056  0.0339  0.2997  0.0158 -0.0003  0.1759 0 
 50.7301 -0.2888 -0.9762  0.0665  0.1846  0.0600  0.6805  0.1821 -0.0003  0.6202 0 
 40.9552  0.2762  2.1779  0.0081  0.5845  0.0210  0.2249  0.1309 -0.0003  0.1577 0 
 48.9967 -0.0462 -1.4991  0.1070  0.2577  0.0528  0.3862  0.0685 -0.0003  0.4798 0 
 46.2318  0.0694  1.6631  0.0346  0.2188  0.0104  0.1307  0.0247 -0.0003  0.0843 0 
 44.9134  0.5141 -0.0773  0.0088  0.7068  0.1987  0.4828  0.0269 -0.0003  0.2701 0 
 42.3835 -0.5449  3.0528  0.0009  0.4319  0.0236  0.3566  0.0281 -0.0003  0.0892 0 
 50.6172  0.1552 -1.7989  0.0093  0.1768  0.3364  0.3830  0.0023 -0.0003  0.1678 0 
 45.4932 -0.1561  1.2415  0.2416  0.3321  0.0967  0.4812  0.1179 -0.0003  0.8487 0 
 47.0680 -0.6394  0.5575  0.0048  0.3732  0.0471  0.1301  0.0173 -0.0003  0.2463 0 
 37.8882  0.6288 -2.5766  0.0259  0.2919  0.0150  0.1378  0.0047 -0.0003  0.1204 0 
 51.7525 -0.2875 -1.6897  0.0246  0.4034  0.0403  0.2539  0.1666 -0.0003  0.3527 0 
 45.6703  0.2734  1.4536  0.0433  0.4190  0.0613  0.4807  0.1330 -0.0003  0.4573 0 
 50.5592  0.4954  0.3465  0.0248  0.2116  0.1747  0.4257  0.0115 -0.0003  0.1820 0 
 46.3722 -0.4675 -2.8157  0.0134  0.3049  0.0827  0.3047  0.0314 -0.0003  0.1820 0 
 46.0334  0.1716  2.4455  0.0049  0.0876  0.0565  0.3489  0.1118 -0.0003  0.0864 0 
 44.1810 -0.1698 -0.6956  0.0194  0.1920  0.0211  0.2645  0.0462 -0.0003  0.0549 0 
 54.9599  0.1431  0.1187  0.0485  0.1388  0.0204  0.2501  0.0278 -0.0003  0.0649 0 
 53.7392 -0.1712 -3.0090  0.0289  0.3846  0.1002  0.2515  0.0679 -0.0003  0.3285 0 
 47.9194  0.1035 -0.3076  0.0309  0.3091  0.0457  0.2158  0.0414 -0.0003  0.2027 0 
 39.1730 -0.0969  2.8418  0.0155  0.0661  0.0900  0.3642  0.0108 -0.0003  0.0650 0 
 55.8328 -0.1698  1.0646  0.0367  0.4599  0.1355  0.4567  0.0285 -0.0003  0.2727 0 
 50.9682  0.1402 -2.0698  0.1028  0.3441  0.0624  0.4248  0.0473 -0.0003  0.5042 0 
 47.1321  0.5409 -1.6284  0.1581  0.3086  0.0356  0.3901  0.2224 -0.0003  0.8403 1 
 43.0091 -0.5209  1.5003  0.1167  0.4014  0.0264  0.3996  0.1729 -0.0003  0.7134 1 
 46.2745  0.2511  2.3853  0.0397  0.1645  0.0537  0.4355  0.0206 -0.0003  0.1677 0 
 45.5940 -0.2483 -0.7595  0.0244  0.3814  0.0134  0.3060  0.0577  0.1052  0.2585 0 
 45.4994 -0.7941 -0.0496  0.0942  0.4657  0.0644  0.3062  0.0735 -0.0003  0.6226 0 
 37.0703  0.8000  3.1075  0.0201  0.2561  0.0356  0.4160  0.0368 -0.0003  0.1338 0 
 49.2439 -0.3752  3.0397  0.0000  0.0571  0.0296  0.0857  0.0032 -0.0003  0.0763 0 
 39.5514  0.3835 -0.1323  0.0166  0.1754  0.1141  0.2271  0.0182 -0.0003  0.1276 0 
 48.4535 -0.6049  1.0889  0.0307  0.1650  0.0836  0.3013  0.0109 -0.0003  0.1368 0 
 45.7313  0.6047 -2.0499  0.0779  0.1815  0.0117  0.3058  0.0632 -0.0003  0.1252 0 
 43.6591 -0.4855 -2.9616  0.1451  0.5090  0.0218  0.1769  0.1850 -0.0003  0.6170 0 
 42.5452  0.5013  0.1681  0.0228  0.5108  0.0290  0.5343  0.0329 -0.0003  0.2489 0 
 49.9916  0.6303  1.6127  0.0031  0.1318  0.0314  0.2988  0.1162 -0.0003  0.0649 0 
 38.9960 -0.6410 -1.5274  0.0570  0.0700  0.2148  0.3647  0.1118 -0.0003  0.1642 0 
 44.7242 -0.7574 -1.9311  0.0654  0.2941  0.0948  0.3515  0.0250 -0.0003  0.3383 0 
 34.1070  0.7584  1.2183  0.0716  0.2877  0.0216  0.2366  0.1231 -0.0003  0.2605 0 
 43.4485 -0.7173  1.9151  0.1402  0.7418  0.0388  0.3542  0.1021 -0.0003  0.8221 1 
 40.3937  0.7214 -1.2224  0.1427  0.3500  0.0273  0.4064  0.2165  0.1369  0.8857 1 
 49.2012 -0.7491 -2.2491  0.0004  0.3964  0.0976  0.6430  0.0086 -0.0003  0.1864 0 
 48.5664  0.7353  0.8993  0.0404  0.5151  0.0939  0.6451  0.0569 -0.0003  0.3459 0 
 50.8736  0.5178 -2.3768  0.0721  0.4545  0.0484  0.3400  0.0986 -0.0003  0.5556 0 
 45.2308 -0.5076  0.7451  0.0249  0.6062  0.0501  0.3067  0.0215 -0.0003  0.2859 0 
 45.2979 -0.3996  2.3543  0.0217  0.1468  0.1384  0.3066  0.0910  0.5228  0.5671 0 
 42.5330  0.3998 -0.7600  0.0018  0.1586  0.0192  0.1336  0.0279 -0.0003  0.0523 0 
 43.6164 -0.5277  0.4720  0.0165  0.1140  0.0314  0.3539  0.0037 -0.0003  0.0670 0 
 34.7295  0.5339 -2.6836  0.1625  0.3068  0.0132  0.3295  0.1277  0.0407  0.6135 0 
 44.3397 -0.2591 -1.5503  0.7212  0.4788  0.0245  0.3523  0.6036 -0.0003  0.9980 1 
 16.0800  0.1731  1.5643  0.0721  0.2440  0.0252  0.3607  0.2811  0.2905  0.9376 1 
 46.0548 -0.6039  2.1765  0.0000  0.3145  0.1596  0.5233  0.0903 -0.0003  0.2163 0 
 43.9704  0.6039 -0.9527  0.0120  0.2111  0.0553  0.2648  0.0165 -0.0003  0.1161 0 
 42.7649 -0.6141 -2.5543  0.1679  0.3808  0.0666  0.1778  0.2388 -0.0003  0.8997 1 
 34.4823  0.6169  0.5801  0.4107  0.5997  0.0707  0.4717  0.4338  0.4070  0.9998 1 
 45.4444 -0.4948 -1.0812  0.1060  0.2043  0.0516  0.4376  0.0659 -0.0003  0.4430 0 
 42.1149  0.5023  2.0542  0.0172  0.4448  0.0146  0.0893  0.0560 -0.0003  0.1315 0 
 47.8065  0.0421  2.9802  0.0317  0.4966  0.0258  0.3455  0.0218 -0.0003  0.1952 0 
 46.0700 -0.0517 -0.1545  0.0788  0.1740  0.0535  0.4796  0.0811 -0.0003  0.3777 0 
 46.1677 -0.6213  1.0779  0.0809  0.1615  0.0252  0.1743  0.1634  0.1747  0.6417 0 
 41.5442  0.6272 -2.0756  0.0137  0.1075  0.0148  0.2240  0.1065 -0.0003  0.0495 0 
 53.4005  0.6289 -2.6702  0.0149  0.3134  0.0500  0.2519  0.0292  0.0989  0.3169 0 
 48.4779 -0.5946  0.4790  0.0234  0.4945  0.1061  0.2152  0.0068 -0.0003  0.2490 0 
 43.3814 -0.7321 -1.9786  0.0016  0.1557  0.0152  0.3101  0.0237 -0.0003  0.0368 0 
 40.1801  0.7294  1.1576  0.0843  0.2557  0.1268  0.3617  0.0621 -0.0003  0.4136 0 
 49.7169  0.5406 -0.2312  0.0050  0.3832  0.1592  0.4703  0.0762 -0.0003  0.2275 0 
 40.2502 -0.5497  2.9164  0.0177  0.3292  0.0358  0.4068  0.0974  0.1728  0.4666 0 
 44.7120  0.4659  1.1878  0.0020  0.3601  0.0208  0.1758  0.0204 -0.0003  0.0977 0 
 43.1373 -0.4628 -1.9500  0.0186  0.2291  0.0456  0.3993  0.0379 -0.0003  0.1328 0 
 47.9011 -0.0242  0.8578  0.1166  0.6678  0.0504  0.2590  0.0826 -0.0003  0.7845 0 
 45.2461  0.0741 -2.2690  0.0042  0.2022  0.0487  0.3067  0.0966 -0.0003  0.0998 0 
 43.7995 -0.3396  2.9964  0.0128  0.2853  0.0225  0.1326  0.0176 -0.0003  0.1155 0 
 40.8606  0.3194 -0.1526  0.0290  0.2219  0.1231  0.4951  0.0463  0.1659  0.3588 0 
 50.5837  0.7051 -0.4709  0.0110  0.4381  0.0467  0.4682  0.2297 -0.0003  0.4330 1 
 45.7130 -0.7076  2.6853  0.7544  0.5226  0.0667  0.3495  0.6380 -0.0003  0.9981 1 
 51.0842 -0.6095  1.6610  0.3263  0.3479  0.1465  0.4670  0.2753 -0.0003  0.9931 1 
 45.0996  0.5892 -1.5090  0.4155  0.6237  0.0307  0.3946  0.3724 -0.0003  0.9934 1 
 46.6377  0.5847 -1.5209  0.0353  0.1745  0.1374  0.3042  0.0649 -0.0003  0.1833 0 
 37.8058 -0.6117  1.5471  0.0907  0.4143  0.0577  0.4597  0.1461 -0.0003  0.6892 0 
 61.7624  0.4275  2.4367  0.0014  0.5486  0.2101  0.4050  0.1014 -0.0003  0.2973 0 
 46.9612 -0.4310 -0.7226  0.0722  0.5460  0.0342  0.3905  0.0649 -0.0003  0.5020 0 
 46.8635 -0.8014 -0.1911  0.0374  0.6307  0.0319  0.4341  0.0517 -0.0003  0.3256 0 
 32.1172  0.7978  2.9762  0.0522  0.3328  0.0272  0.1444  0.0278 -0.0003  0.1978 0 
 45.7130  0.4191 -2.2368  0.0888  0.1878  0.0132  0.2621  0.0598 -0.0003  0.1366 0 
 44.9256 -0.4056  0.9053  0.0314  0.3616  0.0431  0.5706  0.0560 -0.0003  0.3085 0 
 52.0821  0.5332  0.6616  0.0501  0.2707  0.0276  0.2113  0.0119 -0.0003  0.1656 0 
 46.7811 -0.5317 -2.5241  0.0117  0.1807  0.0489  0.3040  0.0142 -0.0003  0.0928 0 
 45.5146 -0.7401  1.7103  0.0580  0.3886  0.0134  0.3499  0.0960  0.0427  0.3222 0 
 43.9490  0.7391 -1.4475  0.0005  0.4055  0.1867  0.6180  0.0176  0.2394  0.3745 0 
 51.1421  0.7388  2.5238  0.0488  0.5534  0.1764  0.4244  0.0646 -0.0003  0.3394 0 
 48.5512 -0.7021 -0.5741  0.0004  0.5074  0.1515  0.3871  0.0224 -0.0003  0.2098 0 
 40.5005 -0.2405  1.0340  0.0656  0.1216  0.1410  0.4061  0.0468 -0.0003  0.2145 0 
 40.2472  0.2616 -2.1023  0.0318  0.5165  0.0326  0.4520  0.1234  0.1088  0.5646 0 
 46.9154 -0.0941  2.3919  0.1921  0.3536  0.0670  0.3038  0.0820 -0.0003  0.7394 1 
 45.9846  0.1011 -0.7425  0.1375  0.5889  0.0853  0.2618  0.2114 -0.0003  0.9344 1 
 48.0415 -0.4592  0.8847  0.0104  0.3239  0.1571  0.6469  0.0269 -0.0003  0.2418 0 
 44.1718  0.4462 -2.3080  0.0724  0.2057  0.0253  0.1763  0.0041 -0.0003  0.1792 0 
 52.2347 -0.7618  0.3855  0.1501  0.2327  0.0316  0.3799  0.0659 -0.0003  0.5034 0 
 48.7282  0.7504 -2.7407  0.0040  0.8201  0.0487  0.4727  0.1400  0.1492  0.5467 0 
 38.2696  0.6583  1.1377  0.0017  0.2729  0.0941  0.4582  0.1164  0.1449  0.3379 0 
 36.1364 -0.6549 -2.0625  0.0044  0.3785  0.0200  0.1397  0.0021  0.2298  0.6756 0 
 50.6203 -0.5991  2.2799  0.1512  0.2018  0.0817  0.4681  0.0872  0.0269  0.6723 0 
 48.8136  0.5967 -0.8606  0.0568  0.3653  0.0773  0.3866  0.1122 -0.0003  0.4775 0 
 47.5959  0.5110 -2.2913  0.1077  0.5622  0.0943  0.3458  0.0921 -0.0003  0.6787 1 
 33.6034 -0.5252  0.8714  0.1566  0.5307  0.0452  0.0950  0.1799  0.4886  0.9978 1 
 40.9735  0.1841  1.5377  0.1081  0.1160  0.0416  0.3149  0.1403  0.2730  0.8327 1 
 40.0366 -0.1833 -1.6089  0.2821  0.2697  0.0361  0.3168  0.4255 -0.0003  0.9852 1 
 36.8017  0.5830 -0.8413  0.3665  0.6785  0.0128  0.3242  0.3367 -0.0003  0.9876 0 
 29.5598 -0.5679  2.2642  0.0219  0.3350  0.0090  0.2959  0.0076 -0.0003  0.0761 0 
 46.3020 -0.5415  1.4191  0.2004  0.2152  0.0818  0.6096  0.0770 -0.0003  0.7526 0 
 45.7679  0.5618 -1.7409  0.0485  0.5498  0.0707  0.5241  0.1312  0.3138  0.8293 0 
 46.7414  0.5077 -0.7696  0.0228  0.1759  0.0433  0.3909  0.1098 -0.0003  0.1522 0 
 41.1322 -0.5370  2.4417  0.0366  0.0482  0.1809  0.1348  0.0828 -0.0003  0.0872 0 
 46.4179 -0.5768 -1.8736  0.0988  0.7142  0.0257  0.4787  0.1390  0.1597  0.7568 0 
 44.8371  0.5893  1.2839  0.3233  0.2315  0.0474  0.5269  0.4108 -0.0003  0.9937 0 
 44.5563 -0.1784 -2.6203  0.0237  0.2363  0.0441  0.4838  0.0146 -0.0003  0.1743 0 
 40.8850  0.1481  0.5140  0.0252  0.1648  0.0078  0.1350  0.0093 -0.0003  0.0556 0 
 50.4707 -0.4565  1.0653  0.0078  0.6095  0.1540  0.3407  0.0352 -0.0003  0.2574 0 
 45.7740  0.4826 -2.0566  0.0721  0.4334  0.0186  0.1310  0.0856 -0.0003  0.2229 0 
 46.9001  0.7255 -1.6593  0.0124  0.0374  0.0475  0.3472  0.0258 -0.0003  0.0653 0 
 30.6218 -0.7240  1.4978  0.0039  0.6155  0.0133  0.2440  0.2077 -0.0003  0.1820 0 
 43.0854 -0.4263 -1.7891  0.0594  0.1464  0.0125  0.2663  0.0324 -0.0003  0.0655 0 
 42.0294  0.3776  1.3377  0.0836  0.4514  0.0733  0.4021  0.0778  0.1903  0.7467 0 
 48.5603  0.1664  1.9720  0.0019  0.1705  0.0311  0.3871  0.0972  0.1259  0.2212 0 
 43.2776 -0.1654 -1.1582  0.0145  0.3273  0.0263  0.5319  0.0168  0.0356  0.2196 0 
 38.1628  0.1709 -1.5591  0.0079  0.4110  0.0216  0.3210  0.0146  0.0293  0.1330 1 
 34.2809 -0.2148  1.6427  0.0621  0.4916  0.0936  0.7560  0.0844 -0.0003  0.5325 1 
 48.4901  0.1367 -2.0476  0.0208  0.2476  0.1009  0.5593  0.0464 -0.0003  0.2242 0 
 42.7588 -0.1316  1.1029  0.0125  0.3142  0.0359  0.4002  0.0655  0.1010  0.2974 0 
 50.1961  0.1327 -2.3066  0.0944  0.2860  0.1023  0.3412  0.0225 -0.0003  0.4253 0 
 47.5105 -0.1365  0.8044  0.0394  0.2962  0.0444  0.3028  0.0950 -0.0003  0.2606 0 
 41.1414  0.0428 -0.8212  0.3522  0.5165  0.0268  0.3145  0.4008  0.2575  0.9981 1 
 41.1383 -0.0683  2.3565  0.7615  0.4474  0.0916  0.4493  0.5799  0.5335  0.9998 1 
 46.7292  0.5129 -0.1893  0.0040  0.1318  0.0249  0.3475  0.0115 -0.0003  0.0499 0 
 44.5350 -0.4927  2.9698  0.0155  0.3574  0.1497  0.4839  0.0245 -0.0003  0.2160 0 
 46.1707  0.6624  1.3067  0.0060  0.8085  0.0160  0.2615  0.0317 -0.0003  0.1284 0 
 39.4598 -0.6517 -1.8394  0.0345  0.2584  0.0331  0.4544  0.1473 -0.0003  0.2977 0 
 46.6804  0.5378 -2.1627  0.0377  0.2895  0.0431  0.2607  0.0391 -0.0003  0.1920 0 
 42.3682 -0.5271  0.9856  0.0295  0.7798  0.0600  0.5349  0.1013 -0.0003  0.4228 0 
 45.1789 -0.3639  1.1241  0.0343  0.3511  0.1076  0.4383  0.0190 -0.0003  0.2429 0 
 41.7151  0.3842 -2.0361  0.0043  0.1707  0.0172  0.2686  0.0527 -0.0003  0.0389 0 
 48.1605 -0.0977  2.0542  0.1042  0.3426  0.0116  0.2155  0.1219 -0.0003  0.2814 0 
 45.4170  0.0751 -1.1018  0.0250  0.1086  0.0307  0.2626  0.0259 -0.0003  0.0565 0 
 44.3519  0.7850  2.0325  0.0029  0.5567  0.0345  0.2642  0.0082 -0.0003  0.1786 0 
 38.3581 -0.7751 -1.1307  0.0109  0.1321  0.0543  0.2748  0.0626 -0.0003  0.0789 0 
 47.4983 -0.2773  2.1273  0.0063  0.1276  0.0472  0.5623  0.0537 -0.0003  0.1181 0 
 44.2664  0.2666 -1.0064  0.0104  0.4594  0.0476  0.3966  0.0372 -0.0003  0.1820 0 
 51.0414  0.6525 -2.6694  0.0117  0.4943  0.0703  0.6370  0.0392 -0.0003  0.2300 0 
 51.0384 -0.6613  0.4136  0.0271  0.2102  0.0417  0.2973  0.0649 -0.0003  0.1221 0 
 54.8074  0.7871 -1.1918  0.2835  0.7339  0.0801  0.4588  0.3427 -0.0003  0.9928 1 
 49.7078 -0.8088  1.9859  0.2296  0.3489  0.0254  0.6840  0.2863 -0.0003  0.9717 1 
 46.5095 -0.2451 -2.3164  0.0271  0.1853  0.1434  0.4784  0.0485 -0.0003  0.1932 0 
 31.3756  0.2127  0.7673  0.0031  0.7401  0.0254  0.0969  0.0091 -0.0003  0.1995 0 
 45.1667 -0.4477 -1.9974  0.0684  0.6844  0.1674  0.5259  0.0490 -0.0003  0.3912 0 
 43.4760  0.4683  1.1868  0.0273  0.4012  0.0336  0.2214  0.1010 -0.0003  0.2076 0 
 46.0761  0.3909  0.6421  0.3432  0.0222  0.0135  0.2616  0.3399 -0.0003  0.9393 0 
 40.4150 -0.3704 -2.5154  0.0285  0.7124  0.0153  0.2709  0.0092 -0.0003  0.1572 0 
 51.7678  0.3746  1.9984  0.0199  0.2331  0.1861  0.4231  0.0955 -0.0003  0.2493 0 
 47.2206 -0.4041 -1.1161  0.0229  0.2636  0.0346  0.4332  0.0058 -0.0003  0.1549 0 
 57.9599 -0.6178  2.2346  0.0250  0.2100  0.2448  0.3702  0.0372 -0.0003  0.2127 0 
 40.7874  0.6086 -0.9282  0.0044  0.4351  0.0595  0.3152  0.0054  0.1962  0.3792 0 
 47.3396 -0.5914 -1.9402  0.2068  0.4184  0.0479  0.4762  0.3696 -0.0003  0.9819 0 
 42.6673  0.5967  1.1849  0.0022  0.1004  0.0147  0.0890  0.0147 -0.0003  0.0548 0 
 47.1015  0.0781 -3.0163  0.3444  0.2847  0.0707  0.2168  0.3662 -0.0003  0.9911 1 
 41.5381 -0.0728  0.1395  0.3133  0.2995  0.0394  0.3585  0.4340 -0.0003  0.9921 1 
 48.5176  0.6569 -0.7116  0.0143  0.1812  0.0993  0.1721  0.0158 -0.0003  0.1571 0 
 42.2583 -0.6763  2.3949  0.0035  0.7166  0.0546  0.3122 -0.0200 -0.0003  0.2127 0 
 51.6426  0.2923 -0.9313  0.0902  0.1698  0.1579  0.8044  0.0230  0.3665  0.7703 0 
 43.5676 -0.3123  2.1884  0.0164  0.6716  0.0888  0.3097  0.1451 -0.0003  0.4750 0 
 45.9205 -0.2597  2.0600  0.0376  0.2989  0.0480  0.3491  0.0351 -0.0003  0.2208 0 
 44.5228  0.2346 -1.1174  0.0060  0.0684  0.1050  0.2200  0.0059 -0.0003  0.0684 0 
 49.8451  0.1591  0.2275  0.0050  0.3623  0.0250  0.3845  0.0792 -0.0003  0.0978 0 
 46.7994 -0.1615 -2.9076  0.0285  0.6544  0.0578  0.3040  0.1750 -0.0003  0.6258 0 
 52.5795 -0.4722  2.2185  0.0330  0.2433  0.0365  0.2107  0.0239  0.0720  0.2848 0 
 48.1605  0.4744 -0.9542  0.0378  0.1952  0.0430  0.4741 -0.0200 -0.0003  0.1951 0 
 42.9999 -0.6088 -0.8465  0.0133  0.3669  0.0416  0.2220  0.0021 -0.0003  0.1979 0 
 41.2848  0.6038  2.3769  0.0262  0.6886  0.0561  0.2693  0.0185 -0.0003  0.3307 0 
 42.5757  0.6037  2.3844  0.0850  0.3889  0.0170  0.2226  0.0880  0.1223  0.5516 0 
 35.1934 -0.5107 -0.7983  0.0055  0.3621  0.1684  0.7973  0.1607 -0.0003  0.4435 0 
 45.1759  0.7731 -2.9485  0.2455  0.5816  0.0333  0.2629  0.3997 -0.0003  0.9796 1 
 38.2483 -0.7858  0.1756  0.1493  0.5154  0.0305  0.3208  0.2209 -0.0003  0.8395 1 
 54.3526  0.5582 -2.2010  0.1716  0.3962  0.0537  0.4598  0.1298 -0.0003  0.8174 0 
 43.5615 -0.5498  0.9121  0.0358  0.0826  0.0312  0.2655  0.0291 -0.0003  0.0589 0 
 43.6255 -0.5937 -1.2339  0.0244  0.0514  0.0232  0.1327  0.0850 -0.0003  0.0601 0 
 40.3662  0.5913  1.8834  0.0133  0.4682  0.1111  0.4516  0.1417 -0.0003  0.3137 0 
 46.0487 -0.0952  0.0517  0.0435  0.2474  0.0515  0.3052  0.0379 -0.0003  0.2092 0 
 41.5534  0.0925 -3.1117  0.0086  0.6528  0.0133  0.2240  0.0102 -0.0003  0.1195 0 
 45.6703 -0.0442  2.3630  0.4298  0.6858  0.0361  0.4370  0.5382 -0.0003  0.9974 1 
 40.4639  0.0364 -0.7413  0.3412  0.3932  0.1075  0.6318  0.3192 -0.0003  0.9956 1 
 42.4475  0.4003  0.9537  0.0128  0.4463  0.0389  0.4901  0.1149 -0.0003  0.2613 0 
 40.8057 -0.4167 -2.2013  0.0189  0.1588  0.0268  0.1801  0.0226 -0.0003  0.0622 0 
 49.9397 -0.3654  1.9648  0.0252  0.2937  0.0606  0.2135  0.0749 -0.0003  0.2549 0 
 44.6662  0.3494 -1.1993  0.0019  0.4893  0.0081  0.1319  0.0084 -0.0003  0.1141 0 
 47.8340  0.3278  3.0569  0.0447  0.2832  0.0282  0.6045  0.0364 -0.0003  0.3236 0 
 37.4731 -0.3321 -0.0872  0.0324  0.3742  0.0154  0.2765  0.0549 -0.0003  0.1067 0 
 44.0833  0.1481 -0.2975  0.1418  0.2341  0.0298  0.3528  0.1098 -0.0003  0.5531 0 
 38.9075 -0.1620  2.8640  0.0460  0.4041  0.0774  0.4105  0.0854 -0.0003  0.3857 0 
 44.9348  0.4417 -3.0445  0.0098  0.3932  0.0265  0.2633  0.0944 -0.0003  0.1198 0 
 36.5209 -0.4053  0.1059  0.0538  0.0513  0.0347  0.2785  0.0695 -0.0003  0.0754 0 
 46.5949  0.4023 -0.4047  0.0567  0.0899  0.0337  0.2173  0.0281 -0.0003  0.0734 0 
 41.3062 -0.3954  2.7247  0.0013  0.4005  0.0209  0.2693  0.0091  0.1907  0.4012 0 
 52.1614 -0.3981 -2.0358  0.0285  0.3130  0.0447  0.3801  0.0644 -0.0003  0.2094 0 
 49.4575  0.3951  1.0978  0.0007  0.1560  0.0238  0.2569  0.0146 -0.0003  0.0449 0 
 44.4190  0.3013 -1.4393  0.2633  0.6162  0.0414  0.6163  0.2914  0.3509  0.9994 1 
 33.0877 -0.3348  1.7046  0.2160  0.3679  0.0283  0.4773  0.2487 -0.0003  0.9247 1 
 49.1859 -0.2182  1.6167  0.0560  0.1171  0.0485  0.4715  0.1224 -0.0003  0.2590 0 
 46.3264  0.2287 -1.4574  0.0436  0.1405  0.0183  0.1306  0.0075 -0.0003  0.0762 0 
 45.1942 -0.7016 -0.8908  0.0950  0.7454  0.0200  0.1315  0.1246 -0.0003  0.4490 0 
 33.3623  0.6943  2.2468  0.0476  0.1718  0.0180  0.1428  0.0130 -0.0003  0.0897 0 
 52.5093  0.0323 -1.4648  0.1422  0.2355  0.1735  0.3373  0.2687 -0.0003  0.9391 0 
 45.0202 -0.0244  1.6862  0.0000  0.5083  0.0320  0.2193  0.0462 -0.0003  0.1318 0 
 47.8706  0.5490  1.7784  0.0902  0.3204  0.0900  0.5180  0.0245 -0.0003  0.4386 0 
 42.3926 -0.5365 -1.3575  0.0050  0.3234  0.0040  0.1337  0.0036 -0.0003  0.0871 0 
 48.2948  0.7574  3.0509  0.0034  0.5364  0.0553  0.5599  0.0611 -0.0003  0.1962 0 
 44.3915 -0.7590 -0.1018  0.0262  0.4699  0.0419  0.2201  0.0342 -0.0003  0.2432 0 
 43.8697 -0.1917 -0.2460  0.0103  0.3089  0.0149  0.3975  0.0850 -0.0003  0.0821 0 
 38.9624  0.2458  2.8738  0.0235  0.6567  0.0830  0.3192  0.0468 -0.0003  0.2977 0 
 57.7646  0.3753  0.5978  0.0425  0.1045  0.0224  0.2470  0.0137 -0.0003  0.0568 0 
 48.9265 -0.3491 -2.5668  0.0333  0.2092  0.0420  0.4722  0.0765 -0.0003  0.2132 0 
 54.7280 -0.4825  2.2925  0.0805  0.2232  0.0341  0.2504  0.0823 -0.0003  0.2757 1 
 27.7928  0.4974 -0.7412  0.0312  0.4041  0.0609  0.5525  0.0423  0.4501  0.8209 1 
 47.8798  0.3997  0.1593  0.1358  0.3233  0.0324  0.5180  0.2875 -0.0003  0.8824 0 
 36.5576 -0.4312 -3.0041  0.0331  0.1121  0.0314  0.3712  0.0643  0.0805  0.1887 0 
 34.7021 -0.7539 -0.2746  0.0715  0.6634  0.0708  0.5179  0.1350  0.2421  0.8413 1 
 33.0449  0.7445  2.8191  0.1671  0.5410  0.0716  0.6206  0.3149  0.1470  0.9716 1 
 43.4363  0.7943 -0.3221  0.0077  0.2754  0.0524  0.4871  0.0307 -0.0003  0.1509 0 
 24.6799 -0.7849  2.8732  0.0564  0.4802  0.0392  0.2605  0.0275  0.0391  0.4546 0 
 42.4414  0.4566 -1.2568  0.0001  0.6321  0.0644  0.5347  0.0256 -0.0003  0.1837 0 
 35.6542 -0.5212  1.8803  0.0003  0.3324  0.0190  0.2336  0.0556 -0.0003  0.0659 0 
 48.7465 -0.2748 -1.4569  0.0023  0.2152  0.0100  0.1289  0.0413 -0.0003  0.0568 0 
 43.2074  0.2507  1.6955  0.0031  0.1516  0.1956  0.4878  0.0452 -0.0003  0.1310 0 
 48.4749 -0.5358 -1.4091  0.0062  0.0107  0.0214  0.0861  0.0051 -0.0003  0.0670 0 
 42.2156  0.5312  1.7705  0.0467  0.5205  0.0669  0.3123  0.1263 -0.0003  0.5603 0 
 47.8279  0.7134  2.5222  0.0182  0.5308  0.0503  0.3454  0.1773 -0.0003  0.4678 0 
 29.3919 -0.6953 -0.6059  0.0079  0.2471  0.0196  0.2964  0.1436  0.2108  0.5337 0 
 44.3030  0.0537  1.9709  0.2433  0.6952  0.0317  0.3965  0.3443 -0.0003  0.9773 1 
 41.0071 -0.0608 -1.1778  0.4335  0.4241  0.0194  0.3598  0.6384 -0.0003  0.9979 1 
 50.2449  0.6197  2.5826  0.0056  0.6489  0.0840  0.4690  0.0186 -0.0003  0.2054 0 
 50.0954 -0.6135 -0.5544  0.0247  0.5139  0.1461  0.6400  0.0601 -0.0003  0.2974 0 
 48.1453 -0.1999 -2.0734  0.0173  0.2995  0.1017  0.1293 -0.0200 -0.0003  0.2783 0 
 36.0845  0.2227  1.0854  0.0028  0.3730  0.0228  0.3726  0.0873 -0.0003  0.0907 0 
 48.6366 -0.5706  2.4482  0.0147  0.2699  0.0633  0.2580  0.0906 -0.0003  0.2036 0 
 32.5444  0.5565 -0.7389  0.0042  0.4379  0.0252  0.2877  0.0003 -0.0003  0.1254 0 
 44.8035 -0.7521 -2.4848  0.0747  0.1757  0.0545  0.3514  0.1950 -0.0003  0.4827 0 
 43.5889  0.7594  0.6233  0.0006  0.3507  0.0540  0.4424  0.0286 -0.0003  0.1412 0 
 46.1524  0.7239 -1.8847  0.0610  0.1209  0.0607  0.4358  0.2392 -0.0003  0.4101 0 
 44.4099 -0.7396  1.2434  0.0757  0.0730  0.0154  0.2641  0.2259 -0.0003  0.2309 0 
 57.0565 -0.2354 -0.4204  0.0204  0.1304  0.1304  0.2891  0.0113 -0.0003  0.0890 0 
 42.2766  0.2101  2.7239  0.0361  0.4430  0.0666  0.3568  0.0062 -0.0003  0.2728 0 
 49.3996 -0.4535 -1.2681  0.0833  0.3653  0.0225  0.1713  0.0814 -0.0003  0.2564 0 
 39.7314  0.4437  1.8485  0.0240  0.0772  0.0474  0.3175  0.0230 -0.0003  0.0719 0 
 44.4160 -0.0378  1.3455  0.0236  0.6271  0.1072  0.2641  0.0272 -0.0003  0.2724 0 
 38.8098  0.0328 -1.7433  0.0872  0.4317  0.0158  0.2739  0.1390 -0.0003  0.3560 0 
 63.5386  0.7502 -0.5535  0.1490  0.3955  0.0711  0.2413  0.1052 -0.0003  0.7748 1 
 47.9469 -0.7457  2.6334  0.1765  0.2835  0.0216  0.3884  0.2244  0.1518  0.9250 1 
 44.8554  0.4517  1.1817  0.1667  0.7763  0.1237  0.6586  0.1330 -0.0003  0.8852 0 
 38.6450 -0.4415 -1.9602  0.1067  0.3484  0.0680  0.2285  0.0795 -0.0003  0.6277 0 
 49.0913  0.7571 -0.0323  0.0021  0.6447  0.0109  0.2574  0.1326 -0.0003  0.1312 0 
 39.2859 -0.7432  3.1306  0.0268  0.1443  0.0240  0.1820  0.0226 -0.0003  0.0593 0 
 45.3590  0.3010  2.4686  0.0010  0.1422  0.0911  0.2627  0.0506 -0.0003  0.0854 0 
 42.3926 -0.3621 -0.7183  0.0379  0.5738  0.0404  0.3120  0.0427 -0.0003  0.3135 0 
 53.7331  0.5707  3.1216  0.0059  0.5389  0.0912  0.2096  0.0118 -0.0003  0.2427 0 
 42.9572 -0.5642 -0.0290  0.0138  0.1791  0.0485  0.1777  0.0104 -0.0003  0.1101 0 
 47.9347  0.0232 -3.0510  0.0509  0.1449  0.1446  0.5610  0.0294 -0.0003  0.2646 0 
 43.6072  0.0353  0.1292  0.0215  0.0751  0.0453  0.3539  0.0629 -0.0003  0.0765 0 
 53.8125 -0.6245  3.0137  0.0255  0.3447  0.1616  0.5866  0.0230 -0.0003  0.2672 0 
 46.9825  0.6298 -0.1560  0.0026  0.1818  0.0439  0.4338  0.0576 -0.0003  0.0905 0 
 50.7790  0.7509  0.6902  0.0321  0.0505  0.0365  0.2126  0.0119 -0.0003  0.0636 0 
 48.2612 -0.7614 -2.4719  0.0136  0.2201  0.0278  0.2154  0.0186 -0.0003  0.0731 0 
 45.6245 -0.4429 -0.3818  0.0049  0.4811  0.1244  0.4808  0.0043 -0.0003  0.1934 0 
 41.1048  0.4756  2.7324  0.0301  0.6407  0.0370  0.4044  0.1481 -0.0003  0.4637 0 
 44.7333  0.2248  2.2605  0.1636  0.6720  0.0741  0.6591  0.1533 -0.0003  0.9164 1 
 43.5523 -0.2501 -0.8780  0.1324  0.4433  0.0796  0.3983  0.2012 -0.0003  0.8857 1 
 71.5587  0.2090  1.0779  0.0048  0.0862  0.0262  0.3519  0.0899 -0.0003  0.0535 0 
 41.3916 -0.1392 -2.1205  0.0348  0.5006  0.1477  0.6280  0.0280 -0.0003  0.2988 0 
 47.2175 -0.5868  0.1704  0.3447  0.6807  0.1045  0.7798  0.8378 -0.0003  0.9989 1 
 45.8015  0.5696 -2.9204  0.2553  0.5223  0.1310  0.5240  0.1854 -0.0003  0.9601 1 
 48.0629 -0.3447  1.6278  0.0273  0.7031  0.0778  0.4313  0.0143 -0.0003  0.2665 0 
 46.0975  0.3578 -1.4941  0.0037  0.6093  0.0399  0.6103  0.0621 -0.0003  0.2122 0 
 50.5531 -0.6654 -1.6191  0.0287  0.5770  0.1649  0.5108  0.0403  0.1816  0.5072 0 
 39.9054  0.6759  1.5845  0.0766  0.1779  0.0093  0.3624  0.0136 -0.0003  0.1286 0 
 53.6782 -0.4145 -0.4496  0.0427  0.1879  0.0852  0.2935  0.1710 -0.0003  0.3909 0 
 44.6967  0.4252  2.6387  0.0446  0.1599  0.0887  0.3956  0.0400 -0.0003  0.1828 0 
 45.7832  0.4519  0.7916  0.0745  0.0524  0.0522  0.2184  0.0384 -0.0003  0.0872 0 
 44.9592 -0.4746 -2.3129  0.0322  0.4003  0.0464  0.2633  0.0743 -0.0003  0.2698 0 
 44.4953 -0.3252  0.8921  0.0195  0.4458  0.0349  0.4840  0.0937 -0.0003  0.2626 0 
 41.7395  0.3175 -2.2648  0.0042  0.1448  0.0185  0.4476  0.0334 -0.0003  0.0562 0 
 45.4200 -0.1495 -0.5451  0.8644  0.7364  0.0607  0.2188  0.7668 -0.0003  0.9982 1 
 31.8822  0.0993  2.5509  0.2122  0.3989  0.0526  0.4341  0.2115  0.3453  0.9971 1 
 43.4730  0.5480 -1.1346  0.0204  0.3477  0.0983  0.5312  0.0226 -0.0003  0.2200 0 
 41.7304 -0.5442  1.9974  0.0127  0.0812  0.0260  0.1790  0.0573 -0.0003  0.0476 0 
 39.0631 -0.2522 -0.1116  0.0007  0.3744  0.0272  0.4101  0.0182 -0.0003  0.1007 0 
 37.0611  0.2826  3.0665  0.0050  0.1627  0.0483  0.3236  0.0515 -0.0003  0.0739 0 
 47.7150  0.7226 -2.0042  0.1109  0.4898  0.0766  0.5185  0.1284 -0.0003  0.7344 1 
 46.4363 -0.7252  1.1209  0.1301  0.4897  0.0403  0.5657  0.2576 -0.0003  0.9115 1 
 51.0445  0.3933 -1.6480  0.0311  0.2049  0.0439  0.3822  0.0430 -0.0003  0.1462 0 
 44.2023 -0.4025  1.5313  0.0396  0.6656  0.0207  0.3967  0.0414 -0.0003  0.2494 0 
 49.1920  0.4654 -2.7760  0.0207  0.1998  0.1208  0.3858  0.0262 -0.0003  0.1440 0 
 45.8198 -0.4825  0.4320  0.0026  0.1572  0.0219  0.3057  0.0062 -0.0003  0.0474 0 
 61.8173 -0.6556 -0.1620  0.0304  0.1934  0.0580  0.2835  0.1459 -0.0003  0.2638 0 
 44.5930  0.6537  3.0018  0.0460  0.5811  0.0119  0.1319  0.0309 -0.0003  0.1565 0 
 47.7211 -0.1577 -2.1695  0.0024  0.1831  0.1337  0.4753  0.0657 -0.0003  0.1286 0 
 43.2837  0.1920  0.9708  0.0031  0.3263  0.0331  0.3103  0.0347 -0.0003  0.0875 0 
 53.4859 -0.5225 -0.4614  0.0308  0.2662  0.2088  0.2518  0.0121 -0.0003  0.2176 0 
 48.5756  0.5343  2.6715  0.0442  0.2848  0.0152  0.2580  0.1068 -0.0003  0.1408 0 
 48.3375  0.4487  2.7825  0.0486  0.2385  0.0717  0.6028  0.1961 -0.0003  0.5340 0 
 47.1138 -0.4454 -0.3690  0.0138  0.4469  0.0783  0.4768  0.0462 -0.0003  0.2085 0 
 45.8503  0.5091 -1.1899  0.0220  0.4212  0.0680  0.3492  0.0118 -0.0003  0.2254 0 
 39.8199 -0.5069  1.9660  0.0058  0.4073  0.0706  0.4986  0.0878 -0.0003  0.2055 0 
 47.3121 -0.0151  1.6824  0.0307  0.5703  0.0261  0.2598  0.0150 -0.0003  0.1969 0 
 46.5492  0.0166 -1.4380  0.0232  0.6764  0.0611  0.4783  0.0319 -0.0003  0.2627 0 
 47.7638  0.6197  1.3614  0.0279  0.2928  0.0344  0.2591  0.0157 -0.0003  0.1429 0 
 46.9581 -0.6219 -1.7819  0.0118  0.1224  0.0237  0.0867  0.1329 -0.0003  0.1134 0 
 57.0230 -0.0985  2.6365  0.2724  0.7014  0.1218  0.2478  0.3585 -0.0003  0.9949 1 
 41.2238  0.0759 -0.5357  0.4355  0.2952  0.1055  0.1347  0.3078  0.3427  0.9964 1 
 37.5372  0.6199 -2.4554  0.1871  0.6493  0.0897  0.7831  0.4444 -0.0003  0.9919 1 
 37.4792 -0.6367  0.6685  0.2335  0.4145  0.0381  0.4147  0.3726 -0.0003  0.9805 1 
 51.5999  0.0502 -1.2376  0.0012  0.1085  0.0438  0.2117  0.0557 -0.0003  0.0574 0 
 42.2797 -0.0652  1.8784  0.0326  0.1253  0.0414  0.3122  0.0396 -0.0003  0.0853 0 
 41.5412 -0.5770 -1.1638  0.0248  0.4362  0.0661  0.4481  0.1061  0.1781  0.5684 0 
 37.1283  0.5630  2.0516  0.1294  0.1096  0.1969  0.4158  0.1153  0.8870  0.9380 0 
 56.1318  0.6396 -1.5639  0.0593  0.7721  0.0332  0.1659  0.0745 -0.0003  0.3673 0 
 41.3275 -0.6455  1.5611  0.0903  0.1554  0.0737  0.3590  0.1776 -0.0003  0.5357 0 
 45.2979  0.3697  1.4432  0.0613  0.1530  0.0274  0.0876  0.0336 -0.0003  0.1451 0 
 39.5605 -0.3707 -1.7337  0.0152  0.3291  0.0678  0.2724  0.0110 -0.0003  0.2076 0 
 46.2318 -0.2369 -0.6369  0.0367  0.2797  0.0479  0.5663  0.0482 -0.0003  0.2987 0 
 45.3986  0.2603  2.5039  0.3425  0.3823  0.0211  0.3501  0.3465  0.1569  0.9931 0 
 41.8463 -0.7443  2.1741  0.0247  0.3906  0.0270  0.3578  0.0746 -0.0003  0.1584 0 
 39.1424  0.7157 -0.9504  0.0187  0.4603  0.1138  0.4098  0.0676 -0.0003  0.2500 0 
 45.5543 -0.1831 -1.6898  0.0093  0.6492  0.0981  0.6559 -0.0200 -0.0003  0.2220 0 
 45.2766  0.1612  1.4397  0.0056  0.1075  0.0228  0.1752  0.0413 -0.0003  0.0436 0 
 49.4850  0.5928 -1.1564  0.0238  0.1967  0.0613  0.3424  0.1054 -0.0003  0.1854 0 
 35.4314 -0.5843  1.9431  0.0307  0.3836  0.0349  0.2341  0.0190 -0.0003  0.1943 0 
 46.1646 -0.7504  2.5333  0.0210  0.4750  0.1227  0.6537  0.0092 -0.0003  0.2562 1 
 42.1637  0.7323 -0.6245  0.1144  0.3569  0.0460  0.4463  0.2134 -0.0003  0.8089 1 
 50.8797  0.1026 -0.5126  0.0105  0.5733  0.0790  0.5525  0.1873 -0.0003  0.3852 0 
 40.2838 -0.1147  2.6294  0.0720  0.2745  0.0687  0.2711  0.1131 -0.0003  0.5027 0 
 50.8156 -0.6564 -0.4240  0.0060  0.4087  0.0219  0.3401  0.0289  0.0965  0.2322 0 
 44.2786  0.6514  2.6889  0.0273  0.1200  0.0158  0.2644  0.0384 -0.0003  0.0426 0 
 45.8778  0.3140 -0.6919  0.1770  0.4352  0.1807  0.5675  0.0405 -0.0003  0.6423 0 
 37.4609 -0.3850  2.4580  0.0133  0.6216  0.0346  0.2765  0.0843 -0.0003  0.1989 0 
 49.8451  0.6435 -0.3364  0.1061  0.5587  0.0935  0.5127  0.0218 -0.0003  0.4977 0 
 44.8890 -0.6535  2.7906  0.0020  0.6276  0.0204  0.4829  0.0099 -0.0003  0.1419 0 
 46.9276 -0.4639  1.8906  0.1327  0.5472  0.0915  0.5207  0.1381 -0.0003  0.8138 1 
 41.6052  0.4696 -1.2255  0.3742  0.5326  0.0543  0.4927  0.5761 -0.0003  0.9978 1 
 45.8686 -0.0153  0.7909  0.0019  0.7127  0.0389  0.4365  0.1282 -0.0003  0.2718 0 
 34.5586  0.0365 -2.3626  0.0165  0.1427  0.0181  0.2829  0.0222  0.1461  0.2606 0 
 43.7659  0.5026  1.5836  0.0228  0.7548  0.0542  0.3978  0.1129 -0.0003  0.4232 0 
 43.6225 -0.4949 -1.5533  0.0267  0.1730  0.0233  0.2654  0.0217 -0.0003  0.0616 0 
 45.4414 -0.4108 -1.6358  0.5087  0.4327  0.0337  0.2625  0.4864 -0.0003  0.9973 1 
 39.1577  0.4256  1.5853  0.0119  0.5248  0.1600  0.5919  0.1096  0.2047  0.5658 1 
 48.3192  0.5159 -1.6106  0.0068  0.1626  0.0344  0.2584  0.0414 -0.0003  0.0555 0 
 38.7945 -0.5012  1.5523  0.0082  0.5590  0.0233  0.3652  0.0124 -0.0003  0.1363 0 
 46.7170  0.7865  0.9601  0.0101  0.1136  0.1020  0.3910  0.0223 -0.0003  0.0758 0 
 42.5849 -0.7898 -2.1970  0.0714  0.3750  0.0047  0.1335  0.0493 -0.0003  0.1406 0 
 55.5337 -0.3662  1.4946  0.0396  0.1088  0.2599  0.5820  0.2280 -0.0003  0.5558 0 
 43.5126  0.3810 -1.6836  0.0693  0.3240  0.1299  0.4426  0.0455 -0.0003  0.3696 0 
 45.9541  0.2065  2.8035  0.1342  0.3167  0.0151  0.2618  0.0936 -0.0003  0.3552 0 
 43.4302 -0.1999 -0.3322  0.0339  0.2265  0.2133  0.5757  0.1313 -0.0003  0.4233 0 
 47.8431  0.1894  1.6454  0.3041  0.7650  0.0191  0.3454  0.3580 -0.0003  0.9849 1 
 34.0856 -0.1860 -1.5475  0.0103  0.2229  0.1845  0.3313  0.1071  1.0244  0.8925 1 
 48.0110  0.6996 -0.9145  0.0174  0.2401  0.1446  0.2588  0.0340 -0.0003  0.1745 0 
 45.5756 -0.6998  2.2517  0.0659  0.0923  0.0713  0.4373  0.0676 -0.0003  0.1954 0 
 49.3538 -0.0713  1.0351  0.0250  0.3149  0.0895  0.3855  0.0417 -0.0003  0.2149 0 
 43.6439  0.0606 -2.0876  0.0224  0.1876  0.0257  0.1769  0.0131 -0.0003  0.0771 0 
 50.8827  0.4169  2.0140  0.4692  0.3191  0.1616  0.4250  0.3548 -0.0003  0.9981 1 
 45.8106 -0.3565 -1.1592  0.0556  0.5304  0.0427  0.4803  0.0729 -0.0003  0.4625 1 
 49.2714  0.7092 -2.3345  0.0046  0.2583  0.1695  0.2142  0.0029 -0.0003  0.1655 0 
 47.8431 -0.7070  0.8085  0.0049  0.1273  0.0296  0.5613  0.0637 -0.0003  0.1067 0 
 49.9184 -0.2113 -0.7446  0.4838  0.3398  0.0519  0.4271  0.6506 -0.0003  0.9982 1 
 31.5892  0.2585  2.4125  0.1677  0.3862  0.0803  0.2902  0.1533  0.3305  0.9634 1 
 42.4842  0.7742 -1.5249  0.0244  0.4648  0.0248  0.4009  0.0952  0.1130  0.4546 0 
 39.6124 -0.7736  1.5580  0.1623  0.1629  0.0590  0.3631  0.0872 -0.0003  0.5460 0 
 52.2225  0.1846 -1.2782  0.0070  0.1330  0.0639  0.5066  0.1202 -0.0003  0.1402 0 
 47.6448 -0.1716  1.9051  0.0168  0.1921  0.0375  0.1729  0.0563 -0.0003  0.0920 0 
 48.4016  0.0527 -2.3007  0.0789  0.5451  0.0412  0.1722  0.0276  0.2144  0.7533 0 
 46.6133 -0.0276  0.8340  0.0497  0.0353  0.0331  0.2173  0.0312 -0.0003  0.0602 0 
 46.8696 -0.3879 -2.2513  0.0218  0.2699  0.1118  0.6077  0.1201 -0.0003  0.3365 0 
 40.8881  0.3896  0.8861  0.0435  0.3948  0.1444  0.4050  0.0407 -0.0003  0.2933 0 
 52.9458 -0.3269 -1.6799  0.0074  0.2563  0.0475  0.5469  0.0825 -0.0003  0.1822 0 
 34.7509  0.3675  1.4981  0.2389  0.2814  0.0782  0.5177  0.0349  0.2333  0.9003 0 
 42.3713 -0.7825  0.0300  0.0483  0.2671  0.0624  0.3566  0.0251  0.3676  0.7222 1 
 42.3590  0.7803  3.1130  0.3393  0.7020  0.1209  0.5795  0.2324  0.2206  0.9898 1 
 42.8809  0.5316  0.9040  0.0608  0.4004  0.0298  0.3555  0.0573 -0.0003  0.3134 0 
 34.7845 -0.5314 -2.2774  0.0282  0.2036  0.0420  0.3764  0.0416  0.0364  0.1881 0 
 45.1118  0.3306 -1.1643  0.0248  0.3927  0.1304  0.4384  0.0566 -0.0003  0.2530 0 
 35.5291 -0.3278  1.9998  0.0383  0.0986  0.0277  0.2807  0.0527 -0.0003  0.0618 0 
 53.8796 -0.1188  0.4809  0.0428  0.1346  0.0292  0.1675  0.0090 -0.0003  0.0843 0 
 26.1387  0.0987 -2.6747  0.2039  0.4586  0.0548  0.4606  0.1697 -0.0003  0.9118 0 
 41.1933  0.6978  3.0840  0.0087  0.4749  0.0276  0.3593  0.0451 -0.0003  0.1214 0 
 34.5006 -0.7164 -0.0666  0.0748  0.1761  0.0296  0.1415  0.1044 -0.0003  0.2491 0 
 48.2246  0.7606 -2.9439  0.0024  0.2795  0.0444  0.2154  0.0098 -0.0003  0.1261 0 
 45.7527 -0.7280  0.2580  0.0053  0.5536  0.1679  0.5241  0.0286 -0.0003  0.2365 0 
 46.7964  0.7389  0.3172  0.0118  0.2370  0.1861  0.5211  0.1744 -0.0003  0.3497 0 
 46.0914 -0.7689 -2.7418  0.0260  0.4759  0.0449  0.1744  0.0937  0.1993  0.6353 0 
 45.4444 -0.4008 -2.7072  0.0885  0.3707  0.0366  0.3063  0.0709 -0.0003  0.4479 0 
 39.6094  0.3428  0.4348  0.0009  0.0781  0.0325  0.2723  0.0808 -0.0003  0.0488 0 
 46.5400 -0.2283  2.3228  0.0492  0.3361  0.1094  0.2609  0.0729 -0.0003  0.3987 0 
 44.9378  0.2181 -0.8248  0.0528  0.1640  0.0355  0.3950  0.0541 -0.0003  0.1690 0 
 45.7008  0.7577  2.9191  0.0095  0.5787  0.0262  0.1748  0.1961 -0.0003  0.2346 0 
 39.3927 -0.7363 -0.2317  0.0010  0.4212  0.0143  0.4092  0.0163 -0.0003  0.0802 0 
 50.2266  0.1379 -0.0890  0.0023  0.5117  0.0605  0.3837  0.0132 -0.0003  0.1708 0 
 50.1564 -0.0892  3.0526  0.0077  0.1506  0.0894  0.2986  0.0129 -0.0003  0.0923 0 
 51.2917 -0.1601  0.8900  0.0276  0.1189  0.0119  0.1696  0.0027 -0.0003  0.0483 0 
 37.6745  0.1722 -2.2448  0.0242  0.0907  0.0289  0.2301  0.0013  0.1429  0.2146 0 
 38.3551 -0.0964 -1.0001  0.3541  0.7599  0.0307  0.3664  0.5410 -0.0003  0.9966 1 
 35.7397  0.1154  2.1500  0.5258  0.2843  0.0226  0.3269  0.4833 -0.0003  0.9965 1 
 44.4282 -0.7643  1.1105  0.0330  0.3088  0.0607  0.6163  0.0711 -0.0003  0.3418 1 
 33.1151  0.7430 -2.0841  0.0612  0.1473  0.1254  0.3340  0.0339  0.8041  0.9443 1 
 45.6275 -0.3629 -2.5817  0.0490  0.2402  0.0593  0.5246  0.0352 -0.0003  0.3021 1 
 41.1780  0.3136  0.5367  0.1564  0.1756  0.0684  0.5839  0.3183  0.1029  0.9502 1 
 48.3864 -0.1574 -1.6317  0.1479  0.4588  0.0436  0.4736  0.1992 -0.0003  0.8866 1 
 34.4884  0.1541  1.4648  0.2343  0.5626  0.1524  0.2830  0.0605  0.3604  0.9144 1 
 51.3008 -0.4614 -0.1119  0.0611  0.2925  0.0903  0.2120  0.0783 -0.0003  0.4682 0 
 46.3752  0.4599  2.9985  0.0905  0.4279  0.0539  0.3482  0.0767 -0.0003  0.5755 0 
 48.2094 -0.2954  1.7370  0.1357  0.1447  0.1647  0.1724  0.0980 -0.0003  0.6290 0 
 45.0782  0.3080 -1.3720  0.0447  0.8468  0.0581  0.5262  0.0464 -0.0003  0.4321 0 
 52.8023  0.7318 -1.6419  0.0099  0.5090  0.1624  0.4210  0.0367 -0.0003  0.2391 0 
 45.7252 -0.7199  1.4930  0.0451  0.5493  0.0284  0.2621  0.0190 -0.0003  0.2503 0 
 49.8451 -0.2151 -2.1303  0.0231  0.3786  0.1055  0.7690  0.2048 -0.0003  0.5449 0 
 44.9134  0.2138  1.0299  0.0801  0.5720  0.0191  0.4389  0.0145 -0.0003  0.4738 0 
 43.1281 -0.3542  0.1103  0.2518  0.5491  0.0273  0.4880  0.1142 -0.0003  0.7963 1 
 28.4794  0.3109 -3.0321  0.3993  0.4168  0.0186  0.2493  0.1798 -0.0003  0.9331 1 
 51.4626 -0.7211 -0.7191  0.3900  0.4224  0.0804  0.2966  0.3171 -0.0003  0.9941 0 
 43.9857  0.7227  2.4675  0.0095  0.0544  0.0725  0.1324  0.0065 -0.0003  0.1002 0 
 51.5969  0.0842  1.3079  0.0746  0.1783  0.1151  0.4235  0.1251 -0.0003  0.4572 0 
 42.4872 -0.0788 -1.8917  0.0701  0.4130  0.0585  0.3563  0.0566 -0.0003  0.4651 0 
 47.5166 -0.6311  1.8610  0.0000  0.3329  0.0440  0.2595  0.0495 -0.0003  0.1109 0 
 43.5279  0.6442 -1.3185  0.0873  0.0610  0.0799  0.2656 -0.0200 -0.0003  0.1181 0 
 40.8728 -0.0151 -1.6771  0.0044  0.0834  0.0544  0.4051  0.0192 -0.0003  0.0712 0 
 38.0102  0.0207  1.4686  0.0186  0.2635  0.0645  0.1836  0.0051 -0.0003  0.2228 0 
 37.1679  0.4462  0.9850  0.1996  0.7006  0.0255  0.2771  0.4036 -0.0003  0.9596 1 
 21.2161 -0.5053 -2.1823  0.3050  0.3680  0.0320  0.2733  0.4312  0.1174  0.9905 1 
 44.3641  0.4913 -0.1975  0.0316  0.6329  0.0119  0.2202  0.0263 -0.0003  0.1372 0 
 42.9664 -0.4665  2.9695  0.1156  0.0853  0.0843  0.2665  0.0705 -0.0003  0.2347 0 
 51.5846  0.0248  2.1188  0.0110  0.3318  0.1501  0.4235  0.0562 -0.0003  0.2093 0 
 46.1860 -0.0034 -1.0519  0.0202  0.1982  0.0238  0.3922  0.0124 -0.0003  0.0838 0 
 48.4810 -0.5187  1.1369  0.1700  0.3538  0.0142  0.5163  0.1027 -0.0003  0.6996 1 
 47.0466  0.4852 -2.0310  0.4457  0.5171  0.0441  0.4336  0.4527 -0.0003  0.9963 1 
 45.4597 -0.2723 -1.4633  0.0254  0.1195  0.3517  0.3063  0.0446 -0.0003  0.1472 0 
 44.2237  0.3503  1.7638  0.0139  0.1323  0.0735  0.4848  0.1014 -0.0003  0.1422 0 
 45.5299  0.1724 -1.5960  0.0039  0.3492  0.0515  0.5686  0.0963 -0.0003  0.2093 0 
 43.9521 -0.1494  1.5506  0.0224  0.3593  0.0149  0.3531  0.1363  0.0983  0.3659 0 
 43.0060  0.0471 -0.3662  0.0191  0.2909  0.1006  0.5328  0.1373 -0.0003  0.3082 0 
 42.1820 -0.0792  2.7653  0.0082  0.4102  0.0166  0.2678  0.0159 -0.0003  0.0863 0 
 49.7963 -0.2753  0.2181  0.2291  0.6773  0.1602  0.5128  0.3139 -0.0003  0.9928 1 
 42.4384  0.3346 -2.9600  0.2122  0.1162  0.0570  0.3119  0.1839  0.3019  0.9662 1 
 46.3935  0.6157  0.4301  0.0240  0.3881  0.0189  0.3046  0.0707  0.1490  0.4046 0 
 46.1189 -0.5708 -2.7141  0.0105  0.1118  0.0544  0.4795  0.0338 -0.0003  0.0952 0 
 44.6815 -0.4026  2.2058  0.0064  0.4550  0.0442  0.1318  0.0615 -0.0003  0.2265 0 
 43.1891  0.3745 -0.9831  0.0163  0.1217  0.0757  0.6209  0.1816  0.2067  0.4860 0 
 46.9886  0.0478  2.3991  0.4600  0.5322  0.0505  0.4338  0.1119 -0.0003  0.9379 1 
 45.2796 -0.0871 -0.7171  0.2346  0.2440  0.2226  0.5256  0.0670 -0.0003  0.7544 1 
 48.6000 -0.3585 -0.5736  0.0123  0.2128  0.0295  0.3010  0.0207 -0.0003  0.0689 0 
 48.4382  0.2621  2.5469  0.1320  0.2089  0.0197  0.3443  0.1374 -0.0003  0.4888 0 
 45.1972 -0.2645 -0.8900  0.0044  0.4797  0.0393  0.5696  0.0097 -0.0003  0.1751 0 
 40.3235  0.2559  2.2260  0.0191  0.3439  0.0431  0.5421  0.1282 -0.0003  0.3024 0 
 47.9469  0.5259  0.7968  0.0249  0.4603  0.0289  0.2589  0.0613 -0.0003  0.1583 0 
 42.3072 -0.5351 -2.3458  0.0217  0.3523  0.0874  0.3567  0.0714  0.0919  0.3703 0 
 45.1179  0.0057  1.9397  0.0192  0.1153  0.0324  0.1754  0.0262  0.3336  0.9072 0 
 44.2542 -0.0012 -1.2121  0.0143  0.0956  0.0450  0.2644  0.1441 -0.0003  0.1067 0 
 43.5187 -0.4617 -0.6106  0.0044  0.0935  0.0064  0.1328  0.0089 -0.0003  0.0410 0 
 42.2736  0.4657  2.5032  0.0528  0.5116  0.2503  0.5798  0.0264 -0.0003  0.3596 0 
 47.9500  0.7040 -0.8487  0.0792  0.7304  0.0213  0.3020  0.0561 -0.0003  0.4010 0 
 44.2084 -0.7084  2.2792  0.0244  0.6641  0.0181  0.3526  0.0340 -0.0003  0.1561 0 
 52.7474 -0.2009  1.2186  0.0115  0.1866  0.0382  0.2948  0.0266 -0.0003  0.0734 0 
 39.8413  0.2183 -1.9441  0.0031  0.0688  0.0350  0.2719  0.1159 -0.0003  0.0632 0 
 51.3161  0.5491  2.0657  0.0596  0.3089  0.0123  0.2969  0.0682 -0.0003  0.1385 0 
 48.2460 -0.5520 -1.0762  0.0551  0.4850  0.0660  0.5601  0.2438 -0.0003  0.7025 0 
 50.2022 -0.4502 -2.4599  0.5240  0.7251  0.0411  0.5117  0.4271 -0.0003  0.9954 1 
 44.6876  0.4727  0.7000  0.3925  0.3207  0.0268  0.3077  0.3857 -0.0003  0.9913 1 
 46.2562 -0.2285  2.2460  0.0027  0.1907  0.0442  0.3485  0.0150 -0.0003  0.0808 0 
 43.6042  0.2109 -0.9142  0.0083  0.4170  0.0402  0.4423  0.0352 -0.0003  0.1623 0 
 52.4880  0.6156  2.9667  0.0106  0.1316  0.0406  0.5060  0.0244 -0.0003  0.1016 0 
 44.8615 -0.6049 -0.1761  0.0189  0.3145  0.0391  0.3512  0.1013 -0.0003  0.1802 0 
 47.3274 -0.6390  2.5399  0.0227  0.5728  0.1213  0.2165  0.1046 -0.0003  0.4215 0 
 46.0334  0.6475 -0.6195  0.0112  0.0442  0.0459  0.3053  0.0540 -0.0003  0.0619 0 
 38.1842  0.3848  3.1225  0.0375  0.4140  0.0625  0.4126  0.0152 -0.0003  0.2755 0 
 36.1212 -0.3764 -0.0368  0.0250  0.3518  0.0464  0.3259  0.0793 -0.0003  0.2208 0 
 46.8482  0.2455  0.1590  0.0012  0.2870  0.2058  0.4341  0.0189 -0.0003  0.1852 0 
 44.4404 -0.2488 -2.9471  0.0851  0.1074  0.0911  0.3962  0.0844 -0.0003  0.2835 0 
 47.4861 -0.6773 -0.3478  0.0502  0.5085  0.0740  0.1298  0.0134 -0.0003  0.4751 0 
 39.4812  0.6478  2.8650  0.0656  0.2555  0.1124  0.4543  0.0692 -0.0003  0.3831 0 
 46.4332  0.5240 -0.6173  0.0087  0.5677  0.1943  0.9573  0.0624 -0.0003  0.3837 0 
 31.2413 -0.5177  2.5885  0.0181  0.2307  0.0969  0.3397  0.1066  0.3248  0.5394 0 
 44.2725 -0.6091 -0.4765  0.0183  0.0551  0.0795  0.3084  0.0419 -0.0003  0.0719 0 
 43.7263  0.6314  2.7411  0.1062  0.2110  0.0135  0.1768  0.0822 -0.0003  0.1867 0 
 49.7108  0.4269  2.2739  0.0044  0.2480  0.0622  0.6413  0.0342 -0.0003  0.1797 0 
 36.7376 -0.4257 -0.8863  0.0605  0.3964  0.0135  0.4171  0.1125 -0.0003  0.3103 0 
 47.3365 -0.7407  2.6138  0.0039  0.1455  0.0294  0.3897  0.0755  0.1023  0.1640 0 
 44.4373  0.7246 -0.5743  0.1680  0.5086  0.0316  0.3962  0.1675 -0.0003  0.8386 0 
 47.3701 -0.6655 -2.7705  0.0612  0.2149  0.0489  0.3030  0.1431 -0.0003  0.3814 0 
 41.0346  0.6652  0.3456  0.1227  0.1104  0.0079  0.1799  0.1497 -0.0003  0.2214 0 
 44.7944 -0.0510  2.2721  0.3321  0.5700  0.0483  0.4392  0.2354  0.1087  0.9689 1 
 39.5178  0.0420 -0.8555  0.0951  0.6637  0.0286  0.5451  0.2288 -0.0003  0.8555 1 
 51.5877  0.5658 -2.6676  0.0327  0.7372  0.1411  0.5082  0.0342 -0.0003  0.3220 0 
 45.0202 -0.5853  0.5066  0.0064  0.5717  0.0086  0.1316  0.0068 -0.0003  0.1228 0 
 48.9448  0.0830 -2.6759  0.0489  0.5655  0.0865  0.2575  0.0156 -0.0003  0.3529 0 
 45.6153 -0.0731  0.4545  0.0194  0.0639  0.0132  0.0874  0.0062 -0.0003  0.0571 0 
 54.6395  0.2822  1.3536  0.0045  0.6506  0.0313  0.2922  0.0688 -0.0003  0.1509 0 
 47.0344 -0.2383 -1.7976  0.0225  0.0650  0.0409  0.3035  0.0607 -0.0003  0.0659 0 
 52.4025  0.3281 -1.8938  0.0582  0.5242  0.1393  0.8858  0.0638  0.0786  0.6733 1 
 49.8268 -0.3276  1.2465  0.0148  0.1397  0.0793  0.4273  0.0837 -0.0003  0.1235 1 
 46.5614 -0.4065  0.7646  0.0250  0.0751  0.0460  0.2609  0.0118 -0.0003  0.0712 0 
 42.9541  0.4148 -2.3642  0.0153  0.4275  0.0330  0.3997  0.3061 -0.0003  0.5364 0 
 52.9000 -0.3408 -2.2056  0.0050  0.0714  0.1000  0.1683  0.0229 -0.0003  0.0843 0 
 39.4049  0.3448  0.9228  0.0003  0.5220  0.0496  0.2727  0.0583 -0.0003  0.1868 0 
 43.6988  0.3580  1.4345  0.1922  0.7419  0.0339  0.6190  0.1581 -0.0003  0.9230 1 
 28.4916 -0.3226 -1.7104  0.1668  0.5856  0.0444  0.3490  0.1684 -0.0003  0.8912 1 
 40.9827  0.3653 -2.4350  0.1923  0.5569  0.0438  0.3148  0.1644  0.1677  0.8858 1 
 36.2615 -0.3476  0.6704  0.1899  0.6731  0.0244  0.2791  0.1282 -0.0003  0.7766 1 
 49.1127  0.3324 -0.1542  0.6674  0.3411  0.0469  0.3859  0.6232 -0.0003  0.9977 1 
 42.6795 -0.2876  2.9507  0.6626  0.5148  0.0670  0.7118  0.5867  0.0538  0.9971 1 
 46.0304  0.7745  0.7609  0.1689  0.6473  0.1711  0.3925  0.2172  0.3538  0.9718 1 
 39.9329 -0.7742 -2.2375  0.1931  0.1080  0.0753  0.1812  0.2062  0.4851  0.9934 1 
 44.3702 -0.3046 -0.3684  0.7661  0.5669  0.0408  0.5284  0.3126 -0.0003  0.9909 1 
 34.4671  0.2944  2.7721  0.1636  0.4868  0.0254  0.4717  0.2740  0.1046  0.9116 1 
 47.6814  0.4362 -0.8084  0.0105  0.1373  0.0391  0.3889  0.0408 -0.0003  0.0740 0 
 45.2064 -0.4369  2.3443  0.3131  0.4290  0.0135  0.3944  0.6147 -0.0003  0.9964 0 
 44.9348 -0.0819  2.4686  0.0123  0.4816  0.0542  0.3950  0.0718 -0.0003  0.2210 0 
 41.5869  0.0804 -0.6776  0.1930  0.2061  0.0492  0.3584  0.2189  0.3760  0.9960 0 
 46.0426 -0.5620  1.1908  0.1778  0.5600  0.0554  0.3925  0.2371  0.0278  0.9501 1 
 32.9442  0.5712 -1.9723  0.0452  0.2199  0.0522  0.2389  0.1447 -0.0003  0.3479 1 
 43.0762 -0.1661  0.9432  0.0092  0.4445  0.0905  0.3550  0.0029 -0.0003  0.1805 0 
 33.7377  0.1939 -2.2268  0.0000  0.0037  0.0097  0.0949 -0.0200 -0.0003  0.0709 0 
 51.6487 -0.2371  3.1199  0.0264  0.5620  0.0318  0.1270  0.0898 -0.0003  0.2121 0 
 47.6295  0.2423 -0.0373  0.0520  0.5864  0.0407  0.5619  0.1313 -0.0003  0.5602 0 
 44.0253 -0.4419 -0.2427  0.3864  0.5733  0.0433  0.3971  0.4038 -0.0003  0.9947 1 
 43.1189  0.4409  2.9013  0.7405  0.5301  0.0834  0.5324  0.6704 -0.0003  0.9980 1 
 56.8399 -0.6088 -2.7028  0.0482  0.5804  0.0228  0.2894  0.1218 -0.0003  0.2952 0 
 45.6794  0.5947  0.4132  0.0226  0.4753  0.0348  0.3059  0.0892 -0.0003  0.2106 0 
 45.4231  0.1222  2.9399  0.0756  0.0745  0.0533  0.3939  0.0114 -0.0003  0.1326 0 
 44.5380 -0.1084 -0.2141  0.0243  0.1025  0.2080  0.4839  0.1342 -0.0003  0.2099 0 
 49.2195 -0.4833  2.0560  0.1139  0.4924  0.1241  0.3858  0.1374 -0.0003  0.7422 0 
 47.9316  0.4569 -1.0752  0.0085  0.5669  0.0963  0.5179  0.0684 -0.0003  0.2375 0 
 53.4127 -0.6446 -1.9692  0.2724  0.5339  0.0719  0.7556  0.4573 -0.0003  0.9969 1 
 43.6042  0.6419  1.1871  0.1182  0.4929  0.0202  0.3981  0.1257 -0.0003  0.6302 1 
 49.1920  0.2408 -1.1244  0.5163  0.3199  0.0165  0.3001  0.3598 -0.0003  0.9939 1 
 48.6946 -0.2060  2.0371  0.2410  0.3269  0.1520  0.5158  0.2254  0.8101  0.9993 1 
 42.0142 -0.6398 -0.9458  0.0312  0.7275  0.0986  0.4468  0.0516  0.5616  0.9827 1 
 35.9594  0.6132  2.1919  0.2901  0.6692  0.0450  0.4195  0.2498  0.2833  0.9947 1 
 42.7008 -0.0596  2.0215  0.0008  0.3847  0.0180  0.3114  0.0306 -0.0003  0.0671 0 
 42.4384  0.1454 -1.1283  0.0025  0.1050  0.0590  0.4010  0.0323 -0.0003  0.0733 0 
 43.9490  0.5924 -0.6292  0.0740  0.2583  0.0509  0.3090  0.0969 -0.0003  0.4056 0 
 34.3236 -0.5864  2.5316  0.2660  0.5780  0.0085  0.2834  0.2447  0.1150  0.9174 0 
 46.3996 -0.6079  1.2391  0.0223  0.8213  0.0241  0.4352  0.0579 -0.0003  0.2264 0 
 39.9481  0.6111 -1.9208  0.1494  0.1551  0.0296  0.2717  0.0954 -0.0003  0.4143 0 
 47.8523 -0.4459  2.4297  0.0210  0.4955  0.0583  0.3454  0.0201 -0.0003  0.2385 0 
 38.2208  0.4295 -0.7433  0.0289  0.3953  0.0241  0.3667  0.0197 -0.0003  0.1585 0 
 41.4130  0.2259 -2.2163  0.5048  0.5217  0.0428  0.2691  0.5610 -0.0003  0.9978 1 
 31.0552 -0.2130  0.9202  0.0007  0.4167  0.0270  0.2916  0.0871 -0.0003  0.0997 1 
 61.2100 -0.4537 -3.0107  0.0131  0.2806  0.1439  0.3247  0.0692 -0.0003  0.2022 0 
 39.4110  0.4732  0.1342  0.0760  0.3507  0.0151  0.2273  0.1459 -0.0003  0.2688 0 
 49.0608  0.5425 -2.6143  0.0092  0.4462  0.0401  0.4290  0.2206 -0.0003  0.4058 0 
 41.6938 -0.5707  0.5770  0.0211  0.2913  0.0295  0.1343  0.0029 -0.0003  0.1746 0 
 48.5084 -0.0028 -1.8131  0.1149  0.3509  0.0458  0.2151  0.0818 -0.0003  0.5864 0 
 47.0558  0.0013  1.3195  0.0228  0.2242  0.0510  0.3902  0.0224 -0.0003  0.1471 0 
 57.1145  0.5636  1.5342  0.0124  0.1192  0.0383  0.4542  0.0296 -0.0003  0.0854 0 
 51.9844 -0.5833 -1.6185  0.0728  0.2699  0.0516  0.2114  0.1320 -0.0003  0.4856 0 
 52.3476  0.1973  0.0117  0.1679  0.5292  0.0147  0.1688  0.1331  0.0951  0.6694 0 
 46.7994 -0.2327  3.1199  0.0001  0.1027  0.0738  0.4342  0.0726 -0.0003  0.0789 0 
 42.8687 -0.6014 -0.7006  0.4520  0.1474  0.0366  0.5333  0.3704 -0.0003  0.9900 1 
 36.2036  0.6573  2.4220  0.0052  0.1895  0.0785  0.2791  0.0098  0.5865  0.9377 1 
 44.9409 -0.6541 -0.1941  0.0104  0.1006  0.0306  0.0878  0.0010 -0.0003  0.0849 0 
 37.2412  0.6620  2.9095  0.0465  0.5572  0.0392  0.2770  0.0438  0.2307  0.7030 0 
 48.1910  0.6487 -2.1535  0.5594  0.3251  0.0745  0.3879  0.4715 -0.0003  0.9971 1 
 44.3885 -0.6322  1.0124  0.3235  0.6629  0.0468  0.3962  0.4396 -0.0003  0.9948 1 
 49.0639 -0.6211  0.8308  0.2148  0.1999  0.0635  0.3003  0.3597 -0.0003  0.9532 1 
 43.3997  0.5875 -2.2739  0.2343  0.5776  0.0500  0.4429  0.4174 -0.0003  0.9913 1 
 39.0997 -0.6596  3.0663  0.0410  0.8219  0.0355  0.4555  0.0905 -0.0003  0.4527 0 
 33.8537  0.6701 -0.0543  0.0493  0.4861  0.0132  0.3793  0.0197  0.1492  0.5103 0 
 44.0742  0.4246 -0.0771  0.0847  0.1088  0.0241  0.3088  0.0976 -0.0003  0.1602 0 
 42.9786 -0.4205  3.0773  0.0247  0.6447  0.0283  0.2220  0.0628 -0.0003  0.1884 0 
 46.6712 -0.6588 -2.1069  0.1185  0.2997  0.1354  0.3476  0.0936 -0.0003  0.5762 0 
 41.9257  0.6440  1.0313  0.0399  0.2946  0.0291  0.3576  0.0389 -0.0003  0.1662 0 
 45.4963 -0.0198 -2.1278  0.0175  0.4444  0.0872  0.3937  0.0637 -0.0003  0.2341 0 
 38.6358  0.0209  1.0161  0.0165  0.5448  0.0430  0.3656  0.0312 -0.0003  0.2129 0 
 48.2460 -0.7511 -1.1015  0.0117  0.1260  0.0256  0.2585  0.0103 -0.0003  0.0502 0 
 22.0249  0.7332  1.9104  0.1214  0.2164  0.0508  0.2700  0.0909 -0.0003  0.5016 0 
 45.9358 -0.7780  1.6420  0.3438  0.4534  0.0842  0.4363  0.2253 -0.0003  0.9833 1 
 42.6581  0.7629 -1.5783  0.1072  0.4467  0.0526  0.5784  0.2701  0.4235  0.9945 1 
 47.3610 -0.6563  0.3512  0.0026  0.3530  0.1534  0.7359  0.0267 -0.0003  0.2481 0 
 45.6947  0.6601 -2.8375  0.0167  0.4593  0.0131  0.3933  0.0357 -0.0003  0.1039 0 
 48.4504 -0.2097  2.5535  0.0205  0.4035  0.0552  0.3013  0.0178 -0.0003  0.2286 0 
 45.3376  0.2160 -0.5920  0.0418  0.6291  0.0124  0.2189  0.0338 -0.0003  0.1554 0 
 54.1726  0.3002 -1.2457  0.0605  0.5472  0.0372  0.4183  0.0690 -0.0003  0.4721 0 
 41.9196 -0.2919  1.8888  0.0313  0.2685  0.0226  0.3576  0.0460 -0.0003  0.1105 0 
 46.4942 -0.6812 -1.0694  0.0092  0.2751  0.1303  0.5655  0.0328  0.1367  0.2956 0 
 46.0060  0.6629  2.0330  0.0298  0.3226  0.1322  0.4798  0.0513 -0.0003  0.2605 0 
 45.5726  0.6508 -2.3171  0.0104  0.3164  0.0353  0.4373  0.0460 -0.0003  0.1345 0 
 40.1282 -0.6354  0.8694  0.0107  0.1735  0.0475  0.0452 -0.0200 -0.0003  0.1989 0 
 44.8615 -0.2323 -0.8067  0.0055  0.2387  0.0199  0.3073  0.0287 -0.0003  0.0511 0 
 44.4343  0.2317  2.3397  0.0182  0.0206  0.0293  0.2201  0.1258 -0.0003  0.0735 0 
 38.7884  0.2569  1.7787  0.0634  0.3044  0.0309  0.1826  0.0718 -0.0003  0.2357 0 
 36.8109 -0.2539 -1.3760  0.0832  0.1451  0.0095  0.2316  0.1927 -0.0003  0.2565 0 
 52.8603  0.7574  0.5896  0.0518  0.3089  0.0745  0.2946  0.0071 -0.0003  0.3002 0 
 51.5816 -0.7684 -2.6259  0.0197  0.4562  0.0452  0.3812  0.0234 -0.0003  0.2131 0 
 45.1087  0.7487 -2.6485  0.0465  0.2250  0.0422  0.3069  0.0399 -0.0003  0.1758 0 
 44.1779 -0.7621  0.5076  0.0116  0.0877  0.0202  0.0882  0.0944 -0.0003  0.0666 0 
 49.0242 -0.0216 -0.6600  0.0234  0.6634  0.0595  0.5149  0.0153 -0.0003  0.2500 0 
 45.4780  0.0322  2.5177  0.0178  0.2441  0.0512  0.4813  0.0557 -0.0003  0.1774 0 
 46.1585 -0.2360  0.2809  0.0089  0.3056  0.0970  0.3922  0.0381 -0.0003  0.1613 0 
 44.7364  0.2625 -2.8632  0.0288  0.1332  0.1231  0.3954  0.0557 -0.0003  0.1264 0 
 53.2448 -0.4294 -1.4692  0.0068  0.3059  0.0579  0.2521  0.0543  0.1121  0.3188 0 
 46.6957  0.4458  1.6621  0.0301  0.3673  0.1227  0.5648  0.0203 -0.0003  0.2647 0 
 56.7758 -0.3295  0.0013  0.0455  0.2038  0.0435  0.4548  0.0541 -0.0003  0.2275 0 
 43.5584  0.3272 -3.1359  0.1492  0.6807  0.0160  0.2655  0.1198 -0.0003  0.6417 0 
 47.0497 -0.7009 -1.0154  0.1205  0.3595  0.0504  0.8239  0.2399 -0.0003  0.9189 1 
 40.2960  0.7056  2.1386  0.6802  0.3933  0.0189  0.3615  0.8090 -0.0003  0.9983 1 
 43.9460  0.5568 -1.8465  0.3702  0.4808  0.0368  0.6180  0.3665 -0.0003  0.9900 0 
 41.1322 -0.5617  1.2963  0.0325  0.3619  0.0208  0.4943  0.0977 -0.0003  0.2665 0 
 46.2867  0.0629  0.2254  0.0306  0.7182  0.0309  0.3048  0.0236 -0.0003  0.2478 0 
 39.5117 -0.0411 -2.9140  0.0745  0.3418  0.0458  0.2725  0.0554 -0.0003  0.3930 0 
 41.8524  0.2632 -2.6553  0.0504  0.2744  0.0320  0.2236  0.0113 -0.0003  0.1880 0 
 36.9085 -0.2611  0.4471  0.0294  0.3632  0.0349  0.1388  0.0673  0.2437  0.6753 0 
 56.1990 -0.2089 -2.0105  0.2005  0.0915  0.0244  0.2487  0.0273 -0.0003  0.3330 0 
 41.2909  0.2130  1.1438  0.0233  0.5297  0.0193  0.2244  0.0235 -0.0003  0.1351 0 
 51.7678 -0.5274 -2.4191  0.0278  0.1379  0.0309  0.1269  0.0041 -0.0003  0.0905 0 
 47.0680  0.5038  0.7041  0.0300  0.1869  0.0630  0.3035  0.0037 -0.0003  0.1490 0 
 44.3641 -0.0699  1.6604  0.0508  0.0864  0.3811  0.3523  0.0123 -0.0003  0.1257 0 
 42.4109  0.0626 -1.4587  0.0410  0.1642  0.0280  0.2228  0.0900 -0.0003  0.1078 0 
 46.3539 -0.7839  0.8662  0.0160  0.3645  0.0305  0.4788  0.0432  0.1339  0.3651 0 
 45.1209  0.7988 -2.2781  0.0739  0.3131  0.0195  0.3507  0.0524 -0.0003  0.2378 0 
 43.5920 -0.5732  0.7816  0.0239  0.1876  0.0391  0.3539  0.0840 -0.0003  0.1207 0 
 43.0945  0.5633 -2.3411  0.0216  0.5596  0.0435  0.2219  0.0436 -0.0003  0.2601 0 
 48.8624 -0.4233  1.2976  0.1792  0.0346  0.0293  0.2147  0.1799 -0.0003  0.4005 0 
 31.5587  0.4355 -1.8394  0.0834  0.1728  0.0255  0.2419  0.1534 -0.0003  0.3172 0 
 43.8758  0.0763  0.0058  0.0212  0.6654  0.0284  0.6183  0.0540 -0.0003  0.2971 0 
 36.2310 -0.0837 -3.1114  0.0322  0.2240  0.0827  0.3256  0.0967 -0.0003  0.2518 0 
 43.8697  0.6650 -1.3965  0.0098  0.1739  0.0241  0.3092  0.0500 -0.0003  0.0500 0 
 35.4711 -0.6548  1.7963  0.0095  0.4823  0.0269  0.3744  0.0568 -0.0003  0.1273 0 
 47.5074 -0.6904  1.8310  0.0908  0.5321  0.0218  0.3028  0.0731 -0.0003  0.3979 0 
 45.2827  0.6922 -1.3175  0.0214  0.4019  0.0183  0.2628  0.0115 -0.0003  0.1118 0 
 45.8015 -0.2756 -2.2048  0.2830  0.6782  0.0375  0.4803  0.1092 -0.0003  0.8453 0 
 40.7996  0.2562  0.9267  0.0836  0.1640  0.0342  0.2702  0.0460 -0.0003  0.1878 0 
 45.4322 -0.7975  2.4975  0.0069  0.0262  0.0055  0.1313  0.0197 -0.0003  0.0394 0 
 45.0477  0.7977 -0.6199  0.0207  0.1660  0.0498  0.3947  0.0917 -0.0003  0.1373 0 
 42.3285 -0.0045 -2.0257  0.0658  0.1667  0.0229  0.3121  0.0937 -0.0003  0.1641 0 
 36.0845 -0.0082  1.1330  0.0030  0.2035  0.0121  0.4191  0.0131 -0.0003  0.0502 0 
 51.6976  0.1341  0.3176  0.0888  0.4979  0.0595  0.3810  0.0286 -0.0003  0.5281 0 
 46.9368 -0.0907 -2.7820  0.0545  0.1531  0.0530  0.3905  0.2247 -0.0003  0.3993 0 
 48.4352  0.4482 -2.7511  0.0571  0.6461  0.0168  0.3443  0.0753 -0.0003  0.2814 0 
 45.1301 -0.4527  0.3820  0.0164  0.2707  0.0224  0.2630  0.0545 -0.0003  0.0732 0 
 50.0801  0.2006 -1.1668  0.0430  0.2709  0.0453  0.3840  0.0480 -0.0003  0.2321 0 
 40.7813 -0.1750  1.9756  0.0450  0.6642  0.0415  0.4053  0.0479  0.1711  0.6298 0 
 52.3720 -0.1179  3.0843  0.0158  0.1395  0.2176  0.4641  0.1495 -0.0003  0.2502 0 
 45.9083  0.0973 -0.0958  0.0232  0.1809  0.0254  0.4364  0.0453  0.0924  0.2302 0 
 46.1463 -0.4688 -2.7341  0.0234  0.0436  0.0134  0.2615  0.1011 -0.0003  0.0488 0 
 45.9571  0.4813  0.3944  0.0329  0.1258  0.0080  0.1745  0.0256 -0.0003  0.0412 0 
 51.7769  0.0078  2.8194  0.0225  0.3399  0.0403  0.4654  0.0513 -0.0003  0.2102 0 
 47.8340  0.0021 -0.2666  0.0358  0.4419  0.0384  0.2591  0.0212 -0.0003  0.2488 0 
 48.4504 -0.1145 -2.4700  0.0080  0.1321  0.0918  0.5164  0.0507 -0.0003  0.1105 0 
 45.3803  0.1343  0.6376  0.0138  0.3697  0.0306  0.2626  0.0056  0.0585  0.2349 0 
 50.2327 -0.7629  1.0087  0.0009  0.3711  0.1331  0.6396  0.2746  0.1349  0.7246 0 
 41.8738  0.7296 -2.0699  0.0104  0.5828  0.0550  0.3577  0.0412 -0.0003  0.2142 0 
 51.0597 -0.0214  1.1025  0.0062  0.2402  0.1347  0.5095  0.1114 -0.0003  0.2125 0 
 46.8574 -0.0076 -2.0483  0.0298  0.4738  0.1372  0.4341  0.0981 -0.0003  0.3205 0 
 42.8656 -0.2838  0.8178  0.3148  0.3953  0.0937  0.4888  0.3795 -0.0003  0.9963 1 
 34.3847  0.2554 -2.4018  0.2777  0.4159  0.0190  0.2832  0.2277 -0.0003  0.8697 1 
 50.3334 -0.7943 -1.6704  0.1059  0.4498  0.1165  0.6392  0.2543  0.2560  0.9538 0 
 36.7651  0.7947  1.4537  0.0613  0.5722  0.0420  0.5096  0.2972 -0.0003  0.8234 0 
 60.1999  0.5215 -1.6525  0.0043  0.4485  0.0361  0.1630  0.0217 -0.0003  0.1870 0 
 39.0814 -0.5036  1.4368  0.0338  0.1904  0.0740  0.5467  0.0300 -0.0003  0.2228 0 
 47.4403  0.2545  2.3830  0.0205  0.5426  0.0577  0.3029  0.2086 -0.0003  0.5849 0 
 31.2718 -0.2392 -0.7431  0.0256  0.3890  0.0089  0.2425  0.1220 -0.0003  0.1241 0 
 44.3732 -0.2917  0.0254  0.0150  0.2985  0.0492  0.5284  0.0493 -0.0003  0.1992 0 
 41.3550  0.3281 -3.0754  0.0158  0.0956  0.0349  0.4038  0.0735 -0.0003  0.0778 0 
 47.7394  0.7222  1.9421  0.0233  0.1740  0.0532  0.3024  0.0858 -0.0003  0.1315 0 
 44.6326 -0.7237 -1.1628  0.0628  0.0737  0.0220  0.1319  0.0167 -0.0003  0.0635 0 
 33.8201  0.5193  0.7678  0.1723  0.6038  0.0325  0.3320  0.1717  0.2512  0.9605 1 
 26.9749 -0.5374 -2.4304  0.4669  0.7745  0.0338  0.4055  0.7125  0.3160  0.9994 1 
 44.3458 -0.7227  2.0131  0.0562  0.2871  0.0132  0.3083  0.0912 -0.0003  0.1513 0 
 44.2634  0.7051 -1.1180  0.0176  0.7618  0.0276  0.3084  0.0971 -0.0003  0.2190 0 
 58.1277 -0.2631 -0.3894  0.0754  0.1807  0.0360  0.1644  0.0021 -0.0003  0.2143 0 
 47.0710  0.2666  2.7936  0.0071  0.3601  0.0240  0.1734  0.0089 -0.0003  0.1250 0 
 52.1157 -0.6514 -1.6533  0.0318  0.3478  0.0860  0.5491  0.0316 -0.0003  0.2724 0 
 45.0690  0.6624  1.4890  0.0069  0.0427  0.1240  0.1316  0.0319 -0.0003  0.0813 0 
 46.2837 -0.4429 -0.8524  0.0160  0.2720  0.1184  0.4791  0.0240 -0.0003  0.1824 0 
 41.2543  0.4169  2.2930  0.0266  0.3279  0.0666  0.2245  0.0652 -0.0003  0.2863 0 
 46.0609  0.3767 -2.5717  0.0953  0.5793  0.1084  0.2180  0.0560 -0.0003  0.6377 0 
 38.5626 -0.3871  0.5980  0.0100  0.5980  0.0276  0.5030  0.0820  0.1251  0.4250 0 
 47.0497 -0.4183 -1.1511  0.6532  0.6819  0.0222  0.4770  0.8006 -0.0003  0.9984 1 
 43.9948  0.4005  2.0411  0.1865  0.2712  0.0886  0.4855  0.2652  0.1050  0.9605 1 
 46.9429  0.2244  0.0891  0.0375  0.3215  0.0307  0.2603  0.1638 -0.0003  0.3001 0 
 40.0458 -0.2044 -3.0561  0.0050  0.2977  0.0409  0.2715  0.1251 -0.0003  0.1558 0 
 42.8229  0.3877 -2.0952  0.0886  0.4660  0.0318  0.2667  0.0152 -0.0003  0.4367 0 
 37.4121 -0.3670  1.0525  0.0000  0.1010  0.0087  0.0922  0.0087 -0.0003  0.0501 0 
 44.7211  0.7107 -0.5866  0.0428  0.1003  0.0231  0.3076  0.0157 -0.0003  0.0624 0 
 44.6693 -0.7164  2.5775  0.0005  0.3960  0.0317  0.2198  0.0228 -0.0003  0.1172 0 
 45.6550  0.7762 -1.2922  0.0821  0.1227  0.0105  0.2185  0.0963 -0.0003  0.1075 0 
 45.3559 -0.7856  1.8217  0.0000  0.0567  0.0332  0.3065  0.0261 -0.0003  0.0475 0 
 52.9091 -0.7303  1.7792  0.0973  0.2329  0.0423  0.1263  0.0452 -0.0003  0.3620 0 
 46.4149  0.7400 -1.4081  0.1160  0.2203  0.0240  0.3481  0.0565  0.0964  0.6024 0 
 58.2315 -0.2902  2.8469  0.0493  0.1140  0.0202  0.1643  0.0222 -0.0003  0.0604 0 
 47.2175  0.2867 -0.3003  0.0313  0.1419  0.0204  0.1733  0.0534 -0.0003  0.0585 0 
 51.8074 -0.7035 -1.9805  0.0212  0.2314  0.1104  0.5077  0.0663  0.2142  0.3930 0 
 43.7690  0.6982  1.1326  0.0335  0.1941  0.0098  0.2210  0.0121 -0.0003  0.0562 0 
 42.5299  0.2612  2.9676  0.0450  0.4225  0.0480  0.3562  0.1039  0.3651  0.9084 1 
 37.4487 -0.3022 -0.1446  0.2341  0.2994  0.0335  0.3227  0.2217  0.3099  0.9967 1 
 44.0009 -0.7430 -1.2699  0.1182  0.4023  0.0355  0.4854  0.2496 -0.0003  0.8517 0 
 39.2554  0.7313  1.8728  0.0315  0.1468  0.1061  0.5005  0.0285 -0.0003  0.1646 0 
 46.0334 -0.6381 -0.9054  0.0192  0.5447  0.0488  0.3925  0.0455 -0.0003  0.2368 0 
 43.5828  0.6319  2.2372  0.0015  0.6533  0.0204  0.2655  0.0884 -0.0003  0.1255 0 
 45.7221 -0.2298  2.7845  0.0196  0.1756  0.0094  0.1311  0.0065 -0.0003  0.0599 0 
 43.5187  0.2424 -0.3480  0.0034  0.2731  0.0138  0.3098  0.0043 -0.0003  0.0548 0 
 49.8390 -0.7920  0.8580  0.1017  0.3198  0.0402  0.2564  0.0560 -0.0003  0.4421 0 
 46.3416  0.7714 -2.1411  0.0029  0.2847  0.2831  0.3918  0.0793 -0.0003  0.2561 0 
 53.8277 -0.7180  0.9647  0.0479  0.3187  0.1573  0.5028  0.0623  0.1626  0.5353 0 
 45.6092  0.7125 -2.1652  0.1158  0.3591  0.1026  0.3497  0.1873 -0.0003  0.8263 0 
 46.7201 -0.5504  3.1412  0.0117  0.2738  0.1006  0.4344  0.0250 -0.0003  0.1593 0 
 43.2898  0.5619  0.0163  0.0225  0.0547  0.1262  0.3546  0.0209 -0.0003  0.0534 0 
 47.8096 -0.3470  2.8513  0.0174  0.3071  0.1003  0.5614  0.2289 -0.0003  0.4115 0 
 43.0365  0.3240 -0.3229  0.0000  0.1104  0.0183  0.1332  0.0040 -0.0003  0.0535 0 
 45.8564  0.1358 -2.0918  0.1931  0.6789  0.1024  0.6548  0.2976 -0.0003  0.9828 1 
 41.4588 -0.0582  1.0733  0.2797  0.6211  0.0552  0.7174  0.2379 -0.0003  0.9829 1 
 44.0894  0.1695  1.4245  0.0143  0.3742  0.0343  0.4411  0.0235 -0.0003  0.1631 0 
 41.9745 -0.1648 -1.7448  0.0063  0.2356  0.1621  0.3575  0.0041 -0.0003  0.1480 0 
 52.7260 -0.0485  1.4388  0.0120  0.2365  0.0629  0.2948  0.0124 -0.0003  0.1397 0 
 43.0213  0.0820 -1.7328  0.1083  0.2577  0.0193  0.2664  0.1885 -0.0003  0.4644 0 
 47.3793 -0.2000  2.2822  0.0005  0.1350  0.0274  0.2164  0.0793  0.1308  0.2209 0 
 29.8070  0.1921 -0.8393  0.0154  0.1175  0.0154  0.2952  0.0703 -0.0003  0.0421 0 
 50.9651 -0.5355 -2.9381  0.0240  0.1626  0.1076  0.2974  0.1651 -0.0003  0.2670 0 
 43.7263  0.5302  0.1928  0.0031  0.4775  0.0157  0.2652  0.1292 -0.0003  0.1187 0 
 46.6621 -0.0395  0.7224  0.0354  0.0976  0.0161  0.2607  0.0746 -0.0003  0.0502 0 
 40.9064  0.0443 -2.4168  0.0000  0.3154  0.0231  0.0900  0.0054 -0.0003  0.1616 0 
 46.8177  0.2844 -1.6889  0.0183  0.1404  0.0522  0.3474  0.0096 -0.0003  0.0944 0 
 45.4719 -0.2837  1.4403  0.0456  0.3705  0.0195  0.2625  0.0411 -0.0003  0.1393 0 
 49.9947  0.7421  3.0145  0.0147  0.4640  0.2338  0.4696  0.0803 -0.0003  0.2868 0 
 40.5005 -0.7448 -0.1695  0.0048  0.5771  0.0369  0.3158  0.0805 -0.0003  0.1694 0 
 47.2786  0.7807 -2.4291  0.0206  0.2042  0.0561  0.2165  0.0023 -0.0003  0.1479 0 
 46.1494 -0.7723  0.6958  0.0032  0.1162  0.0226  0.3051  0.0319  0.1120  0.1386 0 
 46.3935  0.3382  1.8659  0.0027  0.4518  0.0647  0.3917  0.0082 -0.0003  0.1670 0 
 44.2390 -0.3336 -1.2651  0.0200  0.1301  0.0337  0.2644  0.1236 -0.0003  0.0939 0 
 50.2968 -0.1482  2.1930  0.3035  0.3889  0.0292  0.3836  0.4560 -0.0003  0.9926 0 
 41.9196  0.1712 -0.9441  0.0225  0.2700  0.0482  0.4917  0.0207 -0.0003  0.1924 0 
 32.6574 -0.7528  2.0435  0.0227  0.0543  0.0220  0.1916  0.0233  0.1230  0.1740 0 
 30.2922  0.7411 -1.0851  0.0321  0.4009  0.0366  0.2938  0.0229 -0.0003  0.2080 0 
 48.9845 -0.5574  1.2930  0.0122  0.2202  0.0267  0.3004  0.0327 -0.0003  0.0630 0 
 40.9339  0.5582 -1.8264  0.0153  0.1745  0.0554  0.4949  0.1768 -0.0003  0.2311 0 
 43.4180 -0.2295 -0.3944  0.0720  0.2163  0.0258  0.3543  0.0234  0.1770  0.5491 0 
 23.6606  0.2016  2.7870  0.0070  0.5292  0.0242  0.4223  0.1480 -0.0003  0.2169 0 
 47.6570 -0.2427  1.6808  0.2069  0.4096  0.1174  0.5186  0.1649 -0.0003  0.9073 1 
 39.9237  0.2756 -1.4579  0.2698  0.3615  0.0504  0.3171  0.4727  0.4539  0.9996 1 
 48.6641 -0.4244  0.3508  0.0730  0.2914  0.0178  0.2579  0.0742 -0.0003  0.1814 0 
 44.2054  0.4236 -2.8317  0.0109  0.0820  0.0376  0.3526  0.0848 -0.0003  0.0678 0 
 44.8676 -0.7599 -1.9649  0.0343  0.0627  0.0424  0.2195  0.1080 -0.0003  0.0928 0 
 43.9124  0.7751  1.2275  0.0003  0.1160  0.0104  0.3091  0.2043 -0.0003  0.0831 0 
 57.3098  0.5764 -1.1877  0.0066  0.1922  0.0706  0.2475  0.0167 -0.0003  0.1163 0 
 47.5105 -0.5450  1.9361  0.0165  0.2268  0.0514  0.3893  0.0961 -0.0003  0.1633 0 
 38.8312 -0.1846 -2.2577  0.1272  0.2546  0.0246  0.2282  0.1193 -0.0003  0.4396 0 
 35.1537  0.1534  0.8603  0.0756  0.6242  0.0152  0.5630  0.0175 -0.0003  0.5312 0 
 51.9051 -0.7522  1.7377  0.0249  0.4256  0.0384  0.3805  0.0020 -0.0003  0.2233 0 
 43.0365  0.7451 -1.3540  0.0706  0.4848  0.0421  0.4883  0.0060 -0.0003  0.4428 0 
 49.1341 -0.3808 -0.2172  0.0095  0.5073  0.1256  0.6432  0.0406 -0.0003  0.2435 0 
 41.8708  0.3495  2.8914  0.0175  0.3124  0.0124  0.3130  0.0038 -0.0003  0.0756 0 
 46.0151  0.2359  0.2481  0.3160  0.2667  0.0179  0.3925  0.2394 -0.0003  0.9092 0 
 43.3753 -0.2513 -2.8971  0.0636  0.3575  0.1190  0.3987  0.0328 -0.0003  0.3455 0 
 48.1910 -0.4193  2.8348  0.0020  0.0569  0.0811  0.2585  0.0532 -0.0003  0.0706 0 
 42.3133  0.3823 -0.3104  0.0154  0.2063  0.0255  0.0892  0.0038 -0.0003  0.1281 0 
 49.1371  0.7726 -0.7656  0.0099  0.1638  0.0651  0.3859  0.1641 -0.0003  0.1786 0 
 45.4109 -0.7702  2.3944  0.0033  0.5527  0.0279  0.4377  0.1124 -0.0003  0.1811 0 
 61.3046  0.7071 -1.5163  0.0457  0.2230  0.0994  0.3652  0.0058 -0.0003  0.2136 0 
 32.2484 -0.6995  1.6273  0.0112  0.1720  0.0194  0.0962  0.0043 -0.0003  0.0841 0 
 38.6236  0.4395 -0.9386  0.1123  0.1237  0.0399  0.3656  0.1928 -0.0003  0.5030 0 
 36.9055 -0.4706  2.1941  0.0376  0.6801  0.0291  0.3702  0.0140 -0.0003  0.2903 0 
 48.6549 -0.3814  3.1086  0.0542  0.1152  0.0345  0.3439  0.1104 -0.0003  0.1540 0 
 45.4536  0.3724 -0.0237  0.0413  0.5050  0.0235  0.1750  0.0056 -0.0003  0.2098 0 
 53.9345  0.2225 -2.6360  0.0323  0.1324  0.0569  0.2932  0.0508 -0.0003  0.1075 0 
 49.2805 -0.2388  0.4789  0.0467  0.2414  0.0196  0.2999  0.0836 -0.0003  0.1306 0 
 44.8981  0.7591  2.2825  0.2497  0.6255  0.0668  0.3512  0.1641 -0.0003  0.9499 1 
 43.3387 -0.7539 -0.8703  0.1128  0.4363  0.0340  0.6646  0.1453 -0.0003  0.8024 1 
 37.5891 -0.5362 -0.4067  0.0046  0.5536  0.0191  0.1842  0.0016 -0.0003  0.1457 0 
 35.5138  0.5221  2.7466  0.0698  0.3520  0.0248  0.2807  0.1592 -0.0003  0.3884 0 
 46.3630  0.4195 -2.9292  0.0026  0.2172  0.0519  0.3482  0.0137 -0.0003  0.0993 0 
 42.9084 -0.4075  0.2125  0.0064  0.0696  0.0218  0.2666  0.0219 -0.0003  0.0403 0 
 46.4149 -0.4602 -1.1325  0.0266  0.3931  0.0374  0.4352  0.0447 -0.0003  0.2240 0 
 43.8697  0.4406  1.9980  0.0036  0.1840  0.0686  0.4417  0.0287 -0.0003  0.1063 0 
 47.3854 -0.5755  2.4053  0.1313  0.7013  0.0494  0.2597  0.2255 -0.0003  0.9105 1 
 36.0540  0.6003 -0.8297  0.3934  0.4792  0.0320  0.3261  0.4693 -0.0003  0.9961 1 
 48.9479  0.5839  2.4060  0.0211  0.1560  0.0410  0.6009  0.0275 -0.0003  0.1716 0 
 45.7069 -0.5695 -0.7621  0.0074  0.4318  0.0180  0.2184  0.0508 -0.0003  0.0941 0 
 56.2203  0.4494 -1.5282  0.0215  0.2918  0.0352  0.1658  0.0108 -0.0003  0.1660 0 
 55.4604 -0.4468  1.6394  0.0561  0.1481  0.0518  0.2911  0.0433 -0.0003  0.1533 0 
 48.1697  0.1515  0.7083  0.0057  0.1523  0.0190  0.3017  0.0756 -0.0003  0.0434 0 
 47.4525 -0.1332 -2.4454  0.0032  0.4883  0.0336  0.5192  0.0226 -0.0003  0.1613 0 
 46.8147 -0.1719 -1.9804  0.1243  0.3056  0.0361  0.2605  0.2114 -0.0003  0.7225 0 
 46.3539  0.1447  1.1432  0.0054  0.4972  0.1237  0.4353  0.0063 -0.0003  0.1935 0 
 45.5604  0.2330  1.8441  0.0959  0.2912  0.0077  0.2186  0.0906 -0.0003  0.1810 0 
 44.5167 -0.2271 -1.2971  0.0575  0.1539  0.0203  0.1320  0.0123 -0.0003  0.1000 0 
 44.3153 -0.6297 -3.1303  0.9991  0.3743  0.0423  0.6167  0.8647 -0.0003  0.9978 1 
 40.2411  0.6188 -0.0211  0.0548  0.1297  0.0925  0.1808  0.0281 -0.0003  0.1733 1 
 56.9528 -0.7311  2.1301  0.1498  0.2431  0.0906  0.4544  0.0910 -0.0003  0.6339 0 
 39.7345  0.7414 -0.9322  0.0425  0.3534  0.0577  0.2721  0.0869 -0.0003  0.3601 0 
 50.0465 -0.4073 -2.1376  0.0302  0.1745  0.0244  0.4694  0.0189 -0.0003  0.1222 0 
 48.4749  0.4094  1.0023  0.0250  0.0989  0.0133  0.2582  0.0435 -0.0003  0.0383 0 
 47.1229  0.5510  2.1846  0.1130  0.0876  0.0546  0.2167  0.0677 -0.0003  0.1902 0 
 44.5289 -0.5785 -0.9319  0.0179  0.1349  0.0538  0.4399  0.0810 -0.0003  0.1241 0 
 43.8209 -0.4990 -2.4312  0.0161  0.1113  0.0768  0.5743  0.0237 -0.0003  0.1253 0 
 42.2004  0.4965  0.7020  0.0427  0.3543  0.0689  0.2678  0.0418 -0.0003  0.3261 0 
 50.9377  0.4087  1.5281  0.0130  0.2719  0.0933  0.5523  0.0208 -0.0003  0.1855 0 
 38.4253 -0.3987 -1.5994  0.0197  0.3790  0.0573  0.4577  0.0264 -0.0003  0.2109 0 
 43.3204  0.7562  1.9723  0.0773  0.2721  0.0743  0.3102  0.0101  0.6144  0.9926 1 
 40.9308 -0.7471 -1.1751  0.1904  0.1046  0.0300  0.6299  0.2436  0.1732  0.9434 1 
 42.9358 -0.7625  2.5516  0.0314  0.6146  0.0260  0.2221  0.1202 -0.0003  0.2358 0 
 36.6979  0.7639 -0.5922  0.0068  0.1300  0.0685  0.1854  0.0049 -0.0003  0.1012 0 
 42.7436  0.6123  1.0936  0.0832  0.1217  0.1559  0.2668  0.0818 -0.0003  0.3073 0 
 36.7193 -0.5850 -1.9920  0.1397  0.4915  0.0386  0.3707  0.1356 -0.0003  0.7870 0 
 42.2980  0.7027 -0.5417  0.0002  0.4337  0.0451  0.3122  0.1524 -0.0003  0.2492 0 
 27.2129 -0.6775  2.5843  0.0022  0.1850  0.0096  0.1011  0.0082 -0.0003  0.0631 0 
 44.4190  0.6794 -1.7798  0.0546  0.1856  0.0682  0.3962  0.1331 -0.0003  0.3525 0 
 43.6744 -0.6682  1.4020  0.0099  0.2402  0.0272  0.3537  0.0483 -0.0003  0.0714 0 
 46.6224  0.1303 -0.9022  0.0035  0.1787  0.2575  0.4781  0.0789 -0.0003  0.1895 0 
 46.2745 -0.1153  2.2653  0.0481  0.1005  0.0913  0.3484  0.0651 -0.0003  0.1331 0 
 47.9652  0.4398 -2.7300  0.0256  0.2041  0.0462  0.3020  0.1910 -0.0003  0.2957 0 
 43.3326 -0.4438  0.4258  0.0164  0.1456  0.0466  0.2216  0.0051 -0.0003  0.0888 0 
 43.1861  0.1266 -0.3844  0.0086  0.3011  0.0385  0.4435  0.0825 -0.0003  0.1491 0 
 35.6268 -0.1145  2.7933  0.0210  0.1921  0.0194  0.4206  0.1485 -0.0003  0.1429 0 
 42.4567  0.6583  2.5582  0.0446  0.6121  0.0581  0.7128  0.2274  0.2011  0.8757 1 
 42.3194 -0.6659 -0.6200  0.0723  0.5501  0.0633  0.4013  0.1047 -0.0003  0.5945 1 
 47.3182  0.4930 -2.0608  0.0006  0.4249  0.0123  0.2165  0.0093 -0.0003  0.0856 0 
 47.1290 -0.4978  1.0878  0.0234  0.2773  0.0435  0.3468  0.2269 -0.0003  0.3919 0 
 49.4911  0.1890 -2.0513  0.6453  0.3935  0.0379  0.3852  0.3400 -0.0003  0.9945 1 
 44.1230 -0.1860  1.1065  0.5530  0.5924  0.0352  0.3528  0.6014 -0.0003  0.9980 1 
 51.1940  0.4921 -0.2177  0.0631  0.1736  0.0453  0.3819  0.0902 -0.0003  0.2625 0 
 46.9856 -0.4632  2.9276  0.0694  0.5217  0.0283  0.2603  0.0960 -0.0003  0.3717 0 
 42.5208 -0.1077 -0.4875  0.0013  0.2487  0.0971  0.1781  0.1743 -0.0003  0.3711 0 
 42.2827  0.1052  2.6231  0.0403  0.2380  0.0653  0.6244  0.0839 -0.0003  0.3710 0 
 46.3722 -0.3879  2.0487  0.0870  0.2348  0.0506  0.3918  0.0765  0.2614  0.7484 0 
 44.9836  0.3913 -1.0850  0.0306  0.3572  0.0318  0.1316  0.0378 -0.0003  0.1908 0 
 49.3111  0.0698 -2.7486  0.0088  0.5594  0.1261  0.6855  0.0513 -0.0003  0.2597 0 
 32.1172 -0.0773  0.4166  0.0810  0.4040  0.0714  0.3370  0.3112  0.2484  0.9361 0 
 50.3822 -0.1618  0.4959  0.1152  0.1258  0.0245  0.2130  0.0673 -0.0003  0.1866 0 
 43.8270  0.2055 -2.6720  0.0438  0.4621  0.0670  0.3976  0.0092 -0.0003  0.2982 0 
 47.4525  0.3469 -2.4745  0.0342  0.4393  0.0500  0.4327  0.0383 -0.0003  0.2851 0 
 45.9663 -0.3558  0.6473  0.0308  0.3706  0.0417  0.4363  0.0115 -0.0003  0.2361 0 
 49.2897 -0.0635 -2.5815  0.0300  0.1952  0.0376  0.2999  0.0532 -0.0003  0.1061 0 
 49.0303  0.0741  0.5679  0.0320  0.7175  0.0570  0.4720  0.0600 -0.0003  0.3426 0 
 56.3241 -0.3997  2.1933  0.0044  0.4518  0.0915  0.4557  0.0173  0.1224  0.2701 0 
 45.6916  0.3845 -0.9563  0.0387  0.3297  0.0605  0.2185  0.0252 -0.0003  0.2962 0 
 52.9915  0.7756 -1.2222  0.0209  0.6154  0.1706  0.4627  0.1094  0.1819  0.6061 0 
 44.8371 -0.7724  1.9466  0.0308  0.3070  0.1339  0.4830  0.2520 -0.0003  0.5522 0 
 49.1035  0.3753 -2.6269  0.0256  0.3544  0.0327  0.3431  0.1196 -0.0003  0.2198 0 
 47.1077 -0.3770  0.5065  0.0249  0.2019  0.0778  0.4769  0.0361 -0.0003  0.1774 0 
 48.8502 -0.5438 -0.4221  0.0059  0.2904  0.1873  0.4724  0.2065 -0.0003  0.3715 0 
 46.3020  0.5495  2.6984  0.0112  0.3437  0.0455  0.3048  0.0391  0.2433  0.5100 0 
 56.4950  0.2294  0.9056  0.0625  0.4554  0.0619  0.2070  0.0366 -0.0003  0.4865 0 
 50.5318 -0.1735 -2.2201  0.0178  0.2983  0.0825  0.1277  0.0051 -0.0003  0.3117 0 
 47.7729  0.5783 -2.7829  0.0035  0.3112  0.0806  0.3887  0.0407 -0.0003  0.1474 0 
 45.2674 -0.5735  0.3134  0.0374  0.4204  0.0360  0.5694  0.0257 -0.0003  0.3193 0 
 53.9834  0.2083 -2.6556  0.0160  0.5717  0.1555  0.3350  0.0977 -0.0003  0.3299 0 
 47.7394 -0.2143  0.5197  0.0261  0.4587  0.1093  0.7776  0.1017 -0.0003  0.4097 0 
 51.0536 -0.0094  0.0570  0.0444  0.1744  0.1360  0.3821  0.0142 -0.0003  0.1807 0 
 48.4199  0.0006 -3.0584  0.0597  0.2473  0.0361  0.1722  0.0240 -0.0003  0.2180 0 
 57.1633  0.3331 -2.6104  0.1234  0.3161  0.0924  0.4128  0.1828 -0.0003  0.8166 1 
 40.8759 -0.3030  0.4882  0.2139  0.3946  0.0300  0.6751  0.3122 -0.0003  0.9760 1 
 50.2174 -0.2881 -0.6485  0.0208  0.3800  0.0591  0.4691  0.0291 -0.0003  0.2176 0 
 49.1341  0.2749  2.5227  0.0407  0.2333  0.0652  0.3859  0.0174 -0.0003  0.2139 0 
 49.3843 -0.2860  2.0926  0.3073  0.4628  0.0505  0.1713  0.4298  0.4991  0.9997 1 
 36.5270  0.2728 -0.9927  0.1707  0.2607  0.0182  0.4641  0.2055 -0.0003  0.7958 1 
 45.4200  0.2472  1.0173  0.0200  0.6038  0.0259  0.3063  0.0800 -0.0003  0.1728 0 
 45.3925 -0.2555 -2.1307  0.0026  0.2024  0.0431  0.4815  0.1019 -0.0003  0.1293 0 
 46.8788  0.6286 -2.3116  0.0329  0.1655  0.0339  0.4341  0.0169 -0.0003  0.1272 0 
 44.5777 -0.6255  0.8432  0.1004  0.7288  0.0060  0.2639  0.1650 -0.0003  0.5066 0 
 51.6579 -0.5422 -2.1169  0.0748  0.2155  0.1489  0.6350  0.0407 -0.0003  0.4315 0 
 40.9003  0.5333  1.0081  0.2018  0.8832  0.0088  0.3600  0.3382 -0.0003  0.9401 0 
 52.4422 -0.4752 -2.2361  0.0056  0.5238  0.0323  0.2952  0.0168 -0.0003  0.1505 0 
 47.3274  0.4720  0.9029  0.0082  0.0575  0.0253  0.2165  0.0163 -0.0003  0.0456 0 
 44.9256  0.1336 -0.0136  0.0141  0.2509  0.0227  0.3511  0.0451 -0.0003  0.0711 0 
 44.3397 -0.1129  3.1393  0.0208  0.4907  0.0333  0.2202  0.0187 -0.0003  0.1973 0 
 48.9876  0.2837 -0.7652  0.0703  0.7305  0.0957  0.7295  0.2641 -0.0003  0.8839 1 
 46.0914 -0.2866  2.2681  0.3370  0.5067  0.0387  0.3924  0.3072 -0.0003  0.9826 1 
 46.8482 -0.6374 -0.0259  0.0027  0.3309  0.0570  0.3039  0.0831 -0.0003  0.1580 0 
 39.9329  0.5546  3.0663  0.0285  0.4770  0.1465  0.4529  0.0499 -0.0003  0.2718 0 
 41.7060 -0.6497  0.4335  0.0493  0.5244  0.0220  0.1790  0.0375 -0.0003  0.1888 0 
 40.7324  0.6287 -2.6916  0.0019  0.5329  0.0457  0.4054  0.0298 -0.0003  0.1600 0 
 48.6061 -0.3206  2.0892  0.6874  0.8344  0.0428  0.3010  0.3802 -0.0003  0.9976 1 
 47.6753  0.3233 -1.0342  0.2574  0.3620  0.0668  0.2593  0.2769  0.5508  0.9994 1 
 46.3569  0.4814  2.3529  0.0769  0.2796  0.0222  0.3047  0.0692 -0.0003  0.2299 1 
 40.3876 -0.4597 -0.7646  0.1262  0.9294  0.0161  0.5870  0.2164  0.0874  0.8622 1 
 47.6204  0.0566 -2.9320  0.0115  0.1206  0.0588  0.4755  0.1433 -0.0003  0.1499 0 
 42.3011 -0.0576  0.1994  0.0915  0.2630  0.0136  0.2230  0.0798 -0.0003  0.1832 0 
 49.0028 -0.7484  1.0428  0.0394  0.3529  0.0671  0.5149  0.0703 -0.0003  0.3416 0 
 41.5106  0.7272 -2.0959  0.0147  0.5425  0.0222  0.4034  0.0239 -0.0003  0.1486 0 
 46.3539 -0.1576  1.9190  0.0144  0.1969  0.0182  0.1741  0.0286 -0.0003  0.0572 0 
 45.6275  0.1561 -1.2548  0.0028  0.1871  0.0470  0.4371  0.0432  0.0577  0.1375 0 
 49.7383 -0.7618 -2.0781  0.0135  0.2882  0.0896  0.3847  0.0527 -0.0003  0.1742 0 
 45.3590  0.7855  0.9443  0.1940  0.1447  0.0199  0.2189  0.1265 -0.0003  0.4838 0 
 53.3333  0.7224 -0.5088  0.1411  0.7547  0.0655  0.2520  0.1567 -0.0003  0.9261 1 
 50.7515 -0.7365  2.5982  0.3566  0.2788  0.0237  0.3827  0.5598 -0.0003  0.9964 1 
 41.6541 -0.7602  0.4648  0.0298  0.2086  0.0445  0.4030  0.0456 -0.0003  0.1543 1 
 25.8885  0.7866 -2.6507  0.3138  0.5539  0.0713  0.4106  0.1634  0.5383  0.9994 1 
 56.1410 -0.7461  2.2071  0.0341  0.2932  0.1061  0.4561  0.0120 -0.0003  0.2285 0 
 49.3965  0.7770 -0.8799  0.0990  0.5578  0.1203  0.8564  0.2175 -0.0003  0.9108 0 
 42.9236 -0.6607  2.8469  0.0089  0.2916  0.0565  0.3998  0.1485 -0.0003  0.2355 0 
 37.4792  0.6416 -0.2542  0.0182  0.7874  0.1086  0.1382  0.0025 -0.0003  0.2607 0 
 46.0578  0.1785  2.4201  0.0679 -1.0000  0.0078  0.0872  0.0674 -0.0003  0.1132 0 
 39.5392 -0.1287 -0.7423  0.0094  0.4541  0.0326  0.3633  0.0059 -0.0003  0.1595 0 
 43.7568 -0.3116  1.5551  0.3776  0.3837  0.0287  0.3536  0.4396 -0.0003  0.9945 1 
 43.1800  0.3386 -1.5832  0.4594  0.1496  0.0928  0.1774  0.3831 -0.0003  0.9875 1 
 40.9064 -0.5070 -1.2786  0.0122  0.6783  0.0154  0.3150  0.0622 -0.0003  0.1238 0 
 39.6735  0.5379  1.8272  0.0117  0.4465  0.0892  0.4083  0.0339 -0.0003  0.1931 0 
 50.9224 -0.0069  0.0663  0.0171  0.3207  0.0158  0.4249  0.0934 -0.0003  0.1177 0 
 49.0791  0.0116 -3.0735  0.0128  0.1098  0.0356  0.3003  0.0157 -0.0003  0.0593 0 
 56.6171  0.7551  2.3244  0.0588  0.1927  0.0696  0.4551  0.0712 -0.0003  0.3145 0 
 49.6651 -0.7489 -0.8289  0.0534  0.7709  0.0143  0.2138  0.2740 -0.0003  0.4207 0 
 47.1199 -0.1486  0.4278  0.1649  0.2792  0.0946  0.3034  0.1578 -0.0003  0.8359 1 
 29.0257  0.1878 -2.6797  0.4252  0.0894  0.0241  0.2479  0.5329 -0.0003  0.9855 1 
 35.6237  0.4022 -1.1989  0.1007  0.3916  0.0519  0.3739  0.1097 -0.0003  0.6391 1 
 26.8162 -0.4707  1.8824  0.1299  0.5381  0.0802  0.6093  0.2468  0.5051  0.9975 1 
 48.7556 -0.6067  2.5541  0.0433  0.2506  0.0302  0.2578  0.0469 -0.0003  0.1356 0 
 43.9765  0.6408 -0.5978  0.0301  0.3796  0.2859  0.3973  0.0285 -0.0003  0.2763 0 
 42.8595  0.0777  2.0963  0.7199  0.4886  0.0855  0.4444  0.7598 -0.0003  0.9982 1 
 41.2879 -0.0253 -1.0229  0.4353  0.7511  0.0109  0.3591  0.3277  0.0745  0.9935 1 
 45.9785  0.7670  2.3043  0.0047  0.2927  0.0416  0.5235  0.0621 -0.0003  0.1571 0 
 38.3062 -0.7584 -0.8397  0.0513  0.5604  0.0171  0.0916  0.0223 -0.0003  0.1827 0 
 47.3213  0.4940  2.0832  0.0304  0.1160  0.1393  0.2165  0.0215 -0.0003  0.0929 0 
 43.1220 -0.4989 -1.0588  0.0238  0.4382  0.0254  0.3550  0.0530 -0.0003  0.1498 0 
 47.0069  0.2963  0.1916  0.0014  0.1278  0.0497  0.4771  0.0468  0.1876  0.1872 0 
 43.0854 -0.2253 -2.9497  0.0417  0.2326  0.0716  0.3994  0.0480 -0.0003  0.2389 0 
 58.4207 -0.1817 -2.4311  0.0179  0.1381  0.0219  0.2874  0.1258  0.0847  0.2122 1 
 49.1005  0.1857  0.7113  0.7969  0.1613  0.0662  0.4718  0.6273 -0.0003  0.9896 1 
 43.2013 -0.1423  1.4404  0.0574  0.7140  0.0411  0.4434  0.0720 -0.0003  0.5119 0 
 40.0275  0.1478 -1.6988  0.0781  0.6896  0.0216  0.2263  0.1230 -0.0003  0.4190 0 
 42.1851  0.1153  0.6241  0.1340  0.4130  0.0395  0.1785  0.1378  0.3428  0.9856 1 
 34.1283 -0.1066 -2.5269  0.3597  0.6268  0.0797  0.4731  0.4616  0.5007  0.9998 1 
 47.4861 -0.7759 -1.0230  0.0280  0.5742  0.0940  0.4326  0.0676  0.0584  0.3608 0 
 42.9480  0.7715  2.1059  0.0485  0.3684  0.0674  0.1777  0.0057 -0.0003  0.3838 0 
 47.4342 -0.7006 -0.1810  0.0672  0.4136  0.0388  0.3894  0.1474 -0.0003  0.5677 1 
 36.6735  0.6808  2.9063  0.0498  0.5567  0.0541  0.4636  0.0451  0.3822  0.9328 1 
 50.7546  0.6651  2.4490  0.0083  0.4419  0.0660  0.4253  0.0657 -0.0003  0.1962 0 
 44.8737 -0.6613 -0.7250  0.0073  0.4507  0.0313  0.3073  0.0250 -0.0003  0.1272 0 
 58.4817 -0.4452 -1.5144  0.0025  0.5821  0.0733  0.3694  0.0339 -0.0003  0.1870 0 
 47.0893  0.4374  1.6078  0.0094  0.2062  0.0524  0.2601  0.0136 -0.0003  0.1066 0 
 55.2438 -0.2217  0.8465  0.0715  0.1565  0.0356  0.2498  0.1851  0.2008  0.6847 0 
 51.8715  0.2037 -2.2796  0.1084  0.3589  0.1131  0.2537  0.0391 -0.0003  0.5594 0 
 48.1208  0.7664 -2.3277  0.0103  0.3848  0.0511  0.3880  0.1237  0.2659  0.6099 0 
 40.0702 -0.7655  0.8255  0.0049  0.4527  0.0275  0.4072  0.1201 -0.0003  0.1630 0 
 38.3154  0.4855  0.1017  0.8956  0.4061  0.0705  0.2748  0.6057  0.5181  0.9991 1 
 24.3565 -0.4354 -2.9985  0.2310  0.5241  0.0320  0.5754  0.0701 -0.0003  0.8007 1 
 47.2724  0.6880  1.5907  0.1527  0.1910  0.0944  0.5630  0.0945 -0.0003  0.6878 0 
 43.7263 -0.6640 -1.5513  0.0009  0.1413  0.0491  0.4420  0.0703 -0.0003  0.0867 0 
 46.7933  0.0813  0.4680  0.0255  0.3865  0.0275  0.1737  0.0137 -0.0003  0.1700 0 
 41.2543 -0.0828 -2.6724  0.1303  0.5196  0.1411  0.4489  0.0309 -0.0003  0.5461 0 
 46.3233  0.5721 -0.4220  0.0130  0.0431  0.0299  0.2177  0.0278 -0.0003  0.0484 0 
 46.2196 -0.5787  2.6783  0.0314  0.2365  0.1219  0.3485  0.0338  0.3033  0.4421 0 
 49.0425 -0.7301  0.0284  0.0206  0.4783  0.0915  0.3003  0.0089 -0.0003  0.2223 0 
 41.4832  0.7512 -3.0582  0.0141  0.1595  0.0443  0.2241  0.0670 -0.0003  0.0810 0 
 43.9155  0.4607  0.7263  0.0255  0.1873  0.0348  0.3532  0.0822 -0.0003  0.1132 0 
 43.8911 -0.4493 -2.3713  0.0165  0.1906  0.1108  0.2208  0.0010 -0.0003  0.1419 0 
 47.5685  0.4255  2.4267  0.1432  0.1107  0.0215  0.2594  0.0760 -0.0003  0.2376 0 
 43.4272 -0.4155 -0.7072  0.0516  0.1690  0.0319  0.3100  0.0443 -0.0003  0.1212 0 
 44.8585 -0.4496  1.9708  0.0594  0.1788  0.0151  0.1756  0.0538 -0.0003  0.0945 0 
 44.7272  0.4588 -1.1440  0.0142  0.3315  0.0742  0.3076  0.0394 -0.0003  0.1951 0 
 44.7700 -0.4076 -0.2513  0.0464  0.4374  0.0381  0.4393  0.1436  0.1220  0.6471 0 
 44.5991  0.4035  2.8973  0.0444  0.2046  0.0462  0.3957  0.0544 -0.0003  0.2009 0 
 54.1482 -0.5735  0.7544  0.0259  0.5641  0.0668  0.1674  0.0099 -0.0003  0.3842 0 
 35.0683  0.6166 -2.3823  0.0202  0.2435  0.0294  0.4694  0.0229 -0.0003  0.1367 0 
 42.8748  0.1161 -1.2970  0.0128  0.2467  0.0244  0.3999  0.0225  0.1388  0.2743 0 
 32.6848 -0.1095  1.8595  0.0093  0.4632  0.0240  0.2395  0.0203  0.1205  0.2935 0 
 53.0526  0.2598 -0.5261  0.0727  0.5493  0.1647  0.6308  0.0631 -0.0003  0.4167 0 
 34.3603 -0.2434  2.6410  0.0049  0.1097  0.0233  0.1889  0.0065 -0.0003  0.0498 0 
 38.5565  0.3890 -1.6587  0.0036  0.5096  0.0346  0.3201  0.1058 -0.0003  0.1659 0 
 38.2818 -0.3900  1.5245  0.0154  0.1510  0.0453  0.0916  0.0121 -0.0003  0.1238 0 
 53.1930 -0.2683  2.5512  0.0213  0.6823  0.0888  0.4202  0.0486 -0.0003  0.2802 0 
 42.8443  0.2774 -0.5498  0.0270  0.2738  0.0583  0.4000  0.0176 -0.0003  0.1939 0 
 48.4413 -0.7756  3.0780  0.0231  0.5660  0.0574  0.2152  0.0424 -0.0003  0.3481 0 
 46.1494  0.7831 -0.0811  0.0169  0.2163  0.0352  0.3486  0.0429 -0.0003  0.0909 0 
 48.6793  0.5810  1.0731  0.0449  0.8898  0.0384  0.4728  0.0926 -0.0003  0.5089 0 
 45.7679 -0.5785 -2.0618  0.0266  0.4349  0.0262  0.3057  0.0793 -0.0003  0.1604 0 
 54.4076  0.7730  3.0115  0.0020  0.3649  0.0139  0.2089  0.0367 -0.0003  0.0720 0 
 48.5481 -0.7774 -0.1581  0.0338  0.2283  0.0601  0.4301  0.0776 -0.0003  0.2352 0 
 46.6194 -0.7666  1.6951  0.0769  0.4357  0.0371  0.2608  0.2011 -0.0003  0.6432 0 
 44.1993  0.7737 -1.4152  0.0387  0.2341  0.0249  0.2645  0.0456 -0.0003  0.1012 0 
 47.8431  0.1924  1.4989  0.0475  0.2669  0.0404  0.4749  0.0427 -0.0003  0.2754 0 
 41.6114 -0.1792 -1.6231  0.0003  0.4378  0.0453  0.2688  0.0966 -0.0003  0.1748 0 
 50.3578  0.3301  1.0232  0.0297  0.3847  0.0456  0.5113  0.1201 -0.0003  0.3576 0 
 43.8666 -0.2455 -2.1102  0.0464  0.5484  0.2850  0.3975  0.0583 -0.0003  0.3679 0 
 49.0181 -0.1787  3.0638  0.0867  0.6462  0.0356  0.1716  0.1240 -0.0003  0.5418 0 
 43.3845  0.1878 -0.0902  0.0259  0.7474  0.0556  0.5316  0.0056 -0.0003  0.2719 0 
 50.2144 -0.0702 -1.7633  0.4785  0.3147  0.1007  0.5117  0.4293 -0.0003  0.9973 1 
 42.4323  0.0795  1.4096  0.1538  0.4741  0.0958  0.3119  0.1818  0.5221  0.9959 1 
 46.7628  0.7522  2.8864  0.0399  0.2345  0.0276  0.4343  0.1020 -0.0003  0.2208 0 
 45.2033 -0.7438 -0.2678  0.0216  0.6521  0.0638  0.4382  0.0888 -0.0003  0.3209 0 
 50.1381  0.6072  3.0866  0.2432  0.4158  0.0609  0.6399  0.4172 -0.0003  0.9944 1 
 48.2216 -0.6299 -0.0375  0.4783  0.1005  0.0414  0.3878  0.2807 -0.0003  0.9653 1 
 46.7048  0.6498  0.3172  0.0289  0.2851  0.0426  0.3910  0.0527 -0.0003  0.1876 0 
 46.1677 -0.6019 -2.7836  0.0374  0.2565  0.0216  0.3486  0.0236 -0.0003  0.1144 0 
 46.7720  0.3325 -1.3594  0.1197  0.4193  0.0599  0.3474  0.2217 -0.0003  0.8619 0 
 45.0477 -0.3421  1.7636  0.0321  0.7336  0.0799  0.3947  0.2217  0.3046  0.8700 0 
 48.0049  0.6967 -2.8233  0.0441  0.3291  0.0619  0.2157  0.0346 -0.0003  0.3221 0 
 47.8462 -0.7121  0.3094  0.0446  0.7760  0.0476  0.3454  0.0583 -0.0003  0.4508 0 
 44.3214  0.5955  2.5412  0.0251  0.5489  0.1165  0.5726  0.0502 -0.0003  0.2764 0 
 43.7110 -0.5954 -0.5710  0.0311  0.1346  0.0327  0.2652  0.0378 -0.0003  0.0683 0 
 47.9713 -0.1643  2.6992  0.0694  0.1486  0.0346  0.3883  0.0187 -0.0003  0.1774 0 
 38.5870  0.1530 -0.4327  0.0231  0.3016  0.0308  0.2286  0.0262 -0.0003  0.1200 0 
 47.1382 -0.4436  1.3835  0.1227  0.1287  0.0275  0.3467  0.1279 -0.0003  0.3844 0 
 45.2552  0.4495 -1.7737  0.0514  0.3017  0.0224  0.3942  0.0108 -0.0003  0.2023 0 
 46.5461  0.4104 -2.4032  0.0022  0.4910  0.1419  0.5218  0.0320 -0.0003  0.2127 1 
 38.4192 -0.3919  0.7713  0.1104  0.6542  0.0426  0.5492  0.0728 -0.0003  0.7204 1 
 40.7874  0.6163  0.8622  0.0063  0.3388  0.0242  0.3152  0.0153 -0.0003  0.0845 0 
 39.9115 -0.6060 -2.2822  0.0125  0.7490  0.0529  0.3171  0.0274 -0.0003  0.2612 0 
 50.1503  0.3758  1.5364  0.0287  0.2007  0.0293  0.2559  0.0099 -0.0003  0.0899 0 
 40.8606 -0.3692 -1.6291  0.1251  0.5942  0.0613  0.2701  0.1625  0.1179  0.8763 0 
 44.1291  0.6261 -2.5035  0.5668  0.4977  0.0550  0.4410  0.5794 -0.0003  0.9979 1 
 22.3331 -0.6225  0.7389  0.1799  0.4627  0.0190  0.2151  0.1696  0.2274  0.9423 1 
 44.5747 -0.2482  2.5755  0.0215  0.8042  0.0254  0.4398  0.0247 -0.0003  0.2212 0 
 34.2962  0.2262 -0.5711  0.0171  0.3868  0.0621  0.5197  0.0385  0.3423  0.5848 0 
 49.3477 -0.7712 -0.1536  0.0072  0.1789  0.0560  0.5568  0.0424 -0.0003  0.1388 0 
 45.9510  0.7747  3.0113  0.0204  0.6084  0.0292  0.2182  0.0112 -0.0003  0.2044 0 
 51.3985  0.7803  1.5186  0.0075  0.3827  0.0473  0.2543  0.0607 -0.0003  0.1636 0 
 41.1383 -0.7975 -1.4990  0.0610  0.1870  0.0741  0.1797  0.0533 -0.0003  0.2912 0 
 45.7649 -0.3670  2.5818  0.1286  0.5152  0.0192  0.3494  0.0943 -0.0003  0.5481 0 
 45.5940  0.3748 -0.5165  0.0466  0.1023  0.0399  0.2186  0.0324 -0.0003  0.0798 0 
 47.0008  0.3705  1.2968  0.0164  0.1284  0.0907  0.3470  0.0223 -0.0003  0.0892 0 
 38.2818 -0.3942 -1.8311  0.0190  0.3506  0.0312  0.0916 -0.0004 -0.0003  0.2535 0 
 36.6979  0.2932  0.2651  0.1200  0.6553  0.0439  0.6026  0.2062  0.3041  0.9853 1 
 36.3958 -0.2662 -2.8143  0.5223  0.4082  0.0656  0.7434  0.7070 -0.0003  0.9985 1 
 43.1373 -0.2159 -0.4219  0.0260  0.6338  0.2058  0.2218  0.0720 -0.0003  0.3659 0 
 42.0325  0.1878  2.7017  0.0302  0.2361  0.0136  0.3574  0.0576 -0.0003  0.0791 0 
 55.0851 -0.7817  2.7393  0.4390  0.1237  0.1830  0.3333  0.3732 -0.0003  0.9918 1 
 43.6744  0.7750 -0.4770  0.2518  0.2553  0.0730  0.4422  0.3736 -0.0003  0.9882 1 
 46.6590 -0.2869  2.5078  0.0344  0.2419  0.0639  0.3911  0.0386 -0.0003  0.2074 0 
 45.4505  0.2758 -0.6381  0.0203  0.7895  0.0325  0.4813  0.1011 -0.0003  0.3348 0 
 51.0933 -0.7611 -1.6645  0.0096  0.7744  0.0434  0.2547  0.0058 -0.0003  0.2778 0 
 27.2007  0.7812  1.4683  0.0169  0.1701  0.0193  0.3033  0.0584 -0.0003  0.0505 0 
 45.3712 -0.6802  2.7838  0.1124  0.4322  0.0859  0.3502  0.3050 -0.0003  0.9250 0 
 44.9317  0.6881 -0.3474  0.0165  0.1682  0.0196  0.3950  0.0494 -0.0003  0.0633 0 
 61.9669 -0.3523 -0.7519  0.0707  0.0951  0.0558  0.4047  0.0826 -0.0003  0.1971 0 
 27.1336  0.3735  2.4258  0.0549  0.3154  0.0055  0.2024  0.0353 -0.0003  0.1013 0 
 47.2175  0.1474 -2.9944  0.0416  0.5143  0.0840  0.3899  0.0079  0.3544  0.6946 0 
 46.2318 -0.1478  0.1585  0.0173  0.3850  0.1725  0.4792  0.0214 -0.0003  0.2308 0 
 43.8178 -0.2525  0.1133  0.0042  0.4619  0.1705  0.4860  0.0151 -0.0003  0.2137 0 
 41.9928  0.2104 -3.0333  0.0730  0.3342  0.0320  0.4915 -0.0200 -0.0003  0.3782 0 
 45.8717  0.2723  1.2627  0.1251  0.1166  0.0572  0.3056  0.0872 -0.0003  0.3486 0 
 44.7913 -0.2519 -1.8768  0.0239  0.4884  0.0099  0.3514  0.0137 -0.0003  0.1102 0 
 40.0610 -0.5865 -0.2134  0.1127  0.6341  0.0256  0.3168  0.0550 -0.0003  0.5663 0 
 37.6593  0.5748  2.9273  0.0971  0.2253  0.0378  0.2761  0.0909 -0.0003  0.3773 0 
 42.0508  0.2489 -0.9401  0.1005  0.6369  0.0213  0.4020  0.1216 -0.0003  0.6301 1 
 41.5503 -0.2099  2.1535  0.8689  0.4873  0.0439  0.6721  0.4725 -0.0003  0.9921 1 
 46.6041  0.5508 -2.0842  0.0188  0.2426  0.1252  0.4347  0.0218 -0.0003  0.1704 0 
 45.7740 -0.5574  1.0444  0.0013  0.2048  0.0490  0.2184  0.0140 -0.0003  0.0940 0 
 49.2195 -0.4211 -1.8258  0.0364  0.2307  0.1369  0.3000  0.0151 -0.0003  0.1946 0 
 38.5626  0.4230  1.2869  0.0140  0.3306  0.0297  0.3658  0.0141 -0.0003  0.1201 0 
 50.4463 -0.1988 -1.5818  0.0244  0.2320  0.0145  0.3407  0.0728 -0.0003  0.0725 0 
 45.9022  0.1965  1.5399  0.0387  0.4063  0.0355  0.3928  0.0341  0.1176  0.4674 0 
 53.6568 -0.5756 -0.0374  0.0055  0.0753  0.0312  0.3355  0.1511 -0.0003  0.0813 0 
 46.1830  0.5757  3.0973  0.0010  0.1186  0.0142  0.2179  0.0340 -0.0003  0.0343 0 
 48.9632  0.4807  1.2061  0.0621  0.5823  0.1234  0.4721  0.0517 -0.0003  0.3614 0 
 48.7221 -0.4842 -1.9075  0.0145  0.1729  0.0148  0.3008  0.0237  0.1405  0.2573 0 
 45.5421 -0.6860 -1.6765  0.4828  0.4339  0.0568  0.4811  0.6855 -0.0003  0.9984 1 
 41.3245  0.6826  1.4861  0.3348  0.7438  0.0312  0.3590  0.3569  0.2249  0.9931 1 
 54.9477  0.4611 -1.5739  0.0110  0.5608  0.0887  0.3335  0.0204 -0.0003  0.2073 0 
 49.7780 -0.4794  1.5737  0.0009  0.2647  0.0232  0.2137  0.0347 -0.0003  0.0606 0 
 49.9886 -0.4276  1.0506  0.0234  0.1256  0.1204  0.3415  0.0123 -0.0003  0.0914 0 
 44.3946  0.4283 -2.0523  0.0000 -1.0000  0.0000  0.0000 -0.0200 -0.0003  0.1782 0 
 39.5087  0.6043  1.7564  0.0553  0.5918  0.0523  0.2726  0.1223 -0.0003  0.6098 0 
 37.2381 -0.6204 -1.3791  0.0805  0.3006  0.0435  0.4155  0.0637  0.1618  0.6501 0 
 50.3151  0.0740  0.1249  0.0587  0.2168  0.1166  0.3409  0.1026 -0.0003  0.3817 1 
 40.7446 -0.0719 -3.0346  0.4378  0.5873  0.0378  0.4955  0.3823 -0.0003  0.9926 1 
 46.9978  0.3267  2.2322  0.1498  0.3350  0.0294  0.3036  0.0933 -0.0003  0.5711 0 
 44.3885 -0.3399 -0.9130  0.0153  0.3652  0.0069  0.1321  0.0325 -0.0003  0.0984 0 
 50.7820  0.0339 -1.1882  0.1890  0.5317  0.1061  0.3402  0.3706 -0.0003  0.9893 0 
 41.7975 -0.0655  2.0565  0.0207  0.7180  0.1238  0.5816  0.0174 -0.0003  0.2813 0 
 57.9507 -0.3851 -1.9268  0.2455  0.2431  0.0600  0.2057  0.2989 -0.0003  0.9432 1 
 47.2328  0.3891  1.2266  0.7206  0.2655  0.0610  0.5631  0.7807 -0.0003  0.9980 1 
 48.3680  0.4367 -2.1171  0.0503  0.7885  0.0421  0.2153  0.0296 -0.0003  0.4473 0 
 40.3510 -0.4452  1.0226  0.0027  0.0554  0.0280  0.2710  0.1342 -0.0003  0.0636 0 
 49.1676 -0.5731 -1.6418  0.0972  0.7147  0.0527  0.4716  0.1054  0.1745  0.8032 1 
 31.6655  0.5936  1.5132  0.4521  0.5493  0.0600  0.4350  0.2452  0.5233  0.9997 1 
 47.3365  0.5835  1.2954  0.0307  0.5604  0.0509  0.3897  0.0150 -0.0003  0.2734 0 
 45.5451 -0.5835 -1.8474  0.0048  0.3484  0.0365  0.2187  0.0705 -0.0003  0.1217 0 
 44.1321 -0.4271 -1.4839  0.0149  0.3225  0.0356  0.2205  0.0136 -0.0003  0.1407 0 
 43.6408  0.4106  1.6528  0.0056  0.5030  0.0539  0.4423  0.1198  0.0170  0.2747 0 
 47.9561 -0.3279  0.6590  0.0175  0.5990  0.0498  0.4747  0.0223 -0.0003  0.2212 0 
 46.4759  0.3639 -2.4911  0.0394  0.5824  0.0613  0.2175  0.1745 -0.0003  0.6606 0 
 46.0853  0.4501  0.4664  0.0112  0.4189  0.0728  0.3488  0.0372 -0.0003  0.1964 0 
 43.4516 -0.4527 -2.6679  0.0043  0.1768  0.0273  0.1771  0.0150 -0.0003  0.0610 0 
 44.0742 -0.7940 -1.5118  0.0488  0.4588  0.0375  0.3970  0.0902 -0.0003  0.3976 0 
 38.4527  0.7976  1.6392  0.0443  0.4037  0.0148  0.3203  0.0065  0.1305  0.4210 0 
 51.9753 -0.1748 -1.1422  0.0142  0.6441  0.0511  0.2114  0.0838 -0.0003  0.3294 0 
 38.6786  0.1827  2.0318  0.0923  0.1135  0.1883  0.2284  0.0192 -0.0003  0.2327 0 
 45.0629  0.7830  0.6146  0.0271  0.4012  0.0612  0.5701  0.2905 -0.0003  0.5849 1 
 28.6198 -0.8068 -2.5322  0.2291  0.6298  0.0296  0.2489  0.1100  0.3494  0.9872 1 
 44.2725  0.1076 -1.0525  0.0795  0.4729  0.0208  0.2203  0.2419 -0.0003  0.5029 0 
 36.9329 -0.0906  2.0873  0.0043  0.5103  0.0118  0.2314  0.0102 -0.0003  0.0969 0 
 40.0092  0.4825 -2.8855  0.1183  0.7134  0.0313  0.4527  0.1509 -0.0003  0.8237 1 
 33.9483 -0.5104  0.2206  0.2675  0.6769  0.0444  0.3317  0.3832 -0.0003  0.9887 1 
 46.7903 -0.7503  0.0243  0.0124  0.1589  0.0895  0.2606  0.0046 -0.0003  0.1084 0 
 43.7201  0.7499  3.1199  0.0038  0.2371  0.2809  0.5305  0.0256 -0.0003  0.2124 0 
 46.1128 -0.3172  2.3397  0.2689  0.7167  0.0761  0.3923  0.3942  0.4769  0.9995 1 
 42.1759  0.2898 -0.8108  0.4816  0.3251  0.0556  0.2678  0.2434  0.1187  0.9915 1 
 55.1156  0.5704  0.0830  0.0402  0.5640  0.2234  0.4165  0.0685 -0.0003  0.3393 0 
 43.9979 -0.5926 -3.1279  0.0561  0.4351  0.0227  0.1324  0.0323 -0.0003  0.1951 0 
 49.8451  0.4077  2.5073  0.0424  0.2383  0.0739  0.6836  0.2000 -0.0003  0.5569 1 
 34.6654 -0.3770 -0.6376  0.5827  0.1463  0.0240  0.1413  0.2761 -0.0003  0.9766 1 
 49.9763 -0.7782  0.1536  0.0107  0.4523  0.0451  0.3843  0.0193 -0.0003  0.1806 0 
 32.7001  0.7775 -2.9943  0.0168  0.2493  0.0093  0.0958  0.1133 -0.0003  0.1302 0 
 49.7597 -0.2130  1.3676  0.3020  0.7198  0.0901  0.6411  0.4041 -0.0003  0.9958 1 
 47.9896  0.2102 -1.7761  0.4074  0.5687  0.0406  0.4314  0.4919  0.1758  0.9983 1 
 56.2173 -0.3756  2.7765  0.0248  0.7032  0.0285  0.2487  0.0206  0.1556  0.5084 0 
 39.1669  0.3672 -0.4122  0.0031  0.3008  0.0270  0.2732  0.0370 -0.0003  0.0692 0 
 52.6223 -0.6868  1.3250  0.2117  0.6532  0.0613  0.2950  0.1556 -0.0003  0.9383 1 
 31.6045  0.6793 -1.8815  0.0804  0.7040  0.0295  0.5803  0.0484 -0.0003  0.6041 1 
 47.2541  0.7825  0.2283  0.0884  0.3860  0.0796  0.5198  0.0899 -0.0003  0.5533 1 
 45.6397 -0.7686 -2.9234  0.0775  0.5064  0.0491  0.3060  0.0878 -0.0003  0.5910 1 
 48.4779 -0.4025 -0.4930  0.0380  0.0915  0.0605  0.4303  0.0341 -0.0003  0.1145 0 
 48.0934  0.4025  2.6932  0.0021  0.6963  0.0414  0.5174  0.0827 -0.0003  0.2193 0 
 47.1931 -0.5033 -1.4525  0.0774  0.1653  0.1425  0.2600  0.0421 -0.0003  0.2952 0 
 42.4292  0.4868  1.6741  0.0052  0.1006  0.1146  0.3565  0.0687 -0.0003  0.0675 0 
 45.9907 -0.5646  1.5535  0.0260  0.2228  0.3391  0.4798  0.0192 -0.0003  0.2362 0 
 44.9287  0.5869 -1.6000  0.0104  0.0834  0.0830  0.2634  0.0541 -0.0003  0.0769 0 
 46.4942 -0.4275  3.0337  0.0270  0.0732  0.0284  0.1305  0.0768 -0.0003  0.0658 0 
 44.1688  0.4215 -0.0784  0.0631  0.4669  0.0070  0.1763  0.0550 -0.0003  0.1534 0 
 48.4627 -0.2104 -2.3548  0.1698  0.2077  0.0542  0.4303  0.1386 -0.0003  0.7426 1 
 29.4499  0.1817  0.8250  0.5369  0.4469  0.0127  0.1975  0.2823  0.1019  0.9952 1 
 47.6081  0.3423 -2.8300  0.0716  0.2158  0.1144  0.2162  0.0652 -0.0003  0.4077 0 
 46.7597 -0.3428  0.3316  0.0242  0.0361  0.0116  0.2606  0.0110 -0.0003  0.0387 0 
 46.2959  0.3483  3.1193  0.7263  0.3235  0.0388  0.3048  0.5710 -0.0003  0.9973 1 
 43.1098 -0.3502 -0.0334  0.1782  0.4299  0.0348  0.3106  0.3510  0.0603  0.9448 1 
 53.1807  0.0047  1.4703  0.0400  0.2346  0.1268  0.3362  0.1328 -0.0003  0.3719 0 
 49.3141 -0.0257 -1.6870  0.0327  0.4021  0.0360  0.2999  0.0202 -0.0003  0.2100 0 
 46.2196 -0.5740  0.5113  0.0183  0.2918  0.0541  0.4792  0.0558  0.1443  0.3587 1 
 45.7374  0.5740 -2.6083  1.1704  0.6606  0.0211  0.5242  0.8540 -0.0003  0.9981 1 
 44.2115  0.1498 -1.4727  0.6326  0.6314  0.1008  0.3526  0.6544 -0.0003  0.9982 1 
 43.4272 -0.1441  1.6939  0.2458  0.2954  0.0453  0.7528  0.3812 -0.0003  0.9919 1 
 46.5797  0.1636 -2.2741  0.0215  0.3076  0.0861  0.2608  0.0034 -0.0003  0.2181 0 
 42.7070 -0.2200  0.8503  0.0636  0.4743  0.1460  0.3559  0.0180 -0.0003  0.3362 0 
 39.3774  0.5332  0.7805  0.0321  0.2341  0.0459  0.1819  0.0115 -0.0003  0.1804 0 
 36.7498 -0.5589 -2.3461  0.0142  0.0792  0.0305  0.0463  0.0020 -0.0003  0.0967 0 
 43.2166  0.6748  2.2253  0.2657  0.5100  0.1315  0.4878  0.1754 -0.0003  0.9576 1 
 36.2951 -0.6712 -0.9175  0.2968  0.3466  0.0363  0.3720  0.3338 -0.0003  0.9786 1 
 54.0352 -0.6043 -1.8855  0.0260  0.1326  0.0138  0.1675  0.0030 -0.0003  0.0524 0 
 46.5522  0.6018  1.2692  0.0135  0.4294  0.0214  0.5218  0.0894 -0.0003  0.2071 0 
 48.5115  0.0545 -0.9216  0.2241  0.2671  0.0553  0.4732  0.2559 -0.0003  0.9515 1 
 33.1212 -0.0555  2.2437  0.0313  0.3974  0.0526  0.6680  0.0451 -0.0003  0.3366 1 
 49.5033 -0.0379  2.5642  0.0171  0.3533  0.0870  0.5564  0.0479 -0.0003  0.2312 0 
 42.4262  0.0329 -0.5854  0.0337  0.3752  0.0404  0.2673  0.0716 -0.0003  0.2282 0 
 53.4920  0.0575  0.4505  0.0056  0.3196  0.0381  0.3777 -0.0200 -0.0003  0.1577 0 
 46.1524 -0.0584 -2.6748  0.0175  0.1999  0.0859  0.5230  0.0151 -0.0003  0.1606 0 
 48.5817  0.5832  3.0854  0.0046  0.3005  0.0552  0.3010  0.1793 -0.0003  0.2918 0 
 48.4382 -0.5944 -0.0534  0.1033  0.5225  0.0301  0.2152  0.0602 -0.0003  0.4687 0 
 68.8640  0.5180  2.4655  0.0101  0.1308  0.1343  0.3946  0.0384 -0.0003  0.0874 0 
 41.2299 -0.5545 -0.6894  0.0063  0.1691  0.1105  0.4939  0.1059 -0.0003  0.1510 0 
 47.8248 -0.3035  1.0216  0.0422  0.5142  0.0434  0.2591  0.1938 -0.0003  0.5666 1 
 45.7374  0.2817 -2.1596  0.2238  0.4875  0.0378  0.1747  0.2669 -0.0003  0.9140 1 
 50.1106 -0.2661 -2.5797  0.1234  0.7444  0.1209  0.3840  0.1435 -0.0003  0.8615 0 
 37.6104  0.2799  0.5584  0.0148  0.2036  0.0152  0.1381  0.1754  0.1587  0.4601 0 
 58.5458  0.4929 -1.5044  0.2869  0.6620  0.1049  0.2873  0.2166 -0.0003  0.9862 1 
 30.2037 -0.5231  1.5988  0.2830  0.3629  0.0138  0.3430  0.3099  0.1051  0.9639 1 
 45.0294 -0.1539 -2.8153  0.0117  0.2325  0.1059  0.2193  0.0137 -0.0003  0.1669 0 
 41.5198  0.1153  0.3599  0.0220  0.1108  0.3738  0.3585  0.0059 -0.0003  0.1258 0 
 42.4414 -0.4507  2.7325  0.2650  0.4676  0.0649  0.3565  0.1705  0.1681  0.9359 1 
 25.9648  0.4295 -0.3296  0.3608  0.2602  0.0469  0.4102  0.3989 -0.0003  0.9932 1 
 47.5166 -0.4563 -0.9864  0.0140  0.3635  0.0263  0.1730  0.0035 -0.0003  0.1537 0 
 40.0153  0.4717  2.2104  0.1198  0.5843  0.0448  0.5432  0.1955  0.1657  0.8954 0 
 46.4698 -0.2145  2.5170  0.1010  0.7471  0.0412  0.4786  0.3836 -0.0003  0.9516 1 
 43.3753  0.1905 -0.6596  0.1514  0.7744  0.0644  0.3101  0.1683  0.4313  0.9956 1 
 34.3389  0.3156  0.7754  0.0247  0.4913  0.0062  0.3778  0.1693 -0.0003  0.1788 0 
 32.8161 -0.3447 -2.3969  0.0039  0.4003  0.0217  0.2870  0.0054 -0.0003  0.0976 0 
 58.7991 -0.7963  2.5470  0.0525  0.4492  0.0155  0.2460  0.0526 -0.0003  0.1552 0 
 37.1344  0.7775 -0.5669  0.0093  0.1048  0.0268  0.2772  0.2453 -0.0003  0.1742 0 
 45.4688  0.1005 -0.8324  0.0138  0.3319  0.0301  0.4375  0.0258 -0.0003  0.1371 0 
 32.8008 -0.0940  2.3140  0.0448  0.2861  0.0351  0.1914  0.0444 -0.0003  0.1869 0 
 54.2824  0.7937  0.0089  0.0292  0.6838  0.0511  0.3345  0.0369 -0.0003  0.3217 0 
 40.2441 -0.7929 -3.1037  0.0041  0.3722  0.0349  0.1808  0.0920 -0.0003  0.1511 0 
 44.9928  0.4544 -0.2868  0.0222  0.4792  0.1758  0.5265  0.0379 -0.0003  0.2642 0 
 41.4038 -0.4932  2.8088  0.0391  0.3896  0.0082  0.3588  0.0373 -0.0003  0.1118 0 
 44.6845 -0.6985 -2.5367  0.1365  0.5722  0.0567  0.3956  0.1807 -0.0003  0.8957 1 
 28.5801  0.6598  0.6265  0.1870  0.1912  0.0308  0.2491  0.1545  0.4044  0.9977 1 
 47.5135 -0.4466  0.6393  0.1005  0.4337  0.0285  0.1730  0.1674 -0.0003  0.5276 0 
 46.3569  0.4722 -2.5157  0.0324  0.6501  0.0376  0.4353  0.1296 -0.0003  0.4529 0 
 48.8289 -0.1128  2.5888  0.0643  0.3306  0.2675  0.8590  0.1652  0.9210  0.9780 1 
 46.3020  0.0906 -0.5397  0.4334  0.5815  0.0651  0.4354  0.4954 -0.0003  0.9974 1 
 52.2164 -0.6903 -1.4091  0.0008  0.3617  0.0602  0.2111  0.0165 -0.0003  0.2050 0 
 36.3653  0.6890  1.7110  0.0684  0.4180  0.0190  0.3718  0.2403 -0.0003  0.5460 0 
 54.3771  0.5338  1.2078  0.0139  0.3280  0.0663  0.5015  0.0551 -0.0003  0.2029 0 
 44.2359 -0.5246 -1.9557  0.0118  0.2192  0.0293  0.2203  0.0895 -0.0003  0.0840 0 
 49.7688 -0.6044 -1.8447  0.1766  0.6819  0.0841  0.1710  0.2831 -0.0003  0.9714 1 
 43.3570  0.6116  1.3379  0.0376  0.6024  0.0429  0.5317  0.1789 -0.0003  0.5696 1 
 48.2216 -0.3152 -0.2320  0.0147  0.0376  0.1418  0.2585  0.0075 -0.0003  0.0466 0 
 45.1484  0.3143  2.9000  0.0029  0.3567  0.0374  0.4822  0.0596 -0.0003  0.1440 0 
 50.4341 -0.6966  0.4823  0.0196  0.2590  0.1373  0.2981  0.0549 -0.0003  0.1967 0 
 45.4566  0.7168 -2.7170  0.0143  0.2078  0.0327  0.2625  0.0076 -0.0003  0.0815 0 
 54.1390  0.6414  1.8994  0.0567  0.5017  0.0853  0.2929  0.0693 -0.0003  0.4704 0 
 48.3772 -0.6601 -1.2680  0.0186  0.4906  0.0408  0.3444  0.0147 -0.0003  0.2123 0 
 45.1423 -0.2187  1.5847  0.0209  0.2001  0.0278  0.3068  0.1439 -0.0003  0.1367 0 
 27.0451  0.1980 -1.5463  0.0315  0.4517  0.0292  0.1519  0.0040 -0.0003  0.2345 0 
 47.6631 -0.7122  1.4076  0.0355  0.2237  0.0665  0.4754  0.0097 -0.0003  0.2113 0 
 47.2053  0.7027 -1.7651  0.0101  0.2772  0.1822  0.6065  0.0760 -0.0003  0.2683 0 
 45.7588  0.7188  2.3944  0.0053  0.4949  0.0161  0.3931  0.2430 -0.0003  0.2797 0 
 37.3236 -0.7288 -0.7553  0.0369  0.1989  0.0359  0.3230  0.0898  0.2187  0.5422 0 
 47.0405  0.6841  0.4591  0.0383  0.5970  0.0437  0.5637  0.0540 -0.0003  0.3571 0 
 39.3988 -0.6906 -2.7040  0.0313  0.2960  0.0064  0.1818  0.0025 -0.0003  0.0896 0 
 47.6783 -0.5873 -1.2963  0.0370  0.0988  0.0425  0.2593  0.0745 -0.0003  0.0866 0 
 44.7120  0.5881  1.8405  0.0235  0.5785  0.0163  0.3076  0.0214 -0.0003  0.1319 0 
 43.0945  0.4672  1.6525  0.0133  0.5003  0.0535  0.3994  0.0231 -0.0003  0.2004 0 
 39.3133 -0.4506 -1.4549  0.0062  0.4696  0.1227  0.3184  0.0069 -0.0003  0.1890 0 
 46.6102  0.5636 -2.6829  0.0074  0.2598  0.0634  0.4347  0.1773 -0.0003  0.2506 0 
 44.2115 -0.5604  0.4510  0.0056  0.1516  0.2797  0.3526  0.0198 -0.0003  0.1393 0 
 50.7393 -0.3412  1.5999  0.0232  0.6496  0.0726  0.3402  0.0356 -0.0003  0.2756 0 
 40.9430  0.3228 -1.5062  0.0026  0.6240  0.1097  0.8098  0.0141 -0.0003  0.2460 0 
 47.0924 -0.2554 -2.0816  0.2401  0.2569  0.0847  0.3468  0.4414 -0.0003  0.9914 1 
 28.8548  0.2052  1.1202  0.0112  0.3587  0.0226  0.0497  0.0009  0.3072  0.9662 1 
 44.4404  0.4719  2.8113  0.0048  0.1225  0.0313  0.3081  0.1741 -0.0003  0.1030 0 
 37.1527 -0.4800 -0.3161  0.0715  0.1357  0.0299  0.3234  0.0440 -0.0003  0.1358 0 
 47.7424  0.2685  0.8201  0.0147  0.2150  0.2203  0.5184  0.0223 -0.0003  0.2041 0 
 46.6804 -0.2676 -2.3372  0.1814  0.2168  0.0306  0.3041  0.1374 -0.0003  0.6593 0 
 45.3620  0.5057  2.7987  0.0501  0.2105  0.0234  0.2627  0.0556 -0.0003  0.1116 0 
 40.2441 -0.5068 -0.3178  0.0260  0.2932  0.0544  0.5424  0.0386 -0.0003  0.2426 0 
 40.8392  0.4463  0.2985  0.0630  0.1782  0.0337  0.2701  0.0223 -0.0003  0.1469 0 
 40.4364 -0.4369 -2.8426  0.0011  0.1132  0.0307  0.0903  0.0308 -0.0003  0.0688 0 
 47.4189 -0.5580  1.6920  0.0331  0.0676  0.1135  0.3029  0.0733 -0.0003  0.0799 0 
 43.4028  0.5663 -1.4830  0.0006  0.2644  0.0573  0.6644  0.1290 -0.0003  0.2372 0 
 48.5542  0.5147 -1.8629  0.0213  0.4305  0.0811  0.7312  0.2908 -0.0003  0.6406 0 
 32.4956 -0.5127  1.3205  0.0210  0.3477  0.0233  0.2878  0.0117 -0.0003  0.1129 0 
 49.6132  0.6017 -2.5324  0.0493  0.1235  0.0587  0.3850  0.1021 -0.0003  0.1958 0 
 46.5400 -0.5880  0.5668  0.0286  0.2576  0.0682  0.4783  0.0316 -0.0003  0.2154 0 
 48.8502  0.5847  3.0423  0.0886  0.2106  0.1439  0.3006  0.0425 -0.0003  0.3821 0 
 47.6234 -0.5928 -0.1015  0.0151  0.1779  0.0354  0.4323  0.0955 -0.0003  0.1212 0 
 47.2908 -0.6752 -2.2587  0.1929  0.3362  0.0549  0.3897  0.1038 -0.0003  0.7539 1 
 38.8220  0.6634  0.9562  0.0511  0.3409  0.1045  0.3651  0.0865 -0.0003  0.3857 1 
 40.7263 -0.0092  2.1363  0.0685  0.3971  0.0339  0.3604  0.0436 -0.0003  0.3647 0 
 40.5249  0.0223 -0.9179  0.0232  0.1941  0.0239  0.3609  0.2261 -0.0003  0.2474 0 
 43.5157 -0.7139 -2.6375  0.0178  0.1895  0.0213  0.3984  0.0297 -0.0003  0.0714 0 
 42.4079  0.7077  0.5245  0.0794  0.3044  0.0238  0.3565  0.1574 -0.0003  0.4441 0 
 49.9672 -0.5512  0.4599  0.0061  0.2006  0.1017  0.2135  0.0690 -0.0003  0.1585 0 
 48.5176  0.5386 -2.7201  0.0276  0.2538  0.0216  0.3011  0.0456 -0.0003  0.0834 0 
 50.7515  0.0433 -2.3037  0.0926  0.4866  0.0194  0.3827  0.1242  0.0934  0.6638 0 
 31.6869 -0.0426  0.8354  0.0656  0.6870  0.0258  0.2416  0.1080  0.1204  0.6061 0 
 50.3304  0.2546  0.3562  0.0068  0.2898  0.0789  0.3409  0.0692 -0.0003  0.1640 0 
 45.3162 -0.2055 -2.7978  0.0207  0.7667  0.0327  0.5255  0.0452 -0.0003  0.2764 0 
 44.0558  0.8064 -1.8910  0.1000  0.6248  0.0311  0.3971  0.0843 -0.0003  0.6522 0 
 39.5880 -0.7372  1.2231  0.0745  0.3386  0.0179  0.2724  0.1492 -0.0003  0.3098 0 
 55.6161  0.2751 -1.8197  0.0289  0.4160  0.0258  0.2909  0.1481  0.0543  0.3770 0 
 49.9672 -0.2604  1.3188  0.0087  0.5926  0.2172  0.6404  0.0566 -0.0003  0.2742 0 
 49.6925 -0.1494  1.3098  0.0328  0.3920  0.1658  0.3848  0.0744 -0.0003  0.3029 0 
 46.6072  0.1476 -1.8742  0.0402  0.3559  0.0885  0.3912  0.0655 -0.0003  0.3136 0 
 40.0183 -0.6278  1.5735  0.1256  0.6890  0.0594  0.6337  0.1782  0.1182  0.9166 0 
 37.5097  0.6111 -1.5384  0.0789  0.2628  0.0477  0.3225  0.1284 -0.0003  0.4807 0 
 49.6132  0.5711 -0.9406  0.0417  0.2330  0.0336  0.2139  0.1021 -0.0003  0.1913 0 
 32.4956 -0.5695  2.2162  0.1184  0.2255  0.0131  0.1919  0.0103 -0.0003  0.1917 0 
 55.8053  0.7588  2.3950  0.0585  0.3757  0.0191  0.2076  0.0495 -0.0003  0.1622 0 
 52.5734 -0.7699 -0.6991  0.0083  0.1496  0.0431  0.2950  0.0351 -0.0003  0.0662 0 
 39.7650 -0.7572  0.2100  0.0523  0.4638  0.0269  0.4081  0.0778 -0.0003  0.3478 0 
 35.4711  0.7323 -2.9071  0.0193  0.3119  0.0274  0.4211  0.0117 -0.0003  0.1387 0 
 40.3784  0.3879 -1.6216  0.2057  0.6652  0.0396  0.5419  0.0809 -0.0003  0.8524 1 
 37.7356 -0.3724  1.4967  0.1852  0.6047  0.0599  0.5520  0.2495 -0.0003  0.9661 1 
 48.8502  0.7986 -0.2519  0.0480  0.2371  0.0440  0.3006  0.0296 -0.0003  0.1921 0 
 34.6105 -0.8098  2.8502  0.0108  0.7473  0.0166  0.2827  0.0153 -0.0003  0.1303 0 
 48.8441  0.2192  1.5363  0.0334  0.1926  0.0660  0.2147  0.1170 -0.0003  0.2702 0 
 44.6296 -0.2170 -1.6020  0.2839  0.3715  0.0579  0.4836  0.1990  0.1367  0.9569 0 
 47.2755 -0.3943 -1.8959  0.0891  0.1298  0.1201  0.3898  0.0408 -0.0003  0.2846 0 
 41.2512  0.3696  1.2345  0.0134  0.2084  0.0411  0.2694  0.1569 -0.0003  0.1830 0 
 53.1991 -0.0439 -2.6073  0.0421  0.6237  0.0667  0.4623  0.0724 -0.0003  0.3766 0 
 45.1118  0.0172  0.5475  0.1196  0.2915  0.0287  0.2630  0.1445  0.1591  0.8033 0 
 53.0007  0.0919 -2.1207  0.0148  0.4058  0.0953  0.3365  0.0714 -0.0003  0.2360 0 
 43.3387 -0.0828  1.0240  0.0120  0.3341  0.0258  0.4874  0.0200 -0.0003  0.1425 0 
 42.6734 -0.2536 -2.1671  0.1040  0.5105  0.1312  0.4449  0.1467  0.2014  0.8985 1 
 35.6176  0.2220  1.0111  0.1922  0.4078  0.0291  0.1870  0.2669  0.0766  0.8704 1 
 46.6346  0.0737 -2.8987  0.0607  0.2356  0.0410  0.3477  0.0616 -0.0003  0.2534 0 
 43.2471 -0.0548  0.2266  0.0376  0.3356  0.0434  0.5320  0.1402 -0.0003  0.4091 0 
 51.8837  0.7745  2.3828  0.0100  0.4521  0.0725  0.4652  0.0362 -0.0003  0.1888 0 
 36.2524 -0.7719 -0.6827  0.0120  0.0945  0.0627  0.2791  0.1196 -0.0003  0.1039 0 
 44.2481  0.3534  2.8729  0.0155  0.2934  0.0511  0.3084  0.0318 -0.0003  0.1508 0 
 42.0386 -0.3554 -0.2683  0.0136  0.2431  0.0219  0.2680  0.0113 -0.0003  0.0679 0 
 45.6001  0.6427 -0.8814  0.0271  0.3644  0.0217  0.3497  0.0407 -0.0003  0.1231 0 
 34.3420 -0.6306  2.2379  0.0107  0.4995  0.0152  0.3306  0.0051 -0.0003  0.1092 0 
 47.6356  0.1530 -2.0405  0.0122  0.5296  0.1256  0.4322  0.0136 -0.0003  0.2160 0 
 44.8890 -0.1541  1.0887  0.0035  0.1747  0.0366  0.3951  0.0511 -0.0003  0.0715 0 
 43.2441 -0.7490 -2.5991  0.0006  0.1762  0.0519  0.3547  0.1546 -0.0003  0.1345 0 
 42.0935  0.7462  0.5916  0.2501  0.4747  0.0920  0.4019  0.1131  0.1519  0.9251 0 
 50.5928  0.5059  2.2870  0.0565  0.1396  0.0515  0.5533  0.0262 -0.0003  0.2517 0 
 44.1749 -0.5076 -0.8522  0.0467  0.5371  0.0237  0.3527  0.0801 -0.0003  0.2714 0 
 46.2379  0.5329 -2.2452  0.0824  0.3740  0.0555  0.6098  0.0792 -0.0003  0.5643 0 
 44.7150 -0.5416  0.9102  0.0190  0.4462  0.0364  0.3955  0.0104  0.2233  0.5140 0 
 50.0343 -0.6425  2.5185  0.1641  0.2355  0.0548  0.3841  0.0056 -0.0003  0.5171 0 
 41.0437  0.6539 -0.6072  0.0085  0.6531  0.0103  0.1798  0.0120 -0.0003  0.1189 0 
 56.3912  0.0119  1.0274  0.0207  0.3384  0.0670  0.2485  0.0091 -0.0003  0.2399 0 
 45.2094 -0.0144 -2.1194  0.0363  0.2632  0.0218  0.2191  0.0666 -0.0003  0.1103 0 
 45.0507  0.7048  3.0864  0.0279  0.4166  0.0531  0.3070  0.0178 -0.0003  0.2544 0 
 42.7436 -0.6801 -0.0326  0.0472  0.4777  0.0375  0.5337  0.0075 -0.0003  0.3488 0 
 50.3853  0.5964  2.7714  0.0183  0.2207  0.0294  0.1278  0.0401 -0.0003  0.1072 0 
 48.3711 -0.6267 -0.4246  0.0703  0.2712  0.1257  0.4736  0.2266 -0.0003  0.7214 0 
 47.1229 -0.3962  2.6322  0.0342  0.1798  0.0122  0.3034  0.0663 -0.0003  0.0615 0 
 38.6633  0.3984 -0.5030  0.0249  0.2393  0.0232  0.3655  0.0510 -0.0003  0.0926 0 
 43.4180  0.7040  1.2142  0.0219  0.4201  0.0760  0.4429  0.0861 -0.0003  0.2723 0 
 42.6215 -0.7003 -1.9228  0.0294  0.3052  0.0163  0.2225  0.1920 -0.0003  0.2250 0 
 49.0486  0.5963  1.2704  0.0551  0.1915  0.0443  0.4719  0.0661 -0.0003  0.2732 0 
 47.3457 -0.5886 -1.8240  0.0157  0.0913  0.0519  0.2597  0.0357 -0.0003  0.0695 0 
 50.5623 -0.1520 -2.1172  0.1954  0.0654  0.0807  0.3831  0.0849  0.1005  0.6553 0 
 42.7649  0.1767  0.9870  0.0034  0.0516  0.1505  0.1334  0.0112 -0.0003  0.0593 0 
 56.9680  0.1233  1.5442  0.0365  0.3652  0.1212  0.4131  0.0186 -0.0003  0.2492 0 
 49.0944 -0.1400 -1.6138  0.0779  0.4243  0.0204  0.1716  0.0366 -0.0003  0.2207 0 
 56.5835  0.7164 -0.4287  0.2444  0.3565  0.1020  0.4552  0.3203 -0.0003  0.9890 1 
 39.4018 -0.7101  2.8336  0.4519  0.1306  0.1799  0.3637  0.4919 -0.0003  0.9945 1 
 45.9602  0.6854  1.4480  0.0023  0.2239  0.0341  0.3054  0.0357 -0.0003  0.0636 0 
 38.4710 -0.6590 -1.6222  0.0151  0.3398  0.1356  0.2745  0.0224 -0.0003  0.2001 0 
 49.0242 -0.2968  0.4538  0.0726  0.4123  0.0909  0.4291  0.0656 -0.0003  0.4396 0 
 40.5463  0.2925 -2.6993  0.0126  0.6065  0.0066  0.1353  0.0071 -0.0003  0.1219 0 
 47.7363  0.0080 -0.3759  0.0202  0.5952  0.2002  0.6048  0.0330 -0.0003  0.2782 0 
 43.0884 -0.0319  2.7678  0.0146  0.4324  0.0269  0.1331  0.0106 -0.0003  0.1862 0 
 48.2795 -0.5821 -2.3107  0.0385  0.5837  0.0720  0.3015  0.0164 -0.0003  0.3163 1 
 25.8885  0.5962  0.8971  0.1504  0.2151  0.0501  0.2566  0.1798  0.2356  0.9187 1 
 46.2593 -0.5918 -0.0113  0.0108  0.3810  0.1137  0.3920  0.0180 -0.0003  0.1821 0 
 45.6306  0.6036  3.1266  0.0058  0.4174  0.1090  0.3934  0.1772 -0.0003  0.3276 0 
 43.0274 -0.1930 -1.9280  0.0515  0.3705  0.0212  0.4883  0.1033 -0.0003  0.3731 0 
 41.9287  0.1479  1.1897  0.0262  0.5518  0.0701  0.5811  0.1063  0.0358  0.3878 0 
 48.5451  0.4343  3.0677  0.0187  0.5782  0.0334  0.2581  0.0042 -0.0003  0.2283 0 
 46.2501 -0.4532 -0.0859  0.0185  0.4461  0.0836  0.3049  0.0110 -0.0003  0.2208 0 
 45.2735  0.1155 -2.6410  0.0020  0.3217  0.0487  0.7008  0.0461 -0.0003  0.2080 0 
 45.1362 -0.0891  0.5154  0.0952  0.2895  0.0306  0.3507  0.0938 -0.0003  0.4324 0 
 52.5917 -0.4555 -3.0361  0.0161  0.6605  0.0307  0.2950  0.0118 -0.0003  0.2003 0 
 33.5424  0.4497  0.0693  0.0002  0.1796  0.0468  0.1902  0.1296 -0.0003  0.1268 0 
 44.2725 -0.3946  2.1277  0.0337  0.3677  0.0235  0.3965  0.0108 -0.0003  0.1805 0 
 35.9136  0.3973 -1.0567  0.0029  0.4720  0.0078  0.0932  0.0226 -0.0003  0.1174 0 
 44.2878 -0.2507 -2.0180  0.2722  0.1036  0.0587  0.4406  0.2183 -0.0003  0.9070 1 
 42.9755  0.2590  1.1060  0.0944  0.2348  0.0314  0.1776  0.0453 -0.0003  0.2647 1 
 52.8206 -0.7530 -2.7637  0.0021  0.1678  0.0563  0.2947  0.0424 -0.0003  0.0780 0 
 46.6712  0.7536  0.3510  0.0483  0.3769  0.0894  0.3042  0.0421  0.1167  0.5172 0 
 47.0832 -0.6823 -2.0537  0.0024  0.0563  0.0484  0.3469  0.0186  0.0736  0.0887 0 
 44.2786  0.6920  1.0898  0.0570  0.1953  0.0191  0.3084  0.0622 -0.0003  0.1171 0 
 44.7669 -0.5236 -1.1683  0.0336  0.6195  0.0265  0.2196  0.0591 -0.0003  0.1967 0 
 34.9249  0.5413  1.9834  0.1113  0.3271  0.0337  0.2820  0.0904  0.2911  0.9464 0 
 44.5960  0.4045 -2.2734  0.2967  0.5093  0.0381  0.3958  0.3848 -0.0003  0.9897 1 
 41.9348 -0.4483  0.8456  0.5321  0.5023  0.1722  0.4023  0.3776 -0.0003  0.9983 1 
 43.1861  0.4877  1.1827  0.4816  0.4516  0.1064  0.5322  0.1837  0.3828  0.9987 1 
 40.6073 -0.4728 -1.9350  0.4875  0.6154  0.0168  0.2705  0.4706 -0.0003  0.9971 1 
 44.8981  0.4875  0.0777  0.1150  0.4693  0.0247  0.3951  0.1094  0.0551  0.6965 1 
 25.2934 -0.4368 -3.1187  0.0606  0.6680  0.0463  0.3619  0.0959 -0.0003  0.5791 1 
 44.6082 -0.2182  1.5441  0.0463  0.1847  0.0737  0.3518  0.1276 -0.0003  0.3075 0 
 42.1759  0.2423 -1.5969  0.0162  0.2365  0.0420  0.3124  0.1288 -0.0003  0.1684 0 
 42.8077  0.7536 -2.2345  0.2052  0.6078  0.0295  0.1778  0.0971 -0.0003  0.7366 0 
 41.6114 -0.7594  0.8991  0.0851  0.0543  0.0581  0.2239  0.1126 -0.0003  0.1491 0 
 43.6286 -0.7763  0.9199  0.0000  0.0454  0.0073  0.1327  0.0025 -0.0003  0.0441 0 
 34.3847  0.7430 -2.1799  0.0330  0.1614  0.1006  0.2832  0.0427 -0.0003  0.1452 0 
 42.7100  0.4657  0.1687  0.5983  0.5144  0.0728  0.4003  0.5313 -0.0003  0.9978 1 
 34.2840 -0.4755 -2.9811  0.4637  0.1077  0.1382  0.2362  0.3200  0.2804  0.9889 1 
 41.2757  0.8054  0.6421  0.2727  0.1138  0.0201  0.2694  0.2730 -0.0003  0.8415 1 
 30.1152 -0.7912 -2.4286  0.1310  0.3933  0.0977  0.5886  0.1498 -0.0003  0.8239 1 
 45.2735  0.2599 -2.9879  0.0876  0.1708  0.0217  0.3504  0.0834 -0.0003  0.2302 0 
 41.5808 -0.3023  0.1615  0.0010  0.1081  0.0267  0.4032  0.1187 -0.0003  0.0693 0 
 48.5359  0.1669  1.4674  0.0208  0.4399  0.0920  0.4302  0.0081 -0.0003  0.2065 0 
 42.8870 -0.1484 -1.6715  0.0061  0.3766  0.0264  0.2222  0.0079 -0.0003  0.1179 0 
 45.9388 -0.4484  2.2320  0.0372  0.4720  0.1111  0.4363  0.0353  0.2746  0.5728 0 
 43.7598  0.4478 -0.9006  0.0761  0.1972  0.0311  0.3094  0.0217 -0.0003  0.1955 0 
 52.4666 -0.7466 -2.2986  0.1682  0.3983  0.0988  0.2108  0.1911 -0.0003  0.9166 1 
 46.1799  0.7496  0.8413  0.2019  0.2868  0.0268  0.4793  0.2348 -0.0003  0.8957 1 
 47.5532 -0.1648  2.1719  0.0266  0.1301  0.0504  0.3027  0.2213  0.1697  0.5094 0 
 45.5940  0.1785 -0.9709  0.0214  0.4770  0.0202  0.3498  0.1065 -0.0003  0.1614 0 
 45.7038 -0.6337 -1.8945  0.0179  0.6824  0.0522  0.5243  0.0389 -0.0003  0.2531 0 
 44.4739  0.6355  1.2467  0.0061  0.1620  0.0548  0.1760  0.1191 -0.0003  0.1399 0 
 39.0448  0.2229 -2.3554  0.0140  0.3494  0.0335  0.3190  0.0607 -0.0003  0.1208 0 
 38.7335 -0.2917  0.8034  0.0000  0.0857  0.0343  0.0913  0.0089 -0.0003  0.0781 0 
 46.4668 -0.1323 -2.8908  0.0054  0.3125  0.0599  0.1740  0.0043 -0.0003  0.2250 0 
 31.6960  0.1355  0.2563  0.0374  0.5504  0.0068  0.3382  0.0347  0.0398  0.1733 0 
 34.4091  0.1429 -0.8479  0.0309  0.7855  0.0818  0.6136  0.1202 -0.0003  0.4744 1 
 34.1161 -0.2130  2.3303  0.3585  0.4965  0.0646  0.4258  0.4385  0.5742  0.9998 1 
 52.9488 -0.4885  1.9626  0.0311  0.2005  0.2871  0.3787  0.0405 -0.0003  0.2373 0 
 46.8727  0.5018 -1.2101  0.0164  0.0905  0.0251  0.2170  0.0172 -0.0003  0.0477 0 
 49.2714 -0.1460  1.7912  0.2981  0.2585  0.0423  0.4285  0.3657 -0.0003  0.9862 0 
 45.9083  0.1597 -1.3478  0.0283  0.2551  0.0099  0.1309  0.0334 -0.0003  0.0902 0 
 46.7842 -0.0096 -1.3976  0.0072  0.1866  0.0843  0.4777  0.0735 -0.0003  0.1361 0 
 46.4881  0.0358  1.7172  0.2072  0.4624  0.0374  0.5655  0.1628 -0.0003  0.9056 0 
 55.0332 -0.2747 -1.1361  0.0596  0.3533  0.0896  0.4583  0.0547 -0.0003  0.3784 0 
 42.2461  0.2760  1.9352  0.0739  0.2805  0.0858  0.4015  0.0276 -0.0003  0.3676 0 
 49.8543 -0.4687  3.0311  0.0162  0.3788  0.1266  0.4272  0.0078 -0.0003  0.1974 0 
 49.0059  0.4715 -0.1219  0.0185  0.1662  0.0479  0.2575  0.0568 -0.0003  0.0907 0 
 56.6598 -0.7355  3.0929  0.0709  0.3614  0.0235  0.2068  0.0862 -0.0003  0.2395 0 
 35.0683  0.7484 -0.0226  0.0542  0.0918  0.0788  0.4225  0.1202 -0.0003  0.2117 0 
 46.7414  0.7503 -0.0404  0.0173  0.2276  0.1126  0.5213  0.1435  0.1781  0.4752 0 
 46.6621 -0.7503  3.1238  0.0246  0.1840  0.0045  0.1738  0.0865 -0.0003  0.0618 0 
 52.2530  0.6160 -0.7131  0.0781  0.4885  0.1043  0.3799  0.1440 -0.0003  0.6348 0 
 50.9438 -0.6017  2.4454  0.0859  0.3016  0.0841  0.5098  0.0921 -0.0003  0.5295 0 
 46.4790  0.3264 -2.9870  0.4050  0.3511  0.0301  0.3480  0.2609 -0.0003  0.9755 1 
 45.3132 -0.3254  0.1607  0.0979  0.2468  0.0420  0.4379  0.0296  0.1826  0.6556 1 
 48.6488 -0.2945  0.7484  0.6128  0.1786  0.1082  0.4729  0.7822 -0.0003  0.9970 1 
 40.7660  0.2890 -2.3374  0.0257  0.4157  0.0445  0.3153  0.1183 -0.0003  0.3039 1 
 33.2952  0.5468 -0.8206  0.2432  0.3441  0.0386  0.3335  0.1210 -0.0003  0.7743 1 
 33.0602 -0.5799  2.3523  0.4143  0.5619  0.0576  0.3819  0.3931  0.4619  0.9998 1 
 46.4454 -0.7244  1.0752  0.0034  0.1538  0.1712  0.6091  0.0381 -0.0003  0.1593 0 
 41.7334  0.7301 -2.0645  0.0297  0.2658  0.0501  0.4476  0.0342  0.1193  0.3429 0 
 49.2561 -0.4201  3.0670  0.0460  0.5314  0.1228  0.6000  0.0220 -0.0003  0.3126 0 
 45.5909  0.4100 -0.0763  0.0376  0.1171  0.0624  0.3498  0.1107 -0.0003  0.1612 0 
 48.1514  0.5010 -0.2066  0.0568  0.5874  0.0523  0.5604  0.1185 -0.0003  0.5438 0 
 42.1057 -0.5252  2.9601  0.1442  0.0556  0.1603  0.2233  0.0808 -0.0003  0.2780 0 
 44.8493  0.6239 -0.1767  0.0194  0.5323  0.0497  0.4830  0.1042 -0.0003  0.3076 1 
 33.1945 -0.6386  3.0353  0.1401  0.4067  0.0179  0.1907  0.1461 -0.0003  0.4835 1 
 47.5654 -0.5487 -1.1327  0.0774  0.2290  0.0604  0.5621  0.2093 -0.0003  0.6616 1 
 30.7317  0.5389  2.0447  0.1096  0.6796  0.0302  0.3900  0.0770 -0.0003  0.6810 1 
 48.3650  0.6429 -0.0012  0.4908  0.7970  0.0757  0.5166  0.5935 -0.0003  0.9979 1 
 47.3213 -0.6319 -3.1189  0.0997  0.3527  0.0545  0.3897  0.1337 -0.0003  0.6619 1 
 40.5463  0.7044  2.4358  0.2307  0.3344  0.0427  0.3609  0.1343 -0.0003  0.8128 0 
 40.2472 -0.7099 -0.6876  0.0243  0.4510  0.0189  0.1808  0.1446 -0.0003  0.1787 0 
 47.1931  0.0246 -1.3727  0.0159  0.5638  0.0115  0.1300 -0.0001 -0.0003  0.1428 0 
 45.0843 -0.0072  1.7124  0.0172  0.1595  0.0257  0.1316  0.0932 -0.0003  0.0896 0 
 45.7130  0.7837  0.4610  0.0055  0.3215  0.0143  0.3932  0.0649 -0.0003  0.0669 0 
 44.7547 -0.7960 -2.7075  0.0216  0.3499  0.0716  0.3954  0.0985 -0.0003  0.2710 0 
 50.4036  0.6637  0.4492  0.0005  0.3555  0.0538  0.4686  0.0554 -0.0003  0.1486 0 
 40.7080 -0.6576 -2.7020  0.0034  0.3511  0.0174  0.3154  0.0330 -0.0003  0.0634 0 
 41.0285 -0.2047  2.5100  0.4148  0.4516  0.0415  0.3597  0.4437 -0.0003  0.9961 1 
 26.7491  0.2243 -0.6069  0.7153  0.3137  0.0582  0.3557  0.3467  0.5565  0.9994 1 
 45.3071 -0.0148 -0.4850  0.0106  0.1396  0.0175  0.3503  0.0110 -0.0003  0.0471 0 
 29.4377 -0.0150  2.6927  0.0063  0.5893  0.0476  0.3950  0.0545 -0.0003  0.1913 0 
 54.8623 -0.5287 -2.0139  0.0614  0.2566  0.0980  0.6255  0.1596 -0.0003  0.6042 0 
 48.5969  0.5707  1.1243  0.0282  0.4398  0.0434  0.3010  0.0994 -0.0003  0.2885 0 
 46.7140 -0.2618  2.1679  0.3443  0.3257  0.0571  0.6951  0.2501 -0.0003  0.9887 1 
 34.9035  0.2647 -0.9355  0.1664  0.3267  0.0260  0.3761  0.1821 -0.0003  0.7694 1 
 47.3793 -0.2521  1.9437  0.0416  0.1984  0.0821  0.2597  0.0652 -0.0003  0.2321 0 
 46.0731  0.2583 -1.1435  0.0413  0.5518  0.0150  0.2180  0.0248 -0.0003  0.1496 0 
 46.0243 -0.3496  1.5833  0.0231  0.2600  0.0465  0.4797  0.0131 -0.0003  0.1844 0 
 43.6255  0.3388 -1.5268  0.0580  0.1111  0.2516  0.1327  0.0379 -0.0003  0.1868 0 
 41.8982 -0.2191  1.7987  0.4988  0.7613  0.0483  0.2683  0.8166  0.1731  0.9986 1 
 41.0803  0.2123 -1.2861  0.2755  0.6640  0.0728  0.4045  0.4183  0.5640  0.9997 1 
 34.9859 -0.4114  1.3113  0.2606  0.6250  0.0120  0.3288  0.2320 -0.0003  0.9026 1 
 34.3023  0.4296 -1.8194  0.4144  0.4046  0.0222  0.3779  0.4847 -0.0003  0.9962 1 
 36.4721  0.1915 -1.7179  0.0337  0.3720  0.0517  0.6037  0.0811  0.0570  0.4426 0 
 32.6177 -0.1486  1.4706  0.1475  0.4702  0.0313  0.3355  0.1107  0.1447  0.7996 0 
 51.8898  0.3655  2.6090  0.0039  0.1674  0.0392  0.1268  0.0209 -0.0003  0.0883 0 
 45.7099 -0.3668 -0.5593  0.0187  0.1340  0.0460  0.3932  0.0535 -0.0003  0.0948 0 
 49.1127  0.5422 -2.5466  0.0633  0.4158  0.0799  0.5575  0.2250 -0.0003  0.7006 0 
 41.9196 -0.6129  0.6654  0.0126  0.1129  0.0626  0.4470  0.0524  0.3237  0.3606 0 
 44.8341 -0.4932  0.9568  0.0190  0.4132  0.0292  0.3513  0.0490 -0.0003  0.1420 0 
 42.8321  0.5142 -2.1781  0.0132  0.2918  0.0643  0.2222  0.0794 -0.0003  0.2191 0 
 46.7567  0.2662  3.1181  0.2250  0.3110  0.0779  0.5647  0.4714 -0.0003  0.9952 1 
 40.2472 -0.2820 -0.0850  0.0918  0.5724  0.1135  0.4520  0.2283 -0.0003  0.8562 1 
 42.0691 -0.4395 -0.1540  0.2190  0.2833  0.0469  0.3573  0.2554 -0.0003  0.9295 0 
 38.3185  0.4181  2.9480  0.0016  0.4712  0.0803  0.4122  0.0665 -0.0003  0.1817 0 
 46.4851 -0.6420  2.2523  0.0760  0.4744  0.1146  0.4350  0.0280  0.0451  0.4645 0 
 37.0336  0.6166 -0.9502  0.1263  0.3797  0.0326  0.4623  0.1259 -0.0003  0.7103 0 
 49.4820 -0.6763 -0.8015  0.3589  0.7330  0.0486  0.4280  0.5716 -0.0003  0.9974 1 
 44.5777  0.6949  2.3080  0.2574  0.7014  0.0535  0.4398  0.2161 -0.0003  0.9619 1 
 44.3091  0.4937  1.0174  0.0146  0.1190  0.1142  0.3524  0.0002 -0.0003  0.0801 0 
 36.3104 -0.4685 -2.0989  0.0114  0.6111  0.0121  0.1395  0.0065 -0.0003  0.1346 0 
 45.4292 -0.5790 -0.2015  0.0013  0.5310  0.1110  0.4814  0.0639 -0.0003  0.2136 0 
 43.1556  0.5945  2.9504  0.0331  0.2507  0.1097  0.4879  0.2652 -0.0003  0.5303 0 
 57.9110 -0.3379 -1.2122  0.0255  0.5033  0.0258  0.1234  0.0735 -0.0003  0.1709 0 
 47.7272  0.3794  1.9395  0.0478  0.3360  0.0274  0.3888  0.0685 -0.0003  0.2419 0 
 46.4790 -0.1010 -2.8575  0.0209  0.4455  0.1190  0.8700  0.0074  0.1552  0.4803 0 
 43.7232  0.1021  0.2786  0.0489  0.3833  0.0111  0.0884  0.0275 -0.0003  0.1443 0 
 45.0202  0.6107  1.9821  0.0639  0.3441  0.0382  0.4825  0.0344 -0.0003  0.3810 0 
 34.8424 -0.6288 -1.1651  0.0158  0.4713  0.0066  0.0941  0.0014 -0.0003  0.1338 0 
 52.0150  0.7308 -0.2778  0.1471  0.4578  0.0574  0.3804  0.2145 -0.0003  0.9042 0 
 47.3030 -0.7246  2.8677  0.0136  0.2309  0.0759  0.4330  0.1993 -0.0003  0.2900 0 
 49.9275 -0.3393  0.5027  0.0826  0.2540  0.0290  0.2989  0.0627 -0.0003  0.2654 0 
 49.2744  0.3250 -2.6817  0.0922  0.1690  0.0768  0.4713  0.1440 -0.0003  0.5512 0 
 48.3223 -0.6602  0.1875  0.0622  0.3347  0.1112  0.3445  0.0735 -0.0003  0.4055 0 
 45.6275  0.6896 -2.9491  0.0199  0.4294  0.0275  0.3497  0.0656 -0.0003  0.1469 0 
 39.9786  0.0935  0.7935  0.0475  0.1034  0.0230  0.1811  0.0038 -0.0003  0.0656 0 
 36.5118 -0.0764 -2.3543  0.0336  0.1534  0.0315  0.4178  0.0325 -0.0003  0.1120 0 
 44.9897 -0.1134 -0.9810  0.0370  0.2265  0.0233  0.2632  0.0770 -0.0003  0.1056 0 
 41.9379  0.0720  2.1608  0.0272  0.3453  0.0557  0.4470  0.0284 -0.0003  0.2301 0 
 47.4434  0.4102  1.2197  0.0964  0.7750  0.0356  0.3894  0.0488 -0.0003  0.6835 0 
 46.8513 -0.4011 -1.9087  0.0557  0.3870  0.0335  0.5209  0.0920 -0.0003  0.4511 0 
 46.7170  0.1568  1.9813  0.0515  0.3754  0.0521  0.2607  0.0161 -0.0003  0.3329 0 
 46.3020 -0.1386 -1.1714  0.0047  0.1676  0.0739  0.3919  0.2081  0.0362  0.2481 0 
 49.1524  0.7353  0.6405  0.0487  0.1668  0.1733  0.5574  0.0467 -0.0003  0.2974 0 
 42.8595 -0.7511 -2.5253  0.0162  0.2032  0.0100  0.1778  0.1436 -0.0003  0.1091 0 
 41.0071  0.5675 -2.6376  0.0425  0.1508  0.0516  0.2698  0.0374 -0.0003  0.1245 0 
 39.6246 -0.5188  0.4731  0.0309  0.1132  0.1745  0.3177  0.0070 -0.0003  0.0977 0 
 50.5226  0.5260 -2.5642  0.1121  0.1009  0.1772  0.3832  0.1828 -0.0003  0.6106 0 
 42.5116 -0.5259  0.6262  0.0089  0.0216  0.0242  0.2227  0.0695 -0.0003  0.0457 0 
 47.4220 -0.0092 -0.2725  0.0406  0.1492  0.0965  0.1731  0.1400 -0.0003  0.3415 0 
 45.2918  0.0107  2.8530  0.0012  0.5343  0.0482  0.7008  0.1273 -0.0003  0.2726 0 
 45.9571 -0.5731  0.7104  0.0055  0.0597  0.0943  0.3491  0.0093 -0.0003  0.0585 0 
 44.3519  0.5356 -2.4105  0.0060  0.2540  0.0474  0.3083  0.0190 -0.0003  0.1078 0 
 52.4910 -0.6178  0.0109  0.0018  0.4666  0.0249  0.4217  0.0418 -0.0003  0.1091 0 
 42.9938  0.6144 -3.1257  0.0154  0.3034  0.0698  0.4440  0.0229 -0.0003  0.1781 0 
 46.3416  0.7090 -2.4967  0.0058  0.2916  0.0807  0.2177  0.0224 -0.0003  0.1965 1 
 38.0926 -0.7331  0.7160  0.2611  0.6689  0.0291  0.4588  0.3000  0.1845  0.9805 1 
 47.3915  0.5794 -0.5657  0.0077  0.2643  0.3019  0.6060  0.0384 -0.0003  0.2635 0 
 43.3112 -0.5425  2.5906  0.0322  0.0940  0.0200  0.1329  0.0098 -0.0003  0.0580 0 
 44.5716 -0.5377 -0.0132  0.0093  0.1424  0.0480  0.3958  0.1428 -0.0003  0.1310 0 
 42.2309  0.5394  3.1116  0.0816  0.0842  0.0184  0.1784  0.1072 -0.0003  0.1094 0 
 45.8686  0.3431  1.4694  0.0059  0.2339  0.0375  0.2183  0.0104 -0.0003  0.0927 0 
 45.4719 -0.3578 -1.6514  0.0866  0.1610  0.0170  0.2625  0.0954 -0.0003  0.1709 0 
 45.3284  0.1862 -2.4018  0.0213  0.4923  0.0047  0.1314  0.0350 -0.0003  0.1114 0 
 43.7140 -0.1910  0.7449  0.0100  0.3762  0.0639  0.4863  0.0292 -0.0003  0.1813 0 
 47.1321 -0.7462 -1.6002  0.0847  0.6556  0.0566  0.0867  0.0338 -0.0003  0.6556 0 
 43.8392  0.7460  1.4920  0.0143  0.4180  0.0373  0.3092  0.0776 -0.0003  0.1642 0 
 49.2470 -0.3002 -1.9418  0.1552  0.3979  0.0469  0.3000  0.1088 -0.0003  0.7372 0 
 43.8239  0.2981  1.1857  0.0052  0.3964  0.0193  0.2209  0.0257 -0.0003  0.0893 0 
 40.4639 -0.1325 -0.0085  0.7036  0.5806  0.0417  0.3159  0.5949  0.3586  0.9991 1 
 36.6979  0.1384 -3.1339  0.7995  0.1648  0.0465  0.4635  0.6796 -0.0003  0.9915 1 
 47.1107 -0.7618 -1.0426  0.0426  0.1062  0.0549  0.1301  0.0167 -0.0003  0.1168 0 
 46.0426  0.7534  2.1180  0.1485  0.4137  0.0417  0.3052  0.1391 -0.0003  0.7691 0 
 48.2673 -0.6762 -1.7703  0.0074  0.4341  0.1298  0.1292  0.0069 -0.0003  0.2418 0 
 45.5634  0.6561  1.3981  0.0329  0.1297  0.1327  0.3061  0.0800 -0.0003  0.1374 0 
 49.9519  0.2102  1.7747  0.0309  0.4537  0.0276  0.5551  0.0612 -0.0003  0.3135 1 
 46.6590 -0.2234 -1.3754  0.0835  0.3211  0.1124  0.6953  0.2736 -0.0003  0.8816 1 
 44.7700 -0.2902 -0.7868  0.0968  0.5834  0.0427  0.1757  0.1130 -0.0003  0.6421 0 
 35.3948  0.2623  2.3033  0.0113  0.2765  0.0600  0.2809  0.0250  0.0547  0.2186 0 
 44.7791 -0.7563  2.3973  0.0553  0.6962  0.0534  0.7029  0.0649  0.0980  0.6344 0 
 40.5188  0.7528 -0.7327  0.0322  0.1938  0.0527  0.2707  0.0457 -0.0003  0.1397 0 
 45.3986  0.0244  0.0546  0.0430  0.2869  0.0181  0.1751 -0.0200 -0.0003  0.1858 1 
 38.9014 -0.0271 -3.1200  0.3040  0.6389  0.0466  0.4105  0.3386  0.2191  0.9932 1 
 45.4994  0.2832 -2.3417  0.3746  0.3932  0.1077  0.2187  0.3187 -0.0003  0.9950 1 
 45.0904 -0.2647  0.7985  0.4971  0.5044  0.0418  0.3508  0.3153 -0.0003  0.9933 1 
 48.6885  0.4941 -2.8299  0.0262  0.3905  0.1266  0.5158  0.0307 -0.0003  0.2492 0 
 41.7578 -0.5268  0.3170  0.0433  0.2741  0.1209  0.3580  0.0694 -0.0003  0.2965 0 
 45.8534 -0.1471  1.6702  0.0277  0.1631  0.0567  0.3929  0.0197  0.1868  0.2761 0 
 42.2309  0.1398 -1.4739  0.0003  0.6833  0.0195  0.4015  0.0966  0.1591  0.3816 0 
 47.3579 -0.2072 -0.4864  0.0053  0.2182  0.0172  0.1299  0.0164 -0.0003  0.0714 0 
 38.6572  0.2265  2.6630  0.0427  0.1173  0.0098  0.1828  0.0784 -0.0003  0.0541 0 
 47.5898  0.4862 -0.9819  0.0111  0.1759  0.0186  0.3459  0.0639 -0.0003  0.0508 0 
 47.1138 -0.4887  2.1614  0.0452  0.7109  0.0160  0.2601  0.0482 -0.0003  0.2020 0 
 50.1320  0.0522 -0.4029  0.0084  0.2270  0.0848  0.3413  0.0629 -0.0003  0.1376 0 
 47.6661 -0.0852  2.7098  0.0460  0.4398  0.0344  0.4322  0.0053 -0.0003  0.3108 0 
 45.4994  0.6928 -1.6592  0.2794  0.4955  0.1354  0.5249  0.1684  0.2419  0.9798 1 
 37.3999 -0.6818  1.4962  0.0793  0.5758  0.0354  0.4150  0.2664 -0.0003  0.8257 1 
 50.5837  0.2789 -0.6713  0.0446  0.3601  0.2983  0.5533  0.0529 -0.0003  0.3747 0 
 49.2622 -0.2871  2.4650  0.0037  0.2141  0.0477  0.2571  0.1585 -0.0003  0.1795 0 
 50.0496  0.2280 -2.5788  0.1040  0.5913  0.1378  0.7255  0.0317 -0.0003  0.5171 0 
 41.3733 -0.1920  0.5658  0.0083  0.0971  0.0706  0.5383  0.0195 -0.0003  0.0943 0 
 57.8073  0.1496  0.1520  0.0020  0.0859  0.0291  0.2470  0.0257 -0.0003  0.0440 0 
 46.8025 -0.1530 -2.9822  0.0004  0.0921  0.0365  0.2171  0.0746 -0.0003  0.0519 0 
 53.5653  0.6568  0.7008  0.0507  0.2434  0.0409  0.2937  0.0344 -0.0003  0.1942 0 
 36.8811 -0.6771 -2.4214  0.0046  0.6686  0.0069  0.2777  0.0068 -0.0003  0.0995 0 
 47.8248 -0.6207  0.7054  0.2344  0.2995  0.0875  0.5182  0.4566 -0.0003  0.9951 0 
 45.2064  0.6271 -2.4063  0.0087  0.4791  0.0432  0.3506  0.0638  0.2626  0.6004 0 
 48.5695  0.0701  1.4227  0.1743  0.2374  0.0582  0.3011  0.1270 -0.0003  0.7268 1 
 47.7241 -0.0748 -1.7034  0.9144  0.6117  0.0744  0.5184  0.6459  0.2349  0.9981 1 
 42.8565  0.7178  2.8335  0.0206  0.5645  0.0288  0.3555  0.0832 -0.0003  0.1988 0 
 35.3857 -0.7328 -0.3370  0.1514  0.2385  0.0191  0.2341  0.1387 -0.0003  0.4734 0 
 36.1395 -0.4682 -2.0714  0.0824  0.2195  0.0568  0.2793  0.1622  0.2075  0.7664 1 
 34.6899  0.4892  1.0252  0.1297  0.4398  0.0435  0.4709  0.0281  0.3366  0.9682 1 
 53.2570  0.0714  1.6584  0.0127  0.2260  0.0312  0.4621 -0.0200 -0.0003  0.1351 0 
 53.1350 -0.0806 -1.4551  0.0288  0.3972  0.0749  0.3363  0.0461 -0.0003  0.2661 0 
 44.6418 -0.3750  2.2317  0.0599  0.8201  0.1174  0.4836  0.0950 -0.0003  0.5486 1 
 34.2962  0.3372 -0.8737  0.9611  0.6465  0.0195  0.4724  0.8720 -0.0003  0.9982 1 
 61.8723 -0.1115 -0.1534  0.0100  0.1391  0.1455  0.3643  0.0762 -0.0003  0.1018 0 
 48.2887  0.1356  3.0297  0.0200  0.2002  0.1519  0.5169  0.0242 -0.0003  0.1845 0 
 50.4707  0.2127 -2.0859  0.8328  0.4668  0.0435  0.4259  0.7589 -0.0003  0.9981 1 
 45.6153 -0.2228  1.0665  0.2495  0.1415  0.0304  0.4808  0.1380 -0.0003  0.7898 1 
 51.3893 -0.3653  1.3722  0.0567  0.2571  0.1063  0.3391  0.1069 -0.0003  0.4161 0 
 40.5920  0.3594 -1.8119  0.0354  0.2676  0.0269  0.6313  0.0549 -0.0003  0.3057 0 
 47.8401  0.1950 -1.8268  0.0091  0.1675  0.0059  0.1727  0.0641 -0.0003  0.0416 0 
 42.2187 -0.1630  1.3185  0.0456  0.3354  0.1193  0.4016  0.2204 -0.0003  0.5890 0 
 47.7913 -0.0908  2.2883  0.0869  0.2416  0.1711  0.4751  0.0360 -0.0003  0.3950 1 
 38.1933  0.1137 -0.8516  0.2207  0.1534  0.0466  0.2293  0.0822 -0.0003  0.6152 1 
 47.2724  0.0046  0.4686  0.0114  0.0538  0.1106  0.2166  0.0643 -0.0003  0.0731 0 
 45.2094 -0.0098 -2.6810  0.0188  0.2466  0.0935  0.2629  0.0034 -0.0003  0.1771 0 
 47.5959  0.6100 -0.4338  0.0799  0.3062  0.0609  0.3458  0.0093  0.3034  0.7114 0 
 38.2910 -0.5975  2.7710  0.0465  0.3114  0.0336  0.3207  0.0350 -0.0003  0.2007 0 
 49.6498  0.6681 -2.3588  0.0228  0.3120  0.0237  0.3849  0.0311 -0.0003  0.1162 0 
 39.6094 -0.6712  0.7722  0.0527  0.4194  0.0380  0.4085  0.0352  0.1750  0.5907 0 
 44.2115 -0.2062 -0.3161  0.0010  0.1921  0.0309  0.1763  0.0035 -0.0003  0.0753 0 
 43.1769  0.2185  2.8377  0.1234  0.1559  0.0836  0.4879  0.1686 -0.0003  0.7119 0 
 45.4047  0.3126  3.1011  0.4568  0.2598  0.0522  0.7003  0.3149 -0.0003  0.9916 1 
 44.7578 -0.3026 -0.0131  0.1682  0.6498  0.0251  0.6151  0.2711 -0.0003  0.9452 1 
 47.8614  0.6643 -1.6758  0.0367  0.1077  0.0245  0.1727  0.0319 -0.0003  0.0566 0 
 40.0671 -0.6776  1.4779  0.0349  0.7445  0.0376  0.5430  0.1298 -0.0003  0.5119 0 
 50.8217 -0.3927  2.3362  0.9864  0.5759  0.0468  0.3826  1.0389 -0.0003  0.9983 1 
 27.4784  0.3924 -0.8031  0.3121  0.1969  0.0432  0.3024  0.3248 -0.0003  0.9707 1 
 49.2042 -0.4239  0.6436  0.1860  0.6667  0.0508  0.5144  0.1691 -0.0003  0.9324 1 
 48.3833  0.3999 -2.4937  0.4747  0.2452  0.0568  0.3875  0.3967 -0.0003  0.9946 1 
 49.1829  0.1436 -0.1657  0.0188  0.5811  0.1708  0.7288  0.0543  0.2532  0.5624 0 
 36.9970 -0.1251  3.0152  0.0123  0.2625  0.0198  0.2775  0.0053 -0.0003  0.0710 0 
 46.6072 -0.7221 -1.1774  0.0382  0.6941  0.0172  0.3043  0.0488 -0.0003  0.1893 0 
 44.3885  0.7165  1.9687  0.0557  0.2660  0.0411  0.3082  0.0444 -0.0003  0.2336 0 
 48.0140 -0.7448 -1.7791  0.0097  0.7666  0.0566  0.3882  0.0475 -0.0003  0.2487 0 
 47.2023  0.7449  1.3125  0.0398  0.2770  0.0639  0.5199  0.0103 -0.0003  0.2652 0 
 52.1431  0.4243  0.4999  0.0584  0.4158  0.0750  0.6336  0.1183  0.2383  0.7870 0 
 40.2106 -0.4206 -2.6961  0.0594  0.2732  0.0197  0.2260  0.0867 -0.0003  0.1655 0 
 54.8257 -0.6213 -1.3280  0.0056  0.6004  0.2237  0.4588  0.0606 -0.0003  0.2768 0 
 44.3702  0.6166  1.7835  0.0130  0.4271  0.0207  0.1321  0.0256 -0.0003  0.1382 0 
 54.0475 -0.1437  2.1028  0.0022  0.0895  0.1116  0.1674  0.0242  0.5212  0.5892 0 
 47.5410  0.1366 -1.0498  0.0138  0.1808  0.0178  0.1297  0.0121 -0.0003  0.0680 0 
 44.8890  0.2346  1.5393  0.0708  0.4120  0.1233  0.4390  0.1220 -0.0003  0.5122 1 
 43.5492 -0.2663 -1.6147  0.2855  0.8133  0.0456  0.3983  0.3786 -0.0003  0.9902 1 
 48.5664 -0.2435 -1.6589  0.1171  0.5390  0.0206  0.3871  0.0411 -0.0003  0.5458 0 
 46.3416  0.2464  1.4535  0.0484  0.1357  0.0438  0.1741  0.1058  0.0854  0.3705 0 
 49.6834  0.5851  0.4113  0.3008  0.4101  0.2168  0.5559  0.2895 -0.0003  0.9934 1 
 35.7397 -0.6049 -2.7400  0.1061  0.3683  0.0187  0.3736  0.1489 -0.0003  0.5444 1 
 47.9042 -0.7118  1.0140  0.0000  0.0171  0.0032  0.0000 -0.0200 -0.0003  0.0938 0 
 44.7944  0.7506 -2.1343  0.0469  0.6488  0.1017  0.7028  0.0140 -0.0003  0.3341 0 
 43.3692  0.7621 -1.8762  0.3727  0.5051  0.0457  0.4873  0.4902 -0.0003  0.9966 1 
 41.4527 -0.7636  1.2034  0.0712  0.1123  0.0334  0.2242  0.0876 -0.0003  0.1350 1 
 45.4261  0.4490  2.7973  0.0182  0.6136  0.0325  0.3501  0.0366 -0.0003  0.1937 1 
 43.3753 -0.4474 -0.3037  0.3510  0.7305  0.0661  0.4430  0.5620 -0.0003  0.9976 1 
 39.5239  0.6507 -1.1071  0.0471  0.7149  0.0211  0.5904  0.1334  0.0212  0.6037 1 
 36.0998 -0.6745  2.0601  0.0773  0.6774  0.0473  0.2794  0.2228  0.3783  0.9778 1 
 44.7669 -0.3642 -1.0598  0.0877  0.1047  0.0404  0.3075  0.1069 -0.0003  0.2157 0 
 38.4924  0.3698  2.1007  0.0093  0.6256  0.0468  0.2287  0.0840 -0.0003  0.2667 0 
 41.1139 -0.7955 -3.1223  0.0173  0.4718  0.0803  0.2696  0.0517 -0.0003  0.2774 0 
 32.9229  0.7783 -0.0014  0.0044  0.0669  0.0231  0.1434  0.0687 -0.0003  0.0487 0 
 45.4109  0.3031  2.5364  0.0781  0.1411  0.0668  0.2626  0.1088  0.0258  0.3750 1 
 40.1801 -0.3040 -0.5974  0.0709  0.3354  0.0538  0.2713  0.0491 -0.0003  0.4005 1 
 51.1574  0.7721 -1.4947  0.0369  0.0973  0.0151  0.2971  0.0270 -0.0003  0.0461 0 
 47.9683 -0.7718  1.6335  0.0069  0.3301  0.0256  0.3452  0.0519 -0.0003  0.0811 0 
 46.8330  0.7121  2.4785  0.0624  0.2992  0.0202  0.3039  0.1326 -0.0003  0.2655 0 
 43.8941 -0.7137 -0.6669  0.0000  0.0153  0.0139  0.0442  0.0075 -0.0003  0.0694 0 
 46.5431 -0.6094  1.8654  0.0326  0.5737  0.1211  0.5653  0.0494 -0.0003  0.2942 0 
 46.3508  0.6100 -1.2347  0.0002  0.2127  0.0715  0.5224  0.2631 -0.0003  0.2737 0 
 46.7262  0.5256 -2.9521  0.1301  0.5349  0.0373  0.2172  0.1096 -0.0003  0.6841 0 
 46.7109 -0.5309  0.2075  0.0541  0.1278  0.0311  0.4344  0.1288 -0.0003  0.2205 0 
 52.6375 -0.0646 -1.0359  0.2393  0.6670  0.0237  0.2107  0.3216 -0.0003  0.9496 1 
 37.3449  0.0606  2.1605  0.3412  0.3821  0.0617  0.3691  0.2159  0.5721  0.9996 1 
 47.1168  0.7684  2.8187  0.0117  0.3568  0.0939  0.3901  0.0341 -0.0003  0.1800 0 
 46.0792 -0.7673 -0.3415  0.0047  0.2270  0.1925  0.4796  0.0599 -0.0003  0.1839 0 
 43.6378  0.6953  1.1413  0.0053  0.5317  0.0218  0.4423  0.0107 -0.0003  0.1379 1 
 32.0409 -0.7215 -1.9377  0.1977  0.4328  0.0680  0.2408  0.3178 -0.0003  0.9649 1 
 47.0436  0.0951  2.3121  0.2020  0.2379  0.0416  0.5204  0.0462 -0.0003  0.6475 0 
 42.6551 -0.0962 -0.8583  0.1588  0.3226  0.0855  0.6674  0.1179 -0.0003  0.8309 0 
 43.1525 -0.2302  1.7816  0.0234  0.2093  0.0123  0.3549  0.0472 -0.0003  0.0587 0 
 36.4782  0.2449 -1.3698  0.0067  0.4807  0.0077  0.2322  0.0245  0.0568  0.1055 0 
 48.7617  0.1887 -2.1576  0.4922  0.7137  0.0268  0.5156  0.5302 -0.0003  0.9971 1 
 46.5797 -0.2084  0.9970  0.4512  0.2272  0.0743  0.3043  0.5958 -0.0003  0.9972 1 
 49.9275 -0.8085 -0.2934  0.0174  0.7884  0.0555  0.5978  0.1350 -0.0003  0.4325 0 
 42.0447  0.7908  2.8754  0.0369  0.1443  0.0339  0.4020  0.0235 -0.0003  0.1115 0 
 46.0945  0.6515  2.8379  0.0525  0.1434  0.0671  0.3924  0.0886 -0.0003  0.2262 0 
 34.3267 -0.6394 -0.2594  0.0207  0.3827  0.0344  0.2834  0.0242  0.1557  0.4164 0 
 47.5105 -0.2316 -1.4409  0.0138  0.3353  0.0665  0.1730  0.0118 -0.0003  0.2717 0 
 44.5533  0.2357  1.7290  0.0485  0.5118  0.0475  0.5718  0.0917 -0.0003  0.4544 0 
 44.7700 -0.3578 -1.3267  0.0678  0.3977  0.0390  0.4393  0.0287 -0.0003  0.4049 0 
 34.8730  0.3739  1.8177  0.1459  0.5406  0.0229  0.2821  0.2255 -0.0003  0.7669 0 
 41.0925 -0.0595  2.9054  0.5316  0.3618  0.0863  0.4944  0.3306 -0.0003  0.9927 1 
 39.3866  0.0771 -0.2373  0.4398  0.5755  0.0343  0.1818  0.5234  0.3383  0.9995 1 
 35.1751 -0.5302 -0.5475  0.0661  0.2250  0.0525  0.5160  0.0513  0.2102  0.5794 1 
 27.6188  0.5468  2.5594  0.1483  0.7129  0.0172  0.2013  0.1503  0.0771  0.7472 1 
 49.0211 -0.6117 -2.2799  0.0917  0.5255  0.0619  0.3003  0.1280 -0.0003  0.7438 0 
 41.5045  0.6365  0.9094  0.0132  0.5246  0.0551  0.1344  0.0003 -0.0003  0.3701 0 
 48.5878 -0.5855  2.8529  0.0086  0.0980  0.2205  0.3010  0.0253 -0.0003  0.0726 1 
 37.7722  0.5945 -0.2724  0.1724  0.5042  0.0468  0.3679  0.1119  0.3882  0.9960 1 
 46.6133 -0.6190 -0.5999  0.0820  0.3989  0.0604  0.3912  0.1570 -0.0003  0.6756 0 
 39.1943  0.6027  2.5625  0.0514  0.4157  0.0545  0.1821  0.1734 -0.0003  0.5807 0 
 49.5033 -0.6290  1.4120  0.0165  0.8007  0.0318  0.1712  0.0132 -0.0003  0.2362 0 
 39.0906  0.5888 -1.7072  0.0032  0.0596  0.1621  0.2278  0.1240 -0.0003  0.0677 0 
 45.5512 -0.0219 -1.0459  0.0103  0.5482  0.0996  0.5685  0.0584 -0.0003  0.2399 0 
 41.4221  0.0271  2.0989  0.0381  0.0901  0.1803  0.4036  0.0132 -0.0003  0.1014 0 
 42.3194  0.5931 -1.4064  0.5594  0.2722  0.1783  0.2675  0.3388 -0.0003  0.9970 1 
 40.9277 -0.6109  1.7091  0.2533  0.1147  0.0186  0.2699  0.2014  0.1384  0.9055 1 
 46.4302 -0.6054  2.1646  0.1127  0.3490  0.0246  0.3046  0.0840  0.1916  0.7941 0 
 42.9419  0.6112 -0.9818  0.0000  0.2965  0.0185  0.3553  0.1341 -0.0003  0.0870 0 
 52.3293  0.7476 -2.0634  0.0095  0.2445  0.1106  0.1266  0.0129 -0.0003  0.2387 0 
 47.8981 -0.7448  1.0144  0.1858  0.2013  0.0692  0.4316  0.1567 -0.0003  0.8087 0 
 44.0711 -0.7060 -1.9156  0.0410  0.2209  0.0278  0.2647  0.0358 -0.0003  0.1071 0 
 41.8097  0.7208  1.1833  0.0334  0.4937  0.0451  0.2684  0.0352 -0.0003  0.2884 0 
 51.2795  0.0703 -1.6884  0.0432  0.4432  0.0669  0.5090  0.0313 -0.0003  0.3192 0 
 47.2938 -0.0360  1.4508  0.0186  0.1027  0.0983  0.3031  0.0565 -0.0003  0.0824 0 
 56.5774  0.1841  0.5499  0.0782  0.3256  0.0478  0.3311  0.1362 -0.0003  0.5546 0 
 48.8930 -0.1695 -2.5921  0.0426  0.3879  0.0860  0.6011  0.0543 -0.0003  0.3574 0 
 42.7344 -0.4290  2.1532  0.1488  0.3445  0.0536  0.3558  0.1266  0.4557  0.9968 1 
 39.9115  0.4304 -0.9767  0.4879  0.4185  0.0342  0.3171  0.1229 -0.0003  0.9538 1 
 53.2448  0.6823 -1.1698  0.0048  0.1009  0.0591  0.2941  0.0106 -0.0003  0.0732 0 
 44.5960 -0.6537  2.0083  0.0221  0.5835  0.0569  0.6157  0.0670 -0.0003  0.2945 0 
 48.2612 -0.0461 -0.2781  0.2129  0.7350  0.1375  1.0339  0.3151 -0.0003  0.9935 1 
 38.7640  0.0618  2.8405  0.0723  0.6831  0.0229  0.3196  0.0595  0.0265  0.4466 1 
 51.2978 -0.3829  1.7051  0.0314  0.1771  0.0421  0.4241  0.0195 -0.0003  0.1393 0 
 41.0864  0.3873 -1.4586  0.0045  0.2070  0.0114  0.1348  0.0200 -0.0003  0.0570 0 
 45.2003  0.6989 -1.0963  0.0771  0.4766  0.1435  0.5258  0.0468 -0.0003  0.3939 0 
 43.8636 -0.7529  1.9715  0.0306  0.3147  0.1760  0.3975  0.0230 -0.0003  0.2400 0 
 50.7851 -0.4477 -0.1781  0.0760  0.2590  0.0849  0.2551  0.1298 -0.0003  0.5674 0 
 48.2490  0.4546  2.9544  0.0162  0.4073  0.0284  0.2154  0.0305 -0.0003  0.1333 0 
 50.1167 -0.7431  0.4681  0.1305  0.3509  0.1831  0.5546  0.4407 -0.0003  0.9887 0 
 45.4292  0.7390 -2.6445  0.0399  0.2187  0.0177  0.3063  0.0444 -0.0003  0.0840 0 
 57.3281 -0.0954  1.2374  0.0378  0.2288  0.1010  0.4950  0.0247 -0.0003  0.2350 0 
 42.6520  0.1339 -1.8850  0.0101  0.4396  0.0222  0.1780  0.0095 -0.0003  0.1393 0 
 49.1524  0.3130 -0.7706  0.0020  0.0820  0.0305  0.2573  0.1039 -0.0003  0.0541 0 
 37.8149 -0.3138  2.3937  0.0406  0.6883  0.0325  0.2758  0.1541 -0.0003  0.4230 0 
 50.0038 -0.0253  0.8045  0.0661  0.1712  0.0490  0.2988  0.0349 -0.0003  0.1944 0 
 43.5523  0.0345 -2.3675  0.0453  0.1811  0.0027  0.0885  0.0441 -0.0003  0.0866 0 
 46.8421 -0.2177 -2.0369  0.0205  0.6386  0.0802  0.4341  0.0179 -0.0003  0.2359 0 
 46.2409  0.1931  1.0645  0.0160  0.2315  0.0800  0.4791  0.0320 -0.0003  0.1642 0 
 49.2195 -0.0242  0.1965  0.0070  0.0532  0.1574  0.2572  0.0063 -0.0003  0.0458 0 
 39.0723  0.0436 -2.9363  0.0078  0.5765  0.0208  0.3189  0.0140 -0.0003  0.1229 0 
 43.6805 -0.4670  0.1679  0.0845  0.0784  0.0820  0.3095  0.0735 -0.0003  0.1650 0 
 40.1526  0.4226 -2.9188  0.0232  0.2296  0.0408  0.1357  0.0139 -0.0003  0.1638 0 
 49.9977 -0.1774  1.4351  0.0060  0.2702  0.2640  0.4696  0.0151 -0.0003  0.2052 0 
 38.5016  0.1796 -1.7189  0.0114  0.1209  0.0103  0.0915  0.0933  0.0853  0.1408 0 
 44.5380 -0.7994 -2.9003  0.0214  0.3559  0.0875  0.3959  0.0612  0.0347  0.2738 0 
 44.1230  0.7948  0.2943  0.0180  0.3413  0.0078  0.2205  0.0107 -0.0003  0.0766 0 
 46.5919 -0.4889 -0.1418  0.1117  0.2544  0.0121  0.1739  0.1225 -0.0003  0.2554 0 
 46.5278  0.4952  3.0045  0.0179  0.6625  0.0108  0.1305  0.0146 -0.0003  0.1349 0 
 43.9063 -0.0385 -2.1946  0.0383  0.0138  0.0176  0.1325  0.0483 -0.0003  0.0497 0 
 33.5210  0.0405  0.9518  0.0643  0.1285  0.0184  0.3804  0.0478  0.1250  0.3761 0 
 47.8157 -0.7684 -2.8578  0.0049  0.3008  0.1046  0.4750  0.0080 -0.0003  0.1555 0 
 36.9329  0.7462  0.2553  0.0195  0.2484  0.0250  0.3239  0.0421 -0.0003  0.0789 0 
 50.0648  0.7514  2.7651  0.0034  0.3912  0.0338  0.2134  0.0320 -0.0003  0.1239 0 
 43.2593 -0.7565 -0.3744  0.0124  0.4240  0.0272  0.3990  0.1741 -0.0003  0.2608 0 
 53.2845  0.5065  0.4067  0.0110  0.6261  0.3539  0.7981  0.0274 -0.0003  0.3131 0 
 48.2979 -0.4953 -2.7539  0.0564  0.0677  0.1267  0.1292  0.0256 -0.0003  0.1074 0 
 44.5563  0.5936 -2.7116  0.0735  0.5301  0.0305  0.3959  0.0734 -0.0003  0.4938 1 
 34.4854 -0.5633  0.4209  0.0833  0.1962  0.0434  0.4245  0.1118 -0.0003  0.4149 1 
 48.6793  0.4782  0.9707  0.1107  0.4602  0.0493  0.3439  0.0720  0.0453  0.6930 1 
 46.5797 -0.4528 -2.1497  0.3497  0.5302  0.0758  0.4347  0.4009 -0.0003  0.9961 1 
 52.6680 -0.2200  0.4006  0.0011  0.4846  0.0296  0.2949  0.1507 -0.0003  0.1844 0 
 43.1006  0.2106 -2.7441  0.0905  0.4923  0.0122  0.3106  0.1324 -0.0003  0.3736 0 
 48.3253  0.5686  2.6532  0.1502  0.1470  0.0093  0.0861  0.1301 -0.0003  0.2468 0 
 48.0446 -0.5533 -0.4869  0.0240  0.2633  0.2083  0.4313  0.0285 -0.0003  0.2269 0 
 45.1087 -0.3741 -0.8207  0.4919  0.5595  0.1305  0.9645  0.4501 -0.0003  0.9975 1 
 41.4740  0.3633  2.3358  0.2560  0.8270  0.0180  0.3587  0.2786 -0.0003  0.9579 1 
 42.4750  0.6729 -0.9945  0.0283  0.4127  0.0175  0.4900  0.0384 -0.0003  0.2009 0 
 41.0803 -0.6753  2.1119  0.0712  0.3508  0.0241  0.2247  0.0920 -0.0003  0.2521 0 
 42.7039  0.7290 -2.4831  0.0647  0.3942  0.0815  0.4448  0.1068 -0.0003  0.4944 0 
 37.2625 -0.7395  0.6230  0.0312  0.5820  0.0361  0.2770  0.1769 -0.0003  0.4356 0 
 46.3508 -0.6403 -2.7670  0.0222  0.1426  0.0416  0.2177  0.0206 -0.0003  0.0787 0 
 44.3885  0.6116  0.3845  0.0288  0.0752  0.0238  0.3523  0.0580 -0.0003  0.0596 0 
 51.1574  0.0385  3.0065  0.3494  0.4681  0.0495  0.6791  0.1686 -0.0003  0.9601 1 
 32.0287 -0.0626 -0.1273  0.2697  0.4619  0.0400  0.3854  0.1259  0.1258  0.8629 1 
 53.3700 -0.1415 -0.5818  0.5488  0.2512  0.0293  0.4619  0.3196  0.1900  0.9970 1 
 46.5553  0.1517  2.5905  0.4496  0.1289  0.0461  0.2609  0.4317 -0.0003  0.9874 1 
 52.1675  0.3777  0.7761  0.0545  0.6326  0.0444  0.2956  0.0284 -0.0003  0.4397 0 
 44.1444 -0.3841 -2.3760  0.1424  0.4080  0.0240  0.5291  0.1661 -0.0003  0.8148 0 
 51.3283 -0.7227 -3.1404  0.0126  0.1298  0.0335  0.2968  0.0148 -0.0003  0.0596 0 
 48.0903  0.7421 -0.0205  0.0544  0.3011  0.1747  0.3449  0.1077 -0.0003  0.4229 0 
 53.3333  0.5657 -0.6741  0.0290  0.5999  0.0609  0.3360  0.0641 -0.0003  0.3421 0 
 51.4382 -0.5660  2.4523  0.0009  0.6906  0.0444  0.2967  0.0648 -0.0003  0.2006 0 
 46.2867 -0.7589 -2.8146  0.3448  0.3243  0.1077  0.4790  0.5402 -0.0003  0.9984 1 
 43.6469  0.7647  0.3028  0.0723  0.2547  0.0350  0.1327  0.0053 -0.0003  0.2897 1 
 51.1574 -0.4952  2.2090  0.0197  0.2390  0.0135  0.3395  0.0259 -0.0003  0.0594 0 
 46.7445  0.4956 -0.9602  0.0167  0.1237  0.0870  0.2606  0.0129 -0.0003  0.0919 0 
 42.8565  0.6407  1.2850  0.0260  0.1948  0.0455  0.3555  0.0572 -0.0003  0.1276 0 
 35.1080 -0.6541 -1.8753  0.0338  0.3384  0.0064  0.0938  0.0104 -0.0003  0.1271 0 
 52.2560  0.7264  0.7713  0.0009  0.2763  0.0899  0.2533  0.0489 -0.0003  0.1612 0 
 39.8566 -0.7387 -2.3710  0.0206  0.1304  0.0214  0.1813  0.1489 -0.0003  0.1063 0 
 43.3722 -0.3217 -0.7981  0.1248  0.3094  0.0510  0.5759  0.1452  0.2386  0.9111 1 
 40.1984  0.3023  2.3574  0.4056  0.5772  0.0618  0.3617  0.1646 -0.0003  0.9601 1 
 46.8330 -0.5632 -2.0581  0.0530  0.5182  0.0961  0.5644  0.2009 -0.0003  0.6342 0 
 43.8514  0.5450  1.0817  0.0343  0.4498  0.0541  0.6184  0.0599 -0.0003  0.3464 0 
 46.0670 -0.5606  2.2802  0.0107  0.3352  0.0285  0.1744  0.0245 -0.0003  0.1222 0 
 43.8544  0.5702 -0.8923  0.0285  0.1042  0.0256  0.2650  0.0273 -0.0003  0.0518 0 
 48.4749  0.6564  1.6200  0.0348  0.4166  0.0944  0.4733  0.0258 -0.0003  0.2625 0 
 41.6754 -0.6816 -1.4967  0.0116  0.3344  0.0307  0.2686  0.0102 -0.0003  0.1160 0 
 45.9052  0.2493 -1.2857  0.3845  0.5075  0.0414  0.5237  0.6061  0.2642  0.9997 1 
 37.3053 -0.2471  1.8751  0.1609  0.7875  0.0424  0.2769  0.1125 -0.0003  0.8647 1 
 58.8022 -0.3055 -0.9081  0.0127  0.1751  0.0683  0.2869  0.1331 -0.0003  0.1752 0 
 37.0306  0.2857  2.2279  0.0602  0.2746  0.0266  0.5549  0.0491 -0.0003  0.3594 0 
 46.6529  0.3210  1.0010  0.0196  0.2059  0.0946  0.5215  0.0876 -0.0003  0.2171 0 
 43.5615 -0.3361 -2.1409  0.0086  0.4947  0.0079  0.2212  0.0572 -0.0003  0.0909 0 
 46.1097 -0.4750  1.9960  0.0046  0.4667  0.0211  0.3487  0.0527 -0.0003  0.0919 0 
 43.3906  0.4722 -1.1448  0.1447  0.3019  0.0747  0.4873  0.0839  0.1333  0.8360 0 
 47.8614 -0.3072 -2.4468  0.0363  0.5007  0.0803  0.4317  0.0891 -0.0003  0.3506 0 
 46.0487  0.3348  0.7350  0.0226  0.2399  0.0889  0.2617  0.0191 -0.0003  0.1837 0 
 46.1463 -0.2102 -3.0083  0.0196  0.1475  0.2548  0.5666  0.0743 -0.0003  0.2403 0 
 36.4813  0.1906  0.1393  0.0883  0.2559  0.0217  0.2321  0.0985 -0.0003  0.2551 0 
 49.8787 -0.3705 -0.6741  0.0068  0.6995  0.0359  0.3844  0.0567 -0.0003  0.1802 0 
 45.6855  0.3462  2.4623  0.0692  0.1983  0.0438  0.1748  0.0754 -0.0003  0.2684 0 
 50.6600  0.4551 -1.4528  0.0129  0.3073  0.0605  0.3829  0.0915 -0.0003  0.1974 0 
 47.8126 -0.4407  1.6598  0.0109  0.3377  0.0610  0.3455  0.0140 -0.0003  0.1743 0 
 48.1819 -0.5710 -0.2805  0.4838  0.1428  0.1033  0.4310  0.4969 -0.0003  0.9953 0 
 45.1850  0.5823  2.8914  0.0019  0.3814  0.0494  0.5259  0.1026 -0.0003  0.1978 0 
 52.5216  0.0280  2.4677  0.0000  0.2050  0.0410  0.2108  0.0045 -0.0003  0.0873 0 
 45.0141 -0.0617 -0.6781  0.0039  0.2185  0.0688  0.3071  0.0560 -0.0003  0.1142 0 
 48.7556 -0.6534  2.1270  0.0479  0.1685  0.0895  0.3008  0.0464 -0.0003  0.1927 0 
 45.0629  0.6118 -1.0530  0.1971  0.2120  0.0821  0.3508  0.3569 -0.0003  0.9638 0 
 48.2460  0.5315 -2.5719  0.0800  0.0563  0.0393  0.1292  0.0767 -0.0003  0.1065 0 
 48.2185 -0.5205  0.6178  0.1015  0.2414  0.0158  0.2154  0.0529 -0.0003  0.1807 0 
 49.1859  0.7983  1.9289  0.0056  0.1835  0.0823  0.3001  0.0572 -0.0003  0.1084 0 
 44.9531 -0.7725 -1.1824  0.0052  0.1634  0.1036  0.3950  0.0141 -0.0003  0.0949 0 
 48.6091 -0.2779  1.6311  0.0495  0.2749  0.0271  0.4730  0.0657 -0.0003  0.2732 0 
 41.9257  0.2874 -1.5026  0.1633  0.4089  0.0313  0.0894  0.1224 -0.0003  0.5831 0 
 49.5460 -0.5814 -1.2725  0.1438  0.7550  0.0651  0.4279  0.1286 -0.0003  0.8980 0 
 33.9574  0.6034  1.8254  0.1132  0.1463  0.0189  0.3316  0.1017 -0.0003  0.2777 0 
 41.8494 -0.7520 -0.5981  0.0253  0.2906  0.0182  0.2236  0.0021 -0.0003  0.1006 0 
 37.7630  0.7583  2.4857  0.0090  0.1230  0.0152  0.3679  0.0091 -0.0003  0.0450 0 
 43.6408 -0.0977 -1.5959  0.3028  0.0889  0.0229  0.2654  0.3389 -0.0003  0.9215 1 
 28.2628  0.1413  1.5882  0.0667  0.6223  0.0188  0.1999  0.0966  0.2020  0.6479 1 
 58.6221 -0.6225  1.1127  0.0531  0.0661  0.0824  0.3692  0.0721 -0.0003  0.1164 0 
 46.8666  0.6180 -2.0419  0.0545  0.4352  0.0384  0.3473  0.0069 -0.0003  0.3362 0 
 48.9509 -0.2248 -2.0753  0.0844  0.5614  0.1342  0.4292  0.0245 -0.0003  0.4031 0 
 47.0802  0.2285  1.0303  0.0153  0.4062  0.0244  0.4336  0.0963 -0.0003  0.1707 0 
 49.0089 -0.5090  1.2961  0.0017  0.1006  0.0436  0.2146  0.0272 -0.0003  0.0584 0 
 47.0527  0.4993 -1.8296  0.1038  0.2522  0.0319  0.3035  0.1115 -0.0003  0.4450 0 
 44.2847 -0.5023  1.4082  0.0004  0.1869  0.0521  0.4846  0.0560 -0.0003  0.1071 0 
 41.7365  0.4959 -1.7225  0.0018  0.5770  0.0163  0.4476  0.0959 -0.0003  0.1267 0 
 56.3180 -0.5959 -0.7704  0.0274  0.4697  0.1995  0.7043  0.0518  0.2952  0.5778 0 
 48.5237  0.5650  2.3571  0.0007  0.2445  0.0272  0.0860  0.0467 -0.0003  0.1177 0 
 51.3649  0.1029 -0.6892  0.0335  0.2368  0.0359  0.3392  0.0718 -0.0003  0.1513 0 
 46.3722 -0.0923  2.4340  0.0156  0.6142  0.0286  0.3047  0.0517 -0.0003  0.1599 0 
 50.3670  0.6138  2.2295  0.0277  0.5182  0.0953  0.3835  0.0259 -0.0003  0.2456 0 
 30.2861 -0.6184 -0.9753  0.0719  0.1683  0.0189  0.1958  0.0679 -0.0003  0.1229 0 
 42.7283  0.0727  0.1728  0.0111  0.2755  0.0661  0.2224  0.0497 -0.0003  0.1826 0 
 42.4048 -0.0987 -2.9760  0.0136  0.7285  0.0127  0.2228  0.0302 -0.0003  0.1267 0 
 49.8848 -0.3504 -0.7225  0.0139  0.4471  0.1354  0.4699  0.0506 -0.0003  0.2325 0 
 32.1111  0.3442  2.4028  0.0414  0.1703  0.0042  0.3370  0.0820 -0.0003  0.0664 0 
 48.1849 -0.3599 -2.5129  0.0301  0.2357  0.0393  0.4741  0.0428 -0.0003  0.1902 0 
 42.6429  0.3480  0.6655  0.0215  0.4063  0.0153  0.1780  0.0067 -0.0003  0.1247 0 
 45.0294 -0.3753 -1.1899  0.0000  0.7149  0.0500  0.4825  0.0419 -0.0003  0.1886 0 
 38.1262  0.3812  1.9619  0.0065  0.3225  0.0152  0.2293  0.1541  0.0700  0.2296 0 
 51.0780  0.4655  2.8326  0.0477  0.3630  0.0302  0.2123  0.0391 -0.0003  0.1954 0 
 47.6967 -0.4820 -0.3304  0.1074  0.5785  0.1578  0.5617  0.0654 -0.0003  0.5097 0 
 45.5299 -0.4384  0.4060  0.0117  0.1831  0.0161  0.2187  0.1772 -0.0003  0.1313 0 
 35.2056  0.4947 -2.7189  0.0853  0.1322  0.0470  0.4221  0.0035 -0.0003  0.2332 0 
 47.1382 -0.5120 -0.3691  0.0099  0.0767  0.0674  0.2601  0.0578 -0.0003  0.0751 0 
 46.5126  0.5101  2.7710  0.0500  0.4468  0.0862  0.4784  0.0220 -0.0003  0.3164 0 
 46.0426 -0.6281  3.0377  0.0128  0.3163  0.0873  0.3924  0.0997 -0.0003  0.2214 0 
 45.1453  0.6165 -0.0521  0.0449  0.1269  0.0576  0.3507  0.0178 -0.0003  0.1272 0 
 49.6223 -0.7181  0.4458  0.0707  0.1063  0.0285  0.2994  0.1743 -0.0003  0.2411 0 
 49.6010  0.7204 -2.7326  0.0215  0.5856  0.0504  0.3850  0.0493 -0.0003  0.2596 0 
 45.8717  0.8032 -2.8608  0.0000  0.0525  0.0177  0.2183  0.1079 -0.0003  0.0459 0 
 36.1883 -0.7925  0.2908  0.0074  0.4524  0.0042  0.1396  0.1075 -0.0003  0.1124 0 
 47.7455 -0.3092  1.2389  0.0115  0.2917  0.0584  0.2592  0.0349 -0.0003  0.1611 0 
 40.2899  0.3204 -1.9140  0.0119  0.5513  0.0130  0.2259  0.0518 -0.0003  0.1059 0 
 45.6519  0.2213 -2.4766  0.0407  0.0916  0.1458  0.3059  0.0356 -0.0003  0.0844 0 
 39.9268 -0.1950  0.6912  0.0753  0.3898  0.0313  0.3171  0.0073 -0.0003  0.3516 0 
 45.9358 -0.7240  0.6079  0.0024  0.0692  0.0142  0.2182  0.0057 -0.0003  0.0392 0 
 41.6419  0.7095 -2.5486  0.0289  0.5297  0.0917  0.2687  0.0182 -0.0003  0.2702 0 
 46.3081  0.7878 -2.5803  0.0295  0.7134  0.0826  0.5225  0.1506 -0.0003  0.4823 0 
 41.2879 -0.7805  0.5531  0.0033  0.5462  0.0331  0.5835  0.0146 -0.0003  0.1738 0 
 47.9988 -0.5197  0.3428  0.1736  0.6657  0.0551  0.4314  0.1052 -0.0003  0.8790 1 
 47.2389  0.5204 -2.7747  0.2442  0.1920  0.0441  0.4332  0.1514  0.0933  0.8996 1 
 42.6764  0.0120 -1.8550  0.1454  0.7367  0.0125  0.4004  0.2914 -0.0003  0.8470 0 
 40.3235 -0.1011  1.3108  0.0349  0.6152  0.1103  0.5421  0.2351 -0.0003  0.6479 0 
 44.0955 -0.6357 -1.3318  0.1624  0.3136  0.0774  0.4411  0.1530 -0.0003  0.8274 0 
 41.6968  0.6607  1.7998  0.0630  0.4604  0.0159  0.3133  0.1043 -0.0003  0.2542 0 
 48.1270  0.7442 -0.0603  0.0035  0.5197  0.0431  0.3449  0.0320 -0.0003  0.1625 0 
 45.7954 -0.7198 -3.1331  0.0183  0.1369  0.0874  0.3930  0.1373  0.4119  0.5968 0 
 47.6204  0.2022 -0.8152  0.0038  0.1670  0.1259  0.3026  0.1483 -0.0003  0.1639 0 
 39.9939 -0.1873  2.3195  0.0171  0.7562  0.0683  0.4527  0.0540 -0.0003  0.2859 0 
 50.6325 -0.4325 -2.4170  0.0421  0.3898  0.0723  0.3830  0.0193 -0.0003  0.2874 0 
 46.2074  0.4387  0.7189  0.0014  0.1975  0.0313  0.2614  0.1191 -0.0003  0.0783 0 
 51.7433 -0.1702 -1.8481  0.0456  0.3104  0.0526  0.3386  0.1509  0.0896  0.5692 0 
 43.6500  0.2011  1.2753  0.0273  0.3213  0.0649  0.5307  0.0512 -0.0003  0.2636 0 
 56.7910  0.7194  2.8151  0.0007  0.1144  0.1351  0.5375  0.0396  0.2970  0.2165 0 
 49.4881 -0.6919 -0.3273  0.0353  0.4076  0.0428  0.3424  0.0110 -0.0003  0.2566 0 
 46.5553 -0.6767 -0.9425  0.2481  0.7274  0.0455  0.6087  0.2586 -0.0003  0.9711 1 
 40.1740  0.7103  2.1795  0.0023  0.2850  0.0350  0.4522  0.0867  0.1388  0.3057 1 
 53.5531 -0.3545 -1.2168  0.0002  0.2289  0.1657  0.5454  0.0240 -0.0003  0.1640 0 
 46.3050  0.3856  1.9099  0.0670  0.3265  0.0252  0.0871  0.0388 -0.0003  0.2197 0 
 48.3589  0.7274 -0.7471  0.0162  0.6052  0.0630  0.6028  0.0290 -0.0003  0.2394 0 
 33.7713 -0.7423  2.3319  0.0270  0.1919  0.0138  0.2847  0.1236 -0.0003  0.0889 0 
 48.0903  0.8046  1.5332  0.0643  0.2202  0.0529  0.5174  0.0828 -0.0003  0.3945 0 
 45.7343 -0.8020 -1.6265  0.0182  0.4487  0.0237  0.2621  0.0314  0.1216  0.3278 0 
 42.9664  0.7200 -1.0887  0.3123  0.4908  0.0227  0.4885  0.2307 -0.0003  0.9371 1 
 25.0553 -0.7114  1.9975  0.3768  0.1111  0.0293  0.2074  0.1790  0.4051  0.9971 1 
 45.0751  0.5415  1.1858  0.5159  0.2533  0.0885  0.3070  0.5197 -0.0003  0.9970 1 
 33.9025 -0.5354 -1.9705  0.3014  0.1753  0.0381  0.3318  0.1688 -0.0003  0.8509 1 
 44.6143  0.1069  1.5277  0.0019  0.2236  0.0260  0.2638  0.0231 -0.0003  0.0543 0 
 43.2776 -0.1009 -1.6090  0.0334  0.6167  0.0470  0.3546  0.0239 -0.0003  0.3081 0 
 52.7016 -0.0339 -2.7209  0.0081  0.4782  0.0776  0.3370  0.0172 -0.0003  0.1908 0 
 50.4555  0.0253  0.4315  0.0396  0.5814  0.2131  0.6814  0.0174 -0.0003  0.3275 0 
 43.3509  0.4345 -2.9489  0.2096  0.2097  0.0329  0.1329  0.1934 -0.0003  0.7324 0 
 41.6205 -0.4138  0.2038  0.0203  0.4423  0.0180  0.3583  0.0787  0.1507  0.4209 0 
 47.6997  0.5628  1.3378  0.0873  0.2948  0.0717  0.3024  0.0847 -0.0003  0.5139 0 
 45.9663 -0.5565 -1.8222  0.0351  0.5261  0.0103  0.3926  0.1491 -0.0003  0.2304 0 
 36.4050 -0.7764  0.6448  0.0195  0.3051  0.0651  0.2323  0.0041 -0.0003  0.2277 0 
 35.0347  0.7987 -2.5689  0.0678  0.3179  0.0099  0.2818  0.0676  0.0451  0.2293 0 
 48.1147 -0.6377 -2.0364  0.0154  0.2625  0.0620  0.4743  0.0353 -0.0003  0.1725 0 
 38.0835  0.6597  1.1115  0.0783  0.3666  0.1361  0.3212  0.0186 -0.0003  0.3854 0 
 55.0729  0.2597  2.3058  0.1668  0.3329  0.0757  0.6249  0.0904 -0.0003  0.7707 0 
 46.8086 -0.2513 -0.8580  0.0455  0.1164  0.0645  0.3474  0.0082 -0.0003  0.1229 0 
 48.0354  0.4226  0.4765  0.0943  0.2908  0.1043  0.6038  0.0770 -0.0003  0.5533 0 
 46.3233 -0.4143 -2.6967  0.0064  0.6644  0.0262  0.3483  0.0711 -0.0003  0.1426 0 
 44.9622 -0.3757 -1.2712  0.1634  0.4708  0.0374  0.2633  0.1685 -0.0003  0.8099 0 
 40.6958  0.3540  1.9122  0.0264  0.5584  0.0775  0.4506  0.0821 -0.0003  0.3045 0 
 48.2368 -0.6791  1.8306  0.0179  0.1269  0.0893  0.3878  0.0163 -0.0003  0.0936 0 
 42.7039  0.6415 -1.2623  0.1994  0.4680  0.1241  0.4893  0.1325 -0.0003  0.8613 0 
 53.1716 -0.3996  1.4665  0.0489  0.1974  0.0392  0.3783  0.0994 -0.0003  0.2311 0 
 31.0735  0.3509 -1.7387  0.0356  0.7098  0.0267  0.1944  0.0163 -0.0003  0.2266 0 
 69.6727 -0.6529 -1.6518  0.0368  0.3308  0.0681  0.3542  0.1779 -0.0003  0.4750 0 
 36.8170  0.6693  1.4482  0.0391  0.2999  0.0125  0.2315  0.0266  0.0958  0.2398 0 
 49.2042  0.6897 -1.8441  0.0284  0.6757  0.0534  0.3429  0.0424 -0.0003  0.3201 0 
 45.0782 -0.6994  1.3244  0.0171  0.0738  0.0461  0.1316  0.0065 -0.0003  0.0856 0 
 48.2033  0.1689 -1.1497  0.4842  0.2510  0.1356  0.4740 -0.0200  0.4111  0.9904 1 
 46.7994 -0.1660  2.0141  0.4774  0.2234  0.0679  0.8250  0.6254 -0.0003  0.9988 1 
 48.7037  0.6553  0.2327  0.1101  0.1396  0.0310  0.3008  0.0945 -0.0003  0.2875 0 
 46.3935 -0.6504 -2.8939  0.0072  0.4050  0.0225  0.2176  0.0318 -0.0003  0.0995 0 
 49.0150  0.1573 -0.5071  0.0052  0.1324  0.0959  0.3862  0.0276 -0.0003  0.0796 0 
 47.7424 -0.1321  2.6558  0.0184  0.5043  0.0473  0.4752  0.0220 -0.0003  0.2181 0 
 49.5155  0.3428  1.5380  0.0061  0.5326  0.0182  0.3852  0.0264 -0.0003  0.1055 0 
 35.5932 -0.3502 -1.6604  0.1331  0.2315  0.0360  0.3273  0.0469 -0.0003  0.4299 0 
 44.1291 -0.2401 -1.9512  0.1705  0.1226  0.0404  0.3087  0.1547 -0.0003  0.6183 1 
 28.2017  0.1819  1.1823  0.2210  0.1610  0.0055  0.1500  0.2418  0.0685  0.6950 1 
 51.2337 -0.6250  0.3286  0.0249  0.2400  0.0886  0.7212  0.0180 -0.0003  0.2857 0 
 33.3104  0.5977 -2.8010  0.0673  0.5646  0.0093  0.1905  0.0159 -0.0003  0.1779 0 
 41.4038  0.4265  0.6434  0.0375  0.5177  0.0427  0.4485  0.0539 -0.0003  0.3322 1 
 20.5234 -0.5039 -2.5068  0.7083  0.3577  0.0200  0.3316  0.3513 -0.0003  0.9955 1 
 41.0620 -0.0118 -2.0386  0.0839  0.1612  0.1077  0.3147  0.0959 -0.0003  0.3932 0 
 38.6145 -0.0066  1.1619  0.0110  0.5191  0.0418  0.5028  0.1175  0.2395  0.6117 0 
 46.8421 -0.7466  1.4784  0.0000  0.3046  0.0606  0.2605  0.1074 -0.0003  0.1825 0 
 34.3114  0.7762 -1.6018  0.0213  0.3752  0.0316  0.2362  0.0230 -0.0003  0.1476 0 
 46.4607 -0.4448 -0.5110  0.0122  0.4553  0.1978  0.6091  0.1236 -0.0003  0.3312 0 
 40.6531  0.4836  2.6116  0.0146  0.1859  0.1623  0.3155  0.0712 -0.0003  0.1527 0 
 47.6387 -0.2057  2.7415  0.0351  0.2415  0.0964  0.5619  0.0692 -0.0003  0.3055 0 
 42.6795  0.2066 -0.4381  0.0082  0.4433  0.1248  0.5783  0.0693 -0.0003  0.2405 0 
 45.9480 -0.2426 -2.2357  0.3326  0.0966  0.1024  0.3491  0.1522 -0.0003  0.8844 1 
 42.7802  0.2667  0.8425  0.8151  0.1852  0.0749  0.4001  0.9768  0.1312  0.9988 1 
 40.8423 -0.2897  1.7143  0.0020  0.8130  0.0171  0.1801  0.0296 -0.0003  0.1355 0 
 33.8354  0.2878 -1.4368  0.0133  0.1683  0.0366  0.1897  0.0219 -0.0003  0.0742 0 
 49.0547 -0.5241 -1.4725  0.3494  0.4153  0.0656  0.3432  0.4968  0.1254  0.9970 1 
 43.4150  0.5030  1.6764  0.1182  0.5718  0.0181  0.3986  0.0992  0.0837  0.6685 1 
 62.3209 -0.6676 -1.4747  0.0828  0.4014  0.0593  0.2425  0.0121 -0.0003  0.4858 0 
 36.3561  0.6621  1.5930  0.3149  0.3659  0.0666  0.5112  0.0259  0.1113  0.8700 0 
 57.5906 -0.7042 -0.2681  0.0159  0.1929  0.0583  0.2060  0.0616  0.0816  0.2611 0 
 48.4352  0.6883  2.8852  0.1103  0.6651  0.0522  0.5165  0.1490 -0.0003  0.8343 0 
 49.5583 -0.3890 -0.5592  0.1854  0.0435  0.0554  0.2567  0.1535 -0.0003  0.4539 0 
 38.5412  0.4451  2.5587  0.0150  0.4236  0.0490  0.4116  0.0192 -0.0003  0.1948 0 
 45.0477 -0.6832  3.1140  0.0298  0.2288  0.0647  0.5263  0.0627 -0.0003  0.2465 1 
 41.1414  0.6771 -0.0004  0.2085  0.5518  0.0248  0.2696  0.2464  0.3251  0.9948 1 
 49.2958  0.5411  3.1101  0.0109  0.5078  0.1167  0.6427  0.0397 -0.0003  0.2439 0 
 44.5014 -0.5348 -0.0955  0.2130  0.6151  0.0339  0.3080  0.2872 -0.0003  0.9493 0 
 52.5521  0.0171 -1.6718  0.0316  0.2415  0.0411  0.1686  0.0086 -0.0003  0.1788 0 
 48.6946 -0.0475  1.4638  0.0277  0.3799  0.0857  0.3438  0.0099 -0.0003  0.2264 0 
 49.5216 -0.2993 -0.8599  0.0985  0.5930  0.0283  0.3851  0.0895 -0.0003  0.6139 0 
 41.6846  0.2797  2.2699  0.0076  0.7114  0.0146  0.2238  0.0036 -0.0003  0.1311 0 
 52.4758  0.4643  0.7340  0.0490  0.1005  0.0496  0.2952  0.0344 -0.0003  0.0983 0 
 47.7668 -0.4580 -2.3911  0.0018  0.3434  0.0247  0.4751  0.1791  0.2726  0.6681 0 
 58.4024  0.0090  1.0952  0.0366  0.1249  0.1393  0.1642  0.0163 -0.0003  0.1213 0 
 51.1879 -0.0218 -2.0548  0.0173  0.2909  0.0046  0.0849  0.0065 -0.0003  0.1126 0 
 50.7668 -0.0063 -1.4666  0.0487  0.1562  0.1061  0.2552  0.1661  0.2510  0.6155 0 
 45.5085  0.0026  1.6399  0.0506  0.2908  0.0137  0.1750  0.0225 -0.0003  0.1179 0 
 55.6741 -0.5076  0.6404  0.9248  0.1302  0.0671  0.7063  0.6596 -0.0003  0.9799 1 
 23.6057  0.5269 -2.5216  0.0512  0.3050  0.0206  0.3698  0.1402 -0.0003  0.2786 1 
 47.4800 -0.3610 -0.8022  0.0029  0.3014  0.0336  0.3461  0.0797 -0.0003  0.0916 0 
 41.3611  0.3524  2.3361  0.0138  0.3768  0.0172  0.1794  0.0019 -0.0003  0.1212 0 
 48.2795  0.6113  2.9629  0.0004  0.4883  0.2335  0.4738  0.1136 -0.0003  0.2881 0 
 42.9938 -0.6186 -0.2133  0.0907  0.1689  0.2094  0.4884  0.1426 -0.0003  0.5687 0 
 50.1808  0.0142  1.3622  0.3041  0.4165  0.1296  0.4265  0.3358  0.2372  0.9929 1 
 47.6570 -0.0322 -1.8225  0.2484  0.6581  0.0341  0.3025  0.2632 -0.0003  0.9567 1 
 43.7293 -0.3974  2.1806  0.3680  0.3189  0.0555  0.5304  0.4049 -0.0003  0.9951 1 
 33.5882  0.4222 -1.0178  0.0131  0.7282  0.0401  0.2851  0.0357 -0.0003  0.2297 1 
 49.3172  0.0639 -2.0298  0.0124  0.5539  0.1382  0.8140  0.1363 -0.0003  0.4008 0 
 37.6471 -0.1090  1.0852  0.0318  0.1781  0.0442  0.2301  0.0339 -0.0003  0.1097 0 
 41.6632  0.3292 -0.8654  0.0070  0.3017  0.0340  0.2239  0.0445 -0.0003  0.0959 0 
 39.7772 -0.3191  2.3040  0.0110  0.4546  0.0553  0.4081  0.0869 -0.0003  0.2258 0 
 57.6425  0.4829  0.0394  0.5379  0.4913  0.0749  0.7003  0.2986 -0.0003  0.9855 1 
 44.1352 -0.5016 -3.1053  0.3591  0.4010  0.1328  0.3968  0.0185  0.2470  0.9485 1 
 44.8005  0.7522 -3.0762  0.1291  0.1770  0.0529  0.3074  0.0969 -0.0003  0.4887 1 
 44.5808 -0.7507  0.0217  0.4070  0.0806  0.0245  0.4838  0.2928  0.0647  0.9816 1 
 45.6001 -0.2048 -1.0733  0.2243  0.1888  0.0478  0.7432  0.6538  0.1281  0.9977 1 
 39.8291  0.2289  2.0718  0.8790  0.3492  0.0546  0.5439  0.6278 -0.0003  0.9971 1 
 49.1829  0.7036 -2.6885  0.2392  0.6797  0.0524  0.3001  0.3364 -0.0003  0.9831 1 
 45.4505 -0.7016  0.4604  0.1734  0.4062  0.0318  0.5688  0.2711 -0.0003  0.9386 1 
 47.8309  0.5189 -1.5239  0.0283  0.2076  0.0319  0.3023  0.0103 -0.0003  0.1007 0 
 36.6339 -0.5393  1.6229  0.0364  0.3042  0.0334  0.1855  0.0733 -0.0003  0.1819 0 
 42.5177  0.2699 -2.5076  0.0136  0.5494  0.0475  0.5789  0.0877 -0.0003  0.2692 0 
 37.3999 -0.2887  0.6323  0.1571  0.1729  0.0800  0.0922  0.1699 -0.0003  0.7497 0 
 44.5350 -0.7921  0.4913  0.0490  0.3982  0.0945  0.5279  0.1779 -0.0003  0.5401 0 
 37.8241  0.8161 -2.6002  0.0016  0.3132  0.1517  0.4137  0.0244 -0.0003  0.1694 0 
 45.7649  0.4883  1.9256  0.0136  0.2635  0.0194  0.1747  0.0198 -0.0003  0.0803 0 
 35.5993 -0.4703 -1.2177  0.0367  0.5673  0.0115  0.3273  0.0804 -0.0003  0.1598 0 
 46.1189  0.2368 -2.4702  0.0453  0.3921  0.0765  0.5231  0.0438 -0.0003  0.3366 0 
 41.2787 -0.2611  0.6714  0.1309  0.3900  0.0156  0.2244  0.2376 -0.0003  0.5749 0 
 50.0740 -0.7935 -0.7516  0.0223  0.3569  0.0686  0.2134  0.0038 -0.0003  0.2784 0 
 47.2786  0.7776  2.3777  0.0080  0.4571  0.0612  0.3898  0.0486 -0.0003  0.1873 0 
 56.2142 -0.1758 -2.6728  0.0000  0.0631  0.0380  0.2072  0.0429 -0.0003  0.0505 0 
 45.2094  0.1824  0.4996  0.0008  0.4557  0.0452  0.6135  0.0325 -0.0003  0.1761 0 
 49.0303 -0.5953  2.5105  0.0348  0.3061  0.0429  0.4720  0.0141 -0.0003  0.2373 0 
 46.5675  0.6012 -0.6187  0.0221  0.3583  0.0622  0.3913  0.0407 -0.0003  0.2163 0 
 47.6753  0.0336  2.5375  0.0020  0.3450  0.1418  0.3457  0.0207 -0.0003  0.1714 0 
 43.0243 -0.0451 -0.6132  0.0061  0.3862  0.0127  0.3108  0.0040 -0.0003  0.0766 0 
 41.0437 -0.7314  2.6488  0.0091  0.3488  0.1247  0.3597  0.0549 -0.0003  0.1936 0 
 38.6114  0.7154 -0.5268  0.0067  0.1080  0.0390  0.5028  0.0467 -0.0003  0.0897 0 
 55.7931 -0.6796 -2.6556  0.1046  0.4404  0.1570  0.2492  0.1157 -0.0003  0.6974 0 
 51.9265  0.7385  0.5291  0.0000  0.1356  0.0108  0.1268  0.0012 -0.0003  0.0508 0 
 46.2531  0.7648  0.0469  0.0062  0.3033  0.0666  0.6098  0.1159 -0.0003  0.2436 0 
 39.1608 -0.7697  3.1309  0.0134  0.2929  0.0113  0.1821  0.1111 -0.0003  0.1031 0 
 48.4566 -0.0731 -2.3171  0.3233  0.3108  0.0542  0.7746  0.4374  0.0612  0.9967 0 
 43.3814  0.0615  0.8386  0.0818  0.3383  0.0796  0.3101  0.1425 -0.0003  0.6455 0 
 47.7790 -0.8131  0.5789  0.0032  0.1737  0.0402  0.3887  0.0921 -0.0003  0.0859 0 
 46.2013  0.7870 -2.5111  0.0414  0.4066  0.1751  0.4792  0.0136 -0.0003  0.2832 0 
 45.6977 -0.1511  2.5389  0.0175  0.1453  0.1150  0.2622  0.0125 -0.0003  0.0982 0 
 45.4353  0.1934 -0.6603  0.0352  0.4791  0.0979  0.3501  0.0086 -0.0003  0.2498 0 
 47.3640  0.0567  1.7800  0.0279  0.6851  0.0952  0.8225  0.0378 -0.0003  0.3351 0 
 31.1955 -0.0345 -1.3825  0.2405  0.3698  0.0168  0.0485  0.1331 -0.0003  0.5360 0 
 46.0273  0.5449  2.0927  0.2157  0.1867  0.1021  0.6978  0.1277 -0.0003  0.8826 1 
 45.7801 -0.5556 -1.0203  0.4399  0.5361  0.0283  0.4804  0.5506 -0.0003  0.9973 1 
 47.9133  0.6855 -0.1299  0.0490  0.3268  0.0208  0.4316  0.0522 -0.0003  0.2290 0 
 44.5319 -0.6733  3.0272  0.0347  0.2572  0.0199  0.3079  0.0500 -0.0003  0.0944 0 
 46.7262 -0.4626 -2.8089  0.0990  0.1007  0.1865  0.3041  0.0172 -0.0003  0.2312 0 
 44.1352  0.4742  0.3069  0.0382  0.4803  0.0589  0.5732  0.0303  0.1922  0.5571 0 
 47.2694 -0.3906 -2.2323  0.0120  0.0912  0.1333  0.1733  0.0025 -0.0003  0.0692 0 
 45.8106  0.3763  0.9270  0.0045  0.2989  0.0216  0.3930  0.0257 -0.0003  0.0736 0 
 48.8106 -0.7479  2.5981  0.1166  0.4786  0.2429  0.4725  0.0683 -0.0003  0.5466 0 
 43.9918  0.7500 -0.5190  0.0160  0.7284  0.0220  0.2206  0.0154 -0.0003  0.1602 0 
 46.3905  0.7882  2.2518  0.0197  0.2709  0.0229  0.2612  0.0952  0.2741  0.7629 0 
 41.7456 -0.7572 -0.9215  0.0064  0.1258  0.1260  0.4923  0.0433 -0.0003  0.0984 0 
 49.0639  0.0092  3.0150  0.1675  0.2480  0.1678  0.3432  0.1011 -0.0003  0.6788 0 
 35.6756  0.0424 -0.1111  0.0421  0.5275  0.0600  0.3738  0.1075 -0.0003  0.4624 0 
 49.2042 -0.0316  1.3715  0.1674  0.4988  0.0334  0.3429  0.1964 -0.0003  0.8554 1 
 45.2399  0.0391 -1.7376  0.2178  0.2075  0.0853  0.4381  0.1356 -0.0003  0.8099 1 
 51.0109 -0.6777  1.8980  0.0674  0.3447  0.1528  0.3822  0.0430 -0.0003  0.3605 0 
 44.8402  0.6784 -1.2880  0.1371  0.3172  0.0255  0.3074  0.1004 -0.0003  0.5204 0 
 47.3640  0.4700  0.2672  0.1276  0.6064  0.1714  0.4762  0.2465  0.7329  0.9917 0 
 43.2502 -0.4532 -2.9135  0.0982  0.8425  0.0518  0.4433  0.0323 -0.0003  0.7141 0 
 49.0486  0.0516  3.0951  0.0325  0.1335  0.0442  0.3432  0.0629 -0.0003  0.1057 0 
 46.8757 -0.0609 -0.0288  0.0057  0.1947  0.2021  0.5209  0.0255 -0.0003  0.1696 0 
 41.5137  0.4973 -2.6397  0.1053  0.3617  0.0362  0.2689  0.0909 -0.0003  0.5178 0 
 40.7568 -0.5166  0.5361  0.0312  0.2693  0.0296  0.2703  0.0667 -0.0003  0.1226 0 
 40.0275 -0.7890  1.9732  0.0574  0.2636  0.0719  0.4074  0.0992 -0.0003  0.3983 0 
 32.3461  0.7862 -1.1809  0.0616  0.5191  0.0181  0.4804  0.1109 -0.0003  0.4783 0 
 50.5165 -0.3146 -1.6984  0.0186  0.1905  0.1573  0.3406  0.0196 -0.0003  0.1408 0 
 46.0975  0.3558  1.4984  0.0542  0.3377  0.1012  0.3924  0.0882  0.0654  0.5100 0 
 48.0995  0.6135  2.3533  0.0164  0.0909  0.0616  0.4312  0.0546 -0.0003  0.0915 0 
 46.2654 -0.6037 -0.7659  0.0880  0.6020  0.0624  0.4355  0.0838 -0.0003  0.6198 0 
 49.3996 -0.2666 -2.7098  0.0363  0.2049  0.0537  0.1713  0.0108 -0.0003  0.1908 0 
 44.9226  0.3039  0.3964  0.0454  0.0575  0.0319  0.1756  0.0045 -0.0003  0.0685 0 
 46.3478  0.2778 -0.0353  0.0248  0.1158  0.0362  0.4789  0.0596 -0.0003  0.1171 0 
 43.8483 -0.2571  3.0939  0.0104  0.1844  0.0650  0.2650  0.0341 -0.0003  0.1072 0 
 50.0923 -0.6818  0.2875  0.0186  0.3275  0.1108  0.6400  0.2263 -0.0003  0.4661 1 
 43.3326  0.6500 -2.8219  0.4462  0.7418  0.0330  0.3988  0.3416 -0.0003  0.9933 1 
 49.8390  0.4548 -1.9713  0.0255  0.6028  0.1299  0.6409  0.1433 -0.0003  0.4144 0 
 46.7079 -0.4607  1.1639  0.0138  0.1565  0.2182  0.5648  0.0484 -0.0003  0.1949 0 
 60.8560  0.1975  0.6314  0.0266  0.1354  0.0618  0.2846  0.0123  0.1366  0.1884 0 
 43.6591 -0.1877 -2.4955  0.0285  0.2951  0.0277  0.1327  0.0126 -0.0003  0.1683 0 
 57.6638  0.4287 -1.6694  0.0509  0.2694  0.1344  0.3707  0.1196 -0.0003  0.4146 0 
 46.8849 -0.3990  1.4544  0.0404  0.1549  0.0329  0.1736  0.0121 -0.0003  0.0977 0 
 50.0740  0.7372  0.2478  0.0375  0.7488  0.0590  0.2987  0.0379 -0.0003  0.4082 0 
 46.7323 -0.7329 -2.8729  0.0086  0.1867  0.0616  0.3041  0.0064 -0.0003  0.1084 0 
 50.4067  0.1227 -2.2834  0.4576  0.6008  0.0689  0.6816  0.5770 -0.0003  0.9970 1 
 37.8943 -0.1127  0.8430  0.2730  0.4820  0.0354  0.3216  0.2608 -0.0003  0.9520 1 
 48.2887 -0.0550 -1.6260  0.0249  0.3412  0.1147  0.5599  0.2488 -0.0003  0.5164 0 
 38.3673  0.0508  1.5156  0.0452  0.5616  0.0760  0.2747  0.0302 -0.0003  0.3786 0 
 52.8511 -0.2502 -3.0785  0.0867  0.5037  0.2449  0.4209  0.0381 -0.0003  0.4529 1 
 45.0690  0.2437  0.0090  0.1388  0.2746  0.1058  0.3508  0.0834  0.1816  0.8336 1 
 44.0009 -0.7359  2.2712  0.0062  0.3506  0.0850  0.2206  0.0087 -0.0003  0.2230 0 
 40.1679  0.7519 -0.9045  0.0058  0.6172  0.0802  0.3618  0.0140 -0.0003  0.1936 0 
 49.7566  0.1767 -0.8379  0.1584  0.1712  0.0871  0.2137  0.1671 -0.0003  0.7677 0 
 39.8993 -0.1610  2.3238  0.0028  0.6600  0.0476  0.2718  0.0424  0.2743  0.6684 0 
 46.6926 -0.1991  2.1848  0.0863  0.1193  0.0255  0.6517  0.1270 -0.0003  0.4873 0 
 36.8811  0.2084 -0.9661  0.0641  0.3109  0.0869  0.2777  0.0898  0.4123  0.8145 0 
 48.5695 -0.4583  1.4520  0.0089  0.2831  0.2423  0.5161  0.0202 -0.0003  0.2205 0 
 45.9358  0.4632 -1.6783  0.0056  0.1020  0.0945  0.3491  0.0224 -0.0003  0.0674 0 
 45.5817 -0.7447  2.1161  0.1788  0.3631  0.0432  0.4372  0.2719 -0.0003  0.9316 1 
 40.7324  0.7320 -1.0309  0.2062  0.6561  0.0216  0.6307  0.3527 -0.0003  0.9705 1 
 49.7292  0.5142  1.8897  0.0694  0.1375  0.1090  0.4702  0.0744 -0.0003  0.3163 0 
 47.2053 -0.5015 -1.2562  0.0065  0.6129  0.0858  0.6932  0.0491 -0.0003  0.2491 0 
 42.7039 -0.1219  1.5727  0.5010  0.5703  0.0859  0.3559  0.4084  0.1794  0.9975 1 
 35.0317  0.1516 -1.5986  0.0453  0.2989  0.0238  0.3287  0.0486 -0.0003  0.1521 1 
 43.0396  0.6592 -1.2933  0.0624  0.3970  0.1057  0.4439  0.2492 -0.0003  0.7369 1 
 38.3856 -0.6514  1.8832  0.3185  0.3401  0.0186  0.3663  0.3402  0.2780  0.9990 1 
 50.7515 -0.7851 -0.3602  0.0128  0.2224  0.0365  0.4253  0.0628 -0.0003  0.1136 0 
 42.8717  0.7842  2.7537  0.0094  0.2229  0.0151  0.1778  0.0145 -0.0003  0.0589 0 
 49.0547 -0.1870  1.4841  0.0241  0.1743  0.0828  0.3432  0.0414 -0.0003  0.1346 0 
 47.9103  0.1817 -1.6769  0.0140  0.1281  0.0773  0.3885  0.0765 -0.0003  0.1053 0 
 53.2326 -0.3981  2.8203  0.0159  0.1240  0.0234  0.1680  0.0046 -0.0003  0.0584 0 
 45.1179  0.4124 -0.3207  0.0281  0.6046  0.0203  0.4384  0.1219 -0.0003  0.2911 0 
 44.6174 -0.2509  1.0084  0.4304  0.7714  0.0529  0.3957  0.4649 -0.0003  0.9969 1 
 42.2827  0.2260 -2.1475  0.5075  0.6660  0.0180  0.3568  0.4824 -0.0003  0.9973 1 
 45.9419  0.2797 -2.1150  0.0546  0.4024  0.0920  0.6545  0.0161 -0.0003  0.3760 0 
 37.3571 -0.2909  1.0665  0.0995  0.6791  0.0418  0.5074  0.0641 -0.0003  0.6834 0 
 50.9804  0.6281  0.1875  0.9440  0.7367  0.0559  0.4672  1.0349 -0.0003  0.9983 1 
 44.1169 -0.6281 -2.9636  0.2101  0.1615  0.0757  0.5292  0.3704 -0.0003  0.9749 1 
 48.1086  0.4112 -1.1590  0.0149  0.3227  0.1035  0.3880  0.0748 -0.0003  0.2096 0 
 45.6916 -0.3706  1.9895  0.0846  0.3930  0.2075  0.4369  0.0746 -0.0003  0.4412 0 
 44.3763  0.3854 -0.3624  0.3075  0.5045  0.0211  0.5284  0.5092 -0.0003  0.9948 1 
 41.7731 -0.3867  2.7933  0.1399  0.6141  0.0418  0.5817  0.1298 -0.0003  0.8587 1 
 40.2747 -0.1829  1.6759  0.0353  0.2516  0.0209  0.3615  0.0461 -0.0003  0.1102 0 
 38.2025  0.1860 -1.4507  0.1322  0.2171  0.0089  0.2751  0.0919 -0.0003  0.2469 0 
 49.5796 -0.2074  1.0902  0.0667  0.4368  0.0410  0.4706  0.1269 -0.0003  0.5708 0 
 39.0082  0.2191 -2.0785  0.0052  0.3581  0.1160  0.4102  0.0724  0.4925  0.6224 0 
 51.1604 -0.6973  2.2122  0.0857  0.3948  0.1088  0.6366  0.0897 -0.0003  0.5737 0 
 46.3233  0.6738 -0.9683  0.0202  0.2618  0.0228  0.2177  0.0076 -0.0003  0.0914 0 
 48.2582 -0.1681 -0.4129  0.0845  0.2007  0.0662  0.5600  0.1616 -0.0003  0.6189 0 
 44.1779  0.1684  2.7135  0.0220  0.3053  0.0314  0.3967  0.2177 -0.0003  0.3422 0 
 48.7984 -0.1401  1.2033  0.2785  0.5788  0.0799  0.4725  0.2216  0.1973  0.9728 1 
 35.3765  0.1648 -1.9578  0.2771  0.2058  0.0241  0.1873  0.3173 -0.0003  0.8910 1 
 45.1728  0.8124  0.0904  0.0365  0.1913  0.0157  0.2629  0.1487 -0.0003  0.1403 0 
 42.1698 -0.7751 -3.0346  0.0015  0.0942  0.0694  0.3124  0.0600 -0.0003  0.0705 0 
 46.3722 -0.7020  0.7208  0.0502  0.2565  0.1003  0.3918  0.0745 -0.0003  0.3251 1 
 18.3352  0.7959 -2.3164  0.0992  0.2113  0.0431  0.2871  0.1251 -0.0003  0.4678 1 
 58.2345  0.2572 -0.8541  0.0074  0.5308  0.2464  0.4109  0.0439 -0.0003  0.2632 0 
 50.8614 -0.2120  2.2479  0.0097  0.3084  0.0466  0.3400  0.0095 -0.0003  0.1441 0 
 47.7821 -0.4653  2.6126  0.0002  0.2854  0.1572  0.3023  0.0389 -0.0003  0.1655 0 
 44.4648  0.5078 -0.5782  0.0100  0.4969  0.0528  0.2201  0.0742 -0.0003  0.2628 0 
 42.4140  0.3855  0.4717  0.0268  0.7098  0.0388  0.4011  0.0136 -0.0003  0.2715 0 
 40.6592 -0.3954 -2.6615  0.0179  0.2554  0.0288  0.2705  0.0099 -0.0003  0.0932 0 
 46.5095  0.6216 -1.0891  0.0225  0.4364  0.2158  0.5219  0.0152 -0.0003  0.2585 0 
 42.7100 -0.5891  2.0279  0.0381  0.2479  0.0304  0.2224  0.0096 -0.0003  0.1376 0 
 47.6661 -0.5237 -0.2973  0.0726  0.5221  0.0215  0.2161  0.0278 -0.0003  0.2549 0 
 47.0100  0.5299  2.8226  0.0152  0.0978  0.0264  0.3470  0.0685  0.0616  0.1122 0 
 53.2052  0.6756 -0.3990  0.1441  0.4515  0.1409  0.4623  0.1809 -0.0003  0.8826 1 
 39.7528 -0.6416  2.7029  0.0107  0.3618  0.0306  0.3628  0.1459 -0.0003  0.1927 1 
 46.6590 -0.7800  1.7435  0.1140  0.0705  0.0413  0.4346  0.0587 -0.0003  0.2339 0 
 43.3295  0.7952 -1.3601  0.0734  0.1120  0.1797  0.2216  0.0325 -0.0003  0.1825 0 
 45.5787 -0.7159  2.9934  0.0144  0.4850  0.1756  0.4810  0.0292 -0.0003  0.2429 0 
 44.2817  0.7153 -0.0856  0.0042  0.6454  0.0573  0.5287  0.1613 -0.0003  0.3410 0 
 46.7414  0.5494 -1.2290  0.1448  0.1404  0.0663  0.3475  0.0981  0.0976  0.7060 0 
 42.7832 -0.5212  1.9191  0.2366  0.4793  0.0164  0.6224  0.1746 -0.0003  0.9009 0 
 50.0526 -0.6560 -1.1616  0.0247  0.0999  0.0939  0.2987  0.0311 -0.0003  0.0824 0 
 40.6470  0.6588  1.9809  0.0111  0.1626  0.0356  0.2254  0.0147 -0.0003  0.0677 0 
 46.0487  0.1173  0.6097  0.0458  0.8422  0.0303  0.3489  0.1043 -0.0003  0.4171 0 
 45.0202 -0.1137 -2.5296  0.0450  0.1540  0.0591  0.3071  0.0493 -0.0003  0.1515 0 
 49.6345  0.5173  0.4240  0.8503  0.4785  0.0879  0.4705  0.4671 -0.0003  0.9969 1 
 43.2258 -0.5206 -2.7391  0.4809  0.3132  0.0550  0.3104  0.3791 -0.0003  0.9953 1 
 43.6103  0.5987  1.0367  0.0197  0.2265  0.0702  0.3981  0.1013 -0.0003  0.2016 0 
 42.7161 -0.6059 -2.1460  0.0262  0.3966  0.0203  0.3558  0.0300 -0.0003  0.1272 0 
 32.1172 -0.7459  0.0134  0.0146  0.1949  0.0387  0.3370  0.0047 -0.0003  0.0949 0 
 21.3046  0.6896  3.0962  0.0015  0.0749  0.0536  0.1092  0.0532 -0.0003  0.0835 0 
 50.6539 -0.5965  0.3397  0.0078  0.4809  0.0367  0.3404  0.0054 -0.0003  0.1734 0 
 45.2674  0.5909 -2.7720  0.0097  0.1573  0.0251  0.3942  0.0389 -0.0003  0.0603 0 
 44.6510  0.7837 -1.8121  0.1217  0.6624  0.0129  0.3517  0.1265 -0.0003  0.5907 0 
 34.4549 -0.8071  1.3562  0.0082  0.1532  0.0411  0.2831  0.0057 -0.0003  0.0736 0 
 52.1523 -0.4952 -1.7018  0.0409  0.0866  0.1205  0.3801  0.0501 -0.0003  0.0987 0 
 42.4872  0.4821  1.4362  0.0101  0.3002  0.0209  0.3563  0.1931 -0.0003  0.1923 0 
 43.1983  0.5969 -1.9394  0.0306  0.3636  0.0145  0.3104  0.0925 -0.0003  0.1209 0 
 41.5869 -0.6178  1.2147  0.0728  0.3114  0.0347  0.4032  0.0472 -0.0003  0.3526 0 
 46.2806 -0.6383 -0.9571  0.0719  0.1694  0.0625  0.4791  0.0685 -0.0003  0.3410 0 
 44.6235  0.6232  2.1615  0.0225  0.2409  0.1174  0.4397  0.0942 -0.0003  0.2342 0 
 51.9905 -0.5834  2.1885  0.0186  0.7969  0.0676  0.2536  0.0203 -0.0003  0.3239 0 
 46.0151  0.5783 -0.9229  0.0027  0.4408  0.1086  0.4362  0.1248 -0.0003  0.2451 0 
 43.6561  0.4483 -2.7149  0.3437  0.8757  0.0256  0.3980  0.6090 -0.0003  0.9971 1 
 41.2329 -0.4105  0.4320  0.3260  0.5827  0.0990  0.7184  0.2814  0.2084  0.9951 1 
 46.9429  0.6728  2.5010  0.0294  0.1248  0.0711  0.3905  0.1273 -0.0003  0.1752 0 
 46.1219 -0.6605 -0.6468  0.0391  0.4354  0.0947  0.3923  0.0330 -0.0003  0.2795 0 
 45.8686 -0.0007  1.1191  0.1399  0.5662  0.1542  0.3492  0.2570  0.6854  0.9952 1 
 41.1841  0.0180 -2.0542  0.1365  0.7562  0.0424  0.3144  0.2026 -0.0003  0.8994 1 
 48.7221  0.6013  2.0224  0.0217  0.3522  0.0660  0.3008  0.0953 -0.0003  0.2842 0 
 44.8188 -0.5885 -1.1405  0.0055  0.0785  0.0346  0.4831  0.2060 -0.0003  0.1385 0 
 48.0446 -0.4723  0.6230  0.0120  0.2656  0.0576  0.2588  0.0121 -0.0003  0.1557 0 
 44.9134  0.4548 -2.5556  0.0250  0.5823  0.0397  0.3951  0.0128  0.1834  0.5245 0 
 44.8371  0.6342 -0.0421  0.0157  0.1469  0.0909  0.3074  0.0170  0.1307  0.1458 0 
 36.3256 -0.6552  3.1004  0.0148  0.1095  0.0105  0.0930  0.0037 -0.0003  0.0567 0 
 47.4464 -0.5130 -0.0414  0.0075  0.6633  0.0575  0.4327  0.0792 -0.0003  0.2422 0 
 36.4477  0.5020  3.1038  0.0128  0.0984  0.0402  0.1858  0.0071 -0.0003  0.0700 0 
 46.2562 -0.2206 -2.3364  0.0119  0.0753  0.0418  0.1742  0.0037 -0.0003  0.0724 0 
 42.4079  0.2196  0.7370  0.0084  0.3783  0.0565  0.3120  0.0582 -0.0003  0.1785 0 
 47.0619  0.6829 -0.4566  0.0394  0.1360  0.0211  0.2602  0.0482 -0.0003  0.0594 0 
 43.9063 -0.6943  2.6946  0.0136  0.1171  0.0165  0.1325  0.0045 -0.0003  0.0550 0 
 53.1380 -0.2374  1.3849  0.1738  0.1466  0.0394  0.3783  0.2176 -0.0003  0.7756 1 
 47.3121  0.2720 -1.7601  0.2908  0.6409  0.0381  0.4763  0.4512 -0.0003  0.9936 1 
 45.6977  0.2712 -2.1549  0.0361  0.3650  0.0314  0.1311  0.0091 -0.0003  0.2360 0 
 42.6764 -0.2627  1.0468  0.0454  0.1063  0.0305  0.3559  0.2357 -0.0003  0.2557 0 
 43.0182  0.1819 -0.0626  0.0502  0.2432  0.0382  0.3552  0.0080 -0.0003  0.2039 0 
 42.0081 -0.1919  3.0613  0.0167  0.0858  0.1466  0.3127  0.0096 -0.0003  0.0602 0 
 42.8565 -0.3895  2.9719  0.0019  0.2313  0.1039  0.2667  0.0303 -0.0003  0.1305 0 
 41.4313  0.3868 -0.2039  0.0150  0.5663  0.0226  0.1794  0.0958  0.0422  0.1883 0 
 49.7169  0.1437 -0.5415  0.0338  0.1037  0.1165  0.3420  0.0153 -0.0003  0.0882 0 
 47.3091 -0.0725  2.5380  0.0037  0.5903  0.0944  0.3897  0.3738 -0.0003  0.7867 0 
 48.1025  0.4698  2.2678  0.0264  0.6952  0.1096  0.4312  0.0261 -0.0003  0.2837 0 
 42.4811 -0.4494 -0.8827  0.0504  0.2943  0.0345  0.4455  0.0306  0.0981  0.4342 0 
 50.8583  0.5009  0.1599  0.0014  0.1988  0.0628  0.2550  0.0200 -0.0003  0.1019 0 
 32.6970 -0.4899 -2.9526  0.0136  0.2967  0.0095  0.2395  0.0585 -0.0003  0.0617 0 
 56.0769  0.7989 -1.3982  0.0163  0.1287  0.0655  0.3318  0.0318 -0.0003  0.0900 0 
 42.6245 -0.8000  1.6927  0.0097  0.3779  0.0055  0.2670  0.0069 -0.0003  0.0674 0 
 48.5817 -0.6162  1.4760  0.0927  0.3382  0.0829  0.7741  0.1119 -0.0003  0.7453 0 
 34.8638  0.6287 -1.6660  0.0089  0.2994  0.0562  0.2821  0.0041 -0.0003  0.1657 0 
 48.3650  0.5669  1.5168  0.0153  0.6922  0.2183  0.5166  0.0317 -0.0003  0.2804 0 
 43.0335 -0.5348 -1.6321  0.0005  0.6223  0.0798  0.4439  0.0274 -0.0003  0.1863 0 
 46.0822 -0.7732 -1.0206  0.0243  0.4962  0.0196  0.2180  0.0471 -0.0003  0.1288 0 
 32.2423  0.7698  2.1284  0.0254  0.2913  0.0114  0.1442  0.0107 -0.0003  0.1015 0 
 55.9762 -0.1781 -1.6602  0.0136  0.3748  0.1096  0.5394  0.0694 -0.0003  0.2375 0 
 41.9226  0.2025  1.4481  0.0302  0.2430  0.0282  0.4023  0.0739 -0.0003  0.1478 0 
 52.8267 -0.5943 -2.6934  0.0044  0.2851  0.0958  0.3789  0.0410  0.2282  0.3303 0 
 43.1891  0.5989  0.5033  0.0035  0.4221  0.0301  0.2661  0.0307 -0.0003  0.1084 0 
 49.1859 -0.3368 -1.6139  0.0989  0.1716  0.0552  0.3001  0.1151 -0.0003  0.4298 0 
 40.7233  0.3317  1.5580  0.0175  0.1615  0.0276  0.5406  0.1658 -0.0003  0.2093 0 
 45.5085 -0.3399  0.7856  0.0040  0.0309  0.0116  0.1312  0.0267 -0.0003  0.0421 0 
 43.2410  0.3607 -2.3397  0.0372  0.5609  0.0824  0.3990  0.0511 -0.0003  0.3108 0 
 54.6700  0.4575 -0.6651  0.0196  0.5653  0.0265  0.3339  0.1036  0.1190  0.4620 0 
 43.5157 -0.4519  2.4828  0.0440  0.3593  0.0562  0.2656  0.0589 -0.0003  0.3264 0 
 51.0018  0.2648 -2.6256  0.0104  0.0200  0.0596  0.2124  0.0474 -0.0003  0.0725 0 
 42.8138 -0.2672  0.5046  0.0092  0.4196  0.0160  0.2667  0.1448 -0.0003  0.1351 0 
 49.9672 -0.4485  3.0732  0.0316  0.2330  0.1932  0.3843  0.0792 -0.0003  0.2666 0 
 49.9245  0.4441 -0.1213  0.1607  0.2061  0.0466  0.5979  0.0552 -0.0003  0.6415 0 
 47.6295  0.3288  3.0418  0.3285  0.2360  0.0761  0.2594  0.2750 -0.0003  0.9806 1 
 22.2049 -0.3135 -0.0736  0.1194  0.4454  0.0251  0.5925  0.0286  0.2408  0.8625 1 
 47.0375  0.6679  0.0314  0.0167  0.1854  0.0224  0.3469  0.0126 -0.0003  0.0640 0 
 45.6001 -0.6719 -3.1274  0.1489  0.3441  0.0821  0.3060  0.1984 -0.0003  0.8812 0 
 51.3710 -0.6850 -0.4749  0.3821  0.1590  0.0609  0.2968  0.4254 -0.0003  0.9911 1 
 49.3965  0.6756  2.6525  0.0533  0.4787  0.1310  0.6423  0.1594 -0.0003  0.5783 1 
 60.5447 -0.4330 -2.6237  0.1339  0.3522  0.0710  0.4884  0.0645 -0.0003  0.5991 0 
 47.4525  0.3985  0.4318  0.0221  0.6138  0.0578  0.6490  0.0146  0.0683  0.3314 0 
 55.0668  0.7468  1.3550  0.0077  0.2835  0.0354  0.2916  0.0884 -0.0003  0.1027 0 
 44.7120 -0.7421 -1.7956  0.0538  0.3407  0.0166  0.2637  0.0613  0.1689  0.5445 0 
 51.8593 -0.3560  0.7643  0.0083  0.3383  0.0351  0.2538  0.0161 -0.0003  0.1204 0 
 40.2808  0.3606 -2.4116  0.0940  0.2494  0.0917  0.4970  0.0401 -0.0003  0.4366 0 
 44.5197 -0.4492 -2.7372  0.1119  0.0589  0.0264  0.3959  0.2043  0.1306  0.6199 0 
 43.9399  0.4790  0.4235  0.0098  0.4577  0.0669  0.3973  0.1506 -0.0003  0.3251 0 
 51.7494 -0.5655  0.1179  0.2361  0.5242  0.0622  0.3809  0.1270 -0.0003  0.8959 1 
 44.0070  0.5459 -2.9581  0.1854  0.3152  0.0590  0.3972  0.4008 -0.0003  0.9757 1 
 48.3314  0.0757 -1.9373  0.0816  0.1746  0.0199  0.2153  0.1583 -0.0003  0.2836 0 
 28.1743 -0.0987  1.1948  0.1859  0.1886  0.0149  0.3002  0.1088  0.1339  0.8034 0 
 50.9346  0.0269  2.3524  0.0296  0.2169  0.2057  0.7223  0.0250 -0.0003  0.3319 0 
 44.9165 -0.0312 -0.7761  0.0768  0.2730  0.0190  0.3512  0.0728 -0.0003  0.2422 0 
 46.3569  0.7179  2.4210  0.1029  0.7365  0.0155  0.3047  0.2027 -0.0003  0.6382 0 
 46.3142 -0.7220 -0.7068  0.1216  0.4679  0.0223  0.3483  0.0882 -0.0003  0.5381 0 
 44.6845  0.2988 -0.6482  0.0638  0.3026  0.0398  0.2637  0.0103 -0.0003  0.2799 0 
 42.5360 -0.2792  2.5007  0.0944  0.5980  0.0602  0.4008  0.1136 -0.0003  0.7230 0 
 47.0985  0.0335 -1.6149  0.1010  0.1993  0.0322  0.4335  0.1152 -0.0003  0.4647 0 
 34.7387 -0.0786  1.5648  0.1360  0.1832  0.0582  0.4707  0.2093  0.0847  0.8646 0 
 48.4627 -0.6238 -0.1090  0.0011  0.1933  0.0851  0.3873  0.0424 -0.0003  0.1014 0 
 31.2444  0.5869  3.0514  0.0096  0.6127  0.0420  0.2911  0.0211 -0.0003  0.2138 0 
 42.4872  0.3001  1.1464  0.3114  0.4979  0.0759  0.5345  0.4049 -0.0003  0.9961 1 
 40.5005 -0.2879 -2.0357  0.2839  0.4994  0.0490  0.5414  0.1006 -0.0003  0.8606 1 
 47.6753 -0.7248  0.3851  0.0799  0.3062  0.1320  0.6050  0.1888 -0.0003  0.7612 0 
 38.6145  0.7209 -2.7199  0.0209  0.6533  0.0262  0.3657  0.0106 -0.0003  0.2002 0 
 45.2949  0.6252  1.7091  0.0069  0.3925  0.0337  0.3066  0.0043 -0.0003  0.1397 0 
 44.0497 -0.6237 -1.4554  0.0546  0.0724  0.0207  0.1765  0.0338 -0.0003  0.0519 0 
 63.9872  0.5652  0.5922  0.0377  0.5109  0.0437  0.1205  0.0230 -0.0003  0.3486 0 
 48.2765 -0.5586 -2.5625  0.0283  0.1502  0.0204  0.1723  0.0145 -0.0003  0.0604 0 
 50.7149  0.5515  1.8168  0.0181  0.4330  0.0876  0.5955  0.0598 -0.0003  0.2596 0 
 48.6885 -0.5708 -1.2982  0.0047  0.1164  0.0943  0.3438  0.0671 -0.0003  0.0771 0 
 49.1157 -0.3778 -0.3871  0.0462  0.3578  0.0047  0.1715  0.0047 -0.0003  0.1123 0 
 37.8820  0.3577  2.7572  0.0075  0.0401  0.0265  0.2298  0.1585 -0.0003  0.0788 0 
 52.3049  0.4821  1.4951  0.0946  0.3199  0.0983  0.1688  0.0347 -0.0003  0.5627 0 
 49.1493 -0.4832 -1.6894  0.1565  0.3241  0.1132  0.5574  0.1424 -0.0003  0.8274 0 
 50.3517  0.6122 -0.2706  0.4569  0.3133  0.0867  0.3835  0.3132 -0.0003  0.9946 1 
 26.7308 -0.6103  2.8213  0.2388  0.1172  0.0153  0.2541  0.2705  0.2853  0.9963 1 
 46.1769  0.1399 -2.6460  0.0571  0.3214  0.0363  0.3922  0.1343 -0.0003  0.4186 0 
 40.5676 -0.0998  0.5220  0.0049  0.6682  0.0709  0.3608  0.0336 -0.0003  0.2111 0 
 47.4678  0.2856 -1.8302  0.0300  0.1763  0.0859  0.3461  0.0328 -0.0003  0.1467 1 
 39.6216 -0.3072  1.2939  0.6673  0.4156  0.0305  0.4992  0.4489 -0.0003  0.9954 1 
 56.4462  0.6837  2.4293  0.5147  0.6429  0.1069  0.4141  0.6398 -0.0003  0.9983 1 
 46.6468 -0.6892 -0.7461  0.3301  0.6462  0.0458  0.3042  0.4571 -0.0003  0.9950 1 
 49.5491 -0.5636 -1.0312  0.0110  0.4688  0.0437  0.2567  0.0351 -0.0003  0.1911 0 
 48.2185  0.5731  2.1365  0.0023  0.5795  0.0672  0.3447  0.0147 -0.0003  0.1855 0 
 49.2653  0.4335  2.3380  0.0640  0.6287  0.0784  0.7285  0.1309 -0.0003  0.6267 0 
 43.5492 -0.4268 -0.7834  0.1204  0.4529  0.0255  0.3540  0.0563 -0.0003  0.5287 0 
 50.7759  0.4512 -2.6909  0.0030  0.5295  0.0580  0.3402  0.0322 -0.0003  0.1851 0 
 45.6642 -0.4540  0.4388  0.0209  0.3961  0.0146  0.0437 -0.0200 -0.0003  0.2608 0 
 48.5664 -0.5468 -0.3588  0.1141  0.3550  0.0479  0.3441  0.0258 -0.0003  0.5141 0 
 42.5544  0.5157  2.7911  0.0469  0.5266  0.0407  0.1781  0.0222 -0.0003  0.3454 0 
 47.4037  0.4522 -1.3075  0.5051  0.2301  0.0793  0.4761  0.5010 -0.0003  0.9970 1 
 40.8270 -0.4839  1.8561  0.4231  0.2608  0.0316  0.3602  0.4993 -0.0003  0.9962 1 
 46.2531  0.0820 -1.4303  0.0083  0.3976  0.0521  0.3485  0.0301 -0.0003  0.1690 0 
 41.7151 -0.0682  1.7288  0.0222  0.1735  0.0244  0.1790  0.0286 -0.0003  0.0642 0 
 49.2195 -0.2126 -1.5969  0.0278  0.2269  0.0205  0.1286  0.0218 -0.0003  0.1038 0 
 48.2338  0.1985  1.5532  0.0182  0.0427  0.0094  0.0862  0.0030 -0.0003  0.0548 0 
 40.8545  0.6634 -0.2320  0.4349  0.6609  0.0144  0.4952  0.5988 -0.0003  0.9976 1 
 33.6797 -0.6621  2.9286  0.3215  0.4533  0.0227  0.2849  0.3217  0.3164  0.9984 1 
 45.1484  0.4951 -2.2286  0.0337  0.2928  0.0139  0.2192  0.1548 -0.0003  0.1727 0 
 39.1058 -0.4921  0.9200  0.0216  0.3597  0.0248  0.2733  0.0157 -0.0003  0.1188 0 
 48.4138 -0.6086 -3.0325  0.0423  0.1789  0.0952  0.2583  0.0071 -0.0003  0.1780 0 
 44.1535  0.6066  0.1029  0.0026  0.5795  0.0283  0.3086  0.0364 -0.0003  0.1232 0 
 53.6782  0.7296 -2.2318  0.1086  0.5726  0.0602  0.2097  0.0986 -0.0003  0.7761 1 
 42.3102 -0.7392  0.9406  0.2035  0.6120  0.0793  0.3122  0.2630  0.1981  0.9581 1 
 53.8979 -0.5228 -1.7394  0.0019  0.5981  0.0646  0.2094  0.0202 -0.0003  0.2883 0 
 50.1259  0.5147  1.4271  0.0836  0.4260  0.0900  0.5973  0.0223  0.0665  0.5593 0 
 48.4596 -0.3604  3.0282  0.2875  0.5796  0.0324  0.4304  0.4763 -0.0003  0.9940 1 
 39.8230  0.3143 -0.1356  0.4680  0.6293  0.1122  0.4532  0.2039 -0.0003  0.9867 1 
 47.2023  0.6874  1.3806  0.0584  0.2478  0.0498  0.7366  0.1740 -0.0003  0.6273 1 
 43.0854 -0.6856 -1.6756  0.1649  0.3313  0.0490  0.1331  0.1704 -0.0003  0.7869 1 
 48.4199 -0.5710  0.7948  0.3064  0.4395  0.1807  0.3443  0.4233 -0.0003  0.9981 1 
 41.3855  0.5485 -2.3431  0.4808  0.2794  0.0594  0.4486  0.7769  0.0613  0.9988 1 
 50.3120  0.0416 -0.9236  0.0085  0.4472  0.1726  0.4688  0.0704 -0.0003  0.2478 0 
 37.3175 -0.0709  2.2472  0.0431  0.1452  0.0717  0.2307  0.0016 -0.0003  0.1485 0 
 52.3140  0.1132 -1.9734  0.0786  0.4320  0.0237  0.2110  0.0731 -0.0003  0.2774 0 
 46.2959 -0.1170  1.1590  0.2452  0.2153  0.0243  0.2612  0.2645 -0.0003  0.8474 0 
 55.8328 -0.4488  0.2407  0.0149  0.0246  0.1839  0.1246  0.0534 -0.0003  0.0576 0 
 55.6100  0.5045 -2.9268  0.0119  0.1414  0.0345  0.3325  0.0390 -0.0003  0.0614 0 
 47.9927  0.1552  0.0867  0.0250  0.3168  0.0429  0.3883  0.0217 -0.0003  0.1836 0 
 39.6551 -0.1423 -3.0185  0.0362  0.4135  0.0155  0.2269  0.0360 -0.0003  0.1195 0 
 46.0487  0.2939 -1.3177  0.3499  0.8183  0.0279  0.5669  0.1601 -0.0003  0.9288 1 
 44.0345 -0.2776  1.8397  0.2640  0.2900  0.1035  0.6177  0.2839 -0.0003  0.9866 1 
 45.1637  0.4219  1.0305  0.0171  0.0838  0.0892  0.4821  0.0065 -0.0003  0.0833 0 
 38.3581 -0.4182 -2.0720  0.0076  0.7071  0.0349  0.2290  0.1718 -0.0003  0.2900 0 
 45.0324  0.0568 -0.0789  0.6846  0.3582  0.1048  0.2193  0.5871 -0.0003  0.9974 1 
 26.7552 -0.0620  3.0151  0.3147  0.6509  0.0389  0.3049  0.2535  0.3321  0.9951 1 
 45.1453  0.7205  2.8900  0.5159  0.5629  0.0600  0.3945  0.3587 -0.0003  0.9954 1 
 34.1009 -0.6961 -0.2320  0.4049  0.3846  0.0188  0.2839  0.5732  0.0833  0.9976 1 
 48.9296  0.5633  0.0404  0.0304  0.2823  0.0183  0.3863  0.1586 -0.0003  0.2076 0 
 44.0925 -0.5531  3.1362  0.0617  0.2484  0.0654  0.2646  0.0372 -0.0003  0.3023 0 
 49.5216 -0.4938  2.9177  0.0063  0.6459  0.1250  0.5135  0.0616 -0.0003  0.2606 0 
 48.0812  0.4766 -0.2341  0.0205  0.4495  0.1382  0.9055  0.0488 -0.0003  0.4032 0 
 50.6325 -0.6026 -0.8746  0.0459  0.1317  0.0301  0.4255  0.0244 -0.0003  0.1238 0 
 38.7854  0.5980  2.2276  0.0261  0.2324  0.0039  0.1370  0.1745 -0.0003  0.1651 0 
 46.9001  0.7074  0.0900  0.0230  0.1963  0.0162  0.3472  0.0134 -0.0003  0.0628 0 
 26.3432 -0.7270 -3.0119  0.1658  0.1937  0.0232  0.3574  0.1469 -0.0003  0.6209 0 
 44.4221  0.0235 -2.3387  0.0168  0.6403  0.0215  0.3081  0.0494 -0.0003  0.1397 1 
 32.1263 -0.0571  0.8431  0.2134  0.2317  0.0430  0.4813  0.3753 -0.0003  0.9717 1 
 43.6316 -0.7897 -0.0622  0.2143  0.1114  0.0268  0.3096  0.3431 -0.0003  0.8461 0 
 23.5538  0.7913  3.1048  0.0211  0.3792  0.0186  0.4229  0.0369 -0.0003  0.1287 0 
 52.2530  0.7194  0.5798  0.1885  0.5008  0.0565  0.4222  0.4111 -0.0003  0.9861 1 
 45.1850 -0.7045 -2.5300  0.3927  0.1680  0.0881  0.2191  0.3439  0.3884  0.9987 1 
 47.8737 -0.4650 -2.9227  0.0347  0.2923  0.0395  0.4748  0.0438 -0.0003  0.2382 0 
 47.7272  0.4702  0.2160  0.0066  0.3771  0.0293  0.2160  0.0601 -0.0003  0.1096 0 
 51.1879  0.6359 -1.6667  0.0526  0.2985  0.1956  0.6365  0.0754  0.0487  0.5055 1 
 50.9682 -0.5865  1.4867  0.1979  0.4937  0.0964  0.4248  0.1111 -0.0003  0.8459 1 
 39.2248  0.5098 -2.7828  0.2895  0.7108  0.0475  0.4551  0.3547 -0.0003  0.9884 1 
 36.3531 -0.5281  0.4678  0.0275  0.5321  0.1457  0.5577  0.0368  0.2680  0.5397 1 
 36.1547  0.7857 -2.2645  0.0716  0.1889  0.0904  0.3724  0.2423  0.5426  0.9476 1 
 34.3175 -0.7859  0.8804  0.3035  0.2901  0.0726  0.2834  0.2457 -0.0003  0.9737 1 
 49.6132 -0.5664  0.1057  0.0148  0.5403  0.0637  0.5561  0.1852 -0.0003  0.3975 0 
 36.3958  0.5377 -3.0212  0.0511  0.1081  0.0189  0.2323  0.0187 -0.0003  0.0556 0 
 52.5307  0.1551  0.0746  0.0144  0.2081  0.1307  0.3372  0.0136 -0.0003  0.1338 0 
 42.4414 -0.1302 -3.0776  0.1577  0.5298  0.0260  0.3119  0.1474 -0.0003  0.7283 0 
 48.7922  0.3476  2.3298  0.0420  0.0434  0.0434  0.2148  0.0373 -0.0003  0.0691 0 
 48.0690 -0.3384 -0.7996  0.0229  0.4759  0.0078  0.0862  0.0013 -0.0003  0.1431 0 
 45.2064 -0.5531 -0.3112  0.0205  0.3754  0.0271  0.3067  0.0894 -0.0003  0.1396 0 
 44.9165  0.5770  2.8457  0.0173  0.2989  0.0562  0.4389  0.1318 -0.0003  0.2620 0 
 50.2205  0.6862  1.9458  0.0261  0.0430  0.0139  0.1279  0.0032 -0.0003  0.0514 0 
 39.8657 -0.6862 -1.1987  0.0064  0.6054  0.0136  0.2266  0.0715 -0.0003  0.1122 0 
 45.6611 -0.1843  0.5512  0.0304  0.3687  0.1426  0.7430  0.0303 -0.0003  0.3502 0 
 44.5197  0.2025 -2.6115  0.0958  0.2123  0.0315  0.3079  0.0537 -0.0003  0.2796 0 
 48.0171  0.2074 -2.6777  0.1332  0.4271  0.0485  0.5176  0.0903 -0.0003  0.7059 0 
 32.0653 -0.1902  0.4723  0.0324  0.4781  0.0084  0.2889  0.0201 -0.0003  0.1077 0 
 41.6022  0.1008  1.2965  0.0148  0.6936  0.0880  0.6719  0.0786 -0.0003  0.3140 0 
 36.8231 -0.0996 -1.8332  0.0723  0.0531  0.1032  0.2779  0.0812 -0.0003  0.1163 0 
 46.5187  0.4032 -2.9206  0.2529  0.5423  0.0978  0.5654  0.1210 -0.0003  0.9072 1 
 42.8626 -0.3919  0.2469  0.0844  0.1490  0.0695  0.4888  0.2991 -0.0003  0.6865 1 
 44.6448 -0.5063  0.8254  0.0456  0.7292  0.0393  0.4396  0.0651 -0.0003  0.4301 0 
 35.5535  0.5335 -2.2853  0.0033  0.0808  0.0205  0.1870  0.0126 -0.0003  0.0439 0 
 48.9662 -0.0206  0.7311  0.0011  0.4437  0.0670  0.2146  0.0582 -0.0003  0.2518 0 
 45.0538  0.0149 -2.4374  0.0497  0.2128  0.0306  0.2193  0.0325 -0.0003  0.1300 0 
 49.0211  0.5778 -2.5675  0.2632  0.2398  0.0435  0.3003  0.2252 -0.0003  0.9139 1 
 47.1962 -0.5793  0.5888  0.2998  0.3801  0.0271  0.5633  0.2737 -0.0003  0.9680 1 
 45.6977 -0.7440 -0.6263  0.4649  0.1420  0.1496  0.3058  0.3019  0.2840  0.9933 1 
 37.6593  0.7336  2.4882  0.0320  0.2842  0.0668  0.2301  0.1046  0.3789  0.7559 1 
 45.6642  0.8023  1.3695  0.0033  0.5670  0.2378  0.4370  0.0222 -0.0003  0.2370 0 
 34.6868 -0.7930 -1.7483  0.0743  0.7842  0.0143  0.2354  0.1207 -0.0003  0.4017 0 
 50.2144 -0.1870 -0.8221  0.0179  0.6822  0.0217  0.2985  0.0175 -0.0003  0.1544 0 
 47.3365  0.1638  2.3234  0.1038  0.1987  0.0998  0.3897  0.0814  0.2252  0.7283 0 
 52.1157  0.2241  2.6838  0.0301  0.4036  0.0224  0.2112  0.0347 -0.0003  0.1332 0 
 42.7710 -0.2190 -0.4362  0.0745  0.1768  0.0440  0.2223  0.0302  0.1157  0.4480 0 
 50.9926  0.4186  2.2488  0.0160  0.1377  0.0566  0.2973  0.1558 -0.0003  0.1618 0 
 49.1585 -0.4758 -0.8833  0.0299  0.2759  0.0658  0.3001  0.0274 -0.0003  0.2098 0 
 48.9326  0.5280  1.7999  0.0034  0.1605  0.1369  0.3005  0.1634 -0.0003  0.1768 0 
 47.5196 -0.4965 -1.3383  0.0514  0.4231  0.0208  0.4758  0.2077 -0.0003  0.5268 0 
 50.7118 -0.6959 -2.9318  0.0624  0.4639  0.0411  0.1702  0.0457 -0.0003  0.3739 0 
 23.5477  0.6831  0.1874  0.0915  0.1657  0.0169  0.2114  0.0375 -0.0003  0.1267 0 
 51.1269  0.3094 -0.6982  0.0805  0.4813  0.1011  0.3820  0.2322 -0.0003  0.8147 0 
 44.8066 -0.2880  2.4733  0.0535  0.5718  0.0203  0.2635  0.0290 -0.0003  0.2134 0 
 52.9091 -0.2805 -1.2497  0.1714  0.4950  0.1205  0.3366  0.0305 -0.0003  0.7078 0 
 45.5756  0.2716  1.8516  0.0034  0.2386  0.1265  0.3935  0.0406 -0.0003  0.1337 0 
 46.5553  0.7066 -0.8652  0.0382  0.7424  0.0902  0.3479  0.0446 -0.0003  0.3587 0 
 45.5787 -0.7146  2.2529  0.0042  0.7110  0.0173  0.3061  0.0264 -0.0003  0.1136 0 
 45.8442 -0.7103  2.3781  0.0061  0.4223  0.0290  0.3493  0.0655 -0.0003  0.1104 0 
 40.7477  0.7259 -0.7871  0.0678  0.2828  0.0438  0.3604  0.0464 -0.0003  0.3192 0 
 39.4324 -0.5687  0.3786  0.1746  0.5300  0.0193  0.4999  0.1193 -0.0003  0.7784 1 
 31.8425  0.5297 -2.7489  0.3740  0.4619  0.0051  0.3378  0.1939 -0.0003  0.9147 1 
 45.6245 -0.7610 -3.1388  0.0307  0.7696  0.0331  0.3497  0.0549 -0.0003  0.2802 0 
 39.6704  0.7238  0.0617  0.0083  0.4380  0.1393  0.5445  0.0137 -0.0003  0.2114 0 
 43.7415  0.7911  2.1414  0.0013  0.4207  0.0396  0.4420  0.0335 -0.0003  0.1386 0 
 42.7131 -0.7870 -0.9638  0.1713  0.1973  0.0197  0.3114  0.2385  0.1838  0.9455 0 
 48.7129 -0.7741 -0.1423  0.1494  0.3259  0.1064  0.4298  0.2883 -0.0003  0.9492 1 
 37.1527  0.8147  2.9865  0.0719  0.5351  0.0609  0.5082  0.0753 -0.0003  0.5078 1 
 46.6316 -0.6223  1.4361  0.0448  0.7922  0.0332  0.4347  0.0504 -0.0003  0.3946 0 
 45.6153  0.6172 -1.6787  0.0300  0.1600  0.0587  0.5683  0.1282 -0.0003  0.2762 0 
 48.2155  0.1885 -2.1358  0.0562  0.3471  0.0985  0.6894  0.0518 -0.0003  0.4443 0 
 45.7557 -0.1809  1.0070  0.0060  0.2591  0.0073  0.1311  0.0064 -0.0003  0.0744 0 
 39.2950 -0.7356  1.2691  0.4314  0.2729  0.0597  0.2275  0.2412 -0.0003  0.9839 1 
 35.8556  0.7384 -1.8019  0.3366  0.7575  0.0312  0.2799  0.3914 -0.0003  0.9918 1 
 46.8940 -0.1537  1.3952  0.0620  0.3130  0.0232  0.5642  0.0844 -0.0003  0.4318 0 
 38.2635  0.1536 -1.7486  0.0424  0.3542  0.0414  0.3208  0.0864  0.2158  0.6289 0 
 48.4993  0.3504 -0.6202  0.0851  0.4577  0.0196  0.3012  0.0649  0.0223  0.3813 0 
 47.9500 -0.3325  2.5255  0.0356  0.4395  0.0829  0.6472  0.0148 -0.0003  0.3035 0 
 54.0169  0.4895 -1.0345  0.0157  0.2537  0.0965  0.2512  0.0203  0.1843  0.3068 0 
 48.6976 -0.4884  2.0695  0.0202  0.0605  0.1576  0.1719 -0.0001 -0.0003  0.0550 0 
 43.9796  0.6723 -0.0922  0.1662  0.3020  0.0569  0.6620  0.3087 -0.0003  0.9587 1 
 40.9400 -0.6734  3.0602  0.4567  0.8054  0.0331  0.4499  0.2637 -0.0003  0.9859 1 
 53.5927  0.2267  2.7152  0.0370  0.7235  0.0288  0.2097  0.1039 -0.0003  0.2771 0 
 48.0446 -0.1999 -0.3718  0.0133  0.1216  0.0459  0.6038  0.0478 -0.0003  0.1433 0 
 43.5370 -0.5342  1.1425  0.0143  0.6543  0.0240  0.2655  0.0141 -0.0003  0.1577 0 
 32.4681  0.5316 -2.0218  0.0642  0.4446  0.0179  0.0959  0.0240 -0.0003  0.1911 0 
 46.9734 -0.7273  1.7038  0.0289  0.2491  0.0699  0.5206  0.0191  0.2128  0.3895 0 
 39.6033  0.7289 -1.4442  0.0000  0.2345  0.0465  0.3177  0.0099 -0.0003  0.0941 0 
 55.2377  0.4835  2.1148  0.0145  0.2516  0.0495  0.2081  0.0041 -0.0003  0.1577 0 
 44.1474 -0.4850 -1.0470  0.0988  0.2142  0.0476  0.3086  0.0182 -0.0003  0.3266 0 
 39.6216  0.5722  1.3615  0.0571  0.1037  0.0166  0.2723  0.0263 -0.0003  0.0569 0 
 39.4629 -0.5850 -1.7927  0.0247  0.3742  0.1307  0.7724  0.0292 -0.0003  0.3399 0 
 48.0629 -0.3751  2.2757  0.1131  0.4933  0.0699  0.6038  0.1284 -0.0003  0.7656 1 
 42.6734  0.3297 -0.8497  0.4417  0.7322  0.0325  0.3114  0.2593 -0.0003  0.9893 1 
 43.5004 -0.7815  0.8184  0.0457  0.1159  0.0350  0.3541  0.0655 -0.0003  0.1079 0 
 41.7792  0.8018 -2.3589  0.0149  0.1863  0.1399  0.2237  0.0085 -0.0003  0.1320 0 
 54.0230 -0.0603  1.8390  0.0529  0.5346  0.0455  0.2512  0.0781 -0.0003  0.4415 1 
 29.5933 -0.0578 -1.2598  0.4510  0.1448  0.1147  0.2465  0.4285  0.2957  0.9972 1 
 47.4037  0.4808  0.0209  0.9335  0.6328  0.0295  0.6059  0.7242 -0.0003  0.9979 1 
 44.6448 -0.4875  3.1083  0.1048  0.5642  0.0411  0.6155  0.1621 -0.0003  0.8175 1 
 48.2582 -0.7113 -2.3593  0.0451  0.3907  0.0201  0.3016  0.0191 -0.0003  0.1612 0 
 46.7109  0.7093  0.7589  0.0033  0.2205  0.0526  0.3475  0.0523 -0.0003  0.0962 0 
 44.4343 -0.2458  0.1551  0.2041  0.4384  0.0468  0.3521  0.2065 -0.0003  0.9177 1 
 37.7234  0.2547 -2.9722  0.4310  0.4610  0.0168  0.3680  0.3445 -0.0003  0.9903 1 
 46.6163  0.2620  1.4402  0.0808  0.0725  0.0437  0.3912  0.0818 -0.0003  0.1635 0 
 44.8768 -0.2745 -1.6770  0.0239  0.1817  0.0541  0.3073  0.0236 -0.0003  0.1174 0 
 47.8920 -0.5480  0.2590  0.1035  0.3520  0.0394  0.4748  0.0903 -0.0003  0.5904 1 
 43.0518  0.5369 -2.8740  0.1287  0.6802  0.0598  0.5326  0.1306 -0.0003  0.8496 1 
 43.1006 -0.5914  0.2698  0.0048  0.2169  0.1273  0.6656  0.0030 -0.0003  0.1821 0 
 42.3072  0.5700 -2.8249  0.0417  0.1775  0.0425  0.2230  0.0106 -0.0003  0.1317 0 
 45.9968 -0.1387  2.7707  0.0051  0.0518  0.0419  0.3053  0.0451 -0.0003  0.0552 0 
 44.9897  0.1439 -0.3466  0.0093  0.1060  0.1542  0.3071  0.0225 -0.0003  0.0662 0 
 48.8716  0.4938 -2.9086  0.0129  0.3331  0.0922  0.4723  0.0236 -0.0003  0.1816 0 
 48.5359 -0.4784  0.2278  0.0245  0.2310  0.0287  0.4732  0.0681 -0.0003  0.1598 0 
 43.0579 -0.6338  1.0906  0.0192  0.1033  0.0151  0.3107  0.0032 -0.0003  0.0451 0 
 40.7996  0.6344 -2.0583  0.0344  0.2150  0.0129  0.1801  0.0082 -0.0003  0.0765 0 
 51.2947 -0.7485  1.3816  0.0296  0.5293  0.0287  0.3817  0.0864 -0.0003  0.2490 0 
 39.9939  0.7663 -1.7507  0.0087  0.2439  0.0237  0.2716  0.0081 -0.0003  0.0678 0 
 44.4953  0.4211 -1.7370  0.0083  0.2456  0.0520  0.3080  0.0594 -0.0003  0.1141 0 
 32.3278 -0.3866  1.3849  0.0317  0.7516  0.0093  0.2883  0.0196 -0.0003  0.1490 0 
 66.5904  0.5401 -1.0170  0.0316  0.3085  0.0180  0.2386  0.0308 -0.0003  0.0960 0 
 47.4769 -0.5505  2.2054  0.0311  0.1433  0.0763  0.4326  0.1348 -0.0003  0.2202 0 
 46.4881 -0.7224  3.0225  0.1525  0.1493  0.0181  0.3045  0.0838 -0.0003  0.3358 0 
 30.0267  0.7345 -0.2214  0.0284  0.2362  0.0934  0.2945  0.0220 -0.0003  0.1856 0 
 44.8463 -0.7236 -1.1365  0.0262  0.2392  0.0903  0.5269  0.0756 -0.0003  0.2539 0 
 41.4252  0.7501  2.0218  0.0877  0.6673  0.0213  0.4933  0.0663 -0.0003  0.6085 0 
 46.6407 -0.4819  0.8540  0.0152  0.6557  0.0395  0.3912  0.0101 -0.0003  0.2175 0 
 37.3419  0.4747 -2.3263  0.0190  0.2315  0.0199  0.2768  0.0922 -0.0003  0.0778 0 
 55.1186  0.5898 -1.9443  0.0008  0.2621  0.1200  0.3332  0.0894 -0.0003  0.1590 0 
 53.0434 -0.5597  1.1340  0.0039  0.4196  0.0832  0.2944  0.0270 -0.0003  0.1904 0 
 55.2926 -0.1823  2.2885  0.0922  0.3599  0.0143  0.2497  0.1736 -0.0003  0.3634 0 
 52.3964  0.1765 -0.8202  0.0117  0.4529  0.0350  0.3797  0.0065 -0.0003  0.1735 0 
 46.2348 -0.8008  0.3379  0.0103  0.2239  0.0201  0.3485  0.0938 -0.0003  0.0693 0 
 34.8669  0.7932 -2.7344  0.0062  0.1591  0.0325  0.2351  0.0269 -0.0003  0.0547 0 
 44.0894  0.0397 -2.1809  0.0855  0.3663  0.0378  0.3088  0.0356  0.0689  0.5673 0 
 40.4608  0.0352  0.9568  0.0161  0.1783  0.0595  0.5416  0.1002 -0.0003  0.1965 0 
 49.5064  0.0379 -1.1613  0.1358  0.4359  0.1262  0.6420  0.1169 -0.0003  0.7763 1 
 44.7089 -0.0574  1.9983  0.4007  0.2963  0.0462  0.2197  0.2921  0.2657  0.9950 1 
 44.5655  0.4939 -2.3906  0.0161  0.4075  0.0340  0.3958  0.0154 -0.0003  0.1687 0 
 36.1334 -0.4948  0.7468  0.0010  0.1862  0.0255  0.2328  0.1339 -0.0003  0.0796 0 
 42.0111 -0.2597 -2.0816  0.0535  0.3512  0.0778  0.5808  0.2740 -0.0003  0.7027 0 
 39.4995  0.2036  1.0834  0.0482  0.3777  0.1060  0.2271  0.2267 -0.0003  0.6976 0 
 54.4350 -0.2286  1.0610  0.1336  0.4524  0.0166  0.1671  0.0535  0.1794  0.7381 0 
 42.5757  0.1961 -2.1661  0.0213  0.3219  0.2357  0.3116  0.0865  0.3028  0.5700 0 
 55.3750 -0.3843 -0.0999  0.2978  0.6162  0.0212  0.2912  0.1917 -0.0003  0.9090 0 
 51.9478  0.4141  3.0037  0.0392  0.3038  0.0764  0.4650  0.0270 -0.0003  0.2657 0 
 49.3568 -0.0690  0.1107  0.7468  0.5825  0.0580  0.5568  0.9472 -0.0003  0.9985 1 
 39.0265  0.0602 -3.0282  0.1037  0.3713  0.0507  0.3190  0.0639  0.4282  0.9897 1 
 48.8655 -0.7677 -1.5623  0.0327  0.3824  0.0839  0.4724  0.0189 -0.0003  0.2503 0 
 39.2615  0.7694  1.5588  0.0189  0.3462  0.0280  0.1365  0.0234 -0.0003  0.1582 0 
 45.7862  0.6946 -0.2887  0.0189  0.0919  0.0327  0.3057  0.0169 -0.0003  0.0578 0 
 35.7671 -0.6612  2.9093  0.0023  0.5342  0.0849  0.3735  0.0388 -0.0003  0.1845 0 
 45.3895  0.4766  0.7931  0.2680  0.6100  0.0294  0.4377  0.1926 -0.0003  0.9098 1 
 43.9460 -0.4098 -2.2592  0.0000  0.5814  0.1833  0.4415  0.1126 -0.0003  0.2973 1 
 45.7923 -0.6507 -1.0979  0.1146  0.3352  0.1849  0.5677  0.0200 -0.0003  0.4908 0 
 39.2248  0.6643  2.0518  0.0129  0.1431  0.0377  0.3641  0.0689 -0.0003  0.0768 0 
 51.4504 -0.1471 -1.0972  0.0240  0.4357  0.0477  0.3390  0.0558 -0.0003  0.2372 0 
 45.4902  0.1384  2.0550  0.0117  0.3598  0.0201  0.1750  0.0215 -0.0003  0.1073 0 
 51.9997 -0.0657 -1.4776  0.0082  0.3441  0.2024  0.4227  0.0418 -0.0003  0.2225 0 
 46.3294  0.0367  1.6364  0.0082  0.1899  0.0360  0.3048  0.1295 -0.0003  0.1052 0 
 45.3376 -0.2502  0.0605  0.0433  0.5601  0.0771  0.4379  0.0246 -0.0003  0.3024 0 
 44.9897  0.2477 -3.0785  0.0265  0.2284  0.0355  0.3071  0.1299 -0.0003  0.1797 0 
 43.3417  0.0545  2.9387  0.2469  0.7299  0.1247  0.3988  0.0307  0.4528  0.9884 1 
 38.2635 -0.0443 -0.2434  0.5993  0.4709  0.0294  0.5041  0.4113 -0.0003  0.9944 1 
 46.3081  0.6722  2.0380  0.0036  0.5960  0.0573  0.4354  0.0262 -0.0003  0.1769 0 
 45.3925 -0.6731 -1.0953  0.0171  0.1054  0.0318  0.2189  0.0068 -0.0003  0.0599 0 
 54.4839 -0.0509 -2.5427  0.0113  0.2045  0.0534  0.4595  0.0197 -0.0003  0.1286 0 
 45.2705  0.0497  0.5776  0.0150  0.6544  0.0290  0.2190  0.0336 -0.0003  0.1714 0 
 47.1229  0.7501 -2.2478  0.0769  0.3713  0.0224  0.3034  0.1588 -0.0003  0.4181 0 
 41.6388 -0.7654  0.9379  0.0043  0.5463  0.1299  0.5374  0.0262  0.4301  0.5412 0 
 47.6814 -0.5498  1.0542  0.2411  0.4580  0.0433  0.1729  0.1154  0.0696  0.8420 0 
 42.8504  0.5743 -2.0942  0.0291  0.5538  0.0970  0.4000  0.0728 -0.0003  0.3028 0 
 46.5858  0.2327  1.0435  0.3653  0.4246  0.0880  0.5217  0.4987 -0.0003  0.9980 1 
 42.2339 -0.2142 -2.0719  0.6925  0.7600  0.0289  0.6246  0.5507 -0.0003  0.9966 1 
 48.9387 -0.2663  0.5924  0.0063  0.7793  0.1021  0.5580  0.0410 -0.0003  0.2770 0 
 35.8312  0.2756 -2.5392  0.0024  0.1518  0.0081  0.1400  0.0565 -0.0003  0.0417 0 
 55.1095 -0.0432  1.1414  0.0597  0.5158  0.0471  0.3332  0.1700 -0.0003  0.6567 0 
 50.9529  0.0387 -2.0264  0.0249  0.4961  0.0327  0.2974  0.2875 -0.0003  0.5403 0 
 53.5103  0.3199  1.6289  0.0310  0.5926  0.2763  0.3777  0.0181 -0.0003  0.2593 0 
 46.3966 -0.3252 -1.5004  0.0064  0.2399  0.0633  0.3046  0.0020 -0.0003  0.1354 0 
 51.5633  0.4975  0.3815  0.1090  0.2974  0.0600  0.5506  0.0593 -0.0003  0.5490 0 
 46.5797 -0.4700 -2.8085  0.1330  0.2334  0.0358  0.1739  0.2056 -0.0003  0.6545 0 
 46.8666 -0.7034 -1.7981  0.3040  0.5700  0.0429  0.4341  0.2586 -0.0003  0.9696 1 
 42.5452  0.7034  1.3547  0.3227  0.5454  0.0198  0.4007  0.2581 -0.0003  0.9545 1 
 50.8858  0.2834  1.3206  0.0103  0.3771  0.3207  0.4675  0.0862  0.3240  0.5519 1 
 44.3122 -0.2877 -1.7949  0.0152  0.4406  0.0410  0.4846  0.0674 -0.0003  0.2222 1 
 48.7709  0.5187 -0.2061  0.2371  0.5941  0.0640  0.5585  0.1822 -0.0003  0.9560 1 
 46.0334 -0.5204  2.9178  0.1274  0.2830  0.1326  0.6105  0.1170 -0.0003  0.7379 1 
 44.1321 -0.5943  2.8511  0.0250  0.1517  0.0427  0.2205  0.1006 -0.0003  0.1147 0 
 40.0000  0.5931 -0.2505  0.0273  0.3308  0.0110  0.2264  0.0417 -0.0003  0.0835 0 
 49.0059  0.1390 -2.2662  0.0210  0.2711  0.0290  0.3003  0.0112  0.0419  0.1707 0 
 44.3153 -0.1798  0.9105  0.0131  0.2094  0.1409  0.3524  0.1157 -0.0003  0.1992 0 
 49.8268 -0.7498  0.1572  0.0084  0.2923  0.1294  0.5555  0.0269 -0.0003  0.1921 0 
 40.5554  0.7803 -2.9340  0.0197  0.5357  0.0070  0.3608  0.0207 -0.0003  0.1002 0 
 45.7282 -0.1850 -1.2603  0.6160  0.6170  0.0664  0.3932  0.9388 -0.0003  0.9985 1 
 43.3875  0.1523  1.8874  0.3612  0.1064  0.0979  0.4429  0.2066 -0.0003  0.9568 1 
 50.1381 -0.6530 -0.2276  0.0261  0.3537  0.0531  0.4266  0.0961 -0.0003  0.2820 0 
 44.8005  0.6473  2.8988  0.0078  0.3460  0.0364  0.1757  0.0074 -0.0003  0.1693 0 
 54.0383  0.6097  1.7986  0.0289  0.2330  0.0685  0.4186  0.1642 -0.0003  0.3244 0 
 49.7505 -0.6111 -1.3234  0.0065  0.5924  0.0572  0.2992  0.0120 -0.0003  0.2230 0 
 48.2124  0.1141 -1.4882  1.2495  0.5825  0.0733  0.5171  0.4577 -0.0003  0.9969 1 
 43.1067 -0.1544  1.7251  0.0985  0.7145  0.0934  0.4881  0.0959  0.1751  0.8344 1 
 46.2898  0.0599 -1.4871  0.0063  0.2622  0.1504  0.6097  0.1286 -0.0003  0.2886 0 
 37.1618 -0.1069  1.6715  0.0496  0.1899  0.2319  0.5081  0.0550 -0.0003  0.3138 0 
 50.1106  0.1021  0.1419  0.0337  0.3599  0.0860  0.3413  0.0823 -0.0003  0.3211 0 
 41.9257 -0.0854 -3.0372  0.0205  0.4975  0.0320  0.2682  0.0214 -0.0003  0.1810 0 
 46.7048 -0.5720  0.9204  0.0164  0.0459  0.0806  0.4345  0.0156 -0.0003  0.0670 0 
 42.6795  0.5493 -2.2606  0.0074  0.6188  0.0475  0.5339  0.0467 -0.0003  0.2053 0 
 51.1482 -0.5708  0.8552  0.0036  0.1468  0.1499  0.3820  0.1418 -0.0003  0.1402 0 
 47.4189  0.5629 -2.3080  0.0247  0.6579  0.0441  0.4760  0.0059 -0.0003  0.2480 0 
 44.6723  0.6230 -2.6419  0.0432  0.7208  0.0714  0.3517  0.0252 -0.0003  0.3532 0 
 42.4292 -0.6170  0.4832  0.0606  0.1712  0.0373  0.4010  0.0085 -0.0003  0.1894 0 
 49.3233  0.2144 -2.8422  0.0165  0.1687  0.0352  0.3427  0.0023 -0.0003  0.0849 0 
 43.8697 -0.2106  0.2953  0.0144  0.7484  0.0097  0.2208  0.0734 -0.0003  0.1423 0 
 44.6387 -0.0708  1.2554  0.7671  0.7224  0.0417  0.3078  0.2869 -0.0003  0.9969 1 
 31.5740  0.0931 -1.8358  0.4624  0.3826  0.0417  0.3386  0.4774  0.3721  0.9998 1 
 49.9245 -0.3898 -1.1614  0.0184  0.4458  0.1328  0.3843  0.1883 -0.0003  0.4217 0 
 45.4627  0.3813  1.9749  0.0607  0.3563  0.0486  0.3500  0.0577 -0.0003  0.3736 0 
 47.7790 -0.6491  1.6970  0.3587  0.1169  0.0286  0.2159  0.4348 -0.0003  0.9754 1 
 47.6875  0.6560 -1.4476  0.4466  0.8239  0.0223  0.5186  0.6099 -0.0003  0.9977 1 
 51.9631  0.7425  0.6947  0.0149  0.1269  0.3958  0.3805  0.0200 -0.0003  0.1459 0 
 45.5146 -0.7457 -2.3674  0.0250  0.3939  0.0387  0.2624  0.0407 -0.0003  0.1833 0 
 45.0324 -0.4326 -0.1344  0.0905  0.4366  0.0209  0.3509  0.0314 -0.0003  0.3734 0 
 43.9826  0.3996  3.0277  0.0334  0.3475  0.0323  0.2207  0.0350 -0.0003  0.1654 0 
 59.6323  0.7658  0.4139  0.1797  0.1858  0.0473  0.4493  0.0402 -0.0003  0.5397 0 
 40.1801 -0.7495 -2.7482  0.0695  0.1357  0.1025  0.3165  0.0230 -0.0003  0.1955 0 
 47.3854  0.6828 -0.1666  0.0245  0.4933  0.1187  0.3463  0.0154 -0.0003  0.2319 0 
 43.1250 -0.7097  2.9672  0.0152  0.2382  0.0099  0.1775  0.0161 -0.0003  0.0600 0 
 56.4614 -0.5678 -3.0745  0.0039  0.5900  0.1096  0.3726  0.0417 -0.0003  0.2197 0 
 46.3539  0.5510  0.0395  0.0861  0.3107  0.0345  0.4353  0.0461  0.2005  0.6926 0 
 48.9052 -0.0904 -0.9039  0.0234  0.0553  0.0659  0.2576  0.0042 -0.0003  0.0800 0 
 37.7996  0.0734  2.2150  0.0152  0.1294  0.0861  0.2759  0.0091  0.1099  0.1205 0 
 46.3905  0.4199  2.8099  0.0882  0.4548  0.0615  0.5223  0.0313 -0.0003  0.4900 0 
 40.5249 -0.4823 -0.2675  0.0040  0.0894  0.0598  0.3158  0.0087 -0.0003  0.0716 0 
 52.1614  0.1849  2.3676  0.0348  0.5999  0.1578  0.8869  0.2130 -0.0003  0.7424 1 
 40.3052 -0.1657 -0.7634  0.9390  0.1568  0.1639  0.4970  0.3673  0.4581  0.9881 1 
 53.9986  0.7718  3.1077  0.0082  0.0678  0.3926  0.2931  0.0975 -0.0003  0.0905 0 
 41.6388 -0.8026 -0.0108  0.0000  0.6326  0.0793  0.4478  0.0412 -0.0003  0.1940 0 
 47.1199  0.5804 -2.7973  0.0626  0.3226  0.0841  0.6069  0.0356 -0.0003  0.4120 0 
 45.8473 -0.5656  0.3867  0.0224  0.4126  0.0203  0.2619  0.0190 -0.0003  0.1167 0 
 49.3568  0.6114 -0.1123  0.0681  0.2263  0.0533  0.6425  0.0511  0.1036  0.5518 0 
 46.5370 -0.6388  3.0330  0.0031  0.3714  0.0066  0.0870  0.0031 -0.0003  0.1258 0 
 46.5370  0.5402 -0.3720  0.0627  0.4756  0.2042  0.5219  0.1131  0.3472  0.8346 0 
 44.6357 -0.5433  2.7740  0.0662  0.1408  0.0132  0.1759  0.0692 -0.0003  0.0864 0 
 42.6642 -0.4050 -0.6097  0.0140  0.2198  0.0330  0.1780  0.0152 -0.0003  0.0949 0 
 40.7996  0.4041  2.5224  0.0651  0.5308  0.0172  0.4053  0.1678 -0.0003  0.4847 0 
 50.6233  0.7159  0.2390  0.0004  0.4698  0.1970  0.5957  0.0698 -0.0003  0.2492 0 
 45.2705 -0.7028 -2.8797  0.0999  0.3634  0.0285  0.4380  0.2553 -0.0003  0.7610 0 
 50.9865  0.3188  0.1057  0.0201  0.5367  0.0596  0.5522  0.0187 -0.0003  0.2298 0 
 45.1942 -0.3104 -3.0132  0.0152  0.3649  0.0451  0.3506  0.0255 -0.0003  0.1687 0 
 64.4175 -0.6397  0.6513  0.0669  0.1788  0.0395  0.3208  0.0502 -0.0003  0.1946 0 
 54.0261  0.6638 -2.5012  0.0723  0.2108  0.0654  0.2930  0.0416 -0.0003  0.2949 0 
 51.8746  0.6997 -0.6902  0.0795  0.6634  0.0316  0.4652  0.0435  0.1714  0.6919 0 
 48.3284 -0.7069  2.4534  0.0458  0.5335  0.0323  0.5168  0.0610 -0.0003  0.4014 0 
 49.5308 -0.6657 -2.0494  0.0080  0.2644  0.2256  0.3423  0.1277  0.1399  0.4862 0 
 48.3131  0.6577  1.0470  0.0023  0.3220  0.0371  0.2584  0.0336 -0.0003  0.0971 0 
 51.6854 -0.0147  1.0936  0.6152  0.5767  0.0910  0.2963  0.3182 -0.0003  0.9968 1 
 37.5463  0.0067 -2.0337  0.2051  0.5831  0.0656  0.3685  0.3007  0.2956  0.9909 1 
 49.8695  0.2757 -1.1616  0.0050  0.1580  0.0449  0.2990  0.0906 -0.0003  0.0777 0 
 46.2989 -0.2890  1.9538  0.0078  0.3262  0.0187  0.2612  0.0181 -0.0003  0.0721 0 
 50.7118 -0.1122  2.9282  0.2291  0.1535  0.0386  0.6380  0.1800 -0.0003  0.9098 1 
 26.3890  0.0862 -0.2231  0.3258  0.5640  0.0116  0.2041  0.2518  0.1430  0.9599 1 
 42.5727 -0.7347  3.0246  0.1070  0.2323  0.0464  0.6678  0.2757 -0.0003  0.8529 1 
 37.1832  0.7391 -0.1283  0.0875  0.5478  0.0139  0.1848  0.0245 -0.0003  0.2453 1 
 48.9754 -0.3647 -0.2655  0.0201  0.1054  0.1609  0.2575  0.0053 -0.0003  0.0740 0 
 37.7661  0.3429  2.8507  0.0367  0.6148  0.1096  0.2299  0.0266 -0.0003  0.3158 0 
 48.7709  0.8055  0.8149  0.0243  0.2266  0.1711  0.3008  0.0154 -0.0003  0.1770 0 
 47.3884 -0.7943 -2.2978  0.0562  0.1617  0.0345  0.2597  0.0508 -0.0003  0.1247 0 
 48.2521 -0.3747 -2.7762  0.0262  0.3319  0.0108  0.2585  0.0858  0.1287  0.3004 0 
 42.7405  0.3772  0.3565  0.0000  0.0811  0.0224  0.0000 -0.0200 -0.0003  0.1218 0 
 47.2541  0.6200 -3.0494  0.0343  0.6080  0.0491  0.4331  0.0703 -0.0003  0.3535 0 
 46.6957 -0.6174  0.0892  0.0039  0.3481  0.0252  0.3041  0.0654 -0.0003  0.0784 0 
 49.2653  0.3119 -0.3309  0.0285  0.4823  0.1929  0.4714  0.1097 -0.0003  0.3350 0 
 46.5644 -0.3251  2.8090  0.0113  0.2367  0.0377  0.3479  0.0397 -0.0003  0.0916 0 
 53.7789  0.6370  2.2113  0.0574  0.1372  0.0959  0.2515  0.0434 -0.0003  0.1800 0 
 49.4789 -0.6223 -0.8811  0.0228  0.2404  0.1828  0.3852  0.0358 -0.0003  0.2017 0 
 49.1951 -0.1380  0.2900  0.0487  0.3635  0.1991  0.6001  0.0681 -0.0003  0.3816 0 
 46.3844  0.1378 -2.8745  0.0745  0.2528  0.0187  0.3482  0.0612 -0.0003  0.2076 0 
 51.9234  0.3535 -3.0381  0.0616  0.3147  0.1127  0.4651  0.0186 -0.0003  0.3304 0 
 46.0822 -0.3729  0.1267  0.1399  0.5073  0.0333  0.3488  0.2366 -0.0003  0.8643 0 
 45.6672 -0.3267  2.0549  0.0759  0.2007  0.0413  0.3933  0.0546 -0.0003  0.2870 0 
 43.6316  0.3152 -1.0622  0.0490  0.1060  0.0759  0.3981  0.0392 -0.0003  0.1384 0 
 43.6072 -0.3474 -1.9521  0.0475  0.6955  0.0304  0.2212  0.0856 -0.0003  0.3086 0 
 43.5401  0.3591  1.2075  0.0251  0.2146  0.0314  0.5311  0.0153  0.1016  0.2755 0 
 47.4769  0.6479 -1.4667  0.0008  0.3671  0.1653  0.4759  0.1341 -0.0003  0.2654 0 
 36.6125 -0.6675  1.6507  0.0011  0.7857  0.0173  0.2319  0.1229 -0.0003  0.1619 0 
 45.3529  0.2354 -1.6702  0.7346  0.8171  0.0330  0.4816  0.9185 -0.0003  0.9984 1 
 38.9929 -0.2591  1.4330  0.2264  0.3054  0.2073  0.3191  0.2178 -0.0003  0.9702 1 
 50.6996 -0.6314  1.6612  0.0074  0.3614  0.1290  0.4679  0.1032 -0.0003  0.2363 0 
 44.5991  0.6248 -1.4727  0.0009  0.3291  0.0332  0.4397  0.0811 -0.0003  0.1172 0 
 41.0620 -0.3508 -0.5238  0.1345  0.2353  0.0400  0.4945  0.1291 -0.0003  0.6852 0 
 33.2555  0.3471  2.5813  0.0835  0.5722  0.0375  0.2859  0.0440  0.2317  0.7840 0 
 46.2806 -0.6319 -1.6865  0.0042  0.2576  0.1553  0.2178  0.0309 -0.0003  0.1711 0 
 37.2503  0.6551  1.4561  0.0820  0.2386  0.0259  0.2308  0.0508 -0.0003  0.2021 0 
 47.9774 -0.6387  1.3990  0.0471  0.1759  0.0421  0.4746  0.0268 -0.0003  0.2026 0 
 35.9503  0.6554 -1.7295  0.0529  0.3990  0.0344  0.2797  0.0811 -0.0003  0.2927 0 
 44.4923 -0.0994  2.4368  0.0041  0.3766  0.0902  0.3960  0.0245 -0.0003  0.1608 0 
 37.6715  0.1091 -0.7109  0.2140  0.5126  0.0167  0.1841  0.3278  0.1423  0.9295 0 
 44.5075  0.6141 -1.5951  0.0075  0.3002  0.0462  0.5720  0.1092 -0.0003  0.2253 0 
 43.8819 -0.6087  1.5343  0.0196  0.2774  0.0117  0.1325  0.0086 -0.0003  0.0990 0 
 46.2287 -0.2864 -0.6968  0.0027  0.4733  0.0319  0.1307  0.0067  0.3233  0.9426 0 
 35.6939  0.2719  2.4426  0.1038  0.0654  0.0569  0.2336  0.0245  0.0885  0.2600 0 
 45.7740  0.0085 -0.4535  0.0312  0.4780  0.0237  0.2184  0.0853  0.1828  0.5465 0 
 43.2898  0.0217  2.6838  0.0147  0.3107  0.0392  0.3546  0.0504 -0.0003  0.1307 0 
 46.7506 -0.3952 -1.5134  0.0405  0.4361  0.0412  0.3475  0.0236 -0.0003  0.2817 0 
 39.4293  0.4051  1.6395  0.0013  0.1946  0.0969  0.3182  0.0392 -0.0003  0.1023 0 
 46.7079 -0.4735 -0.6817  0.0304  0.1219  0.0276  0.5214  0.0211 -0.0003  0.1261 0 
 45.6611  0.4782  2.5049  0.0010  0.0851  0.0365  0.2185  0.0452 -0.0003  0.0489 0 
 51.6335  0.0322 -1.3831  0.0299  0.4098  0.1566  0.3388  0.0084 -0.0003  0.2365 0 
 47.2816 -0.0415  1.7563  0.0750  0.7112  0.0249  0.2165  0.0222 -0.0003  0.3613 0 
 50.9590 -0.5759 -1.0493  0.0692  0.3320  0.1929  0.3398  0.0261 -0.0003  0.3588 0 
 49.1371  0.5564  2.0169  0.0248  0.2979  0.0361  0.3859  0.0689 -0.0003  0.1677 0 
 49.4209  0.6275  1.1137  0.0220  0.2090  0.0485  0.2569  0.0912 -0.0003  0.1460 0 
 43.9063 -0.5865 -2.0316  0.1053  0.1751  0.0650  0.4857  0.1230 -0.0003  0.5629 0 
 49.1402  0.6617 -0.5637  0.0293  0.3446  0.0370  0.2144  0.1285 -0.0003  0.2598 0 
 45.5146 -0.6482  2.5787  0.0143  0.1224  0.0647  0.4374  0.0063 -0.0003  0.0976 0 
 53.2479 -0.5228  0.9484  0.0288  0.7621  0.0259  0.3781  0.0169 -0.0003  0.2372 0 
 40.2319  0.5168 -2.2613  0.1311  0.0574  0.0699  0.2712  0.0078 -0.0003  0.1482 0 
 32.1935 -0.6779 -2.2764  0.0272  0.2148  0.0491  0.1924  0.0537 -0.0003  0.1510 0 
 29.3004  0.6543  0.8787  0.0211  0.6231  0.0373  0.2472  0.0125 -0.0003  0.2552 0 
 43.7507  0.1547 -2.7377  0.0591  0.3663  0.1808  0.4420  0.1253 -0.0003  0.4630 1 
 39.9268 -0.1861  0.4235  0.1027  0.4854  0.1407  0.9059  0.2635 -0.0003  0.9490 1 
 47.3548 -0.4399 -2.5098  0.0129  0.3825  0.1592  0.6927  0.0477 -0.0003  0.2847 1 
 42.1759  0.4516  0.6777  0.2518  0.4950  0.0731  0.3124  0.3779  0.1564  0.9854 1 
 46.8788 -0.0737 -2.0788  0.0978  0.7215  0.0610  0.3472  0.1557 -0.0003  0.8591 1 
 35.7397  0.0179  1.1055  0.3938  0.4484  0.1595  0.5604  0.2564 -0.0003  0.9938 1 
 47.8370 -0.6352 -1.4428  0.1809  0.2437  0.0764  0.3886  0.2510 -0.0003  0.9241 0 
 42.3682  0.5526  1.6776  0.0054  0.4418  0.0410  0.3120  0.0607  0.2462  0.5539 0 
 46.7170  0.1416  2.3642  0.3058  0.7892  0.0294  0.4779  0.3620 -0.0003  0.9854 1 
 41.9837 -0.1163 -0.7731  0.5281  0.2191  0.0654  0.1788  0.4528  0.4291  0.9996 1 
 50.1503 -0.5666 -0.9654  0.0139  0.1061  0.0339  0.2986  0.0070 -0.0003  0.0606 0 
 43.1891  0.5472  2.1800  0.0156  0.2250  0.0392  0.1774  0.0169 -0.0003  0.1151 0 
 44.8615  0.5359  0.6785  0.2199  0.6973  0.0470  0.3951  0.3250 -0.0003  0.9792 1 
 42.0691 -0.5330 -2.4896  0.0387  0.3333  0.0618  0.2233  0.0073 -0.0003  0.3008 1 
 42.6215  0.2144  2.6260  0.7463  0.1539  0.0351  0.4895  0.7712 -0.0003  0.9949 1 
 36.5393 -0.2061 -0.4863  0.1878  0.6134  0.0578  0.3713  0.1898 -0.0003  0.9426 1 
 46.3081  0.6680 -2.4626  0.0435  0.4505  0.0794  0.3919  0.0279 -0.0003  0.3022 0 
 46.3020 -0.6699  0.6898  0.0352  0.7546  0.0487  0.3484  0.0676 -0.0003  0.4050 0 
 45.8350  0.4325 -0.1300  0.2708  0.6482  0.0257  0.5239  0.3077 -0.0003  0.9689 1 
 40.7965 -0.4504  3.0108  0.5035  0.2016  0.0750  0.2251  0.3221 -0.0003  0.9903 1 
 41.8311 -0.6298 -0.7004  0.1230  0.2772  0.0323  0.4473  0.1225 -0.0003  0.6295 0 
 36.3928  0.6095  2.4484  0.1084  0.2292  0.0209  0.1394  0.0464 -0.0003  0.2196 0 
 44.0345 -0.0149  0.1289  0.1821  0.3688  0.1701  1.0589  0.1832 -0.0003  0.9733 0 
 43.6774  0.0424 -2.9987  0.0465  0.4694  0.1025  0.5748  0.0889 -0.0003  0.3882 0 
 43.1586  0.6125  2.6300  0.0726  0.7998  0.1371  0.4436  0.0980 -0.0003  0.5877 0 
 42.8138 -0.6102 -0.5041  0.0016  0.3068  0.0153  0.0889  0.0357 -0.0003  0.1127 0 
 49.2653  0.5027  1.3210  0.0627  0.1016  0.0419  0.4714  0.1263 -0.0003  0.2531 0 
 47.5624 -0.4750 -1.8195  0.2364  0.2660  0.0377  0.5189  0.2380  0.1724  0.9739 0 
 47.4006 -0.0712 -0.4334  0.1197  0.3253  0.0412  0.5626  0.0506 -0.0003  0.5752 1 
 26.1448  0.0304  2.7385  0.6733  0.4558  0.0224  0.2047  0.2241 -0.0003  0.9952 1 
 45.6977 -0.5109  2.3235  0.0020  0.2865  0.0113  0.3496  0.0891 -0.0003  0.0544 0 
 39.6399  0.5121 -0.8384  0.0003  0.3895  0.0176  0.2269  0.1402 -0.0003  0.1233 0 
 48.7251 -0.3452  2.8447  0.1485  0.0757  0.0886  0.3008  0.0152 -0.0003  0.2602 0 
 43.2563  0.3648 -0.2918  0.0070  0.0799  0.0547  0.2217  0.0930 -0.0003  0.0786 0 
 48.4901  0.1466  0.9967  0.2054  0.5587  0.0390  0.4733  0.1965 -0.0003  0.9259 1 
 46.6163 -0.1307 -2.1495  0.1642  0.2616  0.0109  0.2608  0.1892 -0.0003  0.5145 1 
 48.7129  0.0862  0.5538  0.0282  0.3678  0.0537  0.1289  0.0390 -0.0003  0.3177 0 
 45.6031 -0.0930 -2.6462  0.0323  0.3084  0.2511  0.6558  0.1248 -0.0003  0.4580 0 
 38.6206 -0.7303 -1.3392  0.0210  0.6971  0.0472  0.2743  0.0386 -0.0003  0.2997 0 
 38.2177  0.7128  1.8591  0.0110  0.3802  0.0671  0.5501  0.0170 -0.0003  0.1919 0 
 43.5859  0.5145 -0.0601  0.0114  0.4586  0.2270  0.5751  0.0164 -0.0003  0.2483 0 
 43.4333 -0.5415  3.0374  0.0251  0.5915  0.1546  0.2657  0.0478 -0.0003  0.3109 0 
 54.5296  0.4118  2.8559  0.0387  0.6705  0.0274  0.2088  0.0048 -0.0003  0.2565 0 
 37.1191 -0.4024 -0.2891  0.0005  0.5855  0.0180  0.0924  0.0224 -0.0003  0.1455 0 
 56.6415 -0.6201 -2.1393  0.0115  0.0929  0.0673  0.2069  0.0109 -0.0003  0.0860 0 
 48.4352  0.6239  1.0510  0.0385  0.0902  0.0607  0.3013  0.0456 -0.0003  0.0942 0 
 44.4678  0.5438 -2.2066  0.2283  0.3490  0.0768  0.4841  0.2453 -0.0003  0.9661 0 
 39.8321 -0.5844  0.9143  0.0160  0.1843  0.0796  0.6345  0.0421 -0.0003  0.2022 0 
 45.8015 -0.0076  1.5415  0.1373  0.3534  0.0878  0.2620  0.0815 -0.0003  0.6812 1 
 43.4302 -0.0064 -1.6109  1.0868  0.4852  0.1413  0.4428  0.7480  0.0626  0.9979 1 
 45.1026 -0.6497  1.1238  0.0527  0.4758  0.1153  0.4385  0.0336 -0.0003  0.3177 0 
 43.0945  0.6074 -2.0454  0.1410  0.3025  0.0370  0.1775  0.0627 -0.0003  0.5304 0 
 46.2776 -0.7739  0.4145  0.2301  0.5427  0.0995  0.6968  0.2712 -0.0003  0.9866 1 
 39.9023  0.7640 -2.7289  0.0787  0.4917  0.0187  0.4530  0.2299  0.0147  0.7047 1 
 36.7224  0.0449  3.1139  0.0912  0.3141  0.0813  0.1854  0.0283  0.2455  0.6922 1 
 35.4376 -0.0277 -0.0131  0.1445  0.4625  0.0327  0.5149  0.2321 -0.0003  0.8960 1 
 50.8186 -0.4974 -2.4339  0.0722  0.2324  0.0430  0.3401  0.0958 -0.0003  0.3464 0 
 44.1993  0.4807  0.6974  0.0128  0.7674  0.0383  0.4408  0.0391 -0.0003  0.2230 0 
 48.1147 -0.6517 -0.3424  0.0137  0.6754  0.0190  0.2587  0.0891 -0.0003  0.1495 0 
 46.6835  0.6543  2.7982  0.0352  0.3658  0.0693  0.3911  0.0383 -0.0003  0.2699 0 
 46.5858 -0.7309 -1.8337  0.0321  0.5667  0.1367  0.4782  0.1599 -0.0003  0.4440 0 
 44.7517  0.7517  1.2777  0.0290  0.4241  0.0919  0.3515  0.0189 -0.0003  0.2371 0 
 50.4891 -0.0415 -1.7028  0.0097  0.2771  0.0508  0.1278  0.0433 -0.0003  0.1982 0 
 39.8199  0.0549  1.4428  0.0430  0.3966  0.0702  0.4986  0.1661 -0.0003  0.4925 0 
 45.5360  0.1412 -0.7884  0.0692  0.5300  0.0529  0.3936  0.2363 -0.0003  0.7936 0 
 41.4008 -0.1362  2.3293  0.0035  0.2086  0.0186  0.4037  0.0656 -0.0003  0.0568 0 
 44.5655 -0.2493 -0.2149  0.0202  0.5089  0.0086  0.2199  0.0118 -0.0003  0.1060 0 
 43.3234  0.2460  2.9355  0.0154  0.3524  0.0078  0.1329  0.1091  0.0469  0.1358 0 
 47.3732  0.0987 -0.7527  0.0409  0.4099  0.0947  0.5627  0.0307 -0.0003  0.3080 0 
 40.9430 -0.0775  2.3684  0.2575  0.3780  0.0281  0.4499  0.1606  0.2861  0.9963 0 
 48.6763  0.1152  0.5418  0.0292  0.5925  0.2122  0.6448  0.0068 -0.0003  0.2864 0 
 46.3569 -0.1410 -2.6015  0.0544  0.3080  0.1687  0.6530  0.0291 -0.0003  0.3863 0 
 51.1635 -0.2226  0.1028  0.0153  0.2037  0.0157  0.2547  0.0266 -0.0003  0.0480 0 
 48.7251  0.2217 -3.0497  0.0502  0.1744  0.0325  0.2149  0.0153 -0.0003  0.1165 0 
 53.2326 -0.6161 -0.1481  0.0721  0.2496  0.0948  0.3782  0.1573 -0.0003  0.5649 0 
 46.7964  0.5831  2.9882  0.0110  0.4558  0.0568  0.5645  0.0350 -0.0003  0.2055 0 
 46.9520 -0.3607 -2.4528  0.0005  0.1037  0.1534  0.1301  0.0123 -0.0003  0.0729 0 
 46.0670  0.3642  0.6768  0.0437  0.3099  0.0384  0.2616  0.0213 -0.0003  0.2083 0 
 56.4157 -0.3156 -2.1587  0.0149  0.5004  0.1440  0.3727  0.1656 -0.0003  0.3886 0 
 42.8046  0.2695  0.9864  0.0182  0.0531  0.1523  0.3556  0.0070 -0.0003  0.0501 0 
 41.7212 -0.2184 -1.4459  0.0267  0.4729  0.0455  0.2686  0.0233 -0.0003  0.2594 0 
 38.8006  0.1681  1.6955  0.0746  0.2314  0.0365  0.3652  0.1436 -0.0003  0.4205 0 
 47.3030 -0.2838  0.0479  0.0139  0.1276  0.0173  0.3031  0.0233 -0.0003  0.0415 0 
 45.1362  0.2883 -3.0854  0.0198  0.7479  0.0145  0.2192  0.0797 -0.0003  0.1636 0 
 46.9612 -0.3120 -2.2934  0.0455  0.3398  0.1736  0.5206  0.0298 -0.0003  0.3107 0 
 46.1189  0.3231  0.8373  0.0083  0.1709  0.0567  0.2179  0.0110 -0.0003  0.1013 0 
 48.4901  0.0760  0.8014  0.0602  0.4032  0.0908  0.4303  0.0891 -0.0003  0.4356 1 
 46.1402 -0.1535 -2.3732  0.1129  0.4074  0.1895  0.5230  0.0303 -0.0003  0.4883 1 
 41.1688  0.2027 -1.4490  0.0385  0.8943  0.0383  0.4941  0.0547 -0.0003  0.4118 0 
 39.6460 -0.1904  1.6771  0.0270  0.1595  0.0426  0.2269  0.1514  0.1809  0.4963 0 
 43.5126  0.7188  0.4491  0.0025  0.0618  0.0325  0.3541  0.0231 -0.0003  0.0513 0 
 38.8708 -0.7274 -2.6988  0.0008  0.2434  0.0158  0.2737  0.1740  0.0973  0.3094 0 
 47.4128  0.7770  0.5125  0.0192  0.3307  0.0295  0.4328  0.0549 -0.0003  0.1532 0 
 32.0531 -0.7714 -2.6149  0.0063  0.6272  0.0107  0.1445  0.0041 -0.0003  0.1293 0 
 44.7242 -0.0344 -1.3760  0.0075  0.2053  0.0280  0.3955  0.0267 -0.0003  0.0714 0 
 34.5159  0.0245  1.7969  0.0170  0.5162  0.0075  0.2358  0.0014 -0.0003  0.1055 0 
 44.8646  0.6823  2.5683  0.0921  0.4662  0.0449  0.4829  0.0526 -0.0003  0.5541 1 
 31.9890 -0.7063 -0.5240  0.1855  0.2065  0.0323  0.2891  0.1749  0.3710  0.9970 1 
 44.1444  0.3110  2.5393  0.0104  0.5285  0.0364  0.3087  0.0219 -0.0003  0.1746 0 
 41.7975 -0.3043 -0.6258  0.0048  0.6762  0.0817  0.4027  0.0068 -0.0003  0.1969 0 
 46.1402 -0.5912  2.5496  0.0233  0.2183  0.0682  0.4794  0.0067 -0.0003  0.1736 0 
 37.3114  0.5701 -0.6020  0.0284  0.1472  0.0083  0.2307  0.0683  0.0943  0.1623 0 
 38.7304 -0.6256 -0.1874  0.0724  0.6157  0.0435  0.5937  0.0887  0.0299  0.6296 0 
 31.4549  0.6047  2.8929  0.1580  0.1065  0.0088  0.0969  0.1800 -0.0003  0.2872 0 
 46.7292 -0.7087 -2.6502  0.0148  0.1700  0.0192  0.1738  0.0235 -0.0003  0.0532 0 
 39.6277  0.7095  0.5174  0.0001  0.7170  0.0429  0.3631  0.0953 -0.0003  0.2164 0 
 54.9203  0.2956 -2.5180  0.0121  0.1132  0.3299  0.2084  0.0060 -0.0003  0.1058 0 
 45.8534 -0.2752  0.6098  0.0011  0.2005  0.0301  0.3056  0.0861 -0.0003  0.0597 0 
 43.8575 -0.7852  0.9215  0.0227  0.5012  0.0473  0.3534  0.1651  0.3931  0.9307 1 
 36.0876  0.7544 -2.2560  0.0183  0.4396  0.0670  0.3726  0.0089  0.5500  0.9790 1 
 45.3010 -0.2145 -2.3109  0.0066  0.1466  0.0463  0.3941  0.1036 -0.0003  0.0990 0 
 43.4363  0.2108  0.8167  0.0447  0.2081  0.1420  0.3100  0.0710 -0.0003  0.2625 0 
 43.0365 -0.7153  0.0899  0.1442  0.6608  0.0364  0.1776  0.2563 -0.0003  0.8428 1 
 35.2087  0.7517 -3.0533  0.3621  0.3439  0.0200  0.3751  0.3697  0.1288  0.9944 1 
 47.8584 -0.2323 -2.6613  0.4614  0.3350  0.0276  0.3454  0.4163 -0.0003  0.9951 1 
 29.0501  0.2583  0.5225  0.2131  0.6457  0.0528  0.3966  0.0981  0.4519  0.9978 1 
 49.2836  0.0334 -0.1345  0.0111  0.1097  0.1651  0.2999  0.1245 -0.0003  0.1091 0 
 41.1139 -0.0499  3.0526  0.0104  0.5086  0.1405  0.3595  0.0153 -0.0003  0.2161 0 
 49.1646  0.7648  1.7801  0.0234  0.1643  0.0362  0.2144  0.0084 -0.0003  0.0853 0 
 30.5303 -0.7666 -1.3512  0.0267  0.2902  0.0126  0.1465  0.0190 -0.0003  0.1001 0 
 48.1544  0.0553  1.3903  0.3128  0.4538  0.0412  0.3879  0.5024 -0.0003  0.9960 1 
 40.6317 -0.0624 -1.7604  0.0714  0.0522  0.1087  0.1803  0.0955  0.7485  0.9627 1 
 45.4383 -0.7589  2.0782  0.2714  0.4643  0.0363  0.4376  0.3845 -0.0003  0.9875 1 
 35.4070  0.7265 -1.0246  0.0501  0.2595  0.0165  0.3745  0.0457  0.1625  0.4944 1 
 48.2185  0.3556  2.6650  0.0082  0.1382  0.1239  0.2585  0.0804 -0.0003  0.0996 0 
 44.3824 -0.3541 -0.4583  0.0514  0.3235  0.0828  0.3963  0.0381 -0.0003  0.3175 0 
 45.0111 -0.0844  1.7509  0.0220  0.5870  0.0606  0.6141  0.0163 -0.0003  0.2490 0 
 43.6774  0.0967 -1.4018  0.0282  0.0385  0.0128  0.1327  0.0076 -0.0003  0.0480 0 
 47.9683 -0.1376 -3.0150  0.0482  0.4122  0.0601  0.3883  0.0535 -0.0003  0.3604 1 
 34.4427  0.0838  0.1325  0.2662  0.1838  0.1556  0.1887  0.2841  0.3720  0.9724 1 
 56.6232  0.4257 -2.6718  0.0311  0.3110  0.1227  0.4965  0.0576 -0.0003  0.2719 0 
 46.4729 -0.4150  0.4435  0.0012  0.3149  0.0927  0.4350  0.0098 -0.0003  0.1443 0 
 52.4819 -0.1368  0.6724  0.0000  0.5478  0.1095  0.2530  0.0259 -0.0003  0.2098 0 
 38.4222  0.2133 -2.4368  0.0683  0.3165  0.0215  0.5035  0.0638 -0.0003  0.3829 0 
 57.4136 -0.5538  2.1472  0.4582  0.4471  0.0930  0.4536  0.4302 -0.0003  0.9973 1 
 28.4367  0.6312 -0.9081  0.0689  0.3163  0.1084  0.6984  0.0989 -0.0003  0.5788 1 
 53.1411 -0.2424 -2.3300  0.1743  0.3858  0.0302  0.4624  0.1561 -0.0003  0.8204 0 
 48.4840  0.2353  0.7912  0.0428  0.4769  0.0530  0.6884  0.0233 -0.0003  0.3648 0 
 46.2409  0.1053 -1.6465  0.0427  0.6092  0.0439  0.1742 -0.0200 -0.0003  0.4155 0 
 40.9674 -0.0503  1.5421  0.0029  0.4086  0.1505  0.4048  0.0641 -0.0003  0.2151 0 
 52.6314 -0.6467  1.9133  0.0133  0.2641  0.0729  0.2949  0.0131 -0.0003  0.1649 0 
 46.2898  0.6549 -1.2105  0.0008  0.3867  0.0320  0.4790  0.0942 -0.0003  0.1507 0 
 48.7190 -0.3150 -2.8932  0.0041  0.4385  0.0727  0.5157  0.1419 -0.0003  0.2563 0 
 47.3884  0.3177  0.2548  0.0393  0.1028  0.0462  0.2164  0.0804 -0.0003  0.0993 0 
 44.3580 -0.5316 -1.2146  0.1200  0.1602  0.0898  0.5285  0.0738 -0.0003  0.5211 1 
 42.5544  0.5062  1.9206  0.2220  0.5859  0.0902  0.3117  0.3133 -0.0003  0.9874 1 
 45.6886  0.8046  2.9165  0.0139  0.4151  0.0672  0.3059  0.0021 -0.0003  0.2175 0 
 34.7143 -0.7839 -0.2392  0.0053  0.2184  0.0433  0.4708  0.0778 -0.0003  0.1261 0 
 43.2685 -0.2445 -1.7776  0.4562  0.7167  0.0495  0.5762  0.4946 -0.0003  0.9960 1 
 38.0652  0.2416  1.3472  0.6705  0.4399  0.0769  0.3212  0.2697  0.3959  0.9977 1 
 60.4776 -0.7528 -1.6434  0.0014  0.6114  0.0519  0.2850  0.0906 -0.0003  0.2486 0 
 45.8412  0.7601  1.4765  0.1075  0.5493  0.0281  0.3493  0.1264 -0.0003  0.6527 0 
 48.9937 -0.7779 -1.8567  0.0823  0.2947  0.0282  0.3433  0.1667 -0.0003  0.4906 0 
 45.0904  0.7894  1.3149  0.0096  0.1095  0.0376  0.2192  0.0826 -0.0003  0.0620 0 
 42.2797  0.5952 -3.0761  0.0947  0.3074  0.0293  0.4906  0.0479 -0.0003  0.4630 1 
 29.9840 -0.5987  0.0371  0.2342  0.8037  0.0219  0.3929  0.1987 -0.0003  0.9130 1 
 50.6661  0.4602 -2.2131  0.0442  0.3672  0.0577  0.4680  0.0666 -0.0003  0.3522 0 
 40.6195 -0.4369  0.9139  0.0210  0.3033  0.0303  0.2705  0.0394 -0.0003  0.1073 0 
 51.1971  0.2627  1.6531  0.0547  0.1916  0.0497  0.6365  0.0495 -0.0003  0.3628 0 
 45.6001 -0.2508 -1.4647  0.1556  0.7259  0.0426  0.6120  0.1364 -0.0003  0.9029 0 
 45.3407 -0.7850  2.4646  0.0268  0.2927  0.0457  0.2627  0.0085 -0.0003  0.1856 0 
 41.9928  0.7870 -0.7721  0.0323  0.2285  0.0269  0.1787  0.0052 -0.0003  0.1198 0 
 49.6101  0.6973  0.1050  0.0193  0.5011  0.1347  0.6844  0.0143 -0.0003  0.2645 0 
 49.5674 -0.6860 -3.0504  0.2082  0.2900  0.0749  0.2567  0.1540  0.1550  0.9215 0 
 43.5981 -0.4357  3.0085  0.0114  0.2214  0.0438  0.4424  0.0526 -0.0003  0.1246 0 
 41.9043  0.4150 -0.1432  0.0082  0.4107  0.0467  0.2683  0.1426  0.1957  0.5853 0 
 49.5918 -0.7008 -1.9980  0.0128  0.2924  0.3069  0.4278  0.0120 -0.0003  0.2152 0 
 37.6989  0.7100  1.0977  0.0181  0.3495  0.0183  0.3221  0.0795 -0.0003  0.0963 0 
 46.2104  0.3587  1.0810  0.0052  0.1745  0.0162  0.2179  0.0180 -0.0003  0.0426 0 
 43.9673 -0.3653 -2.0576  0.0161  0.3167  0.1050  0.1766  0.0071 -0.0003  0.2476 0 
 45.9449 -0.6881 -1.1776  0.0287  0.2010  0.0957  0.3927  0.0136 -0.0003  0.1601 0 
 41.4282  0.6977  1.9922  0.0737  0.5689  0.0601  0.4933  0.1673 -0.0003  0.7075 0 
 57.0932  0.5733 -2.7976  0.2748  0.5378  0.1054  0.2065  0.3035 -0.0003  0.9905 1 
 35.8556 -0.5166  0.3192  0.3285  0.7057  0.0285  0.5132  0.6647  0.1973  0.9983 1 
 45.6245 -0.2561  0.3789  0.1797  0.6694  0.0551  0.5246  0.3193 -0.0003  0.9768 1 
 40.1648  0.2261 -2.7587  0.2438  0.2464  0.0454  0.1809  0.1713  0.2280  0.9501 1 
 51.8196  0.2019 -2.6317  0.0114  0.3028  0.2093  0.4230  0.0801 -0.0003  0.2480 0 
 50.9041 -0.1930  0.5255  0.0543  0.3512  0.0390  0.3399  0.0679 -0.0003  0.3110 0 
 47.9164  0.7905  2.6028  0.0984  0.2889  0.0764  0.6474  0.0217 -0.0003  0.4997 0 
 45.7496 -0.7711 -0.4673  0.0809  0.2022  0.0380  0.2184  0.1319 -0.0003  0.3734 0 
 48.6061  0.7370  1.2142  0.1609  0.5438  0.0616  0.3870  0.2852 -0.0003  0.9598 1 
 39.7345 -0.7415 -1.9127  0.1035  0.1969  0.0706  0.5896  0.1434  0.4363  0.9298 1 
 50.2968 -0.0958 -2.7421  0.1233  0.0740  0.0295  0.3836  0.1519 -0.0003  0.3381 0 
 44.4190  0.0882  0.3787  0.0462  0.5543  0.0285  0.1761  0.1441 -0.0003  0.3102 0 
 44.8951  0.7596 -2.4031  0.0612  0.2736  0.0721  0.3951  0.1464 -0.0003  0.5003 0 
 44.1474 -0.7777  0.6957  0.0013  0.1758  0.0218  0.2205  0.0158 -0.0003  0.0468 0 
 45.5909  0.0830  1.6412  0.1906  0.5192  0.0228  0.4809  0.2552 -0.0003  0.9157 0 
 43.3112 -0.0923 -1.5048  0.0091  0.2154  0.0200  0.2216  0.0223 -0.0003  0.0537 0 
 49.0394 -0.3332  3.0612  0.0183  0.3266  0.0386  0.3861  0.0309 -0.0003  0.1533 0 
 39.2340  0.3157 -0.1175  0.0431  0.1443  0.0193  0.3186  0.0117  0.0387  0.1243 0 
 57.2610 -0.7065 -0.2816  0.0822  0.2693  0.0589  0.2476  0.0041 -0.0003  0.3659 0 
 50.8705  0.7293  2.8807  0.0137  0.1713  0.2083  0.3400  0.0588 -0.0003  0.1528 0 
 49.7047  0.1021 -2.0236  0.2672  0.2623  0.1484  0.4276  0.4473 -0.0003  0.9967 1 
 44.8646 -0.0774  1.0574  0.2714  0.5601  0.0525  0.4390  0.3845 -0.0003  0.9916 1 
 50.0801  0.5047  0.3631  0.0131  0.7906  0.0321  0.4267  0.0150 -0.0003  0.2078 1 
 37.1130 -0.4976 -2.7558  0.0827  0.2895  0.0585  0.2310  0.0814  0.2669  0.7614 1 
 57.9812  0.4779 -2.0331  0.0255  0.2650  0.0397  0.4525  0.0098 -0.0003  0.1774 0 
 48.2368 -0.5069  1.0907  0.0331  0.3090  0.0432  0.2585  0.0327 -0.0003  0.1908 0 
 48.6763  0.6152  1.8887  0.0418  0.2165  0.1359  0.4728  0.1502 -0.0003  0.4088 0 
 39.8383 -0.6175 -1.2436  0.1306  0.4541  0.0265  0.4079  0.2176  0.1437  0.8708 0 
 55.9396  0.6705  0.8881  0.0802  0.5764  0.1195  0.4980  0.1378 -0.0003  0.6158 0 
 50.0008 -0.7017 -2.2642  0.0993  0.2083  0.1038  0.2988  0.1424 -0.0003  0.6187 0 
 53.3822 -0.1846 -0.6861  0.0544  0.1445  0.2172  0.3779  0.0207 -0.0003  0.2044 0 
 49.6315  0.1744  2.4447  0.0164  0.1492  0.0434  0.4705  0.0379 -0.0003  0.1124 0 
 37.2076  0.5318 -0.7560  0.2107  0.4326  0.0244  0.1385  0.0956 -0.0003  0.5861 1 
 28.5313 -0.5564  2.3847  0.1369  0.5042  0.0370  0.4984  0.1955 -0.0003  0.8758 1 
 51.6426 -0.0907  2.3728  0.0309  0.1806  0.0896  0.2964  0.0908 -0.0003  0.2024 0 
 47.3518  0.0844 -0.8104  0.0233  0.2175  0.1454  0.2164  0.0134 -0.0003  0.1714 0 
 47.9683  0.7304 -1.1422  0.0081  0.2994  0.0372  0.4746  0.0362 -0.0003  0.1384 0 
 47.1382 -0.7378  2.0249  0.0139  0.1490  0.0348  0.5634  0.0172 -0.0003  0.1275 0 
 54.1939  0.2428  2.4374  0.0003  0.3849  0.0507  0.3346  0.0345 -0.0003  0.1389 0 
 47.2084 -0.2138 -0.7066  0.0097  0.1820  0.0347  0.3033  0.1076 -0.0003  0.0859 0 
 46.6773 -0.7556 -1.5274  0.0162  0.5358  0.1393  0.3911  0.0112 -0.0003  0.2270 0 
 42.9603  0.7601  1.6259  0.0134  0.6479  0.0430  0.3109  0.0327 -0.0003  0.2263 0 
 42.4964  0.4147 -0.0303  0.0067  0.4493  0.1596  0.4009  0.0590 -0.0003  0.2349 0 
 36.1608 -0.4329  3.0815  0.0422  0.4238  0.0290  0.3258  0.0834 -0.0003  0.2417 0 
 41.2055 -0.2479  2.8406  0.0416  0.3905  0.1766  0.2694  0.0681  0.7296  0.8208 1 
 33.6492  0.2662 -0.2132  0.1877  0.4046  0.0543  0.4750  0.2958  0.1619  0.9627 1 
 49.0883 -0.0821  0.5133  0.0105  0.3814  0.0652  0.5147  0.0716 -0.0003  0.2119 0 
 47.4952  0.0997 -2.6274  0.0200  0.6568  0.0329  0.3461  0.1246 -0.0003  0.2948 0 
 45.5390  0.5539 -0.1227  0.0482  0.0702  0.0302  0.2624  0.1022 -0.0003  0.0859 0 
 43.5187 -0.5585  3.0232  0.0556  0.1557  0.0103  0.1770  0.0125 -0.0003  0.0659 0 
 54.0108  0.6284 -0.5261  0.0320  0.3127  0.0870  0.2093  0.0455 -0.0003  0.3101 0 
 45.6306 -0.6530  2.5641  0.0071  0.4355  0.0193  0.2623  0.0178  0.0508  0.1464 0 
 48.5969  0.5289 -3.0970  0.0059  0.1133  0.0414  0.2580  0.0422 -0.0003  0.0559 0 
 44.7333 -0.4561  0.0361  0.0416  0.4347  0.0129  0.0879  0.0069 -0.0003  0.1634 0 
 46.2531  0.2095  0.7077  0.1220  0.3268  0.0783  0.1742  0.1187 -0.0003  0.7377 1 
 24.0024 -0.2038 -2.3988  0.4057  0.6355  0.0443  0.1577  0.2685  0.4504  0.9979 1 
 61.4298 -0.0020 -1.1212  0.0558  0.1517  0.0427  0.3244  0.0153  0.1115  0.3101 0 
 42.2065  0.0056  1.9896  0.0512  0.3384  0.0152  0.3123  0.0046 -0.0003  0.1521 0 
 45.9693  0.7426 -1.1357  0.0729  0.4908  0.0851  0.3926  0.0565 -0.0003  0.4492 0 
 44.3427 -0.7569  1.9884  0.0605  0.3455  0.0222  0.4404  0.0923 -0.0003  0.3485 0 
 42.7985  0.7249  2.2458  0.1504  0.1518  0.0332  0.2667  0.0777  0.2366  0.8705 1 
 38.2025 -0.7370 -0.9176  0.6747  0.7042  0.0339  0.7335  0.4728  0.2938  0.9993 1 
 43.3295  0.6519 -1.9051  0.0064  0.2846  0.0145  0.3102  0.0118 -0.0003  0.0569 0 
 38.5473 -0.6486  1.2227  0.0004  0.4944  0.1816  0.5030  0.0215 -0.0003  0.2196 0 
 43.1952 -0.1925  1.9235  0.1164  0.5056  0.0587  0.2661  0.2457 -0.0003  0.8874 1 
 33.6492  0.1823 -1.2300  0.0473  0.6473  0.0233  0.3800  0.3432 -0.0003  0.7030 1 
 46.6346 -0.1928  0.8043  0.0000  0.2162  0.0018  0.0434  0.0020 -0.0003  0.0977 0 
 44.8829  0.2073 -2.3294  0.0061  0.1469  0.0273  0.3073  0.1256 -0.0003  0.0708 0 
 46.3722 -0.1479 -0.7282  0.0684  0.4432  0.0724  0.7399  0.1468 -0.0003  0.6829 1 
 44.5441  0.1812  2.4074  1.3169  0.5637  0.0597  0.3079  0.6214 -0.0003  0.9979 1 
 46.0975  0.3693  0.0028  0.0350  0.1033  0.0164  0.1744  0.0406 -0.0003  0.0460 0 
 41.9471 -0.3683 -3.0969  0.0505  0.5894  0.0226  0.1788  0.0184 -0.0003  0.2146 0 
 45.9693  0.1746 -1.9994  0.0027  0.3477  0.0486  0.3490  0.0193 -0.0003  0.1367 0 
 41.4374 -0.1883  1.1809  0.0312  0.3235  0.0313  0.4484  0.0267 -0.0003  0.2004 0 
 42.9633  0.5387  1.9708  0.0092  0.5094  0.0078  0.2221  0.0362 -0.0003  0.0902 0 
 41.1597 -0.5738 -1.1330  0.0344  0.2092  0.0330  0.4493  0.0640 -0.0003  0.1759 0 
 40.4761  0.2165 -0.1092  0.0182  0.6975  0.0408  0.4513  0.0757 -0.0003  0.2803 1 
 37.7569 -0.2212  3.0309  0.5512  0.3620  0.0428  0.4139  0.3729  0.1610  0.9969 1 
 44.7303  0.1053 -1.8352  0.0146  0.2621  0.0285  0.3515  0.0143 -0.0003  0.0934 0 
 35.8526 -0.0951  1.3011  0.0016  0.6173  0.0569  0.2333  0.0245 -0.0003  0.2635 0 
 50.4921 -0.0999  0.0818  0.0405  0.1943  0.1740  0.3832  0.0206 -0.0003  0.2021 0 
 46.0334  0.0828 -3.0350  0.0809  0.2720  0.0416  0.3053  0.0427  0.0982  0.5441 0 
 44.5838  0.0750  2.9328  0.0072  0.2386  0.0084  0.1319  0.0186 -0.0003  0.0655 0 
 36.3256 -0.0597 -0.2001  0.0022  0.2949  0.0291  0.1859  0.0023 -0.0003  0.1108 0 
 46.7384  0.2408  1.5237  0.0421  0.2907  0.0310  0.4778  0.0685 -0.0003  0.2701 0 
 38.9105 -0.2295 -1.5952  0.0557  0.5247  0.0310  0.4105  0.0574  0.2594  0.7929 0 
 50.1320 -0.2233  2.6492  0.0321  0.4926  0.0808  0.2559  0.0778 -0.0003  0.4084 0 
 44.0284  0.1999 -0.5372  0.0021  0.5388  0.1159  0.6177  0.0375 -0.0003  0.2205 0 
 52.7382 -0.1831  2.5910  0.0242  0.5883  0.1364  0.6738  0.0312 -0.0003  0.2834 0 
 41.4649  0.1689 -0.6105  0.0095  0.6355  0.0431  0.3138  0.0090 -0.0003  0.2219 0 
 48.4047 -0.7131  1.0169  0.0007  0.2189  0.0405  0.3444  0.0529 -0.0003  0.0732 0 
 41.0712  0.6971 -2.1620  0.0285  0.4314  0.0138  0.2697  0.0159  0.1486  0.3619 0 
 47.1809  0.4360  2.2105  0.0474  0.3298  0.1535  0.5633  0.0633 -0.0003  0.3595 0 
 44.0070 -0.4357 -0.9552  0.0136  0.5715  0.0213  0.3089  0.0150 -0.0003  0.1348 0 
 47.8950 -0.0483 -0.3375  0.0604  0.2107  0.0143  0.2590  0.0816  0.0966  0.3538 0 
 45.3895  0.0720  2.8202  0.0397  0.5537  0.0816  0.6128  0.0947 -0.0003  0.3875 0 
 44.2237  0.0777  2.2893  0.0522  0.0910  0.0385  0.3526  0.0290 -0.0003  0.0956 0 
 43.8117 -0.1047 -0.8672  0.0003  0.1621  0.0055  0.0883  0.0330 -0.0003  0.0510 0 
 53.1258  0.5171 -3.1295  0.0268  0.0450  0.1442  0.2522  0.0281 -0.0003  0.0504 0 
 29.9870 -0.4874 -0.0169  0.0750  0.1097  0.0194  0.1964  0.0474 -0.0003  0.0755 0 
 46.1250 -0.1626 -1.6996  0.1754  0.7149  0.0392  0.6538  0.2636 -0.0003  0.9613 1 
 32.5841  0.1871  1.4076  0.3655  0.3814  0.0305  0.1918  0.3721 -0.0003  0.9880 1 
 55.3841  0.0424 -1.5635  0.0129  0.5961  0.1288  0.4160  0.0067 -0.0003  0.2245 0 
 50.1564 -0.0374  1.5908  0.0106  0.2505  0.0588  0.6398  0.0129  0.1798  0.3157 0 
 56.4920  0.6994 -0.3936  0.1927  0.2642  0.1423  0.2070  0.2714  0.3889  0.9705 1 
 53.5653 -0.6590  2.7261  0.2607  0.2647  0.0713  0.2517  0.3968 -0.0003  0.9846 1 
 49.1066  0.6240 -0.6504  0.1230  0.4082  0.0562  0.4717  0.2501 -0.0003  0.8865 1 
 47.1626 -0.5999  2.4431  0.6206  0.1271  0.0512  0.3467  0.6744 -0.0003  0.9912 1 
 47.4281 -0.7297 -0.8939  0.0288  0.3261  0.1109  0.3895  0.0049 -0.0003  0.2085 0 
 45.0294  0.7271  2.2658  0.0072  0.0808  0.0636  0.1755  0.1226 -0.0003  0.1108 0 
 50.0374 -0.4064  0.3819  0.0339  0.8314  0.0706  0.4695  0.0203 -0.0003  0.3381 0 
 44.2390  0.4069 -2.8194  0.0525  0.5135  0.1006  0.4847  0.0573  0.4238  0.7904 0 
 47.9408  0.2286 -2.0534  0.0605  0.1913  0.0392  0.2157  0.1512 -0.0003  0.3378 1 
 40.0885 -0.2394  1.0894  0.0364  0.2474  0.0558  0.4072  0.1183 -0.0003  0.2976 1 
 44.8920 -0.1192  2.4722  0.0427  0.4322  0.0705  0.3073  0.1871 -0.0003  0.6112 0 
 42.4659  0.1090 -0.6586  0.0145  0.3991  0.0408  0.2673  0.0296 -0.0003  0.1665 0 
 52.5978 -0.1472  1.6617  0.0163  0.5366  0.0793  0.5479  0.0234 -0.0003  0.2221 0 
 39.1455  0.1609 -1.4727  0.0329  0.0570  0.0477  0.4098  0.0900  0.4455  0.7831 0 
 38.3429  0.5084 -2.8876  0.0568  0.4391  0.0145  0.3206  0.0360 -0.0003  0.1752 0 
 34.9218 -0.4980  0.2065  0.1291  0.2316  0.0444  0.2820  0.2737 -0.0003  0.7714 0 
 52.2713 -0.4984 -1.7335  0.0273  0.5985  0.1376  0.5065  0.0494 -0.0003  0.2852 0 
 43.6805  0.5011  1.4467  0.0010  0.4506  0.0385  0.3095  0.0164 -0.0003  0.1421 0 
 38.4161  0.7979  0.9200  0.1026  0.1456  0.0805  0.3662  0.0576 -0.0003  0.3450 0 
 37.8515 -0.7839 -2.1903  0.0250  0.0854  0.0299  0.1379  0.0327 -0.0003  0.0604 0 
 46.4790 -0.6213  2.0311  0.0075  0.3503  0.0423  0.3480  0.0151 -0.0003  0.1403 0 
 44.4343  0.5796 -1.1844  0.0098  0.4204  0.2843  0.5722  0.1166 -0.0003  0.3320 0 
 48.6275 -0.5307  2.1213  0.1432  0.5358  0.0344  0.2580  0.1872 -0.0003  0.8003 0 
 48.5634  0.5415 -1.0570  0.3019  0.1424  0.0712  0.6022  0.1755 -0.0003  0.9419 0 
 46.5980  0.7884  0.6703  0.0281  0.5357  0.1242  0.4347  0.1260 -0.0003  0.3641 1 
 42.2095 -0.7727 -2.5314  0.1552  0.2019  0.2383  0.6693  0.0871  1.0057  0.9783 1 
 48.7251 -0.7361  0.4351  0.0926  0.4185  0.0630  0.6016  0.2269 -0.0003  0.8201 1 
 39.4995  0.7615 -2.6324  0.2307  0.5639  0.0384  0.4088  0.2871 -0.0003  0.9648 1 
 41.1963  0.0458  2.8899  0.1134  0.3394  0.0607  0.1796  0.1772 -0.0003  0.7600 1 
 28.8060 -0.0718 -0.2416  0.2857  0.6898  0.0178  0.2485  0.1857  0.1895  0.9243 1 
 45.3040  0.6814 -0.5998  0.0543  0.0901  0.0143  0.0876  0.0098 -0.0003  0.0654 0 
 43.7201 -0.6921  2.5476  0.0262  0.5230  0.0588  0.2210  0.0242 -0.0003  0.3374 0 
 52.6070  0.3127 -0.8356  0.0249  0.0305  0.0305  0.6321  0.0704 -0.0003  0.1342 0 
 34.7021 -0.3040  2.3016  0.0127  0.2892  0.0060  0.1413  0.0158 -0.0003  0.0786 0 
 49.1981  0.6383 -0.9275  0.0310  0.2771  0.0718  0.3429  0.0290 -0.0003  0.2133 0 
 48.9326 -0.6520  2.2177  0.0146  0.3559  0.1981  0.3005  0.0142  0.3458  0.4537 0 
 55.4299 -0.7166 -1.5824  0.0457  0.1786  0.0564  0.2496  0.0499 -0.0003  0.1710 0 
 51.8196  0.7330  1.5295  0.0108  0.4747  0.0510  0.3807  0.0460 -0.0003  0.1925 0 
 49.5491 -0.4128  2.1632  0.0191  0.4399  0.0490  0.4707  0.0313 -0.0003  0.2193 1 
 26.8528  0.3900 -0.9669  0.1613  0.1659  0.0270  0.3045  0.2609 -0.0003  0.7240 1 
 42.1576 -0.6513 -2.9892  0.0302  0.5443  0.1355  0.4464  0.0364 -0.0003  0.2730 0 
 41.2604  0.6301  0.0882  0.0667  0.3930  0.1221  0.4040  0.0967 -0.0003  0.4463 0 
 47.7546  0.5377 -1.6771  0.0025  0.2536  0.0338  0.5183  0.0255 -0.0003  0.1196 0 
 47.4159 -0.5510  1.4708  0.0318  0.1871  0.0676  0.2596  0.0400 -0.0003  0.1576 0 
 47.4495  0.7526  0.5308  0.0500  0.4647  0.0209  0.3029  0.0671 -0.0003  0.2024 0 
 38.8128 -0.7334 -2.6590  0.0239  0.3645  0.0811  0.4564  0.0545  0.2158  0.4812 0 
 45.1606  0.6637  2.7623  0.0607  0.7529  0.0983  0.6575  0.0363 -0.0003  0.4155 0 
 38.9929 -0.6463 -0.3500  0.1297  0.6668  0.0350  0.3647  0.0566 -0.0003  0.7356 0 
 49.2653 -0.6542 -1.8233  0.0933  0.2208  0.0761  0.5142  0.0659 -0.0003  0.4716 0 
 45.4414  0.6436  1.3227  0.0075  0.4408  0.0154  0.2188  0.0829 -0.0003  0.1010 0 
 47.1412 -0.0981 -1.0601  0.0170  0.1858  0.0913  0.3034  0.0192 -0.0003  0.1251 0 
 44.2969  0.0143  2.1276  0.0314  0.3361  0.0416  0.2643  0.0368 -0.0003  0.1918 0 
 48.6030  0.3921  2.5772  0.0023  0.2226  0.0244  0.3440  0.1025 -0.0003  0.0670 0 
 46.8940 -0.3968 -0.5530  0.0044  0.1089  0.0443  0.2604  0.0283 -0.0003  0.0588 0 
 50.7637 -0.3023  1.4433  0.0651  0.1409  0.0655  0.2552  0.0497 -0.0003  0.1872 0 
 35.6054  0.2772 -1.6996  0.0311  0.1530  0.0432  0.2337  0.0580 -0.0003  0.0965 0 
 54.5571  0.5411  1.1331  0.0530  0.7412  0.1133  0.5011  0.0987  0.2250  0.7582 0 
 45.5970 -0.5315 -2.0718  0.0398  0.3264  0.0225  0.1312  0.1453 -0.0003  0.2229 0 
 53.9010 -0.0046  1.6823  0.0166  0.5791  0.0401  0.2932  0.0242 -0.0003  0.2220 0 
 47.2419  0.0110 -1.4598  0.0050  0.6334  0.0639  0.3465  0.0360 -0.0003  0.2082 0 
 37.6135 -0.0498  2.9546  0.1295  0.2512  0.0210  0.1842  0.1143 -0.0003  0.3742 0 
 34.6105  0.0781 -0.1875  0.0163  0.1177  0.0243  0.2827  0.0394 -0.0003  0.0461 0 
 46.1585 -0.7132  2.6198  0.0298  0.7248  0.0361  0.3922  0.1273 -0.0003  0.4231 0 
 45.7771  0.7080 -0.5142  0.0172  0.1868  0.0570  0.1747  0.0522 -0.0003  0.1322 0 
 46.4027 -0.4455 -2.7522  0.0420  0.2743  0.0254  0.2176  0.1522 -0.0003  0.2453 0 
 40.1495  0.4339  0.3767  0.1098  0.0483  0.0211  0.3618  0.1021 -0.0003  0.1473 0 
 49.1768 -0.4218  3.0021  0.1221  0.2993  0.0887  0.3430  0.1397 -0.0003  0.7218 1 
 45.3681  0.4082 -0.1311  0.1454  0.2345  0.0188  0.1751  0.1182 -0.0003  0.3849 1 
 43.9857  0.7701 -1.0662  0.0161  0.7733  0.0331  0.3089  0.3637 -0.0003  0.6375 0 
 37.8210 -0.7652  2.0192  0.0007  0.6109  0.0297  0.2758  0.0147 -0.0003  0.1489 0 
 51.4321  0.2046  0.0623  0.0239  0.6606  0.0269  0.1695  0.0931 -0.0003  0.1990 0 
 46.9581 -0.1984 -3.0773  0.0165  0.0199  0.0173  0.2169  0.0078 -0.0003  0.0440 0 
 47.7943  0.7711  2.6340  0.0628  0.4370  0.0171  0.2159  0.0067 -0.0003  0.1936 0 
 41.5106 -0.7617 -0.4680  0.0315  0.1332  0.0428  0.3138  0.0228 -0.0003  0.0896 0 
 48.7221 -0.1957 -2.5707  0.0869  0.1470  0.0687  0.3438  0.1400 -0.0003  0.4264 0 
 43.2166  0.1924  0.5357  0.0508  0.1159  0.0313  0.3991  0.1706 -0.0003  0.2227 0 
 43.7507 -0.5853 -0.1162  0.0296  0.3252  0.0257  0.2652  0.0228 -0.0003  0.1226 0 
 41.9532  0.5680  3.0175  0.0236  0.2654  0.0468  0.5363  0.0306 -0.0003  0.2119 0 
 46.6224 -0.6904 -0.9798  0.0042  0.2035  0.0227  0.2608  0.0225 -0.0003  0.0490 0 
 43.2105  0.6847  2.1895  0.0034  0.6742  0.0204  0.3991  0.0373 -0.0003  0.1173 0 
 53.4401 -0.6881 -0.2486  0.0086  0.4194  0.0965  0.4617  0.0162 -0.0003  0.1803 0 
 40.1953  0.6782  2.8643  0.0808  0.4569  0.0127  0.1809  0.1746  0.1689  0.6765 0 
 48.6336  0.0676  0.3617  0.2361  0.2400  0.1078  0.5589  0.1830 -0.0003  0.9259 1 
 34.7265 -0.0192 -2.8027  0.0100  0.3505  0.0178  0.0942  0.0319  0.2071  0.5305 1 
 44.8432 -0.7930 -1.1669  0.0354  0.2343  0.0381  0.3074  0.0048 -0.0003  0.1515 0 
 43.4058  0.7926  2.0289  0.0477  0.0466  0.0201  0.1329  0.0123 -0.0003  0.0560 0 
 49.9428  0.0339 -0.7245  0.0068  0.6285  0.0494  0.1708  0.0108 -0.0003  0.3240 0 
 41.5869 -0.0474  2.4216  0.0139  0.6140  0.0111  0.2688  0.0098 -0.0003  0.1120 0 
 36.8963 -0.5214 -2.5692  0.0050  0.4919  0.0842  0.4629  0.1335 -0.0003  0.2638 0 
 34.3053  0.5000  0.5544  0.1456  0.2536  0.0043  0.0945  0.0585 -0.0003  0.2064 0 
 46.2165  0.1387 -2.7774  0.0484  0.4734  0.1768  0.5664  0.0150  0.5683  0.6823 0 
 38.8098 -0.1172  0.3552  0.0465  0.3212  0.0321  0.1826  0.0236 -0.0003  0.2012 0 
 51.6854 -0.7433  2.6052  0.0463  0.3468  0.0352  0.2963  0.1196 -0.0003  0.3095 0 
 39.8016  0.7403 -0.5378  0.0288  0.0414  0.0561  0.2720  0.0118 -0.0003  0.0751 0 
 48.3986  0.2138  1.5269  0.0173  0.1783  0.0667  0.2152  0.0078 -0.0003  0.1324 0 
 47.8767 -0.2043 -1.5989  0.0268  0.5780  0.0488  0.5180  0.0124 -0.0003  0.2521 0 
 50.9285  0.7334 -2.2941  0.0008  0.4292  0.1516  0.2974  0.0207 -0.0003  0.1981 0 
 41.0315 -0.7497  0.8383  0.0260  0.0785  0.0165  0.0899  0.0643 -0.0003  0.0565 0 
 53.8735  0.7551 -2.0953  0.0462  0.5787  0.1320  0.5027  0.2163 -0.0003  0.6551 1 
 32.5963 -0.7222  1.0099  0.0744  0.5701  0.0474  0.3355  0.0278  0.2944  0.8848 1 
 47.4617  0.0100 -2.7620  0.0222  0.8962  0.0518  0.3894  0.0753 -0.0003  0.3709 0 
 45.7740 -0.0043  0.3397  0.1307  0.2395  0.0544  0.6551  0.1185 -0.0003  0.7685 0 
 42.9633 -0.5624  1.2763  0.1731  0.2530  0.1042  0.1777  0.2276  0.4518  0.9817 1 
 28.9921  0.4818 -1.8864  0.5296  0.3551  0.0510  0.2480  0.2491  0.4532  0.9987 1 
 47.8737  0.0813 -0.5113  0.0383  0.4296  0.0346  0.2590  0.0172 -0.0003  0.2341 0 
 46.6804 -0.0926  2.6237  0.0131 -1.0000  0.0023  0.0869  0.0082 -0.0003  0.1722 0 
 49.0303  0.1900  2.7236  0.0052  0.4212  0.1689  0.5149  0.1340 -0.0003  0.2929 0 
 44.5380 -0.2148 -0.3682  0.0371  0.4158  0.0823  0.4399  0.0375 -0.0003  0.2810 0 
 58.0209  0.0128  1.5715  0.0439  0.0424  0.0163  0.3290  0.1209 -0.0003  0.0768 0 
 42.7070 -0.0194 -1.5871  0.1147  0.1984  0.1247  0.4448  0.1464 -0.0003  0.6742 0 
 46.9245 -0.7310 -1.7073  0.5803  0.1778  0.0945  0.4773  0.2984 -0.0003  0.9820 1 
 40.7813  0.7223  1.4410  0.0648  0.3716  0.0504  0.4053  0.0351 -0.0003  0.3893 1 
 44.2298  0.4800 -2.2049  0.3077  0.5205  0.0283  0.2644  0.5065 -0.0003  0.9934 1 
 39.6429 -0.4562  0.9551  0.1946  0.7121  0.0600  0.4084  0.6002 -0.0003  0.9956 1 
 51.8715  0.7080 -1.8304  0.0356  0.3568  0.0917  0.4229  0.0248 -0.0003  0.2522 0 
 41.8616 -0.6991  1.3716  0.0099  0.6599  0.0529  0.3577  0.1314 -0.0003  0.3711 0 
 50.7393  0.3193 -2.6102  0.1555  0.5446  0.0831  0.2552  0.2502 -0.0003  0.9521 1 
 40.5249 -0.2925  0.5031  0.1599  0.2156  0.0622  0.3158  0.2285  0.5047  0.9975 1 
 37.0367  0.7006  2.7787  0.0576  0.2516  0.0080  0.2312  0.0235 -0.0003  0.0906 1 
 20.7065 -0.7004 -0.3092  0.2412  0.4508  0.0271  0.4408  0.2370 -0.0003  0.9201 1 
 47.4220  0.6655  1.9783  0.0060  0.2871  0.0608  0.4760  0.0956 -0.0003  0.1808 0 
 44.8249 -0.6863 -1.2404  0.0262  0.7825  0.0456  0.3513  0.0731 -0.0003  0.3518 0 
 36.6278 -0.5870  0.2487  0.0926  0.2048  0.0206  0.4174  0.2069  0.1780  0.8201 1 
 33.6950  0.5492 -2.9537  0.2885  0.3542  0.0336  0.2849  0.2308 -0.0003  0.9185 1 
 49.0517  0.5052 -1.5523  0.0087  0.2554  0.1134  0.5577  0.2360 -0.0003  0.3540 0 
 47.5929 -0.5101  1.5920  0.0085  0.0865  0.0383  0.2162  0.0106 -0.0003  0.0602 0 
 48.7892 -0.7529  0.9756  0.0448  0.2066  0.0670  0.2578  0.0266 -0.0003  0.2064 0 
 48.0323  0.7458 -2.1397  0.0221  0.3933  0.0078  0.2157  0.0053  0.0151  0.1021 0 
 45.3864 -0.7936  0.8464  0.1206  0.4864  0.0791  0.4377  0.2032  0.0312  0.8919 0 
 41.1383  0.7981 -2.2564  0.0638  0.2141  0.0341  0.2696  0.0992 -0.0003  0.2435 0 
 46.0670  0.2420 -1.5334  0.0114  0.1159  0.0898  0.3488  0.2009 -0.0003  0.1821 0 
 40.7263 -0.2007  1.6143  0.0407  0.3079  0.0432  0.3604  0.0287  0.0761  0.3637 0 
 50.3273 -0.3407 -0.4148  0.0259  0.1108  0.0276  0.2983  0.0120 -0.0003  0.0592 0 
 46.5858  0.3392  2.7159  0.0855  0.2538  0.0450  0.3913  0.0897 -0.0003  0.4363 0 
 47.2358  0.1058 -0.6667  0.0463  0.2036  0.0553  0.2166  0.2227 -0.0003  0.4667 0 
 47.1473 -0.1038  2.4478  0.0309  0.2934  0.0092  0.2601  0.0345 -0.0003  0.0721 0 
 46.7872  0.4725  2.4451  0.0154  0.3952  0.0161  0.2606  0.0668 -0.0003  0.0914 0 
 46.7262 -0.4702 -0.7107  0.0700  0.4707  0.0613  0.3475  0.0709 -0.0003  0.5178 0 
 45.9205 -0.0482  2.7552  0.0261  0.4979  0.0295  0.3927  0.0445 -0.0003  0.2060 0 
 44.6082  0.0118 -0.3868  0.0906  0.2892  0.0372  0.5277  0.0808  0.0967  0.6655 0 
 49.3416 -0.1520  1.6765  0.0914  0.0418  0.1559  0.2998  0.0639 -0.0003  0.1082 0 
 44.7639  0.2016 -1.5157  0.0038  0.6694  0.0398  0.5272  0.0284 -0.0003  0.1845 0 
 47.2175 -0.3377  2.5459  0.0240  0.4997  0.0587  0.3899  0.0272  0.1071  0.3984 0 
 41.1048  0.3617 -0.5512  0.0159  0.6149  0.0616  0.5842  0.0251 -0.0003  0.2336 0 
 44.3061 -0.2133  1.9781  0.0115  0.5779  0.1066  0.5727  0.0230 -0.0003  0.2309 0 
 42.4048  0.2369 -1.1257  0.1904  0.4319  0.0869  0.2674  0.2621  0.1263  0.9560 0 
 51.1849  0.7212  0.9344  0.0200  0.5588  0.0394  0.2970  0.0218 -0.0003  0.2285 0 
 43.5492 -0.7292 -2.1942  0.0266  0.5412  0.1967  0.4425  0.0060 -0.0003  0.2512 0 
 55.7961  0.1810  2.6195  0.2843  0.3928  0.1599  0.2492  0.0888 -0.0003  0.9128 1 
 51.1208 -0.2013 -0.5675  0.0796  0.4717  0.0804  0.7216  0.0561 -0.0003  0.5376 1 
 45.4841 -0.1384  2.8594  0.0939  0.6165  0.0518  0.4812  0.2535 -0.0003  0.8850 1 
 40.6989  0.1588 -0.3089  0.2305  0.5206  0.0318  0.3605  0.2553 -0.0003  0.9347 1 
 46.2623 -0.6237 -0.8772  0.0326  0.2260  0.0324  0.2613  0.0652 -0.0003  0.1145 0 
 40.2655  0.6167  2.2180  0.0788  0.1508  0.2463  0.4067  0.0285 -0.0003  0.3158 0 
 53.6751  0.0633  0.7328  0.0229  0.2077  0.0617  0.3355  0.0991 -0.0003  0.1839 1 
 45.8320 -0.0351 -2.3490  0.0921  0.4564  0.1718  0.6549  0.3028 -0.0003  0.9366 1 
 49.1157 -0.7707 -1.5379  0.1006  0.2111  0.0910  0.3431  0.0943 -0.0003  0.4951 0 
 44.5472  0.7697  1.5488  0.0397  0.3391  0.0158  0.1760  0.1407 -0.0003  0.1821 0 
 49.2744  0.5596  1.0560  0.2731  0.6483  0.0225  0.1714  0.0895 -0.0003  0.7943 0 
 45.0538 -0.5914 -2.0537  0.0797  0.3470  0.1073  0.2631  0.0735 -0.0003  0.5237 0 
 47.4128 -0.7312  2.5574  0.0525  0.7344  0.0120  0.2164  0.0904 -0.0003  0.2515 0 
 43.7964  0.7146 -0.5880  0.0018  0.2305  0.0392  0.5302  0.0098 -0.0003  0.1233 0 
 46.1707 -0.5679  0.8428  0.0129  0.2973  0.0284  0.4793  0.1318  0.1967  0.5057 0 
 30.2129  0.5796 -2.2571  0.2565  0.2808  0.0404  0.2940  0.2173  0.0710  0.9168 0 
 39.7436  0.1411 -0.7511  0.0635  0.2393  0.0588  0.3628  0.1675 -0.0003  0.4890 0 
 31.1833 -0.1493  2.3427  0.0374  0.4308  0.0505  0.5340  0.0735 -0.0003  0.3578 0 
 45.5879  0.5559  1.5217  0.3454  0.4663  0.0506  0.3498  0.2553 -0.0003  0.9769 1 
 25.9220 -0.6005 -1.6371  0.0000  0.2637  0.0404  0.1539  0.1016  0.3584  0.8580 1 
 50.9987 -0.1192  3.0332  0.1073  0.2925  0.0851  0.4672  0.0516  0.1328  0.6898 0 
 50.7424  0.1320 -0.1331  0.1153  0.4784  0.0508  0.2977  0.1846  0.1110  0.8576 0 
 45.2827 -0.1998  3.1111  0.0231  0.1964  0.1055  0.7008  0.1885 -0.0003  0.4465 0 
 37.0611  0.1554 -0.0183  0.0024  0.2273  0.1020  0.5547  0.0191 -0.0003  0.1444 0 
 52.4269  0.7907  2.5214  0.0064  0.5830  0.1651  0.5483  0.1618 -0.0003  0.3582 0 
 49.7780 -0.7903 -0.5746  0.0463  0.7070  0.0147  0.3846  0.0140 -0.0003  0.2453 0 
 45.5390  0.3655  0.1052  0.0090  0.1279  0.0215  0.3936  0.0424 -0.0003  0.0521 0 
 43.3692 -0.3890 -3.0252  0.0177  0.3642  0.0673  0.3987  0.1415 -0.0003  0.3168 0 
 42.5086  0.4902 -2.9349  0.0760  0.5651  0.0255  0.3563  0.0253 -0.0003  0.4254 0 
 36.0174 -0.4354  0.1814  0.0297  0.2193  0.0476  0.3728  0.0364 -0.0003  0.1534 0 
 45.0202  0.1001  2.6106  0.0053  0.2536  0.0187  0.3071  0.1253 -0.0003  0.0796 0 
 44.5197 -0.0653 -0.5259  0.0041  0.1275  0.0082  0.3079  0.1160 -0.0003  0.0430 0 
 51.7128 -0.1126  2.1299  0.0178  0.1733  0.0568  0.2963  0.0213 -0.0003  0.1057 0 
 46.2623  0.1089 -0.9965  0.0170  0.4339  0.0844  0.3484  0.0201 -0.0003  0.2062 0 
 49.5460 -0.1638  1.4134  0.0228  0.1060  0.0446  0.2995  0.0318 -0.0003  0.0720 0 
 43.2013  0.1817 -1.7396  0.0979  0.4818  0.2571  0.2661  0.0262 -0.0003  0.4816 0 
 49.6162 -0.2427  1.2103  0.0026  0.5490  0.0353  0.0856  0.0135 -0.0003  0.2653 0 
 47.2297  0.2419 -1.9425  0.0003  0.4372  0.1578  0.5198  0.0502 -0.0003  0.2146 0 
 48.4932 -0.6892  0.8781  0.0119  0.5276  0.1387  0.6023  0.0383  0.0252  0.2611 0 
 30.3319  0.6507 -2.2789  0.0093  0.3840  0.0076  0.0979  0.0036 -0.0003  0.1265 0 
 62.6383 -0.5693 -2.1184  0.0054  0.2430  0.0391  0.2825  0.0513 -0.0003  0.0795 0 
 51.3161  0.5437  1.0240  0.0022  0.3468  0.0863  0.3393  0.0485 -0.0003  0.1612 0 
 43.6927  0.4982  0.2054  0.0709  0.0965  0.0292  0.2211  0.0948 -0.0003  0.1161 0 
 34.7967 -0.4549 -2.9629  0.0695  0.2309  0.0654  0.1882  0.0593 -0.0003  0.3619 0 
 47.9347  0.7495  0.5783  0.0106  0.1313  0.0170  0.1295  0.0593 -0.0003  0.0506 0 
 40.1617 -0.7177 -2.5615  0.0368  0.2614  0.0599  0.4522  0.0512 -0.0003  0.2512 0 
 48.0537  0.3253  1.9133  0.0059  0.3740  0.0457  0.3881  0.1819 -0.0003  0.2973 0 
 44.1321 -0.3021 -1.2265  0.0219  0.0900  0.0295  0.1323  0.0093 -0.0003  0.0674 0 
 46.9459 -0.4276  2.2668  0.0709  0.2410  0.0245  0.3905  0.1907 -0.0003  0.4324 1 
 43.0762  0.3936 -0.9236  0.5267  0.3475  0.1435  0.6213  0.7159  0.5164  0.9999 1 
 47.4891 -0.1068 -2.5857  0.1259  0.3511  0.0626  0.6921  0.1223 -0.0003  0.8056 0 
 36.4385  0.1003  0.5205  0.0573  0.2803  0.0842  0.3716  0.0401 -0.0003  0.3200 0 
 37.3510  0.7096 -3.1207  0.0244  0.3016  0.0424  0.4152  0.2010  0.2667  0.7421 1 
 28.3482 -0.6444  0.0470  0.0145  0.5500  0.0517  0.2996  0.0197  0.0548  0.3143 1 
 46.9245  0.5766  2.8337  0.8267  0.5216  0.0710  0.6075  0.8668 -0.0003  0.9983 1 
 44.6143 -0.5253 -0.3038  0.0100  0.7396  0.1027  0.7035  0.0687 -0.0003  0.3097 1 
 36.8566 -0.2837  1.0916  0.0425  0.4002  0.0492  0.2778  0.0833 -0.0003  0.3473 0 
 34.5953  0.3196 -2.0151  0.0026  0.0729  0.0262  0.3299  0.1089 -0.0003  0.0552 0 
 53.8216  0.2164  0.6497  0.0062  0.4552  0.0482  0.3771  0.0407 -0.0003  0.1667 0 
 40.6439 -0.2217 -2.5070  0.0202  0.4609  0.0180  0.3155  0.0678  0.0896  0.2651 0 
 47.9835  0.0117  1.2221  0.1133  0.6092  0.0590  0.2589  0.1131 -0.0003  0.8135 0 
 34.8333 -0.0259 -1.9133  0.0340  0.2187  0.0331  0.2822  0.0156  0.2364  0.5776 0 
 42.2858 -0.4253  0.9384  0.1217  0.2995  0.0874  0.4906  0.1168 -0.0003  0.6791 0 
 39.5758  0.3863 -2.2243  0.0108  0.1645  0.0579  0.2270  0.0075 -0.0003  0.1031 0 
 46.6835  0.6017 -2.1913  0.0096  0.3203  0.0662  0.3911  0.0056 -0.0003  0.1666 0 
 37.9950 -0.6163  0.9569  0.0185  0.3479  0.0228  0.3214  0.0167 -0.0003  0.1046 0 
 46.9825 -0.0978  2.4622  0.0737  0.2873  0.0222  0.3904  0.0751 -0.0003  0.2973 0 
 45.2888  0.0933 -0.6709  0.0287  0.1076  0.0333  0.3504  0.0491 -0.0003  0.0736 0 
 44.8585  0.6272 -0.5008  0.0219  0.7419  0.0208  0.3951  0.0510 -0.0003  0.1833 0 
 41.1414 -0.6030  2.7193  0.0439  0.3445  0.2232  0.3594  0.0223 -0.0003  0.2878 0 
 45.9815  0.6559 -2.2761  0.0066  0.5173  0.0331  0.4798  0.0616 -0.0003  0.1759 1 
 35.0317 -0.6336  0.9614  0.0498  0.6681  0.0801  0.7044  0.0329  0.1275  0.5881 1 
 35.5901 -0.6954  1.8684  0.0768  0.4329  0.0178  0.1403  0.0009 -0.0003  0.2326 0 
 35.4559  0.7041 -1.2677  0.0287  0.3133  0.0646  0.2808  0.0958 -0.0003  0.2972 0 
 34.4549 -0.1228  1.6013  0.2137  0.5064  0.1078  0.4718  0.2349  0.7875  0.9996 1 
 27.6829  0.1717 -1.5622  0.1697  0.6568  0.0176  0.1509  0.2755  0.1630  0.8872 1 
 46.6407  0.1685  2.0638  0.0856  0.1945  0.0256  0.4346  0.2654 -0.0003  0.5608 0 
 42.1180 -0.1939 -1.0886  0.0104  0.4337  0.0317  0.3572  0.0389 -0.0003  0.1313 0 
 47.0649 -0.0948 -2.3146  0.0905  0.7300  0.0771  0.6938  0.0256 -0.0003  0.5228 1 
 46.5370  0.1106  0.8243  0.4917  0.7473  0.0818  0.3044  0.4602  0.1584  0.9978 1 
 49.2195 -0.4724  0.5922  0.3550  0.1752  0.1769  0.3858  0.3129 -0.0003  0.9936 1 
 48.9662  0.4635 -2.5490  0.4641  0.8865  0.0191  0.6009  0.9665  0.0735  0.9986 1 
 45.6886 -0.6568 -1.9692  0.0384  0.3009  0.0578  0.3059  0.0429 -0.0003  0.2476 0 
 41.7182  0.6430  1.1739  0.0468  0.3371  0.0584  0.4924  0.0893 -0.0003  0.3913 0 
 40.8667 -0.3138  1.9455  0.5709  0.5690  0.0226  0.4501  0.4589 -0.0003  0.9966 1 
 36.4721  0.3139 -1.1295  0.0195  0.5873  0.0612  0.4643  0.1048  0.5459  0.9890 1 
 47.1626 -0.6985  0.6453  0.0717  0.0468  0.2085  0.1734  0.1634 -0.0003  0.2667 0 
 45.6886  0.7015 -2.4932  0.0669  0.1129  0.0172  0.2185  0.0526 -0.0003  0.0673 0 
 47.7180 -0.3879 -2.9009  0.0013  0.1650  0.0694  0.3024  0.0410 -0.0003  0.0861 0 
 42.9938  0.4018  0.2661  0.0089  0.5659  0.0287  0.2664  0.0522 -0.0003  0.1371 0 
 48.7343  0.2723  0.7797  0.0910  0.4839  0.0095  0.1719  0.0213 -0.0003  0.2054 0 
 47.1046 -0.2717 -2.3600  0.0204  0.2855  0.0360  0.3902  0.0134 -0.0003  0.1440 0 
 56.1257 -0.0972 -1.6034  0.0013  0.1462  0.0681  0.1659  0.0386 -0.0003  0.1000 0 
 45.2888  0.1337  1.5017  0.0897  0.1456  0.1613  0.4379  0.1346 -0.0003  0.5065 0 
 47.8462 -0.5997 -0.9687  0.0005  0.4014  0.0687  0.3886  0.1324 -0.0003  0.2305 0 
 44.5533  0.6189  2.1752  0.0356  0.5445  0.0514  0.4399  0.0224 -0.0003  0.2922 0 
 46.1921  0.0874 -2.1799  0.0031  0.0984  0.0435  0.2179  0.0141 -0.0003  0.0625 0 
 45.8961 -0.0901  0.9657  0.0551  0.4227  0.0273  0.2182  0.0501 -0.0003  0.2155 0 
 44.3061  0.6717 -0.4778  0.0258  0.2758  0.0230  0.3084  0.0322 -0.0003  0.0910 0 
 41.2879 -0.6977  2.6550  0.0008  0.2304  0.0395  0.2244  0.0443  0.2135  0.4333 0 
 40.2808  0.6790  0.4576  0.0228  0.2928  0.0223  0.3615  0.1640 -0.0003  0.2010 0 
 39.2645 -0.6963 -2.6462  0.1486  0.6610  0.0664  0.5005  0.0732 -0.0003  0.7945 0 
 49.8451  0.0973 -0.2680  0.2822  0.2290  0.3387  0.5127  0.2191 -0.0003  0.9774 1 
 38.1506 -0.1007  2.9273  0.0857  0.3880  0.0560  0.5045  0.3758 -0.0003  0.8944 1 
 45.2827 -0.2234  0.6754  0.0545  0.5265  0.0717  0.5256  0.0576 -0.0003  0.3879 1 
 41.4343  0.1660 -2.4902  0.3406  0.5187  0.0407  0.4933  0.1807 -0.0003  0.9265 1 
 48.3284 -0.4114  1.8133  0.0031  0.1395  0.0817  0.3876  0.0284 -0.0003  0.0825 0 
 47.4403  0.4178 -1.3221  0.0753  0.4921  0.0245  0.3894  0.1174 -0.0003  0.5010 0 
 52.6925  0.1258 -1.0205  0.0129  0.2742  0.0367  0.2106  0.0190 -0.0003  0.1157 0 
 33.3806 -0.1260  2.1249  0.0100  0.3719  0.0090  0.1904  0.0814 -0.0003  0.0908 0 
 45.7160 -0.2092  3.0267  0.1340  0.1295  0.0099  0.1748  0.1268 -0.0003  0.2259 0 
 42.6093  0.1952 -0.1358  0.0260  0.3057  0.1173  0.4006  0.0214 -0.0003  0.2052 0 
 52.8450 -0.0421  2.9584  0.1219  0.7088  0.0393  0.2105  0.0121 -0.0003  0.7426 0 
 45.1423 -0.0517 -0.1870  0.0569  0.1059  0.0290  0.2192  0.0607 -0.0003  0.0791 0 
 49.9641 -0.6046  1.1209  0.0081  0.4011  0.1397  0.5978  0.0242 -0.0003  0.2208 0 
 47.4434  0.6304 -2.0953  0.0222  0.4437  0.0100  0.2163  0.0429 -0.0003  0.0981 0 
 45.7710  0.7863  0.2191  0.4891  0.4475  0.0618  0.3057  0.3519  0.1851  0.9967 1 
 39.0661 -0.7789 -2.8883  0.0842  0.1284  0.0958  0.5012  0.3365 -0.0003  0.7555 1 
 46.0304  0.0666 -3.0186  0.0287  0.0879  0.0343  0.4797  0.0203 -0.0003  0.0997 0 
 44.0131 -0.0845  0.1530  0.0305  0.2683  0.0056  0.2206  0.0096 -0.0003  0.0684 0 
 34.9523  0.7356  0.9222  0.0239  0.7211  0.0085  0.2349  0.0649  0.0679  0.1978 1 
 31.7357 -0.7051 -2.1040  0.2387  0.1772  0.0836  0.3381  0.2924 -0.0003  0.9573 1 
 43.1006 -0.0209 -0.2097  0.0260  0.1540  0.0939  0.2662  0.0275 -0.0003  0.1225 0 
 35.6115  0.0103  2.9444  0.0247  0.7544  0.0162  0.1870  0.0206 -0.0003  0.1558 0 
 44.7120  0.2287 -1.2904  0.0598  0.5124  0.0233  0.2197  0.0539 -0.0003  0.2274 0 
 38.9593 -0.2288  1.8312  0.0070  0.3001  0.0306  0.5016  0.0316 -0.0003  0.1333 0 
 55.1797 -0.6184 -2.5779  0.1770  0.0554  0.0196  0.2915  0.1433 -0.0003  0.3562 0 
 38.1689  0.6152  0.5663  0.1636  0.6413  0.0108  0.2751  0.3609 -0.0003  0.8392 0 
 48.5695  0.6963 -0.4822  0.0248  0.4364  0.0360  0.0860  0.0051 -0.0003  0.3043 0 
 39.2645 -0.7111  2.6100  0.0030  0.5691  0.1003  0.2730  0.0432 -0.0003  0.2286 0 
 49.0608  0.6251 -1.0657  0.0126  0.3115  0.0718  0.3861  0.0447 -0.0003  0.1737 0 
 43.3143 -0.6193  2.0486  0.0535  0.4731  0.0551  0.1329  0.0410 -0.0003  0.4577 0 
 47.0710 -0.7494 -0.0743  0.0016  0.5586  0.0609  0.3469  0.0605 -0.0003  0.1968 0 
 34.9126  0.7606  3.0443  0.0082  0.3560  0.0192  0.2350  0.0170 -0.0003  0.0847 0 
 46.5492 -0.3500 -1.3522  0.0160  0.3452  0.1188  0.5218  0.0200 -0.0003  0.2084 0 
 45.0233  0.3546  1.7768  0.0137  0.1983  0.1089  0.4386  0.0096 -0.0003  0.1329 0 
 40.9735  0.1740  2.1996  0.3722  0.3774  0.0921  0.4498  0.2617 -0.0003  0.9914 0 
 39.1699 -0.1778 -0.9061  0.0680  0.7531  0.0342  0.1821  0.0930  0.2761  0.7888 0 
 58.7472  0.1891  0.0507  0.0257  0.0519  0.4873  0.2460  0.0040 -0.0003  0.0669 0 
 33.5760 -0.1777 -3.1148  0.0059  0.0813  0.0215  0.1426 -0.0200 -0.0003  0.0730 0 
 49.0883  0.3046  0.2896  0.0005  0.1901  0.0373  0.4289  0.2359 -0.0003  0.2125 0 
 46.1311 -0.2801 -2.8523  0.0207  0.2375  0.0400  0.3487  0.0054 -0.0003  0.1287 0 
 51.1604  0.3904  2.4294  0.0551  0.2357  0.1364  0.4244  0.1102 -0.0003  0.3976 0 
 36.5362 -0.4076 -0.7348  0.0100  0.0545  0.0059  0.0928  0.0023 -0.0003  0.0498 0 
 45.3895  0.0930 -2.7537  0.7591  0.3932  0.0441  0.3940  0.8277 -0.0003  0.9982 1 
 39.7436 -0.0920  0.4062  0.0454  0.2484  0.0604  0.3175  0.1083 -0.0003  0.3233 1 
 46.7384  0.4547 -1.6184  0.1263  0.2194  0.0308  0.3475  0.1356 -0.0003  0.5538 0 
 45.6245 -0.4398  1.4885  0.1373  0.3909  0.0740  0.2623  0.1614 -0.0003  0.8357 0 
 45.6947  0.3458 -0.7629  0.6304  0.6818  0.0244  0.4807  0.7325 -0.0003  0.9983 1 
 32.3613 -0.3352  2.3872  0.3565  0.5871  0.0441  0.4323  0.3897  0.0928  0.9938 1 
 47.6112 -0.7177 -0.8319  0.0505  0.1754  0.0568  0.5187  0.0318 -0.0003  0.2529 1 
 44.0314  0.7261  2.3228  0.1563  0.5540  0.0427  0.5736  0.2275  0.2454  0.9770 1 
 52.1523 -0.0035 -0.9379  0.0045  0.3717  0.1974  0.5913  0.0253 -0.0003  0.2298 0 
 46.9123 -0.0104  2.2241  0.0621  0.0598  0.0298  0.2604  0.0504 -0.0003  0.0672 0 
 47.0405  0.6618 -1.2782  0.0061  0.2180  0.0115  0.3035  0.1494 -0.0003  0.0769 0 
 45.2155 -0.6657  1.8615  0.1263  0.2181  0.0074  0.2629  0.1540 -0.0003  0.3077 0 
 49.9458  0.1466  2.5839  0.0141  0.3647  0.0325  0.3416  0.1417 -0.0003  0.2059 0 
 42.5788 -0.1401 -0.5498  0.0014  0.2324  0.0407  0.4897  0.0302 -0.0003  0.1110 0 
 47.6967  0.4606  1.4035  0.0005  0.3617  0.0634  0.3889  0.1060 -0.0003  0.1828 0 
 46.3172 -0.4539 -1.7469  0.0035  0.2680  0.0264  0.3483  0.0175 -0.0003  0.0706 0 
 47.1809 -0.4613 -0.9091  0.0338  0.4411  0.0313  0.3033  0.0313  0.1259  0.4552 0 
 43.7568  0.4586  2.2374  0.0027  0.0278  0.0120  0.2210  0.0822 -0.0003  0.0386 0 
 46.9917  0.6205 -0.3176  0.0705  0.1752  0.0989  0.3036  0.0209 -0.0003  0.2507 0 
 38.4558 -0.6039  2.8462  0.0432  0.4733  0.0103  0.2288  0.0204  0.1478  0.3775 0 
 49.5583  0.1259 -1.2456  0.0557  0.3646  0.0439  0.2567  0.0543 -0.0003  0.3177 0 
 41.0559 -0.0884  1.9094  0.0707  0.4101  0.0908  0.4046  0.1259 -0.0003  0.5553 0 
 51.1696 -0.6003 -1.7975  0.0192  0.2840  0.0326  0.3395  0.0334 -0.0003  0.1110 0 
 48.0415  0.5992  1.3205  0.0642  0.4445  0.0159  0.3450  0.0373 -0.0003  0.2245 0 
 50.2174 -0.7437  0.6396  0.0151  0.1547  0.0503  0.1706  0.0117 -0.0003  0.1025 0 
 44.7486  0.7513 -2.5060  0.0031  0.3082  0.0220  0.2197  0.0584 -0.0003  0.0715 0 
 49.6468 -0.1482  1.5407  0.0029  0.2296  0.0396  0.4276  0.0057 -0.0003  0.1033 0 
 49.0120  0.1459 -1.6092  0.1471  0.3899  0.0617  0.4720  0.1186  0.1559  0.8839 0 
 43.4791 -0.7385  1.9612  0.0644  0.2201  0.0133  0.2213  0.1674 -0.0003  0.2325 0 
 36.7315  0.7398 -1.1699  0.0744  0.6111  0.0456  0.2317  0.0102 -0.0003  0.5375 0 
 49.3782 -0.0876 -0.9866  0.0459  0.1126  0.0977  0.5139  0.1724 -0.0003  0.3308 0 
 48.6580  0.0718  2.1736  0.0135  0.7140  0.0402  0.3869  0.0944 -0.0003  0.2739 0 
 45.9327 -0.4938 -0.7121  0.0778  0.1819  0.0220  0.3055  0.0678 -0.0003  0.1708 0 
 41.3306  0.4890  2.4310  0.1064  0.3808  0.0323  0.4038  0.0986 -0.0003  0.5861 0 
 44.9531 -0.0596 -2.4749  0.0671  0.4168  0.0956  0.4827  0.0704 -0.0003  0.4237 0 
 42.8962  0.0504  0.6861  0.0276  0.3670  0.0691  0.3110  0.0605 -0.0003  0.2719 0 
 54.7250  0.3833  2.3079  0.0094  0.1457  0.0338  0.2086  0.0902 -0.0003  0.0676 0 
 44.4984 -0.3788 -0.8507  0.0226  0.5680  0.1191  0.5280  0.1069 -0.0003  0.3238 0 
 54.4228 -0.4745  0.3013  0.0341  0.4999  0.0645  0.2089  0.0737 -0.0003  0.4375 0 
 41.3581  0.4677 -2.8481  0.0248  0.0634  0.0343  0.1794  0.0175 -0.0003  0.0608 0 
 48.0018 -0.6965  1.8117  0.0015  0.4778  0.0707  0.3020  0.0672 -0.0003  0.2121 0 
 43.9368  0.6822 -1.3341  0.0345  0.2715  0.0186  0.3090  0.0097 -0.0003  0.1020 0 
 52.7657 -0.5550  2.1572  0.0133  0.3992  0.1252  0.1685  0.0302 -0.0003  0.2620 0 
 47.5868  0.5580 -1.0046  0.0862  0.2485  0.0380  0.3026  0.0489 -0.0003  0.3095 0 
 54.1634 -0.2994  1.6403  0.0195  0.0628  0.0098  0.1255  0.0085 -0.0003  0.0454 0 
 48.0751  0.2860 -1.5259  0.1040  0.0919  0.0305  0.3881  0.0450 -0.0003  0.1860 0 
 42.0050 -0.7660  0.0023  0.3821  0.2203  0.0346  0.3574  0.5552 -0.0003  0.9963 1 
 40.2716  0.7862 -3.1038  0.0155  0.6947  0.0467  0.3615  0.0169  0.0584  0.3077 1 
 45.5512  0.5300  1.4646  0.0289  0.2208  0.0494  0.5248  0.0489 -0.0003  0.2179 0 
 28.9586 -0.5254 -1.6665  0.0134  0.2134  0.0119  0.2977  0.0202 -0.0003  0.0454 0 
 48.4016  0.5231  0.6161  0.0145  0.2119  0.1575  0.3444  0.0014  0.4556  0.4225 0 
 45.5512 -0.5217 -2.4962  0.0131  0.4997  0.0913  0.4373  0.0768 -0.0003  0.2387 0 
 40.5280  0.7370 -0.3889  0.3262  0.4538  0.0400  0.4962  0.4072 -0.0003  0.9927 1 
 33.8445 -0.6016  2.7753  0.4128  0.2461  0.1017  0.4268  0.5021 -0.0003  0.9978 1 
 46.6102 -0.4490 -2.8718  0.0071  0.4590  0.0446  0.4781  0.1127 -0.0003  0.2342 0 
 38.5168  0.4549  0.2768  0.0539  0.3457  0.0287  0.4574  0.0113 -0.0003  0.2952 0 
 48.2094 -0.4610  1.1326  0.0013  0.1929  0.0366  0.1293  0.0770 -0.0003  0.0952 0 
 43.0854  0.4568 -2.0248  0.0260  0.2759  0.0273  0.3106  0.0578 -0.0003  0.1060 0 
 51.1788 -0.3885  2.5635  0.0208  0.3982  0.0390  0.2546  0.1767 -0.0003  0.3438 0 
 47.5227  0.4047 -0.6102  0.0327  0.2954  0.1517  0.2163  0.0191 -0.0003  0.2372 0 
 48.6732 -0.7494  2.9945  0.0628  0.6280  0.0942  0.8597  0.1658 -0.0003  0.7490 0 
 46.4881  0.7465 -0.0726  0.1474  0.3004  0.0299  0.4350  0.1815  0.1226  0.8735 0 
 48.9357  0.4562 -0.8675  0.0196  0.1398  0.0964  0.3863  0.0170 -0.0003  0.1020 0 
 41.3733 -0.4477  2.2997  0.0266  0.6436  0.0196  0.2692  0.0352  0.1044  0.3243 0 
 46.3966  0.0745 -1.0884  0.1063  0.2067  0.0823  0.1741  0.1371 -0.0003  0.6381 1 
 38.1079 -0.1255  2.0680  0.1263  0.2068  0.0955  0.4129  0.1352 -0.0003  0.6670 1 
 60.8286  0.6808 -2.1582  0.0000  0.2899  0.2185  0.4065  0.0628 -0.0003  0.2078 0 
 43.8911 -0.6667  1.0272  0.1213  0.1595  0.0570  0.3091  0.1473 -0.0003  0.5629 0 
 47.8584 -0.7626  0.1885  0.0091  0.2751  0.0404  0.5181  0.0079 -0.0003  0.1544 0 
 45.5482  0.7679 -2.9585  0.0076  0.4430  0.0323  0.3061  0.0184 -0.0003  0.1349 0 
 46.5095  0.2988 -2.8362  0.0060  0.3712  0.0190  0.3480  0.0196 -0.0003  0.0794 0 
 41.8036 -0.2594  0.3554  0.0100  0.2324  0.0703  0.3132  0.0871 -0.0003  0.1563 0 
 45.8045 -0.0539 -2.8757  0.0378  0.4880  0.0393  0.4367  0.0880 -0.0003  0.3643 0 
 38.6542  0.0536  0.2394  0.1667  0.2081  0.0630  0.5026  0.1558 -0.0003  0.8081 0 
 48.8838  0.5333 -1.8868  0.0610  0.1800  0.1394  0.3006  0.0239 -0.0003  0.2288 0 
 46.8605 -0.5662  1.2719  0.0500  0.4579  0.0487  0.2605  0.0920 -0.0003  0.4337 0 
 46.5064 -0.7344 -2.3749  0.0040  0.2275  0.2313  0.3480  0.0070 -0.0003  0.1668 0 
 34.6349  0.7383  0.7824  0.0360  0.3423  0.0221  0.2827  0.0694 -0.0003  0.1337 0 
 46.0090 -0.2741  0.1378  0.8873  0.5313  0.0554  0.3053  0.4226 -0.0003  0.9977 1 
 36.0052  0.2346 -2.9845  0.0487  0.5876  0.1166  0.5126  0.1190 -0.0003  0.4358 1 
 47.0100 -0.3752  0.7508  0.0042  0.4765  0.0506  0.3903  0.0110 -0.0003  0.1716 0 
 43.6011  0.3790 -2.3825  0.0323  0.5189  0.0084  0.3097  0.1483 -0.0003  0.1764 0 
 49.2256  0.5871 -0.8873  0.0430  0.4015  0.0700  0.5143  0.0357 -0.0003  0.3208 0 
 45.3010 -0.5838  2.2672  0.0316  0.1147  0.3206  0.2628  0.0193 -0.0003  0.1280 0 
 48.3162  0.4654  2.7991  0.0038  0.2899  0.0443  0.2584  0.0801 -0.0003  0.1159 0 
 46.7353 -0.4781 -0.3571  0.0090  0.2339  0.1464  0.5647  0.0308 -0.0003  0.1868 0 
 52.2286  0.6877 -0.8727  0.0819  0.6043  0.0889  0.6333  0.0684  0.4456  0.9392 1 
 34.0520 -0.6937  2.2233  0.0689  0.4161  0.0236  0.3314  0.1163 -0.0003  0.3667 1 
 44.3214 -0.3480  0.9413  0.0053  0.0654  0.0218  0.1762  0.0579 -0.0003  0.0428 0 
 40.5707  0.3375 -2.1824  0.1248  0.5157  0.0572  0.4510  0.0490 -0.0003  0.6428 0 
 43.3814  0.7329  1.2302  0.0463  0.3356  0.0331  0.2658  0.0499  0.1216  0.4743 0 
 38.9868 -0.7495 -1.9121  0.0074  0.3000  0.0123  0.2735  0.0656 -0.0003  0.0568 0 
 44.9805  0.4968  2.8516  0.0355  0.4403  0.0143  0.3510  0.0489 -0.0003  0.1345 0 
 41.5473 -0.5220 -0.3122  0.0047  0.2379  0.0607  0.2688  0.0181 -0.0003  0.1230 0 
 41.4984 -0.3744 -3.1214  0.0589  0.4078  0.0296  0.2689  0.0233 -0.0003  0.2576 0 
 40.8820  0.3688  0.0173  0.0401  0.3382  0.0465  0.0900  0.0065 -0.0003  0.3552 0 
 45.0507 -0.3590 -1.6059  0.0053  0.1938  0.0696  0.4824  0.0667  0.4843  0.6635 0 
 44.9409  0.3277  1.5692  0.0131  0.3293  0.0806  0.4827  0.0847 -0.0003  0.2197 0 
 41.5137  0.3900 -0.8385  0.0302  0.4770  0.0208  0.3586  0.0107 -0.0003  0.1746 0 
 28.5557 -0.3668  2.3388  0.0571  0.1026  0.0390  0.2491  0.0952 -0.0003  0.1227 0 
 50.1656  0.3050 -0.8672  0.0662  0.5618  0.0570  0.4265  0.1949 -0.0003  0.7402 1 
 49.6437 -0.3269  2.2968  0.1077  0.3133  0.1204  0.5560  0.3174 -0.0003  0.9284 1 
 52.2469  0.1371 -0.8973  0.0451  0.0436  0.0196  0.1689  0.0297 -0.0003  0.0475 0 
 44.6418 -0.1395  2.2467  0.0168  0.2001  0.0298  0.3517  0.0134 -0.0003  0.0815 0 
 47.5776 -0.5609 -1.9246  0.0230  0.3469  0.1373  0.5188  0.0162 -0.0003  0.2310 0 
 43.7720  0.5117  1.2043  0.0117  0.0696  0.1212  0.3094  0.0175 -0.0003  0.0536 0 
 46.7414  0.0623  3.1279  0.0221  0.1219  0.0308  0.3041  0.0895 -0.0003  0.0718 0 
 45.8900 -0.0759 -0.0088  0.0197  0.1353  0.0352  0.3492  0.0201 -0.0003  0.0730 0 
 50.9621  0.6928  1.4772  0.0146  0.4071  0.0630  0.3398  0.0291  0.0777  0.2966 1 
 43.8361 -0.6757 -1.6348  0.6651  0.2952  0.0540  0.4417  0.5401  0.3047  0.9994 1 
 43.3448  0.6098 -1.7804  0.0088  0.1647  0.2319  0.3101  0.0352 -0.0003  0.1396 0 
 38.8647 -0.6471  1.3381  0.0174  0.5749  0.0569  0.3194  0.0182 -0.0003  0.2455 0 
 50.1808 -0.2450  1.7818  0.0154  0.1360  0.0595  0.3838  0.3228 -0.0003  0.3598 0 
 36.1547  0.2454 -1.3900  0.0254  0.4378  0.1267  0.6982  0.0379  0.4930  0.6732 0 
 53.9162  0.2749 -2.3808  0.0449  0.4834  0.0956  0.5026  0.0810 -0.0003  0.3586 0 
 41.8280 -0.2623  0.7733  0.0638  0.2481  0.0276  0.4473  0.1339 -0.0003  0.3824 0 
 43.4180 -0.6325  1.0769  0.0204  0.2571  0.0542  0.3986  0.1845  0.2366  0.6307 0 
 39.1760  0.6603 -2.0230  0.0394  0.4226  0.0219  0.4553  0.0701 -0.0003  0.2681 0 
 44.5899 -0.6369 -2.4962  0.0178  0.0844  0.0713  0.3079  0.0316 -0.0003  0.0772 0 
 35.6115  0.6439  0.6228  0.0516  0.1140  0.0493  0.2805  0.0453 -0.0003  0.1102 0 
 44.1108 -0.6775  2.3405  0.2403  0.3506  0.0929  0.3087  0.0644 -0.0003  0.7827 0 
 43.5706  0.6992 -0.8652  0.0393  0.3382  0.2669  0.5310  0.2001 -0.0003  0.6132 0 
 42.9023 -0.1794  2.7263  0.5779  0.2824  0.0696  0.6220  0.5200 -0.0003  0.9963 1 
 41.3977  0.1609 -0.4403  0.0112  0.2691  0.0267  0.2691  0.0632  0.2229  0.5376 1 
 56.3943 -0.7473 -0.8100  0.1248  0.3527  0.0585  0.4556  0.1214 -0.0003  0.7092 0 
 35.7794  0.7481  2.3418  0.0462  0.2862  0.0587  0.2334  0.0241 -0.0003  0.2766 0 
 46.2074  0.3149  0.8767  0.0381  0.2278  0.0464  0.2614  0.0485 -0.0003  0.1654 0 
 43.8514 -0.2921 -2.2636  0.1083  0.2771  0.0134  0.1325  0.0146 -0.0003  0.1970 0 
 44.6479 -0.7306  2.2469  0.0564  0.6221  0.0147  0.1758  0.0090 -0.0003  0.1922 0 
 37.8790  0.7406 -0.9082  0.0044  0.2666  0.0232  0.2757  0.0076 -0.0003  0.0677 0 
 52.9183  0.3589 -2.9803  0.0634  0.4940  0.0525  0.2525  0.0182 -0.0003  0.4540 0 
 42.7314 -0.3605  0.1570  0.0211  0.2598  0.0118  0.1779  0.0032 -0.0003  0.0804 0 
 48.9998  0.4090 -1.9902  0.1299  0.1172  0.0847  0.3004  0.0843 -0.0003  0.3970 0 
 48.5267 -0.4236  1.1333  0.0221  0.4113  0.1214  0.9034  0.0537 -0.0003  0.4190 0 
 48.4169 -0.3388 -0.3680  0.0256  0.2088  0.0399  0.3013  0.0284 -0.0003  0.1073 0 
 48.3528  0.3296  2.7557  0.0221  0.2133  0.0210  0.2153  0.1068 -0.0003  0.0967 0 
 51.4229  0.2561  2.7989  0.0075  0.2832  0.0605  0.3391  0.0034 -0.0003  0.1518 0 
 41.9867 -0.2533 -0.3365  0.0403  0.2942  0.0078  0.1788  0.0089 -0.0003  0.0976 0 
 49.3355  0.3858 -1.4118  0.1503  0.7001  0.0596  0.5140  0.0716 -0.0003  0.8190 0 
 48.5634 -0.3890  1.7188  0.0205  0.3864  0.2297  0.4731  0.0507  0.1295  0.4193 0 
 51.0323 -0.5659  2.9504  0.0541  0.1549  0.0595  0.4247  0.1188  0.2577  0.6010 0 
 48.1086  0.5656 -0.1047  0.1327  0.3677  0.0589  0.2156  0.0847 -0.0003  0.6914 0 
 48.7495  0.4031  2.5129  0.0000  0.0842  0.0041  0.0430  0.0053 -0.0003  0.0588 0 
 46.8635 -0.4054 -0.6348  0.0675  0.3154  0.0210  0.3473  0.0158 -0.0003  0.2232 0 
 44.0650  0.6518 -3.0669  0.6298  0.3485  0.0452  0.4412  0.6252 -0.0003  0.9978 1 
 34.0002 -0.6925  0.1189  0.1603  0.1833  0.0699  0.2841  0.1059  0.4549  0.9883 1 
 41.4649  0.1048 -2.5687  0.0086  0.6843  0.0488  0.1794  0.0230 -0.0003  0.3167 0 
 35.1629 -0.1016  0.5700  0.0052  0.3720  0.0320  0.2815  0.0087 -0.0003  0.1196 0 
 43.4607  0.4554 -1.9422  0.0740  0.2564  0.0816  0.7527  0.1536 -0.0003  0.7244 0 
 33.3104 -0.4569  1.2322  0.0135  0.5307  0.0362  0.2858  0.0040 -0.0003  0.2111 0 
 46.6957 -0.3107  0.2542  0.1002  0.2130  0.0898  0.3041  0.1365 -0.0003  0.6014 1 
 37.7050  0.2450 -2.8885  0.0862  0.7003  0.0772  0.4601  0.1329 -0.0003  0.7278 1 
 55.1583 -0.1045  1.7829  0.0174  0.5552  0.0680  0.3748  0.1534 -0.0003  0.4257 0 
 34.8028  0.1055 -1.4057  0.0401  0.3438  0.0410  0.2352  0.0383 -0.0003  0.2246 0 
 45.4200  0.4125 -1.4852  0.0310  0.2239  0.0263  0.4376  0.0250  0.0467  0.2151 0 
 43.4821 -0.3898  1.6739  0.2436  0.4138  0.0304  0.4870  0.1606 -0.0003  0.8666 0 
 45.4719 -0.4742  1.2625  0.0132  0.2270  0.0696  0.3938  0.0360 -0.0003  0.1395 0 
 44.0467  0.4409 -1.8403  0.0634  0.3437  0.0228  0.2206  0.0190 -0.0003  0.1912 0 
 45.6977  0.5930  1.6300  0.0052  0.2716  0.0638  0.2622  0.0407 -0.0003  0.1422 0 
 45.4017 -0.5941 -1.5402  0.0125  0.3031  0.0667  0.5690  0.1050  0.1121  0.3851 0 
 37.5952 -0.5923 -1.3284  0.0184  0.1050  0.0338  0.4605  0.0596 -0.0003  0.0931 0 
 25.5833  0.5506  1.8544  0.0264  0.3137  0.0108  0.2575  0.0148 -0.0003  0.0778 0 
 45.4994 -0.7715 -2.3557  0.5360  0.6234  0.0447  0.4374  0.2924 -0.0003  0.9912 1 
 44.4465  0.7664  0.8296  0.0164  0.3484  0.1325  0.4841  0.0089 -0.0003  0.2028 1 
 51.4168  0.6645 -2.1847  0.2821  0.2042  0.0875  0.3391  0.1857  0.2074  0.9590 1 
 41.9471 -0.6620  0.9755  0.0400  0.5534  0.0330  0.4916  0.2711 -0.0003  0.6939 1 
 44.7608 -0.1721  0.1836  0.0086  0.0701  0.1095  0.4393  0.0893 -0.0003  0.0738 0 
 35.5383  0.1773 -2.9336  0.0058  0.7058  0.0225  0.2339  0.0132 -0.0003  0.1454 0 
 49.0974  0.1996 -2.1769  0.0250  0.3438  0.2101  0.6433  0.0698 -0.0003  0.3404 0 
 43.8178 -0.2236  0.9537  0.1159  0.5009  0.1565  0.3534  0.0696 -0.0003  0.5698 0 
 55.3933  0.6456 -2.6565  0.1030  0.4353  0.1008  0.2080  0.0710 -0.0003  0.6725 1 
 42.4323 -0.6346  0.5195  0.0341  0.3076  0.0571  0.5347 -0.0200 -0.0003  0.2493 1 
 52.0577  0.5837  2.8744  0.1113  0.1318  0.0668  0.3803  0.1318 -0.0003  0.4799 0 
 44.9409 -0.6082 -0.2395  0.0229  0.6402  0.0324  0.4827  0.1307 -0.0003  0.3850 0 
 41.9562 -0.3450  3.0362  0.0096  0.6251  0.0676  0.3576  0.0323 -0.0003  0.2162 0 
 35.9655  0.3522 -0.0737  0.0148  0.5404  0.0337  0.2797  0.0263 -0.0003  0.1772 0 
 42.3560 -0.1757  2.1846  0.0168  0.6083  0.0387  0.3121  0.0366 -0.0003  0.2133 0 
 40.8240  0.2140 -0.9524  0.0168  0.5943  0.0690  0.4052  0.1308 -0.0003  0.3663 0 
 39.9115  0.5310  3.1099  0.0181  0.0998  0.0297  0.2718  0.0628 -0.0003  0.0528 0 
 36.5911 -0.5761 -0.0506  0.0160  0.2975  0.0138  0.1856  0.0501 -0.0003  0.0786 0 
 56.2509 -0.5177  0.6788  0.0113  0.1307  0.0173  0.1243  0.0045 -0.0003  0.0591 0 
 46.5614  0.5239 -2.4583  0.0004  0.3863  0.0315  0.3044  0.0147 -0.0003  0.1048 0 
 46.8574 -0.7656 -1.6846  0.0004  0.1627  0.1414  0.2605  0.1080 -0.0003  0.1256 0 
 43.7995  0.7658  1.4494  0.0387  0.5905  0.0036  0.2651  0.0179 -0.0003  0.1222 0 
 45.7649 -0.4720 -2.4253  0.0284  0.3360  0.0136  0.0873  0.0113 -0.0003  0.1490 0 
 44.2145  0.4498  0.6771  0.0117  0.2004  0.0786  0.4407  0.0390 -0.0003  0.1325 0 
 46.2043 -0.4980 -1.1016  0.0358  0.2496  0.0192  0.3485  0.0307 -0.0003  0.1001 0 
 43.5035  0.4872  2.0727  0.0519  0.2697  0.0401  0.5312  0.0065 -0.0003  0.2993 0 
 48.6610  0.6117  1.2283  0.2340  0.4165  0.0568  0.5588  0.5202 -0.0003  0.9965 1 
 39.5758 -0.6016 -1.8864  0.2253  0.3434  0.0684  0.6356  0.3485  0.5292  0.9996 1 
 42.8595 -0.6494 -0.4547  0.0506  0.2806  0.1389  0.4444  0.0096 -0.0003  0.2728 0 
 42.6490  0.6192  2.6550  0.0029  0.5367  0.0283  0.2225  0.0797 -0.0003  0.1345 0 
 45.8289 -0.4162  1.9886  0.0197  0.7005  0.0266  0.3056  0.1352 -0.0003  0.2530 0 
 45.2766  0.4283 -1.1584  0.0822  0.1849  0.0309  0.3942  0.1027 -0.0003  0.3248 0 
 48.2216  0.5330  1.2394  0.0438  0.1641  0.2408  0.3878  0.0290  0.9189  0.7151 0 
 45.6062 -0.5456 -1.9028  0.1516  0.4392  0.0642  0.2623  0.0467 -0.0003  0.7107 0 
 55.4116  0.3882  2.5706  0.0138  0.1590  0.1594  0.3744  0.0239 -0.0003  0.1158 0 
 48.5939 -0.4219 -0.6116  0.0066  0.6149  0.0366  0.1290  0.0195 -0.0003  0.2455 0 
 43.6805 -0.4332 -1.0672  0.0933  0.3126  0.0589  0.4422  0.0765 -0.0003  0.5158 0 
 31.7388  0.4415  2.1040  0.0285  0.1795  0.0296  0.2898  0.1639  0.1996  0.5491 0 
 45.3132 -0.6677 -0.0430  0.0993  0.4679  0.0471  0.4379  0.1240  0.0911  0.7804 1 
 38.8006  0.6848  3.1088  0.3850  0.4961  0.0436  0.5021  0.4267 -0.0003  0.9945 1 
 39.3469  0.1054 -0.1702  0.2008  0.2361  0.1560  0.3183  0.2624  0.9826  0.9995 1 
 37.0184 -0.0878  2.9551  0.1728  0.4852  0.0505  0.3699  0.1785 -0.0003  0.8975 1 
 46.3386 -0.6944 -2.1241  0.0850  0.7022  0.0756  0.5224  0.0305 -0.0003  0.4952 0 
 46.2318  0.6981  1.0204  0.1605  0.6920  0.0186  0.3485  0.2536 -0.0003  0.8530 0 
 46.9520 -0.0174  1.0795  0.0198  0.4515  0.1684  0.4339  0.0848 -0.0003  0.2840 0 
 45.1850  0.0200 -2.0784  0.0266  0.1354  0.0339  0.3506  0.0329 -0.0003  0.0779 0 
 54.2550 -0.3494 -1.8613  0.1946  0.4402  0.0713  0.4182  0.1354  0.1038  0.9067 1 
 47.9683  0.3333  1.2853  0.0506  0.6737  0.0295  0.3020  0.0906 -0.0003  0.3538 1 
 44.6174 -0.2028 -3.0835  0.4182  0.3325  0.0251  0.3957  0.3643  0.1328  0.9961 1 
 37.6471  0.1982  0.0719  0.1883  0.2348  0.0363  0.3222  0.1887  0.3591  0.9966 1 
 38.8067  0.6181 -2.8035  0.0122  0.2052  0.1209  0.3652  0.0190 -0.0003  0.1272 0 
 35.8038 -0.6106  0.3935  0.0059  0.4780  0.0499  0.4667  0.0460 -0.0003  0.1767 0 
 46.3539  0.7195  3.0941  0.5311  0.4478  0.0341  0.4353  0.3193 -0.0003  0.9913 1 
 36.3867 -0.7189 -0.0325  0.3472  0.3779  0.0554  0.6505  0.3572 -0.0003  0.9941 1 
 45.9388  0.3070 -2.4886  0.4501  0.5681  0.0499  0.6109  0.4399  0.3746  0.9999 1 
 37.4578 -0.3245  0.7047  0.4264  0.3587  0.0570  0.5531  0.3687  0.3875  0.9999 1 
 41.0864  0.7078  2.3110  0.0312  0.7364  0.0303  0.6292  0.0648 -0.0003  0.3806 1 
 21.9638 -0.7141 -0.9327  0.1621  0.2084  0.0446  0.7027  0.0280  0.2972  0.8973 1 
 47.4525 -0.4677  0.3177  0.0175  0.7730  0.1435  0.2163  0.0779 -0.0003  0.3795 0 
 45.3895  0.4877 -2.8299  0.0348  0.2617  0.0362  0.3940  0.0779  0.0886  0.3674 0 
 43.6378 -0.4024  2.7086  0.0282  0.3387  0.0572  0.3096  0.0456 -0.0003  0.2314 0 
 38.4375  0.3901 -0.4588  0.0261  0.2711  0.0320  0.2288  0.0783 -0.0003  0.1305 0 
 42.7436 -0.2405  2.6306  0.0109  0.2373  0.1914  0.3558  0.0473 -0.0003  0.1826 0 
 34.4549  0.2521 -0.5057  0.0041  0.0350  0.0111  0.1887  0.0395 -0.0003  0.0355 0 
 40.7782  0.2087  2.3981  0.1387  0.5465  0.0513  0.2252  0.1507 -0.0003  0.8419 1 
 40.4883 -0.2211 -0.7338  0.0555  0.4544  0.0818  0.8122  0.0381  0.4254  0.8084 1 
 58.1033  0.0328 -1.4158  0.0320  0.1220  0.1639  0.3700  0.0974 -0.0003  0.1584 0 
 45.6214 -0.0182  1.7528  0.0227  0.2478  0.0280  0.1749  0.0026 -0.0003  0.1225 0 
 45.5726  0.2250 -0.3293  0.0753  0.2986  0.0786  0.3935  0.1079  0.2128  0.7320 1 
 35.8679 -0.1696  2.7872  0.2301  0.6881  0.0502  0.4665  0.2291  0.4574  0.9991 1 
 47.8096  0.7033 -0.4545  0.0063  0.2427  0.1174  0.4318  0.0143 -0.0003  0.1390 0 
 46.9429 -0.6987  2.6890  0.0318  0.5158  0.0246  0.2169  0.1119 -0.0003  0.2011 0 
 44.7364  0.5078 -2.0682  0.0053  0.5099  0.0485  0.3515  0.0853 -0.0003  0.2021 0 
 40.0305 -0.5142  1.0753  0.0078  0.3287  0.0216  0.0905  0.0057 -0.0003  0.1689 0 
 45.1240 -0.0448 -0.7598  0.0207  0.6303  0.0640  0.3507  0.0660 -0.0003  0.3021 0 
 32.9870 -0.0891  2.4176  0.1052  0.4398  0.1071  0.4299  0.0377 -0.0003  0.4811 0 
 50.7576  0.5345  0.9613  0.0188  0.0862  0.3311  0.2977  0.0064 -0.0003  0.0829 0 
 45.4902 -0.5358 -2.1700  0.0046  0.5608  0.0359  0.2187  0.0136 -0.0003  0.1977 0 
 49.8970  0.3147 -1.4051  0.0643  0.4428  0.0563  0.3417  0.0318 -0.0003  0.4251 0 
 39.6277 -0.3286  1.7510  0.0496  0.2662  0.1134  0.2269  0.1639 -0.0003  0.5590 0 
 51.0048  0.7109 -1.6351  0.0698  0.2556  0.0085  0.0850  0.0253 -0.0003  0.1410 0 
 44.6784 -0.7021  1.4960  0.0305  0.3595  0.0809  0.3077  0.0121 -0.0003  0.2452 0 
 45.2674 -0.1194 -0.7226  0.0011  0.1348  0.0168  0.2190  0.0193 -0.0003  0.0382 0 
 44.2512  0.1158  2.4241  0.0510  0.4572  0.0236  0.3525  0.0569 -0.0003  0.2466 0 
 46.2928 -0.5344  1.7093  0.0472  0.7922  0.0277  0.4355  0.0519 -0.0003  0.3826 0 
 41.9532  0.5442 -1.4222  0.0007  0.6828  0.0169  0.3128  0.0491 -0.0003  0.1039 0 
 40.3479  0.3867 -1.6927  0.1474  0.2974  0.0226  0.3613  0.3387  0.2562  0.9824 1 
 28.0858 -0.4558  1.4371  0.3195  0.2212  0.0105  0.2504  0.2413 -0.0003  0.8424 1 
 49.3599  0.3691  3.0353  0.0101  0.4974  0.0966  0.2570  0.0202 -0.0003  0.2218 0 
 48.7953 -0.3712 -0.1080  0.0414  0.4531  0.1054  0.5155  0.1837 -0.0003  0.5119 0 
 49.1615  0.2520  2.2283  0.0902  0.3645  0.1007  0.5145  0.2044 -0.0003  0.7818 0 
 47.4647 -0.2354 -0.9064  0.3106  0.3646  0.0103  0.3461  0.3560 -0.0003  0.9677 0 
 50.6386 -0.2178  0.2037  0.0188  0.2018  0.0425  0.2979  0.1511 -0.0003  0.1879 0 
 47.8248  0.2252 -2.9661  0.0311  0.2964  0.2250  0.4750  0.0132 -0.0003  0.2542 0 
 49.2866 -0.5904 -1.3515  0.0066  0.7598  0.1230  0.7712  0.0385  0.3399  0.5842 0 
 43.2898  0.5835  1.8186  0.0199  0.1896  0.0754  0.4875  0.2554 -0.0003  0.3444 0 
 48.5115  0.6052 -3.1172  0.0245  0.2377  0.0227  0.3872  0.0381 -0.0003  0.0953 0 
 40.9796 -0.5912  0.0333  0.1660  0.3018  0.0232  0.1799  0.1755 -0.0003  0.6014 0 
 47.5441  0.2926 -2.0435  0.0488  0.7918  0.0234  0.4757  0.1545 -0.0003  0.5660 1 
 44.3824 -0.2628  1.1102  0.4414  0.5959  0.0774  0.3523  0.3863  0.5612  0.9998 1 
 53.1319  0.4881  2.1762  0.1499  0.2590  0.0764  0.2522  0.0245 -0.0003  0.5638 0 
 42.1912 -0.4736 -0.9476  0.0880  0.5602  0.0127  0.2678  0.0847 -0.0003  0.3112 0 
 47.8279 -0.7795 -2.9598  0.0352  0.0979  0.0153  0.1295  0.0666 -0.0003  0.0543 0 
 47.6326  0.7825  0.1522  0.0044  0.6662  0.0214  0.4755  0.0516  0.2307  0.5212 0 
 50.0648 -0.4695  0.0178  0.0234  0.3259  0.0552  0.2560  0.0656 -0.0003  0.2238 0 
 48.3497  0.4628 -3.1388  0.1120  0.4263  0.0233  0.2584  0.1064 -0.0003  0.4577 0 
 55.2499 -0.3038 -0.6304  0.0640  0.3458  0.0360  0.1665  0.0903 -0.0003  0.3154 0 
 36.7620  0.3217  2.5269  0.0683  0.2247  0.0146  0.1390  0.0639 -0.0003  0.1407 0 
 46.8238  0.7481 -2.4853  0.0291  0.3934  0.1007  0.3474  0.0788 -0.0003  0.2975 0 
 45.0141 -0.7291  0.6541  0.0500  0.6634  0.0722  0.7458  0.0777 -0.0003  0.4588 0 
 45.1637 -0.0491  2.4019  0.1041  0.5084  0.0384  0.4821  0.1978 -0.0003  0.8221 0 
 36.1456  0.0514 -0.7090  0.0526  0.3648  0.0450  0.4190  0.0585 -0.0003  0.3553 0 
 41.4069 -0.2231  1.0335  0.1157  0.3472  0.0456  0.3139  0.1214  0.2591  0.9042 0 
 33.8872  0.1940 -2.0976  0.1841  0.2666  0.0079  0.2844  0.1851  0.1361  0.8584 0 
 47.4769 -0.3470 -1.0115  0.0437  0.5318  0.0169  0.3028  0.0110 -0.0003  0.1820 0 
 43.0304  0.3335  2.1272  0.0171  0.1912  0.0225  0.3107  0.0102 -0.0003  0.0624 0 
 42.9999  0.1458  2.3980  0.0601  0.7662  0.0528  0.5772  0.0438 -0.0003  0.4717 0 
 40.5982 -0.1341 -0.7102  0.0002  0.1970  0.0098  0.3156  0.1417 -0.0003  0.0580 0 
 53.8613 -0.5321 -1.3574  0.0723  0.0805  0.1135  0.1676  0.0403 -0.0003  0.1372 0 
 37.3449  0.5309  1.8321  0.0391  0.5796  0.0429  0.1845  0.0432 -0.0003  0.3352 0 
 45.4017 -0.7687  2.7701  0.0458  0.4934  0.0485  0.4377  0.1879 -0.0003  0.5987 0 
 36.0510  0.7735 -0.3725  0.0679  0.5730  0.0229  0.3261  0.0765  0.0612  0.5035 0 
 46.9306  0.6520 -2.7792  0.2302  0.6223  0.0497  0.4773  0.2777 -0.0003  0.9747 0 
 43.6622 -0.6449  0.3287  0.0497  0.0416  0.0218  0.3095  0.2109  0.0339  0.1846 0 
 45.6886  0.6669 -2.7620  0.0218  0.3058  0.0173  0.1311  0.0209 -0.0003  0.1174 0 
 33.9178 -0.6634  0.3913  0.0258  0.2462  0.0442  0.3317  0.0748  0.1609  0.4127 0 
 49.4179  0.4156 -1.6459  0.0131  0.6270  0.0983  0.5995  0.0150 -0.0003  0.2389 0 
 38.4314 -0.4188  1.5298  0.0331  0.2426  0.0351  0.3204  0.0578 -0.0003  0.1361 0 
 40.1617 -0.7614  0.7850  0.0133  0.4112  0.0150  0.1809  0.0067 -0.0003  0.1150 0 
 32.6116  0.7388 -2.3537  0.0528  0.4432  0.0297  0.1438  0.0023 -0.0003  0.2856 0 
 49.4575 -0.5997 -3.0871  0.0023  0.4843  0.0315  0.3853  0.0662 -0.0003  0.1252 0 
 46.8727  0.5719 -0.0261  0.0674  0.2748  0.0934  0.3907  0.0192 -0.0003  0.3311 0 
 49.7108 -0.7101 -0.7356  0.0129  0.5005  0.2849  0.5558  0.0687 -0.0003  0.2956 0 
 48.7312  0.7318  2.4052  0.0006  0.4150  0.0262  0.3438  0.0717 -0.0003  0.0907 0 
 47.1595 -0.5260  1.2859  0.0621  0.2947  0.0218  0.2600  0.0180 -0.0003  0.1678 0 
 44.8676  0.5354 -1.8482  0.0272  0.1392  0.0366  0.2634  0.0545 -0.0003  0.0736 0 
 51.3680 -0.2922  0.2366  0.1133  0.3680  0.1560  0.5088  0.1243 -0.0003  0.6673 0 
 45.4871  0.3152 -2.9085  0.0472  0.2736  0.0484  0.3062  0.2186 -0.0003  0.4945 0 
 47.6295  0.2255  1.3755  0.0683  0.5962  0.0413  0.3458  0.0624 -0.0003  0.5191 0 
 43.9033 -0.2136 -1.7774  0.0064  0.1723  0.0578  0.4416  0.0241 -0.0003  0.1040 0 
 54.0169 -0.6140  2.2831  1.0005  0.5390  0.0668  0.3349  0.7694 -0.0003  0.9980 1 
 40.9918  0.6482 -0.8755  0.3594  0.1329  0.1065  0.4497  0.1976 -0.0003  0.9598 1 
 46.5492 -0.7249  1.7861  0.0108  0.3153  0.0488  0.3044  0.0147  0.3095  0.6576 0 
 43.3265  0.7065 -1.3905  0.0315  0.7541  0.1606  0.5761  0.0761 -0.0003  0.3603 0 
 49.3996 -0.3588  2.7837  0.0132  0.6345  0.2126  0.7279  0.0502  0.1834  0.5116 1 
 43.0030  0.3454 -0.3408  0.8754  0.4039  0.0296  0.4884  0.3684 -0.0003  0.9932 1 
 56.3333 -0.5178  2.7247  0.0271  0.0683  0.0980  0.2486  0.0209 -0.0003  0.0737 0 
 42.1790  0.4961 -0.4063  0.0122  0.2977  0.0215  0.3570  0.0375 -0.0003  0.0769 0 
 49.0944  0.1803 -1.7507  0.1488  0.2109  0.0243  0.3431  0.1660 -0.0003  0.6255 0 
 43.9551 -0.1920  1.3802  0.0416  0.1018  0.0339  0.0883  0.0070 -0.0003  0.0999 0 
 45.5085 -0.0883 -2.2895  0.0084  0.0780  0.0341  0.3062  0.0091 -0.0003  0.0555 0 
 40.7019  0.0766  0.8507  0.1668  0.2220  0.0173  0.4956  0.1581  0.1245  0.8763 0 
 43.9124  0.1582  0.1811  0.0513  0.1944  0.0504  0.4857  0.0816 -0.0003  0.2962 0 
 40.7660 -0.1736 -2.9820  0.0147  0.3150  0.0328  0.1802  0.0952 -0.0003  0.1539 0 
 47.3426  0.5224 -1.1103  0.0153  0.5931  0.2184  0.4329  0.0178 -0.0003  0.2507 0 
 46.9062 -0.5236  2.0559  0.0260  0.4159  0.0464  0.3906  0.0131 -0.0003  0.2310 0 
 46.9398 -0.2409  1.6781  0.1527  0.4853  0.0706  0.3037  0.1183  0.0823  0.8641 1 
 31.2840  0.2412 -1.5003  0.2528  0.1098  0.0468  0.4365  0.0965  0.5084  0.9983 1 
 52.8786 -0.4384 -0.3932  0.0190  0.0679  0.0449  0.2104  0.1006 -0.0003  0.0810 0 
 43.9216  0.4243  2.7476  0.0168  0.3082  0.0678  0.3532  0.0450 -0.0003  0.1851 0 
 43.5096  0.7730  2.4078  0.0168  0.1679  0.0820  0.3541  0.0244 -0.0003  0.1136 0 
 39.3347 -0.8258 -0.7240  0.0504  0.2508  0.0088  0.1364  0.0064 -0.0003  0.1138 0 
 51.3619 -0.4497  0.3323  0.0318  0.3639  0.1293  0.5088  0.0712 -0.0003  0.2982 0 
 49.1341  0.4713 -2.7780  0.0134  0.3718  0.0538  0.5146  0.0931 -0.0003  0.2408 0 
 42.7619 -0.5801 -0.8635  0.0547  0.1892  0.0585  0.5781  0.1009 -0.0003  0.3920 0 
 38.8922  0.5903  2.2428  0.0472  0.6493  0.0110  0.2737  0.0475  0.1674  0.4649 0 
 48.1392  0.8040  2.3608  0.0062  0.3581  0.1048  0.3018  0.0413 -0.0003  0.1829 0 
 45.0141 -0.7903 -0.7736  0.0005  0.1573  0.0649  0.4387  0.1520 -0.0003  0.1387 0 
 52.6345 -0.4604 -2.3078  0.0305  0.2142  0.0252  0.4214  0.0402 -0.0003  0.1213 0 
 39.0173  0.4680  0.8255  0.0070  0.1757  0.0385  0.1367  0.0058 -0.0003  0.0992 0 
 53.6751 -0.4210 -2.3670  0.1262  0.1100  0.2890  0.3773  0.1319 -0.0003  0.5272 0 
 41.7975  0.4009  0.8251  0.0251  0.1441  0.0484  0.1342  0.0220 -0.0003  0.1118 0 
 52.1035  0.0566  1.8715  0.0319  0.1480  0.0875  0.3380  0.0104 -0.0003  0.1249 0 
 46.1097 -0.0815 -1.2707  0.0539  0.4442  0.1252  0.4795  0.0373 -0.0003  0.3248 0 
 40.2838  0.7716 -1.9109  0.0896  0.6161  0.0285  0.3615  0.0917 -0.0003  0.5728 0 
 28.7510 -0.7559  1.2416  0.0067  0.3968  0.0336  0.4475  0.0595 -0.0003  0.1456 0 
 44.1627 -0.6094  1.8987  0.0141  0.2041  0.0278  0.2645  0.0322 -0.0003  0.0620 0 
 41.2787  0.6082 -1.2317  0.0296  0.4233  0.0253  0.2693  0.1519 -0.0003  0.2402 0 
 46.0578 -0.3409  0.2565  0.0209  0.1747  0.0227  0.3924  0.0942 -0.0003  0.0923 0 
 44.1901  0.3261 -2.9106  0.0118  0.1356  0.0224  0.3086  0.0704 -0.0003  0.0485 0 
 48.0903 -0.0872  2.6386  0.0368  0.2835  0.0214  0.1725  0.1043 -0.0003  0.1589 0 
 47.3365  0.1034 -0.5071  0.0621  0.6654  0.0758  0.4762  0.2311 -0.0003  0.7917 0 
 45.7160  0.3750  1.9414  0.2116  0.4944  0.0476  0.4369  0.2267 -0.0003  0.9478 1 
 44.7639 -0.3758 -1.1593  0.3525  0.3012  0.0403  0.3075  0.2077 -0.0003  0.9414 1 
 48.1025 -0.7238 -0.3449  0.0052  0.5753  0.0657  0.6467  0.0871  0.1115  0.3832 0 
 44.8981  0.7179  2.7936  0.0113  0.5179  0.0401  0.2634  0.1249  0.2626  0.6854 0 
 41.5229  0.7602  0.4571  0.0251  0.5864  0.0244  0.1344  0.0045 -0.0003  0.2095 0 
 40.1160 -0.7640 -2.6821  0.0543  0.3341  0.0275  0.3619  0.0178 -0.0003  0.2321 0 
 53.5164  0.2058  1.9751  0.0234  0.0205  0.1627  0.2518  0.0345 -0.0003  0.0441 0 
 44.3824 -0.1956 -1.2098  0.0428  0.4588  0.0375  0.3963  0.0964  0.3070  0.8452 0 
 45.6123 -0.3531  3.0422  0.0186  0.1473  0.2109  0.3060  0.0142 -0.0003  0.1261 0 
 44.3214  0.3549 -0.0853  0.0087  0.0140  0.0120  0.1322  0.0131 -0.0003  0.0457 0 
 49.8573  0.3084 -0.1499  0.1282  0.4870  0.0663  0.2991  0.2308 -0.0003  0.9034 1 
 42.1424 -0.2716  2.9720  0.2060  0.2321  0.0894  0.5803  0.3123  0.1142  0.9758 1 
 53.1838  0.7909 -0.7777  0.0147  0.2076  0.0547  0.2521  0.0085 -0.0003  0.1245 0 
 43.6713 -0.8123  2.3610  0.0064  0.2548  0.0685  0.3095  0.0554 -0.0003  0.1370 0 
 51.2428  0.0181  3.1279  0.0107  0.2692  0.1450  0.2545  0.1857  0.3293  0.6551 0 
 50.0282  0.0045 -0.0208  0.0083  0.4633  0.1057  0.2988  0.0677 -0.0003  0.2385 0 
 43.3814 -0.5747 -2.2612  0.0755  0.4889  0.0225  0.3101  0.0817 -0.0003  0.3424 0 
 32.4224  0.6035  0.8469  0.0087  0.0288  0.0424  0.2400  0.0591 -0.0003  0.0578 0 
 55.2987  0.3908  0.6987  0.0063  0.0931  0.0524  0.2497  0.0578 -0.0003  0.0654 0 
 34.2565 -0.3748 -2.4365  0.0148  0.2767  0.0396  0.2835  0.0045 -0.0003  0.1305 0 
 54.1726 -0.0021 -3.0634  0.0061  0.6127  0.0295  0.2510  0.0585 -0.0003  0.1434 0 
 50.2327  0.0017  0.0865  0.0037  0.3156  0.0243  0.2558  0.0215 -0.0003  0.0742 0 
 49.1310 -0.0851  1.0395  0.0091  0.6076  0.0733  0.4717  0.1497 -0.0003  0.3386 0 
 38.1445  0.0875 -2.1313  0.0224  0.5247  0.0323  0.2293  0.1000 -0.0003  0.2095 0 
 52.8634 -0.1440  2.3088  0.0404  0.2570  0.0452  0.4209  0.0112  0.2855  0.5765 0 
 48.2704  0.1854 -0.8178  0.2179  0.2385  0.0550  0.5600  0.1832 -0.0003  0.9097 0 
 42.2827 -0.5442  2.0433  0.5650  0.3405  0.0508  0.4906  0.2636 -0.0003  0.9850 1 
 41.0834  0.5700 -1.0559  0.4439  0.6863  0.0468  0.4494  0.1754  0.2543  0.9896 1 
 51.4717 -0.6600  0.6008  0.0929  0.4732  0.1491  0.4661  0.0876 -0.0003  0.4896 1 
 40.5310  0.6825 -2.5207  0.2388  0.2976  0.0802  0.6315  0.3377 -0.0003  0.9886 1 
 43.6744  0.3195  0.7478  0.3938  0.4038  0.0620  0.2653  0.4216 -0.0003  0.9960 1 
 42.5940 -0.3178 -2.4228  0.3353  0.4031  0.0567  0.4006  0.3266 -0.0003  0.9899 1 
 48.4077  0.7080 -0.5444  0.0580  0.2073  0.0617  0.4735  0.0124 -0.0003  0.2719 1 
 34.2412 -0.7271  2.5391  0.2085  0.5377  0.0325  0.4726  0.3531  0.3520  0.9988 1 
 46.8086  0.5354 -2.7706  0.0312  0.3484  0.0329  0.1303  0.1321  0.1483  0.5322 0 
 45.8259 -0.5402  0.3836  0.0171  0.4691  0.0971  0.5240  0.1874 -0.0003  0.3886 0 
 45.8412  0.7201 -1.3810  0.3734  0.3721  0.0630  0.3929  0.4017  0.2351  0.9987 1 
 40.8759 -0.7134  1.8068  0.3122  0.4711  0.1131  0.3150  0.2989  0.6561  0.9997 1 
 60.9201  0.5710  0.7087  0.0108  0.4754  0.0399  0.3657  0.0760 -0.0003  0.1829 0 
 36.0113 -0.5737 -2.4501  0.0213  0.4493  0.0257  0.2330  0.0251  0.1675  0.4411 0 
 48.2856 -0.0652 -1.4259  0.0117  0.5308  0.0794  0.4738  0.0877 -0.0003  0.2469 0 
 40.0061  0.0672  1.7348  0.0066  0.1190  0.0235  0.3169  0.1590 -0.0003  0.0813 0 
 48.3162  0.1606 -2.9690  0.0219  0.1054  0.0778  0.3445  0.0527 -0.0003  0.0920 0 
 41.7029 -0.0927  0.1856  0.0049  0.3372  0.0180  0.2238  0.0125 -0.0003  0.0789 0 
 50.4097 -0.2277  0.7294  0.0318  0.3396  0.1322  0.2556  0.0074 -0.0003  0.2282 0 
 47.8553  0.2422 -2.3734  0.0007  0.1477  0.1074  0.4749  0.0489 -0.0003  0.0948 0 
 46.3966  0.4930 -0.9165  0.0231  0.3216  0.0507  0.5223  0.0987 -0.0003  0.2830 1 
 39.7559 -0.4912  2.2131  0.2161  0.2213  0.0159  0.1814  0.2820 -0.0003  0.7157 1 
 47.4220  0.0339  2.8047  0.0448  0.2797  0.0327  0.3029  0.1522 -0.0003  0.3075 0 
 47.2053 -0.0383 -0.3425  0.0699  0.1214  0.0176  0.1733  0.0687 -0.0003  0.0873 0 
 44.1352  0.4688  0.9181  0.1804  0.2706  0.1161  0.1764  0.2669  0.3467  0.9641 1 
 20.3861 -0.4668 -2.1275  0.2001  0.5441  0.0252  0.1662  0.1547 -0.0003  0.7219 1 
 49.7414 -0.5002  0.9103  0.0261  0.6037  0.0702  0.4275  0.0728  0.2183  0.6201 1 
 41.6205  0.5143 -2.2378  0.1944  0.3912  0.0302  0.2688  0.1451 -0.0003  0.7301 1 
 44.6815 -0.4304 -1.9889  0.1374  0.6895  0.0584  0.6593  0.1756 -0.0003  0.9104 1 
 33.9544  0.4425  1.1393  0.1131  0.7015  0.0397  0.4264  0.2147  0.0658  0.8953 1 
 51.8593 -0.6113  0.3468  0.0538  0.3771  0.2026  0.6767  0.0993 -0.0003  0.4812 1 
 43.3448  0.5626 -2.7787  0.2201  0.2864  0.0358  0.3545  0.3091 -0.0003  0.9371 1 
 46.6041 -0.0865  1.0052  0.0670  0.1562  0.0346  0.4782  0.1599 -0.0003  0.3718 0 
 44.6601  0.0686 -2.1312  0.0119  0.3777  0.0086  0.2198  0.0063 -0.0003  0.0821 0 
 46.7720 -0.4536 -0.3417  0.0565  0.4169  0.0817  0.4777  0.0638 -0.0003  0.3920 0 
 43.2380  0.4673  2.7850  0.0098  0.5901  0.0263  0.5764  0.0379 -0.0003  0.2055 0 
 49.7963 -0.3311 -1.3761  0.0506  0.2741  0.0362  0.2992  0.0176 -0.0003  0.2019 0 
 43.3814  0.3458  1.7509  0.0920  0.1280  0.0554  0.3101  0.0639 -0.0003  0.2383 0 
 40.4791 -0.2215 -1.7854  0.3427  0.3015  0.0177  0.4964  0.3163 -0.0003  0.9753 1 
 34.5159  0.1912  1.3624  0.1560  0.2461  0.1472  0.3772  0.1356  0.8756  0.9971 1 
 52.6070  0.5252 -0.6420  0.0419  0.3536  0.2213  0.4214  0.0400 -0.0003  0.3073 0 
 44.1474 -0.4581  2.5262  0.0592  0.2528  0.0349  0.1764  0.1481 -0.0003  0.3485 0 
 40.1068 -0.2528 -0.3779  0.0474  0.4266  0.1021  0.2262  0.0978 -0.0003  0.5132 0 
 38.7732  0.2884  2.7645  0.0099  0.2503  0.0503  0.6848  0.1341  0.2965  0.6111 0 
 52.3720 -0.6506  1.3450  0.0005  0.3684  0.1532  0.5062  0.1157 -0.0003  0.2436 0 
 39.3744  0.6644 -1.7995  0.0077  0.3622  0.0123  0.1364 -0.0007 -0.0003  0.1199 0 
 48.2765 -0.5615 -0.3293  0.0251  0.2332  0.0205  0.3446  0.0087 -0.0003  0.0853 0 
 45.5787  0.5610  2.8375  0.0371  0.3636  0.0152  0.1749  0.0054 -0.0003  0.1364 0 
 59.7543 -0.5149  0.0041  0.0111  0.3154  0.0434  0.2042  0.0558 -0.0003  0.1464 0 
 49.4575  0.5369 -3.1145  0.0510  0.1439  0.0456  0.5565  0.0209 -0.0003  0.2324 0 
 48.8441  0.1354 -1.0047  0.1205  0.1700  0.0686  0.3006  0.1049 -0.0003  0.5031 1 
 37.0794 -0.1205  2.1732  0.3184  0.4021  0.0572  0.2773  0.2558 -0.0003  0.9753 1 
 39.9542  0.6582 -2.6188  0.0026  0.1722  0.0323  0.4076  0.0560 -0.0003  0.0676 0 
 28.0125 -0.6402  0.5483  0.1582  0.2530  0.0098  0.3007  0.1541  0.1925  0.9341 0 
 49.9977 -0.7780  3.1170  0.0102  0.2324  0.0713  0.6403  0.0485 -0.0003  0.2059 0 
 38.2940  0.7943  0.0252  0.0076  0.2902  0.0052  0.1374  0.0036 -0.0003  0.0807 0 
 47.0222 -0.5830  1.7341  0.0163  0.0390  0.0611  0.3036  0.0095 -0.0003  0.0726 0 
 45.2247  0.5693 -1.4070  0.0468  0.6308  0.0253  0.3505  0.0677 -0.0003  0.2941 0 
 41.3886 -0.7271  2.6189  0.1430  0.5414  0.0924  0.6728  0.1336 -0.0003  0.8502 1 
 38.3551  0.7702 -0.5410  0.0042  0.5178  0.0588  0.2748  0.0075  0.4097  0.9421 1 
 44.6448  0.7953 -1.9305  0.0489  0.6771  0.0239  0.3957  0.0381  0.0660  0.4711 1 
 42.8901 -0.7934  1.2082  0.1198  0.5355  0.0345  0.3110  0.2327 -0.0003  0.8314 1 
 45.6580 -0.4283 -0.1553  0.6343  0.3395  0.0218  0.3059  0.8928 -0.0003  0.9983 1 
 36.8658  0.4874  2.9768  0.0714  0.0629  0.0500  0.2778  0.0811 -0.0003  0.1120 1 
 50.4158 -0.7415 -1.3088  0.0446  0.2828  0.0384  0.4686  0.1298 -0.0003  0.3652 0 
 45.9663  0.7426  1.8281  0.2555  0.3725  0.0151  0.2618  0.1347 -0.0003  0.6263 0 
 60.6424 -0.1326  0.5931  0.0863  0.4036  0.0800  0.1220  0.0416 -0.0003  0.6128 1 
 36.6705  0.1401 -2.5785  0.1165  0.5442  0.0694  0.3246  0.0794  0.5910  0.9979 1 
 52.0638 -0.1617  1.4850  0.0615  0.6068  0.1351  0.4225  0.1441 -0.0003  0.5558 0 
 40.8667  0.1701 -1.7267  0.0238  0.2965  0.0417  0.1800  0.0255 -0.0003  0.1792 0 
 45.6184  0.0907  3.1091  0.1813  0.5658  0.0248  0.3060  0.2026 -0.0003  0.8257 0 
 37.7752 -0.0923 -0.0639  0.0228  0.4297  0.0273  0.2299  0.0335 -0.0003  0.1427 0 
 46.3539 -0.3782  2.7615  0.0650  0.2680  0.0101  0.3483  0.0735 -0.0003  0.1536 0 
 39.3042  0.3779 -0.3353  0.0040  0.3922  0.1003  0.1820  0.0082 -0.0003  0.2422 0 
 45.6519  0.5959  1.7399  0.1057  0.4682  0.0627  0.3934  0.0640  0.2999  0.8793 1 
 42.9389 -0.5900 -1.3542  0.0488  0.7069  0.0593  0.4442  0.1371 -0.0003  0.5970 1 
 46.4424  0.5787 -0.0851  0.0176  0.3745  0.0149  0.3046  0.0128 -0.0003  0.0889 0 
 46.1891 -0.5759  3.0650  0.0056  0.1172  0.0309  0.4357  0.0087 -0.0003  0.0687 0 
 47.8737  0.3868 -2.6527  0.0251  0.5419  0.0523  0.3022  0.0206 -0.0003  0.2782 0 
 40.9888 -0.3921  0.5071  0.0145  0.3100  0.0686  0.1349  0.0065 -0.0003  0.2970 0 
 46.5400 -0.6456 -0.4439  0.0250  0.1403  0.0269  0.2609  0.0252 -0.0003  0.0572 0 
 41.5961  0.6460  2.6988  0.0373  0.3247  0.0719  0.3584  0.1367 -0.0003  0.4076 0 
 55.3903 -0.1598 -2.1355  0.0956  0.4789  0.2717  0.5408  0.0153 -0.0003  0.4835 0 
 49.9214  0.1570  0.9578  0.0629  0.6096  0.0431  0.3843  0.0400 -0.0003  0.4757 0 
 50.3212  0.0648  0.2203  0.0175  0.0966  0.0237  0.3409  0.0093 -0.0003  0.0534 0 
 44.5258 -0.0664 -2.9409  0.0373  0.0383  0.0186  0.0880  0.0020 -0.0003  0.0668 0 
 49.3965  0.7936  2.3590  0.0608  0.2023  0.0583  0.3854  0.0639 -0.0003  0.2799 1 
 39.6521 -0.7776 -0.7625  0.0687  0.7499  0.0353  0.4084  0.0911 -0.0003  0.5909 1 
 44.9348  0.6262 -2.6736  0.0463  0.2235  0.1051  0.4828  0.0720 -0.0003  0.3110 1 
 38.6938 -0.6291  0.4757  0.1191  0.3990  0.0627  0.5025  0.2740 -0.0003  0.8988 1 
 44.0864 -0.8030  2.5639  0.0089  0.3628  0.1369  0.3970  0.2147  0.4873  0.8639 1 
 42.5025  0.7969 -0.5278  0.1488  0.5406  0.0223  0.4899  0.1182 -0.0003  0.7723 1 
 43.7232 -0.2810 -0.0705  0.3339  0.1837  0.1370  0.5305  0.1667 -0.0003  0.9533 1 
 35.8526  0.3226  3.0864  0.4099  0.1735  0.0551  0.1866  0.3923 -0.0003  0.9870 1 
 49.5674  0.2655 -1.6831  0.0962  0.1891  0.0496  0.4278  0.0152  0.0927  0.4969 0 
 46.6377 -0.2271  1.4428  0.0335  0.5650  0.0383  0.3477  0.0436 -0.0003  0.2828 0 
 45.9205 -0.6508  0.0414  0.0672  0.0935  0.0351  0.4364  0.0333 -0.0003  0.1480 0 
 45.4932  0.6584 -3.0946  0.0032  0.3957  0.0150  0.3062  0.1115 -0.0003  0.0894 0 
 46.6560  0.2846  2.4307  0.0065  0.5782  0.0397  0.5215  0.1412 -0.0003  0.3009 1 
 45.8930 -0.2753 -0.7333  0.2585  0.3163  0.0565  0.2619  0.1715 -0.0003  0.9043 1 
 43.7995  0.0272 -0.6679  0.3126  0.3405  0.0633  0.4418  0.4520 -0.0003  0.9962 1 
 38.1811 -0.0072  2.4397  0.0152  0.4469  0.0656  0.4126  0.0158  0.2928  0.5415 1 
 40.0916 -0.5426 -0.8405  0.0769  0.4454  0.0081  0.1810  0.0230  0.0399  0.2075 0 
 38.4802  0.5507  2.2858  0.0161  0.3848  0.0219  0.1372  0.2465 -0.0003  0.2879 0 
 43.8941 -0.5116  0.3249  0.0011  0.3323  0.0640  0.4857  0.0204 -0.0003  0.1482 0 
 32.9412  0.4913 -2.8137  0.1111  0.3063  0.0156  0.1434  0.0493 -0.0003  0.2211 0 
 42.1393  0.3262  1.2348  0.1402  0.0831  0.0364  0.2678  0.0930 -0.0003  0.2589 0 
 34.6593 -0.3247 -1.9296  0.0276  0.1690  0.0558  0.2355  0.0320 -0.0003  0.1185 0 
 47.2206  0.3166  2.5865  0.5925  0.7184  0.0915  0.7798  0.3950  0.0810  0.9929 1 
 32.7703 -0.3135 -0.5538  0.6046  0.8199  0.0194  0.5264  0.6545  0.1458  0.9984 1 
 50.9010  0.0349  0.2826  0.0340  0.3716  0.0524  0.3825  0.0668 -0.0003  0.2841 0 
 48.0812 -0.0133 -2.8817  0.0387  0.4498  0.0723  0.3881  0.0047 -0.0003  0.2700 0 
 47.9805 -0.3004  0.8884  0.4306  0.2773  0.1425  0.3020  0.4323  0.3029  0.9982 1 
 41.4557  0.3043 -2.2655  0.2477  0.5249  0.0551  0.5829  0.2177  0.1857  0.9743 1 
 41.8616  0.3908  1.0951  0.0328  0.7904  0.0194  0.4025  0.0679 -0.0003  0.2451 0 
 39.8260 -0.3512 -2.0326  0.0017  0.1536  0.0305  0.2720  0.0097 -0.0003  0.0538 0 
 46.5675 -0.7024 -0.0264  0.0125  0.0654  0.0349  0.2609  0.0174 -0.0003  0.0538 0 
 45.0172  0.6957  3.1199  0.0441  0.2085  0.0117  0.2193  0.0532 -0.0003  0.0745 0 
 46.3478  0.4878  2.6457  0.0326  0.6273  0.0514  0.5659  0.3203 -0.0003  0.7722 1 
 34.9310 -0.4726 -0.5205  0.2344  0.6335  0.0272  0.7050  0.4250 -0.0003  0.9881 1 
 56.9375 -0.1503  1.4969  0.0114  0.0501  0.0671  0.2479  0.0240 -0.0003  0.0735 0 
 40.1343  0.1369 -1.6678  0.0045  0.3034  0.0105  0.1809  0.0328 -0.0003  0.0650 0 
 45.1484 -0.2130  2.1323  0.0440  0.0813  0.0504  0.3945  0.2770 -0.0003  0.2872 0 
 42.0050  0.2045 -0.9692  0.0014  0.3098  0.0938  0.3127  0.0136 -0.0003  0.1516 0 
 45.1881  0.7595 -2.0092  0.0919  0.1746  0.1357  0.2629  0.0594 -0.0003  0.3909 0 
 43.9002 -0.7583  1.0823  0.0417  0.2051  0.0351  0.2650  0.0202 -0.0003  0.1248 0 
 50.4707 -0.7737  2.8636  0.0221  0.6145  0.0413  0.4259  0.1791 -0.0003  0.4953 0 
 45.6733  0.7756 -0.2296  0.0168  0.3870  0.0549  0.3496  0.0644  0.0953  0.3641 0 
 48.7221  0.3834  2.9315  0.0215  0.0539  0.0161  0.4297  0.1517 -0.0003  0.0954 0 
 47.9133 -0.3547 -0.2016  0.0159  0.0764  0.0534  0.2158  0.0396 -0.0003  0.0707 0 
 43.1586 -0.0197 -2.0430  0.0292  0.3353  0.1513  0.3992  0.1496  0.0374  0.4578 1 
 28.0125  0.0070  1.1256  0.6260  0.3108  0.0491  0.3007  0.2398  0.3406  0.9967 1 
 48.5573 -0.7391 -2.6713  0.0042  0.2442  0.0707  0.6452  0.1360 -0.0003  0.2496 0 
 44.7517  0.7358  0.4985  0.0157  0.4758  0.0257  0.1757  0.0046 -0.0003  0.1793 0 
 51.0750  0.2066  2.2400  0.0021  0.3631  0.0909  0.5944  0.0240 -0.0003  0.1797 0 
 39.5666 -0.1804 -0.9334  0.0506  0.3134  0.0206  0.1816  0.1075 -0.0003  0.1862 0 
 41.9043 -0.1162  2.7033  0.3378  0.3605  0.0603  0.6259  0.3435  0.4333  0.9998 1 
 36.5576  0.1234 -0.5149  0.2987  0.1799  0.0572  0.4640  0.3630 -0.0003  0.9876 1 
 46.8544  0.1586 -2.2392  0.1100  0.4673  0.1552  0.6077  0.2160 -0.0003  0.8901 0 
 41.3397 -0.1477  0.9422  0.0349  0.7224  0.1034  0.3589  0.0756 -0.0003  0.3816 0 
 42.8016  0.2241 -1.4757  0.0723  0.2911  0.0398  0.4001  0.0714 -0.0003  0.3807 1 
 41.7060 -0.1948  1.6852  0.2025  0.5601  0.0289  0.1791  0.1843  0.3268  0.9876 1 
 46.4179 -0.5954 -1.8966  0.1812  0.7527  0.0383  0.5657  0.2121 -0.0003  0.9392 1 
 15.7778  0.6089  1.2177  0.3487  0.6346  0.0115  0.4238  0.3806  0.0386  0.9899 1 
 44.6265 -0.0837 -1.5393  0.0000  0.1912  0.0203  0.2198  0.0472 -0.0003  0.0429 0 
 42.9877  0.0741  1.5985  0.0798  0.3447  0.0134  0.1332  0.0832 -0.0003  0.1891 0 
 45.1942 -0.0748  2.2635  0.0110  0.2291  0.1196  0.2629  0.0273 -0.0003  0.1466 0 
 43.0335  0.1242 -0.8341  0.0104  0.4945  0.1823  0.3995  0.0013 -0.0003  0.2157 0 
 46.2623 -0.7450 -0.4966  0.0334  0.5983  0.1640  0.5662  0.2320 -0.0003  0.6537 1 
 44.3244  0.7456  2.6278  0.1220  0.5366  0.0435  0.4405  0.1762 -0.0003  0.8485 1 
 48.2368  0.3491  0.7626  0.0298  0.4826  0.0797  0.3878  0.0829 -0.0003  0.3201 0 
 38.2696 -0.3099 -2.4570  0.0046  0.4604  0.0505  0.1833  0.1175 -0.0003  0.2817 0 
 41.3825 -0.6736 -3.0157  0.0076  0.0958  0.0157  0.2243  0.0059 -0.0003  0.0408 0 
 38.1231  0.6978  0.1346  0.0055  0.2765  0.0221  0.2293  0.0502 -0.0003  0.0636 0 
 56.9345  0.6411  1.8426  0.0158  0.1632  0.0717  0.2479  0.0870 -0.0003  0.1364 0 
 36.4813 -0.6606 -1.3661  0.0112  0.1067  0.0094  0.1393  0.0054 -0.0003  0.0447 0 
 49.7444  0.1966 -2.2049  0.1512  0.1624  0.0812  0.2992  0.1100 -0.0003  0.5933 0 
 42.7192 -0.1968  0.9161  0.0170  0.6009  0.0283  0.0889  0.0001 -0.0003  0.2626 0 
 44.5930 -0.4850  2.5968  0.0883  0.6915  0.0811  0.3078  0.0870 -0.0003  0.7038 0 
 44.0925  0.5026 -0.5344  0.1142  0.5147  0.1689  0.5734  0.0731 -0.0003  0.5425 0 
 45.3803  0.4295 -1.6698  0.1612  0.2063  0.0223  0.3940  0.1913 -0.0003  0.7111 0 
 29.0227 -0.4141  1.4795  0.0377  0.1553  0.0334  0.2479  0.0527 -0.0003  0.0859 0 
 45.8167 -0.6781  0.0835  0.0639  0.3992  0.0224  0.2183  0.2477 -0.0003  0.4541 0 
 43.9948  0.6838 -3.0625  0.0378  0.2689  0.0693  0.3531  0.1080 -0.0003  0.3197 0 
 49.4301  0.1152 -1.8548  0.0063  0.7762  0.1686  0.6851  0.0154 -0.0003  0.2767 0 
 45.8106 -0.1254  1.2380  0.0449  0.3350  0.0435  0.4367  0.0109  0.1369  0.4550 0 
 50.0710  0.4691  0.2735  0.0603  0.3410  0.0696  0.4694  0.1068 -0.0003  0.4740 0 
 43.4302 -0.4585 -2.8643  0.0551  0.1657  0.0818  0.3100  0.0591 -0.0003  0.2204 0 
 46.0273 -0.0672 -0.6649  0.0003  0.3536  0.0460  0.5669  0.0228 -0.0003  0.1581 0 
 45.8808  0.0482  2.4582  0.0360  0.1237  0.1023  0.2619  0.0434 -0.0003  0.1164 0 
 67.2984  0.6475 -2.6787  0.0025  0.1627  0.0257  0.2380  0.0900 -0.0003  0.0522 0 
 44.8157 -0.6437  0.4696  0.0003  0.1875  0.0073  0.0878  0.0175 -0.0003  0.0617 0 
 44.2939  0.7958 -2.1651  0.0072  0.4105  0.0510  0.3084  0.1262 -0.0003  0.2505 0 
 36.8048 -0.7915  0.9615  0.0000  0.3109  0.0092  0.1853  0.0196 -0.0003  0.0621 0 
 65.0980  0.2621  0.9589  0.0283  0.1200  0.0620  0.3199  0.0631 -0.0003  0.1064 0 
 41.5503 -0.2267 -2.2068  0.0557  0.2617  0.0597  0.3585  0.0776 -0.0003  0.3318 0 
 67.8019 -0.4863  2.6307  0.0022  0.7435  0.0217  0.2376  0.0959 -0.0003  0.1500 0 
 46.4240  0.4788 -0.5209  0.0288  0.2375  0.0367  0.3046  0.0373 -0.0003  0.1191 0 
 47.3121 -0.0475 -0.7515  0.0216  0.5473  0.1020  0.5196  0.0081 -0.0003  0.2323 1 
 47.0649  0.0450  2.4164  0.0115  0.4861  0.0666  0.5203  0.0390 -0.0003  0.2036 1 
 48.7953  0.0337 -3.0958  0.0040  0.4188  0.0390  0.2577  0.0089 -0.0003  0.1616 0 
 35.7580  0.0070  0.0349  0.0061  0.1902  0.0357  0.4202  0.0391 -0.0003  0.0827 0 
 65.6077  0.3201 -1.5430  0.0659  0.0626  0.0237  0.2794  0.0761 -0.0003  0.0739 0 
 38.5290 -0.3061  1.6127  0.0891  0.4776  0.0197  0.2744  0.0241 -0.0003  0.3133 0 
 46.3905  0.6544 -1.3238  0.0205  0.3888  0.1852  0.4352  0.0139 -0.0003  0.2325 0 
 38.9502 -0.6359  1.8942  0.0905  0.3732  0.0938  0.3192  0.0512 -0.0003  0.4990 0 
 45.9205 -0.2207 -1.0644  0.4207  0.3063  0.0438  0.4800  0.4435  0.2351  0.9996 1 
 45.0416  0.2406  2.0863  0.0594  0.6542  0.0889  0.6579  0.0467 -0.0003  0.4003 1 
 50.7424  0.1050 -1.4490  0.0021  0.0988  0.0146  0.2552  0.0690 -0.0003  0.0352 0 
 50.6813 -0.0917  1.6841  0.3537  0.2714  0.0638  0.5105  0.2650 -0.0003  0.9862 0 
 46.9917 -0.3888  0.8558  0.0761  0.4124  0.0352  0.2169  0.0927 -0.0003  0.4055 0 
 44.3214  0.3985 -2.3092  0.0246  0.1505  0.0493  0.3524  0.0139 -0.0003  0.1041 0 
 49.1035 -0.4559 -1.7083  0.0396  0.3402  0.0332  0.5146  0.0117 -0.0003  0.2737 0 
 44.3824  0.4938  1.4508  0.0902  0.7535  0.0504  0.4843  0.1158 -0.0003  0.7600 0 
 46.1158  0.2458  1.4447  0.0336  0.2183  0.0539  0.3051  0.0623 -0.0003  0.1750 0 
 44.7211 -0.2110 -1.6934  0.0289  0.1104  0.0273  0.3076  0.0873 -0.0003  0.0710 0 
 46.3996  0.2931 -2.7445  0.0051  0.2372  0.1082  0.3482  0.0311 -0.0003  0.1276 0 
 45.8686 -0.2839  0.4137  0.0064  0.1695  0.0479  0.3056  0.0978 -0.0003  0.0920 0 
 56.2509 -0.3441 -2.1406  0.0032  0.6396  0.0696  0.3729  0.1141 -0.0003  0.2920 0 
 49.7414  0.3306  0.9503  0.0470  0.2970  0.0379  0.2992  0.0709  0.0733  0.4110 0 
 44.5258  0.6284  0.1647  0.0088  0.4510  0.0226  0.2200  0.0534 -0.0003  0.1085 0 
 43.1769 -0.6240 -2.9760  0.0511  0.3938  0.0479  0.2217  0.0146 -0.0003  0.3403 0 
 59.2264  0.1764 -0.4086  0.0175  0.2400  0.1288  0.2455  0.0195 -0.0003  0.1684 0 
 45.7160 -0.1429  2.7499  0.0011  0.2820  0.0350  0.2184  0.0707 -0.0003  0.0888 0 
 51.3710  0.6783  1.5935  0.0064  0.5296  0.0661  0.4664  0.0286 -0.0003  0.1808 0 
 35.8740 -0.6656 -1.5152  0.0718  0.4966  0.0486  0.3732  0.0429 -0.0003  0.4867 0 
 51.1757  0.2560 -2.4927  0.0274  0.3874  0.0809  0.3395  0.0073 -0.0003  0.2299 0 
 45.9541 -0.2758  0.6738  0.0029  0.0918  0.0295  0.4363  0.0239 -0.0003  0.0601 0 
 52.7932  0.3614  0.4494  0.0339  0.1466  0.0505  0.3368  0.0555 -0.0003  0.1198 0 
 50.3792 -0.3658 -2.6932  0.0193  0.3198  0.1061  0.3409  0.0567 -0.0003  0.2118 0 
 41.7212 -0.0541 -1.8254  0.0685  0.4438  0.0386  0.1790  0.0181 -0.0003  0.3780 0 
 33.2921  0.0842  1.3521  0.1080  0.4840  0.0232  0.1906  0.1191 -0.0003  0.4444 0 
 51.6579  0.0716  1.0040  0.0164  0.2263  0.0227  0.1693  0.0141 -0.0003  0.0814 0 
 40.7019 -0.0661 -2.1345  0.0241  0.3882  0.0115  0.1802  0.0174  0.0739  0.1580 0 
 52.7199 -0.4512 -1.7321  0.0133  0.2000  0.0397  0.2527  0.0812 -0.0003  0.0912 0 
 45.6764  0.4678  1.4431  0.0151  0.2216  0.0789  0.3496  0.0646 -0.0003  0.1525 0 
 45.1667  0.5117 -2.6818  0.2017  0.4392  0.0191  0.3945  0.3032 -0.0003  0.9093 0 
 36.1364 -0.5052  0.4669  0.0000  0.4185  0.0664  0.6052  0.0327  0.1188  0.2885 0 
 42.5788 -0.7480  0.8473  0.1282  0.1637  0.0703  0.1781  0.0876 -0.0003  0.5118 0 
 32.1904  0.7781 -2.3241  0.0100  0.7984  0.0543  0.3367  0.0097 -0.0003  0.2422 0 
 49.8970  0.6347 -0.7432  0.0081  0.1661  0.1100  0.3417  0.0667 -0.0003  0.1052 0 
 45.8289 -0.6229  2.4167  0.0043  0.3260  0.0854  0.5239  0.0054 -0.0003  0.1617 0 
 38.1628 -0.0543 -2.4513  0.0348  0.6448  0.0342  0.3669  0.0297  0.1070  0.4966 1 
 28.8701  0.0829  0.7151  0.2590  0.5852  0.0278  0.4469  0.3342  0.2581  0.9970 1 
 48.4962 -0.3756 -1.3651  0.0080  0.4987  0.1981  0.5163  0.0480 -0.0003  0.2500 0 
 46.2806  0.3427  1.8145  0.0414  0.3145  0.0387  0.3919  0.0631 -0.0003  0.2492 0 
 44.3305 -0.0404  2.8744  0.5791  0.2400  0.0899  0.3964  0.3782 -0.0003  0.9941 1 
 42.5238  0.0252 -0.2583  0.1124  0.3922  0.0454  0.4453  0.1785 -0.0003  0.7813 1 
 52.5093  0.3729 -1.5925  0.4107  0.2988  0.0681  0.3794  0.6970 -0.0003  0.9983 1 
 48.0079 -0.3755  1.5160  0.5406  0.4470  0.0599  0.3019  0.4964 -0.0003  0.9977 1 
 44.2084  0.3186 -0.3388  0.0240  0.2825  0.0163  0.1763  0.0187 -0.0003  0.0919 0 
 44.0284 -0.2782  2.8066  0.0051  0.1375  0.0386  0.2647  0.0180 -0.0003  0.0595 0 
 47.2267 -0.5637  1.0668  0.0016  0.8664  0.0245  0.4765  0.1215 -0.0003  0.2301 0 
 40.9888  0.5660 -2.0837  0.0193  0.1303  0.0262  0.3598  0.0678 -0.0003  0.0654 0 
 44.9256  0.0393  1.4701  0.1386  0.5970  0.0339  0.2195  0.0681 -0.0003  0.6605 1 
 28.6717 -0.0612 -1.7166  0.0777  0.2055  0.0638  0.3483  0.1738 -0.0003  0.5308 1 
 47.9988  0.4857  0.8032  0.0269  0.6243  0.1013  0.4314  0.0136  0.2464  0.5499 0 
 38.0255 -0.4410 -2.3381  0.0927  0.2424  0.0269  0.3672  0.0187 -0.0003  0.2922 0 
 46.9215  0.2028 -2.7634  0.0479  0.6048  0.0234  0.2604  0.0445 -0.0003  0.2214 0 
 43.6652 -0.1917  0.3816  0.0000  0.1275  0.0231  0.3538  0.1284  0.0602  0.1215 0 
 73.6156 -0.2559 -2.9440  0.0541  0.0296  0.0479  0.3108  0.0380 -0.0003  0.0770 0 
 43.3967  0.2107  0.2194  0.0229  0.3839  0.0290  0.1329  0.0495 -0.0003  0.1658 0 
 48.7007  0.4528 -1.3308  0.5587  0.6008  0.0797  0.7306  0.5490 -0.0003  0.9957 1 
 36.0967 -0.4473  1.7803  0.2061  0.7046  0.0544  0.4191  0.0947  0.3777  0.9950 1 
 47.0436  0.1809  2.5953  0.0434  0.1066  0.0631  0.3035  0.0435 -0.0003  0.1097 0 
 45.7130 -0.1822 -0.5503  0.0023  0.0687  0.0922  0.4806  0.0864 -0.0003  0.0754 0 
 54.1268 -0.5441  0.3374  0.0029  0.0920  0.0641  0.2092  0.0119 -0.0003  0.0797 0 
 44.9073  0.5514 -2.8205  0.0386  0.5426  0.0322  0.2634  0.0722 -0.0003  0.2501 0 
 45.0721 -0.6206 -2.3648  0.0375  0.5254  0.1862  0.4824  0.0386 -0.0003  0.2970 1 
 44.6052  0.6146  0.7499  0.6545  0.6533  0.0511  0.3078  0.4918  0.1549  0.9980 1 
 47.7516  0.2886  1.0958  0.0115  0.5551  0.0144  0.3888  0.1611  0.1450  0.4972 0 
 46.4485 -0.2899 -2.0711  0.0217  0.0688  0.0219  0.3046  0.0512 -0.0003  0.0463 0 
 45.0965  0.5654  2.1796  0.0092  0.2515  0.0988  0.3069  0.0493 -0.0003  0.1516 1 
 41.0224 -0.5589 -1.0070  0.4197  0.5248  0.0340  0.3148  0.3742 -0.0003  0.9942 1 
 48.8869  0.4107 -1.8538  0.0246  0.5761  0.1115  0.3864  0.0063 -0.0003  0.2338 0 
 42.5116 -0.3997  1.2984  0.0835  0.1652  0.0202  0.3117  0.2396  0.1523  0.7127 0 
 47.0649 -0.4589  0.5810  0.0005  0.3726  0.0522  0.3469  0.0457 -0.0003  0.1369 0 
 45.7099  0.4596 -2.5627  0.0184  0.2022  0.0320  0.4369  0.1725 -0.0003  0.2076 0 
 46.6041 -0.0386  2.7146  0.1934  0.2230  0.0923  0.1739  0.2239 -0.0003  0.8953 1 
 40.1099 -0.0089 -0.4237  0.2096  0.5797  0.0257  0.4071  0.1434 -0.0003  0.8132 1 
 38.5229 -0.3507  3.0667  0.1766  0.1019  0.0470  0.3202  0.2127  0.5068  0.9982 1 
 26.6453  0.3370 -0.0572  0.0540  0.5523  0.0165  0.3561  0.1087 -0.0003  0.2872 1 
 39.4903 -0.4150  0.5850  0.0314  0.5389  0.0835  0.4997  0.1213 -0.0003  0.3756 0 
 36.7010  0.3884 -2.5748  0.0366  0.4777  0.0869  0.8343  0.0335 -0.0003  0.3960 0 
 39.0753  0.4433  1.7323  0.0811  0.5047  0.0323  0.2278  0.1734 -0.0003  0.5744 0 
 34.1375 -0.4378 -1.4169  0.0755  0.3608  0.0325  0.2838  0.0865 -0.0003  0.3666 0 
 52.7993 -0.7314 -1.4138  0.0086  0.1880  0.0350  0.2526  0.0214 -0.0003  0.0666 0 
 44.6174  0.7234  1.7125  0.0081  0.3292  0.0291  0.4837  0.0486 -0.0003  0.1360 0 
 57.3678 -0.3604  0.8937  0.6072  0.6584  0.0980  0.4537  0.7280 -0.0003  0.9983 1 
 42.6520  0.3069 -2.2679  0.1233  0.4722  0.0341  0.1780  0.0904  0.0309  0.6332 1 
 36.0754 -0.7391  1.4346  0.3945  0.6971  0.0387  0.2329  0.3851  0.2441  0.9958 1 
 21.8570  0.7610 -1.7077  0.1272  0.2985  0.0480  0.3248  0.0552 -0.0003  0.5224 1 
 52.4880 -0.0880 -3.0721  0.0126  0.5530  0.1386  0.7168  0.0189 -0.0003  0.2586 0 
 50.3670  0.0943  0.0629  0.0095  0.3888  0.0098  0.2557  0.0759 -0.0003  0.0778 0 
 44.8585  0.5746 -1.0359  0.0038  0.4205  0.0344  0.3951  0.0314 -0.0003  0.1264 0 
 43.5309 -0.5605  2.0528  0.0246  0.2279  0.1816  0.3983  0.0794 -0.0003  0.2367 0 
 52.0302  0.6682  1.8751  0.0586  0.3021  0.0884  0.4649  0.0567 -0.0003  0.3691 0 
 31.0246 -0.6435 -1.2651  0.0024  0.1890  0.0204  0.1458  0.1246 -0.0003  0.0951 0 
 38.9380  0.5118  1.7485  0.0471  0.3357  0.1288  0.2736  0.2530 -0.0003  0.6978 0 
 37.5433 -0.4983 -1.4505  0.0093  0.3547  0.0530  0.3225  0.1107 -0.0003  0.2136 0 
 46.4240  0.4206 -2.9983  0.0047  0.3180  0.0956  0.3046  0.0738 -0.0003  0.1851 0 
 45.1728 -0.4367  0.1618  0.0147  0.2030  0.0421  0.3945  0.0407 -0.0003  0.1058 0 
 51.5785 -0.3417 -1.8545  0.0215  0.1998  0.0369  0.2118  0.0080 -0.0003  0.1018 0 
 47.1138  0.3402  1.2727  0.1592  0.4340  0.0237  0.2601  0.0109 -0.0003  0.5717 0 
 51.0597 -0.5396 -1.4969  0.0027  0.0560  0.1838  0.2972  0.0667 -0.0003  0.0452 0 
 46.7597  0.5432  1.6479  0.0157  0.1589  0.1422  0.6081  0.0135 -0.0003  0.1735 0 
 48.7190 -0.2124 -0.6430  0.0089  0.3021  0.0370  0.3438  0.0959 -0.0003  0.1263 0 
 34.7356  0.2023  2.4901  0.0005  0.3783  0.0259  0.3766  0.0773 -0.0003  0.0897 0 
 46.7689 -0.4119  0.9659  0.0014  0.5007  0.0894  0.4343  0.0528 -0.0003  0.1828 0 
 45.7649  0.4017 -2.1615  0.0513  0.1969  0.0291  0.2621  0.0405 -0.0003  0.1193 0 
 46.9612  0.6869  0.6292  0.0299  0.2401  0.0979  0.0867  0.0505 -0.0003  0.3669 0 
 43.2288 -0.6884 -2.5230  0.0472  0.5456  0.0159  0.2660  0.0572  0.0861  0.3301 0 
 50.1686  0.4292  2.9140  0.0308  0.2322  0.0591  0.3412  0.0557 -0.0003  0.1853 0 
 44.4648 -0.4118 -0.2407  0.0301  0.5094  0.0130  0.2640  0.0695 -0.0003  0.1266 0 
 46.0975 -0.0707 -2.8806  0.1479  0.2133  0.0468  0.3924  0.2368 -0.0003  0.8168 0 
 45.0538  0.0715  0.2630  0.0176  0.3478  0.0265  0.3508  0.0258 -0.0003  0.1144 0 
 45.4902 -0.3425  1.8161  0.0050  0.0996  0.0229  0.2625  0.0140 -0.0003  0.0426 0 
 45.1240  0.3158 -1.2974  0.0113  0.6510  0.0902  0.3946  0.0566 -0.0003  0.2516 0 
 49.3935  0.7800  1.1488  0.0267  0.3052  0.0504  0.6423  0.0195  0.2747  0.4976 0 
 39.8993 -0.7813 -1.9882  0.0654  0.7038  0.0321  0.3171  0.0921 -0.0003  0.4784 0 
 50.3792  0.4363  0.8805  0.0055  0.2740  0.0546  0.2982  0.0182 -0.0003  0.1290 0 
 43.6652 -0.4637 -2.2576  0.0129  0.3994  0.0316  0.3095  0.0041 -0.0003  0.1502 0 
 46.6987 -0.2245 -1.9870  0.1058  0.3536  0.0214  0.3476  0.2308 -0.0003  0.6511 0 
 39.8352  0.2448  1.1824  0.0934  0.3626  0.0159  0.1813  0.0419 -0.0003  0.2058 0 
 47.2297  0.4753 -1.7077  0.0061  0.0202  0.0256  0.2599  0.0128 -0.0003  0.0466 0 
 42.3346 -0.4779  1.4567  0.0591  0.2202  0.0303  0.1783  0.0207 -0.0003  0.1678 0 
 58.3810  0.7630  0.9942  0.0739  0.4773  0.2676  0.7391  0.0703 -0.0003  0.4916 1 
 37.7569 -0.7447 -2.2386  0.0796  0.3467  0.1187  0.4139  0.0316  0.1524  0.5970 1 
 50.0496 -0.5328 -0.0047  0.0022  0.2016  0.0321  0.1707  0.0410 -0.0003  0.0675 0 
 43.2563  0.5475 -3.1261  0.0114  0.2250  0.0383  0.6206  0.1083  0.0741  0.3117 0 
 52.9702 -0.6214  2.7228  0.0407  0.5704  0.0167  0.2524  0.0482 -0.0003  0.1601 0 
 45.7740  0.6280 -0.4069  0.0969  0.3309  0.1196  0.6114  0.1370  0.1927  0.8741 0 
 50.8614  0.6729  1.9968  0.0186  0.6226  0.0327  0.3400  0.0983  0.1852  0.5711 0 
 46.9123 -0.6608 -1.1150  0.0129  0.1327  0.0762  0.3038  0.0209  0.1409  0.1412 0 
 50.8675  0.5309  1.6616  0.0191  0.0960  0.0400  0.2550  0.0462 -0.0003  0.0608 0 
 44.4282 -0.5358 -1.5017  0.0003  0.2841  0.0763  0.3081  0.0396 -0.0003  0.1378 0 
 55.8358  0.6672 -0.5441  0.0128  0.3394  0.1418  0.4567  0.1617 -0.0003  0.3232 0 
 43.0091 -0.6461  2.6256  0.0338  0.2202  0.0892  0.2664  0.1044 -0.0003  0.2897 0 
 49.5705 -0.1632  1.8437  0.0157  0.4451  0.1682  0.3850  0.1585  0.3717  0.7546 0 
 41.9135  0.1113 -1.3961  0.0015  0.3201  0.1313  0.5365  0.1108  0.5040  0.6538 0 
 41.1383  0.4469  1.4522  0.0363  0.2299  0.1000  0.2696  0.2108 -0.0003  0.4960 0 
 32.0287 -0.4378 -1.6770  0.0403  0.3033  0.0202  0.1445  0.0201 -0.0003  0.1428 0 
 46.9429  0.5760 -2.3556  0.0822  0.3391  0.1047  0.3905  0.0790 -0.0003  0.4725 0 
 46.2470 -0.5784  0.7874  0.0200  0.5574  0.0265  0.3920  0.1144 -0.0003  0.2353 0 
 41.8677  0.2395  2.9053  0.0385  0.6413  0.0620  0.8943  0.0500  0.2175  0.7022 1 
 38.1781 -0.2329 -0.2488  0.2257  0.5221  0.0289  0.3668  0.1463  0.1465  0.8640 1 
 40.5768 -0.4330  1.1806  0.1930  0.3371  0.0216  0.4059  0.2153  0.1541  0.9349 0 
 31.9677  0.4630 -1.8770  0.0179  0.6167  0.0761  0.2892  0.1777 -0.0003  0.5864 0 
 32.7153 -0.1983 -0.3724  0.1408  0.3410  0.0298  0.5267  0.2515 -0.0003  0.8720 1 
 24.5304  0.1035  2.8206  0.0296  0.3264  0.0520  0.5219  0.0401  0.2082  0.4786 1 
 48.2887  0.3511  2.5974  0.9824  0.6408  0.0560  0.3015  0.7795 -0.0003  0.9981 1 
 46.3508 -0.3219 -0.5201  0.4908  0.6451  0.0331  0.6094  0.7708 -0.0003  0.9984 1 
 52.2927 -0.6225 -2.1611  0.0725  0.5581  0.0705  0.3799  0.0463 -0.0003  0.4784 0 
 46.2562  0.6394  0.9914  0.0558  0.0558  0.0144  0.3920  0.2485 -0.0003  0.1909 0 
 44.7486 -0.1806 -1.0737  0.3863  0.1950  0.1085  0.3075  0.3264 -0.0003  0.9932 1 
 31.5831  0.1645  2.0550  0.2510  0.3546  0.0272  0.3386  0.2991 -0.0003  0.9377 1 
 50.0801 -0.6539  0.2540  0.0182  0.4235  0.0910  0.3840  0.0101 -0.0003  0.1988 0 
 46.9673  0.6652 -2.8959  0.0026  0.0712  0.1068  0.3904  0.0190 -0.0003  0.0548 0 
 47.2786  0.2803  2.9178  0.0650  0.4585  0.1110  0.5197  0.1033 -0.0003  0.4637 0 
 46.2104 -0.2720 -0.2450  0.1171  0.4832  0.0577  0.6535  0.1314 -0.0003  0.8002 0 
 44.3854 -0.6952  0.3774  0.0072  0.2040  0.0196  0.3962  0.0851 -0.0003  0.0662 0 
 41.4832  0.6738 -2.7667  0.0337  0.2543  0.0974  0.4483  0.0269 -0.0003  0.2200 0 
 45.2552  0.3377 -0.6651  0.6418  0.8087  0.0916  0.8761  0.3814 -0.0003  0.9858 1 
 36.1608 -0.3881  2.4426  0.1696  0.4165  0.0137  0.2793  0.1059 -0.0003  0.4760 1 
 45.0050  0.1921 -2.6694  0.0015  0.2256  0.0922  0.3948  0.0073 -0.0003  0.1178 0 
 32.6146 -0.1830  0.5051  0.0000  0.1060  0.0332  0.1438  0.0357 -0.0003  0.0560 0 
 42.5391  0.7806  3.0800  0.2856  0.2816  0.0962  0.4898  0.1806 -0.0003  0.9459 0 
 41.8677 -0.8035 -0.1010  0.0027  0.3120  0.0155  0.4025  0.0124 -0.0003  0.0682 0 
 51.5450 -0.5433 -0.2413  0.0069  0.2862  0.0339  0.4660  0.1243 -0.0003  0.1711 0 
 47.9652  0.5252  2.8574  0.0190  0.1658  0.0308  0.4315  0.0179 -0.0003  0.0944 0 
 57.5448 -0.1759 -2.9405  0.0788  0.0969  0.0578  0.3297  0.1069 -0.0003  0.2161 0 
 46.4332  0.1630  0.2135  0.0179  0.2901  0.0402  0.4351  0.0224 -0.0003  0.1577 0 
 53.6843 -0.7724  2.8315  0.0446  0.4067  0.0627  0.3354  0.0571 -0.0003  0.3538 0 
 45.1545  0.7838 -0.3035  0.0412  0.4009  0.0081  0.1753  0.0134 -0.0003  0.1170 0 
 48.3619 -0.0936 -2.9169  0.1316  0.6877  0.0860  0.6458  0.0534 -0.0003  0.6861 1 
 37.3785  0.0565  0.2169  0.3678  0.5573  0.0330  0.4612  0.3331 -0.0003  0.9863 1 
 48.0018 -0.6644 -1.6933  0.1024  0.1576  0.0287  0.3020  0.0959 -0.0003  0.2833 0 
 42.6978  0.6503  1.4385  0.0018  0.2364  0.0577  0.3559  0.0756 -0.0003  0.1128 0 
 42.9816 -0.3680 -1.2054  0.1129  0.2925  0.0868  0.4440  0.0816 -0.0003  0.5510 0 
 41.5991  0.3460  1.9544  0.0025  0.5484  0.0718  0.3583  0.1334 -0.0003  0.3049 0 
 44.2420 -0.1137  2.9886  0.0013  0.1857  0.0370  0.3525  0.2618 -0.0003  0.2612 0 
 43.2868  0.1037 -0.1501  0.0021  0.5901  0.0168  0.2659  0.0253 -0.0003  0.1013 0 
 53.0434 -0.3791 -2.7330  0.0129  0.2555  0.1358  0.2523  0.1651 -0.0003  0.3451 0 
 41.9593  0.3995  0.3969  0.0022  0.6353  0.0140  0.3575  0.0397 -0.0003  0.0940 0 
 48.1880 -0.4618 -0.9691  0.4560  0.3962  0.0596  0.4309  0.8159 -0.0003  0.9986 1 
 37.0825  0.4702  2.1303  0.1765  0.1633  0.0520  0.1849  0.1978 -0.0003  0.7626 1 
 50.7210  0.6397 -2.8099  0.0015  0.7034  0.0333  0.2127  0.0084 -0.0003  0.2101 0 
 45.1392 -0.6611  0.3952  0.0131  0.4156  0.0428  0.3945  0.0142  0.1195  0.3250 0 
 51.8685 -0.5013  3.1267  0.0065  0.1376  0.1415  0.4229  0.0281 -0.0003  0.0927 0 
 32.2393  0.5148 -0.0293  0.0487  0.5685  0.0301  0.4327  0.0374 -0.0003  0.3622 0 
 51.3100 -0.1733  0.1213  0.1614  0.6276  0.0656  0.2969  0.1849 -0.0003  0.9363 1 
 44.2115  0.1795 -3.0106  0.6051  0.2515  0.0509  0.4407  0.4473 -0.0003  0.9948 1 
 43.7110  0.7755  0.6530  0.0975  0.1685  0.0373  0.3979  0.2481 -0.0003  0.5889 0 
 33.9605 -0.7861 -2.4666  0.2765  0.4144  0.0399  0.4737  0.2148 -0.0003  0.9413 0 
 63.1052  0.0881  1.6165  0.0013  0.3379  0.0164  0.2015  0.0203 -0.0003  0.0743 0 
 54.1176 -0.0842 -1.5175  0.0079  0.0761  0.0222  0.2929  0.0628 -0.0003  0.0417 0 
 39.2462  0.1220 -0.9003  0.0064  0.2293  0.0808  0.5916  0.0071 -0.0003  0.1588 0 
 30.5913 -0.1262  2.2939  0.0155  0.3213  0.0320  0.2929  0.0081 -0.0003  0.1244 0 
 53.9925 -0.6169  1.7943  0.0786  0.0843  0.1062  0.3350  0.0638 -0.0003  0.1683 0 
 45.5238  0.6219 -1.3484  0.0127  0.3158  0.0193  0.2187  0.0827 -0.0003  0.0916 0 
 42.3346  0.8019 -2.8567  0.0565  0.3660  0.1134  0.4459  0.0268 -0.0003  0.3230 1 
 37.1344 -0.7934  0.2709  0.2704  0.3842  0.0240  0.4620  0.4166 -0.0003  0.9866 1 
 48.3894 -0.7481 -2.5378  0.0125  0.7430  0.0137  0.3444  0.0296  0.0226  0.1408 0 
 46.3416  0.7528  0.5092  0.0112  0.2707  0.1028  0.6095  0.0728 -0.0003  0.2362 0 
 46.1280 -0.4393  1.6123  0.0237  0.2767  0.0522  0.4795  0.0633  0.0926  0.3326 0 
 39.5483  0.4730 -1.5308  0.0140  0.1195  0.1019  0.2271  0.0186 -0.0003  0.0875 0 
 47.2480 -0.6942  0.0883  0.0114  0.3679  0.0132  0.2166  0.0043 -0.0003  0.0909 0 
 46.4302  0.6915 -3.0496  0.0046  0.3882  0.0422  0.4786  0.0130 -0.0003  0.1583 0 
 56.4920  0.3021  2.2750  0.0041  0.3846  0.1902  0.5795  0.0685 -0.0003  0.2483 0 
 43.1922 -0.3162 -0.9276  0.0046  0.3712  0.0593  0.4435  0.0587 -0.0003  0.1660 0 
 42.3438  0.5071 -2.0190  0.0318  0.4805  0.1810  0.4458  0.0107 -0.0003  0.2605 0 
 30.3929 -0.5068  1.1079  0.0148  0.1882  0.0147  0.2446  0.0091 -0.0003  0.0486 0 
 53.9284  0.3905  3.1314  0.0254  0.2698  0.0915  0.6282  0.0484 -0.0003  0.2812 0 
 47.2297 -0.3491  0.0081  0.0697  0.3639  0.0590  0.2166  0.0555 -0.0003  0.4607 0 
 52.4819 -0.3513  1.2188  0.0819  0.6789  0.0762  0.6325  0.0440 -0.0003  0.4940 0 
 48.2551  0.3706 -1.9072  0.0174  0.1463  0.0840  0.2585  0.0721  0.0671  0.1745 0 
 43.8575 -0.5527 -0.3127  0.4107  0.6341  0.0797  0.3975  0.2392 -0.0003  0.9868 1 
 30.5547  0.5507  2.7850  0.0895  0.3126  0.0334  0.1953  0.0145 -0.0003  0.3291 1 
 54.3679 -0.6835  1.9414  0.0184  0.6698  0.0329  0.2508  0.0168 -0.0003  0.2182 0 
 53.2143  0.6787 -1.1541  0.0206  0.0780  0.1654  0.2521  0.0143 -0.0003  0.0571 0 
 48.4016  0.6322  1.4958  0.0142  0.2327  0.0621  0.2152  0.0132 -0.0003  0.1596 0 
 46.2623 -0.6384 -1.6810  0.0044  0.2612  0.1412  0.5662  0.0573 -0.0003  0.1956 0 
 40.1740 -0.8258 -0.4056  0.1094  0.2792  0.0733  0.4974  0.1960 -0.0003  0.7873 1 
 30.9483  0.7994  2.6765  0.1915  0.7330  0.0108  0.3406  0.3925 -0.0003  0.9387 1 
 49.0852  0.4489 -3.1407  0.3900  0.4999  0.0335  0.3860  0.2868 -0.0003  0.9824 1 
 45.4322 -0.4433  0.0261  0.5895  0.3387  0.0561  0.2626  0.5555 -0.0003  0.9975 1 
 48.1331  0.2336 -2.2809  0.0474  0.2760  0.0655  0.6035  0.0958 -0.0003  0.4241 0 
 33.8476 -0.2269  0.8289  0.0725  0.2342  0.0333  0.0474  0.0239 -0.0003  0.3006 0 
 44.1413  0.1011 -2.5646  0.0674  0.1244  0.0341  0.3968  0.0181 -0.0003  0.1532 0 
 42.8717 -0.1212  0.5914  0.0017  0.2361  0.0690  0.4888  0.1284 -0.0003  0.1751 0 
 48.2826  0.3120  2.3526  0.2998  0.5779  0.0549  0.3446  0.1241 -0.0003  0.8933 1 
 27.2557 -0.3441 -0.7952  0.0185  0.5194  0.0205  0.2526  0.0368 -0.0003  0.1230 1 
 47.1504 -0.4896  0.2650  0.3456  0.2523  0.1778  0.3901  0.1407 -0.0003  0.9539 1 
 40.5524  0.5078 -2.8838  0.1270  0.5097  0.0888  0.3608  0.1331  0.6404  0.9982 1 
 43.5706 -0.3911  2.3117  0.0211  0.2885  0.1162  0.2212  0.0200 -0.0003  0.2144 0 
 42.0783  0.4033 -0.8237  0.0317  0.3039  0.0063  0.1340  0.0178 -0.0003  0.1005 0 
 48.9876 -0.7604  2.4424  0.0170  0.5250  0.0260  0.3004  0.1049 -0.0003  0.1708 0 
 41.3916  0.7401 -0.6562  0.0076  0.2542  0.0712  0.3588  0.0169 -0.0003  0.1379 0 
 49.7597 -0.4500  1.4808  0.0039  0.4354  0.0538  0.2564  0.0272 -0.0003  0.1964 0 
 46.7109  0.4733 -1.6145  0.0119  0.6162  0.0604  0.3910  0.0151 -0.0003  0.2054 0 
 44.8432 -0.4528  1.6376  0.0591  0.2410  0.0245  0.2195  0.1457  0.1042  0.4977 0 
 44.6418  0.4617 -1.4678  0.0134  0.1845  0.0484  0.2198  0.0193 -0.0003  0.0973 0 
 53.6263  0.1206  0.4500  0.0839  0.0349  0.0187  0.2097  0.0524  0.1148  0.2343 0 
 49.7536 -0.1148 -2.7025  0.2867  0.5995  0.0276  0.3420  0.2758 -0.0003  0.9627 0 
 52.7260 -0.6547 -1.5014  0.0029  0.6901  0.0506  0.7160  0.1249 -0.0003  0.3192 0 
 47.2847  0.6692  1.6185  0.0310  0.2656  0.0614  0.2165  0.0423 -0.0003  0.2281 0 
 45.5299 -0.2062 -1.2575  0.0092  0.4323  0.1723  0.6123  0.0180 -0.0003  0.2368 0 
 36.9024  0.1868  1.9269  0.1084  0.5909  0.0216  0.3240  0.1472 -0.0003  0.6101 0 
 53.4157 -0.7340  1.4976  0.0149  0.4587  0.0446  0.3358  0.0838 -0.0003  0.2173 0 
 38.5016  0.7367 -1.6456  0.0061  0.4168  0.0526  0.2745  0.0113 -0.0003  0.1974 0 
 51.5419 -0.1326  1.6168  0.3791  0.5168  0.2258  0.6354  0.0851 -0.0003  0.9644 1 
 34.3694  0.0676 -1.5850  0.1078  0.3624  0.0267  0.2361  0.1081  0.1711  0.7586 1 
 54.4259 -0.0497 -0.3001  0.0007  0.6510  0.1161  0.4596  0.0201 -0.0003  0.2194 0 
 38.7640  0.0387  2.8463  0.0204  0.4679  0.0069  0.2283  0.0263 -0.0003  0.0930 0 
 43.9338 -0.5512  2.3628  0.0198  0.4299  0.1515  0.4856  0.1639 -0.0003  0.3762 0 
 42.6917  0.5547 -0.8086  0.0879  0.3692  0.0308  0.5339  0.1625 -0.0003  0.6744 0 
 56.3577 -0.2450  0.4038  0.0596  0.1282  0.0276  0.2900  0.1468  0.0180  0.2383 0 
 54.4656  0.2294 -2.7493  0.0027  0.5392  0.0312  0.2924  0.0361  0.0646  0.2270 0 
 43.0579 -0.5181  0.0563  0.0008  0.2003  0.0569  0.4882  0.0324  0.1599  0.2021 0 
 31.9432  0.4830 -3.1017  0.0255  0.2300  0.0272  0.2893  0.0341  0.3247  0.8912 0 
 47.4861  0.4765 -1.6188  0.0154  0.0895  0.0176  0.3028  0.0034 -0.0003  0.0450 0 
 46.3355 -0.4172  1.5014  0.0024  0.0441  0.0941  0.2177  0.0986 -0.0003  0.0885 0 
 48.8502  0.5373 -2.4462  0.0047  0.1714  0.1023  0.3436  0.0093 -0.0003  0.0964 0 
 46.2837 -0.5375  0.7182  0.0063  0.1578  0.0764  0.4791  0.0212  0.0925  0.1386 0 
 44.6235  0.7921  1.5426  0.1496  0.4259  0.0668  0.3957  0.1144 -0.0003  0.7722 0 
 38.7396 -0.7918 -1.5726  0.0098  0.3716  0.0197  0.5024  0.0842  0.1016  0.3336 0 
 36.8261  0.2257 -1.2992  0.0571  0.3496  0.0119  0.4168  0.0777 -0.0003  0.2253 0 
 31.9860 -0.1745  1.8025  0.0382  0.1300  0.0712  0.2410  0.0558 -0.0003  0.1313 0 
 43.2685 -0.4209  2.4479  0.0019  0.3784  0.0674  0.5319  0.0270 -0.0003  0.1628 0 
 42.2705  0.4367 -0.6666  0.0004  0.4378  0.0265  0.3568  0.0230  0.1472  0.3043 0 
 47.6112  0.3674  2.7879  0.3200  0.3211  0.0519  0.4755  0.2055 -0.0003  0.9562 1 
 44.5167 -0.3732 -0.3354  0.3774  0.7469  0.0612  0.2200  0.3410  0.3004  0.9951 1 
 41.6083  0.6408  3.0378  0.0295  0.6664  0.0802  0.5823  0.1016  0.3214  0.7511 0 
 39.9817 -0.6565 -0.1267  0.0591  0.2625  0.0344  0.4075  0.1291 -0.0003  0.3709 0 
 59.7513 -0.3311 -2.4652  0.0117  0.1453  0.0466  0.2858  0.0676  0.1407  0.2323 0 
 46.0121  0.3379  0.6643  0.0514  0.3322  0.0137  0.3053  0.0190 -0.0003  0.1292 0 
 48.7037  0.5153 -0.6228  0.0138  0.2499  0.0343  0.2579  0.1702 -0.0003  0.2147 0 
 41.5015 -0.5114  2.5162  0.0017  0.5864  0.0268  0.3586  0.0557 -0.0003  0.1177 0 
 49.1157 -0.5918  2.2701  0.0077  0.3619  0.2176  0.5575 -0.0200 -0.0003  0.2055 0 
 40.7477  0.5859 -0.8769  0.0253  0.2259  0.1681  0.4504  0.0469 -0.0003  0.2126 0 
 39.7955 -0.7820  2.1318  0.0411  0.4364  0.0204  0.2267  0.0110  0.0858  0.3171 0 
 36.4233  0.7832 -1.0693  0.0036  0.0639  0.0511  0.2787  0.0081 -0.0003  0.0663 0 
 49.7047 -0.4758  0.5654  0.0181  0.1343  0.0340  0.1283  0.0104 -0.0003  0.0828 0 
 42.5177  0.5001 -2.5572  0.0102  0.2579  0.0398  0.2227  0.0021 -0.0003  0.1241 0 
 47.9408  0.6433 -2.3699  0.0175  0.1303  0.0546  0.2589  0.1282  0.1487  0.3434 0 
 46.5797 -0.6212  0.7997  0.0710  0.7073  0.0213  0.3913  0.0683 -0.0003  0.4360 0 
 47.9500  0.6081 -2.9995  0.1081  0.5264  0.0404  0.1726  0.2564 -0.0003  0.7823 0 
 40.0763 -0.6327  0.1879  0.0019  0.2636  0.1657  0.6787  0.0157 -0.0003  0.2124 0 
 49.5735  0.6360 -0.8531  0.0416  0.1498  0.0758  0.2995  0.0099 -0.0003  0.1440 0 
 46.0578 -0.6494  2.2748  0.0281  0.1008  0.0414  0.4360  0.0729 -0.0003  0.1118 0 
 43.8697 -0.6221  2.3402  0.0327  0.2746  0.0693  0.3533  0.0604 -0.0003  0.2371 0 
 42.3224  0.6213 -0.8022  0.0631  0.2878  0.0401  0.3567  0.0897 -0.0003  0.3468 0 
 37.6013  0.1260 -2.4288  0.0811  0.1929  0.0065  0.2763  0.0324 -0.0003  0.0976 0 
 27.1397 -0.1278  0.6671  0.0811  0.5278  0.0457  0.4047  0.3238 -0.0003  0.8749 0 
 42.9297 -0.2871  1.4768  0.0202  0.6250  0.0355  0.5330  0.0507 -0.0003  0.2625 0 
 42.0142  0.3156 -1.6387  0.0291  0.1726  0.0789  0.4468  0.1281 -0.0003  0.2403 0 
 45.3437  0.3702 -2.2524  0.0984  0.4728  0.0206  0.4816  0.1160 -0.0003  0.6381 0 
 41.9471 -0.3771  0.8521  0.0568  0.2753  0.0506  0.3129  0.0407 -0.0003  0.2763 0 
 47.3426 -0.5922 -0.5118  0.0193  0.2436  0.0476  0.2597  0.0793 -0.0003  0.1454 0 
 46.0853  0.5857  2.6131  0.0020  0.2079  0.0091  0.1744  0.0788 -0.0003  0.0506 0 
 37.5250 -0.7211  1.0945  0.0129  0.3393  0.0136  0.3225  0.0988  0.1496  0.3630 0 
 28.1346  0.6867 -2.0496  0.0257  0.1330  0.0619  0.2502  0.0052 -0.0003  0.1057 0 
 51.1635 -0.4684 -0.7448  0.0938  0.2041  0.0089  0.0849  0.0995 -0.0003  0.1780 0 
 41.2421  0.4836  2.3959  0.0102  0.6653  0.0648  0.4490  0.0291  0.3121  0.6699 0 
 46.9520 -0.6821  1.7332  0.0173  0.2869  0.0336  0.3471  0.0737 -0.0003  0.1213 0 
 45.5055  0.6774 -1.4298  0.0224  0.2937  0.0256  0.2624  0.0180 -0.0003  0.1004 0 
 43.5706 -0.6161  0.6302  0.0082  0.1765  0.0677  0.4424  0.0043 -0.0003  0.1140 0 
 34.4701  0.6222 -2.5047  0.0000  0.2863  0.0036  0.0000 -0.0200 -0.0003  0.2284 0 
 48.4962  0.3064  1.9707  0.2344  0.5388  0.0899  0.2581  0.3461 -0.0003  0.9893 1 
 33.2830 -0.2751 -1.1865  0.1604  0.4064  0.0352  0.3335  0.5922  0.2419  0.9917 1 
 42.3621  0.2166  0.6728  0.1333  0.5291  0.0316  0.2229  0.2181 -0.0003  0.7700 1 
 40.8576 -0.2311 -2.4862  0.2755  0.4537  0.0438  0.4951  0.5618 -0.0003  0.9971 1 
 50.1045 -0.7044 -0.6548  0.0163  0.3599  0.0457  0.2560  0.1833 -0.0003  0.3638 0 
 47.1992  0.7014  2.4519  0.0806  0.6944  0.0415  0.3899  0.0272 -0.0003  0.5821 0 
 48.5054  0.4238  0.0335  0.0146  0.2901  0.1280  0.5163  0.1019 -0.0003  0.2561 0 
 45.4902 -0.4123 -3.0645  0.0090  0.2635  0.0730  0.3062  0.1181 -0.0003  0.2124 0 
 47.1901  0.7729 -1.1107  0.0013  0.1799  0.0400  0.3900  0.0582 -0.0003  0.0736 0 
 43.0091 -0.7591  1.9990  0.0154  0.5373  0.0884  0.4440  0.0240 -0.0003  0.2115 0 
 42.2980 -0.7735 -1.1288  0.0237  0.2960  0.0236  0.3122  0.2231 -0.0003  0.3037 0 
 41.5625  0.7850  2.0442  0.0212  0.2960  0.0168  0.2240  0.0176 -0.0003  0.0821 0 
 50.2693 -0.7499  0.5534  0.1046  0.6362  0.1066  0.3837  0.1122 -0.0003  0.7068 1 
 47.5654  0.7586 -2.6241  0.1367  0.4026  0.1195  0.5189  0.2016 -0.0003  0.8945 1 
 47.0649  0.7740 -2.1455  0.0408  0.5986  0.0604  0.3902  0.0190 -0.0003  0.3148 1 
 40.0427 -0.8109  0.8733  0.0542  0.2936  0.2592  0.4073  0.1740  1.1282  0.9696 1 
 59.3149  0.5758  2.7543  0.0038  0.1706  0.1395  0.3272  0.0701 -0.0003  0.1069 0 
 40.3754 -0.5630 -0.3091  0.0345  0.3836  0.1288  0.5870  0.0480 -0.0003  0.3086 0 
 39.8474 -0.7355  0.6835  0.0113  0.3826  0.0265  0.1360  0.0052 -0.0003  0.1765 0 
 38.3001  0.7522 -2.4755  0.0005  0.8689  0.0244  0.4581  0.0849 -0.0003  0.1695 0 
 47.6020  0.3777  1.2831  0.0107  0.2495  0.0358  0.3026  0.0145 -0.0003  0.0932 0 
 45.1087 -0.3854 -1.8800  0.1071  0.2735  0.0159  0.3507  0.0403 -0.0003  0.2882 0 
 50.1106  0.2638  2.7696  0.0148  0.3496  0.1001  0.4693  0.1199 -0.0003  0.2683 0 
 47.0741 -0.2496 -0.3325  0.0174  0.0652  0.0167  0.1301  0.0195 -0.0003  0.0477 0 
 41.7243 -0.3494  3.1294  0.0246  0.4112  0.0163  0.1790  0.0134 -0.0003  0.1253 0 
 38.0438  0.3342  0.0137  0.0119  0.5943  0.0204  0.2295  0.0129 -0.0003  0.1379 0 
 50.2144  0.7626  1.3169  0.3754  0.2875  0.0573  0.4264  0.5782 -0.0003  0.9978 1 
 49.8543 -0.7473 -1.7933  0.4979  0.4624  0.0547  0.2136  0.5197 -0.0003  0.9976 1 
 42.9053  0.4829  2.5181  0.0504  0.4808  0.0529  0.4887  0.2003 -0.0003  0.6234 1 
 41.9776 -0.4360 -0.6495  0.2492  0.1272  0.0325  0.3128  0.1819 -0.0003  0.7854 1 
 45.3803  0.5295 -1.2498  0.0260  0.5007  0.0690  0.3502  0.2274 -0.0003  0.6160 1 
 40.5890 -0.4979  1.8527  0.4190  0.2053  0.0990  0.1804  0.3148  0.4675  0.9992 1 
 45.3223  0.6085  2.9035  0.0555  0.4433  0.0989  0.3065  0.0207 -0.0003  0.3414 0 
 44.8249 -0.6075 -0.2567  0.0177  0.6605  0.0597  0.4391  0.1758 -0.0003  0.4901 0 
 38.7182  0.2332  0.2897  0.6842  0.5429  0.0875  0.3654  0.7929  0.6476  0.9999 1 
 26.4988 -0.2670 -2.8740  0.2808  0.3351  0.0139  0.1529  0.3240  0.2620  0.9945 1 
 50.4280 -0.6461  2.8585  0.2569  0.2881  0.1826  0.5111 -0.0200 -0.0003  0.7737 1 
 34.1650  0.6350 -0.2595  0.0897  0.4403  0.0977  0.6148  0.0787 -0.0003  0.5514 1 
 44.6906 -0.2103  0.3917  0.0473  0.2665  0.0207  0.2637  0.1015 -0.0003  0.1585 0 
 37.7111  0.2329 -2.7967  0.0064  0.3516  0.0215  0.4601  0.1367  0.1777  0.4791 0 
 43.7720 -0.3783 -1.2762  0.0693  0.1457  0.0615  0.3977  0.2166 -0.0003  0.4599 0 
 42.8016  0.3935  1.8677  0.0000  0.1769  0.0525  0.3556  0.1170 -0.0003  0.1038 0 
 46.7689  0.7392  0.0689  0.0117  0.1145  0.0318  0.3040  0.0080 -0.0003  0.0580 0 
 44.6357 -0.7410 -3.0928  0.0094  0.2305  0.0511  0.1319 -0.0200 -0.0003  0.2033 0 
 50.5837 -0.3624 -1.5659  0.0595  0.0932  0.1099  0.6385  0.0485 -0.0003  0.3086 0 
 49.1737  0.3637  1.5475  0.0266  0.1878  0.0280  0.1715  0.0051 -0.0003  0.0937 0 
 48.4138  0.5072  2.0558  0.4721  0.3252  0.0416  0.2583  0.2017 -0.0003  0.9781 1 
 38.5840 -0.5065 -1.0761  0.0050  0.3132  0.0227  0.2743  0.0620  0.1437  0.3106 1 
 48.8594  0.1961  0.1734  0.0182  0.2049  0.0592  0.3006  0.0412 -0.0003  0.1252 0 
 42.3987 -0.1966 -2.9707  0.0942  0.2504  0.0836  0.6239  0.1691 -0.0003  0.7530 0 
 47.5135 -0.1107 -2.6356  0.0438  0.2541  0.1166  0.3893  0.0178 -0.0003  0.2336 0 
 43.2471  0.0945  0.4915  0.0116  0.0405  0.0172  0.3103  0.1210 -0.0003  0.0558 0 
 50.7942  0.4697  1.1813  0.1068  0.3309  0.0829  0.2976  0.1317 -0.0003  0.6955 0 
 49.3385 -0.4296 -1.9754  0.0456  0.3023  0.1021  0.5568  0.0457 -0.0003  0.3349 0 
 50.3243 -0.6321 -0.9120  0.6303  0.5896  0.0673  0.3409  0.6987 -0.0003  0.9983 1 
 47.0985  0.6340  2.2343  0.1502  0.2352  0.0463  0.3902  0.2758 -0.0003  0.8597 1 
 50.7088  0.2911 -1.9563  0.0422  0.1035  0.0254  0.1702  0.0330 -0.0003  0.0596 0 
 40.6867 -0.3079  1.1984  0.0269  0.5832  0.0205  0.4056  0.0065 -0.0003  0.2059 0 
 49.2256  0.4046  2.2783  0.0019  0.5615  0.0318  0.3858  0.1843 -0.0003  0.2933 0 
 48.8289 -0.4055 -0.8596  0.0364  0.5092  0.0602  0.7301  0.1706 -0.0003  0.5289 0 
 53.8003  0.2733 -3.0832  0.0761  0.4797  0.0852  0.2514  0.0866 -0.0003  0.6183 0 
 35.8099 -0.2994  0.0450  0.0221  0.1197  0.0258  0.2800  0.0724 -0.0003  0.0562 0 
 42.1759 -0.6736  0.7636  0.1114  0.3617  0.0214  0.2678  0.0388 -0.0003  0.3366 0 
 39.4476  0.6953 -2.3849  0.1208  0.5682  0.0609  0.5908  0.0954 -0.0003  0.7399 0 
 46.9642  0.7372 -0.0364  0.0025  0.5139  0.0168  0.2603  0.0085 -0.0003  0.1033 0 
 44.3305 -0.7505  3.1333  0.1952  0.3335  0.0917  0.5726  0.2523  0.1844  0.9688 0 
 44.5258  0.1613  2.8179  0.0094  0.1878  0.0315  0.4399  0.0141 -0.0003  0.0893 0 
 44.4099 -0.1118 -0.3433  0.0071  0.3914  0.1307  0.3962  0.0269 -0.0003  0.1885 0 
 43.4180 -0.3363  1.9470  0.0021  0.3071  0.0581  0.4872  0.0186 -0.0003  0.1456 0 
 35.5291  0.3632 -1.2186  0.0319  0.0219  0.0606  0.1403  0.0079 -0.0003  0.0943 0 
 44.2298 -0.4612 -0.4065  0.2066  0.8790  0.0667  0.7051 -0.0200 -0.0003  0.8812 1 
 38.7152  0.4313  2.7163  0.1780  0.4305  0.0381  0.3197  0.1718 -0.0003  0.8368 1 
 48.3345  0.1420  1.1694  0.0695  0.6887  0.2954  0.8182  0.0579 -0.0003  0.5035 0 
 42.7039 -0.1055 -2.0027  0.0127  0.4226  0.0115  0.1779  0.0362 -0.0003  0.0969 0 
 47.5502 -0.6984 -0.6171  0.0010  0.3853  0.2387  0.7784  0.0544 -0.0003  0.3137 0 
 43.1922  0.6761  2.5816  0.0008  0.2056  0.0775  0.4435  0.0434  0.3517  0.4116 0 
 47.2145 -0.7207 -0.9418  0.0580  0.1458  0.0193  0.2166  0.0466 -0.0003  0.0764 0 
 44.0192  0.7256  2.1975  0.0098  0.3399  0.0281  0.2648  0.0494 -0.0003  0.0913 0 
 45.3468 -0.6900 -0.3043  0.0124  0.1527  0.0526  0.2189  0.0435 -0.0003  0.0847 0 
 35.3002  0.6923  2.8542  0.0282  0.3082  0.0475  0.4217  0.1176 -0.0003  0.2869 0 
 42.7527  0.7238  0.5089  0.0344  0.3520  0.0076  0.0444  0.0013 -0.0003  0.1643 0 
 21.7014 -0.7133 -2.6605  0.0232  0.3722  0.0281  0.3799  0.0086 -0.0003  0.1625 0 
 50.8034 -0.0988  1.2096  0.3527  0.3764  0.0690  0.5102  0.4105 -0.0003  0.9962 1 
 43.5615  0.0894 -1.9646  0.2345  0.2946  0.0919  0.1328  0.2418 -0.0003  0.9441 1 
 51.5877  0.6178 -1.1537  0.0642  0.2594  0.0675  0.5929  0.1054 -0.0003  0.4999 0 
 50.4921 -0.6166  2.0105  0.0034  0.5169  0.0533  0.4684  0.0784 -0.0003  0.1938 0 
 49.9916 -0.7754  2.4692  0.0081  0.6757  0.2291  0.5123  0.0302 -0.0003  0.2656 0 
 47.6020  0.7819 -0.6507  0.0538  0.6726  0.0361  0.3891  0.1505 -0.0003  0.6084 0 
 45.0324 -0.3630 -1.2557  0.0286  0.3839  0.0563  0.4386  0.0298 -0.0003  0.2453 1 
 41.5564  0.3100  1.9106  0.0874  0.4006  0.0883  0.5825  0.1785  0.4882  0.9645 1 
 48.9113 -0.6734 -0.7885  0.2128  0.2432  0.0256  0.6011  0.5434 -0.0003  0.9939 1 
 45.3834  0.6678  2.3287  0.1984  0.4003  0.0449  0.3940  0.2705  0.0770  0.9418 1 
 45.1881  0.2264  2.4580  0.0177  0.6587  0.0444  0.3944  0.0698 -0.0003  0.2658 0 
 43.1067 -0.2466 -0.7191  0.0588  0.6772  0.0326  0.3994  0.0881  0.1998  0.6755 0 
 65.9190 -0.5175  2.6983  0.0087  0.0816  0.5241  0.2392  0.0273 -0.0003  0.0892 0 
 65.7206  0.5624 -0.4870  0.0115  0.1846  0.0230  0.1995  0.0104 -0.0003  0.0599 0 
 40.0092  0.5790 -1.5878  0.2244  0.4617  0.0776  0.5885  0.2768 -0.0003  0.9818 1 
 26.7521 -0.5740  1.5551  0.2939  0.4305  0.0536  0.4065  0.1918  0.4342  0.9991 1 
 53.4554 -0.7195 -1.6086  0.0027  0.0952  0.4254  0.2518  0.0538 -0.0003  0.1015 0 
 41.4923  0.7157  1.4100  0.0002  0.4196  0.0644  0.4482  0.1672  0.1633  0.5136 0 
 47.0802 -0.7907 -2.2611  0.0006  0.2090  0.0307  0.2602  0.0236 -0.0003  0.0566 0 
 44.5869  0.7828  0.8379  0.0559  0.1900  0.0608  0.3518  0.0947 -0.0003  0.2838 0 
 42.8016 -0.0525  3.0947  0.2078  0.3606  0.1813  0.4890  0.3182  0.7574  0.9954 1 
 29.3553  0.0574 -0.0363  0.0573  0.4825  0.0696  0.3953  0.0428  0.1449  0.6127 1 
 60.3281 -0.1792  1.0271  0.0309  0.2262  0.0314  0.3666  0.0352 -0.0003  0.1204 0 
 45.7496  0.1864 -2.1259  0.0438  0.6542  0.0362  0.3931  0.2946 -0.0003  0.7640 0 
 44.9043 -0.3515 -0.5901  0.1010  0.2367  0.0165  0.4829  0.0524  0.0178  0.4412 0 
 31.8639  0.3773  2.5668  0.0245  0.7396  0.0278  0.2894  0.0128 -0.0003  0.2151 0 
 46.9215  0.6500  1.7817  0.0985  0.6543  0.0228  0.6509  0.0882  0.0528  0.7750 1 
 35.8129 -0.6368 -1.3686  0.1616  0.5343  0.0778  0.6534  0.1031 -0.0003  0.8259 1 
 47.1595  0.2533 -1.6927  0.1746  0.5874  0.1320  0.3900  0.4277 -0.0003  0.9933 1 
 38.7823 -0.2713  1.4841  0.1128  0.2826  0.0599  0.4109  0.1240 -0.0003  0.6401 1 
 57.7829 -0.3536  0.1442  0.0662  0.0422  0.0946  0.3705  0.0870 -0.0003  0.1167 0 
 36.9299  0.3347 -3.0078  0.0337  0.1342  0.0537  0.4627  0.0408 -0.0003  0.1475 0 
 69.6666  0.0843  1.6764  0.0414  0.3534  0.0572  0.2755  0.0204 -0.0003  0.2896 0 
 46.5553 -0.0900 -1.4656  0.0597  0.2522  0.0614  0.3913  0.0344 -0.0003  0.2976 0 
 49.5247  0.7808  0.4771  0.1181  0.5162  0.1261  0.2996  0.1149 -0.0003  0.7445 0 
 45.5390 -0.7622 -2.6460  0.0642  0.0770  0.0309  0.2624  0.0565 -0.0003  0.0771 0 
 45.9327 -0.7027  2.3019  0.1824  0.1154  0.0204  0.3927  0.0914 -0.0003  0.4800 0 
 44.9134  0.7011 -0.8374  0.0518  0.2991  0.0149  0.1317  0.0922 -0.0003  0.1571 0 
 52.2133  0.5419  0.9354  0.0132  0.4695  0.1004  0.4222  0.0403 -0.0003  0.2088 0 
 47.8187 -0.5499 -2.2222  0.0370  0.2809  0.1684  0.5614  0.0126 -0.0003  0.2779 0 
 45.5970  0.2242 -2.4354  0.0105  0.0630  0.0570  0.4372  0.0607 -0.0003  0.0804 0 
 44.0223 -0.2337  0.7224  0.0248  0.3982  0.0462  0.4412  0.0888 -0.0003  0.2768 0 
 50.6081  0.5954  0.8665  0.2491  0.4672  0.0228  0.3830  0.5485 -0.0003  0.9928 1 
 47.0191 -0.6096 -2.2712  0.1991  0.4264  0.0461  0.6505  0.3135 -0.0003  0.9772 1 
 46.9184 -0.4522  0.7560  0.0202  0.1737  0.0264  0.1736  0.0257 -0.0003  0.0673 0 
 35.3399  0.4266 -2.3634  0.0632  0.4859  0.0149  0.2811  0.0777 -0.0003  0.2120 0 
 39.8962  0.4996  0.7857  0.0429  0.5675  0.0298  0.4983  0.0679 -0.0003  0.3907 1 
 36.2493 -0.4969 -2.3566  0.4881  0.4967  0.0388  0.6512  0.3477 -0.0003  0.9900 1 
 49.0883 -0.3031 -1.3585  0.0817  0.2976  0.0383  0.5147  0.1533 -0.0003  0.6003 0 
 44.2054  0.2807  1.7613  0.1215  0.2164  0.0697  0.4848  0.0523 -0.0003  0.4939 0 
 44.4129 -0.5025 -0.3224  0.0003  0.4514  0.1203  0.7044  0.0674 -0.0003  0.2443 0 
 37.1252  0.4828  2.6944  0.1765  0.2279  0.0631  0.3235  0.1061  0.1814  0.8783 0 
 45.9480 -0.0369  0.3205  0.0468  0.4404  0.1050  0.3927  0.1259 -0.0003  0.4446 0 
 45.7954  0.0256 -2.8038  0.0010  0.4249  0.0158  0.3057  0.1750  0.0737  0.2760 0 
 49.9062  0.5316  2.2728  0.0060  0.2038  0.0497  0.2563  0.0605 -0.0003  0.0894 0 
 39.3225 -0.5363 -0.8459  0.0300  0.4021  0.0991  0.5913  0.0107 -0.0003  0.2638 0 
 49.1035 -0.6327 -0.2022  0.0056  0.2381  0.0480  0.4289  0.0153 -0.0003  0.1183 0 
 48.3192  0.6280  2.9514  0.0105  0.1196  0.0860  0.4307  0.1271 -0.0003  0.1261 0 
 45.7130  0.6045  0.1809  0.0000 -1.0000  0.0001  0.0437  0.0007 -0.0003  0.1795 0 
 44.9683 -0.6052 -2.9420  0.0398  0.1765  0.0146  0.2194  0.0331 -0.0003  0.0601 0 
 48.4932  0.3333  1.0517  0.3826  0.5800  0.1008  0.5593  0.4755 -0.0003  0.9978 1 
 40.4395 -0.3278 -2.0807  1.0688  0.5636  0.0339  0.4062  0.3979  0.1487  0.9976 1 
 46.2104 -0.3117  2.2033  0.0055  0.2611  0.0302  0.1307  0.0161  0.2637  0.7752 0 
 39.3866  0.2708 -0.9275  0.0417  0.1204  0.0400  0.4092  0.0947 -0.0003  0.1524 0 
 44.5655 -0.1260  1.5015  0.0680  0.1491  0.0349  0.3079  0.0131 -0.0003  0.1455 0 
 39.2706  0.1279 -1.6354  0.0722  0.2042  0.0241  0.1820  0.1309  0.1520  0.5804 0 
 50.7607 -0.7648 -0.3124  0.4698  0.7810  0.0827  0.4252  0.4717 -0.0003  0.9974 1 
 43.8972  0.7614  2.8178  0.0684  0.4310  0.0263  0.2650  0.0578 -0.0003  0.2723 1 
 54.3984  0.7666  2.9947  0.1031  0.2847  0.0464  0.5014  0.3967 -0.0003  0.8964 1 
 26.2577 -0.7890 -0.1824  0.2937  0.3188  0.0474  0.4088  0.4064  0.4195  0.9996 1 
 48.7922  0.6937  1.0089  0.4422  0.5437  0.0883  0.6014  0.4686 -0.0003  0.9967 1 
 45.3376 -0.7009 -2.1398  0.1885  0.3928  0.1095  0.5692  0.2875 -0.0003  0.9750 1 
 50.0893  0.3428 -0.1565  0.0147  0.1633  0.0860  0.2987  0.0165 -0.0003  0.1082 0 
 45.1911 -0.3452  3.0039  0.0202  0.1458  0.0622  0.3944  0.0714 -0.0003  0.1229 0 
 41.1078 -0.1887  0.2483  0.1326  0.2716  0.0138  0.2247  0.0837 -0.0003  0.2815 0 
 40.6073  0.1907 -2.8929  0.0085  0.1336  0.0234  0.4058  0.0173 -0.0003  0.0580 0 
 48.3741  0.5975 -2.4767  0.0264  0.5432  0.1310  0.2583  0.0195 -0.0003  0.2585 1 
 45.7465 -0.6049  0.6893  0.2713  0.7173  0.0554  0.3931  0.3648 -0.0003  0.9903 1 
 47.8157  0.3970 -1.2069  0.0417  0.6957  0.0179  0.1727  0.0812 -0.0003  0.2124 0 
 37.6043 -0.4128  1.9504  0.0076  0.0983  0.0204  0.1842  0.0218 -0.0003  0.0430 0 
 45.4017  0.0943  2.1771  0.0588  0.2539  0.0276  0.3064  0.0735 -0.0003  0.1971 0 
 32.7398 -0.0834 -0.9639  0.1531  0.3258  0.0187  0.3351  0.1789 -0.0003  0.6558 0 
 48.3375 -0.7204  1.5194  0.1746  0.7118  0.0487  0.2153  0.1946 -0.0003  0.9191 1 
 32.3552  0.7511 -1.5535  0.0527  0.1133  0.0197  0.2882  0.0200  0.2166  0.5841 1 
 51.0079 -0.5285 -2.9217  0.0050  0.6114  0.0621  0.3822  0.0886 -0.0003  0.2431 0 
 37.0214  0.5410  0.2070  0.0005  0.1194  0.0104  0.3237  0.1220 -0.0003  0.0446 0 
 46.1250  0.5282 -0.8621  0.0555  0.0672  0.0910  0.3923  0.0325 -0.0003  0.1044 0 
 43.4577 -0.5326  2.2527  0.0503  0.2597  0.0026  0.2214  0.0403 -0.0003  0.0786 0 
 52.2011 -0.7853 -2.3645  0.3085  0.7709  0.0209  0.3800  0.0834 -0.0003  0.8395 0 
 46.7414  0.7857  0.8537  0.0039  0.6833  0.0681  0.3909 -0.0200 -0.0003  0.1788 0 
 49.9733  0.0686  0.2813  0.1835  0.1060  0.0508  0.2989  0.1232 -0.0003  0.5667 0 
 46.0578 -0.0444 -2.8546  0.0290  0.1557  0.0337  0.3052  0.0521 -0.0003  0.0805 0 
 44.8066 -0.0793 -1.1472  0.0573  0.2370  0.0421  0.5270  0.0259 -0.0003  0.3100 0 
 42.9145  0.0580  1.9624  0.0248  0.6155  0.0452  0.3554  0.0456 -0.0003  0.2748 0 
 48.6061  0.2279 -3.0282  0.0080  0.6108  0.2586  0.7740  0.0206 -0.0003  0.2858 0 
 44.4190 -0.1888  0.1111  0.0345  0.3685  0.0236  0.3081  0.0626  0.2742  0.8070 0 
 47.9561  0.0556 -2.6143  0.3809  0.5585  0.0444  0.3883  0.3737  0.0574  0.9938 1 
 42.6642 -0.0346  0.5357  0.1172  0.5958  0.0148  0.3115  0.1763 -0.0003  0.5999 1 
 44.3305  0.6891  2.3548  0.0305  0.1169  0.0280  0.3964  0.0156 -0.0003  0.0809 0 
 39.4873 -0.6558 -0.7378  0.0690  0.2896  0.0170  0.3634  0.1564  0.0956  0.5669 0 
 43.4974 -0.1395  1.5346  0.0780  0.0881  0.3020  0.4427  0.0461 -0.0003  0.2540 0 
 40.7691  0.1612 -1.6276  0.0250  0.5425  0.0246  0.2702  0.0328 -0.0003  0.1558 0 
 47.0069 -0.4173  1.4729  0.0086  0.3951  0.1014  0.5638  0.0096 -0.0003  0.1933 0 
 44.6052  0.4002 -1.7161  0.0412  0.1278  0.1069  0.1319  0.0109 -0.0003  0.1603 0 
 46.0243 -0.3599  2.3372  0.4748  0.6447  0.0871  0.3489  0.2485  0.3150  0.9960 1 
 36.4385  0.3736 -0.8125  0.0366  0.6451  0.0266  0.4180  0.0694 -0.0003  0.3029 1 
 48.3589  0.5924 -1.7062  0.0338  0.1522  0.1745  0.5167  0.1386 -0.0003  0.3353 0 
 45.3101 -0.5948  1.4250  0.0027  0.0693  0.4584  0.3065  0.1136 -0.0003  0.1112 0 
 54.7555 -0.1785 -2.2159  0.0173  0.3710  0.0447  0.3338  0.2031 -0.0003  0.3954 0 
 45.1423  0.2035  0.9081  0.0459  0.3304  0.2049  0.6137  0.0314 -0.0003  0.3527 0 
 49.2409  0.6891 -0.9106  0.0630  0.1819  0.0294  0.2571  0.0367 -0.0003  0.1338 0 
 46.6529 -0.6752  2.2356  0.0137  0.1638  0.1749  0.4346  0.0394 -0.0003  0.1380 0 
 44.6510  0.5067  0.1623  0.0152  0.6486  0.0534  0.3517  0.0715 -0.0003  0.2789 0 
 42.8321 -0.4961 -2.9666  0.0077  0.4605  0.0245  0.3556  0.1076 -0.0003  0.1359 0 
 51.4076  0.7795  0.3439  0.0171  0.4067  0.1142  0.3815  0.0098 -0.0003  0.1973 0 
 45.6245 -0.7704 -2.8180  0.1536  0.6141  0.0130  0.3934  0.0370 -0.0003  0.5928 0 
 49.5460 -0.5386  0.2901  0.0009  0.3914  0.1187  0.4279  0.0743 -0.0003  0.1910 0 
 44.7730  0.4855 -2.8204  0.0409  0.3502  0.1937  0.4832  0.0130 -0.0003  0.2825 0 
 49.3874 -0.2462  1.7327  0.0426  0.4111  0.1254  0.3426  0.0814 -0.0003  0.3516 0 
 44.6021  0.2332 -1.4316  0.1133  0.3347  0.0349  0.3078  0.0534 -0.0003  0.4684 0 
 43.8972  0.3266  0.7001  0.0179  0.3538  0.0918  0.3974  0.0182 -0.0003  0.1910 0 
 40.9827 -0.2849 -2.4236  0.1378  0.1623  0.0800  0.4947  0.1044  0.2555  0.8576 0 
 43.2471  0.6001 -0.1968  0.1091  0.5915  0.0566  0.4434  0.1702 -0.0003  0.8429 1 
 42.7283 -0.6055  2.9419  0.3114  0.6447  0.0228  0.2224  0.2460 -0.0003  0.9580 1 
 40.3204  0.1494 -2.5042  0.0832  0.4215  0.0759  0.4969  0.1111 -0.0003  0.5845 0 
 35.8343 -0.1824  0.5663  0.0011  0.1167  0.0140  0.4666  0.0967  0.0197  0.0781 0 
 40.6104 -0.0386 -2.5873  0.0513  0.1004  0.0283  0.4509  0.0711  0.0674  0.2431 0 
 35.4131  0.0674  0.5562  0.0002  0.6338  0.0100  0.1873  0.0528 -0.0003  0.1065 0 
 47.1229 -0.2698  0.0298  0.0193  0.1576  0.0359  0.2601  0.0685 -0.0003  0.0728 0 
 44.2206  0.2288  3.1206  0.0381  0.1330  0.0515  0.1763  0.0809 -0.0003  0.1359 0 
 45.7435 -0.4415 -2.5358  0.0673  0.3436  0.0708  0.5679  0.3319  0.0799  0.8906 0 
 44.1688  0.4546  0.5949  0.0118  0.6877  0.0443  0.4409  0.0862 -0.0003  0.2635 0 
 45.9510 -0.7893  2.9675  0.0434  0.5823  0.0223  0.2618  0.0654 -0.0003  0.2042 0 
 37.1099  0.7505 -0.1697  0.0054  0.4590  0.0234  0.3235  0.0654 -0.0003  0.0982 0 
 52.9946  0.2701  1.5846  0.0201  0.1808  0.0652  0.2944  0.0952 -0.0003  0.1548 0 
 47.7760 -0.2963 -1.5673  0.0233  0.4646  0.0268  0.3024  0.0372 -0.0003  0.1475 0 
 55.1431  0.6566  2.5802  0.0744  0.2605  0.0793  0.5414  0.0270  0.2405  0.6046 0 
 38.9014 -0.6441 -0.5367  0.0824  0.3800  0.0177  0.5018  0.0606 -0.0003  0.4595 0 
 45.7435 -0.8023 -0.3392  0.0960  0.3034  0.0481  0.3058  0.1719 -0.0003  0.6578 1 
 44.0497  0.7734  2.8545  0.3405  0.4996  0.0529  0.1765  0.2741  0.0582  0.9805 1 
 48.5695 -0.3517  1.3728  0.1127  0.1968  0.1268  0.4301  0.0267 -0.0003  0.4142 0 
 44.7791  0.3254 -1.7407  0.0206  0.3905  0.0242  0.3075  0.0206 -0.0003  0.1213 0 
 42.9419  0.0787 -2.4395  0.0479  0.4143  0.0042  0.0889  0.0112 -0.0003  0.1337 0 
 39.1943 -0.0767  0.6919  0.0220  0.0648  0.0180  0.2276  0.0148 -0.0003  0.0421 0 
 54.1360 -0.6538  1.0275  0.1364  0.5843  0.0562  0.4184  0.2601 -0.0003  0.9389 1 
 33.3318  0.6981 -2.1094  0.2050  0.7155  0.0878  0.5239  0.2003  0.4985  0.9990 1 
 51.1086 -0.6886 -1.9036  0.2206  0.4292  0.0672  0.3821  0.1492  0.2170  0.9396 1 
 43.2441  0.6687  1.2445  0.1189  0.5368  0.0263  0.3990  0.1951 -0.0003  0.7878 1 
 47.6020 -0.1831 -2.7315  0.0415  0.2428  0.0891  0.2162  0.0251 -0.0003  0.2641 0 
 44.1260  0.1416  0.4356  0.0078  0.3425  0.0400  0.4410  0.0060 -0.0003  0.1525 0 
 46.7140  0.3546  2.9555  0.0893  0.5032  0.0161  0.3475  0.0867 -0.0003  0.3803 0 
 41.4771 -0.3571 -0.1531  0.0069  0.3365  0.0685  0.4931  0.1047  0.4191  0.6941 0 
 81.3764 -0.4038  2.7988  0.0393  0.1171  0.0311  0.3796  0.1700 -0.0003  0.1833 0 
 40.3510  0.4106 -0.3359  0.0423  0.3322  0.0192  0.2258  0.0197 -0.0003  0.1282 0 
 46.4088 -0.3326  3.1092  0.0822  0.5875  0.0165  0.3481  0.0427 -0.0003  0.3529 0 
 44.3946  0.3351 -0.0453  0.0378  0.2358  0.0219  0.2201  0.0103  0.0598  0.2062 0 
 42.8534 -0.5888 -0.9183  0.0168  0.5020  0.0331  0.1778  0.0360 -0.0003  0.1841 0 
 41.9348  0.5817  2.2605  0.0214  0.1283  0.1005  0.5364  0.1152 -0.0003  0.1973 0 
 48.6213 -0.5978 -1.9060  0.0521  0.2439  0.0693  0.6020  0.0589 -0.0003  0.3848 0 
 47.1077  0.6134  1.2151  0.0451  0.1104  0.0135  0.1301  0.0440 -0.0003  0.0540 0 
 49.0730  0.5318 -1.9490  0.0142  0.2315  0.0346  0.1716  0.0108 -0.0003  0.1111 0 
 37.5067 -0.5310  1.2020  0.0193  0.4673  0.0226  0.3225  0.1392 -0.0003  0.1927 0 
 47.1107 -0.0865 -1.1661  0.4310  0.2091  0.0409  0.4768  0.4180  0.1122  0.9980 1 
 27.4449  0.0899  1.9866  0.2083  0.7291  0.0342  0.3025  0.0123 -0.0003  0.8701 1 
 45.9632 -0.7224 -2.1478  0.0413  0.0991  0.0266  0.3490  0.0734 -0.0003  0.0830 0 
 45.3284  0.7106  0.9587  0.1018  0.4889  0.1059  0.5692  0.1313 -0.0003  0.7025 0 
 42.4720  0.3680  2.4346  0.0029  0.6993  0.2273  0.4900  0.0153 -0.0003  0.2437 0 
 40.0671 -0.5189 -0.7482  0.0002  0.0809  0.0306  0.1810  0.0978 -0.0003  0.0560 0 
 45.2583  0.1684 -2.5191  0.0247  0.3133  0.1315  0.7009  0.0231 -0.0003  0.3013 0 
 42.1118 -0.1766  0.6069  0.0059  0.2299  0.0933  0.2233  0.1566 -0.0003  0.3017 0 
 47.5776 -0.6245 -2.5174  0.0864  0.1364  0.1890  0.3892  0.1008  0.1106  0.5404 0 
 47.0497  0.6191  0.6258  0.0604  0.2110  0.0099  0.3035  0.0617 -0.0003  0.1002 0 
 49.0425 -0.4762  0.9779  0.0505  0.2279  0.1746  0.5148  0.0086 -0.0003  0.2823 0 
 39.4842  0.5290 -2.2026  0.0256  0.1780  0.0619  0.2726  0.0037  0.1101  0.2139 0 
 44.5838  0.1055 -1.1571  0.0746  0.1623  0.0440  0.3079  0.0953 -0.0003  0.2622 0 
 40.2319 -0.0945  2.0125  0.0195  0.6338  0.0864  0.4068  0.1230 -0.0003  0.3646 0 
 45.9113  0.6013  2.5168  0.0000  0.0799  0.0271  0.1745  0.2426 -0.0003  0.1649 0 
 35.3948 -0.6383 -0.6392  0.0398  0.6370  0.0134  0.2341  0.1417 -0.0003  0.2308 0 
 46.8696 -0.5210 -1.4087  0.0772  0.6075  0.1208  0.7379  0.0726 -0.0003  0.5192 1 
 38.3062  0.5221  1.7760  0.0657  0.2754  0.0477  0.5039  0.0473 -0.0003  0.3817 1 
 51.6579 -0.1161 -0.2782  0.0326  0.2152  0.1121  0.2964  0.0213 -0.0003  0.1774 0 
 49.4850  0.0798  2.9310  0.0498  0.2767  0.1005  0.3424  0.0179 -0.0003  0.2641 0 
 45.2186  0.7821 -0.3017  0.0977  0.2729  0.1240  0.3505  0.0453 -0.0003  0.4369 1 
 41.1994 -0.7707  2.9441  0.0366  0.3410  0.1348  0.2695  0.0253 -0.0003  0.2593 1 
 45.2430 -0.3691  0.6654  0.1669  0.4784  0.0739  0.4381  0.2340 -0.0003  0.9456 0 
 29.2576  0.3316 -2.4449  0.0024  0.1459  0.0703  0.2968  0.0547  0.4313  0.6753 0 
 46.3264 -0.5316 -1.4710  0.0118  0.5893  0.0330  0.3919  0.0435 -0.0003  0.1748 0 
 45.9754  0.5235  1.6893  0.0328  0.6912  0.0286  0.3926  0.0327 -0.0003  0.2647 0 
 54.7097  0.5533 -0.2129  0.0800  0.4397  0.2655  0.4590  0.0670 -0.0003  0.4565 0 
 48.7160 -0.5780  2.9694  0.0386  0.5264  0.0866  0.5587  0.2364  0.0804  0.7318 0 
 43.9673  0.1762  2.4185  0.0584  0.6589  0.0153  0.2648  0.0384 -0.0003  0.2218 0 
 42.7649 -0.1857 -0.7348  0.0037  0.1467  0.0593  0.2668  0.1341 -0.0003  0.1218 0 
 51.7311  0.4406  2.7915  0.0159  0.2985  0.2524  0.5079  0.0906 -0.0003  0.2972 0 
 47.4372 -0.4455 -0.3486  0.0525  0.1654  0.0752  0.3462  0.0208 -0.0003  0.1877 0 
 52.7413 -0.2846 -2.9570  0.2236  0.4104  0.1001  0.4211  0.1442 -0.0003  0.8949 1 
 48.1666  0.3130  0.2277  0.2735  0.1682  0.0911  0.8620  0.3051 -0.0003  0.9914 1 
 45.5146  0.4039  1.8864  0.0014  0.2372  0.1030  0.1750  0.0394  0.3833  0.5272 1 
 39.7040 -0.4225 -1.2569  0.2158  0.2818  0.0409  0.2268  0.1697  0.3338  0.9937 1 
 49.7902  0.1036 -0.3437  0.0021  0.4065  0.0590  0.2564  0.0836 -0.0003  0.2102 0 
 46.7597 -0.1180  2.8152  0.0634  0.2249  0.0319  0.1737  0.0560 -0.0003  0.1927 0 
 49.4728  0.6392  0.0259  0.0027  0.6423  0.0880  0.4281  0.0182 -0.0003  0.1972 0 
 39.8321 -0.6248  3.1388  0.1339  0.3568  0.0311  0.3173  0.0436  0.1905  0.7943 0 
 49.5766  0.5478  0.9626  0.1332  0.3929  0.0454  0.3850  0.0504 -0.0003  0.5933 0 
 39.0753 -0.5311 -2.1760  0.0239  0.2374  0.0257  0.4100  0.0759 -0.0003  0.1242 0 
 43.2563 -0.1339 -1.7229  0.0197  0.2531  0.0176  0.3546  0.0042 -0.0003  0.0806 0 
 42.3865  0.1143  1.3710  0.0458  0.7672  0.0681  0.3120  0.0327 -0.0003  0.4200 0 
 48.0201 -0.2556 -2.0236  0.0618  0.2010  0.0304  0.3019  0.0539 -0.0003  0.1652 0 
 47.6814  0.2792  1.1406  0.0017  0.3731  0.0684  0.5186  0.0721 -0.0003  0.1772 0 
 47.3030  0.2967  0.9011  0.0341  0.1640  0.1465  0.3031  0.0049 -0.0003  0.1394 0 
 45.3895 -0.2709 -2.2558  0.1243  0.2746  0.0298  0.1751  0.1005 -0.0003  0.4464 0 
 49.1157 -0.2373  1.0430  0.0218  0.1422  0.0605  0.4717  0.1169 -0.0003  0.1773 0 
 40.7416  0.2342 -2.1020  0.0227  0.5630  0.0243  0.3153  0.0665 -0.0003  0.1602 0 
 56.7788 -0.4445 -1.9081  0.0699  0.5078  0.0404  0.2481  0.1243 -0.0003  0.5460 0 
 44.8035  0.4276  1.2120  0.0544  0.3768  0.0428  0.3514  0.0543 -0.0003  0.3352 0 
 51.1055  0.1485 -2.3911  0.6200  0.2553  0.1652  0.2971  0.3399 -0.0003  0.9956 1 
 48.4993 -0.1595  0.6772  0.2488  0.6648  0.0789  0.3012  0.1766 -0.0003  0.9674 1 
 49.5186 -0.6630  1.3734  0.0457  0.2243  0.0128  0.1712  0.0335 -0.0003  0.0885 0 
 45.6306  0.6648 -1.8064  0.0261  0.1781  0.1761  0.3497  0.0101 -0.0003  0.1518 0 
 43.7385  0.6630  1.9486  0.3165  0.5386  0.0281  0.3536  0.4039 -0.0003  0.9905 1 
 36.7346 -0.7085 -1.1334  0.3021  0.5622  0.0516  0.5097  0.2626  0.3804  0.9994 1 
 50.9010  0.1916  2.3575  0.0123  0.7778  0.0601  0.4249  0.0295 -0.0003  0.2472 0 
 50.1717 -0.1397 -0.7444  0.0274  0.1299  0.1022  0.2559  0.0517 -0.0003  0.1130 0 
 46.2379  0.4577  0.7534  0.0092  0.0220  0.0767  0.3049  0.0444 -0.0003  0.0691 0 
 45.0263 -0.4336 -2.3974  0.0066  0.1859  0.0302  0.1755  0.0095 -0.0003  0.0727 0 
 49.6773  0.7134 -2.9339  0.7443  0.6533  0.0789  0.3848  0.9799 -0.0003  0.9984 1 
 33.6400 -0.7361  0.2482  0.0101  0.6244  0.0249  0.3325  0.0424 -0.0003  0.1343 1 
 44.7089  0.7379  1.7946  0.0352  0.2177  0.0278  0.3516  0.1076 -0.0003  0.1571 0 
 40.6561 -0.7492 -1.3079  0.0867  0.8321  0.0202  0.3606  0.0515 -0.0003  0.5084 0 
 51.5206  0.0516  0.6178  0.0262  0.4271  0.0570  0.4660  0.1653 -0.0003  0.4140 0 
 44.6510 -0.0235 -2.5406  0.0578  0.2476  0.0200  0.3077  0.1463 -0.0003  0.2491 0 
 46.1463 -0.6871  2.1895  0.0547  0.4253  0.1240  0.5230  0.1795 -0.0003  0.5801 0 
 27.7043  0.7015 -0.8861  0.1237  0.0768  0.0125  0.2514  0.0944  0.0866  0.4117 0 
 49.6132  0.3442 -1.6703  0.0707  0.5004  0.0990  0.5561  0.0408 -0.0003  0.3971 0 
 46.2196 -0.3483  1.4606  0.0051  0.1481  0.0141  0.2178  0.0422 -0.0003  0.0365 0 
 42.6245  0.7546 -1.8803  0.4261  0.4530  0.0362  0.4450  0.2209 -0.0003  0.9686 1 
 42.1851 -0.7820  1.2676  0.0708  0.3021  0.0494  0.2231  0.1364 -0.0003  0.5027 1 
 51.7525  0.7817 -1.8503  0.0203  0.4268  0.0704  0.3809  0.0999 -0.0003  0.2932 0 
 47.4495 -0.7767  1.2683  0.0924  0.1169  0.0309  0.2596  0.0639 -0.0003  0.1526 0 
 47.0191 -0.5249 -3.0603  0.1131  0.7798  0.0251  0.4337  0.0902  0.1367  0.7080 0 
 36.4660  0.5303  0.0864  0.0292  0.2249  0.1710  0.4179  0.1147 -0.0003  0.2994 0 
 45.4963  0.7101  1.3124  0.0412  0.0834  0.0373  0.4812  0.0722 -0.0003  0.1379 0 
 44.0192 -0.7078 -1.8280  0.0000  0.0669  0.1000  0.1765  0.0754 -0.0003  0.0893 0 
 43.1739 -0.5747  0.9865  0.3197  0.6731  0.0555  0.5322  0.3533 -0.0003  0.9899 1 
 32.0928  0.5643 -2.1491  0.2184  0.3056  0.0695  0.4333  0.4359 -0.0003  0.9907 1 
 45.7923 -0.2479  3.0645  0.5785  0.4768  0.0591  0.3930  0.5624 -0.0003  0.9979 1 
 36.8322  0.2367 -0.1280  0.1793  0.7560  0.1046  0.5557  0.1570 -0.0003  0.9298 1 
 47.9835 -0.7386 -2.4885  0.2555  0.4675  0.0809  0.3452  0.2149 -0.0003  0.9705 1 
 46.7353  0.7557  0.6367  0.1744  0.3105  0.0386  0.8253  0.4230 -0.0003  0.9868 1 
 45.8625 -0.2282 -1.9537  0.0337  0.4901  0.1536  0.3056  0.1017  0.0737  0.5041 1 
 44.3671  0.2290  1.1734  0.1389  0.7484  0.0362  0.2642  0.2144 -0.0003  0.8665 1 
 45.7374  0.7724 -0.5555  0.0579  0.1453  0.0487  0.3932  0.0207 -0.0003  0.1736 0 
 38.2452 -0.7751  2.5706  0.0213  0.2358  0.0334  0.0916  0.0110 -0.0003  0.1784 0 
 47.9469 -0.6757 -1.1270  0.0000  0.2439  0.0067  0.0432  0.0070 -0.0003  0.1186 0 
 46.7811  0.6714  2.0210  0.0244  0.5872  0.0244  0.5211  0.0407 -0.0003  0.2575 0 
 51.0445 -0.4037 -1.3234  0.0013  0.3197  0.0618  0.3822  0.0434 -0.0003  0.1368 0 
 48.3558  0.4195  1.7695  0.0177  0.3155  0.2186  0.2153  0.0305 -0.0003  0.2408 0 
 52.9671  0.3072  3.0542  0.0005  0.1693  0.0952  0.4628  0.0508 -0.0003  0.1014 0 
 43.2837 -0.3228 -0.1246  0.1351  0.3498  0.0264  0.0886  0.0904 -0.0003  0.4287 0 
 49.3629  0.2436  1.6133  0.1840  0.1870  0.0519  0.2141  0.1411 -0.0003  0.7287 0 
 45.0782 -0.2209 -1.5729  0.0671  0.3210  0.0945  0.3069  0.2292  0.2398  0.8822 0 
 50.7515 -0.5467  0.3379  0.0400  0.8261  0.0077  0.0851  0.0063 -0.0003  0.1722 0 
 42.1607  0.5446 -2.7790  0.0125  0.3734  0.0632  0.6249  0.1251 -0.0003  0.2976 0 
 50.5165  0.6529  1.7667  0.0932  0.4493  0.1558  0.6386  0.1024 -0.0003  0.5999 0 
 46.8391 -0.6254 -1.3696  0.0043  0.1404  0.0330  0.2171  0.0190 -0.0003  0.0549 0 
 49.1432 -0.2980  0.5957  0.0558  0.7039  0.2064  0.3430  0.1296 -0.0003  0.5366 0 
 40.0702  0.2844 -2.5592  0.0125  0.5041  0.0248  0.1357  0.0902 -0.0003  0.1537 0 
 58.6313 -0.0971  0.4180  0.0501  0.5608  0.0176  0.1641  0.0428 -0.0003  0.1776 0 
 47.9408  0.1151 -2.7379  0.0269  0.2145  0.1994  0.5178  0.0124 -0.0003  0.2203 0 
 51.7556  0.8076 -0.7101  0.0154  0.2682  0.0589  0.4655  0.0263 -0.0003  0.1692 0 
 44.8218 -0.7953  2.4156  0.0142  0.0534  0.0139  0.3513  0.0783 -0.0003  0.0458 0 
 47.1687 -0.1921  2.3795  0.0063  0.2173  0.0358  0.3900  0.0825 -0.0003  0.0926 0 
 44.9622  0.1906 -0.7634  0.0164  0.4734  0.0107  0.3511  0.1486 -0.0003  0.1474 0 
 47.0741  0.1920  0.7071  0.0105  0.1781  0.0271  0.3035  0.0095 -0.0003  0.0605 0 
 43.9094 -0.1891 -2.4323  0.0211  0.2050  0.0147  0.0883 -0.0004 -0.0003  0.1095 0 
 47.7729 -0.0108  2.9772  0.0623  0.1660  0.0795  0.1296  0.0200 -0.0003  0.2749 0 
 46.8818 -0.0140 -0.1624  0.0268  0.1405  0.1360  0.3472  0.0268 -0.0003  0.1109 0 
 52.1798  0.3992 -2.6716  0.2636  0.6757  0.0437  0.5912  0.0953 -0.0003  0.8722 1 
 51.3130 -0.4002  0.4623  0.1196  0.4386  0.0218  0.3817  0.0889 -0.0003  0.5505 1 
 55.2132 -0.5897 -0.3070  0.0078  0.4014  0.3475  0.4580  0.0364 -0.0003  0.2501 0 
 46.9764  0.6094  2.7810  0.0167  0.3395  0.0114  0.2169  0.0829 -0.0003  0.0898 0 
 46.6865 -0.1380  0.6999  0.3571  0.4391  0.0285  0.4780  0.2756 -0.0003  0.9718 1 
 37.0855  0.1291 -2.4785  0.4654  0.5879  0.0415  0.3236  0.4703  0.4086  0.9997 1 
 46.9306 -0.3285 -0.6487  0.0507  0.0671  0.2259  0.1736  0.0839 -0.0003  0.1208 0 
 43.2990  0.4117  2.5335  0.0364  0.2562  0.1131  0.4875  0.0699  0.4870  0.6763 0 
 46.5827 -0.6637  0.9725  0.1035  0.4167  0.0556  0.4347  0.1099 -0.0003  0.6606 0 
 38.5382  0.6661 -2.1615  0.0213  0.3158  0.0386  0.3201  0.0362 -0.0003  0.1429 0 
 40.0153 -0.6998 -0.7288  0.0169  0.1665  0.0095  0.1358  0.0014 -0.0003  0.0576 0 
 23.1998  0.6944  2.3543  0.0000  0.2291  0.1753  0.2656  0.0333 -0.0003  0.1497 0 
 44.2634 -0.5191 -2.2759  0.0889  0.4505  0.0690  0.3084  0.0884 -0.0003  0.6238 0 
 40.2808  0.5038  0.9260  0.0736  0.7344  0.0468  0.3163  0.1379 -0.0003  0.7354 0 
 44.7608 -0.3568 -2.3159  0.0341  0.0812  0.0258  0.3515  0.1822 -0.0003  0.1364 0 
 44.2206  0.3595  0.8140  0.0550  0.2914  0.0288  0.3967  0.0070  0.1727  0.5115 0 
 43.6957  0.7270 -1.6270  0.0030  0.1528  0.0955  0.3979  0.0082 -0.0003  0.0885 0 
 35.3857 -0.7204  1.5057  0.0111  0.1015  0.0384  0.3746  0.0506 -0.0003  0.0661 0 
 47.2236 -0.7096 -0.3618  0.0604  0.4883  0.1107  0.5632  0.0421  0.0907  0.5328 1 
 34.6014  0.7188  2.8018  0.2291  0.3441  0.0114  0.4712  0.2696 -0.0003  0.8880 1 
 54.6365  0.3980  0.3489  0.0407  0.1991  0.2849  0.4174  0.0626 -0.0003  0.2954 0 
 47.4983 -0.3872 -2.7933  0.0421  0.6607  0.0064  0.1730  0.1674 -0.0003  0.2363 0 
 55.3964 -0.0197  1.5286  0.1669  0.2512  0.0845  0.4576  0.2549 -0.0003  0.9273 0 
 33.7194 -0.0147 -1.6140  0.0659  0.4899  0.0434  0.4747  0.0662  0.0654  0.5938 0 
 49.9916  0.1110 -0.4367  0.1705  0.6334  0.1820  0.5977  0.3601  0.6851  0.9955 1 
 47.4159 -0.1909  2.6673  0.3270  0.1780  0.0687  0.3462  0.3080 -0.0003  0.9827 1 
 42.9297 -0.2725 -0.1016  0.3948  0.3600  0.0481  0.4886  0.4381 -0.0003  0.9955 1 
 32.7581  0.2316  3.0011  0.6383  0.2436  0.0368  0.5265  0.2108  0.1581  0.9881 1 
 60.4623 -0.5045 -2.4834  0.0510  0.3230  0.0411  0.2036  0.1308 -0.0003  0.3668 0 
 38.9014  0.5020  0.6383  0.0036  0.2121  0.0334  0.2281  0.0980 -0.0003  0.0802 0 
 43.0884  0.5733 -0.9025  0.0097  0.4563  0.0262  0.3550  0.1545 -0.0003  0.2050 0 
 39.4873 -0.5380  2.2274  0.0318  0.2697  0.0377  0.4997  0.0828 -0.0003  0.2573 0 
 53.0037  0.6763  1.5247  0.2006  0.3845  0.1605  0.5047  0.0804 -0.0003  0.7324 1 
 45.9510 -0.6477 -1.5927  0.0241  0.1935  0.0938  0.3054  0.2690 -0.0003  0.4561 1 
 48.8716 -0.6473 -1.5462  0.0154  0.4851  0.0368  0.3006  0.0029 -0.0003  0.2064 0 
 43.1373  0.6421  1.5723  0.0210  0.4525  0.0820  0.2662  0.0499 -0.0003  0.2866 0 
 49.0211  0.1425  0.6235  0.0580  0.4012  0.0689  0.1716  0.0167 -0.0003  0.4423 0 
 42.3041 -0.1079 -2.4935  0.0056  0.3625  0.1571  0.2676  0.0043 -0.0003  0.1859 0 
 48.6488 -0.6602 -2.2618  0.1188  0.1838  0.0620  0.2580  0.0738 -0.0003  0.4417 0 
 46.8208  0.6476  0.8695  0.0331  0.3639  0.0405  0.2171  0.0902 -0.0003  0.2449 0 
 46.5827 -0.6930  0.2348  0.1639  0.1200  0.0269  0.3913  0.1815 -0.0003  0.6347 1 
 31.9463  0.7001 -2.8867  0.3243  0.5744  0.0393  0.2411  0.3637 -0.0003  0.9891 1 
 47.9408  0.3977 -1.4909  0.0938  0.5750  0.0294  0.2157  0.1729 -0.0003  0.5927 0 
 47.0222 -0.4020  1.6566  0.0575  0.1537  0.0247  0.3036  0.1245 -0.0003  0.1746 0 
 44.2603 -0.2174 -0.3519  0.0427  0.6916  0.1242  0.7491  0.0381 -0.0003  0.3527 0 
 44.1535  0.2353  2.8021  0.0202  0.4963  0.0060  0.1322  0.0327 -0.0003  0.1125 0 
 47.3671 -0.7349  0.7605  0.0149  0.2645  0.0526  0.4762  0.0450 -0.0003  0.1703 0 
 46.3783  0.7332 -2.3918  0.0150  0.3990  0.0609  0.3047  0.0408 -0.0003  0.2134 0 
 41.1383  0.3364 -2.1897  0.1496  0.0942  0.1724  0.1348  0.1586  0.2458  0.7125 0 
 39.6796 -0.3789  0.9577  0.0503  0.6699  0.0709  0.4083  0.0541  0.3619  0.8950 0 
 41.4893  0.1773  2.0952  0.1267  0.4472  0.0083  0.2689  0.0430 -0.0003  0.2939 0 
 40.1709 -0.2443 -1.0509  0.0387  0.1100  0.0345  0.4974  0.0777  0.1719  0.3500 0 
 43.0915 -0.6920 -2.8844  0.0055  0.6541  0.0211  0.1775  0.0248 -0.0003  0.1383 0 
 41.3794  0.6955  0.2656  0.0047  0.1267  0.0338  0.4037  0.1093  0.0939  0.1714 0 
 45.6855 -0.0452  0.1195  0.0023  0.5682  0.1121  0.6118  0.0569 -0.0003  0.2334 0 
 45.1545  0.0235 -3.0408  0.0201  0.4442  0.0853  0.5698  0.0130 -0.0003  0.2276 0 
 48.6671  0.4121  2.9722  0.0612  0.4696  0.0204  0.3009  0.0399 -0.0003  0.2258 0 
 46.7445 -0.4050 -0.1609  0.0044  0.4307  0.0260  0.2172  0.1102 -0.0003  0.1354 0 
 52.6802  0.1221 -1.7660  0.0338  0.1435  0.0409  0.4634  0.0585 -0.0003  0.1510 0 
 42.7832 -0.1155  1.3427  0.0229  0.4219  0.0282  0.2223  0.0622 -0.0003  0.1456 0 
 44.4892  0.6175  0.4424  0.0294  0.0688  0.0627  0.4840  0.1474 -0.0003  0.1608 0 
 36.0204 -0.6356 -2.7329  0.1128  0.4674  0.0173  0.1398  0.0838 -0.0003  0.3385 0 
 37.4792 -0.1714 -1.3205  0.0007  0.3222  0.1909  0.7373  0.1124  0.9245  0.9079 1 
 36.3500  0.2304  1.8511  0.4306  0.4736  0.0380  0.4648  0.4074  0.3704  0.9998 1 
 51.7678  0.5731  1.6033  0.0466  0.1885  0.0377  0.3808  0.1664 -0.0003  0.2999 0 
 49.8787 -0.5712 -1.5415  0.0930  0.2620  0.1543  0.0854  0.0466 -0.0003  0.5795 0 
 37.9004  0.2317  2.0323  0.1160  0.5149  0.0432  0.1837  0.0945  0.4770  0.9966 1 
 37.8637 -0.2295 -1.0911  0.4421  0.4313  0.0265  0.4596  0.3460 -0.0003  0.9899 1 
 44.4007 -0.7095  1.1360  0.0016  0.6980  0.0338  0.4843  0.2094  0.1253  0.6148 0 
 35.5230  0.6858 -2.0366  0.0278  0.1500  0.0219  0.4678  0.0211 -0.0003  0.1016 0 
 48.0995 -0.7164 -1.1144  0.0248  0.6287  0.0688  0.3881  0.0379 -0.0003  0.2685 0 
 44.6967  0.7132  2.0404  0.0045  0.2667  0.0136  0.1758  0.0030 -0.0003  0.0712 0 
 47.3426  0.7547 -0.4846  0.0376  0.2636  0.1055  0.5628  0.1696 -0.0003  0.4552 0 
 41.0285 -0.7497  2.6777  0.0531  0.2745  0.0133  0.3147  0.0432 -0.0003  0.1142 0 
 49.7719  0.5696 -1.0643  0.0115  0.2615  0.1099  0.1710  0.0344 -0.0003  0.2267 0 
 43.0274 -0.5638  2.0987  0.0063  0.2197  0.0418  0.3551  0.0994 -0.0003  0.1060 0 
 48.8594 -0.2850 -2.7737  0.0217  0.7024  0.1097  0.3006  0.1087 -0.0003  0.4055 0 
 42.0905  0.2598  0.3690  0.0110  0.1465  0.0459  0.3126  0.0197 -0.0003  0.0757 0 
 53.1350  0.0828 -1.6460  0.1359  0.1350  0.0701  0.1261  0.1766 -0.0003  0.6353 0 
 52.6284 -0.0608  1.5019  0.0166  0.1004  0.0641  0.2949  0.0073 -0.0003  0.0828 0 
 47.5380 -0.4409 -1.7247  0.0191  0.2405  0.0210  0.4325  0.0190 -0.0003  0.0987 0 
 45.7496  0.4427  1.4227  0.0299  0.3699  0.0275  0.3057  0.0342 -0.0003  0.1435 0 
 45.5207 -0.4165 -2.3444  0.0126  0.5021  0.1322  0.5686  0.0267 -0.0003  0.2337 0 
 45.3132  0.4230  0.7565  0.0386  0.4320  0.0186  0.2190  0.1899 -0.0003  0.2593 0 
 48.5664  0.0946  1.3251  0.0270  0.3302  0.0677  0.4301  0.0400 -0.0003  0.2308 0 
 38.8678 -0.0908 -1.8018  0.0350  0.0733  0.0204  0.2737  0.0121 -0.0003  0.0492 0 
 38.1720  0.7842  1.1442  0.0473  0.1883  0.0327  0.2293 -0.0200 -0.0003  0.1613 0 
 33.0968 -0.7665 -1.9293  0.0002  0.0949  0.0720  0.3340  0.1411 -0.0003  0.0995 0 
 53.4920  0.1967  0.3609  0.2003  0.7326  0.0909  0.3357  0.2148 -0.0003  0.9761 1 
 41.8219 -0.1970 -2.7244  0.3764  0.7917  0.0637  0.4921  0.2532 -0.0003  0.9809 1 
 48.6152  0.0467  2.3282  0.0483  0.0930  0.0435  0.3010  0.0810 -0.0003  0.1063 0 
 45.3498 -0.0518 -0.8560  0.0706  0.4289  0.0385  0.5254  0.1334 -0.0003  0.6027 0 
 42.9480  0.5149  1.9084  0.0164  0.2233  0.1612  0.4886  0.0185 -0.0003  0.1805 0 
 40.9979 -0.5043 -1.1952  0.1089  0.0571  0.1547  0.3598  0.1102 -0.0003  0.2529 0 
 56.6995  0.0839 -0.9545  0.0352  0.1736  0.0658  0.3309  0.0259 -0.0003  0.1489 0 
 44.9317 -0.0946  2.2049  0.0204  0.0858  0.0078  0.1317  0.0128 -0.0003  0.0420 0 
 47.9286  0.6078 -2.5522  0.0431  0.4866  0.1210  0.6473  0.1295 -0.0003  0.4625 0 
 41.5045 -0.6033  0.5728  0.0065  0.5751  0.0221  0.2689  0.0358 -0.0003  0.1146 0 
 48.3253 -0.0877 -0.2302  0.0031  0.4077  0.0510  0.3445  0.0911  0.2081  0.4874 0 
 38.4161  0.0864  2.9282  0.0508  0.4635  0.0503  0.1831  0.0218 -0.0003  0.3990 0 
 49.6315  0.0907 -0.8126  0.0232  0.1460  0.0307  0.4705  0.0226 -0.0003  0.1071 0 
 40.6165 -0.0927  2.3335  0.0015  0.2456  0.2238  0.4959  0.1201 -0.0003  0.2546 0 
 43.4913 -0.7731  1.8034  0.0376  0.2868  0.0388  0.4427  0.0225 -0.0003  0.2216 0 
 32.8527  0.7835 -1.3263  0.0204  0.3344  0.0114  0.1913  0.0502 -0.0003  0.0867 0 
 44.0284 -0.6233  3.0401  0.0336  0.1943  0.0435  0.2206  0.0115 -0.0003  0.1311 0 
 40.8331  0.6115 -0.1187  0.0442  0.1773  0.0477  0.2701  0.0745 -0.0003  0.1649 0 
 55.0057 -0.0513  1.6602  0.0212  0.4568  0.0692  0.3334  0.2659 -0.0003  0.6319 1 
 41.3794  0.0585 -1.4830  0.4457  0.2507  0.0273  0.2692  0.4223  0.2412  0.9989 1 
 50.6813 -0.3523 -2.4756  0.0016  0.1620  0.0305  0.2553  0.0081 -0.0003  0.0560 0 
 45.5421  0.3610  0.6936  0.0289  0.3463  0.1521  0.3936  0.0461 -0.0003  0.2522 0 
 47.6295  0.2041  3.1223  0.0134  0.0475  0.0338  0.2161  0.0115  0.2756  0.5302 0 
 38.6328 -0.2082  0.0067  0.0176  0.5598  0.1006  0.5484  0.0363 -0.0003  0.2438 0 
 45.7252  0.5554 -0.3854  0.0349  0.1997  0.0560  0.1747  0.1644 -0.0003  0.3651 0 
 44.1199 -0.5687  2.7311  0.0101  0.4190  0.0423  0.5733  0.0257 -0.0003  0.1989 0 
 53.4615  0.5540 -2.0290  0.0621  0.4629  0.1972  0.5456  0.4622 -0.0003  0.9767 1 
 47.1443 -0.5463  1.1194  0.0425  0.7821  0.0428  0.4334  0.0466 -0.0003  0.4003 1 
 48.7953  0.4728  0.0055  0.0343  0.2827  0.0381  0.4296  0.1066 -0.0003  0.2651 0 
 41.8555 -0.4730 -3.1345  0.0135  0.1272  0.0028  0.1789  0.0325 -0.0003  0.0334 0 
 45.3315 -0.3289  1.8327  0.0100  0.1897  0.1978  0.2627  0.0424 -0.0003  0.1533 0 
 38.4833  0.2704 -1.3217  0.0179  0.2688  0.0968  0.3660  0.0085 -0.0003  0.1660 0 
 48.6915  0.1681  3.0320  0.0183  0.2356  0.1010  0.2579  0.0489 -0.0003  0.1812 0 
 43.0640 -0.1698 -0.1234  0.0514  0.2585  0.0230  0.3995  0.0471 -0.0003  0.1860 0 
 47.9286 -0.7321 -1.5216  0.0237  0.3990  0.0146  0.2158  0.0274 -0.0003  0.1020 0 
 45.2430  0.7124  1.5847  0.0180  0.1611  0.0914  0.5257  0.1204 -0.0003  0.2089 0 
 51.8135  0.2620  0.7242  0.0049  0.1456  0.0273  0.3384  0.0091 -0.0003  0.0544 0 
 44.9775 -0.2842 -2.3735  0.0072  0.0896  0.0759  0.3071  0.1126 -0.0003  0.0944 0 
 47.6905 -0.5688  1.4120  0.0883  0.2450  0.3072  0.3889  0.0311 -0.0003  0.4329 0 
 46.3752  0.5288 -1.7408  0.0000  0.2632  0.0535  0.2176  0.0624 -0.0003  0.1198 0 
 44.9470  0.0085  2.1282  0.0274  0.3889  0.0943  0.3072  0.0258 -0.0003  0.2416 0 
 44.7791 -0.0199 -1.0090  0.0466  0.7506  0.0260  0.3953  0.0485 -0.0003  0.3359 0 
 36.6125  0.3552 -0.9909  0.3306  0.3935  0.0590  0.3247  0.4354  0.4960  0.9998 1 
 35.1720 -0.3649  2.1535  0.0020  0.2404  0.0326  0.2814  0.0252 -0.0003  0.0663 1 
 49.3660 -0.6745 -2.9471  0.0274  0.3212  0.0463  0.5568  0.0289 -0.0003  0.2533 0 
 39.8566  0.6861  0.1558  0.0208  0.4876  0.0186  0.3172  0.0377  0.1264  0.3360 0 
 48.9937  0.5768  1.7459  0.0157  0.2907  0.0189  0.1717  0.0766 -0.0003  0.0996 0 
 43.3967 -0.5732 -1.4210  0.0208  0.1023  0.0230  0.2215  0.0392 -0.0003  0.0449 0 
 46.7079 -0.4316 -1.7086  0.0652  0.1680  0.1143  0.3910  0.0535 -0.0003  0.2738 0 
 46.1158  0.4258  1.4583  0.1133  0.2730  0.0583  0.4359  0.1408 -0.0003  0.6743 0 
 47.1778  0.6576 -1.5412  0.2604  0.4953  0.1408  0.3467  0.1437 -0.0003  0.9467 1 
 35.5962 -0.6529  1.6162  0.2437  0.3810  0.0386  0.4207  0.2535 -0.0003  0.9470 1 
 47.0039  0.0771  2.6055  0.3671  0.6006  0.0663  0.4771  0.0837  0.3708  0.9950 1 
 42.6856 -0.1074 -0.5156  0.3075  0.3104  0.0573  0.4894  0.2936  0.1819  0.9925 1 
 49.6284 -0.7578  2.4779  0.1774  0.2362  0.3124  0.5560  0.0151 -0.0003  0.7185 0 
 43.7079  0.7567 -0.7816  0.0366  0.1980  0.0795  0.1768  0.0244 -0.0003  0.2234 0 
 71.7296  0.1970 -0.7967  0.3593  0.5198  0.1386  0.2345  0.3200 -0.0003  0.9965 1 
 46.6224 -0.1910  2.3317  0.0417  0.3615  0.0368  0.3912  0.0324  0.2982  0.7559 1 
 44.8829 -0.7614 -2.9537  0.2621  0.5115  0.0613  0.6146  0.1146 -0.0003  0.9025 1 
 38.2971  0.7864  0.3064  0.3641  0.2921  0.1501  0.4123  0.1944  0.3174  0.9923 1 
 49.0394 -0.0395  2.9671  0.0277  0.2257  0.0261  0.3432  0.0115 -0.0003  0.0993 0 
 45.1026  0.0555 -0.1903  0.0074  0.2668  0.0351  0.3069  0.0145 -0.0003  0.0919 0 
 45.1179 -0.7180 -1.3615  0.0036  0.2010  0.0191  0.3069  0.0432 -0.0003  0.0431 0 
 44.0040  0.7131  1.7691  0.0029  0.1356  0.0225  0.2206  0.0381 -0.0003  0.0406 0 
 49.7322 -0.6416  1.7823  0.0584  0.4425  0.0149  0.2992  0.0751 -0.0003  0.1899 0 
 45.2430  0.6546 -1.3412  0.0254  0.1824  0.0871  0.3067  0.1733 -0.0003  0.3026 0 
 48.9509  0.0459  2.6129  0.0333  0.4340  0.1371  0.3434  0.0342 -0.0003  0.2680 0 
 39.4446 -0.0155 -0.5112  0.0439  0.5740  0.0718  0.3181  0.0489  0.0824  0.5250 0 
 60.0534  0.2615 -0.4781  0.5145  0.2860  0.0986  0.2855  0.6397 -0.0003  0.9978 1 
 50.5714 -0.2437  2.6800  0.5553  0.6619  0.0876  0.3405  0.4295  0.1886  0.9978 1 
 48.9662 -0.3106 -2.5696  0.0756  0.2924  0.0972  0.3004  0.0745 -0.0003  0.4630 0 
 43.4760  0.2679  0.5523  0.0172  0.7146  0.0691  0.5755  0.0777 -0.0003  0.3100 0 
 49.1981  0.7708 -2.0121  0.0112  0.3467  0.0145  0.1715  0.0180 -0.0003  0.0937 0 
 46.5583 -0.7669  1.1246  0.0000  0.1113  0.0167  0.3044  0.0679 -0.0003  0.0363 0 
 48.6946  0.3997 -1.0708  0.2384  0.4798  0.1106  0.7736  0.3360 -0.0003  0.9936 1 
 39.3957 -0.4142  2.0933  0.2089  0.1233  0.0091  0.2273  0.0914  0.1307  0.7584 1 
 51.1452  0.2021 -1.9697  0.4040  0.3855  0.0637  0.5093  0.3358 -0.0003  0.9924 1 
 41.7273 -0.2052  1.1634  0.0537  0.5835  0.2572  0.5819  0.1223  0.9433  0.9677 1 
 40.6500  0.5666  1.3067  0.1529  0.2718  0.0667  0.5409  0.1055  0.1451  0.8802 0 
 32.4254 -0.5927 -1.8639  0.0298  0.5405  0.0195  0.3360  0.1107  0.1804  0.5564 0 
 45.0233 -0.5196 -1.3180  0.0275  0.1563  0.0526  0.2193  0.0037 -0.0003  0.1167 0 
 38.0591  0.5301  1.7921  0.1221  0.1801  0.0674  0.3671  0.1299  0.1092  0.7566 0 
 46.0426  0.0039 -0.9903  0.0065  0.2099  0.3028  0.3489  0.0224 -0.0003  0.1833 0 
 45.7038  0.0015  2.1675  0.0416  0.2757  0.0455  0.2622  0.0301 -0.0003  0.2048 0 
 49.7536 -0.4990  2.4450  0.0020  0.1449  0.0530  0.2137  0.0378 -0.0003  0.0732 0 
 48.6122  0.4945 -0.6944  0.0107  0.4664  0.0452  0.3870  0.0320 -0.0003  0.1805 0 
 48.3345 -0.4293  2.2906  0.0598  0.2259  0.1237  0.6459  0.1159 -0.0003  0.5291 1 
 41.8982  0.4384 -0.8648  0.4014  0.5563  0.0479  0.4024  0.3547 -0.0003  0.9928 1 
 45.2979  0.2389 -0.0329  0.5922  0.1149  0.1303  0.4379  0.7032 -0.0003  0.9918 1 
 39.1974 -0.2319  3.1092  0.0885  0.0401  0.0397  0.3642  0.1866 -0.0003  0.2105 1 
 39.8596 -0.6149 -0.8538  0.0587  0.3358  0.1029  0.5891  0.1430 -0.0003  0.5545 0 
 31.5434  0.6169  2.3320  0.0066  0.3592  0.0404  0.2419  0.0374 -0.0003  0.1306 0 
 48.6244 -0.4640  2.2577  0.0417  0.5718  0.0472  0.3010  0.0274 -0.0003  0.3578 0 
 45.0019  0.4627 -0.8512  0.0219  0.3065  0.0434  0.2194  0.0335 -0.0003  0.1656 0 
 53.2540  0.1466  0.7367  0.2096  0.4905  0.0612  0.4621  0.3917 -0.0003  0.9891 1 
 34.2687 -0.1695 -2.4108  0.1192  0.4423  0.0203  0.2835  0.2053 -0.0003  0.6288 1 
 55.1614 -0.7990 -1.4425  0.0446  0.4595  0.0117  0.3332  0.0082 -0.0003  0.1549 0 
 48.3497  0.8000  1.7019  0.0010  0.0364  0.0109  0.3445  0.0191 -0.0003  0.0361 0 
 45.0111  0.5169  2.3672  0.2642  0.2932  0.0583  0.3948  0.1771  0.3120  0.9939 1 
 39.9603 -0.5139 -0.7264  0.0370  0.1442  0.2256  0.4076  0.0920 -0.0003  0.2346 1 
 38.9471  0.1152  1.6219  0.5144  0.4678  0.0499  0.5472  0.5605  0.0735  0.9982 1 
 33.2219 -0.1176 -1.4865  0.2495  0.2750  0.0160  0.2384  0.2159 -0.0003  0.7357 1 
 44.3336 -0.1483  1.9639  0.0161  0.2174  0.1837  0.6166  0.0626 -0.0003  0.2633 0 
 43.2288  0.1111 -1.1798  0.0503  0.4918  0.0522  0.4434  0.1197 -0.0003  0.5027 0 
 39.5148  0.4993 -0.5053  0.3926  0.4833  0.0490  0.4088  0.4848 -0.0003  0.9969 1 
 38.4588 -0.5148  2.6668  0.3471  0.3444  0.0484  0.4576  0.3259 -0.0003  0.9883 1 
 49.7841 -0.7348 -2.2630  0.0616  0.2720  0.0630  0.2992  0.1605 -0.0003  0.5196 1 
 48.9052  0.7364  0.8462  0.2647  0.5407  0.1907  0.3005  0.3151 -0.0003  0.9958 1 
 50.6813  0.6926  2.6554  0.0911  0.3314  0.0268  0.3404  0.1291 -0.0003  0.4788 0 
 46.7964 -0.6916 -0.4807  0.0027  0.3999  0.0168  0.3040  0.1113 -0.0003  0.0924 0 
 49.2409 -0.4354  0.9311  0.0110  0.5989  0.0731  0.3429  0.1252 -0.0003  0.3620 0 
 39.4293  0.4353 -2.2016  0.0226  0.1590  0.0092  0.0909  0.0015 -0.0003  0.0721 0 
 51.5236  0.2902  1.5467  0.0256  0.5880  0.0649  0.3813  0.0145 -0.0003  0.2458 0 
 41.0620 -0.2800 -1.6173  0.0118  0.0728  0.0314  0.3147  0.1704 -0.0003  0.0980 0 
 47.3823  0.8134 -2.5047  0.0035  0.1357  0.0318  0.4761  0.0871 -0.0003  0.0889 0 
 41.7914 -0.8007  0.6604  0.0330  0.1179  0.0258  0.1789  0.0967 -0.0003  0.0789 0 
 48.0507  0.3942  1.9101  0.1430  0.6341  0.0745  0.4313  0.2166 -0.0003  0.9384 1 
 44.5380 -0.3708 -1.2127  0.2514  0.3247  0.0770  0.6158  0.3198 -0.0003  0.9886 1 
 49.6010 -0.3146  2.6817  0.0796  0.0905  0.0743  0.2994  0.0577  0.4468  0.7897 0 
 47.3335  0.3094 -0.4831  0.0309  0.4362  0.0334  0.5195  0.0668 -0.0003  0.3063 0 
 46.7536 -0.1953  1.1944  0.0139  0.3232  0.0551  0.6515  0.0241 -0.0003  0.2289 0 
 36.5087  0.2346 -1.8881  0.0300  0.5755  0.0623  0.5106  0.0486 -0.0003  0.2888 0 
 50.6477 -0.6439  0.8646  0.0767  0.3295  0.0918  0.5957  0.1301 -0.0003  0.6163 0 
 47.1962  0.6592 -2.2741  0.1348  0.2508  0.0291  0.1300  0.1600 -0.0003  0.5355 0 
 46.3294  0.5758  2.3557  0.0420  0.1723  0.0419  0.2177  0.0261 -0.0003  0.1207 0 
 43.6835 -0.5632 -0.8048  0.0511  0.1290  0.0376  0.3979  0.1605  0.2911  0.7295 0 
 49.6986 -0.5874 -1.6514  0.0078  0.2547  0.0337  0.1710  0.0042 -0.0003  0.1178 0 
 43.4607  0.5529  1.5008  0.0625  0.2732  0.1080  0.1771  0.0306 -0.0003  0.3906 0 
 49.1737  0.5837 -0.6601  0.0093  0.5405  0.0445  0.4716  0.1082 -0.0003  0.2556 0 
 42.1759 -0.5758  2.4632  0.0000  0.1196  0.0127  0.0446  0.0075 -0.0003  0.0722 0 
 51.9753 -0.5897  0.4219  0.0372  0.1297  0.0251  0.2536  0.0862  0.0455  0.1431 1 
 42.0752  0.6068 -2.6957  1.0217  0.7068  0.0408  0.4912  0.8917  0.1462  0.9982 1 
 47.8767 -0.4781 -1.6189  0.0030  0.2538  0.0602  0.4317  0.0732 -0.0003  0.1350 0 
 22.6505  0.4115  1.6220  0.0224  0.4262  0.0253  0.3211  0.0189 -0.0003  0.1425 0 
 45.0813  0.1012 -2.7434  0.1635  0.6149  0.0668  0.5701  0.2569 -0.0003  0.9601 1 
 38.4375 -0.0606  0.3724  0.1863  0.4052  0.0356  0.5950  0.2488 -0.0003  0.9445 1 
 39.9603  0.1340 -0.9852  0.0234  0.3287  0.1692  0.4981  0.0956  0.5535  0.7399 1 
 38.7854 -0.1500  2.1472  0.1682  0.5750  0.0873  0.4109  0.1105  0.5949  0.9985 1 
 62.3941 -0.7558 -3.1177  0.0072  0.6130  0.1548  0.4444  0.1376 -0.0003  0.3420 1 
 36.6155  0.7598 -0.1186  0.0556  0.7626  0.0461  0.4638  0.1634 -0.0003  0.7138 1 
 47.5563 -0.6691 -0.4643  0.0046  0.1421  0.0320  0.1730  0.0278 -0.0003  0.0570 0 
 43.5492  0.6516  2.6798  0.0091  0.1774  0.1492  0.3983  0.0347 -0.0003  0.1208 0 
 48.1178  0.1384 -1.7166  0.0943  0.3216  0.0689  0.4311  0.0466  0.1985  0.7019 0 
 46.0060 -0.0630  1.4250  0.0126  0.2380  0.0313  0.3053  0.0335 -0.0003  0.0763 0 
 43.9887 -0.2991  0.6108  0.3807  0.3731  0.0923  0.3531  0.1422  0.2307  0.9768 1 
 32.5811  0.3127 -2.5518  0.7709  0.4059  0.0533  0.3835  0.3814  0.4096  0.9981 1 
 59.9008 -0.5723 -1.0042  0.0353  0.2900  0.0620  0.3264  0.0228 -0.0003  0.2281 0 
 49.5003  0.5679  2.1844  0.0915  0.1269  0.1757  0.2568  0.0685 -0.0003  0.3353 0 
 51.9875 -0.2134 -2.2305  0.0002  0.1024  0.0426  0.3382  0.1173 -0.0003  0.0738 0 
 46.8666  0.2116  0.9197  0.0223  0.2296  0.2191  0.5209  0.2017 -0.0003  0.4806 0 
 44.8981  0.5688 -3.0200  0.0361  0.5647  0.1032  0.5268  0.0179 -0.0003  0.2759 0 
 40.6470 -0.5932  0.1071  0.0215  0.5402  0.0266  0.4057  0.0651 -0.0003  0.1955 0 
 66.0960 -0.4674 -2.1772  0.1396  0.0732  0.0188  0.1992  0.0812 -0.0003  0.1476 0 
 49.5155  0.4487  0.9328  0.0292  0.0986  0.0504  0.2568  0.0637 -0.0003  0.0840 0 
 46.3294  0.6285 -0.1740  0.0345  0.5369  0.0225  0.3919  0.0410 -0.0003  0.2137 0 
 35.8679 -0.6344  2.9096  0.0195  0.2044  0.0103  0.2799  0.0102  0.0588  0.0985 0 
 47.8370 -0.1102 -1.1366  0.0122  0.2801  0.0246  0.3886  0.1057 -0.0003  0.1137 0 
 46.0334  0.1372  2.0035  0.0555  0.1729  0.0186  0.1308  0.0362 -0.0003  0.1024 0 
 57.1054 -0.3561  1.2420  0.0119  0.3219  0.0492  0.1239  0.0117 -0.0003  0.2552 0 
 38.7427  0.3643 -1.9139  0.0229  0.1005  0.0199  0.1827  0.0167 -0.0003  0.0473 0 
 49.9611 -0.3693 -1.5268  0.0111  0.1317  0.1259  0.2135  0.1020 -0.0003  0.1298 0 
 41.5106  0.3716  1.6228  0.1118  0.2841  0.1295  0.4034  0.1756 -0.0003  0.7771 0 
 46.3630  0.1812 -1.1250  0.0512  0.4944  0.0356  0.3047  0.0095 -0.0003  0.3304 0 
 42.6612 -0.1590  1.9718  0.0435  0.1482  0.0332  0.3115  0.0787 -0.0003  0.1146 0 
 48.7984 -0.5777 -1.2541  0.0988  0.2532  0.1080  0.3007 -0.0200 -0.0003  0.3825 0 
 38.3917  0.5679  1.8469  0.0274  0.4467  0.0094  0.2747  0.0215 -0.0003  0.0982 0 
 47.3579 -0.2457 -1.3184  0.1522  0.4794  0.0649  0.4762  0.2696 -0.0003  0.9465 1 
 45.5817  0.2507  1.8034  0.1992  0.6923  0.0349  0.5247  0.2625  0.0847  0.9398 1 
 45.7038  0.0213  0.9539  0.0399  0.3010  0.0247  0.4806  0.0047 -0.0003  0.2215 0 
 44.1108 -0.0107 -2.1918  0.0024  0.1612  0.0213  0.3969  0.0161 -0.0003  0.0522 0 
 49.4270  0.2694  1.7131  0.2416  0.1756  0.1668  0.2997  0.1826 -0.0003  0.9075 1 
 46.5492 -0.2790 -1.4428  0.5318  0.5299  0.0433  0.4348  0.6737 -0.0003  0.9983 1 
 39.4018  0.7697  0.5492  0.0213  0.0900  0.0176  0.2273  0.0031 -0.0003  0.0460 0 
 19.1226 -0.7815 -2.5070  0.0077  0.4175  0.0071  0.2829  0.0765 -0.0003  0.0742 0 
 44.1657 -0.3574  1.1623  0.0006  0.1880  0.0584  0.3968  0.0351 -0.0003  0.0922 0 
 43.5065  0.3593 -2.0235  0.0407  0.1726  0.0639  0.2656  0.1935 -0.0003  0.3771 0 
 56.9467 -0.3370 -2.8503  0.0134  0.5648  0.0646  0.2479  0.1044 -0.0003  0.3908 0 
 41.1231  0.3445  0.2517  0.0037  0.2590  0.0111  0.0899  0.0152 -0.0003  0.0965 0 
 42.2980 -0.5618 -2.5277  0.0221  0.5911  0.0335  0.3568  0.0834  0.2388  0.6425 0 
 39.3774  0.5232  0.6174  0.0078  0.6049  0.0598  0.4547  0.0632 -0.0003  0.2148 0 
 47.6753  0.6203  0.3703  0.0008  0.6137  0.0287  0.5618  0.0606 -0.0003  0.1787 0 
 39.2767 -0.5769 -2.7596  0.0232  0.0901  0.0320  0.2275  0.0118 -0.0003  0.0584 0 
 57.5692  0.1269 -0.0195  0.0777  0.1765  0.0915  0.3296  0.0435 -0.0003  0.2966 0 
 48.4352 -0.1428  3.1210  0.0496  0.3530  0.1621  0.5595  0.0516 -0.0003  0.3501 0 
 44.0467  0.7978 -3.0381  0.0453  0.3468  0.0657  0.2647  0.1194 -0.0003  0.4570 0 
 16.9680 -0.7771 -0.0682  0.0284  0.1923  0.0210  0.2949  0.0107 -0.0003  0.0704 0 
 51.2673  0.4134 -2.2393  0.0074  0.6999  0.0341  0.2121  0.0075 -0.0003  0.2282 0 
 45.2735 -0.4264  0.8803  0.0083 -1.0000  0.0129  0.0876  0.0159 -0.0003  0.1776 0 
 43.9185  0.2435  0.7815  0.1431  0.3986  0.0865  0.4857  0.1758 -0.0003  0.8651 0 
 43.5187 -0.2665 -2.3608  0.0235  0.1672  0.0091  0.1328  0.0173 -0.0003  0.0552 0 
 39.3683  0.0385 -0.2156  0.1269  0.2978  0.0091  0.2728  0.2148 -0.0003  0.4553 0 
 38.1628 -0.0504  2.8769  0.1147  0.2416  0.0440  0.3210  0.2388 -0.0003  0.7255 0 
 46.1158  0.7613  1.0652  0.0669  0.5159  0.0834  0.3487  0.2928  0.4118  0.9639 1 
 38.4833 -0.7647 -2.2041  0.1037  0.5542  0.0866  0.5947  0.1428  0.2104  0.8972 1 
 48.6397 -0.3923  2.5605  0.0063  0.0513  0.0253  0.2150  0.1758 -0.0003  0.0883 0 
 34.0063  0.4078 -0.5598  0.0038  0.4196  0.0139  0.3315  0.0124 -0.0003  0.0765 0 
 53.5348  0.3262 -0.1771  0.0590  0.1670  0.2088  0.2937  0.0645 -0.0003  0.2874 0 
 50.3243 -0.3117  2.9177  0.1600  0.3699  0.0367  0.1705  0.0508 -0.0003  0.6088 0 
 50.3181 -0.6309 -2.1137  0.0432  0.1974  0.0739  0.2131  0.0795 -0.0003  0.2663 0 
 28.9799  0.6099  1.1109  0.0551  0.2850  0.0383  0.2976  0.0215 -0.0003  0.2294 0 
 38.5626  0.3178  2.3352  0.0040  0.2137  0.0352  0.4572  0.1259 -0.0003  0.1334 1 
 38.4710 -0.2894 -0.8423  0.5025  0.5940  0.0266  0.3660  0.5535  0.3163  0.9996 1 
 48.5420  0.7794 -0.2121  0.1086  0.5195  0.0514  0.6882  0.2705 -0.0003  0.9047 1 
 43.5401 -0.7806  2.8509  0.0886  0.5377  0.0359  0.3540  0.1313 -0.0003  0.6646 1 
 45.9327  0.7794  1.6553  0.2537  0.1736  0.0624  0.3055  0.3330 -0.0003  0.9593 1 
 36.1852 -0.7686 -1.4566  0.0585  0.5306  0.0356  0.3723  0.0988 -0.0003  0.4750 1 
 57.8408 -0.6616 -2.6179  0.0755  0.1101  0.1032  0.5762  0.2354 -0.0003  0.6334 0 
 44.7242  0.6517  0.5138  0.0615  0.5844  0.0138  0.1318  0.0319  0.0736  0.2865 0 
 46.2043 -0.6345  0.9632  0.0291  0.2120  0.0844  0.5228  0.0266 -0.0003  0.2073 0 
 42.9725  0.6361 -2.1949  0.0447  0.3009  0.0306  0.2665  0.0345 -0.0003  0.1646 0 
 48.8441  0.2088 -2.3157  0.0109  0.5628  0.0433  0.3006  0.2390 -0.0003  0.5162 0 
 45.0813 -0.1859  0.8569  0.0004  0.3829  0.0678  0.3508  0.0622  0.2002  0.3999 0 
 52.8267 -0.5629 -1.3615  0.0035  0.5305  0.1636  0.6314  0.0273 -0.0003  0.2359 0 
 42.5177  0.5484  1.7334  0.1666  0.3093  0.0217  0.2227  0.2338 -0.0003  0.6937 0 
 48.5817 -0.5544  2.5348  0.0002  0.1540  0.0483  0.3441  0.0880  0.0247  0.0984 0 
 39.4263  0.5502 -0.6461  0.0462  0.4236  0.0226  0.4999  0.0377 -0.0003  0.3173 0 
 43.4455 -0.0453  0.7382  0.0715  0.1416  0.0322  0.3542  0.0744 -0.0003  0.1846 0 
 37.6593  0.0467 -2.4043  0.0567  0.2852  0.0168  0.3222  0.2777  0.1319  0.7060 0 
 49.2378  0.3403 -3.1107  0.0103  0.7475  0.0302  0.2143  0.0871 -0.0003  0.1903 0 
 46.4240 -0.3481  0.0168  0.1009  0.3087  0.1342  0.3481  0.0699 -0.0003  0.4873 0 
 41.7121  0.0982  0.8546  0.0806  0.4719  0.0500  0.4029  0.1096 -0.0003  0.6170 0 
 33.1060 -0.1455 -2.2802  0.0057  0.3857  0.0365  0.2863  0.0276  0.0907  0.2695 0 
 45.1667  0.7752  0.3710  0.0019  0.2973  0.0347  0.3068  0.0154 -0.0003  0.0902 0 
 40.9155 -0.7645 -2.6883  0.0078  0.6507  0.0564  0.3149  0.1163 -0.0003  0.3501 0 
 53.9712  0.6020  0.9189  0.0042  0.5347  0.0172  0.2512  0.0257 -0.0003  0.1000 0 
 48.9937 -0.5896 -2.2457  0.1087  0.1024  0.0248  0.2146  0.0887 -0.0003  0.1712 0 
 45.0416  0.3376  2.0732  0.1729  0.5019  0.0135  0.3070  0.1490 -0.0003  0.6218 1 
 27.7409 -0.3700 -1.0528  0.2120  0.2336  0.0188  0.4021  0.2603 -0.0003  0.8529 1 
 45.4017 -0.3711 -1.1384  0.0067  0.1681  0.0430  0.2626  0.0089 -0.0003  0.0769 0 
 44.0314  0.3843  2.0115  0.0000  0.0941  0.0508  0.2647  0.0240 -0.0003  0.0614 0 
 47.7882  0.7304  1.8636  0.0318  0.4176  0.0116  0.3023  0.0594  0.1590  0.4073 0 
 42.1454 -0.6451 -1.3350  0.0739  0.3111  0.0506  0.5357  0.0322 -0.0003  0.4267 0 
 56.3272  0.1671  1.0214  0.0532  0.3519  0.2737  0.6629  0.0408 -0.0003  0.4154 0 
 50.4829 -0.0747 -2.1215  0.0150  0.3485  0.0505  0.2981  0.0689 -0.0003  0.1830 0 
 50.4829  0.4555 -1.0228  0.0390  0.5879  0.0493  0.2555  0.0223 -0.0003  0.3694 1 
 46.2562 -0.4521  2.1139  0.1532  0.5360  0.1216  0.4791  0.2774  0.3779  0.9777 1 
 45.7649  0.6438  1.5639  0.0037  0.3782  0.0262  0.1747  0.0278 -0.0003  0.1154 0 
 42.0508 -0.6257 -1.4313  0.0053  0.6401  0.1464  0.2680  0.0384 -0.0003  0.2658 0 
 46.9703  0.7824 -1.0974  0.0229  0.7652  0.2427  0.3471  0.0064 -0.0003  0.2448 0 
 46.2959 -0.7874  2.0385  0.0167  0.2906  0.0264  0.2613  0.0135 -0.0003  0.0950 0 
 43.5645  0.0797  1.2201  0.2980  0.3715  0.0302  0.3982  0.2443 -0.0003  0.9388 0 
 43.0732 -0.0754 -1.9298  0.0389  0.0604  0.0189  0.3995  0.0541 -0.0003  0.0689 0 
 43.3082 -0.6150  1.3078  0.0021  0.7425  0.0244  0.3102  0.0435 -0.0003  0.1281 0 
 42.9725  0.6284 -1.8353  0.0040  0.4659  0.1413  0.7550  0.0344 -0.0003  0.2565 0 
 39.6582 -0.4130 -2.0542  0.0031  0.2546  0.0299  0.0908  0.0715 -0.0003  0.1375 0 
 36.1883  0.4421  1.0607  0.0128  0.2213  0.2570  0.4188  0.0676 -0.0003  0.2250 0 
 50.5837 -0.6743 -1.2660  0.2211  0.2815  0.0428  0.5533  0.2498 -0.0003  0.9501 1 
 47.5502  0.6644  1.9368  0.0607  0.3503  0.0547  0.4325  0.1435 -0.0003  0.5317 1 
 45.2522 -0.3029 -2.3772  0.0034  0.2883  0.0693  0.3942  0.1961 -0.0003  0.2844 0 
 36.9543  0.3139  0.7605  0.0017  0.3592  0.1123  0.2776  0.0401 -0.0003  0.1805 0 
 55.3780 -0.4975 -1.6645  0.2077  0.4373  0.0864  0.3328  0.1856 -0.0003  0.9415 1 
 50.7546  0.4888  1.5233  0.4813  0.6226  0.0631  0.5954  0.7102 -0.0003  0.9983 1 
 50.3944  0.6912  1.2357  0.0098  0.3300  0.0311  0.2556  0.0135 -0.0003  0.1103 0 
 48.0812 -0.6907 -1.9096  0.1574  0.7514  0.0214  0.2587  0.1618 -0.0003  0.7700 0 
 45.0233  0.7600 -0.8695  0.0164  0.8101  0.0198  0.2632  0.0121  0.2662  0.7982 0 
 44.8402 -0.7720  2.2916  0.0014  0.0905  0.0349  0.3074  0.0158 -0.0003  0.0517 0 
 40.8789 -0.1398 -1.2631  0.5838  0.4668  0.0318  0.2700  0.3743 -0.0003  0.9967 1 
 30.3349  0.1353  1.8826  0.0609  0.5116  0.0756  0.4894  0.1367  0.4965  0.9801 1 
 43.7873 -0.3172  0.8994  0.0286  0.7999  0.0185  0.2651  0.1636 -0.0003  0.2893 0 
 38.6114  0.3278 -2.2439  0.0643  0.3466  0.0209  0.3200  0.0587 -0.0003  0.2130 0 
 56.8765 -0.7435  2.6798  0.0512  0.2988  0.0686  0.2480  0.0787 -0.0003  0.3798 0 
 29.4438  0.7626 -0.4560  0.0084  0.3629  0.0325  0.2962  0.0775 -0.0003  0.1132 0 
 50.2358  0.7721  3.1117  0.1277  0.2904  0.1704  0.2985  0.0273 -0.0003  0.5369 0 
 44.7272 -0.7725  0.0276  0.0190  0.3803  0.0367  0.4834  0.0169 -0.0003  0.2000 0 
 50.3334 -0.6672  1.0323  0.0013  0.2354  0.0316  0.1705  0.0366 -0.0003  0.0769 0 
 45.7679  0.6538 -2.1202  0.0528  0.1960  0.0529  0.3931  0.1256  0.2030  0.5891 0 
 44.9287 -0.1987  0.2027  0.0308  0.3003  0.0195  0.1756  0.1144 -0.0003  0.1543 0 
 41.0285  0.1855 -2.9329  0.0111  0.2985  0.0723  0.7194  0.0264 -0.0003  0.2424 0 
 56.5011 -0.7742 -2.2697  0.0902  0.2885  0.0464  0.2898  0.0372 -0.0003  0.3854 1 
 44.9043  0.7829  0.8126  0.7897  0.3297  0.1045  0.4390  0.7194 -0.0003  0.9975 1 
 47.3121  0.2864  2.8043  0.1165  0.4506  0.0498  0.3897  0.1977  0.4128  0.9951 0 
 46.4881 -0.2773 -0.3173  0.0056  0.0993  0.0401  0.3480  0.1287 -0.0003  0.0843 0 
 46.1219  0.4727 -2.1334  0.0060  0.6098  0.0508  0.3051  0.0854 -0.0003  0.2503 0 
 42.0691 -0.4807  1.0097  0.0829  0.1044  0.0208  0.3126  0.1127  0.1075  0.4312 0 
 47.1382  0.3784 -2.6612  0.0283  0.1977  0.1729  0.5634  0.0519 -0.0003  0.2559 0 
 40.8881 -0.3740  0.4753  0.0093  0.3664  0.0166  0.1800  0.0211 -0.0003  0.0960 0 
 47.5746  0.6623 -2.5063  0.2358  0.7096  0.0385  0.3027  0.2767 -0.0003  0.9645 1 
 44.8371 -0.6630  0.6440  0.0510  0.4901  0.0752  0.3952  0.0206 -0.0003  0.3307 1 
 45.1576  0.4818 -1.4597  0.0239  0.1411  0.0254  0.2630  0.0405 -0.0003  0.0538 0 
 41.5229 -0.4801  1.6697  0.0355  0.1765  0.0083  0.1793  0.0241 -0.0003  0.0536 0 
 47.7974  0.3677  2.6911  0.0706  0.1356  0.0280  0.3455  0.1017 -0.0003  0.1904 0 
 39.0173 -0.3820 -0.4630  0.0744  0.4017  0.0344  0.3646  0.0516 -0.0003  0.4058 0 
 46.8666  0.0220 -1.4016  0.0029  0.2675  0.1643  0.3907  0.0184 -0.0003  0.1600 0 
 46.5736  0.0089  1.7153  0.0222  0.1873  0.0583  0.3913  0.1027 -0.0003  0.1741 0 
 45.5329 -0.1595  2.5400  0.4027  0.5767  0.1427  0.5686  0.3120 -0.0003  0.9966 1 
 40.4212  0.1691 -0.6336  0.6250  0.6825  0.0291  0.3160  0.5052  0.2446  0.9982 1 
 40.8362  0.5904  0.2445  0.1647  0.5042  0.0388  0.4052  0.1591 -0.0003  0.8561 1 
 37.6776 -0.5701 -2.8591  0.0287  0.2763  0.0640  0.5522  0.0156  0.1888  0.3958 1 
 52.7901  0.5790 -3.0377  0.0047  0.6287  0.0554  0.6316  0.0683 -0.0003  0.2355 0 
 45.4841 -0.5603  0.0917  0.0714  0.4213  0.0293  0.3500  0.0505 -0.0003  0.3606 0 
 45.7679 -0.2171  1.9199  0.0095  0.1141  0.0332  0.2621  0.1331 -0.0003  0.0804 0 
 42.4323  0.1300 -1.2003  0.0154  0.3639  0.0412  0.4456  0.0754  0.1412  0.4062 0 
 50.2388  0.7002  1.8625  0.0374  0.2431  0.1675  0.3837  0.0997 -0.0003  0.3142 0 
 40.3052 -0.7108 -1.1292  0.0395  0.2350  0.0644  0.3162  0.0065 -0.0003  0.2081 0 
 36.2615  0.3162 -0.7169  0.1665  0.5112  0.0477  0.5581  0.2879  0.2619  0.9877 1 
 32.9961 -0.3829  2.3921  0.0700  0.2310  0.0871  0.5732  0.1854  0.6792  0.9856 1 
 46.7750  0.2340  2.6446  0.0470  0.4577  0.0382  0.3040  0.0159 -0.0003  0.3048 0 
 41.1780 -0.2355 -0.5381  0.0747  0.1930  0.0278  0.2695  0.0788  0.2351  0.7308 0 
 46.5064 -0.4964 -1.7858  0.0005  0.2495  0.0586  0.4349  0.1165 -0.0003  0.1523 0 
 37.1038  0.5155  1.3325  0.0057  0.4393  0.0249  0.2773  0.0718 -0.0003  0.1024 0 
 43.6713  0.7280 -1.2258  0.0051  0.0506  0.0335  0.1769  0.0063 -0.0003  0.0597 0 
 42.6886 -0.7396  1.8894  0.0980  0.5350  0.0172  0.2669  0.0795 -0.0003  0.3605 0 
 45.1911  0.3768  2.1326  0.0326  0.3521  0.0493  0.3944  0.0517 -0.0003  0.2507 0 
 44.8676 -0.3934 -1.0164  0.0146  0.4244  0.0195  0.3073  0.0115 -0.0003  0.1085 0 
 46.0548  0.7570  0.6397  0.0285  0.6689  0.0397  0.4361  0.2476 -0.0003  0.6831 1 
 40.7019 -0.7688 -2.4740  0.1226  0.5082  0.0166  0.3605  0.1927  0.0381  0.7123 1 
 44.3915 -0.7300 -1.3482  0.0009  0.2270  0.0899  0.3522  0.0298 -0.0003  0.1139 0 
 37.7173  0.7332  1.7808  0.0887  0.0765  0.0262  0.3220  0.0380 -0.0003  0.0990 0 
 46.6712 -0.6277  0.4961  0.0055  0.1562  0.0580  0.1738  0.0114 -0.0003  0.1026 0 
 45.0355  0.5624 -2.6698  0.0548  0.1652  0.1520  0.3509  0.0915 -0.0003  0.2902 0 
 48.3864 -0.3810  0.9420  0.0022  0.1969  0.0867  0.2152  0.0987 -0.0003  0.1667 0 
 43.2074  0.4086 -2.2490  0.0089  0.3411  0.0240  0.1774  0.0976 -0.0003  0.1247 0 
 46.4515  0.4168  0.5030  0.0303  0.6726  0.0277  0.3480  0.0169 -0.0003  0.2367 0 
 45.6458 -0.4167 -2.6315  0.0375  0.3830  0.0242  0.4371  0.0714  0.1739  0.5456 0 
 46.6407 -0.1670 -2.9278  0.0026  0.4821  0.0394  0.4346  0.0140 -0.0003  0.1557 0 
 43.9063  0.1554  0.2531  0.0161  0.3325  0.0382  0.3533  0.1003 -0.0003  0.1733 0 
 48.2307  0.3634 -0.0697  0.0068  0.5241  0.0273  0.3447  0.0944 -0.0003  0.1417 0 
 44.8157 -0.3694  3.0533  0.0466  0.4100  0.0268  0.2635  0.0132 -0.0003  0.2090 0 
 48.7526  0.6232  1.2534  0.0722  0.3940  0.1291  0.3867  0.0235 -0.0003  0.3647 0 
 41.9257 -0.5980 -1.9202  0.0013  0.2746  0.2261  0.4470  0.0383 -0.0003  0.1973 0 
 51.3497 -0.8060 -0.6073  0.0014  0.1434  0.1606  0.2544  0.0827  0.1984  0.2497 0 
 46.5858  0.8065  2.5564  0.0428  0.0306  0.0277  0.1739  0.0660 -0.0003  0.0597 0 
 44.6387 -0.2424  0.9786  0.2659  0.3544  0.1784  0.7474  0.3690 -0.0003  0.9961 1 
 43.9887  0.2189 -2.2028  0.5213  0.5873  0.0235  0.3972  0.2397 -0.0003  0.9862 1 
 51.7952  0.7114 -0.0149  0.0038  0.4081  0.0403  0.2115  0.0733 -0.0003  0.1548 0 
 47.4830 -0.7229  3.1307  0.0349  0.2711  0.0205  0.3028  0.0240 -0.0003  0.1002 0 
 53.0648  0.1210 -1.9545  0.0106  0.1641  0.0398  0.2103  0.0428 -0.0003  0.0688 0 
 42.3041 -0.1083  1.1743  0.0158  0.3248  0.0243  0.2230  0.0272 -0.0003  0.0966 0 
 48.0964  0.4059 -0.6360  0.0110  0.3430  0.0851  0.2156  0.0723 -0.0003  0.2761 0 
 46.8086 -0.3911  2.4725  0.0402  0.3798  0.1062  0.4776  0.0068 -0.0003  0.2635 0 
 51.1421  0.1247 -0.1661  0.0016  0.2877  0.1023  0.6791  0.0341 -0.0003  0.2015 0 
 44.7517 -0.1453  2.9702  0.0160  0.5499  0.0557  0.5712  0.0248 -0.0003  0.2228 0 
 50.5440  0.0823 -1.7752  0.2040  0.7655  0.1363  0.4257  0.1979  0.2702  0.9649 1 
 43.6744 -0.0879  1.3257  0.1956  0.0844  0.0370  0.3538  0.4117 -0.0003  0.8753 1 
 56.3760  0.1572  0.3703  0.0350  0.3030  0.0991  0.3728  0.0106 -0.0003  0.2226 0 
 46.2837 -0.1081 -2.7786  0.0322  0.0732  0.0954  0.3484  0.0374 -0.0003  0.0774 0 
 45.9510 -0.6259  2.4218  0.0095  0.5264  0.0449  0.2182  0.0211 -0.0003  0.2376 0 
 41.5900  0.6281 -0.7388  0.0849  0.5923  0.1532  0.5824  0.0181 -0.0003  0.4097 0 
 50.6233 -0.5186 -0.5020  0.0000  0.0260  0.0356  0.1702  0.0256 -0.0003  0.0553 0 
 42.0111  0.5372  2.6406  0.0121  0.5002  0.0091  0.4468  0.1850 -0.0003  0.2078 0 
 48.1514  0.2779 -1.3537  0.0209  0.1720  0.0450  0.3879  0.1459 -0.0003  0.1808 0 
 38.8830 -0.3027  1.7991  0.0929  0.3207  0.0642  0.3650  0.0993  0.1496  0.7398 0 
 45.3803 -0.4933 -2.9934  0.1307  0.5689  0.0405  0.5691  0.3000 -0.0003  0.9388 1 
 44.3336  0.4758  0.1671  0.2841  0.7163  0.0542  0.6166  0.4636 -0.0003  0.9944 1 
 47.5776 -0.6536 -2.1969  0.0079  0.2832  0.0298  0.3459  0.1854 -0.0003  0.2036 0 
 46.3905  0.6670  0.9588  0.0032  0.6588  0.0431  0.3046  0.0661 -0.0003  0.1965 0 
 49.1432  0.6463  0.7592  0.3137  0.2376  0.0468  0.3002  0.1794 -0.0003  0.9063 0 
 38.5626 -0.6447 -2.3625  0.1301  0.2562  0.0296  0.3201  0.4361  0.0504  0.9020 0 
 44.0864 -0.2974 -0.9381  0.0247  0.4745  0.1758  0.5293  0.0866  0.1897  0.5582 1 
 35.9655  0.3556  2.2308  0.2193  0.7107  0.1039  0.6060  0.2808  0.3223  0.9950 1 
 47.6326 -0.5086  2.8565  0.0165  0.2428  0.0662  0.4323  0.0036 -0.0003  0.1596 0 
 44.1230  0.5624 -0.2533  0.0247  0.2583  0.0333  0.2646  0.0023 -0.0003  0.1279 0 
 42.9511  0.4538 -1.3584  0.1881  0.2714  0.0594  0.3109  0.0430 -0.0003  0.6073 0 
 39.0417 -0.4501  1.8411  0.2546  0.1977  0.0398  0.3190  0.2816  0.2809  0.9957 0 
 45.8289 -0.3378 -1.4037  0.0269  0.2568  0.1273  0.6113  0.0607 -0.0003  0.2963 0 
 36.3287  0.3360  1.7250  0.0179  0.3835  0.0465  0.3719  0.0446 -0.0003  0.1887 0 
 60.6973  0.7238 -1.0471  0.0363  0.2505  0.0642  0.2847  0.0694 -0.0003  0.2407 0 
 45.0172 -0.7126  2.0924  0.0249  0.5151  0.2022  0.7019  0.0269 -0.0003  0.3057 0 
 46.6529 -0.3710 -2.6383  0.0156  0.5062  0.0709  0.6084  0.0287 -0.0003  0.2303 0 
 42.9419  0.3400  0.5198  0.0464  0.2404  0.0630  0.3553  0.0545 -0.0003  0.2525 0 
 51.3710 -0.5727  0.3799  0.0795  0.3505  0.0810  0.4239  0.2165 -0.0003  0.7355 1 
 41.0163  0.5602 -2.7942  0.0827  0.6084  0.0380  0.1799  0.0963 -0.0003  0.5189 1 
 46.7689  0.2743 -0.9261  0.1347  0.1350  0.0864  0.3040  0.0289 -0.0003  0.3711 1 
 40.1648 -0.2926  2.2094  0.2955  0.2544  0.0721  0.2261  0.2847  0.1184  0.9701 1 
 44.3275 -0.5602  2.9811  0.3577  0.5291  0.0561  0.4845  0.3444  0.3450  0.9996 1 
 43.4485  0.5536 -0.1584  0.7175  0.6160  0.0242  0.5313  1.0681 -0.0003  0.9986 1 
 43.2715  0.6758 -0.8008  0.0214  0.4110  0.0246  0.4433  0.0551  0.0085  0.1929 1 
 26.5232 -0.6963  2.2927  0.3996  0.2493  0.0531  0.3566  0.1075  0.4542  0.9989 1 
 62.5528 -0.3702  1.2176  0.0081  0.1014  0.0719  0.2423  0.0173  0.1040  0.1057 0 
 46.4729  0.3617 -1.9589  0.0002  0.3648  0.0175  0.4785  0.0486 -0.0003  0.0911 0 
 43.3051 -0.4298 -0.6144  0.0190  0.3441  0.0343  0.2659  0.0119 -0.0003  0.1474 0 
 38.1231  0.4267  2.5224  0.0275  0.7329  0.0237  0.1835  0.0025 -0.0003  0.2104 0 
 43.3234  0.1228  1.9102  0.2719  0.5563  0.0219  0.2659  0.0663 -0.0003  0.6978 0 
 39.3866 -0.1259 -1.2421  0.0323  0.1272  0.0276  0.4092  0.0588 -0.0003  0.0956 0 
 44.1657  0.3643 -1.4812  0.1353  0.3514  0.0121  0.1763  0.1584 -0.0003  0.4025 0 
 42.5269 -0.3626  1.6533  0.3244  0.3047  0.0410  0.4899  0.1667 -0.0003  0.9156 0 
 45.1423 -0.1179 -0.5879  0.0313  0.3259  0.0997  0.3068  0.0623 -0.0003  0.2746 0 
 36.5667  0.1098  2.5889  0.0116  0.1710  0.0738  0.1856  0.0034 -0.0003  0.1344 0 
 47.5349 -0.1884 -2.2012  0.4665  0.5358  0.0509  0.3027  0.3561  0.2739  0.9976 1 
 39.5056  0.1824  0.9323  0.2205  0.4461  0.0783  0.4997  0.4056 -0.0003  0.9929 1 
 45.6580  0.5358 -0.8595  0.0400  0.2670  0.0175  0.1748  0.0250 -0.0003  0.1079 0 
 42.4323 -0.5248  2.3101  0.0063  0.1386  0.0361  0.2228  0.0966 -0.0003  0.0675 0 
 52.5277  0.6119  2.6042  0.0058  0.6954  0.0360  0.4216  0.0352 -0.0003  0.1756 0 
 44.5197 -0.6293 -0.4988  0.0288  0.1783  0.0307  0.3079  0.0928 -0.0003  0.1037 0 
 51.3466  0.3715 -3.0666  0.0107  0.4981  0.0528  0.3392  0.2332 -0.0003  0.5260 0 
 49.4942 -0.3876  0.0902  0.0172  0.1564  0.0236  0.4280  0.0289 -0.0003  0.0754 0 
 45.5726  0.3720  1.1441  0.5074  0.2518  0.0355  0.4373  0.6243 -0.0003  0.9978 1 
 35.8129 -0.3590 -1.9831  0.0318  0.5104  0.0465  0.1867  0.0715  0.0669  0.4922 1 
 41.1780  0.2277 -1.0432  0.0022  0.8281  0.0253  0.4043  0.0473 -0.0003  0.1400 0 
 39.9634 -0.2603  2.0922  0.0280  0.0749  0.0179  0.2264  0.0801 -0.0003  0.0480 0 
 46.5095 -0.6295 -0.6485  0.0065  0.6332  0.0450  0.4349  0.0129 -0.0003  0.1840 0 
 30.6615  0.6621  2.4956  0.0606  0.1959  0.0015  0.0488  0.0073 -0.0003  0.1271 0 
 43.5340  0.4852  2.1899  0.2151  0.4881  0.1248  0.4426  0.1867 -0.0003  0.9488 1 
 40.7141 -0.5012 -0.9125  0.7538  0.5656  0.0684  0.8560  0.5699 -0.0003  0.9936 1 
 48.7495 -0.6534  2.0782  0.0706  0.0990  0.0845  0.4297  0.1733  0.0567  0.4408 0 
 46.0639  0.6450 -1.0685  0.0092  0.0973  0.0578  0.2616  0.0430 -0.0003  0.0705 0 
 69.7826  0.5245 -1.2728  0.0047  0.0636  0.0494  0.0787  0.0154 -0.0003  0.0955 0 
 50.7515 -0.5025  1.9197  0.0279  0.2560  0.0818  0.3827  0.0148 -0.0003  0.1895 0 
 47.2450  0.7104 -1.6063  0.0547  0.4232  0.0513  0.2599  0.0311 -0.0003  0.3765 1 
 40.7050 -0.7250  1.5678  0.2203  0.3198  0.0146  0.4055  0.1727 -0.0003  0.7392 1 
 40.8270  0.4533 -0.5033  0.0401  0.1036  0.0783  0.4052  0.0134  0.1461  0.1873 0 
 40.6806 -0.4369  2.6601  0.0502  0.1105  0.0582  0.3605  0.1238 -0.0003  0.1969 0 
 48.6702  0.4489  0.1139  0.3026  0.2892  0.0565  0.4298  0.0904 -0.0003  0.8276 1 
 41.7456 -0.4071 -3.0200  0.2480  0.6754  0.0614  0.2685  0.1668 -0.0003  0.9502 1 
 46.2898 -0.5959  0.8173  0.0236  0.2126  0.0181  0.3048  0.0120  0.1087  0.2395 0 
 46.1341  0.6163 -2.3186  0.0486  0.2261  0.0399  0.1744  0.0025 -0.0003  0.2077 0 
 46.2806  0.6754  2.4777  0.1175  0.2351  0.0673  0.4355  0.1448 -0.0003  0.6777 0 
 38.9990 -0.6608 -0.6863  0.0471  0.6338  0.0565  0.3647  0.0701 -0.0003  0.4487 0 
 48.5664 -0.1975  0.2539  0.0587  0.3444  0.0172  0.2151  0.1214 -0.0003  0.2052 0 
 45.0904  0.2010 -2.8901  0.0009  0.0721  0.1250  0.3946  0.0823 -0.0003  0.0578 0 
 54.7555 -0.5125  1.4547  0.2101  0.1619  0.1044  0.2921  0.3747 -0.0003  0.9637 1 
 33.7652  0.4566 -1.6576  0.0643  0.6172  0.0571  0.2373  0.0233  0.3607  0.9589 1 
 45.9205 -0.6006 -0.5757  0.0054  0.1902  0.0362  0.3491  0.0728 -0.0003  0.0726 0 
 42.0325  0.6109  2.5592  0.0132  0.1751  0.0694  0.3127  0.0416 -0.0003  0.1088 0 
 44.0620 -0.7569 -2.0045  0.2594  0.7464  0.0355  0.3088  0.2683 -0.0003  0.9672 1 
 34.5251  0.7822  1.0811  0.0603  0.7677  0.0418  0.5187  0.1605 -0.0003  0.7218 1 
 51.8074 -0.6506  0.8537  0.0105  0.0971  0.0472  0.4231  0.1262 -0.0003  0.1089 0 
 45.7527  0.6483 -2.3040  0.0082  0.1807  0.0372  0.2621  0.0058 -0.0003  0.0754 0 
 46.7597  0.4985  1.7960  0.5351  0.7624  0.0387  0.4343  0.6186 -0.0003  0.9980 1 
 34.5281 -0.5431 -1.4493  0.0009  0.2617  0.1761  0.4715  0.1129  0.7460  0.7727 1 
 45.2399 -0.4928 -2.6132  0.0539  0.1711  0.0414  0.2629  0.0700 -0.0003  0.1624 0 
 40.2899  0.5173  0.5186  0.0026  0.3815  0.0139  0.1807  0.0779 -0.0003  0.0925 0 
 47.8737 -0.3592 -0.0313  0.0264  0.1254  0.1786  0.3885  0.0764 -0.0003  0.1374 0 
 42.0050  0.3908  3.0713  0.0121  0.0639  0.0412  0.4021  0.0759 -0.0003  0.0755 0 
 47.8187  0.7138 -0.6483  0.8472  0.4433  0.0908  0.5614  0.5100 -0.0003  0.9961 1 
 38.1994 -0.6923  2.5284  0.0103  0.4274  0.1418  0.7335  0.0513 -0.0003  0.2858 1 
 43.3143 -0.5239  2.5590  0.0670  0.3095  0.0814  0.3545  0.0247  0.0127  0.3779 0 
 34.1588  0.5394 -0.5707  0.0163  0.6567  0.0255  0.2365  0.1694  0.1630  0.6061 0 
 50.2541 -0.2608  2.1227  0.0701  0.1689  0.0832  0.5542  0.1262 -0.0003  0.4815 0 
 45.1301  0.2431 -1.0161  0.0114  0.3340  0.0333  0.3068  0.0353 -0.0003  0.1066 0 
 60.6851 -0.7131  0.6266  0.0248  0.0982  0.0541  0.2034  0.0223 -0.0003  0.0831 0 
 41.1170  0.7236 -2.4917  0.0006  0.3541  0.0242  0.1348  0.0036 -0.0003  0.1458 0 
 59.3881 -0.7716 -0.0418  0.0412  0.1459  0.0778  0.2862  0.0544 -0.0003  0.1531 0 
 44.2054  0.7563  3.0984  0.0147  0.4584  0.0087  0.1763  0.0869 -0.0003  0.1107 0 
 43.4363 -0.1641  2.1803  0.0605  0.5540  0.0343  0.4428  0.2154  0.0368  0.7450 1 
 41.5290  0.1133 -0.9950  0.0399  0.4115  0.0313  0.4033  0.2341  0.3296  0.9278 1 
 49.5460  0.4771 -2.9732  0.0426  0.1899  0.1061  0.2567  0.0820 -0.0003  0.2603 0 
 45.3071 -0.4887  0.1121  0.0778  0.0938  0.0191  0.2628  0.0637 -0.0003  0.0806 0 
 41.8830  0.7557  2.5553  0.0176  0.1799  0.0961  0.2236  0.0117  0.3184  0.4114 0 
 41.3367 -0.7637 -0.5679  0.0522  0.5115  0.0136  0.1346  0.0305 -0.0003  0.1595 0 
 46.5492 -0.6107  1.3356  0.2314  0.3327  0.0259  0.1740  0.2769  0.0710  0.8819 0 
 35.1415  0.6258 -1.8200  0.1068  0.1549  0.0311  0.3284  0.0466 -0.0003  0.2481 0 
 45.7710 -0.1305  0.1522  0.0070  0.7279  0.0557  0.3931  0.0062 -0.0003  0.2043 0 
 44.7028  0.0961 -2.9770  0.0205  0.1289  0.0390  0.5274  0.0584 -0.0003  0.1360 0 
 46.5736  0.4538 -1.7449  0.0123  0.4981  0.0428  0.2174  0.0131 -0.0003  0.2388 0 
 45.8564 -0.4776  1.4063  0.0242  0.5190  0.0378  0.3492  0.0877 -0.0003  0.2585 0 
 38.9105 -0.6664 -0.7289  0.0705  0.1734  0.1050  0.1368  0.0912 -0.0003  0.4369 1 
 37.2473  0.6938  2.4019  0.0220  0.4495  0.0709  0.3231  0.1238 -0.0003  0.3813 1 
 48.3162 -0.0795 -0.0418  0.0382  0.2667  0.0417  0.3014  0.0657 -0.0003  0.1900 0 
 47.5715  0.0622  3.0439  0.0156  0.2479  0.1635  0.3892  0.1193 -0.0003  0.2570 0 
 44.2206  0.7566 -2.1110  0.0496  0.4063  0.0415  0.3967  0.0790 -0.0003  0.3733 0 
 40.9979 -0.7216  0.9833  0.0185  0.3161  0.0365  0.4497  0.0424 -0.0003  0.1682 0 
 47.3701  0.3380  0.5773  0.0370  0.5561  0.0312  0.2597  0.0178 -0.0003  0.2457 0 
 25.4490 -0.2520 -2.5700  0.0127  0.3177  0.0457  0.5675  0.0041 -0.0003  0.1921 0 
 47.9683 -0.1268 -0.7376  0.1015  0.1111  0.0371  0.2157  0.0469 -0.0003  0.1591 0 
 36.3073  0.1361  2.4160  0.0494  0.2635  0.0062  0.3719  0.0245 -0.0003  0.1001 0 
 47.1504  0.0077  0.7215  0.0876  0.1433  0.2633  0.3034  0.0140  0.3849  0.4891 0 
 44.2023  0.0027 -2.4146  0.0217  0.4885  0.0573  0.3967  0.0305 -0.0003  0.2334 0 
 48.8991 -0.4652  1.2489  0.1171  0.3247  0.0899  0.5581  0.1105 -0.0003  0.6875 0 
 42.8870  0.4660 -1.8956  0.0056  0.0842  0.0228  0.4888  0.0207 -0.0003  0.0656 0 
 39.0845 -0.5043 -1.3814  0.3417  0.5986  0.0144  0.2278  0.3410  0.1897  0.9878 1 
 37.2442  0.4976  1.7259  0.2574  0.5881  0.0223  0.2770  0.4627  0.0233  0.9870 1 
 44.0253  0.1423  1.5680  0.0070  0.7439  0.1123  0.4854  0.0352 -0.0003  0.2653 0 
 37.5586 -0.1559 -1.4854  0.0319  0.4056  0.0215  0.2303  0.0247  0.1646  0.4531 0 
 42.7283 -0.2589  2.0198  0.0010  0.3684  0.0567  0.4003  0.0407 -0.0003  0.1440 0 
 42.4079  0.2844 -1.1023  0.0078  0.1862  0.0778  0.3565  0.0109 -0.0003  0.1101 0 
 51.5328 -0.5092  0.0318  0.0041  0.3637  0.1199  0.3813  0.0692 -0.0003  0.1898 0 
 51.4015  0.5129 -3.1126  0.0180  0.1464  0.0923  0.2967  0.0285 -0.0003  0.1017 0 
 46.4576 -0.1519 -2.9327  0.0600  0.4937  0.0688  0.3046  0.0576 -0.0003  0.4768 0 
 40.6561  0.1869  0.2048  0.0163  0.3700  0.0566  0.3155  0.0225 -0.0003  0.1991 0 
 48.6854  0.5160  0.4385  0.0024  0.4751  0.0403  0.3009  0.0449 -0.0003  0.1420 0 
 42.7619 -0.4867 -2.6578  0.0955  0.4198  0.0765  0.1778  0.0717 -0.0003  0.6708 0 
 46.4118 -0.2000  1.6330  0.0355  0.3960  0.0627  0.2176  0.0078  0.1376  0.4777 0 
 46.0273  0.1801 -1.5308  0.0077  0.4147  0.1216  0.6542  0.1089 -0.0003  0.2899 0 
 46.7323 -0.5072 -0.7905  0.0066  0.6377  0.0396  0.3475  0.0567 -0.0003  0.1824 0 
 24.2832  0.4464  2.2326  0.0273  0.6920  0.0629  0.4712  0.0609 -0.0003  0.3137 0 
 45.2186  0.6460 -2.8824  0.0689  0.1879  0.0413  0.2191  0.0342 -0.0003  0.1949 0 
 41.0742 -0.6276  0.2832  0.0015  0.7126  0.0518  0.5843  0.1531 -0.0003  0.3381 0 
 46.8208 -0.0515  2.6012  0.0328  0.4328  0.0263  0.1737  0.0253 -0.0003  0.1736 0 
 35.8465  0.0678 -0.5368  0.0092  0.3315  0.0185  0.2333  0.0032 -0.0003  0.0890 0 
 42.3499  0.5746  1.8683  0.0950  0.3184  0.0345  0.4012  0.1513 -0.0003  0.6066 1 
 41.5625 -0.5963 -1.2059  0.0381  0.3568  0.0330  0.1792  0.0112 -0.0003  0.2188 1 
 45.2918  0.3819 -2.3317  0.0404  0.1958  0.0331  0.2190  0.0142 -0.0003  0.1152 0 
 37.5799 -0.3491  0.8249  0.0003  0.3998  0.0473  0.1842  0.0635 -0.0003  0.1813 0 
 44.3519  0.1965  2.4455  0.0045  0.1623  0.0405  0.5285  0.0867 -0.0003  0.1260 0 
 42.2309 -0.1045 -0.6845  0.0160  0.4320  0.0087  0.2677  0.0168 -0.0003  0.0833 0 
 46.4942 -0.4786 -0.5787  0.1139  0.4926  0.0271  0.5220  0.0649 -0.0003  0.6476 0 
 41.1749  0.4882  2.5616  0.1462  0.3540  0.0439  0.2695  0.0692 -0.0003  0.6178 0 
 50.5898 -0.4885 -3.1017  0.0027  0.6606  0.0247  0.0851  0.0386 -0.0003  0.1601 0 
 44.7791  0.5074  0.0960  0.0060  0.1470  0.0457  0.3953  0.0318 -0.0003  0.0786 0 
 58.1704  0.6516  2.5676  0.0222  0.3285  0.0491  0.6987  0.1673 -0.0003  0.4112 0 
 54.9935 -0.6393 -0.5488  0.0013  0.6697  0.0611  0.2917  0.1069 -0.0003  0.3286 0 
 52.0912 -0.6100 -2.2425  0.0309  0.2647  0.1029  0.3802  0.0347 -0.0003  0.2083 0 
 46.8330  0.6220  0.9152  0.0646  0.2446  0.0243  0.3908  0.1539 -0.0003  0.3562 0 
 42.8107 -0.6585  1.2980  0.0149  0.0508  0.0179  0.1778  0.0025  0.0689  0.0926 1 
 30.9270  0.6271 -1.7556  0.0820  0.0735  0.0200  0.3893  0.0035 -0.0003  0.1059 1 
 45.6123  0.4732  1.4770  0.0051  0.1698  0.0673  0.3935  0.0099 -0.0003  0.0998 0 
 41.7487 -0.4860 -1.7817  0.0584  0.4050  0.0923  0.4923  0.3516 -0.0003  0.8480 0 
 54.9599 -0.4833 -2.7682  0.0255  0.3471  0.0245  0.2918  0.0749 -0.0003  0.1239 0 
 38.3551  0.5082  0.3990  0.0225  0.0749  0.0322  0.4121  0.0922 -0.0003  0.0880 0 
 57.0169  0.7803  2.1665  0.0005  0.0490  0.0162  0.0826  0.0473 -0.0003  0.0514 0 
 40.4425 -0.7886 -0.9409  0.0061  0.0904  0.0320  0.1805  0.0113 -0.0003  0.0565 0 
 56.6873  0.3582 -0.7318  0.1764  0.4708  0.2073  0.3723  0.0480  0.1896  0.8308 0 
 48.5084 -0.3290  2.4225  0.0208  0.3678  0.1527  0.6023  0.0905 -0.0003  0.3166 0 
 55.9121 -0.4476 -0.2359  0.1327  0.4754  0.1658  0.2490  0.0992 -0.0003  0.7557 0 
 39.2401  0.3864  2.9271  0.0278  0.4447  0.0308  0.3641  0.0770 -0.0003  0.2097 0 
 46.9917 -0.5011  1.2895  0.2725  0.1889  0.0847  0.5639  0.1387 -0.0003  0.8905 0 
 44.5197  0.4558 -1.9166  0.0144  0.4143  0.0410  0.5719  0.0233 -0.0003  0.2145 0 
 45.7771 -0.3226  2.0616  0.2069  0.2305  0.0119  0.2184  0.0898 -0.0003  0.3753 0 
 45.4078  0.3287 -1.0675  0.0110  0.1441  0.0214  0.3064  0.0071 -0.0003  0.0498 0 
 45.2399  0.7591  2.7675  0.0145  0.5377  0.0209  0.1752  0.0167 -0.0003  0.1447 0 
 43.0884 -0.7367 -0.3902  0.0128  0.1509  0.0228  0.1331  0.0682 -0.0003  0.0636 0 
 47.3457  0.7934  2.7092  0.0098  0.1286  0.0445  0.4329  0.0157 -0.0003  0.0859 0 
 36.4935 -0.7869 -0.4615  0.0481  0.4792  0.0367  0.2321  0.0613 -0.0003  0.2915 0 
 52.6833 -0.4843 -1.7491  0.1122  0.1257  0.1772  0.2949  0.0329 -0.0003  0.3440 0 
 45.6275  0.5422  1.4103  0.0351  0.1954  0.0768  0.3497  0.0480 -0.0003  0.1819 0 
 40.4791  0.5115 -0.7678  0.0727  0.5266  0.0157  0.4513  0.0805 -0.0003  0.4390 0 
 36.2005 -0.5169  2.3898  0.0865  0.1084  0.0245  0.2326  0.0638 -0.0003  0.1105 0 
 55.6985  0.6256 -2.0098  0.4357  0.3032  0.0941  0.4985  0.4331 -0.0003  0.9975 1 
 27.7165 -0.6821  1.0258  0.3058  0.2804  0.1162  0.4022  0.4564 -0.0003  0.9972 1 
 42.7283  0.6528  3.0092  0.4109  0.7950  0.0591  0.2668  0.3542 -0.0003  0.9951 1 
 33.2830 -0.6557 -0.0802  0.0406  0.3897  0.0272  0.3335  0.0312 -0.0003  0.1900 1 
 46.5431 -0.1283  2.0161  0.0251  0.4008  0.0222  0.4783  0.0886 -0.0003  0.2272 0 
 31.2993  0.1310 -1.1165  0.0387  0.2211  0.0258  0.2425  0.0087 -0.0003  0.1075 0 
 46.5858 -0.5724  1.9593  0.7611  0.4567  0.0293  0.4782  0.4708 -0.0003  0.9965 1 
 37.1893  0.5739 -1.1910  0.2195  0.8031  0.0172  0.6004  0.2690 -0.0003  0.9385 1 
 51.9265 -0.2922 -0.6918  0.1094  0.3839  0.0396  0.2114  0.1669 -0.0003  0.6785 0 
 45.2888  0.3136  2.4924  0.0139  0.5756  0.1140  0.4379  0.0750 -0.0003  0.2660 0 
 38.2940 -0.7723  1.5838  0.2617  0.4398  0.0548  0.5040  0.2238 -0.0003  0.9636 1 
 38.2147  0.7596 -1.5770  0.3050  0.6369  0.0440  0.3209  0.2755  0.3095  0.9950 1 
 51.8929  0.3746  0.7753  0.0002  0.3456  0.1422  0.3806  0.1224 -0.0003  0.2338 0 
 46.6926 -0.3963 -2.3989  0.0203  0.1529  0.0189  0.5214  0.0914 -0.0003  0.1322 0 
 46.1189  0.0478 -3.0555  0.0243  0.4236  0.0398  0.3487  0.0207 -0.0003  0.2079 0 
 43.9979 -0.0523  0.0820  0.0135  0.6771  0.0206  0.2648  0.0461 -0.0003  0.1350 0 
 50.6325 -0.6243 -0.2466  0.0839  0.4363  0.1872  0.5532  0.0920  0.4124  0.8729 0 
 46.1311  0.6327  2.9316  0.0214  0.3875  0.0668  0.3487  0.0489 -0.0003  0.2322 0 
 49.0761 -0.4809 -1.3477  0.0380  0.2177  0.0403  0.3003  0.0093 -0.0003  0.1485 0 
 45.6855  0.4903  1.7971  0.0890  0.8288  0.0304  0.3059  0.0771 -0.0003  0.5895 0 
 51.6518  0.1725 -1.0723  0.0289  0.3467  0.0207  0.3810  0.1780 -0.0003  0.2655 1 
 33.3898 -0.1632  2.1069  0.0100  0.7458  0.0229  0.1428  0.0019 -0.0003  0.1909 1 
 44.5533  0.6300 -0.4357  0.0270  0.0830  0.1205  0.3519  0.0148 -0.0003  0.0687 1 
 30.2495 -0.6380  2.7534  0.2907  0.2961  0.0363  0.1469  0.1381  0.3825  0.9941 1 
 49.4575 -0.4401  0.8915  0.0102  0.3630  0.0472  0.2997  0.0273 -0.0003  0.1575 0 
 37.2656  0.4438 -2.2188  0.0233  0.5274  0.0743  0.5077  0.0197 -0.0003  0.2331 0 
 47.8706 -0.7872  0.2275  0.3391  0.1065  0.0591  0.6043  0.2173 -0.0003  0.9701 1 
 45.3193  0.7856 -2.9355  0.3086  0.4167  0.0360  0.3941  0.3895 -0.0003  0.9897 1 
 46.2928  0.6668 -1.8264  0.0737  0.4951  0.0343  0.7838  0.0748 -0.0003  0.6169 0 
 45.0477 -0.6416  1.3289  0.0593  0.6194  0.0205  0.3509  0.0748 -0.0003  0.3185 0 
 43.0518 -0.5682 -2.2082  0.0071  0.3745  0.1747  0.4439  0.0273 -0.0003  0.2094 0 
 40.6256  0.5409  0.9968  0.1007  0.1634  0.0857  0.4959  0.0873 -0.0003  0.4805 0 
 46.2348  0.1951 -2.3799  0.0122  0.1090  0.0374  0.2178  0.0128 -0.0003  0.0619 0 
 39.0051 -0.1159  0.7878  0.0099  0.4234  0.1094  0.5014  0.0598 -0.0003  0.2160 0 
 45.7191  0.0440  0.1930  0.5721  0.3585  0.0359  0.4806  0.6372 -0.0003  0.9980 1 
 43.0762 -0.0565 -2.9730  0.3165  0.1689  0.0508  0.5769  0.4399 -0.0003  0.9946 1 
 45.6611 -0.3524  1.5596  0.0346  0.4018  0.0163  0.4370  0.1226 -0.0003  0.2455 0 
 43.0640  0.3387 -1.5805  0.0099  0.2065  0.0133  0.2663  0.0134 -0.0003  0.0451 0 
 44.6021 -0.6684 -0.6895  0.0942  0.3726  0.0411  0.4837  0.0976 -0.0003  0.5942 0 
 43.5920  0.6730  2.4646  0.1206  0.2439  0.0916  0.4867  0.0859 -0.0003  0.5724 0 
 47.3426 -0.5970  3.0371  0.0105  0.1578  0.0808  0.4329  0.0922 -0.0003  0.1294 0 
 43.5950  0.6146 -0.0495  0.0089  0.2099  0.1065  0.2654  0.0714 -0.0003  0.1500 0 
 56.8521  0.0983 -0.3537  0.0443  0.1185  0.0738  0.2066  0.0895 -0.0003  0.1693 0 
 34.2382 -0.1393  2.8106  0.0383  0.2779  0.0103  0.2363  0.2551  0.0029  0.2953 0 
 46.2043 -0.1234 -2.0467  0.5497  0.5553  0.0783  0.4357  0.3079 -0.0003  0.9933 1 
 45.6550  0.0272  1.0859  0.3005  0.6672  0.0253  0.5245  0.2497 -0.0003  0.9557 1 
 47.4311 -0.0606 -2.5524  0.0757  0.6455  0.0505  0.4327  0.1561 -0.0003  0.7489 0 
 44.8798  0.0843  0.6036  0.0572  0.1222  0.0233  0.5268  0.0761 -0.0003  0.2199 0 
 47.2480 -0.3095 -2.9951  0.2563  0.5567  0.0680  0.3465  0.3348 -0.0003  0.9890 0 
 41.0559  0.3379  0.1356  0.0782  0.6176  0.1257  0.4945  0.1174 -0.0003  0.5548 0 
 49.7444 -0.7742  0.9179  0.1133  0.0922  0.0205  0.4275  0.0848 -0.0003  0.2601 1 
 42.7924  0.7836 -2.1812  0.0664  0.5310  0.0528  0.4446  0.1844 -0.0003  0.7071 1 
 46.5888 -0.4551  0.0334  0.0020  0.0831  0.0311  0.1304  0.0806 -0.0003  0.0601 0 
 42.0294  0.4317 -3.1132  0.0070  0.3886  0.0705  0.6701  0.0745 -0.0003  0.2455 0 
 49.1096  0.5584  1.6941  0.0258  0.1557  0.1248  0.6433  0.0346 -0.0003  0.2309 0 
 48.9662 -0.5617 -1.4992  0.0018  0.1377  0.2082  0.3004  0.1013  0.2940  0.3679 0 
 45.1057  0.0051  0.4367  0.0392  0.1115  0.0564  0.3507  0.0397 -0.0003  0.1098 0 
 42.6001 -0.0211 -2.7757  0.0378  0.2410  0.0152  0.3561  0.0236 -0.0003  0.0931 0 
 44.6998 -0.5697  1.4457  0.0010  0.1502  0.0418  0.2637  0.0209 -0.0003  0.0612 0 
 39.1821  0.5773 -1.6912  0.0168  0.0916  0.0531  0.1821  0.0456 -0.0003  0.0770 0 
 47.9774 -0.2858  3.0335  0.0119  0.3337  0.0074  0.0431  0.0070 -0.0003  0.1511 0 
 44.8646  0.2803 -0.0920  0.0031  0.1828  0.0197  0.2634  0.0605 -0.0003  0.0421 0 
 53.2570  0.2653  2.6164  0.0269  0.4477  0.0761  0.3361  0.1118 -0.0003  0.3748 0 
 42.6123 -0.2750 -0.5564  0.0468  0.2062  0.0707  0.2225  0.0121 -0.0003  0.2264 0 
 53.2601  0.6134  1.4038  0.0302  0.6532  0.0831  0.3361  0.0078 -0.0003  0.2582 0 
 46.6926 -0.6296 -1.7513  0.0290  0.2493  0.0249  0.2607  0.0378 -0.0003  0.0890 0 
 48.2582 -0.8156 -1.7946  0.1013  0.7129  0.1186  0.7323  0.2250  0.1125  0.9381 1 
 38.1872  0.7972  1.3055  0.0221  0.3013  0.0076  0.1834  0.0203 -0.0003  0.0768 1 
 44.8402  0.0120  2.7600  0.1980  0.3084  0.1097  0.4830  0.3450 -0.0003  0.9835 1 
 43.5126  0.0118 -0.3553  0.2243  0.6607  0.0783  0.5312  0.2307  0.2280  0.9741 1 
 51.4565 -0.7876  2.9241  0.0094  0.1833  0.0479  0.5085  0.0025 -0.0003  0.1262 0 
 30.2220  0.7424 -0.2179  0.0198  0.1676  0.1051  0.2450  0.1174 -0.0003  0.2064 0 
 51.9814 -0.7442  2.9608  0.0185  0.5200  0.0206  0.2959  0.0694 -0.0003  0.1280 0 
 45.1850  0.7367 -0.1931  0.0051  0.4076  0.0203  0.2629  0.0073 -0.0003  0.0979 0 
 52.0699 -0.1889 -0.6991  0.0736  0.1639  0.0659  0.3803  0.0571 -0.0003  0.2767 0 
 45.8015  0.1668  2.4227  0.0191  0.4303  0.0368  0.1747  0.0034 -0.0003  0.2427 0 
 53.5775  0.0182  1.7827  0.0347  0.2512  0.1356  0.4195  0.0146 -0.0003  0.2121 0 
 44.1840  0.0343 -1.3445  0.0233  0.0502  0.0335  0.2204  0.0001 -0.0003  0.0630 0 
 44.5441  0.6926  0.8331  0.0498  0.0954  0.0703  0.2200  0.0964 -0.0003  0.1510 0 
 38.3551 -0.6820 -2.2672  0.0443  0.4389  0.0253  0.4121  0.0412 -0.0003  0.2607 0 
 46.8879 -0.5418  1.8968  0.0461  0.4347  0.0232  0.1302  0.0457 -0.0003  0.1785 0 
 45.5909  0.5411 -1.2388  0.0270  0.3417  0.0311  0.2186  0.0311 -0.0003  0.1448 0 
 44.9348 -0.3834  2.8327  0.0063  0.6023  0.0596  0.3511  0.0620  0.0596  0.3044 0 
 43.3845  0.3853 -0.2990  0.0231  0.1825  0.0686  0.2658  0.1273 -0.0003  0.2183 0 
 47.8218  0.3067  1.2085  0.1900  0.7893  0.0200  0.3023  0.1339 -0.0003  0.8162 0 
 44.0894 -0.2820 -1.8979  0.3175  0.2602  0.0646  0.3088  0.2722 -0.0003  0.9782 0 
 47.7943 -0.6580 -2.4165  0.0121  0.5332  0.0443  0.2591  0.1689 -0.0003  0.3758 0 
 43.4638  0.6504  0.7018  0.0708  0.2439  0.0758  0.3542  0.0739  0.2239  0.6288 0 
 47.4189  0.7073  2.8542  0.0088  0.4916  0.1372  0.4760  0.0141 -0.0003  0.2119 0 
 43.4577 -0.7011 -0.2961  0.0088  0.2321  0.0250  0.3099  0.1601 -0.0003  0.1286 0 
 46.0548 -0.2761 -2.4839  0.1162  0.1855  0.0423  0.3488  0.0317 -0.0003  0.3461 0 
 45.3956  0.2827  0.6788  0.0444  0.3747  0.0284  0.4377  0.0778 -0.0003  0.2986 0 
 47.1015 -0.0834 -0.9398  0.0011  0.2216  0.0357  0.4769  0.0336 -0.0003  0.0970 0 
 46.2745  0.0936  2.1988  0.0354  0.1362  0.0406  0.1742  0.0761 -0.0003  0.1061 0 
 48.7800 -0.2657 -1.5329  0.4314  0.1781  0.0526  0.4726  0.7619 -0.0003  0.9980 1 
 30.7286  0.2456  1.5925  0.6013  0.5961  0.0177  0.2926  0.5056 -0.0003  0.9978 1 
 54.1360  0.3962 -2.0368  0.0004  0.1549  0.1180  0.2510  0.1147 -0.0003  0.1255 0 
 48.9815 -0.3905  1.0646  0.0025  0.5081  0.0303  0.3433 -0.0200 -0.0003  0.1906 0 
 47.2206 -0.2676 -1.3575  0.2968  0.7086  0.0360  0.4332  0.4820 -0.0003  0.9947 1 
 42.7649  0.2274  1.8393  0.4867  0.2805  0.0821  0.3557  0.3109 -0.0003  0.9938 1 
 48.3009  0.7609  0.0401  0.2546  0.3574  0.0664  0.3015  0.2830  0.4834  0.9992 1 
 45.2125 -0.7613 -3.1058  0.0767  0.3344  0.0094  0.2629  0.0582  0.1265  0.4642 1 
 53.2174 -0.3203 -1.7166  0.0015  0.2010  0.1024  0.3361  0.0810 -0.0003  0.1179 0 
 36.6827  0.3158  1.4139  0.0194  0.2425  0.0301  0.2781  0.0916 -0.0003  0.1040 0 
 46.3600 -0.4976  0.7168  0.0033  0.2927  0.0499  0.5224  0.1080 -0.0003  0.1879 0 
 44.6265  0.5163 -2.4291  0.0195  0.4550  0.0626  0.5276  0.0196 -0.0003  0.2215 0 
 46.7445  0.3960  1.1564  0.0145  0.5552  0.0356  0.4344  0.1072  0.2596  0.6594 0 
 43.0976 -0.3863 -1.9989  0.0393  0.1165  0.0232  0.3106  0.1456 -0.0003  0.1223 0 
 42.7344  0.2034 -2.3976  0.0902  0.5650  0.0843  0.5782  0.1882 -0.0003  0.7923 0 
 37.8119 -0.1512  0.7573  0.1483  0.3645  0.0464  0.5057  0.0760 -0.0003  0.6709 0 
 51.8196  0.3576 -2.3390  0.0515  0.6597  0.1315  0.5076  0.0622 -0.0003  0.3612 0 
 41.3245 -0.3291  0.7309  0.0359  0.2269  0.0448  0.4488  0.1243 -0.0003  0.2804 0 
 46.9764  0.0875 -2.3344  0.0444  0.1548  0.0767  0.4772  0.0267 -0.0003  0.1982 0 
 45.2003 -0.0422  0.7771  0.0221  0.2457  0.0179  0.5258  0.0195 -0.0003  0.1427 0 
 47.4434  0.0202  0.8105  0.0670  0.7846  0.1201  0.4760  0.0239 -0.0003  0.4252 0 
 45.3437 -0.0194 -2.3004  0.1098  0.4837  0.0508  0.4378  0.0998  0.1706  0.8183 0 
 49.5491  0.4169 -1.9937  0.1291  0.6425  0.0435  0.3851  0.0794 -0.0003  0.7757 0 
 16.6690 -0.4043  1.0894  0.0339  0.5211  0.0060  0.4155  0.0397  0.0959  0.3180 0 
 57.8012 -0.1512  0.9201  0.0286  0.3109  0.0354  0.1235  0.0168 -0.0003  0.2157 0 
 41.8708  0.1416 -2.2224  0.0433  0.2653  0.0394  0.4919  0.0905 -0.0003  0.3141 0 
 46.3783 -0.5515 -3.0812  0.0154  0.6655  0.0360  0.5223  0.1291 -0.0003  0.3563 0 
 45.6672  0.5477  0.0876  0.0471  0.2397  0.0153  0.3496  0.1815 -0.0003  0.2480 0 
 64.7837 -0.2497  1.5359  0.0796  0.0999  0.0146  0.2402  0.0889 -0.0003  0.0913 0 
 49.4759  0.2428 -1.5634  0.1650  0.6147  0.0539  0.5565  0.2060  0.0887  0.9344 0 
 49.8970  0.1190 -1.5893  0.0030  0.1971  0.0433  0.1708  0.0314 -0.0003  0.0871 0 
 33.6645 -0.1398  1.5049  0.0843  0.6265  0.0161  0.4274  0.0847  0.1004  0.6104 0 
 39.5056  0.6768 -1.0597  0.3408  0.3122  0.0192  0.3180  0.3488 -0.0003  0.9770 1 
 37.1588 -0.6921  2.1079  0.3259  0.4746  0.0150  0.4619  0.2634 -0.0003  0.9512 1 
 44.8005  0.6066 -2.6918  0.0496  0.7909  0.0825  0.4392  0.0274 -0.0003  0.3859 0 
 41.6632 -0.6108  0.4612  0.0403  0.6482  0.0901  0.3582  0.0309 -0.0003  0.3164 0 
 51.4107  0.6015 -0.3682  0.0407  0.3413  0.1027  0.4239  0.1363 -0.0003  0.4165 0 
 36.7498 -0.6077  2.7359  0.0282  0.6248  0.0377  0.3707  0.0601  0.1614  0.5608 0 
 49.6132  0.2577 -1.1428  0.0163  0.4123  0.0684  0.5133  0.0267 -0.0003  0.2088 0 
 30.8721 -0.2674  2.0092  0.0067  0.3173  0.0291  0.3409  0.0693 -0.0003  0.0889 0 
 43.7903 -0.5173  2.5396  0.0669  0.6115  0.0110  0.2651  0.1721 -0.0003  0.3484 0 
 38.4253  0.5125 -0.6365  0.1023  0.2044  0.0664  0.4119  0.2446 -0.0003  0.7374 0 
 55.5795  0.4725 -1.4255  0.5460  0.3739  0.0737  0.2910  0.5192 -0.0003  0.9977 1 
 38.9441 -0.4567  1.7647  0.0372  0.4785  0.0786  0.2736  0.0587 -0.0003  0.3767 1 
 48.5451 -0.7204  2.0739  0.0098  0.6699  0.0311  0.3871  0.1046 -0.0003  0.2160 0 
 44.2725  0.7303 -1.0879  0.0039  0.1980  0.0391  0.3525  0.0386 -0.0003  0.0721 0 
 45.7343 -0.7411 -1.2947  0.0186  0.1179  0.1070  0.5242  0.1130 -0.0003  0.1703 0 
 44.6296  0.7362  1.8129  0.0051  0.4662  0.0122  0.1319  0.0367 -0.0003  0.1104 0 
 47.1107  0.3773 -1.7107  0.0417  0.7366  0.0377  0.3902  0.0721 -0.0003  0.4016 0 
 40.8453 -0.3981  1.4535  0.0185  0.4111  0.0243  0.4952  0.0378 -0.0003  0.1858 0 
 48.0842 -0.6148 -0.9801  0.5309  0.3763  0.0434  0.3881  0.2396 -0.0003  0.9857 1 
 41.9654  0.6279  2.1928  0.0331  0.3730  0.1053  0.5363  0.0419 -0.0003  0.2820 1 
 47.8065 -0.4488 -1.3019  0.0083  0.2781  0.0179  0.1727  0.0988 -0.0003  0.0983 0 
 45.4414  0.4426  1.8638  0.1374  0.2922  0.0373  0.5689  0.1094 -0.0003  0.7217 0 
 43.7079 -0.5461 -1.6104  0.0087  0.6162  0.0432  0.4863  0.0097 -0.0003  0.1880 0 
 43.0488  0.5428  1.5044  0.0725  0.3879  0.0371  0.2663  0.1520 -0.0003  0.5237 0 
 49.4636 -0.1147 -1.6392  0.2759  0.5104  0.0397  0.2997  0.2081 -0.0003  0.9294 1 
 46.1463  0.1168  1.5268  0.2426  0.6371  0.0547  0.4794  0.3293 -0.0003  0.9859 1 
 52.9549 -0.2354  2.0151  0.0246  0.2470  0.0586  0.3366  0.0381 -0.0003  0.1669 0 
 47.6967  0.2405 -1.1072  0.0190  0.3391  0.0268  0.3024  0.0211 -0.0003  0.1110 0 
 44.1840  0.3089  2.8815  0.0192  0.3977  0.0530  0.3967  0.0234 -0.0003  0.2065 0 
 40.2258 -0.3227 -0.2546  0.0021  0.1980  0.0522  0.2712  0.1260 -0.0003  0.1263 0 
 52.5185  0.0019 -2.4404  0.0002  0.1902  0.2053  0.2530  0.0273 -0.0003  0.1396 0 
 45.4017 -0.0092  0.7293  0.0101  0.7753  0.0797  0.7441  0.0856 -0.0003  0.3454 0 
 49.3965 -0.6187  1.9029  0.2682  0.0794  0.0779  0.2997  0.1745 -0.0003  0.8265 0 
 44.1260  0.5948 -1.2666  0.0064  0.4968  0.0210  0.1323  0.0082 -0.0003  0.1602 0 
 46.9215  0.6709 -1.1312  0.0017  0.2772  0.0853  0.2604  0.0153 -0.0003  0.1578 0 
 46.7262 -0.6702  1.9813  0.0562  0.1886  0.0260  0.3475  0.1225 -0.0003  0.2179 0 
 51.5846 -0.7155  3.0741  0.0393  0.1618  0.0389  0.2541  0.0585 -0.0003  0.1065 0 
 47.5868  0.7179 -0.1000  0.0446  0.3794  0.0525  0.2594  0.0606 -0.0003  0.3309 0 
 45.3254 -0.7878 -1.8327  0.0166  0.6168  0.1441  0.4379  0.0388 -0.0003  0.2667 0 
 39.0021  0.7942  1.2999  0.0425  0.5361  0.0151  0.1823  0.0172 -0.0003  0.1544 0 
 56.7758  0.5248  0.5851  0.0125  0.8851  0.1897  0.3308  0.0328 -0.0003  0.3163 0 
 41.3642 -0.4631 -2.4885  0.0383  0.3243  0.0987  0.5832  0.0541 -0.0003  0.3307 0 
 48.7892  0.6308 -0.6245  0.2241  0.5123  0.1191  0.3866  0.0972 -0.0003  0.8575 1 
 37.7478 -0.6442  2.5369  0.1315  0.3630  0.0604  0.6899  0.0113 -0.0003  0.5860 1 
 43.5035 -0.3630  0.1591  0.1326  0.4941  0.0722  0.4426  0.0656  0.2852  0.8899 0 
 39.3286  0.3403 -2.9860  0.0539  0.1057  0.1609  0.4093  0.0953 -0.0003  0.2155 0 
 48.1392 -0.8000  2.7201  0.0173  0.4073  0.0304  0.1724 -0.0200 -0.0003  0.2569 0 
 46.5217  0.7964 -0.4547  0.0131  0.1435  0.0208  0.3479  0.0495 -0.0003  0.0496 0 
 47.9591 -0.7181  1.3625  0.0398  0.0818  0.0568  0.2589  0.0057 -0.0003  0.0892 0 
 47.3335  0.7150 -1.7744  0.0032  0.5661  0.0352  0.3463  0.0826 -0.0003  0.1579 0 
 48.7556  0.4651 -2.1315  0.0306  0.2242  0.0215  0.3008  0.0502 -0.0003  0.0801 0 
 40.8698 -0.4940  0.9736  0.0302  0.3841  0.0613  0.3151  0.0259 -0.0003  0.2578 0 
 46.9947  0.2610  0.9452  0.0359  0.4685  0.0407  0.3904  0.0667  0.1724  0.5753 0 
 23.9994 -0.2178 -2.1702  0.1844  0.4670  0.0230  0.2102  0.1725  0.0860  0.7781 0 
 52.9488 -0.1023 -2.5869  0.0371  0.3992  0.1483  0.5049  0.0543 -0.0003  0.2980 0 
 36.3500  0.1461  0.5129  0.0038  0.5705  0.0709  0.4183  0.0176 -0.0003  0.1766 0 
 45.9113  0.5276  1.7053  0.0021  0.3413  0.0802  0.4364  0.1657  0.3538  0.6766 0 
 39.4476 -0.5212 -1.4351  0.0014  0.2406  0.0130  0.3635  0.0145 -0.0003  0.0468 0 
 49.5277  0.0924 -0.6389  0.0000  0.1047  0.0290  0.1284  0.0018 -0.0003  0.0674 0 
 45.1728 -0.1036  2.5541  0.0198  0.5199  0.0432  0.3506  0.0093 -0.0003  0.2302 0 
 48.3711  0.6995  0.1931  0.0222  0.2869  0.0573  0.3014  0.0969 -0.0003  0.2278 0 
 45.2796 -0.6966 -2.9366  0.0256  0.3241  0.0238  0.3066  0.0370 -0.0003  0.1061 0 
 41.5259 -0.7911 -0.4767  0.0174  0.5001  0.0162  0.2241  0.0226 -0.0003  0.1142 0 
 37.3724  0.7946  2.6967  0.0113  0.4837  0.0427  0.2767  0.0060  0.1725  0.4313 0 
 46.8910 -0.3005  0.9088  0.0485  0.3217  0.2773  0.4774  0.1762 -0.0003  0.5745 0 
 45.6306  0.2938 -2.2173  0.0314  0.2013  0.1358  0.6119  0.0280 -0.0003  0.2596 0 
 49.3294  0.7120  1.6904  0.0453  0.2765  0.0894  0.2998  0.0579 -0.0003  0.3015 0 
 43.9185 -0.7203 -1.4661  0.0471  0.2893  0.0539  0.2208  0.0117 -0.0003  0.2781 0 
 44.3366  0.6584  2.1877  0.0095  0.4055  0.0336  0.3964  0.0292 -0.0003  0.1391 0 
 39.9329 -0.6338 -0.9810  0.0788  0.2131  0.0639  0.1359  0.0307 -0.0003  0.3650 0 
 55.9182 -0.2556 -2.3393  0.0291  0.2678  0.1668  0.8300  0.0529 -0.0003  0.4278 0 
 43.9796  0.2807  0.7865  0.0687  0.4333  0.0251  0.3089  0.1190 -0.0003  0.3741 0 
 39.7406  0.3548 -0.6177  0.4261  0.3193  0.0290  0.2267  0.2192  0.3823  0.9974 1 
 35.1019 -0.3693  2.4340  0.2656  0.1632  0.0576  0.4694  0.2184  0.3622  0.9976 1 
 47.1382 -0.1872  1.6451  0.0983  0.4677  0.0462  0.2601  0.0535 -0.0003  0.5844 0 
 40.8392  0.1873 -1.4871  0.0112  0.2219  0.0340  0.4052  0.0842 -0.0003  0.1074 0 
 46.4271 -0.4828  1.9109  0.1073  0.6237  0.0469  0.6092  0.0944  0.2289  0.8686 1 
 41.3153  0.4920 -1.2385  0.0092  0.3883  0.2123  0.4937  0.1185 -0.0003  0.3004 1 
 42.3011 -0.6298 -2.0357  0.0333  0.4462  0.0720  0.4460  0.0264  0.2064  0.5219 0 
 32.8771  0.6404  1.0805  0.0009  0.3112  0.0276  0.2390  0.0118 -0.0003  0.0849 0 
 45.7832  0.5547 -2.0359  0.0063  0.4490  0.1605  0.4367  0.0248  0.1183  0.2885 0 
 44.7547 -0.5277  1.0969  0.0570  0.4028  0.0144  0.3954  0.1395 -0.0003  0.3166 0 
 56.9070 -0.2022 -2.5583  0.0401  0.2851  0.2105  0.4132  0.0228 -0.0003  0.2672 0 
 56.8673  0.1626  0.5600  0.0345  0.4073  0.1650  0.2480  0.0056 -0.0003  0.2448 0 
 44.6510 -0.4063 -2.6142  0.0298  0.4214  0.0472  0.2638  0.1649 -0.0003  0.4322 0 
 35.5749  0.4132  0.5240  0.1065  0.1224  0.0275  0.1870  0.1192 -0.0003  0.2712 0 
 45.8717 -0.6168  2.1363  0.0430  0.3450  0.0221  0.2183  0.0480 -0.0003  0.1393 1 
 26.1173  0.6395 -1.0561  0.6621  0.7037  0.0345  0.4095  0.2597  0.2938  0.9967 1 
 44.7944 -0.3054 -0.8298  0.0654  0.2675  0.0544  0.3514  0.1328  0.1302  0.6381 0 
 32.8222  0.3408  2.3136  0.0403  0.3793  0.0597  0.3349  0.0226 -0.0003  0.2882 0 
 47.8767 -0.3981 -2.3830  0.0410  0.5540  0.1472  0.3022  0.0517 -0.0003  0.3358 0 
 45.1270  0.4053  0.7750  0.0182  0.5764  0.0352  0.2630  0.0163 -0.0003  0.2156 0 
 46.2074 -0.6989  2.2611  0.1140  0.5098  0.0411  0.3921  0.1276 -0.0003  0.7504 0 
 44.3671  0.6996 -0.8792  0.0025  0.0921  0.0104  0.3523  0.0399 -0.0003  0.0341 0 
 47.8645  0.3915  1.3771  0.0210  0.5564  0.0781  0.2590  0.0145 -0.0003  0.2667 0 
 44.2939 -0.3923 -1.8070  0.0169  0.2761  0.0244  0.3965  0.1188 -0.0003  0.1402 0 
 49.3294  0.0634  0.6609  0.0407  0.3924  0.0583  0.2570  0.0248 -0.0003  0.3185 0 
 47.5196 -0.0481 -2.4694  0.0605  0.4068  0.1723  0.2595  0.0578 -0.0003  0.4093 0 
 44.7852  0.4825  2.4537  0.0446  0.2423  0.0455  0.6150  0.0850 -0.0003  0.3763 1 
 43.0793 -0.4860 -0.7032  0.2204  0.3797  0.0472  0.3106  0.3283 -0.0003  0.9635 1 
 55.7687  0.5440  1.0536  0.1245  0.1797  0.1267  0.2907  0.1411 -0.0003  0.6665 0 
 43.5279 -0.5508 -2.0510  0.2560  0.3438  0.0292  0.6639  0.1174 -0.0003  0.8860 0 
 48.7373  0.2222 -1.5232  0.0706  0.0531  0.0312  0.2148  0.0937 -0.0003  0.0894 0 
 45.7893 -0.2428  1.6392  0.0708  0.2938  0.0136  0.2184  0.0621 -0.0003  0.1442 0 
 48.2094 -0.2884 -2.8302  0.0307  0.6490  0.1979  0.6033  0.1391 -0.0003  0.4185 0 
 36.6735  0.1387  0.3129  0.0117  0.4791  0.0171  0.1391 -0.0002 -0.0003  0.1566 0 
 44.7364 -0.3554  1.4797  0.3491  0.7251  0.0415  0.3515  0.1353 -0.0003  0.9237 1 
 44.2298  0.3485 -1.6632  0.0984  0.5758  0.0392  0.4407  0.0742 -0.0003  0.6544 1 
 50.7027 -0.4345 -2.6322  0.0056  0.6181  0.0531  0.2978  0.0417 -0.0003  0.2245 0 
 49.0517  0.4308  0.4587  0.0027  0.1326  0.0476  0.4290  0.0644 -0.0003  0.0822 0 
 37.6410 -0.0087 -0.7099  0.0058  0.2405  0.0159  0.4603  0.0212 -0.0003  0.0720 0 
 34.4244  0.0237  2.4258  0.0051  0.4764  0.0308  0.5191  0.0239 -0.0003  0.1644 0 
 46.4240 -0.5710  0.8127  0.7243  0.5392  0.0945  0.3046  0.4879 -0.0003  0.9979 1 
 26.8040  0.5866 -2.2132  0.5122  0.3292  0.0375  0.2539 -0.0200  0.3430  0.9862 1 
 52.6223  0.4526  0.4161  0.1042  0.1410  0.0464  0.4635  0.0994 -0.0003  0.4278 0 
 51.7708 -0.4569 -2.7628  0.0112  0.1685  0.0244  0.1269  0.0062 -0.0003  0.0774 0 
 47.9774  0.7475 -0.2000  0.0434  0.0704  0.0925  0.1294  0.0092 -0.0003  0.1137 0 
 44.1627 -0.7275  2.9427  0.0444  0.5227  0.0303  0.3086  0.0479 -0.0003  0.2588 0 
 44.8157 -0.7956  0.5006  0.0335  0.5894  0.0532  0.1757  0.0093  0.2583  0.7283 1 
 43.2319  0.7807 -2.6732  0.2199  0.6079  0.1397  0.4434  0.1546 -0.0003  0.9383 1 
 50.0465 -0.6704  1.3809  0.0080  0.2599  0.1723  0.3841  0.1043 -0.0003  0.2238 0 
 34.6929  0.7062 -1.7672  0.0571  0.4910  0.0639  0.4709  0.0340 -0.0003  0.3805 0 
 47.0619 -0.6087 -1.5738  0.2648  0.5631  0.0705  0.7371  0.2595  0.3767  0.9994 1 
 40.3235  0.5971  1.5561  0.1654  0.3720  0.0411  0.3162  0.1039 -0.0003  0.7056 1 
 46.9368 -0.2867 -2.7565  0.0804  0.6755  0.0919  0.6075  0.0192  0.1845  0.6998 1 
 43.8941  0.2995  0.3635  0.3517  0.3156  0.0895  0.4857  0.6051 -0.0003  0.9985 1 
 43.8788 -0.7424 -1.8278  0.0036  0.3738  0.0302  0.2208  0.0550 -0.0003  0.1033 0 
 42.6917  0.7486  1.2853  0.0014  0.1093  0.0294  0.2224  0.0834 -0.0003  0.0489 0 
 50.2358 -0.5465  1.2007  0.3675  0.5235  0.0472  0.5117  0.4154  0.0368  0.9943 1 
 45.2216  0.5471 -1.9195  0.8817  0.5602  0.0670  0.4381  0.8876  0.2108  0.9988 1 
 46.9062  0.0688  2.9177  0.0439  0.1585  0.0804  0.3472  0.0192 -0.0003  0.1606 0 
 42.7161 -0.0565 -0.2258  0.0327  0.2333  0.1041  0.1779  0.0142 -0.0003  0.2448 0 
 46.5217  0.6433  0.5662  0.0256  0.3376  0.0232  0.1305  0.0010 -0.0003  0.1789 1 
 33.5912 -0.6574 -2.5568  0.0531  0.5172  0.0162  0.3802  0.0864 -0.0003  0.2656 1 
 46.2837 -0.0282 -1.5950  0.2893  0.2886  0.0933  0.3048  0.3109  0.2357  0.9867 1 
 44.7059  0.0404  1.5946  0.3710  0.4439  0.0452  0.2637  0.2735  0.1696  0.9858 1 
 45.6519  0.2003  1.0367  0.1386  0.3431  0.0222  0.3934  0.0197 -0.0003  0.4929 0 
 38.8220 -0.2334 -2.0848  0.0388  0.1528  0.0327  0.2282  0.0262 -0.0003  0.0827 0 
 44.0558 -0.5388 -1.9711  0.0291  0.2952  0.0637  0.3971  0.0239 -0.0003  0.2130 1 
 41.5015  0.5735  1.1535  0.2367  0.3437  0.0779  0.2241  0.3616 -0.0003  0.9807 1 
 54.7738 -0.1254  0.3471  0.0342  0.1110  0.0380  0.2086  0.0991 -0.0003  0.0972 0 
 38.9227  0.1191 -2.7899  0.0416  0.2344  0.0548  0.3649  0.0380 -0.0003  0.2097 0 
 53.8308 -0.3938  2.9406  0.0606  0.1774  0.0072  0.0419  0.0235 -0.0003  0.1306 0 
 45.7313  0.3938 -0.1625  0.0574  0.1542  0.0526  0.3495  0.0314 -0.0003  0.1732 0 
 49.7353  0.4211  0.0201  0.1378  0.3753  0.0471  0.4275  0.1667  0.2047  0.9133 1 
 41.5167 -0.3969  3.1264  0.3188  0.4768  0.0576  0.4482  0.3436  0.3531  0.9995 1 
 46.9825  0.5157 -0.2553  0.0185  0.1844  0.0427  0.3904  0.0245 -0.0003  0.1062 0 
 45.5116 -0.5188  2.8648  0.0081  0.2193  0.0147  0.3062  0.0943 -0.0003  0.0547 0 
 48.7678 -0.1374 -1.4038  0.0107  0.2260  0.0470  0.3008  0.1015  0.0001  0.1276 0 
 46.9551  0.1380  1.7482  0.0471  0.7452  0.0380  0.4772  0.0311 -0.0003  0.3987 0 
 47.6143  0.7010 -2.3076  0.0217  0.3874  0.0508  0.3891  0.0228 -0.0003  0.2108 0 
 40.4974 -0.6879  0.8273  0.0263  0.5211  0.0281  0.2256  0.0320 -0.0003  0.1733 0 
 49.9489  0.0495 -2.9259  0.0222  0.2021  0.0550  0.2562  0.0042 -0.0003  0.1382 0 
 47.1778 -0.0061  0.2040  0.0117  0.6527  0.0345  0.2600  0.1616 -0.0003  0.2954 0 
 50.1686 -0.0054 -1.8863  0.1000  0.2534  0.0633  0.4265  0.1364 -0.0003  0.6143 0 
 41.8372  0.0201  1.2685  0.0815  0.1257  0.0434  0.4026  0.1693 -0.0003  0.3749 0 
 49.8390  0.4922  0.7323  0.0344  0.2947  0.0504  0.4272  0.0777 -0.0003  0.2668 0 
 42.3560 -0.4758 -2.4764  0.0088  0.5507  0.0211  0.4012  0.1154  0.1785  0.4991 0 
 43.4730  0.6430 -2.2639  0.0131  0.2307  0.0767  0.4427  0.0765 -0.0003  0.1687 0 
 43.3997 -0.6495  0.8661  0.0902  0.2772  0.0635  0.4872  0.1950 -0.0003  0.7054 0 
 46.1006 -0.7764  1.9278  0.1041  0.3773  0.2354  0.3924  0.0569 -0.0003  0.5085 1 
 44.2969  0.7800 -1.3196  0.2556  0.3581  0.0405  0.5286  0.2918 -0.0003  0.9742 1 
 50.4860  0.0944 -1.3069  0.0441  0.3638  0.0244  0.2981  0.0192  0.2370  0.7111 0 
 48.7526 -0.0753  1.8026  0.0592  0.0918  0.1310  0.3867  0.0582 -0.0003  0.1497 0 
 43.3143  0.4882 -1.7189  0.0062  0.6234  0.0559  0.4432  0.1861 -0.0003  0.4255 0 
 43.2197 -0.4972  1.4162  0.0286  0.2101  0.0396  0.3104  0.0742  0.2140  0.4927 0 
 44.3488  0.7089 -2.6276  0.0121  0.2507  0.0196  0.1762  0.0052 -0.0003  0.0831 0 
 41.4923 -0.7300  0.5204  0.0235  0.1111  0.0467  0.3138  0.1053 -0.0003  0.1033 0 
 44.2176 -0.5842 -1.9025  0.0242  0.4708  0.0459  0.1763  0.0294 -0.0003  0.2828 0 
 38.9929  0.5732  1.2313  0.0841  0.0660  0.0250  0.2279  0.0356  0.1312  0.3289 0 
 42.0600  0.5101 -0.1159  0.1633  0.5424  0.0161  0.3127  0.1639 -0.0003  0.6774 0 
 39.1547 -0.5073  3.0541  0.0195  0.0758  0.0373  0.3643  0.0074 -0.0003  0.0691 0 
 45.7465 -0.0358 -1.5478  0.2262  0.0782  0.0342  0.4368  0.2853 -0.0003  0.8659 1 
 43.9124  0.0255  1.5888  0.3044  0.1216  0.0251  0.2649  0.3348  0.2423  0.9957 1 
 49.4728  0.2428  1.7813  0.0612  0.5109  0.0258  0.2140  0.0731  0.0739  0.4505 0 
 37.8515 -0.2656 -1.3557  0.0563  0.4924  0.0151  0.2758  0.0584 -0.0003  0.1805 0 
 46.9886 -0.6820 -2.3378  0.0288  0.3325  0.0209  0.1735  0.0092 -0.0003  0.1361 0 
 43.3112  0.6653  0.7740  0.0339  0.6947  0.0348  0.2659  0.0381  0.1577  0.5794 0 
 46.3874  0.2003  3.0518  0.0381  0.3305  0.0322  0.4787  0.0411 -0.0003  0.2556 0 
 34.0215 -0.2256 -0.0499  0.0801  0.2542  0.0270  0.4261  0.0934 -0.0003  0.3802 0 
 47.1901 -0.5169 -1.3873  0.0196  0.2059  0.0644  0.4766  0.0523 -0.0003  0.1693 0 
 46.7597  0.5395  1.7634  0.0025  0.3547  0.0250  0.1303  0.0141 -0.0003  0.1402 0 
 48.4413  0.0153 -2.5809  0.5447  0.4551  0.1863  0.4304  0.4555 -0.0003  0.9986 1 
 46.7201 -0.0204  0.5651  0.0426  0.5809  0.0362  0.3475  0.0152 -0.0003  0.3247 1 
 54.1054  0.6389  2.9068  0.0158  0.1325  0.0421  0.2092  0.0037 -0.0003  0.0801 0 
 44.4221 -0.6187 -0.2165  0.0018  0.4146  0.0221  0.1321  0.1043 -0.0003  0.1379 0 
 47.1565  0.6861 -0.0519  0.0558  0.1446  0.0295  0.2167  0.0289 -0.0003  0.0930 0 
 45.8137 -0.6871  3.0725  0.0181  0.5446  0.0132  0.3057  0.0766 -0.0003  0.1157 0 
 51.2886  0.7600 -0.4986  0.0663  0.5131  0.1984  0.5514  0.1992 -0.0003  0.7241 0 
 43.4455 -0.7434  2.6161  0.0186  0.4556  0.0158  0.3542  0.0699 -0.0003  0.1112 0 
 46.5003  0.2301 -1.4094  0.0106  0.4001  0.0420  0.5220  0.0413 -0.0003  0.1920 0 
 41.5473 -0.2663  1.7229  0.0200  0.2757  0.1477  0.2688  0.0069 -0.0003  0.1828 0 
 46.9520  0.6445  2.9551  0.0648  0.1230  0.0573  0.3037  0.0350 -0.0003  0.1496 0 
 44.4953 -0.6439 -0.2064  0.0121  0.1672  0.0209  0.3520  0.0606 -0.0003  0.0536 0 
 53.1105 -0.3829 -0.9591  0.0475  0.1570  0.2142  0.2522  0.0389 -0.0003  0.2034 0 
 50.3181  0.4222  2.1014  0.2373  0.2137  0.1037  0.3836  0.2841 -0.0003  0.9711 0 
 55.7198 -0.4758 -2.5302  0.0014  0.5350  0.1399  0.4154  0.0275 -0.0003  0.2134 0 
 47.5135  0.5055  0.5807  0.0311  0.3022  0.0278  0.2163  0.0262 -0.0003  0.1284 0 
 47.3213 -0.6935 -1.7270  0.5319  0.2719  0.0664  0.4330  0.3707 -0.0003  0.9938 1 
 35.2483  0.6600  1.3535  0.0020  0.6063  0.0722  0.5626  0.0078  0.5363  0.9477 1 
 36.5331  0.1243  0.3483  0.0979  0.1847  0.0707  0.3249  0.1307 -0.0003  0.5173 0 
 36.3531 -0.1033 -2.7660  0.0234  0.2867  0.0941  0.2324  0.0314 -0.0003  0.2337 0 
 47.1778  0.1404  0.5598  0.5078  0.3377  0.0500  0.2600  0.5307 -0.0003  0.9974 1 
 42.0874 -0.1177 -2.5791  0.0744  0.2345  0.0270  0.6698  0.1378 -0.0003  0.5738 1 
 45.5879  0.4569 -1.7384  0.5263  0.4995  0.1264  0.3935  0.5173 -0.0003  0.9982 1 
 44.6357 -0.4703  1.3511  0.3768  0.5111  0.0585  0.4396  0.5493 -0.0003  0.9977 1 
 50.3181  0.7414  2.3311  0.0986  0.6381  0.0375  0.2131  0.1546 -0.0003  0.6850 0 
 46.2898 -0.7423 -0.8247  0.2780  0.0874  0.0635  0.4790  0.2919 -0.0003  0.9564 0 
 45.5390 -0.3265 -1.8374  0.5732  0.7111  0.0298  0.6997  0.6248 -0.0003  0.9967 1 
 45.4902  0.3088  1.2990  0.1321  0.7406  0.0898  0.8312  0.2047 -0.0003  0.9367 1 
 50.2419 -0.1703  2.1291  0.0083  0.2132  0.0575  0.2132  0.0068 -0.0003  0.1305 0 
 38.6358  0.1688 -1.0174  0.0467  0.4732  0.0388  0.4113  0.0322 -0.0003  0.3356 0 
 49.7414  0.5983  0.8090  0.0482  0.3205  0.0628  0.2992  0.1321  0.1880  0.6600 1 
 46.4759 -0.5890 -2.3069  0.3759  0.2910  0.0716  0.3045  0.4862 -0.0003  0.9968 1 
 54.7555  0.0523  0.0308  0.0068  0.2494  0.0262  0.2921  0.0223 -0.0003  0.0644 0 
 29.1783 -0.0585 -3.1040  0.0801  0.6402  0.0179  0.2970  0.1087 -0.0003  0.4005 0 
 50.8675 -0.3173  2.3755  0.4457  0.2342  0.0615  0.4250  0.3821  0.1403  0.9970 1 
 48.2155  0.3120 -0.8317  0.5427  0.3274  0.0924  0.3447  0.5187 -0.0003  0.9977 1 
 51.6335 -0.4359 -1.3471  0.0619  0.1780  0.0672  0.2117  0.0596 -0.0003  0.2580 0 
 45.3315  0.4388  1.7830  0.0249  0.4759  0.0274  0.3065  0.0755 -0.0003  0.1676 0 
 49.0333 -0.6944  1.3162  0.2072  0.4538  0.0449  0.1287  0.1617 -0.0003  0.8266 1 
 43.5676  0.6756 -1.8456  0.1070  0.1959  0.0685  0.2212  0.2558  0.4778  0.9876 1 
 46.7018  0.7719 -2.4639  0.0244  0.1788  0.1644  0.3910  0.0477 -0.0003  0.1626 0 
 38.3185 -0.7712  0.6781  0.0139  0.3618  0.0494  0.5496  0.0622 -0.0003  0.2243 0 
 47.0436  0.2989  0.2896  0.2945  0.6407  0.0337  0.2168  0.4774 -0.0003  0.9911 1 
 44.8920 -0.3186 -2.8438  0.0938  0.2413  0.0829  0.6146  0.0799 -0.0003  0.5640 1 
 46.9886 -0.6801  2.6005  0.0280  0.4563  0.0752  0.6073  0.0360  0.3688  0.6351 1 
 43.4272  0.6664 -0.4684  0.2867  0.0952  0.1025  0.2657  0.2836  0.2536  0.9470 1 
 42.8809  0.4763  0.4377  0.0339  0.5553  0.0751  0.5777  0.1308  0.1437  0.6460 0 
 39.1852 -0.5006 -2.7323  0.1122  0.2925  0.0637  0.1821  0.0433  0.1079  0.6930 0 
 51.6915 -0.3863 -1.6137  0.0284  0.1585  0.1272  0.2963  0.0497 -0.0003  0.1338 0 
 41.8585  0.3961  1.4958  0.0473  0.4523  0.0587  0.6708  0.1436 -0.0003  0.5297 0 
 48.5115 -0.7811  2.0034  0.0259  0.5873  0.0249  0.3012  0.0222 -0.0003  0.1762 0 
 42.2980  0.7745 -1.1236  0.0381  0.0709  0.0472  0.2676  0.0378 -0.0003  0.0749 0 
 42.8962  0.4210 -0.3978  0.1007  0.3010  0.0340  0.3999  0.0724 -0.0003  0.4699 0 
 37.7447 -0.4165  2.7181  0.0220  0.2609  0.0425  0.1380  0.0816 -0.0003  0.1988 0 
 38.4985 -0.7115  2.3887  0.0959  0.3720  0.0336  0.3202  0.0340 -0.0003  0.4270 0 
 36.4385  0.7248 -0.7875  0.0061  0.0897  0.0193  0.4645  0.0766  0.0511  0.1088 0 
 48.8380 -0.7022  2.7095  0.0028  0.3253  0.1561  0.5583  0.0258 -0.0003  0.1970 0 
 45.7771  0.6622 -0.4864  0.0717  0.3303  0.0287  0.3494  0.0098  0.2537  0.7684 0 
 52.7443 -0.2382  2.8820  0.0320  0.5987  0.0695  0.5896  0.0139  0.0139  0.2891 0 
 38.6297  0.2054 -0.2503  0.0404  0.2355  0.0518  0.3199  0.0468 -0.0003  0.1965 0 
 49.4575 -0.0114  1.6138  0.1771  0.2347  0.0924  0.2997  0.0483 -0.0003  0.5874 0 
 37.6135  0.0529 -1.5046  0.0402  0.5602  0.1075  0.5064  0.0572 -0.0003  0.3132 0 
 51.6945 -0.1636 -0.9518  0.0406  0.6173  0.0909  0.2116  0.0709 -0.0003  0.4925 0 
 46.5827  0.1483  2.1837  0.0112  0.1926  0.0517  0.2608  0.1091 -0.0003  0.1308 0 
 48.7404  0.0673 -2.9345  0.0096  0.6820  0.0980  0.4726  0.0613 -0.0003  0.2633 0 
 47.8279 -0.0447  0.1897  0.0234  0.3451  0.0637  0.6477  0.0164 -0.0003  0.2638 0 
 46.2867 -0.4784 -0.4861  0.1965  0.5405  0.0623  0.2613  0.1386 -0.0003  0.9048 1 
 29.3400  0.4906  2.6809  0.1699  0.5301  0.0087  0.2471  0.2080  0.1705  0.8518 1 
 44.0864  0.4662 -2.2248  0.0565  0.1594  0.0598  0.3528  0.0335 -0.0003  0.1870 0 
 42.3774 -0.4415  0.9419  0.0217  0.5367  0.1174  0.5794  0.0215 -0.0003  0.2514 0 
 44.8798 -0.6685 -2.1725  0.0137  0.1459  0.0795  0.3073  0.0178 -0.0003  0.0971 0 
 42.2034  0.6734  0.9774  0.0160  0.2062  0.0300  0.5801  0.0563  0.0394  0.2204 0 
 54.4045  0.3473  1.3027  0.3824  0.3968  0.0741  0.5014  0.1976 -0.0003  0.9735 1 
 48.7953 -0.3742 -1.8189  0.3294  0.3583  0.0803  0.1718  0.3494 -0.0003  0.9909 1 
 38.7457 -0.3171 -0.4522  0.0547  0.5786  0.0393  0.2740  0.0483  0.3999  0.9868 1 
 36.9879  0.3205  2.7210  0.5349  0.4308  0.0587  0.4625  0.4305 -0.0003  0.9960 1 
 49.9031 -0.3058 -2.2412  0.0198  0.2441  0.0970  0.3417  0.0255 -0.0003  0.1623 0 
 42.3804  0.3189  0.8629  0.0188  0.1583  0.0630  0.3120  0.0294 -0.0003  0.1047 0 
 44.3946 -0.4758 -1.1442  0.0700  0.6423  0.0314  0.7044  0.1070 -0.0003  0.6485 1 
 42.3804  0.4822  1.9761  0.2341  0.6509  0.0524  0.7132  0.4158 -0.0003  0.9925 1 
 49.0150 -0.7773 -1.3247  0.0658  0.1767  0.0864  0.5149  0.1014 -0.0003  0.4097 0 
 47.0741  0.7928  1.7823  0.0115  0.4142  0.2088  0.5203  0.0363 -0.0003  0.2463 0 
 43.9765 -0.6410 -1.6357  0.1504  0.5337  0.0409  0.2207  0.0976 -0.0003  0.7394 1 
 33.4417  0.5972  1.4832  0.0763  0.4285  0.0678  0.6185  0.0463 -0.0003  0.4836 1 
 45.7008 -0.7886 -3.1111  0.0250  0.1574  0.0306  0.3496  0.0518 -0.0003  0.0790 0 
 44.0406  0.7968  0.0190  0.0017  0.2230  0.1105  0.3089  0.0198 -0.0003  0.1179 0 
 43.8178  0.7309 -0.2997  0.0891  0.3355  0.0244  0.3534  0.0917 -0.0003  0.3971 0 
 42.8992 -0.7410  2.8208  0.0311  0.5524  0.0375  0.3999  0.0861 -0.0003  0.3222 0 
 49.5979 -0.4263  0.5607  0.0188  0.1944  0.0571  0.4705  0.0388 -0.0003  0.1501 0 
 47.5135  0.4144 -2.6208  0.0430  0.5825  0.0223  0.3460  0.0320 -0.0003  0.2300 0 
 46.8055 -0.1159 -2.7238  0.4496  0.3740  0.0330  0.2605  0.4183 -0.0003  0.9956 1 
 41.8189  0.0867  0.5050  0.0747  0.5167  0.0328  0.4026  0.1705  0.1443  0.7771 1 
 46.4668 -0.5786 -2.0525  0.2759  0.1023  0.0359  0.4350  0.2549  0.0239  0.9227 0 
 40.3906  0.6066  1.0802  0.0014  0.4359  0.0402  0.2258  0.0187  0.1469  0.3710 0 
 44.4648 -0.5814 -1.5969  0.0123  0.1180  0.0345  0.1320  0.0032 -0.0003  0.0793 0 
 43.3875  0.5953  1.5377  0.0103  0.1550  0.0503  0.4429  0.0113 -0.0003  0.1021 0 
 53.3974  0.3926  2.1378  0.0009  0.1757  0.0178  0.1680  0.0443 -0.0003  0.0456 0 
 46.4698 -0.3979 -1.0177  0.0381  0.4305  0.1324  0.6526  0.1108 -0.0003  0.4219 0 
 46.2318 -0.3169 -1.6680  0.0211  0.2642  0.0368  0.3920  0.0882 -0.0003  0.1593 0 
 41.2482  0.3130  1.4790  0.0055  0.3020  0.0490  0.4939  0.0244 -0.0003  0.1506 0 
 49.4240  0.2027 -1.5664  0.0218  0.4946  0.1220  0.5138  0.0330 -0.0003  0.2461 0 
 41.8494 -0.2375  1.5511  0.0240  0.5070  0.0294  0.3578  0.1894 -0.0003  0.3737 0 
 45.1698  0.3544 -0.0972  0.3744  0.3058  0.0392  0.4821  0.4997 -0.0003  0.9965 1 
 42.7314 -0.3642  3.0439  0.3234  0.2917  0.0329  0.4003  0.2609 -0.0003  0.9571 1 
 43.7964 -0.3768  2.4435  0.1405  0.2844  0.0920  0.3093  0.2479 -0.0003  0.8969 1 
 37.4395  0.3967 -0.7012  0.4815  0.1456  0.0721  0.2766  0.2849  0.4173  0.9989 1 
 47.4220  0.3609  1.9847  0.0215  0.0958  0.0959  0.1731  0.0690 -0.0003  0.1138 0 
 46.6773 -0.3682 -1.1633  0.0196  0.1719  0.0228  0.2173  0.0389 -0.0003  0.0542 0 
 47.2938 -0.0690 -1.5121  0.0012  0.3453  0.0661  0.3464  0.1841 -0.0003  0.3118 0 
 45.7923  0.0636  1.6376  0.0338  0.4983  0.0438  0.5241  0.1530  0.0456  0.5243 0 
 46.0334  0.3372  1.5765  0.1297  0.4025  0.0303  0.1745  0.2568 -0.0003  0.7192 0 
 36.3561 -0.3684 -1.5891  0.0663  0.3009  0.1236  0.5112  0.2004 -0.0003  0.6718 0 
 54.0261 -0.6900  1.7615  0.0762  0.3099  0.3147  0.2512  0.0678 -0.0003  0.5352 0 
 39.6796  0.7069 -1.4205  0.0320  0.2556  0.0379  0.4083  0.1679 -0.0003  0.3068 0 
 48.9479  0.1848  3.0495  0.1186  0.3902  0.0456  0.2575  0.1190 -0.0003  0.6832 0 
 46.7536 -0.1874 -0.1149  0.0169  0.2249  0.0272  0.3475  0.0633 -0.0003  0.0811 0 
 57.6242  0.2285  3.0443  0.0005  0.2790  0.0963  0.2883  0.0320 -0.0003  0.1447 0 
 46.0121 -0.2119 -0.1346  0.0503  0.1692  0.0190  0.3489  0.1237 -0.0003  0.1585 0 
 46.1677  0.3505 -1.0014  0.0714  0.2520  0.0536  0.2615  0.0545 -0.0003  0.3261 0 
 41.2573 -0.3737  2.1536  0.0294  0.2376  0.0757  0.4938  0.0344 -0.0003  0.2162 0 
 44.9775 -0.7675 -0.1704  0.0140  0.5258  0.1682  0.5265  0.0510 -0.0003  0.2576 0 
 37.3785  0.7611  2.9751  0.0095  0.2455  0.0264  0.0922  0.0079 -0.0003  0.1428 0 
 45.3529 -0.2924 -2.1522  0.0158  0.3163  0.1815  0.4816  0.0189 -0.0003  0.2175 0 
 42.5605  0.3367  0.9996  0.0214  0.6044  0.1644  0.3117  0.0408 -0.0003  0.2924 0 
 47.1534  0.7667  2.7853  0.2659  0.6028  0.0478  0.3900  0.4605 -0.0003  0.9939 1 
 38.2605 -0.7229 -0.3943  0.1489  0.5976  0.0599  0.3666  0.1269 -0.0003  0.8693 1 
 47.2145 -0.4405  0.6045  0.0034  0.2216  0.1019  0.3466  0.0344 -0.0003  0.1170 0 
 33.4936  0.4683 -2.5594  0.0236  0.0788  0.0359  0.4281  0.0385  0.3071  0.4598 0 
 47.1931 -0.7253 -0.4560  0.0251  0.3253  0.0702  0.3900  0.0361 -0.0003  0.2163 0 
 37.0672  0.7297  2.7092  0.0065  0.2905  0.0345  0.2311  0.0257 -0.0003  0.0955 0 
 45.4200  0.5464  1.4322  0.5832  0.4623  0.0443  0.3501  0.4000 -0.0003  0.9966 1 
 41.7090 -0.5409 -1.6945  0.0199  0.5824  0.0208  0.2686  0.1303 -0.0003  0.1850 1 
 49.7993  0.3539  0.6653  0.0291  0.0521  0.0479  0.2564  0.0801 -0.0003  0.0788 0 
 49.7261 -0.3893 -2.4578  0.0323  0.3552  0.3156  0.5130  0.1219 -0.0003  0.4039 0 
 46.6407 -0.2619 -2.1013  0.0012  0.5118  0.1508  0.3477  0.0761 -0.0003  0.2554 0 
 45.0294  0.2129  1.0049  0.0334  0.4101  0.0103  0.2193  0.1324 -0.0003  0.1498 0 
 56.9192  0.6853  1.7432  0.1489  0.2365  0.0176  0.1653  0.0461 -0.0003  0.2826 0 
 42.2889 -0.6896 -1.4206  0.2142  0.5873  0.0117  0.2230  0.3062 -0.0003  0.8709 0 
 43.6133 -0.6522 -0.9563  0.0005  0.4764  0.0299  0.3539  0.0569 -0.0003  0.1072 0 
 41.8524  0.6713  2.1770  0.0241  0.3943  0.0293  0.3578  0.0938 -0.0003  0.1847 0 
 44.1108  0.7824 -1.5882  0.0288  0.5541  0.0732  0.6174  0.0358 -0.0003  0.2840 0 
 33.8354 -0.7841  1.5276  0.0435  0.1939  0.0212  0.2371  0.0380 -0.0003  0.0818 0 
 49.1646 -0.0361 -2.7964  0.0215  0.2911  0.1576  0.3001  0.0839 -0.0003  0.2654 0 
 42.8779  0.0591  0.3360  0.0269  0.6094  0.0153  0.3999  0.0595  0.0216  0.2059 0 
 54.1237  0.3338  2.4002  0.2970  0.3772  0.1352  0.4602  0.3076 -0.0003  0.9943 1 
 43.3173 -0.3110 -0.7751  0.7500  0.2058  0.0891  0.3545  0.4882 -0.0003  0.9910 1 
 43.8087 -0.1810 -2.8188  0.0157  0.4262  0.0406  0.3093  0.0078 -0.0003  0.1939 0 
 38.8098  0.1807  0.3374  0.0048  0.1400  0.0110  0.1826 -0.0001 -0.0003  0.0440 0 
 51.1116  0.6833 -2.2635  0.0300  0.2621  0.1183  0.5094  0.1010 -0.0003  0.3094 0 
 46.8788 -0.6668  0.9019  0.0576  0.5854  0.1120  0.5209  0.0264 -0.0003  0.3351 0 
 53.9284  0.7298 -1.8770  0.0007  0.4698  0.0699  0.2094  0.0129 -0.0003  0.2590 0 
 46.3752 -0.7535  1.2750  0.0155  0.1239  0.0242  0.3047  0.0737 -0.0003  0.0523 0 
 46.5126  0.4656  3.1361  0.0749  0.4616  0.0340  0.4784  0.0912 -0.0003  0.5530 0 
 46.4332 -0.4831  0.0068  0.0670  0.0649  0.0369  0.2176  0.2155 -0.0003  0.2421 0 
 57.0962 -0.6717  0.7755  0.4422  0.5648  0.0685  0.4542  0.4041 -0.0003  0.9958 1 
 48.9143  0.6523 -2.3490  0.6429  0.4033  0.0713  0.5152  0.5234 -0.0003  0.9969 1 
 47.1809 -0.3191  3.0991  0.0629  0.1990  0.0487  0.2600  0.1219 -0.0003  0.3318 0 
 40.1984  0.3133 -0.0360  0.1078  0.3913  0.0334  0.3617  0.0453 -0.0003  0.5024 0 
 48.9235  0.2467  0.8501  0.0410  0.3507  0.1220  0.5151  0.0247 -0.0003  0.2857 0 
 43.1128 -0.2331 -2.3038  0.0767  0.6075  0.0417  0.3106  0.1064 -0.0003  0.6231 0 
 42.5910  0.6203  1.1537  0.0099  0.4162  0.1405  0.6232  0.0311 -0.0003  0.2358 0 
 41.3886 -0.6404 -1.8891  0.0214  0.3220  0.0695  0.4934  0.0914 -0.0003  0.2641 0 
 45.0294  0.5692 -0.4605  0.0141  0.2931  0.0386  0.3070  0.1142 -0.0003  0.1597 0 
 43.1800 -0.5828  2.7208  0.0284  0.4816  0.0737  0.4878  0.0528  0.3447  0.6647 0 
 44.4526 -0.6011 -0.6205  0.0850  0.4635  0.0579  0.5281  0.0866 -0.0003  0.5757 0 
 41.5259  0.5846  2.5334  0.0359  0.3594  0.0366  0.4930  0.0124 -0.0003  0.2623 0 
 44.1627 -0.5768  1.3203  0.1195  0.2504  0.0494  0.2204  0.2481 -0.0003  0.7416 1 
 39.9908  0.5719 -1.8482  0.0463  0.4852  0.0292  0.4075  0.0803 -0.0003  0.3418 1 
 45.5756  0.7775  2.7720  0.0390  0.2059  0.0626  0.3935  0.0665 -0.0003  0.2174 0 
 43.3173 -0.7735 -0.3726  0.0074  0.8612  0.0179  0.3102  0.0087  0.1477  0.3355 0 
 49.6559 -0.4559 -2.8721  0.1207  0.4519  0.0953  0.4704  0.0805 -0.0003  0.6087 1 
 37.3205  0.4589  0.2826  1.4183  0.6044  0.0306  0.3230  1.0249 -0.0003  0.9980 1 
 53.3303  0.6535 -2.2118  0.0149  0.1957  0.0316  0.2520  0.1577 -0.0003  0.1531 0 
 42.8626 -0.6512  0.9041  0.0081  0.6988  0.0301  0.5777  0.0493 -0.0003  0.2204 0 
 47.2755  0.7821  2.8894  0.0143  0.6221  0.0754  0.3465  0.0154 -0.0003  0.2186 0 
 45.5299 -0.7778 -0.2877  0.0019  0.2559  0.0215  0.2624  0.0206 -0.0003  0.0550 0 
 50.1839 -0.2249  3.0839  0.4336  0.6977  0.0495  0.6824  0.7869 -0.0003  0.9984 1 
 38.2330  0.2207 -0.0637  0.3842  0.8713  0.0408  0.4583  0.3790 -0.0003  0.9930 1 
 44.7883  0.6411  0.8777  0.0297  0.1808  0.0395  0.2635  0.0378 -0.0003  0.0965 0 
 41.3764 -0.6521 -2.2683  0.0763  0.6898  0.0766  0.4935  0.0624 -0.0003  0.5076 0 
 59.3271  0.1275 -0.4958  0.0429  0.6727  0.0238  0.1636  0.0192 -0.0003  0.2154 0 
 32.8099 -0.1537  2.6268  0.0359  0.6348  0.0252  0.1913  0.0233 -0.0003  0.2010 0 
 49.4270 -0.2815  2.6090  0.0588  0.4608  0.0340  0.2569  0.0411 -0.0003  0.3069 0 
 43.9063  0.2690 -0.5095  0.0356  0.4454  0.0295  0.2650  0.0184 -0.0003  0.1993 0 
 48.0385  0.5444 -1.3883  0.2248  0.3866  0.1245  0.4313  0.1944 -0.0003  0.9471 1 
 45.4566 -0.5609  1.7434  0.1548  0.7407  0.0390  0.6563  0.0626  0.0748  0.8473 1 
 38.0804 -0.5185 -1.5344  0.0082  0.8208  0.0609  0.3670  0.0759 -0.0003  0.3037 0 
 37.9553  0.5330  1.6240  0.0000  0.0423  0.1248  0.0918  0.0002 -0.0003  0.0905 0 
 50.3731  0.1843 -1.9331  0.0112  0.4552  0.0631  0.3835  0.0058 -0.0003  0.1912 0 
 44.5350 -0.1640  1.1869  0.0031  0.4103  0.0427  0.1320  0.0372 -0.0003  0.2115 0 
 44.7242 -0.7163 -1.0092  0.0349  0.3200  0.0481  0.2636  0.0329 -0.0003  0.2215 0 
 38.8190  0.7303  2.1527  0.0036  0.4172  0.0329  0.2738  0.0135 -0.0003  0.1286 0 
 50.2083 -0.1648 -1.3206  1.2212  0.2842  0.0486  0.3411  0.5036 -0.0003  0.9882 1 
 42.5299  0.1447  1.8127  0.5419  0.1117  0.0623  0.5789  0.3467 -0.0003  0.9804 1 
 47.5776 -0.3464  1.0913  0.0044  0.2661  0.0829  0.1297  0.0037 -0.0003  0.2513 0 
 41.6876  0.3477 -2.0648  0.0320  0.3750  0.0458  0.1343  0.0016 -0.0003  0.3264 0 
 67.9820 -0.4259  1.6192  0.0548  0.5358  0.0811  0.3562  0.0635 -0.0003  0.4172 0 
 42.8046  0.3841 -1.5284  0.0042  0.2584  0.0536  0.4445  0.2032 -0.0003  0.2597 0 
 48.3040 -0.5606 -2.5365  0.1807  0.5774  0.0374  0.2153  0.2689 -0.0003  0.9064 1 
 46.0060  0.5397  0.6308  0.0261  0.3185  0.0515  0.1308  0.0090 -0.0003  0.2947 1 
 44.4953  0.7796  0.7654  0.0042  0.6302  0.1489  0.4400  0.0456 -0.0003  0.2549 0 
 29.1417 -0.7681 -2.2301  0.0000  0.3289  0.0265  0.0495 -0.0200 -0.0003  0.2918 0 
 42.4964  0.3526 -0.4028  0.0244  0.4322  0.0700  0.6236  0.0351 -0.0003  0.2731 0 
 38.1781 -0.3584  2.7414  0.2817  0.4626  0.0126  0.3209  0.2376 -0.0003  0.8837 0 
 47.7974  0.1879  2.1129  0.0101  0.4246  0.0313  0.5182  0.0677 -0.0003  0.1941 0 
 45.9052 -0.2073 -1.0480  0.0276  0.2208  0.0312  0.3055  0.0297 -0.0003  0.0960 0 
 52.0821  0.6475 -2.7462  0.0329  0.4410  0.0286  0.2957  0.0316 -0.0003  0.1785 0 
 48.7282 -0.6367  0.3882  0.0139  0.2258  0.0734  0.3868  0.0126 -0.0003  0.1410 0 
 51.2367 -0.2807 -0.6369  0.1410  0.3743  0.0360  0.2545  0.0961 -0.0003  0.6184 0 
 43.2898  0.2868  2.5404  0.0019  0.2956  0.0286  0.3989  0.1487 -0.0003  0.1404 0 
 44.7364 -0.6663  0.5148  0.0644  0.3926  0.0372  0.4394  0.0644 -0.0003  0.4234 1 
 42.2675  0.6876 -2.6822  0.2127  0.1987  0.0812  0.4906  0.2717  0.1599  0.9647 1 
 46.6133  0.3526  0.9962  0.0411  0.4275  0.1863  0.8259  0.0157 -0.0003  0.4084 0 
 36.0784 -0.3557 -2.1491  0.0126  0.6259  0.0313  0.3726  0.0778 -0.0003  0.1882 0 
 50.3883  0.5016 -2.0677  0.0444  0.3843  0.1723  0.4687  0.0372  0.1351  0.4842 0 
 44.4465 -0.4983  1.0819  0.0221  0.3599  0.0417  0.2201  0.0169 -0.0003  0.1987 0 
 50.2174 -0.2833  0.8955  0.0090  0.4721  0.0358  0.2558  0.0784 -0.0003  0.1582 0 
 47.1229  0.2735 -2.2251  0.0092  0.5129  0.0678  0.3468  0.0480 -0.0003  0.2107 0 
 59.9924 -0.0263  1.8830  0.2405  0.3607  0.0739  0.2855  0.2465 -0.0003  0.9630 1 
 40.5188  0.0596 -1.2151  0.2930  0.4887  0.0620  0.4060  0.2163  0.3162  0.9966 1 
 50.6477  0.2043 -0.1074  0.0149  0.5007  0.0209  0.2553  0.0358 -0.0003  0.1156 0 
 43.8666 -0.1943  3.0251  0.0170  0.6419  0.0260  0.0883  0.0034 -0.0003  0.2329 0 
 45.9602 -0.2104 -0.8069  0.3155  0.5418  0.0901  0.5236  0.2834  0.0944  0.9893 1 
 41.0895  0.2194  2.3466  1.0372  0.1669  0.0700  0.2697  0.5020  0.1319  0.9802 1 
 45.4505  0.6772 -2.9498  0.0227  0.4108  0.0240  0.4376  0.1370 -0.0003  0.2554 0 
 44.8463 -0.6823  0.1854  0.0012  0.7944  0.0230  0.4830  0.0411 -0.0003  0.1445 0 
 43.6164  0.6217  1.8133  0.0472  0.5713  0.0739  0.8404  0.1650 -0.0003  0.6466 1 
 42.4567 -0.5940 -1.3402  0.2689  0.3099  0.0357  0.1782  0.1674  0.4816  0.9987 1 
 45.8625 -0.7584  1.8997  0.3321  0.3467  0.0532  0.5675  0.4914 -0.0003  0.9970 1 
 37.6745  0.7760 -1.1774  0.0131  0.6672  0.0808  0.3221  0.0208 -0.0003  0.2323 1 
 43.9185  0.4357 -2.3007  0.0306  0.4347  0.0733  0.3974  0.1492 -0.0003  0.4306 1 
 42.7070 -0.4051  0.8821  0.3386  0.4159  0.0327  0.3559  0.2560 -0.0003  0.9618 1 
 45.0233 -0.1397 -0.8948  0.0228  0.4663  0.0363  0.2632  0.0535 -0.0003  0.1891 0 
 40.3571  0.1380  2.2412  0.0298  0.2575  0.0340  0.4065  0.0071 -0.0003  0.1603 0 
 47.6967 -0.7110 -2.9656  0.0288  0.1860  0.1584  0.5617  0.0700 -0.0003  0.2653 0 
 43.3356  0.7054  0.2147  0.0544  0.5606  0.0308  0.2659  0.0284 -0.0003  0.3046 0 
 42.0203  0.7558  0.6932  0.0127  0.1311  0.0281  0.4021  0.1701 -0.0003  0.1260 0 
 40.4395 -0.7353 -2.4755  0.0270  0.3788  0.0484  0.3160  0.0777 -0.0003  0.2480 0 
 44.5563  0.0173  2.2070  0.0020  0.2535  0.0191  0.2639  0.0695 -0.0003  0.0520 0 
 38.8617 -0.0207 -0.9328  0.0202  0.1845  0.0333  0.4107  0.0245 -0.0003  0.0999 0 
 42.1180  0.7002  1.4109  0.0186  0.5788  0.0368  0.3125  0.0622 -0.0003  0.2097 0 
 36.7285 -0.6745 -1.6832  0.0177  0.6505  0.2083  0.6025  0.1251 -0.0003  0.3522 0 
 55.5856  0.3844  0.4813  0.1130  0.4630  0.0562  0.1247  0.0225 -0.0003  0.6562 0 
 46.7689 -0.3745 -2.7023  0.0166  0.1450  0.0374  0.5212  0.0425 -0.0003  0.1243 0 
 45.0446  0.3198 -2.2544  0.0052  0.8230  0.0628  0.3070  0.0829 -0.0003  0.3442 0 
 44.3214 -0.3237  0.9222  0.2754  0.5488  0.1006  0.3964  0.1511 -0.0003  0.9541 0 
 47.8675 -0.7986 -0.2430  0.0049  0.1838  0.0529  0.2590  0.0098 -0.0003  0.0932 0 
 44.3366  0.7959  2.8913  0.0229  0.5489  0.0335  0.3523  0.1248 -0.0003  0.2915 0 
 50.0984  0.5031  2.1428  0.0981  0.4070  0.2120  0.6400  0.6242 -0.0003  0.9960 1 
 46.7842 -0.5175 -1.0606  0.4249  0.5599  0.0965  0.1737  0.4534 -0.0003  0.9973 1 
 50.4311  0.4171 -2.6112  0.0113  0.2604  0.0656  0.5111  0.0308 -0.0003  0.1673 0 
 47.2877 -0.4222  0.4962  0.0129  0.3514  0.1509  0.4764  0.0228 -0.0003  0.2076 0 
 51.4015  0.6044  2.9198  0.0025  0.1220  0.0407  0.4663  0.0945 -0.0003  0.0930 0 
 47.2541 -0.6043 -0.2058  0.0337  0.3498  0.0294  0.3032  0.0655 -0.0003  0.1622 0 
 50.3181 -0.7589 -1.9453  0.0212  0.3538  0.0374  0.3836  0.1103 -0.0003  0.2228 0 
 43.2929  0.7648  1.1694  0.0064  0.5217  0.0090  0.3102  0.0478 -0.0003  0.0804 0 
 49.6956 -0.6505 -0.1483  0.0058  0.3747  0.0825  0.3420  0.0253 -0.0003  0.1712 0 
 46.2562  0.6461  2.9902  0.0176  0.1440  0.0184  0.1306  0.0034 -0.0003  0.0648 0 
 49.8634  0.3985  1.0893  0.0281  0.4194  0.1359  0.3845  0.0537 -0.0003  0.2654 0 
 48.9296 -0.4056 -2.0409  0.0236  0.3741  0.0912  0.3434  0.0375 -0.0003  0.2268 0 
 50.5135  0.7201 -2.8994  0.2316  0.6841  0.0440  0.2981  0.2045 -0.0003  0.9421 1 
 48.8808 -0.7061  0.2805  0.0458  0.5231  0.0391  0.4294  0.0447  0.2055  0.6338 1 
 51.4961 -0.5375  1.4465  0.0022  0.3546  0.0922  0.3813  0.0617 -0.0003  0.1646 0 
 34.2290  0.5155 -1.7273  0.0171  0.5269  0.0221  0.1891  0.1395  0.1058  0.3661 0 
 49.1432  0.1931 -0.0308  0.0103  0.0954  0.0894  0.4716  0.1125 -0.0003  0.1101 0 
 41.8036 -0.1777  3.0796  0.0233  0.7034  0.0476  0.3132  0.0504 -0.0003  0.3069 0 
 49.1890  0.1125  2.9371  0.0064  0.5336  0.0474  0.3858  0.0172 -0.0003  0.1807 0 
 45.6184 -0.1156 -0.2166  0.0260  0.8071  0.0220  0.3060  0.0646 -0.0003  0.2051 0 
 38.7091 -0.1941 -0.8518  0.0006  0.5004  0.0180  0.2741  0.0121 -0.0003  0.0969 0 
 36.5942  0.1760  2.3144  0.0287  0.3316  0.2698  0.2320  0.0351 -0.0003  0.2785 0 
 51.8471  0.6252 -0.3572  0.0300  0.4591  0.0839  0.5922  0.0955 -0.0003  0.3435 0 
 46.1158 -0.6202  2.7302  0.0153  0.3897  0.0523  0.2179  0.0363 -0.0003  0.2244 0 
 44.6937 -0.3990 -2.0057  0.0049  0.5952  0.0991  0.4395  0.0103 -0.0003  0.1965 0 
 40.9277  0.4225  1.1366  0.0045  0.7448  0.0260  0.3599  0.0031 -0.0003  0.1623 0 
 48.5176 -0.2360  0.2604  0.0203  0.2258  0.0267  0.3011  0.0345 -0.0003  0.0747 0 
 43.2319  0.2444 -2.9007  0.0149  0.3385  0.0526  0.4434  0.0051 -0.0003  0.1841 0 
 49.2897 -0.0075 -2.6516  0.0203  0.1813  0.1030  0.5570  0.0076 -0.0003  0.1680 0 
 37.8302  0.0546  0.4858  0.0170  0.7784  0.0300  0.2298  0.0214 -0.0003  0.2027 0 
 45.1209 -0.6969 -1.3177  0.0144  0.4861  0.0422  0.4384  0.0167  0.1025  0.3299 0 
 44.5716  0.6924  1.8388  0.0184  0.2802  0.0476  0.3958  0.0699 -0.0003  0.1707 0 
 45.1118  0.2531 -2.5321  0.5972  0.6757  0.0295  0.4384  0.5140 -0.0003  0.9976 1 
 39.6796 -0.2235  0.6439  0.3253  0.4420  0.0558  0.4991  0.8277  0.5209  0.9999 1 
 50.8034  0.3171  3.0534  0.0111  0.1852  0.0439  0.3827  0.0535 -0.0003  0.0943 0 
 47.5227 -0.3002 -0.1525  0.0127  0.5472  0.0760  0.3028  0.0245 -0.0003  0.2274 0 
 47.6936  0.3112 -0.2688  0.0069  0.5731  0.0480  0.3889  0.0123 -0.0003  0.1869 0 
 41.4160 -0.2908  2.8708  0.0652  0.0885  0.0258  0.2243  0.0086  0.2375  0.6691 0 
 52.8115 -0.5641 -2.6819  0.0515  0.4123  0.0248  0.4210  0.1552 -0.0003  0.4320 1 
 34.0154  0.6009  0.5425  0.0012  0.4774  0.0716  0.6156  0.1002  0.2648  0.5470 1 
 48.5847 -0.3441  1.4145  0.0273  0.4174  0.0293  0.2580  0.0421 -0.0003  0.1533 0 
 45.2399  0.3727 -1.7503  0.0381  0.3341  0.0261  0.4381  0.1170 -0.0003  0.2847 0 
 49.0974  0.3418  2.6849  0.0001  0.5372  0.1424  0.2144  0.0881 -0.0003  0.3107 0 
 41.3794 -0.3282 -0.3990  0.0116  0.5236  0.0405  0.1794  0.0046 -0.0003  0.2701 0 
 40.6714  0.5918  0.1352  0.0592  0.2360  0.0149  0.3605  0.0827 -0.0003  0.1643 0 
 39.2889 -0.5941 -3.0325  0.0305  0.6998  0.0344  0.4549  0.0534 -0.0003  0.3102 0 
 47.3365  0.0749  2.5158  0.3604  0.6300  0.0790  0.4330  0.4763 -0.0003  0.9973 1 
 24.6372 -0.1218 -0.5685  0.4040  0.4515  0.0669  0.4169  0.6861  0.4353  0.9999 1 
 47.5257  0.4114 -2.9525  0.0246  0.3330  0.0082  0.0865  0.0108 -0.0003  0.1296 0 
 46.2470 -0.4180  0.1729  0.0033  0.1439  0.0626  0.3920  0.0195  0.0703  0.1085 0 
 47.0039  0.7449  2.8020  0.0769  0.2190  0.0687  0.5205  0.1485 -0.0003  0.5600 0 
 38.0652 -0.7303 -0.3604  0.0673  0.7800  0.0144  0.2753  0.0389  0.1813  0.5841 0 
 46.6987  0.4963 -0.3402  0.4222  0.2409  0.1642  0.4779  0.3968 -0.0003  0.9980 1 
 42.7375 -0.4954  2.8123  0.2802  0.7326  0.0440  0.5337  0.3841 -0.0003  0.9886 1 
 51.3741  0.5759  2.7460  0.0221  0.1172  0.0498  0.2968  0.1048 -0.0003  0.1057 0 
 46.3447 -0.6050 -0.4292  0.0310  0.1974  0.1621  0.4353  0.0152 -0.0003  0.1862 0 
 44.4434 -0.1149  2.2590  0.0144  0.6061  0.0278  0.2641  0.0301 -0.0003  0.1567 0 
 41.7609  0.1255 -0.8539  0.0753  0.1076  0.0425  0.3133  0.0109 -0.0003  0.1318 0 
 48.2643 -0.4136 -1.3263  0.0415  0.1874  0.2828  0.3446  0.1032 -0.0003  0.3572 0 
 43.8941  0.4202  1.7888  0.0176  0.1157  0.0303  0.3533  0.1069 -0.0003  0.0809 0 
 50.5745  0.4793  1.3626  0.0226  0.2585  0.0608  0.3405  0.0443 -0.0003  0.1724 0 
 45.8503 -0.5024 -1.7410  0.0018  0.1661  0.0040  0.1310  0.0146 -0.0003  0.0433 0 
 37.4456  0.6549  0.4287  0.1471  0.4014  0.1354  0.2766  0.0710  0.4708  0.9210 0 
 33.6126 -0.5904 -2.6571  0.0809  0.2419  0.1527  0.3801  0.0886 -0.0003  0.4367 0 
 44.2084 -0.0930  0.5344  0.0024  0.2941  0.0098  0.0882  0.0213 -0.0003  0.1031 0 
 41.5290  0.0725 -2.6234  0.0194  0.2418  0.0584  0.3585  0.0386 -0.0003  0.1514 0 
 41.4710  0.7646 -2.1387  0.1162  0.1925  0.0525  0.3138  0.1297 -0.0003  0.5481 0 
 16.4645 -0.7686  0.9896  0.0238  0.0733  0.0145  0.2981  0.0152 -0.0003  0.0411 0 
 45.4292  0.5823 -0.5329  0.0081  0.9292  0.0885  0.7002  0.0521 -0.0003  0.3556 0 
 41.9715 -0.5673  2.5971  0.0046  0.4729  0.0767  0.4469  0.0560 -0.0003  0.1836 0 
 42.2766 -0.7932  2.7657  0.0550  0.7552  0.0147  0.4460  0.0588 -0.0003  0.3478 1 
 25.9373  0.7377 -0.3896  0.1745  0.0952  0.0082  0.1539  0.0871  0.1004  0.5566 1 
 46.7323  0.2826  0.0503  0.2222  0.1533  0.0908  0.3475  0.2383 -0.0003  0.9174 1 
 46.0731 -0.2850 -3.0865  0.0078  0.2004  0.0414  0.2616  0.0130 -0.0003  0.0835 1 
 45.9297  0.4998  0.6763  0.0650  0.0938  0.0607  0.3491  0.0589 -0.0003  0.1438 0 
 41.4618 -0.5170 -2.4684  0.0410  0.0330  0.0091  0.2690  0.0661 -0.0003  0.0415 0 
 51.9448  0.3007 -1.4234  0.0252  0.1047  0.0708  0.3805  0.0217 -0.0003  0.0938 0 
 40.6348 -0.2914  1.7139  0.0498  0.4104  0.0237  0.4508  0.0956 -0.0003  0.3531 0 
 47.5959  0.1348  2.6548  0.0167  0.2700  0.0719  0.3026  0.0239 -0.0003  0.1722 0 
 46.2684 -0.1347 -0.5241  0.0650  0.7465  0.0361  0.4355  0.1874 -0.0003  0.7560 0 
 53.8674 -0.7046  2.4333  0.0056  0.6128  0.1778  0.3770  0.0230 -0.0003  0.2464 0 
 46.2684  0.7243 -0.6929  0.0201  0.1518  0.0309  0.3920  0.0568 -0.0003  0.0831 0 
 46.1494  0.3908  2.4476  0.1374  0.4285  0.0279  0.1307  0.0712 -0.0003  0.4790 0 
 39.5880 -0.3888 -0.6653  0.2141  0.1944  0.0503  0.3178  0.2305 -0.0003  0.8837 0 
 43.9673 -0.6044  1.5375  0.0858  0.3542  0.0427  0.6621  0.1623 -0.0003  0.7240 0 
 35.7977  0.6020 -1.6299  0.0365  0.3016  0.0391  0.0933  0.0208 -0.0003  0.2679 0 
 47.4556 -0.6627  0.1517  0.0128  0.4836  0.0416  0.2163  0.0903 -0.0003  0.2184 0 
 43.6103  0.6994 -2.9789  0.0944  0.3010  0.0795  0.4423  0.0450 -0.0003  0.4563 0 
 42.7100 -0.1827 -0.4292  0.0769  0.3586  0.0342  0.3559  0.1224 -0.0003  0.4914 1 
 34.4060  0.2333  2.6927  0.5493  0.7363  0.0353  0.3304  0.5745  0.2615  0.9988 1 
 48.4749  0.0086 -1.4456  0.1717  0.6911  0.1385  0.3873  0.2072 -0.0003  0.9634 0 
 42.3957  0.0152  1.6896  0.0052  0.0835  0.0981  0.4011  0.0170 -0.0003  0.0622 0 
 48.9296  0.4362 -0.2671  0.0139  0.0623  0.0174  0.2575  0.0751 -0.0003  0.0416 0 
 46.9215 -0.4441  2.8765  0.0276  0.7517  0.0144  0.5207  0.0739 -0.0003  0.2772 0 
 45.2033  0.7902  1.2818  0.0141  0.8405  0.0483  0.3506  0.0093 -0.0003  0.2583 0 
 41.2665 -0.8055 -1.8765  0.0202  0.2320  0.0230  0.3143  0.0480 -0.0003  0.0711 0 
 48.0537 -0.7069 -1.1508  0.0648  0.5991  0.0873  0.6469  0.1624  0.3225  0.8994 1 
 44.5136  0.7063  1.9876  0.0670  0.5999  0.0341  0.3520  0.1293 -0.0003  0.5769 1 
 49.2226 -0.0452 -2.7823  0.8301  0.5374  0.0900  0.5143  0.2252 -0.0003  0.9879 1 
 46.5522  0.0510  0.3152  0.0665  0.5733  0.0311  0.5218  0.2225 -0.0003  0.7520 1 
 46.6011  0.7122 -0.7805  0.0650  0.3540  0.0143  0.3043  0.0685 -0.0003  0.1756 0 
 31.8822 -0.7050  2.3686  0.0434  0.4201  0.0196  0.1447  0.0048 -0.0003  0.1845 0 
 48.2124 -0.2172 -2.2992  0.0583  0.2952  0.0569  0.2585  0.2027  0.1134  0.6945 0 
 47.9805  0.2358  0.8341  0.0270  0.1558  0.0149  0.3883  0.0671 -0.0003  0.0694 0 
 46.2379  0.6318 -2.9097  0.0301  0.6098  0.0409  0.2178  0.0790 -0.0003  0.3002 0 
 44.2420 -0.6416  0.2308  0.0142  0.1263  0.0199  0.2644  0.0016 -0.0003  0.0489 0 
 44.6784  0.6938 -2.1546  0.4334  0.5706  0.1244  0.6153  0.5662 -0.0003  0.9985 1 
 31.1833 -0.7166  0.8876  0.1601  0.2381  0.0249  0.2913  0.1483  0.0485  0.7155 1 
 56.3180 -0.5493 -2.7461  0.0076  0.2289  0.0936  0.2900  0.0168 -0.0003  0.1352 0 
 45.1057  0.5341  0.3614  0.0132  0.2641  0.0184  0.2192  0.0627  0.0679  0.1463 0 
 52.8542 -0.1724 -1.4345  0.0222  0.6265  0.0428  0.2104  0.0117 -0.0003  0.3070 0 
 45.3346  0.1975  1.7003  0.0176  0.2033  0.0272  0.3940 -0.0200 -0.0003  0.1130 0 
 49.3507  0.5067 -2.8576  0.0186  0.2247  0.0467  0.2998  0.0657 -0.0003  0.1210 0 
 44.8737 -0.5119  0.2567  0.0132  0.2764  0.0653  0.1317  0.0024 -0.0003  0.2655 0 
 45.2064  0.1735 -1.4906  0.0249  0.2445  0.0605  0.3506  0.0153 -0.0003  0.1700 0 
 42.8229 -0.1184  1.6427  0.1011  0.3021  0.0388  0.4889  0.0856  0.2697  0.8615 0 
 45.9998  0.5644 -1.4293  0.5862  0.2780  0.0795  0.3490  0.2752 -0.0003  0.9909 1 
 44.7791 -0.5363  1.6913  0.0850  0.5880  0.1444  0.5711  0.1621 -0.0003  0.7138 1 
 40.7996  0.7588  1.6415  0.0022  0.3779  0.0577  0.5854  0.1186 -0.0003  0.2282 0 
 30.4540 -0.7623 -1.4137  0.0200  0.1943  0.1353  0.2933  0.0703 -0.0003  0.1632 0 
 37.3358 -0.5867  1.9907  0.0136  0.2464  0.0388  0.5075  0.0595  0.0856  0.2598 0 
 36.2554  0.5479 -1.1797  0.3644  0.4623  0.0198  0.2791  0.1794 -0.0003  0.9113 0 
 52.3751 -0.6302 -0.6265  0.0416  0.0570  0.1914  0.3797  0.1390 -0.0003  0.1357 0 
 39.4141  0.6434  2.4606  0.0036  0.4942  0.0136  0.2727  0.0087 -0.0003  0.0922 0 
 46.1769 -0.4784  2.2152  0.0320  0.2955  0.0586  0.3486  0.0873  0.1391  0.4687 0 
 45.8778  0.4749 -0.9502  0.1795  0.5415  0.0924  0.6984  0.1944 -0.0003  0.9468 0 
 48.6091 -0.4124 -0.4235  0.0247  0.4832  0.0436  0.4730  0.0143 -0.0003  0.2401 0 
 44.3732  0.4061  2.7302  0.0381  0.7034  0.0387  0.3082  0.0870 -0.0003  0.3772 0 
 45.3529  0.7516  1.3072  0.0326  0.3987  0.0847  0.4378  0.0355 -0.0003  0.2592 0 
 44.6845 -0.7453 -1.8197  0.0406  0.2209  0.0847  0.3516  0.0397 -0.0003  0.2154 0 
 50.1411  0.0176  2.4834  0.0181  0.2468  0.0659  0.4266  0.1093  0.2160  0.4650 0 
 41.6632 -0.0006 -0.6589  0.0912  0.1052  0.0284  0.3582  0.0823 -0.0003  0.1882 0 
 45.5116 -0.7190  0.6894  0.0154  0.4332  0.0937  0.3937  0.0298 -0.0003  0.2010 0 
 40.7965  0.6994 -2.5040  0.0587  0.6653  0.1001  0.2702  0.0716 -0.0003  0.4993 0 
 47.2511  0.6240 -1.9252  0.0393  0.5098  0.0266  0.2599  0.0772 -0.0003  0.2086 0 
 44.1291 -0.6188  1.2500  0.0125  0.7417  0.0261  0.5733  0.0715 -0.0003  0.2640 0 
 52.8603  0.7710  2.4746  0.0473  0.6569  0.0214  0.2104  0.0351 -0.0003  0.2079 0 
 50.5165 -0.7809 -0.6594  0.0312  0.0971  0.0662  0.2981  0.0527 -0.0003  0.0947 0 
 45.8717 -0.0725  2.9097  0.3711  0.2237  0.0231  0.3929  0.3159  0.3078  0.9995 0 
 39.5819  0.0759 -0.2030  0.0724  0.2585  0.0288  0.4994  0.0314 -0.0003  0.3421 0 
 38.7335 -0.4128  2.0058  0.0427  0.2615  0.0204  0.3197  0.0358 -0.0003  0.1137 0 
 37.6440  0.3911 -1.1177  0.0882  0.6599  0.0480  0.4603  0.2276  0.2182  0.8931 0 
 50.9712  0.7157  1.1864  0.0100  0.3495  0.0634  0.3823  0.0276 -0.0003  0.1706 0 
 34.7082 -0.7051 -1.9039  0.0226  0.4346  0.0411  0.3767  0.0110 -0.0003  0.2163 0 
 48.4596  0.3585 -1.3602  0.3538  0.4521  0.0768  0.4304  0.3633 -0.0003  0.9952 1 
 35.0286 -0.3536  1.7703  0.0581  0.6143  0.0392  0.2818  0.0635  0.4128  0.9893 1 
 53.3333  0.3998 -1.4439  0.0368  0.1699  0.2668  0.2940  0.0262 -0.0003  0.1960 0 
 46.0243 -0.4395  1.6436  0.0091  0.2330  0.2625  0.4361  0.0167 -0.0003  0.1943 0 
 46.3569 -0.5842  1.9031  0.6475  0.5478  0.0319  0.3918  0.3498 -0.0003  0.9956 1 
 44.7456  0.5727 -1.2396  0.1062  0.5896  0.0300  0.5272  0.1375  0.0532  0.8068 1 
 49.5735 -0.5972 -3.0329  0.0747  0.2139  0.0401  0.2995  0.0184 -0.0003  0.2362 0 
 41.0224  0.6095  0.1397  0.0568  0.6064  0.0455  0.3148  0.0432 -0.0003  0.4572 0 
 47.5257 -0.1784 -0.0731  0.0455  0.4495  0.0427  0.1297  0.0079 -0.0003  0.3638 0 
 46.3478  0.1787  3.0397  0.0298  0.1345  0.0331  0.3047  0.0129 -0.0003  0.0756 0 
 51.8441  0.0958 -1.7466  0.0287  0.0884  0.0315  0.2538  0.0285 -0.0003  0.0561 0 
 48.9357 -0.1292  1.4086  0.0529  0.2591  0.2539  0.3434  0.0089 -0.0003  0.2653 0 
 45.0477 -0.4100 -2.3705  0.0468  0.3264  0.0202  0.3509  0.0538 -0.0003  0.1625 0 
 34.1344  0.3824  0.8008  0.0169  0.3936  0.0435  0.2838  0.0065 -0.0003  0.2001 0 
 43.1098  0.4337  1.4803  0.0309  0.4683  0.1668  0.7987  0.0230  0.3282  0.5823 1 
 25.9281 -0.5087 -1.6292  0.2390  0.3099  0.0386  0.4104  0.3398  0.2401  0.9955 1 
 39.7192 -0.1778 -1.3984  0.0334  0.3635  0.0748  0.7257  0.1406  0.3154  0.7963 0 
 38.4344  0.1723  1.7505  0.1160  0.1177  0.0381  0.3661  0.1429  0.0120  0.4508 0 
 51.0079  0.2366 -3.0294  0.6385  0.3959  0.0560  0.4672  0.5839 -0.0003  0.9977 1 
 44.0345 -0.2376  0.0949  0.2069  0.2192  0.0273  0.3089  0.1026 -0.0003  0.5949 1 
 46.0273 -0.5156  2.6414  0.0040  0.5440  0.1377  0.1308  0.0139 -0.0003  0.2342 0 
 38.6816  0.5302 -0.5563  0.0342  0.4813  0.1114  0.4112  0.1177  0.4009  0.7801 0 
 49.7688 -0.0599 -1.3715  0.0741  0.7087  0.0632  0.2137  0.0959 -0.0003  0.7331 0 
 44.2603  0.1054  1.7912  0.0444  0.5744  0.0154  0.3084  0.1039 -0.0003  0.2155 0 
 47.6081 -0.2640 -1.1078  0.0305  0.1945  0.1280  0.5188  0.0905 -0.0003  0.2700 0 
 46.9795  0.2596  2.0428  0.0770  0.2545  0.0124  0.2169  0.0893 -0.0003  0.1603 0 
 48.9723 -0.0214 -0.2145  0.0424  0.6616  0.0433  0.2146  0.0099 -0.0003  0.3943 0 
 48.3589 -0.0095  2.9488  0.0142  0.1635  0.0487  0.5597  0.0870 -0.0003  0.1742 0 
 48.6549  0.0595 -2.9396  0.0115  0.3260  0.0439  0.4299  0.0522  0.0749  0.2598 0 
 41.1170 -0.0834  0.1797  0.0664  0.1458  0.1174  0.2696  0.0760 -0.0003  0.2695 0 
 49.0028 -0.4696 -1.4161  0.0335  0.6238  0.0279  0.3862  0.0186 -0.0003  0.2580 0 
 39.7620  0.4539  1.7422  0.0246  0.4766  0.0429  0.4081  0.0612 -0.0003  0.2537 0 
 34.4244 -0.3863  1.9904  0.1274  0.7271  0.0187  0.1888  0.2670 -0.0003  0.6956 0 
 31.9158  0.3956 -1.1465  0.1055  0.7010  0.0179  0.2894  0.3334  0.0622  0.8442 0 
 38.3917 -0.7956  1.2003  0.0399  0.7124  0.0844  0.5036  0.0389 -0.0003  0.3347 0 
 35.2148  0.7964 -1.9463  0.0122  0.3933  0.0121  0.1875  0.0108 -0.0003  0.0977 0 
 48.1575 -0.4892 -2.5179  0.0290  0.2225  0.0636  0.2155  0.0125 -0.0003  0.1899 0 
 44.0711  0.4624  0.6370  0.0140  0.6705  0.0172  0.3970  0.1298 -0.0003  0.1969 0 
 46.9184  0.6156 -2.3150  0.0212  0.6087  0.0415  0.3038  0.0412 -0.0003  0.2453 0 
 40.6287 -0.6159  0.8125  0.0095  0.1890  0.0407  0.4959  0.0535 -0.0003  0.1225 0 
 48.0873 -0.7830 -2.2198  0.0030  0.7149  0.1210  0.4312  0.0916 -0.0003  0.2995 0 
 45.3101  0.8176  0.9164  0.0856  0.5301  0.0261  0.1751  0.0405 -0.0003  0.3317 0 
 45.3956 -0.0501  2.6215  0.0651  0.1518  0.0346  0.2189  0.1502 -0.0003  0.2836 0 
 40.6165  0.0622 -0.5024  0.0814  0.3656  0.0181  0.1353  0.0678 -0.0003  0.2088 0 
 46.5858 -0.7183 -0.1092  0.0150  0.6259  0.0266  0.5652  0.0716  0.1169  0.4430 0 
 36.0815  0.7107  3.0396  0.0311  0.1868  0.0080  0.2329  0.0136 -0.0003  0.0495 0 
 47.7943 -0.7995  2.2033  0.0382  0.2166  0.1957  0.3455  0.0555 -0.0003  0.2472 0 
 45.5482  0.7978 -0.9889  0.0009  0.5592  0.0125  0.2624  0.0565  0.0782  0.1323 0 
 46.2562 -0.5791  1.2936  0.0394  0.2325  0.2906  0.5662  0.1225 -0.0003  0.4239 0 
 45.8564  0.6608 -1.8803  0.0638  0.5634  0.0630  0.4365  0.0676 -0.0003  0.4707 0 
 45.1362 -0.1405  0.6840  0.0411  0.4808  0.0997  0.4384  0.1723 -0.0003  0.5018 0 
 35.0439  0.1150 -2.3875  0.0024  0.2676  0.0904  0.2817  0.0705  0.5426  0.7657 0 
 46.4515 -0.6124 -2.3205  0.1906  0.5616  0.1440  0.3046  0.2246 -0.0003  0.9748 1 
 42.9419  0.6078  0.7959  0.2194  0.6096  0.0360  0.2221  0.3037 -0.0003  0.9492 1 
 44.9256  0.6302  3.0376  0.0056  0.1938  0.0403  0.2634  0.0036  0.1181  0.1998 0 
 36.9177 -0.5907 -0.0805  0.0703  0.4750  0.0300  0.4628  0.0182 -0.0003  0.4410 0 
 48.1788  0.7210 -1.5751  0.0375  0.1869  0.0454  0.5172  0.0880 -0.0003  0.2533 0 
 27.5608 -0.7148  1.5552  0.0058  0.1550  0.0039  0.1007  0.0101 -0.0003  0.0504 0 
 49.3355  0.2750 -1.1090  0.0427  0.1715  0.1130  0.3855  0.1091  0.7255  0.9134 1 
 35.4345 -0.2983  1.9560  0.1029  0.1512  0.0504  0.3277  0.3416 -0.0003  0.6870 1 
 51.7861 -0.5433 -2.9119  0.0178  0.1832  0.1019  0.2538  0.0585 -0.0003  0.1458 0 
 47.8737  0.5665  0.2098  0.0241  0.3337  0.0300  0.4317  0.0196 -0.0003  0.1693 0 
 44.3671 -0.6694  1.1943  0.0813  0.1464  0.0555  0.3083  0.0589 -0.0003  0.2345 0 
 40.8698  0.7121 -1.9737  0.1041  0.3743  0.0208  0.2250  0.1081 -0.0003  0.3637 0 
 48.7160  0.3449 -2.9673  0.0171  0.1830  0.1080  0.3438  0.0224 -0.0003  0.1207 0 
 41.2085 -0.3211  0.1695  0.0068  0.2779  0.0530  0.2694  0.0513  0.5519  0.9842 0 
 47.9835 -0.2904 -1.3305  0.0216  0.4379  0.0411  0.3020  0.0273 -0.0003  0.2024 0 
 43.8148  0.2864  1.8084  0.0267  0.0405  0.0660  0.2651  0.0081 -0.0003  0.0779 0 
 44.0162  0.6447 -1.0260  0.0125  0.3079  0.1665  0.2648  0.0096 -0.0003  0.1889 0 
 41.1872 -0.6353  2.1141  0.0489  0.6912  0.0258  0.2246  0.0267  0.0766  0.4373 0 
 46.3966 -0.1230 -2.3917  0.0605  0.1503  0.1049  0.2611  0.0235 -0.0003  0.1920 0 
 44.3458  0.1240  0.7624  0.0205  0.3711  0.0073  0.1762  0.0101 -0.0003  0.0953 0 
 43.2136  0.4019 -0.4709  0.0013  0.4005  0.0513  0.3104  0.1501 -0.0003  0.2613 0 
 39.0600 -0.4965  2.6894  0.0068  0.4266  0.0341  0.2734  0.0195 -0.0003  0.1367 0 
 44.9836 -0.6326 -1.7244  0.6551  0.6589  0.0338  0.6142  0.6785 -0.0003  0.9979 1 
 44.8493  0.6507  1.4147  0.0169  0.2358  0.1094  0.3513  0.0190 -0.0003  0.1498 1 
 39.9908 -0.7324  2.5108  0.0332  0.1952  0.0331  0.3622  0.0204 -0.0003  0.1153 0 
 33.0510  0.7241 -0.6059  0.0901  0.3450  0.0186  0.2864  0.1544 -0.0003  0.3947 0 
 46.5064  0.4999  2.2308  0.0345  0.2973  0.0320  0.3914  0.0462 -0.0003  0.1781 0 
 38.3948 -0.4867 -0.8808  0.0276  0.3254  0.0223  0.4120  0.0087 -0.0003  0.1491 0 
 46.1616 -0.4879  0.5784  0.0020  0.7517  0.1188  0.5665  0.0798 -0.0003  0.2940 0 
 41.7548  0.5491 -2.5872  0.0568  0.0955  0.0739  0.4475  0.0320 -0.0003  0.1586 0 
 31.9860  0.6358 -2.2715  0.0166  0.3792  0.0043  0.3855  0.0810  0.0534  0.1406 0 
 30.3044 -0.6201  0.8632  0.0969  0.1733  0.0271  0.3427  0.2565  0.1057  0.7264 0 
 51.3588 -0.7180 -1.2416  0.0138  0.0702  0.1263  0.2120  0.0187 -0.0003  0.0607 0 
 43.9765  0.7330  1.8882  0.1129  0.3950  0.0165  0.3531  0.2159 -0.0003  0.6258 0 
 56.1593 -0.4328 -2.9775  0.0016  0.2024  0.1082  0.3317  0.0074 -0.0003  0.1081 0 
 43.4455  0.4471  0.1772  0.0057  0.5283  0.1069  0.4871  0.0342 -0.0003  0.2055 0 
 50.4799  0.2341 -1.2096  0.0147  0.5250  0.0557  0.1703  0.0079 -0.0003  0.3395 0 
 50.2632 -0.2090  1.9382  0.0166  0.6269  0.2810  0.4689  0.0250 -0.0003  0.2560 0 
 52.3507  0.1195  2.7742  0.0181  0.5120  0.0175  0.2954  0.0859  0.1733  0.4432 0 
 45.5085 -0.0809 -0.3744  0.0287  0.0575  0.0602  0.2187  0.0268 -0.0003  0.0794 0 
 45.5573 -0.5858 -2.7753  0.0239  0.5483  0.0938  0.2186  0.0704 -0.0003  0.3889 0 
 42.5330  0.6115  0.4375  0.0139  0.0889  0.2084  0.2227  0.0657 -0.0003  0.0712 0 
 50.2785  0.1536 -1.3734  0.0027  0.1453  0.0455  0.2558  0.0706 -0.0003  0.0653 0 
 44.3275 -0.1456  1.7845  0.0824  0.4057  0.0173  0.4845 -0.0200  0.0837  0.5639 0 
 52.3629  0.0585 -2.8649  0.0788  0.5994  0.2058  0.5485  0.0912 -0.0003  0.4489 0 
 46.3142 -0.0529  0.2681  0.0394  0.4859  0.0276  0.2612  0.0073 -0.0003  0.2263 0 
 50.0099  0.7060  0.4215  0.0001  0.5740  0.0576  0.6403  0.0598 -0.0003  0.2055 0 
 46.0395 -0.7086 -2.7309  0.1860  0.5667  0.0211  0.2180  0.1973 -0.0003  0.7611 0 
 48.0995 -0.5717 -0.7811  0.0277  0.4530  0.0432  0.3449  0.0424 -0.0003  0.2396 0 
 35.9655  0.5534  2.3825  0.0635  0.0429  0.0563  0.1398  0.0143 -0.0003  0.0964 0 
 67.9301 -0.5759  1.4562  0.0441  0.1897  0.0061  0.2771  0.0074 -0.0003  0.0592 0 
 60.9659  0.5297 -1.6998  0.0187  0.2268  0.4333  0.5688  0.0233 -0.0003  0.2388 0 
 46.0182 -0.7793  2.4954  0.0775  0.3348  0.0265  0.1308  0.0635 -0.0003  0.2452 0 
 40.2228  0.7904 -0.6546  0.0151  0.7269  0.0121  0.1808  0.1608 -0.0003  0.1922 0 
 46.9154 -0.7751  0.5724  0.0050  0.5414  0.0516  0.2604  0.0750 -0.0003  0.2344 0 
 46.0578  0.7779 -2.6187  0.0552  0.1085  0.0205  0.3052  0.0185  0.0377  0.1205 0 
 43.7964  0.4451 -2.4078  0.0084  0.4550  0.0590  0.3093  0.0193 -0.0003  0.2033 0 
 38.4314 -0.3771  0.7557  0.0289  0.1631  0.1350  0.3661  0.0230 -0.0003  0.1353 0 
 55.2529 -0.2823  1.5573  0.0122  0.4457  0.0337  0.2081  0.0574 -0.0003  0.1525 0 
 40.2258  0.2964 -1.5927  0.0467  0.4802  0.0101  0.3164  0.0344 -0.0003  0.1385 0 
 44.3244  0.1849  1.3803  0.0580  0.3416  0.1726  0.3523  0.0859 -0.0003  0.3959 0 
 38.9227 -0.1996 -1.7958  0.0099  0.4572  0.0318  0.3649  0.0464 -0.0003  0.1363 0 
 49.1402 -0.0728 -2.0896  0.0710  0.5806  0.0641  0.5574  0.1939 -0.0003  0.7339 0 
 44.5869  0.0996  1.0329  0.0407  0.3132  0.0992  0.4398  0.0328 -0.0003  0.2685 0 
 50.9285 -0.3386 -1.4434  0.0825  0.6394  0.0209  0.4674  0.0336 -0.0003  0.5370 0 
 40.8759  0.3292  1.6991  0.3607  0.3826  0.0453  0.3600  0.3275 -0.0003  0.9883 0 
 58.9548  0.4370  0.0311  0.0103  0.1981  0.0677  0.2867  0.1181 -0.0003  0.1674 0 
 49.3477 -0.4442 -3.0565  0.0136  0.7518  0.0998  0.2998  0.0290 -0.0003  0.2692 0 
 44.6693 -0.2718  1.2488  0.2036  0.5778  0.0362  0.1758  0.1992 -0.0003  0.8640 0 
 37.9644  0.2381 -1.8978  0.0004  0.4393  0.0462  0.4133 -0.0200  0.1169  0.2472 0 
 46.2013 -0.2496 -0.3163  0.0820  0.2423  0.0563  0.3050  0.0248 -0.0003  0.3315 0 
 42.7924  0.2623  2.8385  0.0367  0.3166  0.0107  0.2223  0.0661 -0.0003  0.0987 0 
 46.6102  0.6079 -2.2616  0.0102  0.2019  0.0554  0.5216  0.0085 -0.0003  0.1408 0 
 39.1516 -0.6054  0.9003  0.0049  0.5829  0.0148  0.1366  0.0112 -0.0003  0.1343 0 
 45.6764 -0.4687  2.6885  0.0057  0.2732  0.0487  0.3059  0.0659 -0.0003  0.1141 0 
 40.2167  0.4855 -0.4538  0.0348  0.5752  0.0200  0.3164  0.0151  0.1170  0.4166 0 
 53.8979  0.3418  0.4677  0.1406  0.4683  0.0838  0.3770  0.0847 -0.0003  0.7071 0 
 46.7536 -0.3308 -2.6855  0.1357  0.4318  0.0439  0.4343  0.1660 -0.0003  0.8244 0 
 49.9275 -0.6167  0.1671  0.5444  0.3321  0.0611  0.3416  0.5357 -0.0003  0.9976 1 
 47.4464  0.6217 -2.9644  0.6023  0.4982  0.0423  0.6058  0.8217 -0.0003  0.9985 1 
 47.1351 -0.4198  0.3144  0.0461  0.3703  0.0876  0.3468  0.2238 -0.0003  0.6304 1 
 36.7498  0.4199 -2.8356  0.1862  0.4367  0.0672  0.4634  0.2325 -0.0003  0.9491 1 
 40.6653 -0.5986  0.9873  0.5791  0.6330  0.0290  0.4958  0.5530 -0.0003  0.9975 1 
 37.0520  0.5959 -2.1395  0.2957  0.3697  0.0328  0.3698  0.3411  0.0722  0.9785 1 
 51.6945 -0.4933 -2.8018  0.0487  0.5622  0.0274  0.2116  0.0147 -0.0003  0.2519 0 
 46.3996  0.4900  0.3244  0.0475  0.2753  0.0396  0.3917  0.0997 -0.0003  0.2974 0 
 48.1208 -0.0049  0.5611  0.0237  0.1042  0.0543  0.4742  0.1655 -0.0003  0.1843 0 
 44.4709 -0.0028 -2.5896  0.0427  0.2315  0.0113  0.3961  0.1379 -0.0003  0.1757 0 
 47.2755 -0.1398 -0.2869  0.0116  0.2095  0.0309  0.3032  0.0172 -0.0003  0.0711 0 
 45.5116  0.1822  2.8310  0.0715  0.1775  0.0892  0.4374  0.1227 -0.0003  0.4326 0 
 47.3213 -0.7618 -2.3411  0.0075  0.1215  0.0536  0.5196  0.0532 -0.0003  0.1073 0 
 44.9348  0.7983  0.9083  0.0714  0.2458  0.0606  0.3950  0.0572 -0.0003  0.3591 0 
 47.2175 -0.6221  0.6339  0.3227  0.3125  0.1372  0.3466  0.3149  0.4129  0.9966 1 
 39.4965  0.6511 -2.6556  0.1860  0.5761  0.0640  0.1817  0.3126  0.4123  0.9972 1 
 55.5520 -0.4409  1.4185  0.0285  0.1741  0.0942  0.5820  0.0456 -0.0003  0.2240 0 
 43.2532  0.4277 -1.7319  0.0011  0.0655  0.0004  0.0887  0.0329 -0.0003  0.0392 0 
 48.6885 -0.5060 -0.1227  0.1552  0.2810  0.0156  0.2579  0.2053 -0.0003  0.5820 0 
 44.7913  0.4958  3.0285  0.0023  0.4430  0.0400  0.4832  0.0330 -0.0003  0.1536 0 
 49.4759 -0.3685  0.0311  0.0425  0.4317  0.0315  0.0856  0.0325 -0.0003  0.2411 0 
 48.8441  0.3588 -3.1270  0.0167  0.6062  0.1032  0.3436  0.0170 -0.0003  0.2285 0 
 47.3732 -0.0532  2.8154  0.0186  0.6569  0.1616  0.4761  0.0062 -0.0003  0.2540 0 
 42.4018  0.0711 -0.3474  0.0089  0.2919  0.0173  0.1783  0.0185 -0.0003  0.0795 0 
 58.7228 -0.7516 -2.5712  0.0089  0.4619  0.0180  0.1640  0.0073  0.1863  0.4227 0 
 50.0008  0.7535  0.5302  0.0155  0.5431  0.0570  0.4269  0.0495  0.1781  0.4901 0 
 30.8080 -0.6678 -1.1399  0.1670  0.7098  0.0222  0.2436  0.2204 -0.0003  0.8215 1 
 28.2170  0.6471  2.0641  0.1247  0.5563  0.0383  0.3500  0.2438 -0.0003  0.8799 1 
 40.6592 -0.3465  0.7578  0.1291  0.2063  0.0683  0.2254  0.1629  0.5942  0.9980 1 
 40.3296  0.3663 -2.3304  0.2018  0.6395  0.0999  0.4065  0.1907  0.4166  0.9954 1 
 50.6935 -0.0761 -2.6768  0.0129  0.2093  0.0543  0.3403  0.0253 -0.0003  0.1131 0 
 38.8495  0.0802  0.4852  0.0050  0.4274  0.0259  0.3651  0.0071 -0.0003  0.1195 0 
 44.9134 -0.2035 -1.7376  0.0247  0.0716  0.0167  0.3073  0.0336 -0.0003  0.0422 0 
 38.3795  0.2319  1.3837  0.0429  0.5979  0.0224  0.4120  0.0447 -0.0003  0.2810 0 
 52.1187 -0.4373 -0.3142  0.0041  0.5263  0.0572  0.4224  0.0694 -0.0003  0.1914 0 
 44.6265  0.4440  2.8139  0.1905  0.6927  0.0250  0.4836  0.3115 -0.0003  0.9496 0 
 48.7251  0.7138  2.3968  0.0823  0.1559  0.0379  0.3868  0.0163 -0.0003  0.2218 0 
 38.7182 -0.7126 -0.7827  0.0191  0.5061  0.0208  0.4111  0.1121  0.1395  0.4846 0 
 50.7362 -0.3574  3.1172  0.1840  0.5320  0.0474  0.5104  0.2265 -0.0003  0.9465 1 
 23.2242  0.3508 -0.0581  0.2566  0.3874  0.0396  0.3186  0.2022  0.3788  0.9982 1 
 44.3702  0.6681 -1.8111  0.6901  0.4391  0.0470  0.4844  0.8657 -0.0003  0.9985 1 
 29.9535 -0.6620  1.4251  0.0108  0.4189  0.0312  0.3930  0.1589  0.1357  0.5108 1 
 51.8563 -0.1625 -2.7675  0.0372  0.5033  0.0751  0.4652  0.0583 -0.0003  0.3135 0 
 36.4904  0.1235  0.4733  0.0625  0.0931  0.0891  0.2786  0.0257 -0.0003  0.1193 0 
 42.4659 -0.0193  0.5447  0.2453  0.5005  0.0603  0.2673  0.1931  0.5495  0.9991 1 
 40.3174 -0.0007 -2.5995  0.3777  0.6514  0.0529  0.2710  0.1442  0.3808  0.9871 1 
 47.5837 -0.5936 -2.1420  0.0007  0.2854  0.0745  0.2162  0.0267 -0.0003  0.1752 0 
 43.5248  0.5961  1.0270  0.0580  0.4223  0.0431  0.4868  0.0402 -0.0003  0.4036 0 
 43.7507 -0.2083 -2.9492  0.0326  0.7476  0.0358  0.2652  0.0446 -0.0003  0.2853 0 
 42.2431  0.2088  0.2231  0.0000  0.4967  0.0163  0.0446 -0.0200 -0.0003  0.2698 0 
 47.1229 -0.5447 -0.4284  0.0264  0.1216  0.0934  0.3468  0.1347 -0.0003  0.1688 0 
 46.3874  0.5272  2.7207  0.0544  0.3466  0.0509  0.4352  0.0567 -0.0003  0.3651 0 
 46.2104 -0.5237  1.6282  0.0169  0.4818  0.0356  0.3050  0.0168 -0.0003  0.1864 0 
 31.5373  0.5652 -1.5454  0.0149  0.4409  0.0912  0.4355  0.0574 -0.0003  0.2184 0 
 50.1137 -0.3345 -1.7834  0.0092  0.2948  0.0530  0.3840  0.1590 -0.0003  0.2484 0 
 49.4392  0.3501  1.3411  0.0588  0.5053  0.0125  0.3853  0.0571 -0.0003  0.2379 0 
 45.2979  0.5017 -1.6631  0.1101  0.2311  0.0785  0.3504  0.1672 -0.0003  0.6952 1 
 40.4974 -0.4944  1.5180  0.1501  0.3165  0.0794  0.2256  0.1861 -0.0003  0.8538 1 
 50.3059 -0.4565 -0.7104  0.0464  0.1748  0.0604  0.2984  0.0472 -0.0003  0.1749 0 
 43.6347  0.4171  2.4492  0.0181  0.2351  0.0336  0.3096  0.0502  0.3215  0.7982 0 
 46.1769 -0.4438 -1.9824  0.0917  0.1892  0.0094  0.2614  0.0457 -0.0003  0.1191 0 
 44.6632  0.4440  1.1550  0.0241  0.2093  0.0128  0.3077  0.0053 -0.0003  0.0594 0 
 44.3763  0.7423 -2.3801  0.0382  0.2169  0.1020  0.3523  0.0849 -0.0003  0.2566 0 
 44.2267 -0.7405  0.7844  0.0431  0.1424  0.0313  0.3085  0.0460  0.0325  0.1414 0 
 55.0088 -0.4900  1.5657  0.1215  0.4016  0.1393  0.4167  0.1986 -0.0003  0.8704 0 
 48.0385  0.4420 -1.5877  0.0420  0.1656  0.0687  0.5607  0.2084 -0.0003  0.4175 0 
 39.7162 -0.7004 -2.0466  0.0104  0.0588  0.1089  0.1814  0.0020 -0.0003  0.0747 0 
 39.4995  0.7115  1.0782  0.0104  0.5461  0.0940  0.3634  0.0449 -0.0003  0.2184 0 
 35.1446 -0.3541 -0.1638  0.5259  0.5337  0.0287  0.3753  0.5656 -0.0003  0.9978 1 
 26.9230  0.3901  2.9157  0.1238  0.4546  0.0349  0.3550  0.2971  0.1900  0.9273 1 
 47.2084 -0.7308  0.9901  0.0075  0.1121  0.1324  0.1733  0.0103 -0.0003  0.0777 0 
 45.3864  0.7264 -2.1075  0.1372  0.1170  0.0492  0.3064  0.0606 -0.0003  0.3224 0 
 48.3406  0.4670  2.8089  0.0745  0.1126  0.1082  0.3014  0.1802 -0.0003  0.4284 0 
 33.2555 -0.4852 -0.3222  0.0548  0.1441  0.0246  0.1430  0.0176 -0.0003  0.0943 0 
 45.1820  0.2395  2.3737  0.0101  0.4523  0.0391  0.4382  0.0484 -0.0003  0.1744 0 
 35.7061 -0.2344 -0.7442  0.0248  0.6679  0.0203  0.2336  0.0695 -0.0003  0.1648 0 
 46.7567 -0.7314 -0.7231  0.0423  0.1312  0.0440  0.4778  0.0678  0.0631  0.2582 0 
 44.1047  0.7518  2.4171  0.0027  0.6045  0.0428  0.3087  0.0150 -0.0003  0.1924 0 
 50.7546 -0.5027 -3.1127  0.0097  0.8348  0.0499  0.4678  0.0135 -0.0003  0.2370 0 
 46.0822  0.4976  0.0434  0.0613  0.2283  0.0301  0.3488  0.0440 -0.0003  0.1959 0 
 42.6764 -0.7702 -1.0422  0.0048  0.1797  0.0302  0.3559  0.0117 -0.0003  0.0640 0 
 38.4070  0.7787  2.0897  0.0265  0.1162  0.0361  0.2747  0.0079 -0.0003  0.0713 0 
 41.2329 -0.5237 -1.3852  0.0797  0.3915  0.0321  0.3592  0.1486 -0.0003  0.5596 1 
 39.5270  0.5361  1.7279  0.2157  0.1401  0.0234  0.4087  0.1407 -0.0003  0.6907 1 
 43.7507  0.2721 -0.5803  0.0361  0.4996  0.0348  0.5745  0.0316 -0.0003  0.3276 0 
 40.4395 -0.2889  2.5789  0.1617  0.3931  0.0400  0.3160  0.1943 -0.0003  0.8415 0 
 48.3009  0.2962  1.8757  0.1045  0.6402  0.0883  0.4737  0.0818 -0.0003  0.6286 0 
 40.1190 -0.2826 -1.2617  0.1126  0.6350  0.0233  0.1810  0.1751 -0.0003  0.5797 0 
 51.2520  0.7203 -2.0264  0.0245  0.2958  0.0847  0.4242  0.2236 -0.0003  0.4320 1 
 41.6205 -0.7198  1.1973  0.3746  0.5850  0.0313  0.5822  0.3790  0.2324  0.9995 1 
 72.7794  0.5708 -0.9766  0.0320  0.1325  0.0356  0.3895  0.0214  0.0853  0.1882 0 
 39.0509 -0.5501  2.1867  0.0099  0.4281  0.0535  0.2278  0.0069 -0.0003  0.2442 0 
 44.5808 -0.2618  0.5179  0.0485  0.2489  0.0787  0.2639  0.0441 -0.0003  0.2807 0 
 35.8068  0.2733 -2.6092  0.0000  0.0677  0.0354  0.1400  0.0443 -0.0003  0.0566 0 
 52.0546 -0.6252 -0.4872  0.0234  0.5440  0.0746  0.5070  0.0478 -0.0003  0.2558 0 
 40.6500  0.6228  2.6227  0.0017  0.4753  0.0363  0.2705  0.0106 -0.0003  0.1578 0 
 47.2480 -0.1243 -1.4783  0.1216  0.4804  0.0856  0.8663  0.1833 -0.0003  0.9156 1 
 40.7813  0.1170  1.6507  0.2662  0.6299  0.0280  0.5404  0.4885 -0.0003  0.9933 1 
 47.0222  0.1331 -0.2552  0.0262  0.0680  0.3156  0.1301  0.0025 -0.0003  0.0675 0 
 39.8230 -0.1331  2.8877  0.0461  0.4010  0.0930  0.6799  0.0853 -0.0003  0.4425 0 
 76.4202 -0.1446 -2.1880  0.1908  0.0950  0.3081  0.3851  0.2161 -0.0003  0.8646 0 
 46.5705  0.1880  0.9725  0.0376  0.3231  0.0338  0.4783  0.0399 -0.0003  0.2524 0 
 46.8635  0.1423 -0.4756  0.0167  0.7023  0.0467  0.7379  0.2048 -0.0003  0.5384 0 
 45.5238 -0.1603  2.6684  0.0010  0.4908  0.0282  0.2187  0.0582 -0.0003  0.1189 0 
 46.4820  0.2750  0.7555  0.0571  0.3855  0.0634  0.6090  0.1627 -0.0003  0.5840 0 
 45.2949 -0.2726 -2.3860  0.0564  0.2491  0.0208  0.2628  0.0272 -0.0003  0.1279 0 
 48.2582  0.4739 -3.0999  0.0354  0.2981  0.0934  0.4739  0.0533 -0.0003  0.2734 0 
 44.1749 -0.4691  0.0078  0.0191  0.5871  0.0968  0.7935  0.1130 -0.0003  0.3802 0 
 52.1675 -0.2562 -0.5153  0.0361  0.4912  0.1321  0.3378  0.2117 -0.0003  0.5867 0 
 38.6877  0.2402  2.6519  0.0502  0.3748  0.0250  0.2741  0.0219 -0.0003  0.1877 0 
 69.4194  0.7365  1.3257  0.0387  0.1493  0.0910  0.2757  0.0960 -0.0003  0.2016 0 
 42.5788 -0.7198 -1.8301  0.0475  0.3171  0.1180  0.4006  0.0297 -0.0003  0.2815 0 
 53.0037 -0.3698  1.3655  0.0005  0.3701  0.0410  0.3365  0.1006 -0.0003  0.1361 0 
 43.2227  0.4011 -1.7659  0.0193  0.4631  0.0312  0.3990  0.0712 -0.0003  0.1906 0 
 42.7222  0.2617 -2.2689  0.0175  0.3639  0.0366  0.1334  0.0012 -0.0003  0.2446 1 
 42.0447 -0.2756  0.8718  0.1363  0.2956  0.0618  0.2680  0.0950 -0.0003  0.6479 1 
 51.1330 -0.7954  1.8197  0.0586  0.1272  0.0475  0.4244  0.0631 -0.0003  0.1927 0 
 36.7376  0.7854 -1.3391  0.0121  0.3945  0.0142  0.2317  0.1614  0.0906  0.2838 0 
 47.5685 -0.3406  0.1994  0.1774  0.5746  0.0555  0.6486  0.2054 -0.0003  0.9493 1 
 38.6389  0.3185 -2.9341  0.2644  0.1787  0.0639  0.3199  0.2000  0.3419  0.9933 1 
 50.9285  0.0083 -2.7382  0.2639  0.3759  0.0796  0.6798  0.3305  0.1401  0.9901 1 
 47.4464  0.0090  0.3720  0.0338  0.5105  0.0689  0.3029  0.0972 -0.0003  0.4298 1 
 39.9908  0.7096 -2.2648  0.2829  0.7256  0.1079  0.3169  0.1154  0.6725  0.9992 1 
 29.2943 -0.6911  0.8380  0.2092  0.3642  0.0333  0.3956  0.4477  0.2658  0.9952 1 
 43.8819  0.2034 -0.4407  0.1902  0.2923  0.1504  0.3533  0.0106 -0.0003  0.6441 0 
 39.2981 -0.1616  2.7078  0.0165  0.4565  0.0447  0.5004  0.0340 -0.0003  0.2151 0 
 51.2337 -0.0508 -2.7556  0.0100  0.5177  0.0793  0.4243  0.0534 -0.0003  0.2072 0 
 47.8187  0.0437  0.3850  0.0324  0.7773  0.0115  0.3454  0.0687  0.1177  0.3551 0 
 52.6070 -0.2673 -2.7468  0.0642  0.0695  0.0279  0.2107  0.0674 -0.0003  0.0712 0 
 45.2338  0.2517  0.3925  0.0201  0.0631  0.0398  0.3067  0.1579  0.0700  0.1731 0 
 49.6315 -0.5670 -0.2719  0.0483  0.6429  0.0395  0.3849  0.0504  0.1547  0.6264 0 
 45.0477  0.5776  2.9598  0.0634  0.2328  0.0807  0.4386  0.0322 -0.0003  0.3163 0 
 49.6315 -0.4650  0.7888  0.0031  0.5974  0.0832  0.4705  0.0241 -0.0003  0.1905 0 
 43.9826  0.4708 -2.3727  0.0110  0.5745  0.0282  0.3089  0.0486 -0.0003  0.1399 0 
 45.8381 -0.4800  0.4797  0.3857  0.3357  0.0366  0.4802  0.3587 -0.0003  0.9901 1 
 33.0907  0.4442 -2.7208  0.0317  0.3360  0.1773  0.3818  0.0154 -0.0003  0.2409 1 
 40.8789 -0.5797 -0.0942  0.0147  0.4344  0.0175  0.3150  0.0612 -0.0003  0.0964 0 
 37.0977  0.5761  3.0544  0.1459  0.2438  0.0533  0.2773  0.1553  0.2181  0.8995 0 
 51.3771 -0.0421  1.1605  0.0726  0.1384  0.0742  0.2968  0.0502 -0.0003  0.2140 0 
 40.8057  0.0297 -2.0101  0.0836  0.3063  0.0104  0.3152  0.0237 -0.0003  0.1730 0 
 47.5349 -0.5846  0.3396  0.0078  0.3514  0.1114  0.5622  0.0296 -0.0003  0.1975 0 
 41.4710  0.5946 -2.7898  0.0141  0.8076  0.0175  0.2690  0.1423 -0.0003  0.2166 0 
 42.8412  0.7301  0.7223  0.0287  0.6959  0.0183  0.2222  0.0096 -0.0003  0.1672 0 
 28.1498 -0.7506 -2.4338  0.0154  0.1142  0.0191  0.3502  0.0660 -0.0003  0.0497 0 
 46.8727 -0.3905 -0.2577  0.0533  0.8103  0.1098  0.4775  0.0329 -0.0003  0.4086 1 
 42.1851  0.3479  2.9028  0.5918  0.7313  0.0284  0.4016  0.4931 -0.0003  0.9976 1 
 39.7101  0.3441  1.7859  0.0214  0.5135  0.0448  0.3629  0.1047 -0.0003  0.3037 1 
 38.8525 -0.3429 -1.3646  0.2083  0.2560  0.0462  0.2738  0.2370 -0.0003  0.8868 1 
 46.6926  0.0102  2.0445  0.0148  0.2415  0.0297  0.4345  0.0566 -0.0003  0.1124 0 
 45.8778 -0.0036 -1.1126  0.0294  0.1584  0.0158  0.2619  0.1602 -0.0003  0.1209 0 
 49.2226 -0.7403  0.1538  0.0414  0.3388  0.1610  0.4286  0.0668 -0.0003  0.3097 0 
 30.0511  0.7551 -2.9854  0.0068  0.1596  0.0239  0.3435  0.0110 -0.0003  0.0533 0 
 60.7492 -0.1647  2.1116  0.0340  0.3879  0.0379  0.4066  0.0474 -0.0003  0.2457 0 
 48.5298  0.1551 -1.0732  0.0107  0.3366  0.0886  0.5592  0.0313 -0.0003  0.1969 0 
 42.9694 -0.0243 -2.8397  0.0556  0.3835  0.1441  0.3553  0.1589 -0.0003  0.5444 0 
 42.6123  0.0258  0.3669  0.0305  0.1039  0.0385  0.1780  0.0461 -0.0003  0.0709 0 
 47.7760 -0.3059  0.5773  0.0000  0.5795  0.0460  0.4751  0.1014 -0.0003  0.2074 0 
 46.4576  0.2994 -2.5269  0.0247  0.3726  0.0843  0.2175  0.0089 -0.0003  0.2787 0 
 49.2073  0.6534 -0.9909  0.0891  0.5716  0.1266  0.5572  0.0367 -0.0003  0.4275 1 
 39.4385 -0.6277  2.1893  0.4265  0.6555  0.0221  0.2272  0.3747 -0.0003  0.9944 1 
 48.6519  0.2962 -0.6919  0.2055  0.6327  0.0982  0.5588  0.1901 -0.0003  0.9573 1 
 41.1200 -0.2852  2.3785  0.4829  0.7494  0.0414  0.5392  0.3917  0.1256  0.9957 1 
 49.6407  0.7195 -1.3416  0.0266  0.0607  0.0247  0.2138  0.0464 -0.0003  0.0469 0 
 46.8605 -0.7192  1.8001  0.0464  0.4524  0.0058  0.2170  0.0355 -0.0003  0.1163 0 
 47.9591  0.7862 -0.4148  0.0161  0.4053  0.0417  0.3452  0.0137 -0.0003  0.1834 0 
 38.7182 -0.7724  2.7470  0.0026  0.1284  0.0212  0.2284  0.0240  0.0213  0.0489 0 
 54.4717  0.2275  2.2794  0.1609  0.4240  0.0239  0.2506  0.1473  0.0714  0.7303 0 
 40.7904 -0.2459 -0.8925  0.0272  0.1973  0.0934  0.5404  0.1713 -0.0003  0.3393 0 
 55.0912  0.5296  2.7692  0.0258  0.8062  0.0645  0.3333  0.0099 -0.0003  0.2915 0 
 39.5514 -0.5221 -0.3548  0.1772  0.4462  0.0239  0.3633  0.2686 -0.0003  0.8747 0 
 55.0484  0.3306 -2.1439  0.0738  0.3791  0.1495  0.5833  0.1146 -0.0003  0.5433 0 
 49.8848 -0.3443  1.0121  0.0015  0.0955  0.0927  0.3844  0.1675 -0.0003  0.1087 0 
 50.2358 -0.5267 -2.0420  0.0316  0.2657  0.2947  0.5117  0.0361 -0.0003  0.2949 0 
 43.5248  0.5439  1.1300  0.0431  0.3143  0.0180  0.3983  0.1009 -0.0003  0.2039 0 
 51.3680 -0.6349 -2.3232  0.0590  0.2246  0.0300  0.2120  0.0839 -0.0003  0.1924 0 
 46.6987  0.6334  0.8263  0.0105  0.2879  0.0195  0.2173  0.0455 -0.0003  0.0698 0 
 40.4181 -0.3308 -1.0546  0.2012  0.3622  0.0143  0.2709  0.2496 -0.0003  0.7443 1 
 29.7887  0.3158  2.0558  0.2511  0.5105  0.0902  0.4428  0.4229  0.4540  0.9994 1 
 47.4739 -0.6682 -0.4580  0.0488  0.0752  0.0201  0.2163  0.0178 -0.0003  0.0503 0 
 45.1850  0.6733  2.6833  0.0291  0.3496  0.1481  0.6136  0.0228 -0.0003  0.2838 0 
 52.5032  0.7288  1.1589  0.0073  0.4157  0.0623  0.3373  0.0060 -0.0003  0.1886 0 
 46.1646 -0.7084 -1.9719  0.0152  0.4145  0.0330  0.3051  0.0627  0.2865  0.7405 0 
 49.7627 -0.7144 -0.2816  0.0184  0.3527  0.0268  0.4701  0.0499 -0.0003  0.1670 0 
 45.4078  0.7131  2.8457  0.0000  0.4883  0.0374  0.0875  0.0020 -0.0003  0.2994 0 
 56.2264 -0.2010  0.4488  0.0100  0.3692  0.0308  0.3316  0.0944 -0.0003  0.1283 0 
 44.4190  0.1961 -2.6873  0.0227  0.1794  0.0544  0.3522  0.0263 -0.0003  0.1190 0 
 40.9308  0.7412 -2.8120  0.0149  0.4731  0.1079  0.5399  0.0242 -0.0003  0.2212 0 
 33.1182 -0.7122  0.3013  0.0131  0.3978  0.0361  0.2863  0.0800 -0.0003  0.1504 0 
 45.7557  0.3828 -2.4231  0.0205  0.1854  0.0611  0.3057  0.1490 -0.0003  0.2215 0 
 41.1688 -0.4026  0.7064  0.0455  0.5695  0.0417  0.1797  0.0313 -0.0003  0.3543 0 
 47.2236  0.1203 -1.3162  0.0215  0.2242  0.0383  0.4765  0.0318 -0.0003  0.1530 0 
 44.8371 -0.1176  1.8291  0.0366  0.7754  0.0495  0.3074  0.0687 -0.0003  0.4370 0 
 54.5937  0.5291  1.9790  0.0677  0.3698  0.0507  0.4592  0.0223 -0.0003  0.3988 0 
 47.3274 -0.5510 -1.1947  0.0009  0.0758  0.0542  0.2598  0.0898 -0.0003  0.0693 0 
 47.5929  0.0750 -1.4439  0.1819  0.4463  0.0669  0.4756  0.1160 -0.0003  0.8257 1 
 35.6359 -0.0135  1.7099  0.3765  0.4036  0.0195  0.3271  0.3857  0.1678  0.9960 1 
 45.6794  0.3989 -2.6810  0.0587  0.1117  0.0903  0.2185  0.0627 -0.0003  0.1658 0 
 44.1962 -0.4126  0.4594  0.0011  0.4350  0.0091  0.3085  0.0910 -0.0003  0.0739 0 
 84.0894 -0.0411  2.1765  0.0049  0.0781  0.0597  0.2638  0.1422 -0.0003  0.1031 0 
 47.5898  0.0231 -0.9848  0.0000 -1.0000  0.0016  0.0000 -0.0200 -0.0003  0.1782 0 
 46.9337 -0.3543 -2.7697  0.1328  0.2709  0.0210  0.4339  0.1574 -0.0003  0.6572 0 
 44.7181  0.3616  0.3948  0.0113  0.1381  0.0308  0.4394  0.0184 -0.0003  0.0776 0 
 49.1859 -0.1442 -2.7632  0.0100  0.3686  0.0479  0.3858  0.0256 -0.0003  0.1616 0 
 43.4607  0.1422  0.3849  0.0222  0.4677  0.0377  0.4870  0.0173 -0.0003  0.2297 0 
 60.4074 -0.7759  1.5146  0.0038  0.0756  0.1563  0.2443  0.0272 -0.0003  0.0500 0 
 45.5116  0.7535 -1.5906  0.0023  0.3769  0.0779  0.5249  0.0367  0.1445  0.2989 0 
 49.7169  0.4143 -0.3119  0.1223  0.4215  0.0610  0.3420  0.0897 -0.0003  0.6759 0 
 34.1985 -0.4289  2.8648  0.1093  0.7652  0.0163  0.2837  0.0297 -0.0003  0.5047 0 
 46.9551  0.7718  0.5682  0.0110  0.6321  0.0199  0.2169  0.0528  0.1937  0.4400 0 
 43.0091 -0.7907 -2.5414  0.0248  0.4565  0.1407  0.3108  0.0026 -0.0003  0.2226 0 
 49.7597 -0.6709 -2.9410  0.2568  0.5294  0.0184  0.3847  0.2448 -0.0003  0.9104 1 
 46.0883  0.6513  0.1797  0.1851  0.5837  0.0201  0.7411  0.3326 -0.0003  0.9743 1 
 44.3305  0.4764  2.4520  0.1095  0.4458  0.0172  0.2643  0.0750 -0.0003  0.3487 0 
 31.1070 -0.4238 -0.6832  0.0228  0.3282  0.0629  0.3886  0.0097  0.2351  0.4348 0 
 34.9767  0.7213  3.0704  0.3201  0.2587  0.0341  0.3289  0.1774 -0.0003  0.8745 1 
 32.0470 -0.7260 -0.0612  0.3388  0.4087  0.0572  0.4817  0.4160  0.5069  0.9998 1 
 46.5003 -0.2953  0.4202  0.3532  0.5620  0.1041  0.5654  0.4416 -0.0003  0.9978 1 
 43.9887  0.3181 -2.7347  0.2723  0.7154  0.0985  0.4413  0.2186  0.5654  0.9995 1 
 46.1585 -0.4811 -0.5752  0.0322  0.7213  0.0869  0.7409  0.0600 -0.0003  0.3668 1 
 43.9765  0.4512  2.5701  0.1284  0.4118  0.0230  0.1324  0.1036 -0.0003  0.4261 1 
 46.9795  0.6067  1.3594  0.0667  0.6501  0.1500  0.7808  0.0551  0.0576  0.5686 0 
 45.3681 -0.6101 -1.7620  0.0030  0.6817  0.0069  0.2189  0.1075 -0.0003  0.1250 0 
 46.4118 -0.6204 -1.8260  0.0198  0.1303  0.0769  0.3046  0.1649 -0.0003  0.1943 0 
 43.4760  0.5941  1.3317  0.0198  0.1390  0.0277  0.3099  0.0590  0.0696  0.1409 0 
 39.1882  0.6967  1.1571  0.8741  0.5835  0.0322  0.4553  0.6879 -0.0003  0.9981 1 
 29.1508 -0.7018 -1.9418  0.0062  0.2728  0.0650  0.2476  0.0156 -0.0003  0.1588 1 
 46.5278 -0.6128 -3.0668  0.0086  0.8238  0.0166  0.2174  0.1148 -0.0003  0.1821 0 
 45.5512  0.6163  0.0443  0.0148  0.1539  0.0336  0.3061  0.0228 -0.0003  0.0641 0 
 50.2052 -0.7411  0.8292  0.3576  0.3856  0.0784  0.2985  0.2436 -0.0003  0.9861 1 
 40.8820  0.7176 -2.3107  0.2157  0.5116  0.0903  0.2250  0.2866 -0.0003  0.9785 1 
 49.6162  0.1649  2.9299  0.0205  0.1492  0.0360  0.3422  0.0633 -0.0003  0.0804 0 
 42.3774 -0.1934 -0.2170  0.0121  0.1759  0.0363  0.0891  0.0012 -0.0003  0.1307 0 
 46.8482 -0.2722  2.1047  0.0196  0.0716  0.0999  0.2171  0.0202 -0.0003  0.0762 0 
 45.2094  0.2468 -1.0257  0.0291  0.6058  0.0314  0.5258  0.0761 -0.0003  0.3376 0 
 38.7335 -0.1923  0.2910  0.2317  0.2275  0.0542  0.1827  0.2354 -0.0003  0.8898 1 
 29.1722  0.2045 -2.8553  0.2321  0.5648  0.0638  0.1980  0.1977  0.4905  0.9983 1 
 44.1871  0.1994  0.9291  0.0046  0.1548  0.0433  0.4408  0.0526  0.1893  0.2351 0 
 41.7243 -0.1784 -2.2143  0.0188  0.2289  0.0173  0.2686  0.0062 -0.0003  0.0645 0 
 47.8584 -0.0036  2.2063  0.0176  0.3904  0.0117  0.2158  0.0057 -0.0003  0.0977 0 
 43.5492  0.0163 -0.9374  0.0055  0.4529  0.0194  0.3098  0.0297 -0.0003  0.0879 0 
 48.0903  0.6316  2.0384  0.0042  0.4935  0.0481  0.2587  0.0202 -0.0003  0.2040 0 
 39.9542 -0.6249 -1.0752  0.0822  0.2420  0.0581  0.3623  0.0959 -0.0003  0.4448 0 
 44.0162 -0.7905 -0.9700  0.0078  0.1425  0.0262  0.3089  0.0535  0.0868  0.1331 0 
 42.7649  0.7828  2.1842  0.0033  0.7658  0.0451  0.2668  0.0030 -0.0003  0.2567 0 
 58.0697  0.4152 -2.6327  0.0075  0.3688  0.0928  0.2467  0.0092 -0.0003  0.2062 0 
 53.6416 -0.3972  0.5089  0.0413  0.0325  0.1318  0.1677  0.0660 -0.0003  0.0850 0 
 44.5045 -0.3991  2.0734  0.0733  0.5503  0.0169  0.2640  0.1612 -0.0003  0.3828 0 
 37.3449  0.3681 -1.0712  0.0687  0.3818  0.0229  0.2768  0.1199 -0.0003  0.3094 0 
 43.1403 -0.5670  2.9933  0.7799  0.3973  0.0786  0.3549  0.5263 -0.0003  0.9976 1 
 37.9309  0.5857 -0.1444  0.5518  0.5188  0.0421  0.4593  0.6264 -0.0003  0.9981 1 
 53.4096  0.3816  0.8890  0.0155  0.1411  0.0108  0.2938  0.0057 -0.0003  0.0407 0 
 49.6773 -0.3834 -2.2323  0.0183  0.6775  0.0430  0.2993  0.0269 -0.0003  0.2562 0 
 44.5594 -0.7551 -2.5518  0.1107  0.6791  0.0622  0.2639  0.3309  0.4161  0.9910 1 
 34.3236  0.7662  0.6225  0.0968  0.5741  0.0690  0.6140  0.1934  0.4247  0.9891 1 
 48.7922 -0.7700 -0.5374  0.1332  0.1324  0.1476  0.2148  0.0458  0.6892  0.8778 0 
 45.2125  0.7710  2.6029  0.0490  0.2234  0.0311  0.1314  0.0089 -0.0003  0.1861 0 
 35.0011  0.5275 -1.8348  0.0253  0.3457  0.0561  0.3758  0.0889 -0.0003  0.2620 0 
 33.2097 -0.5131  1.2650  0.0452  0.3269  0.0103  0.3814  0.1301 -0.0003  0.1930 0 
 43.9429 -0.3287  2.2279  0.4684  0.5999  0.0206  0.1766  0.3852 -0.0003  0.9956 1 
 40.5463  0.3576 -0.8825  0.0780  0.2196  0.1424  0.8570  0.0952 -0.0003  0.6963 1 
 47.1748 -0.2436  1.6258  0.0261  0.0403  0.1667  0.1300  0.0139 -0.0003  0.0577 0 
 46.5187  0.3051 -1.5519  0.0597  0.3370  0.0147  0.3914  0.0114 -0.0003  0.2052 0 
 52.4361 -0.2328 -3.1147  0.0633  0.3349  0.0489  0.3374  0.2149 -0.0003  0.6151 0 
 48.5817  0.2405  0.0457  0.0603  0.3521  0.0336  0.4301 -0.0200 -0.0003  0.3310 0 
 46.6194  0.1003 -1.2999  0.0153  0.2293  0.0077  0.0435  0.0016 -0.0003  0.1325 0 
 43.1403 -0.1110  1.8447  0.0884  0.0742  0.0568  0.3549  0.0934 -0.0003  0.1860 0 
 47.5563  0.5887  1.4071  0.1374  0.2549  0.0166  0.3459  0.1256  0.1353  0.7815 0 
 38.1079 -0.5856 -1.7471  0.0012  0.3160  0.0233  0.2753  0.0875 -0.0003  0.0738 0 
 48.3040 -0.6220  3.0170  0.0336  0.7999  0.0206  0.1723  0.1019 -0.0003  0.2419 0 
 46.6224  0.6456 -0.1328  0.0302  0.1552  0.0506  0.3912  0.0154 -0.0003  0.1249 0 
 43.4791 -0.1144  2.0673  0.2406  0.4634  0.0186  0.3984  0.2642 -0.0003  0.9086 0 
 38.1781  0.1281 -1.0711  0.0173  0.5231  0.0457  0.3668  0.0126 -0.0003  0.2197 0 
 45.3101 -0.0752 -0.2915  0.0688  0.0437  0.1729  0.2190  0.0176  1.0405  0.9414 0 
 33.1548  0.0526  2.8547  0.0269  0.3081  0.0158  0.2862  0.0417 -0.0003  0.0823 0 
 47.4220 -0.2443  2.9120  0.0185  0.7611  0.0226  0.1731  0.0212 -0.0003  0.1706 0 
 47.1931  0.2454 -0.2303  0.0176  0.0857  0.0240  0.1733  0.0276 -0.0003  0.0478 0 
 55.8572  0.3940  2.5770  0.1020  0.7929  0.1482  0.4152  0.3223 -0.0003  0.9649 1 
 40.9003 -0.4755 -0.6298  0.4097  0.4330  0.0464  0.4050  0.3579  0.1919  0.9972 1 
 61.4603  0.5431  2.1254  0.3921  0.2483  0.0747  0.3649  0.3028 -0.0003  0.9918 1 
 41.6571 -0.5243 -1.0198  0.7275  0.6602  0.0187  0.4926  0.8315 -0.0003  0.9984 1 
 49.3721  0.2282 -2.2450  0.0699  0.0533  0.0764  0.2998  0.0447 -0.0003  0.0972 0 
 39.3805 -0.1950  0.8983  0.0092  0.4344  0.0450  0.2728  0.0207 -0.0003  0.1845 0 
 43.2105  0.7450 -0.1805  0.0289  0.0180  0.0015  0.1330  0.0317 -0.0003  0.0363 0 
 36.5301 -0.7280  2.9459  0.0251  0.2631  0.0291  0.1857  0.0034 -0.0003  0.1335 0 
 42.2827 -0.3710  0.6113  0.0073  0.3822  0.0419  0.4014  0.0557 -0.0003  0.1479 1 
 40.8576  0.4178 -2.5218  0.1174  0.3827  0.1215  0.3151  0.0750  0.3374  0.8570 1 
 66.5049  0.4250 -2.8707  0.0160  0.0649  0.0166  0.3183  0.0295 -0.0003  0.0404 0 
 44.6326 -0.4063  0.2733  0.0013  0.6326  0.0285  0.3078  0.0209 -0.0003  0.1370 0 
 49.0242  0.1240 -0.1872  0.0703  0.1139  0.0685  0.4720  0.0883 -0.0003  0.2857 0 
 37.1130 -0.1107  2.9551  0.0389  0.5948  0.0506  0.3235  0.0073 -0.0003  0.3309 0 
 48.0446  0.1145  1.1746  0.0133  0.1765  0.1005  0.4744  0.0156 -0.0003  0.1272 0 
 44.5777 -0.1246 -1.9701  0.0900  0.3893  0.0459  0.4398  0.0878 -0.0003  0.5657 0 
 51.4931  0.4488  1.2326  0.0596  0.3655  0.0598  0.1695  0.0724 -0.0003  0.4616 0 
 49.1066 -0.4420 -1.9020  0.0034  0.3513  0.0529  0.3860  0.0660 -0.0003  0.1482 0 
 51.7830  0.1963 -0.1791  0.0015  0.3230  0.0735  0.4654  0.0342 -0.0003  0.1471 0 
 45.6001 -0.2087  2.9826  0.0285  0.0933  0.0491  0.3935  0.0947 -0.0003  0.1144 0 
 44.9043 -0.1650 -0.2925  0.0167  0.4468  0.0154  0.2195  0.0184 -0.0003  0.1064 0 
 40.4150  0.1587  2.8644  0.0068  0.2544  0.0743  0.4063  0.0175 -0.0003  0.1375 0 
 45.7771  0.0788  2.5241  0.0730  0.3800  0.0512  0.7425  0.1391 -0.0003  0.6880 1 
 25.5802 -0.0958 -0.6896  0.2617  0.8196  0.0230  0.5151  0.1735 -0.0003  0.9105 1 
 47.2175 -0.3562  1.4640  0.0984  0.7269  0.0541  0.6065 -0.0200 -0.0003  0.5443 0 
 39.4415  0.3721 -1.6915  0.2045  0.3292  0.1015  0.5908  0.2044  0.1872  0.9652 0 
 52.1675 -0.6437  0.4390  0.0636  0.7370  0.0092  0.2956  0.0726 -0.0003  0.2784 0 
 41.5045  0.6849 -2.6970  0.0000  0.1307  0.0507  0.2241  0.0450  0.1849  0.2399 0 
 47.6570 -0.2402  1.6794  0.0574  0.1949  0.1180  0.4754  0.0511 -0.0003  0.3030 0 
 38.5748  0.2183 -1.4574  0.0063  0.2411  0.0168  0.4572  0.0142 -0.0003  0.0753 0 
 43.3875 -0.6064 -2.5720  0.0024  0.4983  0.0055  0.2215  0.1728  0.0082  0.1327 0 
 39.7162  0.6040  0.6275  0.0815  0.1219  0.0544  0.3629  0.0566 -0.0003  0.2140 0 
 47.5441 -0.3558 -2.2305  0.0061  0.3580  0.0469  0.3027  0.0158 -0.0003  0.1507 0 
 43.0823  0.3403  0.8916  0.0568  0.3792  0.0601  0.7545  0.0447 -0.0003  0.4808 0 
 46.6041  0.0761  1.4965  0.0249  0.2460  0.0652  0.3913  0.1583 -0.0003  0.3052 0 
 42.8382 -0.0675 -1.6278  0.2004  0.2514  0.0407  0.4000  0.1732 -0.0003  0.8323 0 
 49.8085  0.4293 -0.3498  0.0126  0.5290  0.0572  0.3419  0.0422 -0.0003  0.2210 0 
 42.2736 -0.3883  2.8266  0.0137  0.4996  0.0273  0.1784  0.0307 -0.0003  0.1530 0 
 50.4433  0.5304  1.7982  0.0014  0.3406  0.0786  0.3408  0.1265 -0.0003  0.2236 0 
 40.3265 -0.5046 -1.3922  0.0096  0.6563  0.0204  0.4065  0.0158  0.0734  0.2495 0 
 49.0578  0.1238 -2.5330  0.0037  0.4459  0.1870  0.5577  0.0016 -0.0003  0.2148 0 
 43.4577 -0.1043  0.6278  0.0465  0.2208  0.0716  0.5313  0.0862 -0.0003  0.3457 0 
 51.7586  0.3678  1.2005  0.1021  0.1832  0.0690  0.2962  0.0911 -0.0003  0.4389 0 
 47.4372 -0.3687 -1.9376  0.1376  0.5387  0.0277  0.3029  0.2757 -0.0003  0.8452 0 
 49.3568 -0.3509 -0.1343  0.3717  0.4115  0.0522  0.4711  0.5372  0.1311  0.9984 1 
 41.6999  0.3608  3.0407  0.4682  0.1674  0.0147  0.1791  0.3555  0.1275  0.9893 1 
 43.7232  0.3882  2.3976  0.2081  0.4855  0.0208  0.4862  0.2224 -0.0003  0.8942 1 
 34.4671 -0.3763 -0.7834  0.1714  0.3959  0.1485  0.4717  0.0485  0.4894  0.9264 1 
 42.5635 -0.0445  2.2714  0.0092  0.0825  0.0260  0.4007  0.0222 -0.0003  0.0554 0 
 36.0998  0.0503 -0.8477  0.0168  0.4763  0.0313  0.4191  0.0389 -0.0003  0.1793 0 
 46.9612 -0.2809  2.8923  0.3922  0.4187  0.1039  0.6942  0.4378  0.2180  0.9994 1 
 45.4597  0.2486 -0.2273  0.3569  0.4169  0.0398  0.4375  0.3727 -0.0003  0.9912 1 
 44.3488 -0.3576  2.5865  0.0939  0.3551  0.1178  0.2642  0.0949 -0.0003  0.6029 0 
 41.9806  0.3445 -0.5482  0.0732  0.1946  0.0609  0.3128  0.1019 -0.0003  0.3619 0 
 45.9937 -0.3797  2.4291  0.6107  0.3732  0.1098  0.6979  0.2921 -0.0003  0.9848 1 
 45.1209  0.4090 -0.7217  0.3355  0.4783  0.0716  0.6137  0.4001 -0.0003  0.9960 1 
 44.0864 -0.2324  1.4440  0.0235  0.6674  0.1684  0.7057  0.0455 -0.0003  0.3031 0 
 40.7141  0.2083 -1.6486  0.0265  0.1808  0.0371  0.6308  0.0328  0.0856  0.2923 0 
 45.4902  0.1450  0.6214  0.1405  0.6518  0.0212  0.2625  0.0430 -0.0003  0.5851 0 
 43.1342 -0.1544 -2.4824  0.0214  0.4172  0.0464  0.4880  0.0963  0.1320  0.4820 0 
 37.6867  0.4627 -0.3060  0.0151  0.5018  0.0237  0.1841  0.0031 -0.0003  0.1714 0 
 34.0642 -0.4536  2.8183  0.0040  0.1721  0.0719  0.4260  0.0236 -0.0003  0.1007 0 
 46.4149 -0.2983  0.3895  0.0559  0.4242  0.1531  0.3481  0.0884 -0.0003  0.3992 0 
 43.8697  0.3020 -2.7659  0.0274  0.5027  0.0101  0.1767  0.0436 -0.0003  0.1176 0 
 50.1015 -0.2547 -1.9878  0.0741  0.3732  0.0512  0.4267  0.1032 -0.0003  0.5326 0 
 43.1403  0.2419  1.1456  0.0564  0.5864  0.0511  0.4880  0.0667 -0.0003  0.4529 0 
 47.3457  0.5175  1.0691  0.0775  0.7273  0.0829  0.3030  0.0268  0.2166  0.7487 1 
 20.5447 -0.4906 -1.9179  0.2007  0.4907  0.0422  0.3868  0.1535  0.1833  0.9116 1 
 51.1971  0.4004  0.6153  0.0331  0.1968  0.1026  0.3819  0.0766 -0.0003  0.2098 0 
 47.4189 -0.3952 -2.5155  0.0134  0.2173  0.0378  0.3462  0.0416 -0.0003  0.0893 0 
 47.5776  0.4810  1.6898  0.0540  0.3993  0.0955  0.3892  0.0649 -0.0003  0.3726 0 
 44.0711 -0.4897 -1.4576  0.0025  0.0781  0.0197  0.1323  0.0262 -0.0003  0.0468 0 
 43.5096 -0.7476 -0.3240  0.1986  0.3438  0.0529  0.6197  0.2934 -0.0003  0.9693 1 
 42.9511  0.7272  2.8264  0.4105  0.6632  0.0635  0.3553  0.6679  0.3500  0.9997 1 
 43.2441 -0.2157 -0.3950  0.0352  0.1416  0.0236  0.3990  0.0933 -0.0003  0.1135 0 
 42.9419  0.2171  2.7487  0.0261  0.0608  0.0425  0.2221  0.0298 -0.0003  0.0641 0 
 48.7434  0.4978 -0.2190  0.0283  0.0620  0.0311  0.5586  0.0119 -0.0003  0.1097 0 
 47.7028 -0.4899  2.9090  0.0067  0.2145  0.0204  0.1296  0.0273 -0.0003  0.0732 0 
 50.0099  0.1070 -2.6052  0.0568  0.5547  0.0383  0.3842  0.0250  0.1250  0.6029 1 
 49.0394 -0.0933  0.5459  0.2085  0.5722  0.0769  0.3003  0.0822  0.3296  0.9634 1 
 45.9052  0.4500 -0.8016  0.2379  0.4277  0.0568  0.3928  0.2587 -0.0003  0.9672 0 
 35.2819 -0.4488  2.2827  0.0956  0.1496  0.1233  0.2812  0.0540  0.3532  0.6293 0 
 47.1870  0.5874  2.9424  0.0057  0.6458  0.0739  0.3033  0.1434 -0.0003  0.4366 0 
 43.1220 -0.5860 -0.2120  0.0054  0.5326  0.0382  0.3993  0.0198 -0.0003  0.1638 0 
 47.3915 -0.3975 -1.3730  0.0454  0.1847  0.0341  0.2597  0.0220 -0.0003  0.1154 0 
 34.7326  0.4118  1.7718  0.0622  0.3381  0.0237  0.2824  0.0190 -0.0003  0.2029 0 
 45.8473 -0.5705  0.6980  0.0200  0.3206  0.0204  0.2619  0.1536 -0.0003  0.1692 0 
 43.0274  0.5774 -2.4201  0.0275  0.2302  0.0638  0.2664  0.0904 -0.0003  0.2195 0 
 49.1890 -0.2665  1.6626  0.0222  0.2807  0.0357  0.3430  0.0504 -0.0003  0.1280 0 
 46.0578  0.2672 -1.4534  0.1681  0.2578  0.1208  0.6977  0.0816 -0.0003  0.7705 0 
 49.7139 -0.2900 -1.4668  0.0656  0.2664  0.1042  0.2565  0.0150 -0.0003  0.3271 0 
 46.6529  0.2985  1.6428  0.0506  0.3997  0.0581  0.3911  0.1026  0.2442  0.7036 0 
 53.2174  0.2720  2.5007  0.0185  0.5856  0.0390  0.4622  0.1048 -0.0003  0.3052 0 
 47.1351 -0.2659 -0.6450  0.0100  0.4054  0.0339  0.4768  0.1299  0.0198  0.2769 0 
 43.9551  0.7759 -1.9684  0.0616  0.5494  0.0309  0.2207  0.0305 -0.0003  0.3138 0 
 42.3072 -0.7794  1.1508  0.0123  0.0963  0.0083  0.1784  0.0683 -0.0003  0.0372 0 
 49.6071 -0.7669 -0.5667  0.0071  0.1871  0.0312  0.2567  0.0942 -0.0003  0.0691 0 
 46.5370  0.7640  2.5995  0.0125  0.1676  0.0444  0.2609  0.0170 -0.0003  0.0809 0 
 50.0191  0.0375  0.4490  0.2089  0.2595  0.0310  0.3842  0.1589 -0.0003  0.7861 0 
 47.0161 -0.0362 -2.7137  0.0101  0.6257  0.0242  0.2602  0.0768 -0.0003  0.1417 0 
 42.3590 -0.7829 -0.2453  0.0703  0.3693  0.0294  0.4458  0.1171  0.2486  0.8245 1 
 41.6358  0.7998  2.9342  0.1768  0.2352  0.0422  0.4478  0.2197 -0.0003  0.8676 1 
 46.8269  0.7730 -0.7399  0.1311  0.3675  0.0287  0.4341  0.1938 -0.0003  0.7835 0 
 43.4760 -0.7903  2.4008  0.0282  0.4913  0.0291  0.2656  0.0148  0.1623  0.4862 0 
 53.7240 -0.3108 -1.6761  0.0141  0.1942  0.0244  0.2934  0.0143 -0.0003  0.0602 0 
 42.8321  0.3314  1.4473  0.0184  0.0438  0.0348  0.1333  0.0209 -0.0003  0.0652 0 
 47.5502  0.1418  2.9568  0.0877  0.4819  0.0344  0.4325  0.0723 -0.0003  0.5637 0 
 37.1588 -0.1396 -0.1837  0.1770  0.1906  0.0484  0.6929  0.1617 -0.0003  0.8876 0 
 45.1514  0.7076 -1.7855  0.0602  0.5912  0.0466  0.3945  0.0949 -0.0003  0.5462 0 
 42.8595 -0.7126  1.3281  0.0574  0.5125  0.0238  0.2667  0.0213 -0.0003  0.2453 0 
 50.0587  0.0919 -2.0977  0.0057  0.1474  0.0378  0.3841  0.0217 -0.0003  0.0695 0 
 38.2147 -0.0884  1.0289  0.0142  0.4659  0.0273  0.1375  0.0356 -0.0003  0.1606 0 
 54.0902 -0.2086 -0.4741  0.0446  0.4270  0.0554  0.4185  0.0414 -0.0003  0.3339 0 
 51.5938  0.2403  2.6856  0.0148  0.8246  0.1292  0.4235  0.0125  0.5239  0.8904 0 
 49.4972 -0.6332 -1.6607  0.0317  0.1371  0.0254  0.4280  0.0903 -0.0003  0.1187 0 
 49.0333  0.6375  1.4746  0.0076  0.2905  0.0250  0.2574  0.0349 -0.0003  0.0704 0 
 48.4749  0.4562 -0.3099  0.0037  0.3959  0.0330  0.1721  0.0034 -0.0003  0.1779 0 
 39.2554 -0.4399  2.7748  0.0201  0.1758  0.0414  0.0910  0.0010 -0.0003  0.1528 0 
 44.6906 -0.5841  1.3351  0.0118  0.6270  0.0236  0.3516  0.0605 -0.0003  0.1398 0 
 43.8025  0.5995 -1.8038  0.0141  0.5098  0.0167  0.2651  0.0071 -0.0003  0.1190 0 
 44.0253  0.7061  2.8626  0.7247  0.5613  0.0242  0.3530  0.6856 -0.0003  0.9982 1 
 41.1566 -0.6993 -0.2273  0.1247  0.4340  0.0477  0.4493  0.1865 -0.0003  0.8363 1 
 42.2187 -0.4756  0.4777  0.0178  0.4483  0.0375  0.2231  0.0729 -0.0003  0.1869 0 
 38.4283  0.5133 -2.6845  0.0149  0.2122  0.0319  0.4119  0.1133 -0.0003  0.1320 0 
 46.0151  0.5961 -1.4427  0.0046  0.8717  0.0236  0.2617  0.0201 -0.0003  0.1530 0 
 39.9023 -0.6055  1.7015  0.0024  0.1221  0.0443  0.1812  0.1325 -0.0003  0.1006 0 
 48.3680 -0.4007 -0.5959  0.0054  0.5063  0.1129  0.3875  0.0591 -0.0003  0.2166 0 
 42.9572  0.4027  2.5435  0.0457  0.3519  0.0162  0.3109  0.0447 -0.0003  0.1310 0 
 45.8320  0.5457  2.9036  0.0019  0.5535  0.0267  0.2183  0.0251 -0.0003  0.1337 0 
 43.8972 -0.5360 -0.2286  0.0094  0.3185  0.0793  0.3091  0.0394 -0.0003  0.1763 0 
 47.4037 -0.5767  1.2404  0.1044  0.1591  0.0905  0.4761  0.0130 -0.0003  0.3746 0 
 47.0344  0.6054 -1.9304  0.0507  0.4498  0.0559  0.4770  0.1242 -0.0003  0.4943 0 
 40.0946 -0.5280 -1.0831  0.3120  0.3120  0.0453  0.5429  0.2453 -0.0003  0.9731 1 
 25.8976  0.5681  1.9668  0.0295  0.4129  0.0242  0.4619  0.2383  0.0910  0.6315 1 
 56.1868 -0.3832 -0.0381  0.0155  0.3604  0.0382  0.3316  0.0464 -0.0003  0.1424 0 
 33.2372  0.3442  3.1097  0.0372  0.1258  0.0483  0.1907  0.0362 -0.0003  0.0976 0 
 46.9581  0.4045 -2.0284  0.1503  0.0747  0.0584  0.2603  0.0568 -0.0003  0.2401 0 
 44.4190 -0.3992  1.1032  0.0037  0.0907  0.0129  0.2201  0.1600  0.0417  0.0942 0 
 47.9408 -0.7363 -2.6239  0.0103  0.1968  0.0106  0.1295  0.0136 -0.0003  0.0601 0 
 46.5919  0.7333  0.5152  0.0805  0.4432  0.0290  0.4347 -0.0200  0.1123  0.6002 0 
 52.5917  0.3686  3.0781  0.0292  0.2865  0.1693  0.4214  0.0402  0.2030  0.4199 0 
 52.0272 -0.3786 -0.0809  0.0031  0.4744  0.0214  0.4649  0.1215 -0.0003  0.1653 0 
 47.0924  0.3938 -2.3566  0.0000  0.0385  0.1349  0.1734  0.1205 -0.0003  0.0857 0 
 41.9287 -0.3712  0.8586  0.0316  0.2536  0.0422  0.3129  0.0030 -0.0003  0.1673 0 
 48.3711  0.1303  1.8671  0.0041  0.2140  0.0924  0.3444  0.0633 -0.0003  0.1211 0 
 47.3762 -0.1183 -1.2537  0.0631  0.0333  0.0901  0.2597  0.1498 -0.0003  0.1518 0 
 48.3101  0.2634 -1.3147  0.0122  0.1604  0.1011  0.5599  0.0230 -0.0003  0.1410 0 
 46.0700 -0.2545  1.8252  0.0369  0.1173  0.0367  0.2180  0.0212 -0.0003  0.0747 0 
 46.7140  0.7818  2.1197  0.0868  0.1460  0.0317  0.3910  0.0601 -0.0003  0.2362 0 
 45.4261 -0.7799 -1.0137  0.0526  0.5057  0.0130  0.2188  0.0427 -0.0003  0.1544 0 
 48.7556 -0.7566 -0.8580  0.0307  0.1819  0.2166  0.3437  0.0224 -0.0003  0.1814 0 
 37.9095  0.7589  2.2513  0.0194  0.5502  0.0448  0.4135  0.0278 -0.0003  0.2261 0 
 56.5621 -0.6894  0.0977  0.0056  0.0518  0.1261  0.2483  0.0449 -0.0003  0.0531 0 
 44.5045  0.6638 -2.9909  0.0193  0.1588  0.1537  0.3960  0.1152 -0.0003  0.1845 0 
 46.5980  0.7595  2.4206  0.0170  0.1839  0.0553  0.3913  0.0225 -0.0003  0.1183 0 
 42.4445 -0.7667 -0.6660  0.0420  0.4593  0.0386  0.1782  0.0572 -0.0003  0.2722 0 
 41.8921  0.4113  1.9768  0.6407  0.7143  0.0506  0.4024  0.2191 -0.0003  0.9913 1 
 38.8128 -0.4217 -1.1956  0.4462  0.4757  0.0344  0.3195  0.2924  0.2983  0.9973 1 
 38.7060  0.7801  1.0082  0.0605  0.3789  0.0697  0.2741  0.1082 -0.0003  0.5368 0 
 38.1415 -0.7744 -2.0524  0.0141  0.1303  0.0778  0.3210  0.0403 -0.0003  0.0903 0 
 38.4466  0.6216 -2.4180  0.0266  0.6288  0.0195  0.2288  0.0152 -0.0003  0.1577 0 
 36.5667 -0.6058  0.7574  0.0177  0.5491  0.0427  0.4176  0.0556  0.2700  0.6513 0 
 47.0527 -0.7316 -2.2925  0.1165  0.1678  0.0468  0.3469  0.1798 -0.0003  0.5957 1 
 33.1762  0.7391  0.8685  0.0176  0.5346  0.0356  0.3815  0.1100 -0.0003  0.2594 1 
 54.0963  0.1243 -2.0449  0.2951  0.4714  0.0536  0.5022  0.2630 -0.0003  0.9784 1 
 31.6747 -0.1435  1.1597  0.3718  0.4184  0.0370  0.2417  0.3176  0.4048  0.9993 1 
 43.5889  0.1448  1.4512  0.5532  0.4430  0.0557  0.4424  0.6356 -0.0003  0.9981 1 
 40.8850 -0.0960 -1.6667  0.2653  0.6984  0.0237  0.2700  0.3424 -0.0003  0.9739 1 
 45.7710  0.7545  0.9108  0.0295  0.4377  0.0361  0.4804  0.0135 -0.0003  0.2531 0 
 45.6550 -0.7554 -2.2375  0.0191  0.2200  0.0242  0.5681  0.0350 -0.0003  0.1636 0 
 45.1057 -0.3624  2.1807  0.0378  0.1661  0.0137  0.3507  0.0466 -0.0003  0.0679 0 
 40.3204  0.3816 -0.9229  0.0239  0.5109  0.1069  0.2710  0.0070  0.3582  0.6031 0 
 45.7740 -0.4905 -2.0358  0.0179  0.0571  0.0453  0.2620  0.0795 -0.0003  0.0696 0 
 43.1647  0.4890  1.0849  0.0052  0.3667  0.0636  0.3105  0.0131 -0.0003  0.1772 0 
 43.3204  0.1510  1.8312  0.1020  0.6574  0.1277  0.3988  0.1738 -0.0003  0.8280 0 
 40.1923 -0.1327 -1.3028  0.0150  0.1377  0.0532  0.1356  0.0257 -0.0003  0.1032 0 
 44.7333  0.5593  1.7309  0.0405  0.4902  0.0197  0.2636  0.0877 -0.0003  0.1784 0 
 37.5250 -0.5636 -1.4238  0.0013  0.1679  0.0439  0.3225  0.0336 -0.0003  0.0659 0 
 37.0642  0.1752  1.8867  0.1695  0.4353  0.0259  0.4623  0.1589  0.2146  0.9604 1 
 35.5352 -0.1578 -1.2888  0.2714  0.3321  0.0482  0.4210  0.1970  0.3918  0.9988 1 
 50.9621 -0.5766  1.8148  0.0313  0.2373  0.0684  0.1699  0.0060 -0.0003  0.2467 0 
 42.2644  0.6006 -1.3528  0.0054  0.4247  0.0590  0.4015  0.0209 -0.0003  0.1684 0 
 53.7758 -0.6373  1.5753  0.0025  0.5728  0.0527  0.2515  0.1046 -0.0003  0.2808 0 
 46.6102  0.6337 -1.5331  0.0667  0.2907  0.0355  0.3478  0.0569 -0.0003  0.2936 0 
 44.2664  0.0429  1.1147  0.0834  0.2007  0.0577  0.3966  0.2454 -0.0003  0.6324 0 
 32.8985 -0.0637 -2.0651  0.0188  0.2262  0.0097  0.0956  0.0001 -0.0003  0.1008 0 
 42.4506 -0.7752  2.0085  0.0460  0.5300  0.0254  0.4901  0.1002 -0.0003  0.4282 0 
 36.9024  0.7869 -1.1339  0.0184  0.3042  0.0409  0.4165  0.0724 -0.0003  0.1750 0 
 44.5777  0.7314 -2.1418  0.0438  0.1099  0.0467  0.4398  0.0877 -0.0003  0.1652 1 
 39.1394 -0.7282  1.0137  0.2315  0.6180  0.0215  0.3188  0.2082  0.2273  0.9606 1 
 45.1606 -0.4478  1.5442  0.0187  0.6781  0.0431  0.4383  0.0418 -0.0003  0.2464 0 
 43.5370  0.4394 -1.5937  0.0057  0.1422  0.0129  0.1328  0.0073 -0.0003  0.0509 0 
 41.9928 -0.3897  2.5389  0.0053  0.1660  0.1526  0.2681  0.0092 -0.0003  0.1036 0 
 38.2910  0.3662 -0.5394  0.0175  0.1600  0.1266  0.5040  0.0435 -0.0003  0.1487 0 
 51.2398 -0.6640 -2.6728  0.0169  0.3292  0.0126  0.2545  0.0091  0.0454  0.1171 0 
 46.8421  0.6613  0.4949  0.0154  0.8896  0.0331  0.4341  0.0209 -0.0003  0.2314 0 
 51.1147 -0.7565 -2.3825  0.0085  0.2029  0.1091  0.2971  0.0198 -0.0003  0.1196 0 
 42.8473  0.7732  0.6978  0.0051  0.3472  0.0212  0.3111  0.0126 -0.0003  0.0795 0 
 48.2856  0.5692  1.0279  0.1390  0.4466  0.0820  0.3876  0.1540 -0.0003  0.8400 1 
 38.5077 -0.5916 -2.0611  0.3262  0.4083  0.0510  0.1830  0.4113 -0.0003  0.9913 1 
 47.4464  0.1890 -1.5800  0.0386  0.1809  0.0768  0.2596  0.0837 -0.0003  0.2203 0 
 44.0131 -0.1479  1.5695  0.0391  0.5835  0.0141  0.1765  0.0253 -0.0003  0.1498 0 
 46.1799  0.1100 -1.8257  0.0656  0.0802  0.0258  0.3050  0.0490 -0.0003  0.0776 0 
 44.8096 -0.1218  1.3003  0.0507  0.3850  0.0279  0.3953  0.0313 -0.0003  0.2645 0 
 53.9773  0.0095  1.1570  0.0002  0.0444  0.0287  0.2512  0.0296 -0.0003  0.0434 0 
 46.5675 -0.0427 -2.0558  0.0352  0.4440  0.1148  0.3044  0.0215 -0.0003  0.2635 0 
 50.1778  0.3320  1.1051  0.0796  0.3483  0.0902  0.3838  0.0400 -0.0003  0.4235 0 
 49.0364 -0.3515 -2.0209  0.0300  0.2146  0.1171  0.2574  0.0441 -0.0003  0.1923 0 
 49.5918  0.1396 -2.2306  0.1794  0.1519  0.1315  0.5133  0.2220 -0.0003  0.9012 0 
 41.6022 -0.0942  0.8475  0.0104  0.4201  0.1699  0.2240  0.0081 -0.0003  0.2122 0 
 47.5685 -0.7284 -2.2971  0.0138  0.0780  0.0216  0.3892  0.0674 -0.0003  0.0556 0 
 31.9249  0.7131  0.8275  0.0141  0.2686  0.0240  0.2411  0.0070 -0.0003  0.0851 0 
 47.2267  0.7042 -1.6637  0.0151  0.2892  0.0840  0.5631  0.0462 -0.0003  0.2131 0 
 35.8495 -0.7152  1.4592  0.0050  0.2103  0.0318  0.4199  0.1376 -0.0003  0.1246 0 
 45.1057 -0.7563  1.2806  0.1199  0.4087  0.0656  0.3946  0.0659 -0.0003  0.6013 0 
 41.6052  0.7456 -1.8582  0.0650  0.7439  0.0128  0.2240  0.1008 -0.0003  0.3145 0 
 47.4739 -0.5339 -2.5345  0.0656  0.3287  0.1395  0.6489  0.0467  0.0561  0.5233 0 
 46.9184  0.5086  0.5888  0.0831  0.0813  0.0509  0.2604  0.1114 -0.0003  0.1798 0 
 46.1494 -0.2199 -1.1250  0.0566  0.1232  0.0426  0.2615  0.0212 -0.0003  0.1089 0 
 42.1607  0.2225  2.0153  0.0602  0.8433  0.0080  0.2232  0.0637 -0.0003  0.2792 0 
 47.0405 -0.1629  1.1458  0.1574  0.3857  0.0458  0.3469  0.0858 -0.0003  0.6841 1 
 27.5639  0.1553 -1.9888  0.5417  0.2684  0.0759  0.3525  0.3865  0.3903  0.9995 1 
 47.2236 -0.6069 -2.6555  0.0223  0.1195  0.0373  0.3466  0.0135 -0.0003  0.0755 0 
 44.3488  0.5793  0.4892  0.0416  0.2229  0.0240  0.1762  0.0980 -0.0003  0.1506 0 
 49.4697 -0.1448  1.8304  0.0280  0.4829  0.0964  0.5137  0.0230 -0.0003  0.2490 0 
 47.5685  0.1564 -1.3312  0.0441  0.2209  0.0240  0.4324  0.0197 -0.0003  0.1610 0 
 52.6833 -0.0056 -0.5738  0.0144  0.1251  0.0446  0.3370  0.1208 -0.0003  0.1042 0 
 48.6397  0.0026  2.5428  0.0449  0.3304  0.0507  0.3009  0.0869 -0.0003  0.3242 0 
 48.1392 -0.7473  0.3228  0.0938  0.3016  0.0877  0.3880  0.1277 -0.0003  0.6121 1 
 43.8575  0.7576 -2.8065  0.5337  0.6360  0.1367  0.5300  0.6397 -0.0003  0.9984 1 
 49.5979  0.2656 -1.3189  0.0052  0.1793  0.2954  0.1283  0.0104 -0.0003  0.1712 0 
 46.9215 -0.2557  1.8035  0.0331  0.5480  0.1250  0.3038  0.0186 -0.0003  0.2676 0 
 43.3021 -0.4460  2.8667  0.1942  0.5543  0.1180  0.4432  0.2178  0.3439  0.9777 1 
 33.0632  0.5092 -0.2350  0.1400  0.1958  0.0739  0.3342  0.1588  0.5410  0.9948 1 
 48.0049 -0.4275  1.4540  0.0039  0.5369  0.0400  0.2157  0.0429 -0.0003  0.1824 0 
 46.1372  0.4727 -1.7251  0.0500  0.6586  0.0295  0.3051  0.1484 -0.0003  0.4462 0 
 50.5013 -0.3316  1.3614  0.0005  0.3852  0.0532  0.5535 -0.0200 -0.0003  0.1657 0 
 35.0164  0.3552 -1.7411  0.0096  0.7062  0.0161  0.1879  0.0119 -0.0003  0.1363 0 
 40.8331 -0.0389 -0.1383  0.4328  0.3685  0.0645  0.3602  0.2612  0.3271  0.9981 1 
 38.1109  0.0336  2.9805  0.6133  0.4016  0.0299  0.4587  0.5776  0.2591  0.9995 1 
 44.1291  0.6252  1.4546  0.0044  0.1404  0.0145  0.3969  0.0738 -0.0003  0.0471 0 
 39.9023 -0.6223 -1.6886  0.0052  0.1847  0.0241  0.1359  0.0052 -0.0003  0.0757 0 
 46.7781  0.0282  1.6382  0.1225  0.7045  0.1100  0.5646  0.0786 -0.0003  0.6737 1 
 39.8627 -0.0274 -1.5443  0.1623  0.3152  0.0645  0.2719  0.2564  0.5369  0.9986 1 
 52.4727 -0.6853  2.8372  0.0247  0.2041  0.0341  0.3795  0.0342 -0.0003  0.1076 0 
 42.2461  0.6797 -0.3249  0.0194  0.4248  0.0193  0.2677  0.0052  0.0579  0.2012 0 
 42.1729  0.5642 -0.3138  0.2018  0.4054  0.0507  0.3571  0.0981  0.0373  0.8106 1 
 37.7966 -0.5500  2.7726  0.1255  0.6789  0.0140  0.5057  0.1987 -0.0003  0.8053 1 
 46.2257 -0.7097 -0.6476  0.0854  0.4024  0.0533  0.1742  0.0497 -0.0003  0.5325 0 
 44.9378  0.7295  2.4652  0.1097  0.3047  0.0418  0.3950  0.1358 -0.0003  0.6405 0 
 43.6133 -0.4813 -0.6757  0.1338  0.3530  0.0594  0.3981  0.1021 -0.0003  0.6759 0 
 41.0010  0.4996  2.4848  0.0377  0.7645  0.0179  0.3148  0.0789 -0.0003  0.2343 0 
 50.0008 -0.6315 -1.1967  0.0140  0.4243  0.1367  0.4269  0.0248 -0.0003  0.2129 0 
 43.9521  0.6402  1.8711  0.1296  0.2257  0.0452  0.1766  0.0013 -0.0003  0.4326 0 
 44.7700  0.6624 -0.4538  0.0492  0.2410  0.1230  0.2196  0.1011 -0.0003  0.4194 0 
 35.7366 -0.6769  2.6864  0.0542  0.8075  0.0186  0.3736  0.0615 -0.0003  0.3272 0 
 43.2990 -0.1391 -2.8627  0.0245  0.2154  0.0679  0.2659  0.0801 -0.0003  0.1903 0 
 41.3458  0.1859  0.2187  0.0532  0.4528  0.1340  0.3589  0.0948  0.2230  0.6976 0 
 46.9062  0.4097  0.0739  0.0000 -1.0000  0.0000  0.0000 -0.0200 -0.0003  0.1782 0 
 38.0499 -0.4274 -3.0733  0.0005  0.5786  0.0270  0.4130  0.0817 -0.0003  0.1340 0 
 45.8381 -0.2454 -2.1772  0.0792  0.1626  0.0535  0.3929  0.0572 -0.0003  0.2808 0 
 44.4526  0.2376  0.9292  0.0445  0.2225  0.0270  0.2201  0.0370 -0.0003  0.1130 0 
 55.8328  0.3793  0.0115  0.0020  0.4328  0.0384  0.2076  0.0440 -0.0003  0.1472 0 
 45.0416 -0.3663  3.1330  0.0270  0.3177  0.0203  0.4824  0.0347 -0.0003  0.1689 0 
 42.4750  0.7101  2.0868  0.0117  0.1891  0.1274  0.3118  0.1745 -0.0003  0.2532 0 
 40.3265 -0.7197 -1.0877  0.0063  0.4112  0.0250  0.2710  0.0202 -0.0003  0.1016 0 
 45.2399 -0.7846 -2.0978  0.0196  0.4878  0.1531  0.6571  0.0331  0.0968  0.3964 0 
 28.7999  0.7354  1.0276  0.0295  0.2284  0.0356  0.3479  0.0805 -0.0003  0.1433 0 
 45.2644  0.5611  2.8934  0.0926  0.3030  0.0278  0.2190  0.0887  0.1663  0.6963 0 
 44.0558 -0.5441 -0.2394  0.0883 -1.0000  0.0262  0.0882  0.0137 -0.0003  0.0935 0 
 47.7760  0.1269 -2.4042  0.1349  0.1758  0.0392  0.3455  0.2715 -0.0003  0.7393 0 
 42.4964 -0.1185  0.7446  0.0564  0.2364  0.0198  0.2672  0.0640  0.1432  0.4749 0 
 44.8951 -0.4744 -0.7631  0.0286  0.1463  0.0790  0.3073  0.0267 -0.0003  0.1186 0 
 35.8618  0.4138  2.4056  0.0424  0.5037  0.1607  0.6998  0.0414 -0.0003  0.3520 0 
 44.1047  0.6865 -2.4837  0.3953  0.3361  0.0454  0.4851  0.4814 -0.0003  0.9965 1 
 32.1691 -0.7280  0.6404  0.1600  0.2269  0.0231  0.2406  0.2849  0.2997  0.9928 1 
 53.1533 -0.3509  1.5072  0.0461  0.5737  0.0242  0.2942  0.0248 -0.0003  0.2320 0 
 40.1953  0.4027 -1.6123  0.0695  0.2476  0.0596  0.3165  0.1463  0.1978  0.7191 0 
 41.8921  0.6571  1.8097  0.1938  0.5269  0.0187  0.4918  0.3028 -0.0003  0.9332 1 
 36.0540 -0.6611 -1.2618  0.0703  0.3808  0.0597  0.4658  0.1911  0.1279  0.8036 1 
 46.1830  0.3290  0.8769  0.0381  0.1527  0.1141  0.2614  0.0710 -0.0003  0.1764 0 
 38.7854 -0.2045 -2.2378  0.1008  0.2199  0.0388  0.1826  0.0875 -0.0003  0.3781 0 
 52.4300 -0.2860  2.1644  0.0895  0.3391  0.0458  0.5061  0.1725 -0.0003  0.6906 0 
 41.3581  0.3103 -0.9729  0.1610  0.3321  0.0278  0.2692  0.1424 -0.0003  0.6515 0 
 67.1275  0.2626  2.6009  0.0019  0.2623  0.0201  0.4367  0.1882 -0.0003  0.1580 0 
 44.9195 -0.2740 -0.5516  0.0626  0.2331  0.0196  0.3511  0.0112 -0.0003  0.1626 0 
 53.6599  0.7729 -2.6525  0.0072  0.0927  0.0953  0.2516  0.0056 -0.0003  0.0732 0 
 43.8666 -0.7519  0.5007  0.0487  0.4237  0.0329  0.1767  0.0202 -0.0003  0.2556 0 
 50.8675 -0.4761 -1.3096  0.0927  0.2474  0.1184  0.5100  0.1874 -0.0003  0.7457 1 
 38.6999  0.4734  1.8383  0.8092  0.7753  0.0154  0.5025  0.6430 -0.0003  0.9980 1 
 42.9419 -0.0603  2.9040  0.1383  0.4229  0.1478  0.5330  0.3583  0.1853  0.9804 1 
 42.8107  0.0968 -0.2218  0.0198  0.7475  0.0431  0.4001  0.0014  0.1252  0.4032 1 
 52.1035  0.6903 -1.7795  0.3786  0.5668  0.0508  0.2535  0.4450 -0.0003  0.9959 0 
 49.1463 -0.6876  1.3367  0.0036  0.6447  0.0661  0.4716  0.0303 -0.0003  0.1924 0 
 48.5359  0.2448  0.7313  0.0947  0.1420  0.0314  0.4732  0.1451 -0.0003  0.4357 1 
 45.0233 -0.2475 -2.3868  0.1796  0.1714  0.0404  0.2632  0.3216 -0.0003  0.8387 1 
 47.4708 -0.5911  2.5373  0.1073  0.1294  0.0362  0.3029  0.1540 -0.0003  0.3990 0 
 45.5756  0.5880 -0.6006  0.0279  0.4999  0.0212  0.3498  0.0131 -0.0003  0.1690 0 
 48.1086  0.0660 -2.9202  0.0146  0.1362  0.0193  0.2156  0.0165 -0.0003  0.0453 0 
 45.1179 -0.0582  0.2194  0.0190  0.3399  0.0183  0.2630  0.0084 -0.0003  0.0956 0 
 45.9907  0.5098 -0.9943  0.0075  0.4447  0.0240  0.1745  0.0107 -0.0003  0.1439 0 
 44.8127 -0.4921  2.1358  0.0261  0.3102  0.0242  0.3953  0.1102 -0.0003  0.1754 0 
 49.9367  0.7521 -2.1906  0.0046  0.5263  0.0240  0.2562  0.0237 -0.0003  0.1175 0 
 46.9825 -0.7513  0.9678  0.0134  0.1623  0.0431  0.2603  0.0851 -0.0003  0.0855 0 
 45.0172  0.3252  2.6118  0.0931  0.3510  0.0198  0.4825  0.1605 -0.0003  0.6156 0 
 41.4282 -0.3270 -0.5458  0.0403  0.1119  0.0680  0.4036  0.0270 -0.0003  0.1247 0 
 45.6489 -0.0459 -2.8992  0.0089  0.3101  0.0653  0.3934  0.1256  0.1517  0.4265 0 
 45.3651  0.0497  0.2303  0.0613  0.5623  0.0408  0.4378  0.0567 -0.0003  0.4723 0 
 49.9001  0.0588 -1.1972  0.0153  0.3285  0.0396  0.1708  0.0037 -0.0003  0.2000 0 
 46.2928 -0.0387  1.9408  0.0170  0.8688  0.0354  0.2613  0.0024 -0.0003  0.2749 0 
 52.8511 -0.4105 -0.6654  0.0046  0.4255  0.0852  0.5051  0.0342 -0.0003  0.1773 0 
 45.1301  0.3954  2.4581  0.0319  0.1820  0.0307  0.2630  0.0233 -0.0003  0.0835 0 
 47.4495  0.3001  0.2189  0.8874  0.4494  0.0602  0.6058  0.7570 -0.0003  0.9979 1 
 44.3458 -0.3072 -2.9070  0.2079  0.2256  0.0309  0.6166  0.3447 -0.0003  0.9676 1 
 50.3700 -0.2154  1.6394  0.0016  0.2838  0.1220  0.3835  0.1127  0.2756  0.4764 0 
 45.6519  0.2023 -1.5275  0.0999  0.2170  0.0137  0.2622  0.0626 -0.0003  0.1744 0 
 46.8757 -0.6460  2.1349  0.2776  0.4802  0.0248  0.3907  0.2795 -0.0003  0.9504 1 
 46.2684  0.6475 -1.0060  0.1837  0.1190  0.0393  0.6968  0.1662 -0.0003  0.8715 1 
 46.1524 -0.4757 -2.7552  0.0084  0.1848  0.0786  0.3051  0.0381 -0.0003  0.1090 0 
 41.3947  0.4843  0.4092  0.0103  0.1069  0.0454  0.3140  0.0554  0.4452  0.8889 0 
 49.6895  0.5214  1.6562  0.0553  0.2499  0.1222  0.4703  0.0578 -0.0003  0.3329 0 
 45.1087 -0.5029 -1.4649  0.0264  0.1414  0.0346  0.5700  0.1548 -0.0003  0.2441 0 
 49.5125 -0.4430 -1.0828  0.4362  0.1232  0.0475  0.4708  0.7059 -0.0003  0.9969 1 
 32.5933  0.4576  2.0687  0.3886  0.0944  0.0718  0.2396  0.4599 -0.0003  0.9850 1 
 46.7048  0.5879  1.3108  0.0123  0.5201  0.0783  0.3910  0.0528 -0.0003  0.2171 0 
 43.6408 -0.5982 -1.8621  0.0569  0.3280  0.1267  0.5307  0.0643 -0.0003  0.3808 0 
 51.1482  0.5673  0.2088  0.0093  0.2852  0.0764  0.2122  0.0554  0.0861  0.3135 0 
 42.6001 -0.5816 -2.9225  0.0470  0.1999  0.0216  0.3561  0.0729 -0.0003  0.1303 0 
 42.9603 -0.7084 -0.9973  0.0070  0.6997  0.0572  0.6218  0.0279 -0.0003  0.2301 0 
 31.2535  0.7107  2.1321  0.0521  0.3909  0.0550  0.2911  0.0484 -0.0003  0.3640 0 
 56.0647  0.3581 -1.0025  0.0044  0.5829  0.0324  0.2903  0.0045 -0.0003  0.1782 0 
 48.2368 -0.3643  2.1309  0.1065  0.0585  0.0434  0.3016  0.0847 -0.0003  0.1427 0 
 48.5542 -0.5126  1.4364  0.0126  0.4939  0.0416  0.4301  0.0258 -0.0003  0.1898 0 
 45.3803  0.5163 -1.7132  0.0214  0.4267  0.0350  0.4377  0.0128 -0.0003  0.2060 0 
 44.5258  0.0764  1.3810  0.0353  0.2130  0.1211  0.2200  0.0109 -0.0003  0.1955 0 
 41.1292 -0.1062 -1.7561  0.0131  0.0591  0.0767  0.1348  0.0119 -0.0003  0.1005 0 
 47.8767  0.7446  0.4952  0.2474  0.3918  0.1096  0.8634  0.3599 -0.0003  0.9950 1 
 35.9136 -0.7704 -2.5995  0.0328  0.6681  0.0236  0.4197  0.0176 -0.0003  0.2533 1 
 49.7292  0.5499  1.1999  0.0160  0.3644  0.0257  0.4275  0.0475 -0.0003  0.1360 0 
 44.5197 -0.5455 -1.9394  0.0887  0.0750  0.3365  0.3079  0.0624 -0.0003  0.2312 0 
 49.4423 -0.7175  1.0888  0.0529  0.4603  0.1724  0.5994  0.0257  0.1202  0.5190 0 
 46.3478  0.7252 -2.0951  0.0100  0.2831  0.0981  0.2177  0.0043 -0.0003  0.1972 0 
 48.8472 -0.1309  1.4809  0.3877  0.1791  0.0948  0.3006  0.3450  0.0856  0.9919 0 
 41.0681  0.1385 -1.6547  0.0436  0.4050  0.0317  0.4495  0.0670 -0.0003  0.3195 0 
 46.7414 -0.0861  1.1824  0.0320  0.2372  0.0204  0.3041  0.0595 -0.0003  0.0871 0 
 45.1179  0.1001 -1.9588  0.0275  0.0777  0.0130  0.1315  0.0606 -0.0003  0.0460 0 
 49.0089  0.2063  2.2812  0.2776  0.2066  0.0747  0.4720  0.3308 -0.0003  0.9860 1 
 44.6418 -0.1863 -0.8499  0.5821  0.2774  0.0614  0.2638  0.4901  0.2339  0.9983 1 
 53.1899  0.7617 -0.7994  0.0159  0.3161  0.0356  0.3782  0.1214 -0.0003  0.1879 0 
 46.3508 -0.7305  2.3085  0.0060  0.1184  0.0184  0.3483  0.1522 -0.0003  0.0722 0 
 47.2053  0.5560 -0.1671  0.0145  0.6614  0.0303  0.2600  0.0606 -0.0003  0.1730 0 
 45.9266 -0.5661  2.9877  0.0267  0.3198  0.0605  0.5236  0.0395 -0.0003  0.2484 0 
 48.0598 -0.7245  2.9784  0.0089  0.0955  0.0197  0.3450  0.0289  0.0922  0.1192 0 
 41.3001  0.6987 -0.2011  0.0050  0.7207  0.0537  0.4488  0.0483 -0.0003  0.2129 0 
 46.9123 -0.1538  0.7872  0.0404  0.1861  0.0363  0.3038  0.0544 -0.0003  0.1214 0 
 36.3653  0.1032 -2.4250  0.0250  0.1746  0.0771  0.3718 -0.0200  0.1786  0.2078 0 
 47.6112  0.4424 -0.6462  0.0028  0.3415  0.0463  0.2594  0.0876 -0.0003  0.1453 0 
 46.1067 -0.4444  2.5647  0.0567  0.3688  0.0924  0.3487  0.0276 -0.0003  0.3378 0 
 50.0984 -0.2264  2.5180  0.0103  0.2313  0.0528  0.2133  0.0900 -0.0003  0.1480 0 
 46.5797  0.2272 -0.6076  0.1045  0.3605  0.0122  0.2174  0.0788 -0.0003  0.2400 0 
 45.8412 -0.4113 -2.7206  0.2915  0.5975  0.0526  0.4802  0.3504 -0.0003  0.9897 1 
 39.1302  0.4129  0.3570  0.1239  0.2726  0.0571  0.4099  0.2191  0.1682  0.9059 1 
 42.1393 -0.4301  1.5302  0.4332  0.4324  0.0377  0.4911  0.5469 -0.0003  0.9974 1 
 42.1363  0.4397 -1.6021  0.1071  0.5635  0.0386  0.4018  0.3914 -0.0003  0.9310 1 
 44.2451  0.6683 -0.7910  0.0308  0.0575  0.0389  0.2644  0.2154 -0.0003  0.1604 0 
 44.2023 -0.6783  2.3177  0.0084  0.2148  0.0279  0.3085  0.0798 -0.0003  0.0665 0 
 45.7465  0.4230  1.4593  0.0413  0.7883  0.0769  0.6115  0.0720 -0.0003  0.4299 0 
 38.6267 -0.3908 -1.6874  0.0137  0.1349  0.1905  0.3656  0.0016 -0.0003  0.1101 0 
 48.5481 -0.4566  2.2319  0.0072  0.4361  0.0961  0.4732  0.0291  0.0889  0.2589 0 
 45.8320  0.4719 -0.8862  0.0754  0.4656  0.1344  0.7422  0.1013 -0.0003  0.6130 0 
 50.5257 -0.3004 -2.5591  0.0034  0.5816  0.1757  0.6812  0.1049 -0.0003  0.2973 0 
 39.8749  0.2908  0.6065  0.0078  0.0923  0.0410  0.3172  0.0242  0.2899  0.4386 0 
 43.9124 -0.0922  1.3227  0.0155  0.2108  0.0746  0.3091  0.0189 -0.0003  0.1365 0 
 42.2858  0.1281 -1.7830  0.0707  0.0501  0.0185  0.1784  0.0689 -0.0003  0.0577 0 
 57.2091 -0.5171  1.3866  0.0040  0.2942  0.2247  0.8254  0.1275 -0.0003  0.4486 0 
 48.3711  0.5648 -1.7696  0.0153  0.2460  0.0366  0.3014  0.1922 -0.0003  0.2571 0 
 49.3385 -0.1260  2.0257  0.0507  0.5482  0.1761  0.5568  0.1141 -0.0003  0.4109 1 
 45.2857  0.1405 -1.0951  0.4854  0.2885  0.0536  0.3942 -0.0200 -0.0003  0.9636 1 
 45.6153  0.7668 -0.0845  0.0603  0.1213  0.1058  0.3497  0.2122 -0.0003  0.4279 0 
 39.9054 -0.7612 -3.1027  0.0681  0.4561  0.1793  0.5436  0.0229 -0.0003  0.3708 0 
 47.2908  0.5364  1.4789  0.0932  0.6344  0.0284  0.3897  0.1232 -0.0003  0.6627 0 
 45.2003 -0.5561 -1.7032  0.1822  0.0726  0.1279  0.3506  0.1364 -0.0003  0.5510 0 
 46.2043 -0.2878 -3.0965  0.0703  0.4564  0.0283  0.3485  0.0497 -0.0003  0.3652 0 
 45.4383  0.2770  0.0451  0.0505  0.3800  0.0199  0.3501  0.0645 -0.0003  0.1970 0 
 47.6997 -0.7699  2.1335  0.2688  0.1843  0.0545  0.6049  0.2142 -0.0003  0.9548 1 
 39.9146  0.7591 -1.0416  0.3761  0.4503  0.0576  0.3624  0.4340 -0.0003  0.9962 1 
 56.2112 -0.0470  1.6793  0.0000  0.2240  0.0318  0.1658 -0.0200 -0.0003  0.1220 0 
 47.8035 -0.0033 -1.5618  0.0604  0.5459  0.2161  0.6478  0.0137 -0.0003  0.3771 0 
 47.3457 -0.7247 -0.0015  0.0083  0.5972  0.0521  0.4329  0.0327 -0.0003  0.1924 0 
 42.3407  0.7303  3.1146  0.0241  0.2542  0.0981  0.4904  0.0806 -0.0003  0.2441 0 
 42.8626 -0.2753 -1.3502  0.1272  0.6461  0.0360  0.4444  0.2004 -0.0003  0.8821 1 
 38.8983  0.2249  1.7645  0.0728  0.2299  0.0406  0.4562  0.2010 -0.0003  0.5389 1 
 46.5858  0.5559 -0.5384  0.0627  0.1424  0.0243  0.3043  0.0203  0.0965  0.3039 0 
 43.4638 -0.5615  2.6279  0.0230  0.3047  0.0431  0.2656  0.1514 -0.0003  0.2870 0 
 50.2937  0.0236  1.9279  0.3633  0.5314  0.0315  0.4689  0.2466 -0.0003  0.9657 0 
 41.6571 -0.0074 -1.1859  0.0699  0.2981  0.0792  0.5821  0.0360 -0.0003  0.4235 0 
 54.1146 -0.7233  2.9547  0.0305  0.4651  0.0625  0.3766  0.0927 -0.0003  0.3483 0 
 38.5077  0.7135 -0.1243  0.0023  0.2160  0.0371  0.3202  0.1111 -0.0003  0.0896 0 
 57.6944  0.2570  1.9298  0.0392  0.6396  0.1323  0.2059  0.0773 -0.0003  0.4252 0 
 48.4962 -0.2384 -1.1980  0.0024  0.2633  0.0125  0.2151  0.0808 -0.0003  0.0577 0 
 48.0659 -0.4183 -2.1348  0.1046  0.5822  0.0639  0.2587  0.1304 -0.0003  0.8127 1 
 36.0235  0.3552  1.0449  0.0921  0.1740  0.1700  0.3728  0.0964 -0.0003  0.4374 1 
 50.3914  0.6019 -1.7801  0.0145  0.3573  0.0857  0.5112  0.0340 -0.0003  0.2013 0 
 46.3050 -0.5871  1.3817  0.0774  0.2588  0.1242  0.3484  0.1989 -0.0003  0.6916 0 
 46.8757  0.6684  2.6753  0.0126  0.5132  0.0799  0.5209  0.0843 -0.0003  0.2485 0 
 40.2441 -0.6695 -0.4597  0.1375  0.0941  0.0191  0.0904  0.1592 -0.0003  0.3271 0 
 52.7810 -0.3574  3.1006  0.0306  0.2453  0.0414  0.1684  0.0179 -0.0003  0.1721 0 
 35.7031  0.3668 -0.0458  0.0006  0.2602  0.0044  0.1869  0.0790 -0.0003  0.0552 0 
 52.8237 -0.6918 -2.5849  0.0250  0.3587  0.1772  0.2526  0.0364 -0.0003  0.2620 0 
 47.1168  0.6929  0.5553  0.0011  0.3863  0.0090  0.3901  0.0617 -0.0003  0.0604 0 
 47.1504 -0.5562  1.6491  0.0217  0.2327  0.0490  0.3901  0.0287 -0.0003  0.1452 0 
 45.0324  0.5657 -1.4649  0.0289  0.4730  0.0146  0.2193  0.0107 -0.0003  0.1279 0 
 48.7373  0.7878  1.9808  0.0054  0.4146  0.0426  0.2578  0.1822  0.3116  0.7525 0 
 36.4416 -0.7861 -1.1356  0.0240  0.6818  0.0217  0.3716  0.0811 -0.0003  0.1993 0 
 54.7372  0.5772  1.0639  0.0063  0.1191  0.0414  0.3338  0.0568 -0.0003  0.0620 0 
 45.4261 -0.5937 -2.0790  0.0094  0.4254  0.0199  0.3501  0.0549 -0.0003  0.0923 0 
 46.3264  0.1183 -2.6648  0.0100  0.3343  0.0675  0.2177  0.0079 -0.0003  0.2279 0 
 41.2482 -0.0802  0.4027  0.0124  0.2123  0.1039  0.4041  0.0131 -0.0003  0.1319 0 
 45.0294  0.3930 -1.8364  0.1092  0.6038  0.0464  0.4386  0.0248 -0.0003  0.6429 0 
 36.5515 -0.4130  1.3908  0.0003  0.3217  0.1243  0.2320  0.0001 -0.0003  0.1710 0 
 48.0232 -0.5892  2.6886  0.6075  0.6083  0.0237  0.4745  0.8112 -0.0003  0.9984 1 
 47.6326  0.5896 -0.4669  0.3145  0.5686  0.0506  0.2161  0.3227 -0.0003  0.9863 1 
 50.5531  0.6612 -0.9861  0.0520  0.3566  0.1615  0.4257  0.0803 -0.0003  0.3584 0 
 43.3875 -0.6604  2.1828  0.0410  0.1330  0.0287  0.0886  0.0021 -0.0003  0.1123 0 
 52.1492 -0.3563 -1.3723  0.0419  0.7178  0.0866  0.3379  0.0068 -0.0003  0.3025 0 
 43.3509  0.3574  1.7393  0.0618  0.1543  0.0205  0.3988  0.0663 -0.0003  0.1553 0 
 44.6204 -0.1331  0.0403  0.4934  0.4159  0.0889  0.1759  0.6166 -0.0003  0.9980 1 
 37.4884  0.1245 -3.1104  0.2355  0.6134  0.0283  0.3686  0.1823  0.2366  0.9725 1 
 46.4759  0.7213 -0.0819  0.0399  0.2130  0.0196  0.3045  0.0063 -0.0003  0.0940 0 
 44.5930 -0.7201  3.0684  0.0031  0.2988  0.0372  0.4837  0.0483  0.0812  0.2197 0 
 43.0274  0.4187  1.2875  0.1330  0.3223  0.1212  0.6659  0.0883 -0.0003  0.7141 1 
 35.8068 -0.4352 -1.8853  0.1156  0.3941  0.0247  0.3734  0.2156 -0.0003  0.7293 1 
 38.7060 -0.7887  2.3321  0.0079  0.1811  0.0289  0.3654  0.1006 -0.0003  0.0776 0 
 35.3124  0.7893 -0.7832  0.0624  0.1978  0.0367  0.3748  0.0690 -0.0003  0.2325 0 
 47.5654 -0.0355 -3.1308  0.0463  0.2177  0.0527  0.3892  0.0283 -0.0003  0.2115 0 
 38.3520  0.1172  0.0219  0.0410  0.4141  0.0559  0.1832  0.1608 -0.0003  0.5244 0 
 41.7365 -0.7775 -2.6837  0.0790  0.4942  0.0317  0.4028  0.0859  0.1495  0.6970 1 
 30.8110  0.7226  0.5021  0.0299  0.4986  0.0429  0.4385  0.0628  0.1445  0.5277 1 
 43.4699  0.6932  1.8670  0.0237  0.4039  0.0900  0.6198  0.1097 -0.0003  0.3410 0 
 43.2258 -0.6950 -1.2772  0.0285  0.7036  0.0300  0.4877  0.0626 -0.0003  0.3106 0 
 43.2685  0.4415 -2.9704  0.0052  0.0893  0.0188  0.3103  0.0215 -0.0003  0.0389 0 
 43.2319 -0.4477  0.1932  0.0159  0.1669  0.0769  0.3547  0.1094 -0.0003  0.1531 0 
 46.4820 -0.5350  2.3021  0.0059  0.2147  0.0577  0.2610  0.0309 -0.0003  0.1057 0 
 30.5638  0.4974 -0.8177  0.0695  0.1563  0.0238  0.2442  0.0324 -0.0003  0.1081 0 
 47.2786  0.7401 -1.7204  0.0131  0.3045  0.1420  0.6063  0.1205 -0.0003  0.3142 0 
 36.2188 -0.7345  1.3633  0.0100  0.3374  0.0766  0.4652  0.0198  0.4571  0.6704 0 
 39.1913 -0.5912  1.5563  0.0186  0.3815  0.0953  0.3187  0.1856 -0.0003  0.4483 1 
 29.8558  0.5991 -1.5834  0.2168  0.6612  0.0151  0.4425  0.2508 -0.0003  0.9082 1 
 46.8910 -0.1064  0.1671  0.0407  0.5788  0.0437  0.5208  0.0248 -0.0003  0.3299 0 
 45.1911  0.1245 -2.9739  0.0706  0.6282  0.0860  0.5697  0.0867 -0.0003  0.4971 0 
 47.5502 -0.7774 -1.6311  0.0750  0.4059  0.0498  0.5189  0.0439 -0.0003  0.4720 0 
 36.0174  0.7662  1.5019  0.0005  0.1391  0.0680  0.2796  0.0584  0.1058  0.1351 0 
 47.7760 -0.7149  3.1013  0.0081  0.6979  0.0281  0.3887  0.0764 -0.0003  0.1689 0 
 46.9978  0.7022 -0.0263  0.0048  0.1835  0.0246  0.2602  0.0290 -0.0003  0.0474 0 
 40.8606 -0.1185  1.8453  0.1314  0.2071  0.0100  0.3151  0.1824 -0.0003  0.4309 0 
 25.0706  0.1186 -1.3112  0.0128  0.2786  0.0184  0.2592  0.0014 -0.0003  0.0766 0 
 45.5665 -0.7677  0.5305  0.0011  0.5787  0.0672  0.3935  0.0574 -0.0003  0.1887 0 
 38.6877  0.7036 -2.7510  0.0165  0.3482  0.1469  0.7766  0.0305 -0.0003  0.3178 0 
 46.3355  0.2817 -0.0117  0.0090  0.1804  0.0359  0.3483  0.0357 -0.0003  0.0700 0 
 42.0325 -0.2775  3.1364  0.0010  0.1227  0.0061  0.1787  0.0283 -0.0003  0.0331 0 
 49.4331  0.1636  2.3781  0.0692  0.1948  0.0456  0.3853  0.0652 -0.0003  0.2774 0 
 46.2348 -0.1424 -0.7578  0.1497  0.4704  0.0111  0.3049  0.1049 -0.0003  0.4635 0 
 51.0903 -0.1725  2.7857  0.0784  0.1951  0.1406  0.2972  0.0325 -0.0003  0.3173 0 
 49.7475  0.2148 -0.3547  0.0778  0.5616  0.0517  0.6412  0.2086 -0.0003  0.7834 0 
 43.3600  0.5816  1.9139  0.0130  0.2823  0.0297  0.2658  0.0919 -0.0003  0.1034 0 
 40.5127 -0.6323 -1.1996  0.0448  0.5497  0.1087  0.4511  0.0213 -0.0003  0.2928 0 
 53.0129 -0.0842  2.5918  0.0172  0.2388  0.0934  0.2524  0.0239 -0.0003  0.1733 0 
 46.0090  0.0811 -0.5416  0.0204  0.1082  0.1960  0.3925  0.0842 -0.0003  0.1146 0 
 54.1024 -0.7051 -0.4447  0.0293  0.6333  0.0399  0.2092  0.0338 -0.0003  0.2870 0 
 44.5167  0.6939  2.7086  0.0676  0.0935  0.0655  0.1320  0.0176 -0.0003  0.1379 0 
 44.2145  0.5669 -0.8053  0.0160  0.3499  0.0594  0.5289  0.0573 -0.0003  0.2236 0 
 42.1607 -0.5480  2.3477  0.0813  0.4868  0.0501  0.4910  0.0964 -0.0003  0.5958 0 
 44.3305  0.0823 -0.3980  0.0184  0.2093  0.0227  0.2643  0.0112 -0.0003  0.0658 0 
 36.4782 -0.0896  2.7667  0.0060  0.1802  0.0358  0.2786  0.0097 -0.0003  0.0685 0 
 51.0109 -0.1175  0.1251  0.0852  0.2850  0.0220  0.3398  0.0425 -0.0003  0.2613 0 
 45.7191  0.1210 -3.0235  0.0163  0.3996  0.0109  0.2621  0.0148 -0.0003  0.0836 0 
 55.3231 -0.2551 -1.5961  0.6267  0.1653  0.0623  0.4161  0.6662 -0.0003  0.9951 1 
 46.1982  0.2629  1.5456  0.2491  0.5358  0.0457  0.3485  0.3883 -0.0003  0.9874 1 
 47.3487 -0.2843  2.4062  0.0107  0.1978  0.1763  0.3463  0.0313 -0.0003  0.1435 0 
 33.6492  0.2634 -0.6711  0.0538  0.2316  0.0153  0.4750  0.1153 -0.0003  0.2709 0 
 48.3314  0.3498  2.4462  0.0479  0.2926  0.0396  0.3014  0.0501 -0.0003  0.2205 0 
 32.6848 -0.3248 -0.6912  0.0260  0.1545  0.0085  0.2395  0.0109 -0.0003  0.0421 0 
 45.9205  0.6826 -1.3447  0.0541  0.2808  0.0116  0.3928  0.0599 -0.0003  0.1555 0 
 43.9612 -0.6826  1.7970  0.0189  0.1328  0.0288  0.3973  0.0204 -0.0003  0.0727 0 
 62.3575  0.6519 -2.1712  0.0416  0.7654  0.0554  0.2424  0.0483 -0.0003  0.4937 0 
 44.8951 -0.6801  1.0230  0.0266  0.2117  0.0625  0.3951  0.0679 -0.0003  0.1810 0 
 44.5106 -0.4100 -2.6221  0.0151  0.4955  0.0393  0.3080  0.0164 -0.0003  0.1987 0 
 41.5412  0.4120  0.5318  0.0010  0.0859  0.0506  0.2689  0.1689 -0.0003  0.1092 0 
 49.2042 -0.0283  1.3617  0.0151  0.1702  0.0726  0.6001  0.0300 -0.0003  0.1694 0 
 42.2705  0.0474 -1.8037  0.0223  0.4774  0.0173  0.1338  0.0172 -0.0003  0.1446 0 
 42.9755 -0.0766 -2.9009  0.0279  0.3921  0.0878  0.6217  0.0233 -0.0003  0.2761 0 
 22.9007  0.0546  0.2222  0.0089  0.2257  0.0171  0.1600  0.0278  0.2160  0.6641 0 
 49.0425  0.4562  1.7249  0.0526  0.3695  0.0654  0.5577  0.0285 -0.0003  0.3654 0 
 44.0711 -0.4302 -1.4139  0.0451  0.2489  0.0192  0.3088  0.0512 -0.0003  0.1102 0 
 45.8289 -0.5512 -1.1368  0.1388  0.5089  0.0333  0.3056  0.0959  0.1779  0.8055 1 
 40.2197  0.5489  1.9793  0.8359  0.5336  0.0714  0.3164  0.5168  0.5381  0.9990 1 
 39.1821  0.3848 -0.5510  0.2523  0.6886  0.0596  0.3187  0.3738 -0.0003  0.9897 1 
 35.5383 -0.3934  2.5900  0.2301  0.0872  0.0401  0.3274  0.1431  0.4353  0.9976 1 
 52.6772  0.7671  2.5906  0.0086  0.5548  0.1422  0.4213  0.0245 -0.0003  0.2291 0 
 43.4150 -0.7138 -0.6040  0.0039  0.5625  0.1318  0.4872  0.0803 -0.0003  0.2507 0 
 53.2937 -0.4479 -2.2802  0.0015  0.0314  0.0872  0.2940  0.1645 -0.0003  0.1019 0 
 32.4132  0.4914  0.7886  0.0142  0.2863  0.0137  0.2401  0.0319 -0.0003  0.0615 0 
 47.6997 -0.3962 -1.7850  1.1015  0.3458  0.0935  0.4753  0.7675 -0.0003  0.9965 1 
 42.2400  0.3836  1.3533  0.0826  0.1675  0.0759  0.2677  0.2955 -0.0003  0.6503 1 
 42.4903 -0.7492 -1.7046  0.0257  0.2248  0.0222  0.1782  0.0120 -0.0003  0.0892 0 
 39.5209  0.7499  1.3742  0.0287  0.3531  0.0790  0.3634  0.0356 -0.0003  0.2380 0 
 48.0568 -0.3830 -1.9560  0.2786  0.4440  0.0833  0.5175  0.1955 -0.0003  0.9648 1 
 44.8554  0.3871  1.1899  0.2273  0.2214  0.0208  0.4391  0.4103 -0.0003  0.9646 1 
 50.1656 -0.5888 -1.7362  0.0252  0.3899  0.0329  0.2133  0.0045 -0.0003  0.1992 0 
 45.8045  0.5710  1.3754  0.1041  0.1301  0.0179  0.4367  0.0560 -0.0003  0.2570 0 
 52.6650  0.7363 -0.8457  0.0383  0.3762  0.0214  0.3792  0.0856 -0.0003  0.1966 0 
 38.8861 -0.7305  2.3008  0.0359  0.2835  0.0287  0.2737  0.0286 -0.0003  0.1292 0 
 38.7213 -0.7043  0.6025  0.0258  0.1305  0.0101  0.2284  0.0163 -0.0003  0.0396 0 
 33.4844  0.6993 -2.5296  0.0569  0.2300  0.0282  0.3329  0.0790 -0.0003  0.1962 0 
 47.9347 -0.3251 -0.6838  0.0185  0.1521  0.0461  0.3453  0.0283 -0.0003  0.0887 0 
 43.4333  0.3134  2.4632  0.0615  0.4298  0.0112  0.2214  0.2264 -0.0003  0.3057 0 
 47.3915 -0.6828  0.1725  0.0147  0.0784  0.0317  0.3463  0.0267 -0.0003  0.0559 0 
 42.5513  0.6985 -2.9370  0.0312  0.3729  0.0217  0.4452  0.0367 -0.0003  0.1857 0 
 46.2501 -0.0794  1.8400  0.0692  0.4646  0.0935  0.2613  0.0246  0.2224  0.6744 0 
 40.0122  0.0863 -1.2862  0.0245  0.2666  0.0074  0.2716  0.0070  0.0806  0.1540 0 
 48.5267  0.2510  1.7905  0.0730  0.7182  0.0975  0.5592  0.0352 -0.0003  0.4328 0 
 46.7842 -0.2634 -1.3312  0.0111  0.5423  0.0685  0.4777  0.0147 -0.0003  0.1919 0 
 45.4414 -0.8001  1.7779  0.0623  0.4017  0.0552  0.2625  0.0639 -0.0003  0.4456 0 
 27.1855  0.7601 -1.3846  0.0051  0.4025  0.0403  0.3034  0.0230 -0.0003  0.1395 0 
 52.3507 -0.7072  0.1972  0.0053  0.2167  0.1298  0.4219  0.2164 -0.0003  0.2782 0 
 45.2064  0.6996 -2.9300  0.0118  0.7836  0.0673  0.3944  0.0639 -0.0003  0.2895 0 
 50.4677  0.4528 -1.1611  0.0209  0.2398  0.1387  0.3407  0.0416 -0.0003  0.1766 0 
 47.4861 -0.4347  1.9898  0.0190  0.7635  0.0700  0.6056  0.0424 -0.0003  0.3001 0 
 46.7384 -0.0809 -0.6228  0.0082  0.3086  0.0298  0.5647  0.0121 -0.0003  0.1625 0 
 38.4863  0.0797  2.5008  0.0003  0.2632  0.0264  0.2745  0.0533 -0.0003  0.0572 0 
 46.7689 -0.1311 -0.9834  0.0421  0.2165  0.0622  0.2606  0.2517 -0.0003  0.5025 0 
 29.1325  0.1919  2.1759  0.0013  0.4472  0.0162  0.2477  0.0389 -0.0003  0.0803 0 
 46.5217  0.0578 -0.8365  0.1033  0.4245  0.0808  0.4349  0.2203 -0.0003  0.8407 1 
 37.9797 -0.0577  2.3421  0.6929  0.7157  0.0301  0.4591  0.4960 -0.0003  0.9975 1 
 37.1313  0.0679  1.9622  0.0035  0.4062  0.0273  0.2772  0.0275 -0.0003  0.0972 0 
 34.5830 -0.0740 -1.1994  0.0000  0.0726  0.0296  0.0472  0.0142 -0.0003  0.0837 0 
 44.1962 -0.0238  1.8391  0.0183  0.5528  0.0326  0.4849  0.1175 -0.0003  0.3098 0 
 43.2074  0.0107 -1.3051  0.0233  0.4307  0.0313  0.3991  0.0256 -0.0003  0.1880 0 
 49.3538 -0.7623  2.6960  0.2204  0.4491  0.0407  0.2998  0.4803 -0.0003  0.9864 1 
 37.4701  0.7571 -0.4291  0.1700  0.5987  0.0355  0.2765  0.2994 -0.0003  0.9247 1 
 48.3009  0.2596  2.7699  0.0946  0.6610  0.1702  0.5168  0.2060  0.7459  0.9871 1 
 46.1555 -0.2643 -0.3677  0.2477  0.1654  0.1039  0.3051  0.1373 -0.0003  0.8136 1 
 48.7953  0.4820 -1.2950  0.0106  0.5551  0.0798  0.4725  0.0052 -0.0003  0.1913 0 
 44.7059 -0.5039  1.8685  0.0376  0.0926  0.0198  0.0879 -0.0001 -0.0003  0.0758 0 
 50.9163  0.5239  0.6331  0.0544  0.5861  0.3160  0.4674  0.0215 -0.0003  0.3203 0 
 40.8453 -0.5319 -2.5903  0.1227  0.4224  0.0348  0.3601  0.0649 -0.0003  0.5855 0 
 49.3477  0.4794  2.0663  0.0329  0.7846  0.0621  0.4283  0.1706 -0.0003  0.6321 0 
 47.4159 -0.4851 -1.0597  0.0442  0.3728  0.0146  0.1298  0.0895 -0.0003  0.1525 0 
 48.2979  0.5044 -0.2516  0.0153  0.2310  0.0120  0.1292  0.1011 -0.0003  0.1033 0 
 42.8046 -0.4870  2.9045  0.0143  0.2027  0.0192  0.2667  0.0121 -0.0003  0.0548 0 
 48.1086 -0.4254  2.6995  0.0773  0.1710  0.0469  0.6467  0.1768 -0.0003  0.6070 0 
 43.3295  0.4425 -0.3866  0.0127  0.4373  0.0811  0.2659  0.0402 -0.0003  0.2435 0 
 34.6166 -0.1977  0.1089  0.2434  0.5993  0.0408  0.3769  0.3456  0.2501  0.9919 1 
 20.9049  0.2635 -3.0698  0.2202  0.2998  0.0464  0.4944  0.3216  0.0633  0.9686 1 
 53.8766 -0.6880  2.0676  0.0090  0.1771  0.0589  0.0838  0.0002 -0.0003  0.1748 0 
 50.0252  0.7273 -1.0430  0.0000  0.3147  0.0724  0.2988  0.0635 -0.0003  0.1548 0 
 56.1959 -0.7233  0.8384  0.1836  0.3655  0.0282  0.3730  0.1971 -0.0003  0.8258 0 
 43.7079  0.7146 -2.3069  0.0517  0.1131  0.0316  0.1326  0.0108 -0.0003  0.0921 0 
 45.6397 -0.2301 -1.4902  0.0709  0.4446  0.1598  0.7868  0.0749 -0.0003  0.5551 0 
 41.5991  0.2834  1.6060  0.0155  0.4885  0.0094  0.1792  0.0208 -0.0003  0.1057 0 
 41.6999  0.7254  2.5270  0.1392  0.7478  0.0472  0.4924  0.1719  0.2254  0.9045 1 
 39.4049 -0.6934 -0.6070  0.4310  0.3707  0.1263  0.3637  0.1976  0.7019  0.9998 1 
 45.8534 -0.4900 -1.4649  0.5589  0.4826  0.0868  0.3492  0.3725 -0.0003  0.9968 1 
 44.4892  0.4916  1.6585  0.2501  0.5002  0.0220  0.4840  0.3360 -0.0003  0.9680 1 
 30.5882 -0.7843  1.7968  0.0865  0.4910  0.0166  0.3418  0.2071  0.1261  0.7435 0 
 30.2525  0.7838 -1.3195  0.0364  0.7140  0.0389  0.2939  0.0823 -0.0003  0.3596 0 
 45.8198  0.7425 -2.6734  0.1725  0.2399  0.0374  0.4803  0.3070 -0.0003  0.9163 1 
 41.0712 -0.7162  0.4665  0.3573  0.1640  0.0225  0.2248  0.3919 -0.0003  0.9728 1 
 53.9681  0.4606 -2.6877  0.0575  0.3926  0.0562  0.5443  0.0993 -0.0003  0.4840 0 
 45.3101 -0.4506  0.4315  0.0330  0.0866  0.0484  0.2628  0.0241 -0.0003  0.0768 0 
 45.6123 -0.7526 -2.2731  0.0795  0.5182  0.0498  0.4809  0.0661 -0.0003  0.5439 1 
 42.9206  0.7540  0.8394  0.3633  0.7389  0.0229  0.5775  0.4204  0.1721  0.9972 1 
 50.4860  0.4920 -0.9935  0.0896  0.2160  0.0473  0.2129  0.1314 -0.0003  0.4696 0 
 40.1801 -0.4778  2.1374  0.1820  0.4015  0.0107  0.1809  0.0997  0.1710  0.7988 0 
 43.5950  0.4339 -1.1865  0.0016  0.4692  0.0137  0.1770  0.0948 -0.0003  0.1093 0 
 37.4334 -0.4534  1.9874  0.0348  0.6734  0.0958  0.4610  0.0109 -0.0003  0.2811 0 
 54.1115 -0.5920 -1.5558  0.0466  0.5263  0.0506  0.2092  0.0123 -0.0003  0.4030 0 
 41.4649  0.5951  1.6199  0.0110  0.2952  0.0589  0.1794  0.0043 -0.0003  0.2211 0 
 49.2775 -0.2204 -2.9769  0.0154  0.2969  0.0280  0.3428  0.0275 -0.0003  0.0968 0 
 45.7527  0.2140  0.1573  0.0017  0.8196  0.0200  0.3495  0.0649 -0.0003  0.1338 0 
 48.6030  0.1968  0.6557  0.0139  0.5601  0.0230  0.2150  0.0129 -0.0003  0.1502 1 
 22.2416 -0.2260 -2.4651  0.1383  0.4040  0.0468  0.3769  0.2260  0.4968  0.9984 1 
 46.0212  0.4679 -1.7987  0.0147  0.2785  0.1888  0.4797  0.0433 -0.0003  0.2196 0 
 44.6662 -0.4659  1.3299  0.0214  0.2786  0.0606  0.6154  0.0589 -0.0003  0.2650 0 
 47.3487 -0.6733 -2.2726  0.0113  0.1894  0.0661  0.2597  0.0884 -0.0003  0.1363 0 
 44.1260  0.6889  0.8668  0.0059  0.3404  0.3075  0.3087  0.0139 -0.0003  0.2085 0 
 42.5238  0.3031  0.2854  0.1379  0.5267  0.0898  0.4008  0.1402  0.5234  0.9964 1 
 41.9348 -0.2815 -2.8362  0.6301  0.3270  0.0388  0.4917  0.6517  0.0735  0.9985 1 
 44.1138 -0.7150 -2.7689  0.0204  0.1809  0.0171  0.4410  0.0419 -0.0003  0.0797 0 
 42.0111  0.7280  0.4209  0.0127  0.4125  0.0430  0.3574  0.1177 -0.0003  0.2317 0 
 46.3355  0.2780  2.7172  0.1393  0.2753  0.2017  0.4353  0.3660 -0.0003  0.9798 0 
 42.8382 -0.2510 -0.3948  0.0465  0.1570  0.0488  0.2667  0.1017 -0.0003  0.1869 0 
 53.8674  0.1111  2.0954  0.1840  0.5294  0.0454  0.2932  0.0767  0.2806  0.9549 1 
 48.0446 -0.0840 -1.0457  0.1822  0.1383  0.0315  0.4744  0.1376  0.1999  0.9089 1 
 49.3324 -0.2442  2.7565  0.1534  0.5162  0.0773  0.2998  0.1727 -0.0003  0.9093 1 
 46.7597  0.2292 -0.4095  0.4134  0.3696  0.0744  0.4343  0.4195 -0.0003  0.9967 1 
 43.9307 -0.8291  2.3828  0.0032  0.5505  0.0882  0.4856  0.0163  0.4053  0.6266 0 
 28.1254  0.7636 -0.6552  0.1251  0.4472  0.0938  0.2503  0.0043  0.3080  0.7813 0 
 57.1359  0.6644 -0.1886  0.0019  0.1745  0.0139  0.2889  0.0790 -0.0003  0.0393 0 
 40.0671 -0.6567  2.9331  0.0763  0.7607  0.0146  0.3168  0.0449 -0.0003  0.3495 0 
 42.2034  0.1320  1.9381  0.0097  0.7849  0.0483  0.4462  0.0390 -0.0003  0.2337 0 
 36.7498 -0.0942 -1.1894  0.0348  0.1758  0.0397  0.4634  0.1373 -0.0003  0.2432 0 
 51.4565  0.4834  2.5617  0.1397  0.6710  0.1476  0.8900  0.2285 -0.0003  0.9610 1 
 49.4545 -0.4102 -0.6149  1.1292  0.2101  0.2377  0.4709  0.5114 -0.0003  0.9771 1 
 45.2735 -0.1453 -2.7391  0.1235  0.6127  0.0764  0.3942  0.1948 -0.0003  0.9041 1 
 41.8677  0.1609  0.4017  0.3107  0.4164  0.0706  0.6708  0.5755  0.3237  0.9997 1 
 49.5369  0.1667  3.0696  0.2847  0.3399  0.0535  0.4707  0.1141 -0.0003  0.8573 1 
 47.2023 -0.1885 -0.0768  0.2324  0.5523  0.0704  0.5199  0.1219 -0.0003  0.8990 1 
 50.4829 -0.6918 -2.4738  0.0685  0.7338  0.0546  0.5110  0.0275 -0.0003  0.4731 0 
 40.7141  0.7017  0.6276  0.0639  0.8124  0.0241  0.2253  0.1075 -0.0003  0.3945 0 
 46.3355 -0.6736  2.6772  0.0033  0.4498  0.0329  0.3047  0.0303 -0.0003  0.1194 0 
 36.7956  0.6738 -0.4780  0.0121  0.4308  0.0264  0.5095  0.0258 -0.0003  0.1751 0 
 57.1756 -0.7013 -2.1122  0.0082  0.3325  0.0533  0.3715  0.1064 -0.0003  0.1924 0 
 47.7790  0.7170  1.1166  0.0013  0.1836  0.1436  0.3024  0.0401 -0.0003  0.1054 0 
 47.1138 -0.6523 -2.7056  0.0397  0.4937  0.0459  0.3468  0.0551  0.1356  0.5662 0 
 39.3713  0.6355  0.3951  0.0114  0.4787  0.0480  0.3637  0.0624 -0.0003  0.1993 0 
 51.8318  0.7748  1.0638  0.0982  0.5448  0.1001  0.3807  0.2055 -0.0003  0.8477 1 
 49.2561 -0.7396 -2.0078  0.0410  0.5540  0.1751  0.5571  0.0816  0.5613  0.8352 1 
 50.0710 -0.1852 -3.1224  0.0504  0.3107  0.2408  0.5121  0.0864 -0.0003  0.3842 0 
 42.4750  0.1923 -0.0011  0.1214  0.5303  0.0144  0.3118  0.1013 -0.0003  0.4640 0 
 49.3935  0.4185  0.5808  0.0064  0.7800  0.0199  0.3426  0.2203 -0.0003  0.2880 0 
 36.3775 -0.4124 -2.5795  0.0811  0.1895  0.0298  0.2323  0.1354 -0.0003  0.3185 0 
 49.4240  0.0909 -3.0008  0.2169  0.4767  0.1067  0.4282  0.2807 -0.0003  0.9838 0 
 45.4627 -0.1062  0.1536  0.0617  0.5432  0.0508  0.3062  0.0432  0.0730  0.6032 0 
 43.1861 -0.2580 -2.0073  0.0391  0.7440  0.0424  0.4435  0.2753  0.1710  0.8758 1 
 41.4771  0.2302  1.1555  0.3969  0.6798  0.0252  0.4035  0.6804 -0.0003  0.9980 1 
 44.5106  0.7285  1.5913  0.0373  0.7379  0.0400  0.1760  0.0240 -0.0003  0.3517 0 
 43.2197 -0.6927 -1.5374  0.1539  0.2468  0.0254  0.2661  0.1186 -0.0003  0.5300 0 
 53.6507  0.3989 -0.9739  0.0257  0.0762  0.0768  0.3355  0.0230 -0.0003  0.0785 0 
 47.7241 -0.4021  2.1493  0.0174  0.3277  0.0363  0.3888  0.0190 -0.0003  0.1493 0 
 47.3030  0.1926 -0.2911  0.0924  0.0777  0.0973  0.3464  0.4444 -0.0003  0.7447 0 
 37.4212 -0.1972  2.8958  0.0393  0.7237  0.0367  0.3227  0.0323 -0.0003  0.3329 0 
 37.2107 -0.5021  0.3129  0.0893  0.0068  0.0280  0.3232  0.0589 -0.0003  0.0727 0 
 32.0073  0.5133 -2.8454  0.0256  0.2207  0.0153  0.0482  0.0019 -0.0003  0.1597 0 
 49.7932  0.0918 -1.3225  0.0318  0.4673  0.0612  0.4273  0.1888 -0.0003  0.5147 0 
 45.1301 -0.0976  1.8158  0.0012  0.4351  0.0452  0.2192  0.0390 -0.0003  0.1701 0 
 49.2683  0.5323 -1.6188  0.0791  0.4145  0.0511  0.3428  0.1286 -0.0003  0.6214 1 
 38.1201 -0.5548  1.5563  0.0359  0.3535  0.0680  0.3669  0.0789 -0.0003  0.3169 1 
 48.0476  0.7174  3.0452  0.0755  0.6516  0.0836  0.4313  0.1638  0.5562  0.9961 1 
 33.0785 -0.6191 -0.1064  0.2598  0.3589  0.0124  0.2386  0.2258 -0.0003  0.7716 1 
 46.7750 -0.0056  2.8372  0.1091  0.3765  0.0493  0.6515  0.2894  0.1261  0.9346 1 
 41.1810  0.0242 -0.3031  0.0797  0.6371  0.0251  0.3593  0.0794 -0.0003  0.4809 1 
 45.5329  0.6977  2.4606  0.2749  0.5645  0.0133  0.3499  0.3225 -0.0003  0.9596 1 
 35.2026 -0.6541 -0.6529  0.3850  0.1708  0.0384  0.3283  0.2578 -0.0003  0.9639 1 
 49.1676  0.3184  1.9776  1.1285  0.2059  0.0586  0.6860  1.3288 -0.0003  0.9980 1 
 44.0406 -0.3412 -1.1831  0.0751  0.5799  0.0470  0.3089  0.1242 -0.0003  0.6704 1 
 50.1442 -0.2065  2.2404  0.5420  0.6675  0.0623  0.2986  0.5705  0.1862  0.9983 1 
 37.2045  0.2051 -0.8807  0.3027  0.3445  0.0223  0.0924  0.2896  0.3016  0.9946 1 
 49.3751 -0.1833  1.3709  0.0251  0.3636  0.0542  0.2141  0.0513 -0.0003  0.2555 0 
 46.8696  0.1778 -1.7855  0.2661  0.1907  0.0401  0.4775  0.1390 -0.0003  0.8385 0 
 43.0396 -0.1848 -1.6177  0.0065  0.2250  0.0408  0.3107  0.0672 -0.0003  0.0839 0 
 41.7731  0.2032  1.5305  0.1530  0.3824  0.0232  0.2685  0.0873 -0.0003  0.5051 0 
 43.1556  0.1942 -0.4873  0.0157  0.4227  0.0349  0.2661  0.0182  0.0590  0.2701 0 
 42.7008 -0.1812  2.6728  0.0624  0.3175  0.0641  0.5338  0.0169 -0.0003  0.3733 0 
 46.4515  0.4685 -2.5825  0.0002  0.4790  0.0441  0.4786  0.1642 -0.0003  0.2747 0 
 44.5808 -0.4737  0.5987  0.0379  0.1428  0.1549  0.3518  0.0233 -0.0003  0.1383 0 
 50.4189  0.2825 -0.2506  0.0038  0.0536  0.0082  0.2130  0.0207 -0.0003  0.0333 0 
 45.4292 -0.3094  2.8726  0.0407  0.0987  0.0588  0.4376  0.0605 -0.0003  0.1377 0 
 42.0294  0.0082 -1.3890  0.1529  0.5230  0.0590  0.3574  0.1469 -0.0003  0.8715 0 
 31.3024  0.0087  1.7401  0.0000  0.6741  0.0194  0.1455 -0.0200  0.2225  0.6327 0 
 48.2826  0.6749 -1.4874  0.0055  0.1532  0.0633  0.2154  0.0229 -0.0003  0.0929 0 
 35.9594 -0.6767  1.6870  0.0268  0.2113  0.0243  0.1864  0.0058 -0.0003  0.0917 0 
 46.5919  0.3976  1.1610  0.2197  0.5912  0.0240  0.2173  0.1581  0.0301  0.8094 0 
 45.5299 -0.4111 -1.9902  0.0029  0.2259  0.0294  0.4811  0.0239 -0.0003  0.0941 0 
 44.6143 -0.7491  2.2199  0.0256  0.2351  0.0439  0.3957  0.0451 -0.0003  0.1525 0 
 41.5259  0.7728 -0.9265  0.0173  0.3055  0.0226  0.3137  0.0237 -0.0003  0.0863 0 
 45.0355 -0.5099  0.8922  0.0493  0.5102  0.1324  0.7895  0.0258 -0.0003  0.3971 0 
 41.6052  0.4992 -2.2409  0.0459  0.1629  0.0493  0.2688  0.1210 -0.0003  0.2229 0 
 48.8014  0.3862 -1.9138  0.0240  0.4872  0.0950  0.3436  0.0237 -0.0003  0.2331 0 
 47.0588 -0.3571  1.2205  0.1587  0.6731  0.0377  0.2602  0.1783  0.3742  0.9932 0 
 43.9918  0.1963  2.7401  0.0567  0.2456  0.1264  0.1765  0.0302 -0.0003  0.3329 0 
 43.7385 -0.2893 -0.4357  0.0740  0.4038  0.0407  0.1768  0.0161 -0.0003  0.3941 0 
 46.5187  0.5056 -0.8359  0.5061  0.6874  0.0555  0.3914  0.5251 -0.0003  0.9977 1 
 28.7785 -0.4997  2.2638  0.2704  0.4304  0.0462  0.2485  0.3747  0.4124  0.9993 1 
 45.1057  0.1686 -1.2927  0.0911  0.4890  0.1491  0.3946  0.0543 -0.0003  0.4444 0 
 38.7732 -0.1144  1.7684  0.0224  0.3016  0.0727  0.6849  0.1973 -0.0003  0.4423 0 
 58.3078  0.6114  2.2617  0.0385  0.2875  0.0447  0.2465 -0.0200 -0.0003  0.2547 0 
 43.5981 -0.6210 -0.8882  0.0094  0.4530  0.0244  0.2654  0.1691 -0.0003  0.2015 0 
 47.4830  0.6787  1.6354  0.0146  0.3910  0.0741  0.3893  0.0380 -0.0003  0.1968 0 
 39.8413 -0.6779 -1.5556  0.0148  0.4483  0.0411  0.4532  0.0474 -0.0003  0.2002 0 
 48.3101  0.0586  1.5574  0.0011  0.0677  0.4604  0.3015  0.0224 -0.0003  0.0668 0 
 37.8363 -0.0444 -1.5994  0.0091  0.4731  0.0825  0.5516  0.0826 -0.0003  0.2343 0 
 38.5229  0.6863  0.7485  0.0104  0.3558  0.0645  0.4574  0.0505 -0.0003  0.1835 0 
 38.0865 -0.7129 -2.3884  0.0851  0.4471  0.0331  0.3670  0.0667 -0.0003  0.4905 0 
 36.6522 -0.7877  0.6054  0.1577  0.5575  0.0301  0.6028  0.3292 -0.0003  0.9592 1 
 33.2403  0.7514 -2.5070  0.2725  0.1669  0.0725  0.3336  0.1959 -0.0003  0.9120 1 
 45.4353 -0.1782 -1.2767  0.0589  0.4544  0.0355  0.2188  0.0096 -0.0003  0.3331 0 
 38.5840  0.2003  1.8678  0.0264  0.6490  0.0298  0.2743  0.0322  0.1731  0.5341 0 
 51.1604  0.1672  2.7777  0.0007  0.6345  0.0327  0.2122  0.0240 -0.0003  0.1712 0 
 47.0375 -0.1651 -0.3875  0.0631  0.2981  0.1161  0.3469  0.0784 -0.0003  0.4027 0 
 49.0639  0.5790  0.7621  0.0005  0.5330  0.2014  0.3431  0.0818 -0.0003  0.2902 0 
 42.3621 -0.5855 -2.3735  0.0847  0.1072  0.0676  0.2675  0.0413  0.4904  0.9332 0 
 46.8421 -0.4346  1.6323  0.0501  0.2072  0.1811  0.4341  0.0767 -0.0003  0.3125 1 
 40.0854  0.4236 -1.5334  0.2956  0.2759  0.1076  0.3620  0.2501  0.6952  0.9996 1 
 38.0072  0.7786  0.8291  0.1730  0.2570  0.0383  0.4132  0.4379 -0.0003  0.9620 1 
 35.3124 -0.7698 -2.3330  0.0574  0.6798  0.0846  0.3280  0.1794  0.5935  0.9963 1 
 51.2978 -0.3976 -2.9746  0.0043  0.3586  0.1111  0.3817  0.0057 -0.0003  0.1613 0 
 48.6458  0.3908  0.2122  0.0187  0.8158  0.0401  0.3009  0.0218 -0.0003  0.2691 0 
 55.4788  0.5521  0.1857  0.0259  0.1221  0.1091  0.3327  0.0229 -0.0003  0.0925 0 
 50.6905 -0.5653 -3.0473  0.0131  0.1201  0.0339  0.2978  0.1617 -0.0003  0.1109 0 
 39.8444  0.0279 -0.4447  0.0196  0.7710  0.0451  0.4985  0.0152 -0.0003  0.2574 0 
 39.6033 -0.0892  2.7513  0.1090  0.4487  0.1053  0.5901  0.0793 -0.0003  0.5948 0 
 44.3702 -0.2738 -0.1653  0.1047  0.1616  0.0255  0.1321  0.0904 -0.0003  0.2555 0 
 43.4394  0.2770  2.9335  0.0207  0.2303  0.1525  0.4871  0.1334 -0.0003  0.2993 0 
 46.5461 -0.3106  0.5045  0.0343  0.1594  0.0353  0.3044 -0.0200 -0.0003  0.1208 0 
 41.6999  0.3148 -2.6498  0.1120  0.3062  0.0128  0.3581  0.1631  0.2018  0.8938 0 
 49.4148 -0.4031  2.5219  0.0355  0.0037  0.0561  0.0428  0.0016 -0.0003  0.1205 0 
 45.0660  0.4100 -0.6103  0.0048  0.3544  0.1032  0.3947  0.1091 -0.0003  0.2142 0 
 53.7606 -0.2720  0.2201  0.0427  0.5149  0.0489  0.4191  0.0533 -0.0003  0.3586 0 
 46.6987  0.2691 -2.9355  0.0554  0.1038  0.0840  0.2607  0.0627 -0.0003  0.1407 0 
 51.0353 -0.4272 -2.9221  0.1588  0.6734  0.0724  0.5096  0.1420 -0.0003  0.9012 1 
 46.4393  0.4089  0.1958  0.0811  0.2652  0.1152  0.7397  0.1887 -0.0003  0.8166 1 
 51.7159 -0.3920  0.7674  0.2088  0.3315  0.0972  0.3386  0.2058 -0.0003  0.9418 1 
 18.9120  0.3180 -2.3685  0.1175  0.4504  0.0685  0.3409  0.1907  0.1506  0.8965 1 
 50.7942  0.4113  1.1153  0.0003  0.1801  0.0863  0.5102  0.0229 -0.0003  0.1101 0 
 43.7659 -0.3951 -2.0268  0.0164  0.0312  0.0238  0.1768  0.0224 -0.0003  0.0478 0 
 38.5748 -0.5323  1.6990  0.0735  0.2371  0.0213  0.2743  0.0146 -0.0003  0.1683 0 
 34.6654  0.5255 -1.4545  0.0553  0.1370  0.0164  0.1884  0.0082 -0.0003  0.0688 0 
 56.5530  0.4621  0.6096  0.0280  0.0453  0.0343  0.3311  0.0621 -0.0003  0.0654 0 
 42.6307 -0.4589 -2.5502  0.0413  0.5227  0.0195  0.1780  0.0222 -0.0003  0.1674 0 
 47.5441 -0.0718 -1.4718  0.0354  0.7273  0.0336  0.1730  0.0020 -0.0003  0.3200 0 
 45.2430  0.1060  1.6738  0.0350  0.1336  0.0508  0.0876  0.0226 -0.0003  0.1420 0 
 46.9368  0.5276  0.4076  0.0085  0.4111  0.0310  0.3471  0.1425 -0.0003  0.1934 0 
 44.0253 -0.4925 -2.7552  0.0003  0.3794  0.0148  0.3971  0.0462 -0.0003  0.0661 0 
 47.1229  0.5132  2.4042  0.0202  0.4351  0.0569  0.3034  0.0075 -0.0003  0.2412 0 
 44.6448 -0.5075 -0.7422  0.0286  0.3720  0.0347  0.2198  0.0368 -0.0003  0.1734 0 
 46.0365  0.3723  2.8684  0.7898  0.3036  0.0433  0.5233  0.5135  0.1268  0.9967 1 
 41.1109 -0.3747 -0.3085  0.0353  0.7054  0.0366  0.6291  0.0211 -0.0003  0.3324 1 
 47.7272  0.2293  0.4124  0.1303  0.3615  0.1236  0.0864  0.0902  0.1725  0.8171 0 
 34.8699 -0.2140 -2.7466  0.1187  0.2207  0.0734  0.3291  0.0875  0.1260  0.7272 0 
 43.0060  0.3151  3.0273  0.0433  0.5085  0.0654  0.3552  0.1298 -0.0003  0.5180 1 
 40.4089 -0.3346 -0.1013  0.7843  0.3829  0.0770  0.6772  0.9779 -0.0003  0.9988 1 
 50.6813 -0.5866 -2.8483  0.0232  0.7470  0.0587  0.5105  0.0839 -0.0003  0.3468 0 
 48.2551  0.5713  0.2951  0.0278  0.2123  0.0185  0.2585  0.0182 -0.0003  0.0661 0 
 46.9520  0.2888  0.1151  0.0012  0.5560  0.0216  0.4339  0.1170 -0.0003  0.1523 0 
 42.9877 -0.2735 -3.0316  0.0391  0.0672  0.3099  0.4440  0.1066 -0.0003  0.1457 0 
 38.3581  0.4377  0.0533  0.1191  0.5564  0.1567  0.5495  0.0440  0.2954  0.8251 0 
 37.4487 -0.3885 -3.1189  0.0338  0.1211  0.0187  0.2766  0.0430  0.1648  0.3731 0 
 48.7373 -0.7269 -3.0581  0.1171  0.3142  0.0249  0.4727  0.1354  0.1714  0.8478 0 
 46.2898  0.7146  0.0723  0.0102  0.0539  0.0436  0.2613  0.0298 -0.0003  0.0581 0 
 46.3874 -0.6346 -2.5339  0.0835  0.2720  0.0525  0.3917  0.0364 -0.0003  0.3850 0 
 45.5634  0.6175  0.5980  0.0145  0.1963  0.0525  0.3935  0.0418 -0.0003  0.1169 0 
 45.2186  0.6712  1.0849  0.0031  0.1406  0.0612  0.3505  0.0897 -0.0003  0.0900 0 
 33.2403 -0.6558 -2.0482  0.0127  0.1300  0.0014  0.0477  0.0120 -0.0003  0.0593 0 
 47.6204  0.3661 -1.5549  0.0102  0.2873  0.0674  0.2594  0.0139 -0.0003  0.1767 0 
 47.2541 -0.3666  1.6051  0.0151  0.2002  0.0337  0.3032  0.0186 -0.0003  0.0773 0 
 46.8513  0.5218  1.4107  0.0305  0.1905  0.0614  0.2605  0.0344 -0.0003  0.1474 0 
 44.8768 -0.5616 -1.6877  0.0395  0.4546  0.1383  0.7024  0.0164 -0.0003  0.3339 0 
 43.1525 -0.6972 -0.1747  0.1626  0.6276  0.0123  0.2218  0.1782 -0.0003  0.6642 0 
 42.1393  0.7172  2.9670  0.0135  0.3330  0.0763  0.3571  0.0110 -0.0003  0.1805 0 
 47.5837 -0.4050  2.0225  0.0045  0.2818  0.1580  0.5621  0.0617 -0.0003  0.2116 0 
 43.5492  0.4201 -1.1596  0.0134  0.4581  0.0449  0.3098  0.0086 -0.0003  0.2068 0 
 47.3396 -0.7809 -2.7069  0.1989  0.8475  0.0368  0.3030  0.2414 -0.0003  0.9444 1 
 44.8493  0.7599  0.4243  0.2105  0.7984  0.2387  0.7904  0.2845 -0.0003  0.9874 1 
 50.0740  0.4878  1.8142  0.0083  0.1580  0.0934  0.5547  0.0213 -0.0003  0.1275 0 
 43.0182 -0.4903 -1.2802  0.0744  0.6135  0.0238  0.4883  0.2403 -0.0003  0.7724 0 
 51.0170  0.5974 -2.1583  0.1736  0.3473  0.0567  0.4247  0.1848 -0.0003  0.8801 1 
 48.6213 -0.5920  0.9858  0.0478  0.8136  0.0247  0.3010  0.0313 -0.0003  0.2898 1 
 49.4881 -0.2593 -0.0597  0.0203  0.2049  0.0731  0.3424  0.0779 -0.0003  0.1644 0 
 47.1290  0.2639  3.0791  0.0407  0.6362  0.0296  0.4768  0.0618 -0.0003  0.3702 0 
 54.3252 -0.5381 -1.6415  0.0081  0.3898  0.0199  0.2090  0.2481 -0.0003  0.2801 0 
 38.1170  0.5253  1.5425  0.0037  0.3560  0.0418  0.1376  0.0346 -0.0003  0.1859 0 
 47.5380 -0.0272 -0.0440  0.1195  0.1946  0.0527  0.4325  0.0877 -0.0003  0.5079 0 
 45.2644  0.0146  3.1016  0.0542  0.3954  0.0631  0.2628  0.0114 -0.0003  0.3683 0 
 46.3142  0.1346  0.7689  0.0032  0.3455  0.0314  0.4354  0.0633 -0.0003  0.1146 0 
 44.2512 -0.1354 -2.3469  0.0184  0.3765  0.1068  0.4847  0.0184 -0.0003  0.2074 0 
 44.9104  0.4273  1.6856  0.2496  0.3642  0.1522  0.5706  0.2746 -0.0003  0.9860 1 
 40.5066 -0.4340 -1.4135  0.6885  0.6903  0.0418  0.4963  0.7391  0.1059  0.9984 1 
 48.4382  0.1182  1.1243  0.0202  0.1878  0.1510  0.6025  0.0767 -0.0003  0.2596 0 
 44.0955 -0.1084 -2.0133  0.0351  0.1233  0.0199  0.1764  0.0016 -0.0003  0.0619 0 
 51.0292  0.3727  0.4584  0.0027  0.0822  0.0875  0.2548  0.1468 -0.0003  0.1126 0 
 46.8055 -0.3472 -2.6924  0.0008  0.2341  0.0659  0.3040  0.0157 -0.0003  0.1164 0 
 42.6429 -0.2882 -2.9909  0.0301  0.6091  0.0318  0.2670  0.0338 -0.0003  0.2227 0 
 42.1668  0.2649  0.1769  0.0121  0.1468  0.0498  0.4017  0.2628 -0.0003  0.2649 0 
 52.8481 -0.3475 -1.0780  0.0095  0.3480  0.1469  0.1684  0.0082  0.2144  0.3784 0 
 45.8167  0.2936  1.9762  0.0013  0.4059  0.0504  0.4803  0.0211 -0.0003  0.1538 0 
 47.6936  0.7502  3.0610  0.0267  0.2028  0.0480  0.1729  0.0034 -0.0003  0.1570 0 
 46.9612 -0.7500 -0.1241  0.0091  0.5322  0.1806  0.5206  0.0734 -0.0003  0.2647 0 
 47.9377  0.0309  0.7039  0.0309  0.6228  0.0687  0.3021  0.0165 -0.0003  0.2956 0 
 42.4140 -0.0498 -2.4762  0.0672  0.6694  0.1075  0.5793  0.1014  0.2294  0.8041 0 
 56.1532  0.6598 -2.9991  0.0166  0.0450  0.0202  0.0829  0.0016 -0.0003  0.0689 0 
 48.3101 -0.6670  0.1510  0.0221  0.1629  0.0537  0.4307  0.0499  0.2425  0.3654 0 
 51.4565  0.4081 -2.1168  0.0542  0.2296  0.0665  0.3814  0.0360 -0.0003  0.2631 0 
 48.1147 -0.4022  1.0191  0.0605  0.6232  0.0397  0.3880  0.0532 -0.0003  0.4751 0 
 42.8809  0.1865 -1.5512  0.0239  0.5640  0.0197  0.0889  0.0062 -0.0003  0.1883 0 
 41.8647 -0.1832  1.6041  0.0257  0.0595  0.0430  0.3130  0.0163 -0.0003  0.0681 0 
 54.0505  0.4073  0.7724  0.0140  0.3519  0.0696  0.5441  0.1739 -0.0003  0.3287 0 
 37.8607 -0.4274 -2.3920  0.0553  0.3461  0.0141  0.1838  0.0991 -0.0003  0.1634 0 
 44.8493  0.5046  1.3323  0.0139  0.1361  0.0586  0.4830  0.0115 -0.0003  0.1105 0 
 33.4417 -0.4689 -1.8171  0.0955  0.1319  0.0797  0.3331  0.1512 -0.0003  0.4684 0 
 47.1168 -0.5420  0.6396  0.0031  0.3190  0.0501  0.3901  0.0307 -0.0003  0.1301 0 
 43.1586  0.5333 -2.4884  0.0125  0.2388  0.0584  0.2218  0.0081 -0.0003  0.1544 0 
 50.8461  0.4398  0.3021  0.0173  0.2122  0.0251  0.2976  0.1015 -0.0003  0.0856 0 
 48.5603 -0.4221 -2.8194  0.0070  0.2925  0.0246  0.0860  0.0082 -0.0003  0.1657 0 
 48.7251 -0.1027  2.6789  0.0067  0.5832  0.1120  0.3438  0.0259 -0.0003  0.2153 0 
 45.7008  0.0876 -0.4784  0.0139  0.1061  0.0215  0.1748  0.0147 -0.0003  0.0484 0 
 48.1514  0.0738  0.9577  0.0856  0.4435  0.0372  0.2586  0.1157 -0.0003  0.5445 0 
 42.6215 -0.0472 -2.1933  0.1419  0.3651  0.0327  0.4005  0.1426 -0.0003  0.7346 0 
 43.7171  0.1381  2.3242  0.0315  0.3539  0.0627  0.3536  0.0523 -0.0003  0.2613 0 
 36.9818 -0.1505 -0.8246  0.0012  0.1818  0.1861  0.1850  0.0652 -0.0003  0.1562 0 
 44.6845 -0.7751 -0.2866  0.1118  0.1136  0.0453  0.4835  0.0566 -0.0003  0.3563 1 
 42.0325  0.7756  2.8876  0.1097  0.6345  0.0442  0.3574  0.1959  0.2998  0.9637 1 
 51.0628 -0.0491 -2.0357  0.3397  0.5208  0.1440  0.2972  0.1806 -0.0003  0.9876 0 
 46.4363  0.0637  1.1114  0.0291  0.2574  0.0571  0.5657  0.0953 -0.0003  0.3045 0 
 46.1891  0.4246  0.3320  0.0024  0.3477  0.0345  0.3050  0.0535 -0.0003  0.0931 0 
 43.8056 -0.4258 -2.8331  0.0256  0.2419  0.0618  0.4860  0.0430 -0.0003  0.2052 0 
 46.0639 -0.5004 -0.3726  0.0228  0.1990  0.0317  0.4360  0.1343 -0.0003  0.1809 0 
 41.2238  0.5017  2.7708  0.0738  0.6009  0.0408  0.4490  0.0744 -0.0003  0.5712 0 
 44.1993 -0.7327 -2.3626  0.0205  0.0713  0.0414  0.2645  0.0771 -0.0003  0.0675 0 
 41.3916  0.7150  0.8010  0.0011  0.7227  0.0344  0.3588  0.0275 -0.0003  0.1574 0 
 44.7028  0.4695 -2.2121  0.3080  0.3679  0.0854  0.5274  0.2421 -0.0003  0.9838 1 
 39.5697 -0.5234  0.9405  0.0030  0.3428  0.0496  0.2724  0.0504 -0.0003  0.1347 1 
 67.1305  0.6199 -0.1793  0.0558  0.1273  0.1368  0.2382  0.1442 -0.0003  0.3552 0 
 44.5594 -0.6252  2.9150  0.0167  0.2388  0.1787  0.4838  0.0255  0.2908  0.3631 0 
 40.5798 -0.6039  2.6396  0.0334  0.7544  0.0241  0.4960  0.1467  0.0380  0.5412 1 
 36.5545  0.6157 -0.5080  0.0484  0.4744  0.0407  0.4176  0.1668  0.1520  0.7215 1 
 46.2531 -0.3743  0.3784  0.0931  0.7327  0.0660  0.4356  0.2954 -0.0003  0.9355 1 
 43.6561  0.3733 -2.7567  0.3790  0.6981  0.0160  0.7076  0.3801 -0.0003  0.9866 1 
 47.6020 -0.1113 -0.8732  0.0934  0.1781  0.0195  0.2594  0.0273 -0.0003  0.1560 0 
 44.9470  0.1019  2.2622  0.0139  0.2604  0.0354  0.3511  0.0510 -0.0003  0.1009 0 
 51.6884  0.1689  0.1336  0.0360  0.2278  0.0618  0.1693  0.1900  0.2211  0.6328 0 
 47.7485 -0.1495 -3.0635  0.0225  0.4935  0.0204  0.3456  0.1448 -0.0003  0.2112 0 
 51.6213  0.6858 -2.8038  0.0065  0.8644  0.0952  0.4234  0.0191 -0.0003  0.2701 0 
 48.3375 -0.7053  0.2891  0.0202  0.0658  0.0372  0.2584  0.1784 -0.0003  0.1198 0 
 44.6723  0.7370  0.9696  0.1956  0.3245  0.0549  0.5274  0.1772 -0.0003  0.8981 1 
 42.9786 -0.7497 -2.1992  0.1178  0.6683  0.0246  0.5773  0.1788 -0.0003  0.8596 1 
 48.7495  0.5325 -1.4123  0.0638  0.3762  0.0864  0.6875  0.1485 -0.0003  0.6415 0 
 45.2949 -0.5264  1.7187  0.0609  0.4652  0.1096  0.2628  0.0832 -0.0003  0.4979 0 
 48.0537  0.5975  1.2636  0.0144  0.2033  0.0850  0.4744  0.0384 -0.0003  0.1480 0 
 45.5299 -0.5890 -1.9222  0.1534  0.5785  0.0277  0.4374  0.0342 -0.0003  0.7080 0 
 44.6784 -0.6875  0.7338  0.0605  0.1362  0.0181  0.4835  0.0469 -0.0003  0.1762 0 
 39.3347  0.6835 -2.3954  0.0376  0.2481  0.0172  0.2729  0.0526 -0.0003  0.0870 0 
 49.2866  0.6675 -2.9639  0.0088  0.2231  0.0459  0.1285  0.0048 -0.0003  0.1571 0 
 48.0781 -0.6989  0.2136  0.0005  0.2100  0.0491  0.3450  0.0684 -0.0003  0.0859 0 
 50.7301  0.5640  2.9014  0.0294  0.2171  0.0761  0.6379  0.0358 -0.0003  0.2696 0 
 46.8940 -0.5637 -0.2511  0.0183  0.5812  0.0706  0.4774  0.0279 -0.0003  0.2258 0 
 49.1127  0.3843 -0.1566  0.0081  0.6109  0.0531  0.4288  0.0114 -0.0003  0.1881 0 
 34.7326 -0.3856  2.9923  0.0092  0.2307  0.0117  0.0942  0.0605 -0.0003  0.0893 0 
 51.9875  0.0375 -0.0894  0.1055  0.3758  0.0764  0.4650  0.1719 -0.0003  0.7687 0 
 50.0374 -0.0518  3.0556  0.0383  0.3745  0.0660  0.6829  0.0207 -0.0003  0.3451 0 
 47.6936  0.3242 -2.3649  0.0888  0.2949  0.1111  0.6914  0.0242 -0.0003  0.4885 0 
 45.2857 -0.3070  0.7377  0.1787  0.2138  0.0661  0.3066  0.2249 -0.0003  0.8719 0 
 45.4627  0.5934  2.5764  0.0607  0.1915  0.1617  0.4375  0.0319 -0.0003  0.2799 0 
 42.3560 -0.5666 -0.5717  0.0197  0.3122  0.1114  0.6687  0.0309 -0.0003  0.2703 0 
 44.6876 -0.4014  2.3074  0.1531  0.4924  0.0294  0.4395  0.1495 -0.0003  0.8090 1 
 39.6460  0.3884 -0.8020  0.0929  0.2596  0.0854  0.4538  0.1380  0.4084  0.9078 1 
 50.4524 -0.7109 -1.5899  0.0111  0.6917  0.0676  0.7666  0.0801 -0.0003  0.3173 1 
 40.8576  0.6888  1.5951  0.1124  0.3763  0.0303  0.2250  0.1088 -0.0003  0.5050 1 
 59.0463 -0.5252 -2.6500  0.0381  0.4162  0.0856  0.2048  0.0118 -0.0003  0.3387 0 
 49.9794  0.5184  0.4903  0.0194  0.3857  0.1235  0.5550  0.0200 -0.0003  0.2320 0 
 43.8727  0.6858 -2.4896  0.2698  0.4859  0.0427  0.2650  0.3841 -0.0003  0.9850 1 
 30.4631 -0.6876  0.5665  0.0000  0.3777  0.0288  0.1466 -0.0200 -0.0003  0.2213 1 
 50.3120 -0.7890 -2.5734  0.3380  0.5084  0.0696  0.3836  0.4593 -0.0003  0.9968 0 
 38.3001  0.7981  0.6661  0.1903  0.1787  0.0156  0.2291  0.3048 -0.0003  0.7091 0 
 48.5664  0.2413 -0.6010  0.0687  0.2028  0.0718  0.4301  0.0189 -0.0003  0.2937 0 
 34.2321 -0.2267  2.5472  0.0423  0.5663  0.0145  0.3309  0.1260 -0.0003  0.2333 0 
 50.7332 -0.6097  0.9297  0.0133  0.2831  0.0493  0.5104  0.1068 -0.0003  0.2236 0 
 38.0346  0.6071 -2.2031  0.1042  0.5471  0.0309  0.2295  0.1192 -0.0003  0.5679 0 
 47.6173  0.4040 -2.1927  0.0795  0.0896  0.0455  0.2594  0.1081 -0.0003  0.1743 0 
 47.3365 -0.4300  0.9536  0.0115  0.7312  0.0888  0.6494  0.0641 -0.0003  0.2978 0 
 50.1808 -0.6358  0.7532  0.3693  0.7003  0.0356  0.2986  0.3481 -0.0003  0.9919 1 
 42.4872  0.6195 -2.3729  0.4068  0.3763  0.0267  0.4454  0.5275 -0.0003  0.9969 1 
 51.8868 -0.6356  2.4632  0.0446  0.6113  0.0753  0.2537  0.0580 -0.0003  0.4687 0 
 38.4253  0.6486 -0.6321  0.0045  0.0456  0.0269  0.2288  0.0458 -0.0003  0.0428 0 
 46.1677 -0.1420 -2.0960  0.0070  0.2904  0.0630  0.4358  0.0875 -0.0003  0.1726 0 
 45.2399  0.1036  1.0471  0.0269  0.1570  0.0242  0.3943  0.0438 -0.0003  0.0815 0 
 48.4413 -0.1651 -1.8725  0.0683  0.3586  0.0558  0.5165  0.0596 -0.0003  0.4539 0 
 46.0914  0.1519  1.2723  0.0167  0.3063  0.0232  0.3052  0.0240  0.0725  0.2004 0 
 51.2764 -0.3466  3.0313  0.0050  0.0966  0.0184  0.2969  0.0163 -0.0003  0.0390 0 
 36.2249  0.3406 -0.0718  0.0238  0.4159  0.0190  0.1396  0.0101 -0.0003  0.1525 0 
 48.3284 -0.1822 -0.6864  0.0332  0.3278  0.0747  0.3014  0.0842 -0.0003  0.3176 0 
 35.3277  0.1912  2.4436  0.0098  0.1776  0.0602  0.2811  0.0075 -0.0003  0.1049 0 
 45.6916  0.2518  1.3450  0.0201  0.3015  0.0111  0.2622  0.0081 -0.0003  0.0714 0 
 44.1138 -0.2522 -1.7905  0.0028  0.4472  0.0140  0.3087  0.0318 -0.0003  0.0728 0 
 39.8199  0.7391  1.8965  0.0533  0.2288  0.0594  0.5439  0.0977 -0.0003  0.3948 0 
 37.4853 -0.7445 -1.2170  0.0361  0.3324  0.0332  0.2765  0.0729  0.0721  0.3603 0 
 46.1402 -0.7530  2.3422  0.0138  0.1557  0.0540  0.2615  0.0342  0.0868  0.1669 0 
 34.7082  0.7482 -0.7555  0.1069  0.2436  0.0163  0.3767  0.1517 -0.0003  0.4555 0 
 41.9867  0.7438 -1.6597  0.0103  0.3571  0.0166  0.3575  0.1485  0.0215  0.1708 0 
 38.7518 -0.7386  1.4537  0.0693  0.3172  0.0478  0.2740  0.0182 -0.0003  0.3370 0 
 47.6600  0.4224 -2.0227  0.0582  0.4372  0.0325  0.1729  0.0286 -0.0003  0.2736 0 
 45.5726 -0.4106  1.1234  0.0585  0.1476  0.0252  0.5247  0.0694 -0.0003  0.2453 0 
 47.7729 -0.1380  0.5449  0.0470  0.6107  0.1464  0.4319  0.0124 -0.0003  0.3005 0 
 46.5705  0.1757 -2.5523  0.0200  0.4287  0.0633  0.5652  0.0709  0.2858  0.5840 0 
 50.4280 -0.6169 -2.8460  0.0032  0.0829  0.0145  0.2130  0.0064 -0.0003  0.0394 0 
 46.3600  0.6153  0.2887  0.0038  0.0911  0.0804  0.3482  0.0311 -0.0003  0.0679 0 
 37.9492 -0.8021 -0.7270  0.2453  0.5361  0.0329  0.3215  0.1057 -0.0003  0.7690 1 
 33.0266  0.7624  2.3345  0.0547  0.3576  0.0584  0.3820  0.0607 -0.0003  0.3744 1 
 48.5054 -0.6207 -2.0798  0.0109  0.5120  0.0629  0.5163  0.1398 -0.0003  0.3038 0 
 41.3092  0.6440  1.0663  0.0537  0.3196  0.0346  0.3142  0.0096 -0.0003  0.2431 0 
 51.3832  0.0177  1.7803  0.0181  0.1201  0.0165  0.2543  0.0292 -0.0003  0.0398 0 
 43.7171 -0.0059 -1.3386  0.0000  0.1084  0.0477  0.0442  0.0019 -0.0003  0.1213 0 
 45.1911 -0.1798 -0.5039  0.3113  0.5029  0.0226  0.4382  0.3326 -0.0003  0.9772 1 
 42.4445  0.1722  2.6471  0.0359  0.2919  0.0413  0.5792  0.0130 -0.0003  0.2748 1 
 50.8431  0.2850  0.7955  0.0114  0.5291  0.0715  0.5101  0.0488  0.0799  0.3005 0 
 45.6886 -0.2908 -2.3311  0.0122  0.5086  0.1036  0.3059  0.1385 -0.0003  0.3734 0 
 65.8213  0.3987 -2.0973  0.0011  0.3869  0.0475  0.2792  0.0970 -0.0003  0.1655 0 
 49.3599 -0.3867  1.1000  0.0256  0.4971  0.1321  0.4711  0.0358 -0.0003  0.2558 0 
 39.6887  0.1642  2.4706  0.1225  0.4643  0.0364  0.3176  0.1227 -0.0003  0.6983 1 
 29.0562 -0.1405 -0.7493  0.5365  0.5908  0.0249  0.2478  0.3510  0.2511  0.9973 1 
 50.5776  0.0578  0.4504  0.0463  0.3552  0.0771  0.8087  0.1612 -0.0003  0.6346 0 
 44.8951 -0.0459 -2.6737  0.0267  0.7110  0.0900  0.3951  0.0933  0.2893  0.7113 0 
 46.4027  0.0645 -1.0635  0.0211  0.3203  0.0768  0.4352  0.0572 -0.0003  0.2182 0 
 44.9378 -0.0608  2.0666  0.0731  0.5956  0.0357  0.3072  0.0583 -0.0003  0.4844 0 
 53.7484  0.6494  1.8666  0.0932  0.4907  0.0462  0.4191  0.1906 -0.0003  0.7881 0 
 44.5594 -0.6408 -1.2806  0.0350  0.2385  0.0119  0.2199  0.0104 -0.0003  0.0749 0 
 41.6297  0.6364 -2.7525  0.0700  0.4470  0.0240  0.3135  0.0867  0.1430  0.6233 0 
 28.5588 -0.6227  0.4372  0.0724  0.1996  0.0477  0.3488  0.1423  0.2729  0.7837 0 
 42.1027 -0.2113 -0.8492  0.0725  0.6444  0.0214  0.3572  0.2034 -0.0003  0.5991 0 
 38.7182  0.1811  2.2642  0.0114  0.3951  0.0599  0.4111  0.0353 -0.0003  0.1839 0 
 52.4178  0.4730  3.0231  0.0446  0.1695  0.0627  0.4218  0.0369 -0.0003  0.1920 0 
 43.0823 -0.4535 -0.1363  0.0179  0.2811  0.0890  0.3106  0.0190 -0.0003  0.1797 0 
 43.3478 -0.6487 -0.1597  0.0063  0.4251  0.0896  0.5760  0.1794 -0.0003  0.3158 0 
 40.9491  0.6618  3.0102  0.0000  0.2410  0.0133  0.2249  0.0364 -0.0003  0.0435 0 
 49.9245 -0.2188 -2.2620  0.0439  0.1020  0.1300  0.5552  0.1157 -0.0003  0.2848 0 
 45.5238  0.2386  0.8695  0.0466  0.4118  0.0463  0.3062  0.0439 -0.0003  0.3169 0 
 52.4331 -0.6007 -2.8590  0.0057  0.2283  0.0689  0.3796  0.0086  0.2314  0.2746 0 
 46.8238  0.6079  0.3564  0.0342  0.4842  0.1222  0.3908  0.0427 -0.0003  0.2771 0 
 39.9451 -0.2013 -0.1650  0.2706  0.5314  0.0534  0.3170  0.4350  0.3508  0.9989 1 
 35.5840  0.1927  3.0046  0.3184  0.5893  0.0685  0.6078  0.2365 -0.0003  0.9813 1 
 45.0568  0.4575  2.2688  0.1941  0.5053  0.0642  0.5263  0.1089 -0.0003  0.8478 0 
 44.7913 -0.4489 -0.8696  0.0314  0.6924  0.1087  0.7467  0.1393 -0.0003  0.4977 0 
 46.6041  0.5482 -0.6623  0.3803  0.7432  0.0799  0.6520  0.4036 -0.0003  0.9937 1 
 34.0856 -0.5550  2.4873  0.2777  0.4344  0.0435  0.3786  0.3499  0.4226  0.9995 1 
 47.4037  0.5318 -2.4591  0.1302  0.1228  0.1052  0.2164  0.0776 -0.0003  0.4392 1 
 46.9825 -0.5536  0.6983  0.0461  0.6393  0.0193  0.3036  0.0604  0.0591  0.3426 1 
 43.0426 -0.4132  1.7731  0.4761  0.6115  0.0174  0.3551  0.6468 -0.0003  0.9980 1 
 42.7558  0.4241 -1.4112  0.8326  0.6484  0.0166  0.4447  0.6075 -0.0003  0.9980 1 
 42.6337  0.7667  0.9615  0.1638  0.5771  0.0610  0.3560  0.1547 -0.0003  0.9062 1 
 37.1130 -0.7695 -2.1245  0.1110  0.4979  0.0263  0.3235  0.1072 -0.0003  0.5723 1 
 46.1311 -0.4540  1.1024  0.5137  0.6111  0.0375  0.4795  0.5839 -0.0003  0.9978 1 
 45.3529  0.4716 -2.0173  0.4274  0.4080  0.0401  0.4816  0.3576 -0.0003  0.9913 1 
 42.7741  0.5202 -0.4861  0.1411  0.3894  0.1942  0.6669  0.1555 -0.0003  0.8547 0 
 42.5940 -0.5402  2.6087  0.0273  0.5234  0.0185  0.2671  0.0631 -0.0003  0.1361 0 
 47.4464  0.6483 -0.7902  0.0019  0.4650  0.0440  0.2163  0.0417 -0.0003  0.1768 0 
 41.7578 -0.6550  2.3155  0.0133  0.2202  0.0315  0.2685  0.0053 -0.0003  0.0837 0 
 55.7778  0.4113  2.8957  0.0000  0.4592  0.1441  0.2076  0.0284 -0.0003  0.2199 1 
 31.0979 -0.4435 -0.2650  0.5954  0.3046  0.0452  0.2429  0.3409 -0.0003  0.9951 1 
 45.5695  0.6013  0.7893  0.0641  0.3619  0.0652  0.2623  0.0098 -0.0003  0.3862 0 
 32.4193 -0.5718 -2.3768  0.0140  0.2429  0.0371  0.4801  0.0567 -0.0003  0.1457 0 
 47.4769 -0.3816  0.7727  0.0665  0.0616  0.0480  0.1298  0.0128 -0.0003  0.0985 0 
 46.0304  0.3642 -2.4148  0.0391  0.2713  0.1254  0.2617  0.0195 -0.0003  0.2341 0 
 53.7972 -0.2151  0.8380  0.0016  0.3913  0.0764  0.5447  0.0473 -0.0003  0.1736 0 
 50.6233  0.2237 -2.3259  0.0131  0.1299  0.1241  0.4255  0.0639 -0.0003  0.1022 0 
 48.6091 -0.4203  2.4090  0.0492  0.3200  0.0768  0.4730  0.0250 -0.0003  0.3095 0 
 34.8119  0.4027 -0.7577  0.0044  0.0777  0.0106  0.1882  0.0827 -0.0003  0.0383 0 
 47.1687  0.7817 -2.5411  0.0721  0.5359  0.0699  0.3034  0.1174  0.4156  0.9664 0 
 44.9531 -0.7514  0.5981  0.0365  0.3015  0.0918  0.5266  0.0665 -0.0003  0.3124 0 
 50.8309 -0.5780 -1.7929  0.0022  0.0668  0.0344  0.3401  0.0688 -0.0003  0.0527 0 
 45.5543  0.5631  1.3537  0.0085  0.5073  0.0086  0.2186  0.0092 -0.0003  0.0971 0 
 50.7607 -0.3831 -0.1454  0.0159  0.2513  0.1071  0.5528  0.1273 -0.0003  0.2789 0 
 47.7729  0.3977  3.0102  0.0186  0.2067  0.0245  0.3024  0.0045 -0.0003  0.0739 0 
 47.0771 -0.4589  3.0473  0.0345  0.5076  0.0853  0.5203  0.2818  0.1835  0.8813 0 
 33.4508  0.4459 -0.0789  0.1695  0.3735  0.0160  0.2855  0.1531  0.1482  0.8315 0 
 51.9112  0.4494  1.7742  0.0529  0.6701  0.0455  0.1691  0.0651 -0.0003  0.4532 1 
 45.3101 -0.4937 -1.3631  0.1706  0.2485  0.0341  0.1751  0.1046 -0.0003  0.5944 1 
 50.4402 -0.7047  3.0383  0.0018  0.4686  0.1248  0.4260  0.1456 -0.0003  0.2832 0 
 49.2622  0.7175 -0.1279  0.0095  0.1765  0.0591  0.2571  0.0086 -0.0003  0.1042 0 
 57.3770 -0.7376 -1.4043  0.0084  0.5556  0.0882  0.2474  0.0120 -0.0003  0.2261 0 
 40.9766  0.6899  1.7122  0.0958  0.6850  0.1198  0.4948  0.1530 -0.0003  0.7624 0 
 52.1675 -0.4023 -2.7646  0.0349  0.1153  0.1297  0.4645  0.0622 -0.0003  0.1537 0 
 47.4800  0.3648  0.4237  0.0042  0.6498  0.0195  0.2163  0.0279 -0.0003  0.1231 0 
 48.0995 -0.3248  2.7543  0.0451  0.0480  0.0290  0.1724  0.0203 -0.0003  0.0589 0 
 43.0091  0.3117 -0.3643  0.2238  0.7372  0.0430  0.1776  0.1862 -0.0003  0.9255 0 
 48.2490 -0.5245 -0.0617  0.0223  0.3531  0.0320  0.4308  0.0112 -0.0003  0.1792 0 
 47.2877  0.5244  3.0621  0.0655  0.1309  0.0394  0.1732  0.0379 -0.0003  0.1265 0 
 48.5451 -0.4220  1.9323  0.1133  0.1734  0.0223  0.1290  0.0707 -0.0003  0.2299 0 
 39.5514  0.4532 -1.1923  0.1635  0.3377  0.0377  0.3179  0.1049  0.1081  0.8100 0 
 48.5786  0.0848 -2.7778  0.0130  0.4781  0.1209  0.2580  0.0053  0.2574  0.4695 0 
 46.9703 -0.0644  0.3400  0.0310  0.6296  0.0486  0.5640  0.0386  0.1568  0.5497 0 
 47.0253  0.0649  0.5173  0.2817  0.3243  0.1338  0.2602  0.4211 -0.0003  0.9960 1 
 29.4316 -0.0225 -2.6535  0.4212  0.6261  0.0312  0.2469  0.5322  0.3256  0.9994 1 
 55.3567 -0.4982  1.9424  0.0114  0.3380  0.0290  0.2496  0.0380 -0.0003  0.0978 0 
 48.8563  0.4635 -1.2047  0.0124  0.3384  0.1558  0.3865  0.0878 -0.0003  0.2441 0 
 45.5848 -0.6223 -2.2402  0.0668  0.5712  0.0940  0.4372  0.0316  0.2419  0.6844 1 
 45.2430  0.6178  0.8974  0.0876  0.2964  0.0155  0.1314  0.0526 -0.0003  0.1789 1 
 44.0528 -0.0823  0.3743  0.0293  0.2968  0.0631  0.1323  0.0202 -0.0003  0.3143 0 
 39.7925  0.0916 -2.7999  0.0051  0.4290  0.0352  0.3627  0.0246 -0.0003  0.1321 0 
 47.4647  0.4418 -1.2492  0.0940  0.6256  0.0188  0.2163  0.0533 -0.0003  0.3532 0 
 39.6796 -0.4303  1.9233  0.0534  0.1498  0.0372  0.4537  0.0684 -0.0003  0.2063 0 
 49.3660  0.5216 -0.5885  0.0350  0.7258  0.0535  0.2998  0.0717 -0.0003  0.4401 0 
 47.2663 -0.5058  2.6164  0.0444  0.6976  0.2059  0.6064  0.0435 -0.0003  0.3395 0 
 45.3681  0.2810  2.4427  0.3191  0.6320  0.0307  0.2189  0.2270 -0.0003  0.9585 1 
 38.6114 -0.2840 -0.7094  0.5997  0.6755  0.0783  0.5942  0.1824  0.3398  0.9949 1 
 45.7832  0.3137 -0.3740  0.0376  0.5974  0.0328  0.3057  0.0395 -0.0003  0.2652 0 
 39.4263 -0.2910  2.7476  0.0123  0.0864  0.0143  0.0909  0.0555 -0.0003  0.0506 0 
 44.2512  0.5316  0.2679  0.0205  0.2345  0.0642  0.3525  0.0801 -0.0003  0.1796 0 
 38.0957 -0.5131 -2.8927  0.0790  0.0983  0.1310  0.3670  0.1782 -0.0003  0.4287 0 
 46.9001 -0.7977 -2.6220  0.0414  0.1643  0.0451  0.3038  0.0750 -0.0003  0.1444 0 
 46.1585  0.7967  0.5138  0.0153  0.1509  0.1069  0.3486  0.1335 -0.0003  0.1619 0 
 42.7680 -0.7652  2.0818  0.0284  0.6530  0.0290  0.2668  0.2875 -0.0003  0.5157 0 
 41.6571  0.7785 -1.0693  0.0179  0.4513  0.0344  0.3582  0.0313  0.1985  0.4882 0 
 51.5969  0.4580 -1.7421  0.1148  0.0342  0.0299  0.3811  0.0814 -0.0003  0.1356 0 
 45.9480 -0.5159  1.3881  0.1448  0.2793  0.0248  0.1309  0.3288 -0.0003  0.6643 0 
 49.2836  0.5357 -0.0088  0.0149  0.3530  0.1509  0.5142  0.1403  0.5449  0.8103 0 
 39.9634 -0.5326  3.1405  0.0786  0.3675  0.0109  0.3170  0.0707 -0.0003  0.2027 0 
 46.0670  0.6787 -0.9453  0.0389  0.5160  0.0743  0.3924  0.1559 -0.0003  0.5175 0 
 45.0721 -0.6717  2.2509  0.0534  0.2332  0.0530  0.4385  0.0508 -0.0003  0.2826 0 
 47.7913  0.2445 -3.0737  0.0075  0.1417  0.0748  0.3455  0.0189 -0.0003  0.0878 0 
 41.8006 -0.2428  0.0743  0.1681  0.3039  0.0271  0.3579  0.0814 -0.0003  0.5725 0 
 48.1666 -0.5249 -0.8419  0.0536  0.0885  0.0169  0.3017  0.0197 -0.0003  0.0564 0 
 41.3458  0.5377  2.2970  0.0125  0.7634  0.0775  0.5833  0.0186 -0.0003  0.2629 0 
 46.9490 -0.4134 -1.6294  0.0284  0.1186  0.0240  0.2603  0.0709 -0.0003  0.0569 0 
 42.3713  0.4128  1.5175  0.0017  0.6470  0.0717  0.3120  0.0378 -0.0003  0.2177 0 
 48.0415 -0.7123  0.9117  0.0081  0.1337  0.0075  0.2157  0.0788 -0.0003  0.0371 0 
 20.8255  0.7034 -2.2174  0.0655  0.5742  0.0214  0.2750  0.0616 -0.0003  0.2767 0 
 43.3661  0.4118 -0.6658  0.0211  0.2837  0.0082  0.3101  0.1215 -0.0003  0.0916 0 
 42.3743 -0.4494  2.4758  0.1046  0.4107  0.0406  0.4457  0.0620 -0.0003  0.5684 0 
 47.1351  0.2841 -2.7257  0.5064  0.5572  0.1235  0.5201  0.2283 -0.0003  0.9886 1 
 41.5900 -0.2215  0.3661  0.1084  0.5953  0.0786  0.3136  0.1954  0.4923  0.9956 1 
 49.1218  0.0902  0.9178  0.0052  0.7025  0.0231  0.1715  0.0478 -0.0003  0.1430 0 
 47.6783 -0.0800 -2.2346  0.0095  0.2823  0.0591  0.3889  0.0956  0.1669  0.3834 0 
 49.8726 -0.6689  1.8291  0.0000  0.1830  0.0286  0.0854 -0.0200 -0.0003  0.1336 0 
 40.1984  0.7036 -1.2748  0.0267  0.2151  0.1190  0.3165  0.0182 -0.0003  0.1604 0 
 47.4006  0.0412  2.2944  0.0031  0.1024  0.0722  0.3030  0.0152 -0.0003  0.0736 0 
 40.1770 -0.0422 -0.8792  0.0025  0.2374  0.0321  0.2713  0.0212 -0.0003  0.0670 0 
 45.3284  0.0380  0.7120  0.0376  0.0541  0.0670  0.3503  0.0314 -0.0003  0.0821 0 
 44.3610 -0.0459 -2.4302  0.0144  0.6035  0.0173  0.2202  0.0267 -0.0003  0.1246 0 
 44.1810 -0.2106  2.7248  0.0090  0.2662  0.0062  0.2645  0.0898 -0.0003  0.0554 0 
 40.3998  0.2124 -0.4269  0.0070  0.4219  0.0451  0.5418  0.0344 -0.0003  0.1833 0 
 64.3076 -0.1806  0.3386  0.0104  0.4717  0.2261  0.2005  0.2480 -0.0003  0.5698 1 
 49.0730  0.1800 -2.7325  0.7281  0.5629  0.0773  0.6863  0.7596 -0.0003  0.9980 1 
 46.3264 -0.1652 -1.9077  0.0371  0.4133  0.0224  0.2612  0.0197 -0.0003  0.1532 0 
 45.3254  0.1616  1.2333  0.0365  0.1258  0.0355  0.1751  0.0513 -0.0003  0.0795 0 
 46.9642 -0.0130 -0.8940  0.0255  0.2987  0.0356  0.4772  0.0579 -0.0003  0.2062 0 
 31.7601  0.0323  2.2023  0.0239  0.5552  0.0159  0.3863  0.0493 -0.0003  0.1436 0 
 43.1342 -0.0754 -2.8448  0.0207  0.1986  0.0299  0.2218  0.0023 -0.0003  0.0877 0 
 37.4456  0.0889  0.2838  0.0100  0.4648  0.0115  0.1844  0.0156  0.0763  0.1410 0 
 44.5686  0.6417  2.4490  0.0163  0.3284  0.0247  0.2639  0.0193 -0.0003  0.0976 0 
 44.3183 -0.6552 -0.6475  0.0530  0.4825  0.0644  0.3964  0.1154  0.0795  0.6236 0 
 51.2306 -0.6030 -2.8623  0.0175  0.5384  0.0463  0.2970  0.0108 -0.0003  0.2447 0 
 49.6651  0.6115  0.2644  0.0295  0.4226  0.1684  0.4704  0.0114 -0.0003  0.2524 0 
 50.2083 -0.2587 -2.6306  0.0069  0.4337  0.1065  0.4265  0.0363 -0.0003  0.1875 0 
 46.5217  0.2558  0.5317  0.0273  0.1497  0.0804  0.3914  0.0400 -0.0003  0.1295 0 
 50.4067 -0.5442 -2.3497  0.0441  0.0218  0.0415  0.0852  0.0016 -0.0003  0.0966 0 
 44.6662  0.5514  0.7640  0.0115  0.0810  0.0690  0.1319  0.0038 -0.0003  0.1039 0 
 53.6385 -0.6177  0.4800  0.0354  0.4907  0.0208  0.2516  0.0445 -0.0003  0.1497 0 
 48.2551  0.6321 -2.6815  0.0556  0.1005  0.0496  0.2585  0.0128 -0.0003  0.1021 0 
 48.5451 -0.4362  1.1482  0.0671  0.1610  0.0506  0.4732  0.0352  0.2101  0.4938 0 
 46.3691  0.4559 -1.9650  0.0602  0.2713  0.0109  0.2176  0.0308 -0.0003  0.1066 0 
 43.6774 -0.2388 -1.6385  0.0960  0.1142  0.0390  0.5748  0.1402 -0.0003  0.4978 0 
 41.6358  0.2154  1.4902  0.0157  0.6600  0.0156  0.1344  0.0895 -0.0003  0.1524 0 
 48.4749  0.4078 -0.8980  0.0644  0.1543  0.1352  0.3442  0.0589 -0.0003  0.2513 0 
 32.8557 -0.4088  2.1944  0.0386  0.6249  0.0165  0.1435  0.0154 -0.0003  0.1681 0 
 53.4218 -0.2812 -2.6146  0.0089  0.0628  0.0380  0.2519  0.0047 -0.0003  0.0599 0 
 47.6600  0.2820  0.5363  0.0178  0.0232  0.0365  0.2593  0.1127 -0.0003  0.0741 0 
 44.3885  0.4367 -0.8638  0.0155  0.1865  0.0249  0.2201  0.0840 -0.0003  0.0681 0 
 43.1434 -0.4669  2.3120  0.0083  0.7000  0.1296  0.7098  0.0600  0.5938  0.8143 0 
 47.8981  0.7809 -2.1204  0.4081  0.2092  0.1240  0.5180  0.3427 -0.0003  0.9964 1 
 46.2745 -0.7904  1.0128  0.1605  0.6390  0.0672  0.3049  0.1177  0.3784  0.9894 1 
 46.1250  0.0289  0.3484  0.0237  0.1016  0.0606  0.3051  0.0118 -0.0003  0.0861 0 
 40.7080 -0.0213 -2.7679  0.1308  0.6438  0.0315  0.2704  0.0298 -0.0003  0.6817 0 
 47.3884  0.2851  2.7877  0.0212  0.3850  0.1571  0.6925  0.0400 -0.0003  0.3051 0 
 39.6887 -0.2510 -0.3659  0.0299  0.3507  0.0147  0.1361  0.0255 -0.0003  0.1233 0 
 47.8462  0.5209 -1.8027  0.6548  0.4309  0.1131  0.4318  0.1385  0.5674  0.9981 1 
 36.5667 -0.5338  1.3715  0.1775  0.4553  0.0691  0.2784  0.0724  0.5725  0.9984 1 
 34.5037  0.3620 -1.9334  0.0215  0.4985  0.0319  0.3773  0.0358 -0.0003  0.1903 0 
 32.8588 -0.3423  1.2166  0.3014  0.2636  0.0399  0.3348  0.1993 -0.0003  0.9102 0 
 46.4454  0.2313 -0.5355  0.0036  0.4189  0.0676  0.3916  0.1111 -0.0003  0.2206 0 
 43.3845 -0.2140  2.6232  0.0704  0.3722  0.2476  0.6645  0.0928 -0.0003  0.4917 0 
 42.6642  0.2944  2.9075  0.0176  0.6596  0.1386  0.4005  0.0224 -0.0003  0.2634 0 
 37.6654 -0.2880 -0.2475  0.0233  0.1507  0.0107  0.1381  0.0115 -0.0003  0.0531 0 
 45.3834  0.3655 -0.3341  0.0547  0.0889  0.0903  0.2189  0.0274 -0.0003  0.1108 0 
 42.6703 -0.3412  2.7944  0.0668  0.3808  0.0251  0.2670  0.0904  0.1077  0.5516 0 
 47.1290  0.8004  0.8166  0.0355  0.2223  0.0714  0.2167  0.0820  0.3304  0.6299 0 
 40.9766 -0.7816 -2.3328  0.0826  0.2944  0.0234  0.3598  0.1310  0.2693  0.9113 0 
 56.3424 -0.2028  2.5869  0.0140  0.1738  0.0586  0.2486  0.0746 -0.0003  0.1126 0 
 51.0872  0.2025 -0.6061  0.0022  0.1548  0.0152  0.3397  0.0954 -0.0003  0.0451 0 
 48.6244  0.6923  3.1223  0.1484  0.3203  0.0247  0.4730  0.0464 -0.0003  0.5609 0 
 41.8158 -0.6955 -0.0296  0.0126  0.1286  0.0673  0.3131  0.0496 -0.0003  0.0873 0 
 58.3474  0.4679  0.9368  0.0139  0.1086  0.0770  0.2054  0.0113 -0.0003  0.0941 0 
 50.2785 -0.4142 -2.1945  0.0132  0.3571  0.0417  0.5116  0.1231 -0.0003  0.2580 0 
 47.5166 -0.6528 -0.8334  0.0248  0.2350  0.0401  0.1730  0.0051 -0.0003  0.1556 0 
 31.2871  0.6542  2.3292  0.0916  0.2127  0.0286  0.3395  0.0678 -0.0003  0.2872 0 
 50.7912 -0.6048  2.7289  0.0443  0.3696  0.1338  0.5102  0.0115 -0.0003  0.2869 0 
 49.5064  0.5970 -0.4627  0.1009  0.4662  0.0236  0.2140  0.1042 -0.0003  0.4093 0 
 57.4838 -0.4823  1.1775  0.1776  0.2448  0.0422  0.2061  0.0767 -0.0003  0.6067 0 
 43.0549  0.4700 -1.9433  0.0457  0.3027  0.0312  0.3995  0.0826 -0.0003  0.2560 0 
 42.5269  0.6515 -0.2286  0.0275  0.2256  0.0209  0.3562  0.1387 -0.0003  0.1483 0 
 42.3499 -0.6592  2.9655  0.0349  0.6548  0.0381  0.3121  0.0506 -0.0003  0.3064 0 
 47.0710 -0.6651 -0.5607  0.2177  0.4041  0.0140  0.3469  0.1474 -0.0003  0.6518 0 
 46.1555  0.6575  2.5867  0.0645  0.3031  0.0392  0.1743  0.0268 -0.0003  0.2837 0 
 49.5735 -0.2210 -2.2016  0.0175  0.5047  0.2201  0.5134  0.0810 -0.0003  0.2895 0 
 46.6804  0.2424  0.9604  0.0221  0.1352  0.0474  0.3476  0.0137 -0.0003  0.0914 0 
 46.9245  0.5656 -0.8222  0.0748  0.3508  0.0668  0.5207  0.1329  0.2980  0.8529 0 
 46.1372 -0.5630  2.3234  0.0058  0.0774  0.1040  0.5230  0.0546 -0.0003  0.0798 0 
 46.2898 -0.1474  2.0245  0.0401  0.2366  0.0385  0.3048  0.0327 -0.0003  0.1527 0 
 43.7964  0.1672 -1.1001  0.0181  0.4712  0.1170  0.3535 -0.0008 -0.0003  0.2024 0 
 47.7607  0.1110  1.7443  0.0041  0.4806  0.1809  0.6479  0.0178 -0.0003  0.2365 0 
 45.3681 -0.1109 -1.3180  0.0060  0.4897  0.0472  0.3502  0.0179 -0.0003  0.1788 0 
 53.7270  0.2359 -0.5480  0.0182  0.1883  0.0139  0.0838  0.0035 -0.0003  0.0942 0 
 37.6898 -0.2233  2.5959  0.0209  0.0686  0.0485  0.2761  0.0147 -0.0003  0.0698 0 
 50.8370 -0.2658  3.1078  0.0117  0.2298  0.0832  0.4251  0.0388 -0.0003  0.1432 0 
 47.7089  0.2472 -0.0909  0.0418  0.3374  0.0475  0.3457  0.1108 -0.0003  0.3469 0 
 49.3355  0.0240  2.6480  0.0249  0.1368  0.0454  0.5140  0.0328 -0.0003  0.1399 0 
 43.4852 -0.0279 -0.4662  0.0504  0.5431  0.1151  0.5312  0.0143 -0.0003  0.3080 0 
 48.6427  0.2516  1.2402  0.1843  0.2259  0.0347  0.1720  0.2658 -0.0003  0.7895 1 
 47.6020 -0.2603 -1.8776  0.1672  0.1978  0.1417  0.2162  0.1899 -0.0003  0.8701 1 
 43.5584  0.2545 -1.3438  0.1629  0.4872  0.0312  0.3983  0.1262 -0.0003  0.7721 1 
 42.3957 -0.2514  1.8107  0.0299  0.8152  0.0458  0.3120  0.0433 -0.0003  0.3567 1 
 46.4302 -0.6360  0.8370  0.0443  0.1624  0.0255  0.3046  0.0558 -0.0003  0.0908 0 
 38.0102  0.6139 -2.2341  0.0018  0.6766  0.0300  0.2754  0.0891 -0.0003  0.1560 0 
 52.0272 -0.3754  1.3173  0.0125  0.2391  0.0564  0.3803  0.0196 -0.0003  0.1339 0 
 46.1097  0.3656 -1.7955  0.0244  0.5864  0.0404  0.4359  0.0458 -0.0003  0.2606 0 
 56.7636 -0.6028 -1.5000  0.1741  0.1997  0.0674  0.4135  0.2657  0.0509  0.9233 0 
 46.4149  0.6109  1.6369  0.0406  0.7612  0.0220  0.2176  0.0980 -0.0003  0.2613 0 
 51.2062 -0.5463  0.4232  0.0040  0.3783  0.0690  0.4667  0.0522 -0.0003  0.1676 0 
 40.7965  0.5316 -2.7432  0.0019  0.2569  0.0425  0.2252  0.1612 -0.0003  0.2063 0 
 49.3690 -0.2110  2.8049  0.5982  0.2385  0.1319  0.5567  0.5295 -0.0003  0.9972 1 
 42.6123  0.2149 -0.3192  0.1422  0.4570  0.0436  0.5341  0.2054 -0.0003  0.8914 1 
 46.4027  0.5815  0.6328  0.0236  0.3913  0.0196  0.3917  0.0557 -0.0003  0.1307 0 
 45.0629 -0.5642 -2.5018  0.0329  0.7711  0.0191  0.3947  0.0864 -0.0003  0.2568 0 
 44.1413  0.6411  2.2813  0.0021  0.4009  0.0386  0.3528  0.0731 -0.0003  0.1250 0 
 40.1556 -0.6264 -0.8444  0.0716  0.2015  0.0204  0.2713  0.0468  0.1543  0.5229 0 
 49.6223 -0.6744 -2.6238  0.0277  0.6429  0.0544  0.2566  0.0220 -0.0003  0.3407 0 
 44.1566  0.6618  0.4759  0.0193  0.7376  0.0555  0.2645  0.0093 -0.0003  0.3070 0 
 46.0975 -0.0838  2.9820  0.0179  0.0843  0.0625  0.3924  0.0355 -0.0003  0.0818 0 
 45.8900  0.1243 -0.1392  0.0095  0.0212  0.0083  0.1309  0.0087 -0.0003  0.0441 0 
 46.8788  0.4452 -1.9876  0.5258  0.2755  0.0679  0.3472  0.6184  0.3970  0.9999 1 
 31.8914 -0.4427  1.1547  0.2208  0.2784  0.0915  0.2412  0.1994  0.2129  0.9495 1 
 51.0109 -0.2278  2.2498  0.0061  0.5400  0.0930  0.3822  0.0662 -0.0003  0.2192 0 
 47.5532  0.2512 -0.8818  0.0010  0.1576  0.0177  0.1730  0.0412 -0.0003  0.0425 0 
 43.5828 -0.5580  1.3809  0.0433  0.4245  0.0698  0.3539  0.0495 -0.0003  0.3391 0 
 37.4548  0.5749 -1.7609  0.1028  0.3151  0.0193  0.3226  0.0964 -0.0003  0.3664 0 
 45.7984 -0.3511  0.0132  0.0095  0.2806  0.0614  0.5240  0.0983 -0.0003  0.2092 0 
 40.7416  0.3445 -3.1258  0.0073  0.2045  0.1751  0.4955  0.0198 -0.0003  0.1599 0 
 45.6550  0.3044 -3.1330  0.0280  0.1907  0.0497  0.4808  0.0253 -0.0003  0.1684 0 
 40.4761 -0.2944  0.0000  0.0742  0.1806  0.0474  0.1805  0.1065 -0.0003  0.3329 0 
 47.8737  0.6056  0.1896  0.0351  0.4194  0.0410  0.4317  0.0971 -0.0003  0.3391 0 
 46.3294 -0.6237 -2.9144  0.0050  0.3186  0.1220  0.3483  0.0161 -0.0003  0.1589 0 
 48.1453  0.2871  0.5238  0.0266  0.3747  0.0259  0.3448  0.1516 -0.0003  0.2419 0 
 47.5959 -0.2834 -2.6310  0.0241  0.2137  0.0470  0.3458  0.0244  0.0047  0.1359 0 
 47.4464 -0.6716 -2.2843  0.1340  0.4209  0.0948  0.3462  0.2398 -0.0003  0.9200 0 
 36.6003  0.6807  0.8337  0.0269  0.2913  0.0194  0.1855  0.1799 -0.0003  0.2252 0 
 51.4321  0.7358  0.2154  0.0089  0.5167  0.0409  0.4662  0.0810 -0.0003  0.2108 0 
 48.1392 -0.7403 -2.8851  0.0547  0.4376  0.1857  0.4742  0.0511 -0.0003  0.3401 0 
 51.7556  0.7842 -1.5055  0.0042  0.4490  0.1069  0.3385  0.1719 -0.0003  0.3520 0 
 31.7815 -0.7951  1.5982  0.0021  0.4895  0.0140  0.3380  0.0767 -0.0003  0.0830 0 
 47.0283  0.7019  0.2509  0.1190  0.2512  0.0295  0.4770  0.2619 -0.0003  0.7734 0 
 46.5064 -0.6959 -2.9453  0.0727  0.2561  0.0181  0.2175  0.0164 -0.0003  0.1523 0 
 41.5442 -0.4472  2.7552  0.3723  0.1766  0.1691  0.3137  0.0850  0.8046  0.9994 1 
 39.2950  0.4102 -0.3488  0.4406  0.4286  0.1172  0.5004  0.2565 -0.0003  0.9934 1 
 46.4271 -0.3861  1.8632  0.0298  0.3210  0.0619  0.7397  0.0181  0.1141  0.4349 0 
 37.9675  0.4062 -1.2003  0.0273  0.4182  0.1216  0.3674  0.1926 -0.0003  0.4740 0 
 45.8900 -0.0783  1.7876  0.0968  0.2030  0.0181  0.2182  0.0495 -0.0003  0.1666 0 
 38.2788  0.0869 -1.3497  0.0058  0.2811  0.0292  0.4582  0.0872 -0.0003  0.1219 0 
 50.4433 -0.2005  1.3593  0.2314  0.3483  0.0579  0.2981  0.2329 -0.0003  0.9417 1 
 49.8238  0.1607 -1.7784  0.5097  0.4209  0.0386  0.4273  0.5465  0.2928  0.9997 1 
 50.5745  0.5519 -1.3537  0.0231  0.1373  0.0336  0.2980  0.0120 -0.0003  0.0704 0 
 46.2074 -0.5561  1.7823  0.0497  0.1254  0.0276  0.1743  0.0114  0.1006  0.2625 0 
 47.6081 -0.3342 -1.8559  0.9115  0.6306  0.0977  0.6052  0.3489 -0.0003  0.9913 1 
 45.3254  0.2980  1.2630  0.0701  0.3955  0.0670  0.3065  0.1104  0.5468  0.9925 1 
 58.0087  0.0530  2.2519  0.1413  0.1415  0.1000  0.3702  0.2491  0.3465  0.9307 0 
 44.2267 -0.0600 -0.9254  0.0392  0.4546  0.1601  0.5729  0.0399 -0.0003  0.3074 0 
 45.9327  0.7767 -2.2704  0.0999  0.4520  0.0308  0.5236  0.0789  0.0377  0.6741 0 
 40.0610 -0.7785  0.8469  0.0591  0.7477  0.0598  0.3620  0.0705 -0.0003  0.5503 0 
 46.9093  0.2561 -2.8838  0.0193  0.0955  0.0202  0.0868  0.0012 -0.0003  0.0718 0 
 45.6825 -0.2539  0.2534  0.0114  0.2724  0.0269  0.1748  0.0020 -0.0003  0.1138 0 
 49.2134  0.2092 -2.7243  0.0390  0.1318  0.1228  0.3858  0.0330 -0.0003  0.1340 0 
 42.9908 -0.2095  0.4209  0.0049  0.3783  0.0159  0.2220  0.0375 -0.0003  0.0769 0 
 48.0171  0.3133 -0.5534  0.0277  0.0993  0.0811  0.2157  0.0198 -0.0003  0.0965 0 
 46.7994 -0.3141  2.5680  0.0295  0.5663  0.0519  0.4342  0.0551 -0.0003  0.2986 0 
 49.3263 -0.7879  1.8099  0.0595  0.4373  0.0280  0.3855  0.1541  0.1051  0.6607 0 
 43.9643  0.7856 -1.2600  0.0298  0.7143  0.0634  0.5738  0.0446 -0.0003  0.3178 0 
 48.0537 -0.4480  2.2335  0.0046  0.3659  0.2228  0.5606  0.0396  0.3475  0.4441 0 
 47.9500  0.4474 -0.8915  0.0687  0.2692  0.0258  0.2157  0.1859 -0.0003  0.3766 0 
 47.7760 -0.0693  2.3077  0.2652  0.4129  0.0704  0.4319  0.1817 -0.0003  0.9451 1 
 44.0497  0.0844 -0.8111  0.4828  0.5270  0.0143  0.3088  0.5831 -0.0003  0.9977 1 
 47.7577  0.6892  2.4048  0.0907  0.6054  0.0374  0.3887  0.3249 -0.0003  0.8866 1 
 37.7752 -0.6993 -0.6756  0.3099  0.3452  0.0412  0.2759  0.3027 -0.0003  0.9728 1 
 44.0528  0.7125 -0.9900  0.0050  0.2466  0.0254  0.3088  0.0142 -0.0003  0.0644 0 
 43.0457 -0.7446  2.1789  0.0004  0.4414  0.0933  0.3551  0.0145 -0.0003  0.1642 0 
 45.4109 -0.4646 -0.8973  0.0881  0.3896  0.0468  0.4377  0.3104 -0.0003  0.8362 0 
 38.1476  0.4574  2.2593  0.0175  0.1958  0.0260  0.2293  0.0208 -0.0003  0.0642 0 
 46.0822  0.0323  0.3441  0.0043  0.6571  0.0255  0.4796  0.0143  0.1552  0.3647 0 
 42.2797 -0.0632 -2.7904  0.0472  0.2786  0.1644  0.5352  0.0255 -0.0003  0.3078 0 
 47.9255 -0.2208  1.8307  0.0049  0.0999  0.0548  0.4316  0.0502 -0.0003  0.0787 0 
 47.8340  0.2133 -1.2821  0.0050  0.5287  0.0423  0.2159  0.0943 -0.0003  0.2116 0 
 47.0497 -0.6930  0.7026  0.1975  0.6347  0.0647  0.3902  0.2021 -0.0003  0.9581 1 
 46.2745  0.6907 -2.4492  0.2114  0.2995  0.0282  0.4791  0.2696 -0.0003  0.9269 1 
 42.8901 -0.5847 -1.4898  0.5109  0.4254  0.0360  0.3110  0.5087 -0.0003  0.9975 1 
 37.7722  0.5550  1.7360  0.0826  0.4171  0.0971  0.3679  0.2246  0.3832  0.9423 1 
 50.2388 -0.6079  2.6857  0.0449  0.1559  0.0455  0.3837  0.0731 -0.0003  0.1704 0 
 44.7669  0.5898 -0.4580  0.0403  0.4067  0.0276  0.2196  0.0460 -0.0003  0.1743 0 
 44.6082 -0.8065  1.8849  0.0265  0.5242  0.1008  0.5716  0.1047 -0.0003  0.3330 0 
 41.9959  0.8102 -1.2328  0.1281  0.1100  0.0980  0.5362  0.0778  0.2457  0.7630 0 
 42.6856 -0.6078  2.3262  0.4038  0.5687  0.0370  0.4894  0.6394 -0.0003  0.9980 1 
 39.2584  0.6034 -0.8197  0.3037  0.0906  0.0449  0.4095  0.2979 -0.0003  0.9548 1 
 46.6926 -0.5066  1.8205  0.1220  0.3569  0.0340  0.2173  0.0236  0.2095  0.7935 0 
 43.2868  0.5274 -1.3132  0.0043  0.1622  0.0137  0.2659  0.1533 -0.0003  0.0694 0 
 45.4597 -0.4162  2.7991  0.6181  0.1916  0.0361  0.3500  0.4217 -0.0003  0.9915 1 
 28.6320  0.3837 -0.3022  0.3189  0.1601  0.0805  0.3485  0.4332 -0.0003  0.9919 1 
 45.5268  0.0293 -0.2370  0.0144  0.1568  0.0262  0.2187  0.0761 -0.0003  0.0582 0 
 45.4597 -0.0321  2.9100  0.0058  0.0669  0.0313  0.3500  0.0651 -0.0003  0.0528 0 
 46.3569  0.5272 -1.1892  0.0113  0.1382  0.0067  0.2612  0.1100 -0.0003  0.0445 0 
 45.7496 -0.5361  1.9825  0.0120  0.5890  0.0277  0.4368  0.0611 -0.0003  0.1777 0 
 41.1444 -0.0399 -2.9051  0.2279  0.2372  0.0328  0.4493  0.2404 -0.0003  0.9132 0 
 39.3103  0.0541  0.2774  0.0699  0.4254  0.0580  0.3639  0.1458  0.2474  0.8251 0 
 45.3193  0.4974 -0.8163  0.0544  0.2551  0.0139  0.2627  0.0219 -0.0003  0.1040 0 
 41.6327 -0.4946  2.3074  0.0373  0.5651  0.0316  0.4478  0.0582 -0.0003  0.3250 0 
 48.4596  0.5202  1.5935  0.0112  0.0805  0.1088  0.2582  0.0142 -0.0003  0.0636 0 
 45.7649 -0.5378 -1.5889  0.0005  0.1751  0.0562  0.3494  0.1813 -0.0003  0.1677 0 
 50.4646  0.4938 -2.6212  0.0375  0.3856  0.0273  0.0852  0.0069 -0.0003  0.2466 0 
 43.3783 -0.4742  0.5447  0.0262  0.1030  0.0818  0.1772  0.0080 -0.0003  0.1070 0 
 46.9093  0.6372  1.1666  0.0617  0.5567  0.0282  0.3906  0.0505  0.0852  0.5737 0 
 43.6286 -0.6385 -1.9698  0.0068  0.5285  0.0503  0.8404  0.0930 -0.0003  0.3074 0 
 47.9377  0.6521 -1.1749  0.0663  0.1761  0.0507  0.3884  0.0727 -0.0003  0.2680 0 
 47.3396 -0.6583  1.9949  0.0259  0.0870  0.0433  0.1732  0.0845 -0.0003  0.0834 0 
 44.2359  0.4786  0.3282  0.0000  0.2558  0.0099  0.1322  0.1347 -0.0003  0.1152 0 
 37.1252 -0.4647 -2.7940  0.0000  0.1093  0.0185  0.0924  0.0429 -0.0003  0.0527 0 
 57.2091 -0.5595 -0.2347  0.0369  0.2639  0.0255  0.3714  0.0261 -0.0003  0.1369 0 
 45.5848  0.5948  2.8954  0.0221  0.3936  0.0298  0.2186  0.0309  0.1442  0.4076 0 
 42.5940  0.0019  2.8676  0.0724  0.1702  0.0167  0.2671  0.0325 -0.0003  0.1039 0 
 39.1943  0.0247 -0.3083  0.0340  0.3216  0.2255  0.4552  0.0223 -0.0003  0.2711 0 
 53.5470 -0.1693  1.7644  0.1671  0.0887  0.0336  0.2098  0.0972 -0.0003  0.3497 0 
 25.2171  0.1452 -1.3516  0.0445  0.5118  0.0080  0.2587  0.1203 -0.0003  0.1746 0 
 50.9773  0.6585 -2.3079  0.0070  0.3115  0.0401  0.4248  0.0394 -0.0003  0.1282 0 
 44.4404 -0.6454  0.8870  0.0038  0.3520  0.1610  0.6162  0.0124 -0.0003  0.2124 0 
 47.9164 -0.2233  2.7401  0.0210  0.3612  0.1219  0.6042  0.0645 -0.0003  0.2841 0 
 43.5584  0.2218 -0.4012  0.0034  0.4573  0.0274  0.3097  0.0176 -0.0003  0.1132 0 
 47.7790  0.3026 -1.4216  0.0111  0.4069  0.0370  0.5615  0.0434 -0.0003  0.2044 0 
 44.3153 -0.2773  1.6999  0.0760  0.3037  0.0869  0.3084  0.0411 -0.0003  0.4134 0 
 56.1227  0.5267  1.0822  0.0820  0.1929  0.1138  0.2488  0.0112 -0.0003  0.3105 0 
 55.8511 -0.5143 -2.0225  0.0165  0.2092  0.0512  0.2906  0.0234 -0.0003  0.1132 0 
 49.0028  0.7100  1.7575  0.0109  0.1401  0.0187  0.1716  0.0226 -0.0003  0.0466 0 
 44.4892 -0.7004 -1.4005  0.0119  0.3573  0.1158  0.3080  0.0032 -0.0003  0.1803 0 
 48.6580  0.0274  1.6606  0.0356  0.6768  0.1198  0.6448  0.0543 -0.0003  0.3322 1 
 41.4862  0.0083 -1.4907  0.1839  0.2178  0.0190  0.3586  0.2770  0.3121  0.9972 1 
 43.7690  0.6484 -0.3859  0.0233  0.1153  0.0307  0.2651  0.0130 -0.0003  0.0598 0 
 35.1080 -0.6638  2.7424  0.0211  0.4775  0.0255  0.2816  0.1210  0.0184  0.2201 0 
 48.4016  0.0492 -1.5526  0.0196  0.3701  0.0118  0.3013  0.0312 -0.0003  0.0779 0 
 48.0995 -0.0541  1.5816  0.0120  0.1610  0.0498  0.3881  0.0275 -0.0003  0.0938 0 
 46.5370  0.2725 -0.0401  0.0246  0.1831  0.0209  0.3044  0.0894 -0.0003  0.0744 0 
 37.8363 -0.2651  3.1335  0.0033  0.5897  0.0497  0.3218  0.1188 -0.0003  0.2780 0 
 47.3304 -0.0015  2.3539  0.3374  0.6678  0.0408  0.5196  0.4709 -0.0003  0.9951 1 
 34.7234 -0.0115 -0.7772  0.1978  0.7167  0.0290  0.3295  0.2823 -0.0003  0.9396 1 
 40.8759  0.0592 -0.9578  0.0007  0.3391  0.1306  0.4951  0.1798 -0.0003  0.2813 0 
 35.9106 -0.0561  2.1950  0.0233  0.2924  0.0522  0.2798  0.0447 -0.0003  0.1780 0 
 45.6764 -0.1114  1.8182  0.0383  0.6745  0.0499  0.5244  0.0390 -0.0003  0.3383 0 
 34.2504  0.0744 -1.3136  0.0387  0.3513  0.0284  0.3781  0.0488 -0.0003  0.1974 0 
 47.0893  0.3954 -0.8642  0.0729  0.6457  0.0692  0.1301  0.0374 -0.0003  0.6538 1 
 41.6449 -0.4554  2.3035  0.1896  0.4750  0.2432  0.3583  0.3994  0.3046  0.9916 1 
 43.2929 -0.4981  2.9513  0.1428  0.1877  0.1359  0.2659  0.1326 -0.0003  0.7038 1 
 37.1710  0.4954 -0.1825  0.0771  0.8115  0.1110  0.6005  0.3438 -0.0003  0.9438 1 
 48.7312  0.4357 -2.1286  0.9667  0.4972  0.0357  0.5586  1.0075  0.1188  0.9987 1 
 30.5119 -0.4445  0.9481  0.1581  0.3911  0.0491  0.2443  0.0660  0.3851  0.9913 1 
 57.9568  0.5456  2.8691  0.0222  0.2935  0.0294  0.2468  0.1303 -0.0003  0.1763 0 
 43.3936 -0.5228 -0.2594  0.0155  0.3093  0.0161  0.0886  0.0036 -0.0003  0.1531 0 
 46.2959 -0.1691  0.2837  0.0413  0.2775  0.0367  0.3484  0.0471 -0.0003  0.1897 0 
 23.9963  0.1515 -2.8199  0.0133  0.0225  0.0407  0.3153  0.0035 -0.0003  0.0647 0 
 48.3284 -0.3018 -2.5623  0.0303  0.2088  0.1226  0.7321  0.0640 -0.0003  0.3676 0 
 48.3101  0.3157  0.5838  0.0716  0.5425  0.0293  0.4307  0.0784 -0.0003  0.5144 0 
 44.2817 -0.5145 -1.5193  0.0739  0.3903  0.0182  0.3965  0.1199 -0.0003  0.3997 0 
 40.3876  0.5177  1.6052  0.0129  0.1795  0.0968  0.4064  0.0545 -0.0003  0.1239 0 
 45.9602  0.0221  2.8757  0.2087  0.7038  0.0510  0.3054  0.4005 -0.0003  0.9841 0 
 41.6907  0.0524 -0.2384  0.0581  0.4013  0.0979  0.5372  0.0312 -0.0003  0.3580 0 
 46.7872  0.4021 -1.5690  1.2787  0.4039  0.0296  0.5645  1.2077 -0.0003  0.9977 1 
 25.1621 -0.4037  1.6447  0.2846  0.2856  0.0400  0.4142  0.3590  0.3412  0.9994 1 
 47.9713 -0.4850 -2.2835  0.0372  0.3578  0.1087  0.6040  0.0738 -0.0003  0.3571 0 
 42.8626  0.5086  0.8638  0.0009  0.2691  0.0219  0.3111  0.0169 -0.0003  0.0577 0 
 44.8188  0.4841  0.1783  0.3641  0.7015  0.0859  0.5709  0.3137  0.4486  0.9998 1 
 41.7365 -0.4288 -2.8245  0.0608  0.5679  0.1570  0.6266  0.0699 -0.0003  0.3892 1 
 47.3976 -0.1184 -1.8293  0.0360  0.3436  0.1425  0.6059  0.0091  0.3061  0.4901 0 
 42.6398  0.1223  1.3572  0.0227  0.1477  0.0363  0.4450  0.0363 -0.0003  0.1070 0 
 50.6996 -0.5446 -0.3448  0.9162  0.6138  0.1795  0.5955  0.3087 -0.0003  0.9910 1 
 29.7124  0.5288  2.7883  0.2283  0.6099  0.0273  0.2462  0.1774  0.3319  0.9903 1 
 49.7444  0.3246  1.7729  0.0191  0.1270  0.0129  0.2992  0.0113 -0.0003  0.0416 0 
 45.5848 -0.3173 -1.3904  0.0312  0.1643  0.0630  0.5247  0.0114 -0.0003  0.1779 0 
 46.4271 -0.2065 -0.8720  0.2674  0.5466  0.0556  0.5657  0.1800 -0.0003  0.9503 1 
 38.2422  0.2173  2.2588  0.6396  0.4206  0.0221  0.5041  0.4508  0.0364  0.9959 1 
 36.0388  0.7286  0.0799  0.1966  0.1674  0.0548  0.1864  0.1773  0.5379  0.9987 1 
 33.1029 -0.7103 -3.0199  0.3233  0.5394  0.0723  0.2863  0.1734 -0.0003  0.9625 1 
 48.1147 -0.1153  0.2566  0.0067  0.2538  0.0425  0.5604  0.1191 -0.0003  0.2068 0 
 41.3703  0.1107 -2.8695  0.1281  0.6794  0.0206  0.4935  0.0865 -0.0003  0.7377 0 
 42.7893  0.7008 -1.6404  0.0930  0.4117  0.0305  0.2667  0.1544 -0.0003  0.5623 1 
 41.2055 -0.7013  1.4755  0.1083  0.4174  0.0797  0.2245  0.1640  0.6044  0.9976 1 
 39.3164  0.1411  1.3189  0.0218  0.3984  0.0404  0.3184  0.0275 -0.0003  0.1861 0 
 34.5708 -0.1402 -1.8552  0.0159  0.2013  0.0066  0.1414  0.0038 -0.0003  0.0602 0 
 47.4403  0.4079  1.2105  0.0568  0.6472  0.0679  0.4760  0.0162 -0.0003  0.3620 0 
 45.0538 -0.4008 -1.9146  0.0321  0.3765  0.0881  0.4824  0.0372 -0.0003  0.2624 0 
 45.9449 -0.4626  1.4382  0.0020  0.6243  0.0147  0.3054  0.0438  0.0518  0.1288 0 
 45.1606  0.4929 -1.7020  0.0389  0.0924  0.0366  0.3068  0.0522 -0.0003  0.0758 0 
 49.6742  0.0676 -0.2659  0.1892  0.3169  0.0190  0.3848  0.2380 -0.0003  0.8161 1 
 34.6716 -0.0673  2.8943  0.0287  0.0671  0.0147  0.4238  0.0231 -0.0003  0.0596 1 
 48.2033  0.5971 -3.0413  0.6555  0.7395  0.0439  0.4740  0.4843 -0.0003  0.9973 1 
 37.6532 -0.6238  0.2016  0.1957  0.4052  0.1357  0.4142  0.2833  0.6885  0.9983 1 
 52.0912 -0.4802  0.6794  0.0222  0.4992  0.0675  0.6759  0.0305  0.2413  0.5343 0 
 45.4231  0.4609 -2.4676  0.0518  0.2837  0.0176  0.3501  0.0665 -0.0003  0.1560 0 
 45.0141  0.4146 -0.8426  0.2961  0.3195  0.0624  0.4387  0.4462 -0.0003  0.9955 1 
 42.1363 -0.3710  2.2571  0.4728  0.8828  0.0483  0.6696  0.4184 -0.0003  0.9912 1 
 51.0658  0.7382  1.3755  0.5671  0.6972  0.0354  0.4246  0.7550 -0.0003  0.9983 1 
 16.8032 -0.7971 -1.7359  0.0282  0.5185  0.0154  0.2959  0.1683  0.0940  0.4290 1 
 50.7576  0.1820 -1.5662  0.2101  0.6979  0.0619  0.5103  0.2045 -0.0003  0.9623 1 
 39.5911 -0.1847  1.6026  0.3879  0.4899  0.0150  0.3632  0.5317 -0.0003  0.9966 1 
 44.1596  0.2213 -0.9483  0.0596  0.3774  0.0369  0.2645  0.0328 -0.0003  0.2901 0 
 38.7182 -0.2098  2.1739  0.0279  0.3339  0.0262  0.1827  0.0136  0.1173  0.3546 0 
 47.0741  0.4960  0.7246  0.4984  0.6228  0.0395  0.3469  0.7048 -0.0003  0.9982 1 
 42.7771 -0.5165 -2.4077  0.2629  0.2801  0.0602  0.2223  0.1508 -0.0003  0.8850 1 
 45.5665 -0.5481 -3.0948  0.0253  0.6154  0.0422  0.3061  0.0471 -0.0003  0.2707 0 
 35.2789  0.5466  0.0337  0.0273  0.1624  0.0597  0.3281  0.0414 -0.0003  0.1215 0 
 39.7223 -0.6729 -2.7612  0.0409  0.2930  0.0523  0.5897  0.0701 -0.0003  0.3598 0 
 30.7774  0.6922  0.3572  0.0399  0.2068  0.0105  0.3411  0.1368  0.1363  0.4483 0 
 45.9052 -0.5746  2.0151  0.6810  0.2804  0.0554  0.4801  0.4571 -0.0003  0.9947 1 
 42.0966  0.5871 -1.1339  0.0789  0.3864  0.0613  0.3572  0.0340  0.2396  0.6970 1 
 47.9286 -0.2451 -1.4061  0.2858  0.3115  0.0611  0.4315  0.2733 -0.0003  0.9786 1 
 46.4942  0.2864  1.7459  0.5371  0.2745  0.1465  0.4785  0.5394 -0.0003  0.9983 1 
 46.5126  0.7524 -1.6858  0.0433  0.3153  0.0104  0.4349  0.0815 -0.0003  0.1752 0 
 45.1423 -0.7355  1.4410  0.0044  0.0406  0.0793  0.1315  0.0883 -0.0003  0.1068 0 
 50.2480  0.0176 -0.5089  0.0228  0.5264  0.1847  0.4690  0.0158 -0.0003  0.2546 1 
 43.3417 -0.0174  2.6864  0.0051  0.4703  0.0496  0.2658  0.0787 -0.0003  0.2039 1 
 50.5135  0.1400  1.3168  0.0560  0.2307  0.0734  0.4258  0.0280 -0.0003  0.2796 0 
 44.4526 -0.1509 -1.8560  0.1120  0.0702  0.1945  0.3081  0.0776 -0.0003  0.2434 0 
 47.7485  0.4363 -1.1383  0.0393  0.2884  0.0244  0.1728  0.0880 -0.0003  0.1602 0 
 45.4078 -0.4471  1.9864  0.0041  0.1767  0.0751  0.3064  0.0278 -0.0003  0.0974 0 
 44.7517  0.6577  1.0492  0.0189  0.2484  0.1916  0.6590  0.0031 -0.0003  0.2513 0 
 37.6501 -0.6799 -2.1541  0.0375  0.1753  0.0294  0.0460  0.0091  0.0472  0.2576 0 
 51.0170  0.3306 -2.1394  0.0186  0.3708  0.0610  0.2548  0.0220 -0.0003  0.2350 0 
 44.7364 -0.3679  1.0093  0.0052  0.1225  0.0359  0.2197  0.0180 -0.0003  0.0565 0 
 49.3385  0.6674  0.1088  0.1317  0.3175  0.0610  0.5568  0.0208 -0.0003  0.5380 0 
 46.1250 -0.6680 -3.0435  0.0220  0.7437  0.0191  0.2615  0.0416 -0.0003  0.1566 0 
 42.9206 -0.5898  0.3020  0.0007  0.2839  0.0429  0.5331  0.0314 -0.0003  0.1378 0 
 34.2565  0.5777 -2.8435  0.0990  0.6620  0.0187  0.1890  0.0184 -0.0003  0.3758 0 
 55.4116 -0.0931 -1.8766  0.1638  0.3574  0.0365  0.2496  0.2642 -0.0003  0.8504 1 
 43.2959  0.1411  1.2444  0.2102  0.1900  0.0344  0.2659  0.3914  0.2057  0.9792 1 
 43.1647 -0.4302 -2.9521  0.0328  0.1294  0.0294  0.4435  0.2536  0.0644  0.3862 0 
 40.6226  0.4116  0.1677  0.0096  0.5437  0.0110  0.1803  0.1019 -0.0003  0.1224 0 
 44.4984 -0.4218  2.5529  0.0392  0.3034  0.0327  0.5280  0.0298 -0.0003  0.2688 0 
 41.1627  0.4297 -0.5656  0.0696  0.3278  0.0599  0.5391  0.1024  0.0982  0.6479 0 
 45.8015  0.7821  2.6474  0.0281  0.2228  0.0124  0.2184  0.0847 -0.0003  0.0766 0 
 43.0243 -0.7867 -0.4469  0.0428  0.2812  0.0164  0.2220  0.0508 -0.0003  0.1042 0 
 41.6083  0.6593 -2.0446  0.4645  0.4671  0.0334  0.3583  0.4134 -0.0003  0.9958 1 
 40.4364 -0.6945  1.0899  0.0989  0.0956  0.0914  0.4965  0.0147  0.6172  0.9060 1 
 48.2918 -0.5114  2.6554  0.0544  0.2740  0.0158  0.1292  0.0339 -0.0003  0.1367 0 
 41.5076  0.5420 -0.5259  0.1106  0.6157  0.0809  0.4034  0.0355 -0.0003  0.6014 0 
 41.1017  0.7337 -2.9432  0.1126  0.4601  0.1205  0.4494  0.0678 -0.0003  0.5297 0 
 23.3890 -0.6493  0.2306  0.0010  0.3151  0.0524  0.4238  0.0101 -0.0003  0.1371 0 
 52.4514 -0.3857 -1.9081  0.0370  0.0834  0.0692  0.4217  0.0928  0.3355  0.4646 0 
 42.4994  0.3899  1.2448  0.0379  0.4852  0.0464  0.2227  0.0656 -0.0003  0.3307 0 
 46.4546  0.4175 -3.0895  0.1971  0.4100  0.0366  0.2610  0.3220 -0.0003  0.9288 1 
 38.1689 -0.4128  0.0606  0.2079  0.3702  0.0715  0.5502  0.1483  0.2023  0.9447 1 
 51.1421  0.6790 -0.5737  0.0114  0.5496  0.1064  0.8065  0.0010 -0.0003  0.2571 0 
 46.5858 -0.6733  2.5235  0.0475  0.7558  0.0291  0.4347  0.0392 -0.0003  0.3818 0 
 48.5969  0.3373 -0.6427  0.0136  0.4513  0.1771  0.6880  0.0341 -0.0003  0.2760 0 
 37.7081 -0.3627  2.4974  0.0442  0.5396  0.0150  0.1380  0.0027 -0.0003  0.1742 0 
 48.5237  0.2353 -2.8096  0.0626  0.1543  0.0468  0.3011  0.0385 -0.0003  0.1645 0 
 43.2959 -0.2071  0.3492  0.0365  0.6889  0.0692  0.4432  0.1440 -0.0003  0.5208 0 
 47.7150 -0.0591  0.8814  0.0703  0.4055  0.0826  0.4753  0.1577  0.0395  0.6782 1 
 39.6368  0.0338 -2.2852  0.0077  0.9164  0.0210  0.3177  0.0966 -0.0003  0.2003 1 
 48.9845  0.0833 -1.1084  0.5860  0.3446  0.1153  0.6008  0.5527 -0.0003  0.9975 1 
 36.3287 -0.1193  2.0165  0.1357  0.4827  0.0537  0.2789  0.1691  0.1419  0.8758 1 
 48.4657  0.5975 -2.4046  0.0348  0.6439  0.2392  0.2152  0.0128 -0.0003  0.2599 0 
 48.1758 -0.6475  0.7388  0.1175  0.4343  0.0706  0.3879  0.1436 -0.0003  0.7729 0 
 45.2735  0.5963 -2.2212  0.2337  0.2936  0.0388  0.0876  0.2565  0.3567  0.9967 1 
 39.1455 -0.5817  0.9200  0.3360  0.6013  0.0411  0.4554  0.5102 -0.0003  0.9965 1 
 49.6254 -0.0213 -0.7182  0.0363  0.0818  0.0560  0.5133  0.0331 -0.0003  0.1310 0 
 39.8871  0.0477  2.4161  0.0533  0.5191  0.0332  0.3171  0.0668  0.0777  0.5396 0 
 50.1808 -0.5583 -1.2088  0.0060  0.5028  0.0396  0.2986  0.0268 -0.0003  0.1647 0 
 36.0479  0.5620  1.9540  0.0380  0.7146  0.0571  0.3727  0.0306 -0.0003  0.3482 0 
 49.2378  0.3849  2.9156  0.0158  0.2542  0.0294  0.2143  0.0085 -0.0003  0.0992 0 
 45.1942 -0.3683 -0.2345  0.0838  0.4233  0.0163  0.3506  0.0333 -0.0003  0.2957 0 
 45.5268  0.6864  1.8743  0.0092  0.1954  0.1003  0.3936  0.0434 -0.0003  0.1191 0 
 38.4924 -0.6948 -1.3277  0.0124  0.1901  0.2106  0.3660  0.0034 -0.0003  0.1529 0 
 50.5867 -0.2228 -0.6689  0.0486  0.6555  0.2226  0.5959  0.0180 -0.0003  0.3309 1 
 38.8251  0.2302  2.4890  0.4069  0.6339  0.0334  0.4108  0.4678  0.3247  0.9996 1 
 52.1767  0.2196 -1.7679  0.0289  0.2159  0.0204  0.1689  0.0136 -0.0003  0.0869 0 
 32.4773 -0.1990  1.4065  0.0268  0.7995  0.0718  0.3359  0.0209 -0.0003  0.3062 0 
 47.0405 -0.2148 -2.4161  0.0634  0.3878  0.0276  0.5204  0.0504 -0.0003  0.4215 0 
 44.5197  0.2254  0.7003  0.0066  0.2988  0.0164  0.1760  0.0620 -0.0003  0.0788 0 
 42.5025  0.7647 -1.8273  0.0598  0.2875  0.0076  0.2672  0.0690 -0.0003  0.1139 0 
 39.3256 -0.7703  1.2633  0.0142  0.4018  0.0804  0.3184  0.0497 -0.0003  0.2194 0 
 43.7446  0.7768  1.8011  0.0027  0.3108  0.0060  0.1326  0.0141 -0.0003  0.0805 0 
 37.6989 -0.7752 -1.3196  0.0844  0.1461  0.1617  0.5061  0.1058 -0.0003  0.4547 0 
 42.7314 -0.7748 -2.2355  0.0443  0.0733  0.0404  0.1779  0.2269 -0.0003  0.2416 0 
 39.7742  0.7216  0.8940  0.1199  0.1207  0.0693  0.2721  0.1790 -0.0003  0.5655 0 
 46.2776 -0.1079  1.9917  0.0996  0.1477  0.0571  0.4791  0.1971 -0.0003  0.6067 0 
 41.4069  0.0338 -1.1422  0.0012  0.2948  0.0115  0.2243  0.1009 -0.0003  0.0694 0 
 48.0476  0.0676 -2.6570  0.0596  0.0886  0.0484  0.2157  0.0474 -0.0003  0.0974 0 
 40.2014 -0.0028  0.4802  0.0244  0.4977  0.0617  0.3165  0.0373 -0.0003  0.2724 0 
 95.4910 -0.6868 -2.3834  0.0627  0.2287  0.2523  0.3297  0.1330 -0.0003  0.5214 0 
 44.2817  0.7665  0.7367  0.0285  0.5483  0.0336  0.2203  0.0306 -0.0003  0.2191 0 
 44.0253 -0.2612 -2.6360  0.0023  0.6439  0.1762  0.5736  0.0464 -0.0003  0.2587 0 
 34.8882  0.2966  0.5134  0.0121  0.6298  0.1032  0.6582  0.0584 -0.0003  0.2729 0 
 45.0355  0.1603 -1.3164  0.0267  0.4888  0.0498  0.4825  0.2337 -0.0003  0.5549 1 
 42.5452 -0.1598  1.8032  0.3346  0.2723  0.0250  0.2226  0.2537  0.2413  0.9903 1 
 49.6284  0.4871 -2.4573  0.0149  0.1967  0.0636  0.3422  0.0292 -0.0003  0.1201 0 
 36.2188 -0.4892  0.6868  0.1519  0.1998  0.0058  0.1396  0.1727 -0.0003  0.3079 0 
 47.1382  0.7444 -0.3469  0.0628  0.2025  0.2038  0.5634  0.0537 -0.0003  0.3747 0 
 42.2492 -0.7676  2.8723  0.0862  0.7834  0.0386  0.4907  0.1138  0.1017  0.7782 0 
 47.2297 -0.4076  0.8606  0.0362  0.0742  0.0447  0.4332  0.0068 -0.0003  0.0967 0 
 41.0285  0.3993 -2.2965  0.0190  0.2321  0.0121  0.1799  0.0049 -0.0003  0.0684 0 
 49.2592  0.4378  2.1091  0.0600  0.6773  0.1016  0.6000  0.0182 -0.0003  0.3612 0 
 41.9440 -0.4547 -1.0323  0.0740  0.5208  0.0256  0.2682  0.0128 -0.0003  0.3432 0 
 46.7536 -0.5010 -0.3325  0.0223  0.4573  0.0402  0.4343  0.0451 -0.0003  0.2279 0 
 32.0348  0.5261  2.7927  0.1006  0.7505  0.0123  0.3372  0.1055 -0.0003  0.5215 0 
 45.6153  0.0722 -1.2270  0.6620  0.7016  0.0815  0.4371  0.4616 -0.0003  0.9975 1 
 41.2970 -0.0662  1.9157  0.3304  0.5102  0.0635  0.5835  0.3858 -0.0003  0.9945 1 
 45.5970 -0.7267 -2.3478  0.0203  0.2067  0.0088  0.0874  0.0065 -0.0003  0.0904 0 
 40.2380  0.7395  0.7843  0.0063  0.2917  0.0492  0.4068  0.0322 -0.0003  0.1314 0 
 37.6623  0.4935 -1.3159  0.0805  0.8727  0.0209  0.1841  0.1768 -0.0003  0.5228 1 
 35.2544 -0.4859  1.8396  0.5433  0.4172  0.0833  0.4688  0.7142  0.6567  0.9999 1 
 55.3262  0.7484 -2.7740  0.0294  0.3431  0.0365  0.4161  0.0236 -0.0003  0.2025 0 
 45.0935 -0.7162  0.4188  0.0711  0.2077  0.0390  0.3069  0.0140 -0.0003  0.2199 0 
 45.8137 -0.3691  2.4547  0.0464  0.0741  0.0370  0.2183  0.1014 -0.0003  0.0942 0 
 45.1270  0.3616 -0.6979  0.0680  0.1576  0.0059  0.3507  0.0528 -0.0003  0.0923 0 
 55.4269  0.7728  2.4786  0.1241  0.1244  0.0533  0.2911  0.0584 -0.0003  0.3005 0 
 42.1485 -0.7782 -0.6950  0.0562  0.1610  0.0126  0.1339  0.0902 -0.0003  0.1157 0 
 53.8857 -0.5316  1.3143  0.0133  0.4211  0.0638  0.2932  0.0386 -0.0003  0.2215 0 
 46.0517  0.5364 -1.8730  0.0265  0.3540  0.1293  0.5233  0.0156 -0.0003  0.2399 0 
 54.6334  0.7109 -1.1953  0.0018  0.5779  0.1851  0.5009  0.0386  0.5107  0.5679 0 
 48.2429 -0.7284  2.0084  0.0569  0.1937  0.0848  0.4308  0.0447 -0.0003  0.2723 0 
 50.6783 -0.2277 -0.4375  0.0584  0.5831  0.2668  0.8083  0.1995  0.7184  0.9761 0 
 48.9632  0.2629  2.6340  0.0629  0.1946  0.1008  0.3863  0.0483 -0.0003  0.2854 0 
 48.1453 -0.0202  1.7186  0.0116  0.0666  0.0237  0.1724  0.0112 -0.0003  0.0500 0 
 47.3182 -0.0183 -1.5019  0.0291  0.1805  0.0690  0.4330  0.0279 -0.0003  0.1598 0 
 47.1595 -0.3848 -0.4245  0.0339  0.1012  0.0236  0.4334  0.0865 -0.0003  0.1041 0 
 41.4008  0.3544  2.7420  0.1661  0.1039  0.0267  0.4037  0.1899  0.0907  0.7829 0 
 47.0069  0.5759  3.1292  0.0828  0.1292  0.0461  0.1301  0.0330 -0.0003  0.1907 0 
 39.8840 -0.5596  0.0261  0.1625  0.3879  0.0089  0.2718  0.1265 -0.0003  0.4411 0 
 49.6193  0.0130  0.4299  0.0397  0.4652  0.0457  0.2139  0.0239 -0.0003  0.3221 0 
 46.8879  0.0088 -2.7216  0.0229  0.4769  0.0924  0.4774  0.0151 -0.0003  0.2235 0 
 47.6143  0.8002  1.1559  0.1887  0.6700  0.0449  0.3458  0.2770 -0.0003  0.9592 1 
 42.8656 -0.7884 -1.9223  0.3851  0.6627  0.0570  0.1778  0.4685 -0.0003  0.9961 1 
 50.3120 -0.3407 -3.1335  0.1786  0.5640  0.0119  0.1705  0.0739 -0.0003  0.5100 0 
 44.8310  0.3433 -0.0214  0.0180  0.5067  0.0710  0.2635  0.0248 -0.0003  0.2699 0 
 57.5479 -0.5651  1.5571  0.0383  0.0677  0.0563  0.2060  0.0051 -0.0003  0.0881 0 
 43.3539  0.5637 -1.5791  0.0281  0.2810  0.0815  0.2658  0.0233 -0.0003  0.2248 0 
 48.0323 -0.3922 -1.2725  0.0216  0.2013  0.0565  0.3451  0.0876 -0.0003  0.1567 0 
 45.1240  0.4021  1.8849  0.0001  0.5375  0.0386  0.3069  0.0395 -0.0003  0.1436 0 
 43.8697  0.7814 -0.0126  0.1087  0.0408  0.0224  0.2208  0.2897 -0.0003  0.3677 0 
 41.6205 -0.7707  3.1165  0.4239  0.6939  0.0298  0.3583  0.0776 -0.0003  0.9101 0 
 55.0820 -0.6153  0.6923  0.0248  0.4710  0.2223  0.4166  0.0097 -0.0003  0.2464 0 
 52.7810  0.5979 -2.4454  0.0193  0.5803  0.0805  0.5053  0.0672 -0.0003  0.2654 0 
 54.0932  0.3068  2.6189  1.1185  0.4327  0.1925  0.4603 -0.0200  0.9441  0.9895 0 
 38.2727 -0.3243 -0.4973  0.0019  0.3156  0.0159  0.2291  0.0529 -0.0003  0.0611 0 
 48.2795 -0.1758 -2.7487  0.1058  0.6683  0.0194  0.2585  0.1187 -0.0003  0.5200 0 
 44.1749  0.1701  0.4299  0.0136  0.3610  0.0373  0.2645 -0.0003 -0.0003  0.1696 0 
 53.9773 -0.0882 -1.7848  0.0293  0.1135  0.0192  0.2931  0.0255 -0.0003  0.0483 0 
 44.4221  0.1117  1.3994  0.0121  0.2359  0.0331  0.3081  0.0718 -0.0003  0.0839 0 
 48.7404 -0.0077 -1.4658  0.0173  0.1118  0.0078  0.1289  0.0389 -0.0003  0.0410 0 
 48.5939  0.0306  1.6971  0.0120  0.1873  0.0418  0.3440  0.0314  0.1918  0.2970 0 
 48.8808 -0.4891 -1.5024  0.0051  0.1272  0.0874  0.3435  0.0209 -0.0003  0.0777 0 
 46.9459  0.5026  1.6455  0.0039  0.3086  0.0594  0.4339  0.1143 -0.0003  0.1864 0 
 30.9789  0.4008 -2.3828  0.3278  0.4228  0.0300  0.2432  0.3636  0.3225  0.9987 1 
 21.5488 -0.3818  0.7450  0.1225  0.3158  0.0122  0.3263  0.2924  0.1881  0.9157 1 
 45.5238  0.5595  0.3436  0.1239  0.2236  0.0486  0.2187  0.0081 -0.0003  0.4126 0 
 44.1169 -0.5631 -2.8177  0.0322  0.2027  0.1771  0.4410  0.0236 -0.0003  0.2036 0 
 45.0202  0.5418  0.2773  0.2596  0.5610  0.0893  0.4825  0.4448 -0.0003  0.9966 1 
 35.4253 -0.5578 -2.8643  0.4779  0.2765  0.0458  0.4681  0.3199  0.4483  0.9999 1 
 47.7333  0.7443 -0.1317  0.0877  0.2585  0.0051  0.1728  0.0269 -0.0003  0.1188 0 
 47.2633 -0.7407  3.0104  0.0213  0.3839  0.0933  0.5198  0.0137  0.1531  0.3725 0 
 50.1411  0.7625 -1.5779  0.1801  0.2064  0.0593  0.4266  0.2684 -0.0003  0.9110 0 
 47.9438 -0.7715  1.5947  0.0871  0.3628  0.0431  0.6041  0.0689 -0.0003  0.5624 0 
 46.7323  0.6458 -0.5166  0.0211  0.5887  0.0128  0.3475  0.0810 -0.0003  0.1340 0 
 40.6134 -0.6560  2.6663  0.0506  0.5726  0.0796  0.3156  0.0573 -0.0003  0.4219 0 
 45.3376  0.5945  2.6287  0.0076  0.4459  0.0459  0.3065  0.0727 -0.0003  0.1778 0 
 43.6500 -0.6128 -0.4791  0.0052  0.2874  0.1574  0.3980  0.0168 -0.0003  0.1678 0 
 47.1656  0.2892  1.1349  0.0293  0.1022  0.0609  0.2600  0.0833 -0.0003  0.1058 0 
 45.4780 -0.2681 -2.0180  0.0006  0.7228  0.0460  0.1750  0.0986 -0.0003  0.2608 0 
 60.6058 -0.3897 -1.9400  0.0095  0.5972  0.0984  0.4476  0.0427 -0.0003  0.2258 0 
 44.3153  0.4195  1.2052  0.0085  0.2613  0.2040  0.4405  0.0064 -0.0003  0.1843 0 
 56.2600 -0.6333 -2.6111  0.0214  0.3093  0.0362  0.3315  0.0339  0.1558  0.3836 0 
 54.3832  0.6507  0.5284  0.0052  0.3997  0.0197  0.2508  0.0704 -0.0003  0.0869 0 
 45.5787  0.0924  2.1390  0.0872  0.2774  0.0742  0.5247  0.0908 -0.0003  0.5328 1 
 25.5558 -0.1148 -1.0345  0.2043  0.2818  0.0055  0.2576  0.1495  0.0121  0.4906 1 
 48.2033  0.0875 -2.8191  0.0253  0.2265  0.1887  0.5171  0.0198 -0.0003  0.2226 0 
 46.4973 -0.0456  0.3139  0.0052  0.3464  0.0287  0.2610  0.0126 -0.0003  0.1003 0 
 46.9795 -0.4161 -2.6461  0.1483  0.4179  0.0128  0.2603  0.1107 -0.0003  0.4338 0 
 37.1160  0.3905  0.4672  0.0035  0.1376  0.0398  0.4621  0.0063 -0.0003  0.0843 0 
 58.4298  0.1913 -0.1664  0.0248  0.1921  0.0249  0.2053  0.0107 -0.0003  0.0755 0 
 46.2379 -0.1696  2.9439  0.0258  0.3283  0.0337  0.3485  0.0176 -0.0003  0.1572 0 
 55.4421  0.5276  0.3549  0.0429  0.3867  0.0931  0.4159  0.1337  0.3623  0.7934 0 
 46.7536 -0.5182 -2.7900  0.1082  0.7121  0.0454  0.5212  0.1359  0.2387  0.8855 0 
 48.1270 -0.5904 -2.3130  0.0330  0.1946  0.0699  0.4311  0.0632 -0.0003  0.2013 0 
 39.6521  0.6012  0.8302  0.0365  0.1619  0.0282  0.3176  0.0676 -0.0003  0.0918 0 
 40.9430  0.7658 -1.2218  0.4637  0.6456  0.0309  0.4499  0.6083 -0.0003  0.9979 1 
 36.0235 -0.7721  1.8726  0.0413  0.6409  0.0434  0.4660  0.1976  0.3568  0.9522 1 
 44.8310  0.6238  3.0582  0.0350  0.5087  0.0346  0.2635  0.0733 -0.0003  0.2453 0 
 42.1393 -0.6267 -0.0561  0.0652  0.3479  0.0558  0.3571  0.0657 -0.0003  0.4158 0 
 46.9734 -0.4040  0.7918  0.0895  0.1060  0.0255  0.3904  0.1065 -0.0003  0.2281 0 
 43.2166  0.3950 -2.3720  0.4428  0.2483  0.0328  0.3547  0.2729 -0.0003  0.9803 0 
 47.1412  0.5898 -1.0517  0.2363  0.3185  0.0557  0.3901  0.4157 -0.0003  0.9881 1 
 36.9238 -0.5941  2.1050  0.0044  0.4232  0.0399  0.3702  0.0529 -0.0003  0.1367 1 
 44.0467 -0.6534  1.0070  0.0063  0.0548  0.0112  0.2206  0.0026 -0.0003  0.0387 0 
 42.7039  0.6579 -2.1405  0.0515  0.5499  0.0149  0.2669  0.0292 -0.0003  0.1726 0 
 44.7333  0.7323  0.2022  0.0199  0.4053  0.0161  0.2636  0.0161  0.1036  0.2431 0 
 42.4933 -0.7257 -2.9062  0.0601  0.6005  0.0170  0.1336  0.1623 -0.0003  0.2981 0 
 56.0555  0.4570 -1.5323  0.0868  0.3457  0.1513  0.3318  0.0356  0.0903  0.5656 0 
 55.0210 -0.4555  1.5863  0.0571  0.1764  0.0646  0.3750  0.1657 -0.0003  0.3893 0 
 43.8178 -0.3970  0.9482  0.0581  0.5321  0.0417  0.2209  0.0578 -0.0003  0.4041 0 
 32.5811  0.4433 -2.2494  0.0562  0.4074  0.1553  0.4794  0.1158  0.2229  0.7319 0 
 46.0548 -0.4480  0.4949  0.0146  0.0467  0.0511  0.3488  0.0074 -0.0003  0.0706 0 
 41.9135  0.4688 -2.6392  0.0564  0.3779  0.0626  0.3129  0.0886 -0.0003  0.4530 0 
 49.3690 -0.7743 -0.9798  0.1902  0.8002  0.0429  0.4711  0.1639 -0.0003  0.9180 1 
 38.5840  0.7680  2.1094  0.0283  0.2913  0.0559  0.1371  0.0082  0.5003  0.9887 1 
 45.8015  0.7155  2.6379  0.0346  0.0529  0.0549  0.2620  0.1782 -0.0003  0.1502 0 
 44.8981 -0.7189 -0.5527  0.0371  0.5574  0.0229  0.3951  0.0429 -0.0003  0.2343 0 
 47.2389  0.0146  1.7412  0.0060  0.2787  0.0543  0.3899  0.0744 -0.0003  0.1403 0 
 45.1484  0.0075 -1.4065  0.0083  0.3854  0.0242  0.2630  0.1509 -0.0003  0.1647 0 
 42.7893 -0.4907 -2.1331  0.2517  0.3508  0.0728  0.4001  0.3196 -0.0003  0.9847 1 
 36.7620  0.4574  0.9628  0.3926  0.1805  0.0343  0.4170  0.4425 -0.0003  0.9932 1 
 46.7567 -0.3637  2.5708  0.0096  0.6661  0.0530  0.4343  0.0784 -0.0003  0.2479 0 
 38.7030  0.3919 -0.5642  0.0066  0.6976  0.0561  0.4111  0.0722 -0.0003  0.2388 0 
 49.5003  0.5747 -1.5326  0.0006  0.1251  0.0407  0.3852  0.0170 -0.0003  0.0650 0 
 44.9592 -0.5870  1.5975  0.0165  0.4170  0.0305  0.3949  0.1140 -0.0003  0.2041 0 
 41.0803  0.7685 -2.9863  0.2726  0.6974  0.0122  0.3596  0.3055  0.1481  0.9689 1 
 29.6452 -0.7932  0.1570  0.0552  0.5405  0.0324  0.2464  0.1310  0.1459  0.6725 1 
 45.0507 -0.5505 -0.2276  0.0258  0.3021  0.1273  0.3508  0.0743 -0.0003  0.2502 0 
 39.7314  0.5485  2.8771  0.0132  0.1498  0.0215  0.2721  0.0893 -0.0003  0.0535 0 
 43.3692 -0.2627  1.9513  0.0080  0.2123  0.1060  0.3987  0.0378 -0.0003  0.1248 0 
 42.6062  0.2680 -1.1870  0.0016  0.5705  0.0145  0.3116  0.0753 -0.0003  0.0944 0 
 42.2583 -0.4746 -3.0239  0.5285  0.8276  0.0436  0.4907  0.2799 -0.0003  0.9896 1 
 40.4944  0.4933  0.1360  0.2086  0.5515  0.1112  0.2707  0.3405  0.6479  0.9994 1 
 43.4791  0.5824 -2.1794  0.3794  0.1690  0.0443  0.2213  0.4683  0.3722  0.9996 1 
 36.9055 -0.5727  0.9039  0.5359  0.2716  0.0688  0.3702  0.5141  0.5928  0.9999 1 
 45.6672  0.3372 -1.6511  0.0157  0.1389  0.0528  0.2622  0.0073 -0.0003  0.0891 0 
 41.0376 -0.3389  1.5109  0.0029  0.2662  0.0318  0.3597  0.0151 -0.0003  0.0822 0 
 48.2246  0.6832  2.8367  0.0051  0.1382  0.0639  0.3016  0.0120 -0.0003  0.0837 0 
 45.8045 -0.6943 -0.3225  0.0272  0.4769  0.0145  0.2620  0.0275 -0.0003  0.1139 0 
 46.2745  0.4786 -0.3260  0.6534  0.2362  0.0628  0.4791  0.9577 -0.0003  0.9984 1 
 38.3337 -0.5123  2.7826  0.2296  0.1819  0.0346  0.3206  0.2922  0.3040  0.9966 1 
 39.6796 -0.5344 -1.5120  0.0856  0.6481  0.0373  0.4083  0.0847  0.2381  0.8127 1 
 35.8648  0.5315  1.7143  0.2844  0.4033  0.0409  0.3732  0.2989 -0.0003  0.9732 1 
 42.7741  0.7105 -2.9741  0.1211  0.7094  0.2360  0.2668  0.1998 -0.0003  0.9337 1 
 40.7538 -0.6576  0.1572  0.3273  0.5434  0.0535  0.4504  0.5026  0.1089  0.9970 1 
 38.9929  0.6186 -2.2923  0.0814  0.2465  0.0240  0.1823  0.1633  0.3517  0.9846 1 
 29.9657 -0.5852  0.8450  0.1111  0.4181  0.0179  0.1965  0.1668  0.0532  0.5584 1 
 45.2613 -0.3401 -0.0425  0.0013  0.3126  0.0601  0.3066  0.0670 -0.0003  0.1410 0 
 36.4813  0.3104  3.0837  0.0533  0.5899  0.0111  0.2786  0.0296 -0.0003  0.1714 0 
 41.0254  0.7741 -1.3611  0.0297  0.1843  0.0667  0.4047  0.0881 -0.0003  0.1944 0 
 36.6674 -0.7707  1.8401  0.0122  0.3891  0.0132  0.2318  0.0142 -0.0003  0.0862 0 
 49.7261  0.7387 -0.8807  0.0202  0.2376  0.2211  0.5557  0.0234 -0.0003  0.2388 0 
 44.8005 -0.7317  2.2198  0.0123  0.3328  0.0891  0.4831  0.0391 -0.0003  0.1873 0 
 46.7933  0.6524  0.2657  0.0471  0.2170  0.0341  0.2171  0.0068 -0.0003  0.1545 0 
 45.3315 -0.6612 -2.8733  0.0074  0.1867  0.0771  0.3503  0.0117 -0.0003  0.1093 0 
 41.8830 -0.6483  1.9373  0.2038  0.7262  0.0269  0.3130  0.1760 -0.0003  0.8743 0 
 41.0346  0.6693 -1.2308  0.0264  0.3611  0.0111  0.3147  0.0182 -0.0003  0.0877 0 
 49.0455 -0.3858  0.4597  0.0295  0.3430  0.0376  0.2574  0.0335 -0.0003  0.1731 0 
 46.2287  0.3776 -2.6765  0.0950  0.6353  0.0212  0.3485  0.1281 -0.0003  0.5659 0 
 49.5003  0.2684 -1.0725  0.0230  0.0698  0.0540  0.2568  0.0475 -0.0003  0.0731 0 
 49.1615 -0.2869  2.0898  0.0154  0.3625  0.0115  0.2144  0.0557 -0.0003  0.0829 0 
 50.8217  0.2680  1.2970  0.0685  0.5576  0.0710  0.4251  0.1945  0.0591  0.7876 1 
 36.2341 -0.2322 -1.8351  0.3924  0.4175  0.0733  0.3256  0.4282  0.1956  0.9976 1 
 47.0924  0.1060  2.3990  0.0964  0.3023  0.1132  0.4335  0.0397 -0.0003  0.4340 0 
 44.9714 -0.0990 -0.7505  0.0055  0.1730  0.3893  0.3949  0.0412 -0.0003  0.1873 0 
 50.8858  0.2258  1.5851  0.0420  0.4576  0.0591  0.3825  0.0949 -0.0003  0.4112 0 
 40.9583 -0.2249 -1.5890  0.0034  0.6419  0.0904  0.4049  0.0289 -0.0003  0.2060 0 
 48.4901 -0.7067  1.8058  0.0157  0.4123  0.1417  0.5163  0.0587 -0.0003  0.2454 0 
 43.9307  0.6946 -1.3502  0.0038  0.4825  0.0311  0.3090  0.0219 -0.0003  0.1274 0 
 53.3669 -0.1245 -2.0323  0.0051  0.5909  0.1675  0.5458  0.0230 -0.0003  0.2399 0 
 47.0344  0.1305  1.0913  0.0764  0.4750  0.0260  0.3035  0.0869 -0.0003  0.3793 0 
 45.3712 -0.7296 -1.6339  0.0544  0.5672  0.0628  0.2189  0.0392  0.1053  0.6498 0 
 36.4508  0.7224  1.4398  0.0049  0.5940  0.0117  0.1858  0.1722 -0.0003  0.1542 0 
 43.5676 -0.0123  2.3379  0.5024  0.4472  0.0524  0.5752  0.5342 -0.0003  0.9969 1 
 36.7285  0.0288 -0.7968  0.1322  0.6390  0.0273  0.4634  0.2653  0.0712  0.9052 1 
 49.2988  0.2292 -3.0191  0.1445  0.3865  0.0352  0.5998  0.2029 -0.0003  0.8829 1 
 44.1230 -0.2400  0.1147  0.1359  0.6041  0.0933  0.5292  0.1732 -0.0003  0.8834 1 
 47.3426  0.4256  3.0969  0.1135  0.2099  0.0420  0.4762  0.0712 -0.0003  0.4870 1 
 38.2483 -0.4224 -0.0398  0.1585  0.2766  0.0119  0.4583  0.2119 -0.0003  0.7465 1 
 51.3405  0.6173 -0.5710  0.0396  0.3558  0.1123  0.3816  0.0546 -0.0003  0.2899 0 
 42.8199 -0.6161  2.6109  0.0000 -1.0000  0.0087  0.0444 -0.0200 -0.0003  0.1883 0 
 48.0446 -0.7522  0.3284  0.0688  0.0896  0.0386  0.2588  0.3012 -0.0003  0.4239 0 
 45.1148  0.7600 -2.8235  0.0058  0.4123  0.0144  0.3069  0.0223 -0.0003  0.0740 0 
 44.8707 -0.5635  1.0610  0.0175  0.1549  0.0217  0.1756  0.0209 -0.0003  0.0548 0 
 41.7761  0.5777 -2.0710  0.0423  0.7515  0.0613  0.2685  0.0902  0.0754  0.6590 0 
 52.2805  0.2823 -1.7626  0.0561  0.1159  0.0645  0.2110  0.0700 -0.0003  0.1549 0 
 46.5003 -0.2971  1.3458  0.0211  0.0498  0.0421  0.3480  0.1238 -0.0003  0.0942 0 
 42.5177  0.6170 -2.5098  0.1432  0.6962  0.0448  0.4008  0.1569 -0.0003  0.8897 1 
 41.8830 -0.5931  0.6173  0.0087  0.5606  0.0214  0.3130  0.1672 -0.0003  0.1985 1 
 46.0456 -0.1951 -1.7605  0.0097  0.0755  0.0511  0.3924  0.0103 -0.0003  0.0730 0 
 43.5279  0.1883  1.3857  0.0078  0.2418  0.0199  0.1770  0.0224 -0.0003  0.0671 0 
 48.6915 -0.2375 -2.9674  0.0624  0.2453  0.0627  0.4298  0.0141 -0.0003  0.3003 0 
 43.6225  0.2241  0.1145  0.1051  0.1986  0.0410  0.3096  0.2062 -0.0003  0.5993 0 
 41.2787  0.4752 -1.9220  0.4330  0.6693  0.0465  0.3142  0.5222 -0.0003  0.9974 1 
 31.7388 -0.4572  1.2083  0.3605  0.3804  0.0512  0.2415  0.1990 -0.0003  0.9578 1 
 48.5359 -0.8001  1.0960  0.0178  0.4397  0.0052  0.3441  0.0240 -0.0003  0.0784 0 
 46.9245  0.7889 -2.0659  0.0525  0.3535  0.0398  0.3471  0.1065 -0.0003  0.3704 0 
 51.3191 -0.1835 -2.5386  0.0217  0.0599  0.0732  0.2544  0.0147 -0.0003  0.0784 0 
 48.2795  0.1998  0.5952  0.0034  0.1932  0.0194  0.2154  0.0141 -0.0003  0.0487 0 
 47.6936  0.1811  1.7262  0.0002  0.4649  0.0465  0.4321  0.0832 -0.0003  0.1671 0 
 39.8749 -0.2129 -1.4068  0.1096  0.4673  0.1621  0.4078  0.0555 -0.0003  0.4954 0 
 49.7658  0.5881 -2.8618  0.0986  0.1932  0.0491  0.4274  0.0526 -0.0003  0.3826 0 
 47.9561 -0.6008  0.2611  0.0639  0.5230  0.0273  0.5178  0.1384 -0.0003  0.6038 0 
 46.9764 -0.1519 -0.8434  0.0246  0.3471  0.1211  0.3904  0.0558 -0.0003  0.2379 0 
 41.3825  0.1373  2.3153  0.0741  0.1048  0.0340  0.4486  0.1129 -0.0003  0.2495 0 
 45.7954  0.2634 -1.1118  0.0595  0.2098  0.0182  0.1747  0.0530 -0.0003  0.1181 0 
 38.1903 -0.2420  2.0489  0.0070  0.2489  0.0279  0.1834  0.0123 -0.0003  0.0867 0 
 54.8592  0.0015 -2.7727  0.3025  0.6188  0.0653  0.5421  0.1747 -0.0003  0.9530 1 
 25.0675  0.0002  0.2965  0.1222  0.4824  0.0361  0.3629  0.1685  0.3419  0.9915 1 
 55.8450 -0.0639  0.1309  0.0395  0.3463  0.0430  0.3736  0.0252 -0.0003  0.2454 0 
 44.4923  0.0632 -3.0244  0.0446  0.0909  0.0190  0.3960  0.0949  0.1431  0.3346 0 
 50.1106  0.5998  2.7214  0.0027  0.1026  0.0238  0.2986  0.1254 -0.0003  0.0575 0 
 48.2155 -0.5930 -0.4233  0.0123  0.3519  0.0383  0.2585  0.0635 -0.0003  0.1337 0 
 50.4646  0.5695 -1.6205  0.0323  0.5882  0.0181  0.2981  0.0654 -0.0003  0.1613 0 
 44.4251 -0.5556  1.5092  0.0500  0.0620  0.0296  0.3522  0.1171 -0.0003  0.1089 0 
 51.4931 -0.5692  0.7783  0.0109  0.2413  0.1089  0.3813  0.1583 -0.0003  0.2480 0 
 43.7995  0.5943 -2.3598  0.0014  0.1650  0.0266  0.2209  0.0689  0.1407  0.2629 0 
 45.2094 -0.6185  1.4212  0.0303  0.1979  0.0084  0.1753  0.0045 -0.0003  0.0624 0 
 33.3196  0.6181 -1.6910  0.0074  0.0161  0.0227  0.0953  0.0076 -0.0003  0.0647 0 
 45.8320 -0.1193 -3.0833  0.0002  0.3936  0.0989  0.4366  0.0468 -0.0003  0.1639 0 
 42.1729  0.0741  0.0964  0.0023  0.5502  0.1366  0.4017  0.0168 -0.0003  0.2095 0 
 46.1006  0.4370 -1.3629  0.1409  0.2854  0.0887  0.5667  0.1223 -0.0003  0.7650 0 
 44.6906 -0.4208  1.7746  0.0759  0.6828  0.0547  0.2197  0.0611 -0.0003  0.6579 0 
 47.2023  0.5678 -1.6598  0.0933  0.3067  0.0204  0.1733  0.0419 -0.0003  0.2154 0 
 42.8962 -0.5552  1.4511  0.0039  0.1274  0.0512  0.2666  0.0489 -0.0003  0.0659 0 
 47.8523  0.4402 -2.9792  0.1336  0.1358  0.1893  0.3454  0.0439 -0.0003  0.4320 0 
 47.7089 -0.4343  0.1410  0.0242  0.0957  0.0294  0.3024  0.0115 -0.0003  0.0587 0 
 47.4434 -0.1126 -0.5781  0.0411  0.3735  0.0325  0.2163  0.0096 -0.0003  0.2214 0 
 44.6754  0.1463  2.6373  0.0356  0.0952  0.1635  0.4835  0.0131 -0.0003  0.1248 0 
 47.1290 -0.6509  2.3421  0.0340  0.3089  0.0573  0.6935  0.0115 -0.0003  0.3198 0 
 40.9522  0.6548 -0.8063  0.0222  0.4230  0.0154  0.1350  0.0034 -0.0003  0.1481 0 
 46.2348 -0.6741  0.6756  0.0937  0.1836  0.0449  0.4356  0.1330 -0.0003  0.4847 0 
 37.7844  0.6845 -2.4599  0.0191  0.7271  0.0204  0.3219  0.0306 -0.0003  0.1526 0 
 51.7952  0.5704 -1.8528  0.0139  0.3308  0.2407  0.4231  0.0075 -0.0003  0.2157 0 
 45.1392 -0.5870  1.2482  0.0036  0.4315  0.0240  0.5260  0.0235 -0.0003  0.1458 0 
 40.7599 -0.4276 -0.4213  0.0242  0.6097  0.0427  0.4954  0.0204 -0.0003  0.2509 0 
 39.0997  0.4447  2.7097  0.0228  0.6628  0.0533  0.5922  0.0933 -0.0003  0.3427 0 
 47.4434  0.7485 -2.3820  0.0152  0.2051  0.0272  0.3029  0.2066  0.1309  0.4639 0 
 44.0040 -0.7567  0.7369  0.0173  0.3357  0.0317  0.2206  0.0558  0.0557  0.2228 0 
 43.3814 -0.6969 -0.2834  0.0967  0.3143  0.0200  0.3101  0.0380 -0.0003  0.2772 1 
 21.4908  0.6471  2.7859  0.1365  0.5571  0.0243  0.3266  0.3373 -0.0003  0.8749 1 
 48.2612 -0.4548 -0.2855  0.0616  0.3763  0.0349  0.1292  0.0229 -0.0003  0.2965 0 
 48.2216  0.4447  2.8755  0.0303  0.0125  0.0196  0.2585  0.0759 -0.0003  0.0504 0 
 49.9214  0.6658  0.0981  0.4701  0.6431  0.0481  0.2989  0.4973 -0.0003  0.9974 1 
 41.2604 -0.6669 -3.0508  0.1622  0.6376  0.0303  0.4040  0.1102 -0.0003  0.7933 1 
 46.4179  0.5471 -0.0056  0.1679  0.0941  0.0895  0.2611  0.0490 -0.0003  0.3798 0 
 42.8351 -0.5355 -3.1202  0.0046  0.4951  0.0228  0.2222  0.0213 -0.0003  0.1175 0 
 47.7638  0.1460 -1.7787  0.0213  0.4743  0.0431  0.4751  0.0258 -0.0003  0.2290 0 
 45.4597 -0.1560  1.3730  0.0116  0.7429  0.0179  0.2188  0.0666 -0.0003  0.1461 0 
 45.9876  0.4867  0.7457  0.0053  0.3264  0.0340  0.4362  0.0549 -0.0003  0.1204 0 
 44.0955 -0.5040 -2.4087  0.0172  0.2843  0.0512  0.4411  0.0331 -0.0003  0.1708 0 
 54.4717  0.7491  0.6531  0.0284  0.3788  0.0341  0.2924  0.0617  0.0546  0.3029 0 
 34.5953 -0.7545 -2.4828  0.0104  0.5214  0.0278  0.2356  0.0557 -0.0003  0.1343 0 
 51.6030  0.5713  2.2978  0.0070  0.2869  0.0454  0.3388  0.1721 -0.0003  0.2386 0 
 49.0059 -0.5745 -0.8014  0.0249  0.5826  0.0539  0.3433  0.0367 -0.0003  0.2777 0 
 48.1483  0.6355  1.6650  0.0203  0.6897  0.1027  0.2586  0.0231  0.3293  0.6713 1 
 44.6418 -0.6963 -1.5219  0.2441  0.6185  0.0286  0.5275  0.1732  0.0316  0.8904 1 
 45.4322  0.7183  0.0070  0.0291  0.2167  0.0545  0.4813  0.1452 -0.0003  0.2913 1 
 13.6538 -0.7868  3.0597  0.0817  0.5283  0.0087  0.5111  0.0135 -0.0003  0.4625 1 
 44.2329 -0.5787 -2.0946  0.0368  0.5125  0.0281  0.2204  0.0143 -0.0003  0.2160 0 
 41.5015  0.5863  1.0261  0.0027  0.4366  0.0820  0.3586  0.0173 -0.0003  0.1681 0 
 46.6041  0.5195  2.8160  0.3266  0.2394  0.0485  0.6520  0.2220 -0.0003  0.9788 1 
 41.0163 -0.5268 -0.3430  0.3013  0.5076  0.0252  0.3148  0.4367 -0.0003  0.9902 1 
 53.0495 -0.4864  1.0348  0.1741  0.3292  0.0774  0.2103  0.1539 -0.0003  0.8546 1 
 41.5167  0.4988 -2.1661  0.2648  0.0942  0.0373  0.1793  0.1415  0.2521  0.9495 1 
 42.9175 -0.3462  1.3205  0.0262  0.1893  0.0499  0.2666  0.0117  0.1765  0.3231 0 
 42.4842  0.3438 -1.8598  0.0661  0.7446  0.0451  0.4455  0.0248 -0.0003  0.4958 0 
 44.6662  0.7829 -1.0916  0.0013  0.5344  0.0157  0.3517  0.0521 -0.0003  0.0845 0 
 35.4070 -0.7970  2.0480  0.0083  0.1143  0.0255  0.1873  0.0639 -0.0003  0.0476 0 
 49.9855 -0.1511 -2.7353  0.1754  0.6163  0.0252  0.2988  0.0556 -0.0003  0.6803 0 
 48.8319  0.1343  0.3873  0.0108  0.0924  0.0280  0.3006  0.0693  0.0589  0.0969 0 
 43.7873 -0.7569  2.8472  0.0063  0.2150  0.0347  0.1767  0.0530 -0.0003  0.0795 0 
 42.5910  0.7413 -0.2904  0.0554  0.0538  0.0520  0.3561  0.1426 -0.0003  0.1509 0 
 45.4841 -0.6435 -1.5761  0.1645  0.1343  0.0407  0.7000  0.1773 -0.0003  0.8664 1 
 43.4821  0.6613  1.5675  0.0123  0.6320  0.0280  0.4427  0.0967 -0.0003  0.2212 1 
 46.8208 -0.0467 -2.0660  0.0352  0.3937  0.0209  0.2605  0.0759 -0.0003  0.1423 0 
 46.2531  0.0435  1.0786  0.1051  0.1085  0.0597  0.5227  0.0361 -0.0003  0.3528 0 
 49.1798 -0.1990  1.6885  0.1843  0.2874  0.0782  0.7288  0.2956 -0.0003  0.9719 1 
 43.3631  0.2110 -1.4421  0.3841  0.5221  0.0168  0.5759  0.4383 -0.0003  0.9921 1 
 38.8220  0.3280 -2.8140  0.0370  0.5507  0.0772  0.5020  0.0469  0.3409  0.7016 1 
 24.8966 -0.3065  0.3429  0.1801  0.0824  0.0240  0.2597  0.1750  0.0744  0.6810 1 
 51.7281  0.7688  1.1866  0.0252  0.1724  0.0657  0.2963  0.0048 -0.0003  0.1307 0 
 45.2613 -0.7806 -2.0002  0.0134  0.2831  0.0262  0.3066  0.0508 -0.0003  0.0789 0 
 47.5929  0.2202  1.2048  0.0961  0.4760  0.0278  0.3026  0.0759 -0.0003  0.4658 0 
 43.7690 -0.2223 -1.9327  0.0433  0.3492  0.0575  0.3535  0.0344 -0.0003  0.2894 0 
 51.2825  0.1798 -1.7535  0.0439  0.4699  0.1012  0.3817  0.1523 -0.0003  0.4950 0 
 41.5320 -0.1530  1.3487  0.0533  0.0354  0.0150  0.2241  0.0612 -0.0003  0.0462 0 
 44.6723  0.1672  2.3665  0.0351  0.4088  0.0396  0.4396  0.0235 -0.0003  0.2648 0 
 38.6114 -0.1648 -0.7556  0.0142  0.0829  0.0729  0.4571  0.0945 -0.0003  0.1035 0 
 46.1036 -0.5213 -2.4917  0.1401  0.6253  0.0565  0.3051  0.2598 -0.0003  0.9402 0 
 39.5575  0.5097  0.6674  0.1808  0.2467  0.0712  0.4541  0.3791 -0.0003  0.9711 0 
 49.0517 -0.0051 -1.6350  0.0251  0.2234  0.0954  0.3003  0.0429 -0.0003  0.1754 0 
 37.6135 -0.0270  1.5437  0.0383  0.1049  0.0993  0.3683  0.0577 -0.0003  0.1164 0 
 46.7323  0.6091 -1.5323  0.0266  0.3812  0.1269  0.6081  0.0163 -0.0003  0.2657 0 
 46.1646 -0.5874  1.6134  0.0416  0.2227  0.1864  0.4358  0.0294 -0.0003  0.2468 0 
 43.6866 -0.3987 -2.0478  0.4492  0.5163  0.0375  0.3537  0.1832  0.2691  0.9907 1 
 41.2970  0.4260  1.1028  0.1652  0.4405  0.0445  0.7181  0.2897  0.1007  0.9630 1 
 49.9275  0.7242 -0.8326  0.0226  0.4804  0.0659  0.3416  0.0631 -0.0003  0.2775 0 
 40.7874 -0.7350  2.3722  0.0088  0.0468  0.0593  0.0900  0.0056 -0.0003  0.1050 0 
 45.8869  0.6727  0.0126  0.0363  0.8259  0.0182  0.2619  0.0469 -0.0003  0.2118 1 
 42.6490 -0.6488 -3.0976  0.2487  0.3166  0.1407  0.4895  0.2834 -0.0003  0.9860 1 
 49.7108 -0.7205  2.1321  0.0287  0.3633  0.0266  0.2992  0.1039 -0.0003  0.1718 0 
 42.8443  0.7365 -1.0065  0.0094  0.6169  0.0196  0.1333  0.0030 -0.0003  0.1700 0 
 40.3449 -0.0296 -2.6647  0.4277  0.3015  0.0898  0.3613  0.4747  0.7180  0.9999 1 
 39.7498  0.0056  0.5195  0.0009  0.4524  0.0139  0.2721  0.3548  0.2440  0.8098 1 
 50.2754  0.1922  0.5000  0.2937  0.7853  0.0952  0.2984  0.3522 -0.0003  0.9940 1 
 33.8811 -0.2020 -2.6160  0.1382  0.3893  0.0254  0.2370  0.1536  0.3159  0.9889 1 
 47.2084  0.4873  3.0569  0.0347  0.2193  0.0669  0.5199  0.0244 -0.0003  0.2277 0 
 43.9643 -0.5073 -0.0685  0.0038  0.2642  0.0710  0.1766  0.0690 -0.0003  0.2040 0 
 50.2968 -0.0334  0.2114  0.0838  0.8702  0.1149  0.8099  0.2303  0.3088  0.9499 1 
 27.5212  0.0413 -2.9059  0.0370  0.5044  0.0327  0.4030  0.1159 -0.0003  0.3669 1 
 46.7140 -0.0111  0.3434  0.0573  0.6825  0.0107  0.2172  0.1118 -0.0003  0.2662 0 
 44.5472 -0.0061 -2.8083  0.1014  0.6218  0.0373  0.3959  0.1685 -0.0003  0.8043 0 
 44.6693  0.6036  0.8632  0.4680  0.3408  0.0614  0.3517  0.3858 -0.0003  0.9957 1 
 41.4984 -0.6138 -2.2907  0.2722  0.1611  0.1565  0.3138  0.0594 -0.0003  0.7330 1 
 43.8697 -0.0889  0.0760  0.0734  0.1668  0.0343  0.3533  0.0152 -0.0003  0.1881 0 
 41.7945  0.1098 -3.0665  0.0940  0.2350  0.0212  0.1789  0.2375 -0.0003  0.4443 0 
 49.1920  0.1597 -2.9934  0.0533  0.4516  0.0865  0.4715  0.0832 -0.0003  0.4017 0 
 42.5910 -0.1099  0.1248  0.0273  0.1328  0.0302  0.3116  0.1420 -0.0003  0.1206 0 
 52.3323  0.1885 -0.7032  0.0266  0.5785  0.0304  0.4642  0.0450  0.0636  0.3828 0 
 36.9146 -0.1110  2.4302  0.0103  0.1793  0.0186  0.3240  0.1729 -0.0003  0.1081 0 
 43.6652  0.5350 -0.6876  0.0021  0.4765  0.0190  0.3980  0.0079 -0.0003  0.1063 0 
 32.6482 -0.5413  2.4296  0.0084  0.6000  0.0227  0.2874  0.0047 -0.0003  0.1461 0 
 45.2888 -0.0985 -2.3442  0.0100  0.1470  0.0594  0.3942  0.0794 -0.0003  0.1047 0 
 44.8859  0.0904  0.7828  0.0054  0.4944  0.0185  0.1756  0.0148 -0.0003  0.1242 0 
 45.6397 -0.1888 -2.4414  0.0054  0.0801  0.0237  0.3934  0.0679 -0.0003  0.0524 0 
 44.4617  0.1906  0.7076  0.0120  0.2444  0.0260  0.1320  0.0139 -0.0003  0.1086 0 
 48.1544 -0.4807  0.8229  0.0110  0.5602  0.1147  0.3879  0.0418 -0.0003  0.2317 0 
 37.2778  0.4851 -2.2524  0.0078  0.2770  0.1254  0.4615  0.0638 -0.0003  0.1798 0 
 49.8207 -0.4304  2.0097  0.0237  0.8031  0.1093  0.5555  0.0663 -0.0003  0.3548 0 
 43.2441  0.4538 -1.1350  0.0474  0.5185  0.0370  0.3103  0.0616 -0.0003  0.3332 0 
 34.7662  0.6932 -0.5139  0.0487  0.1272  0.0185  0.2824  0.0485 -0.0003  0.0634 0 
 33.3806 -0.7045  2.6656  0.0096  0.1419  0.0507  0.3333  0.0168 -0.0003  0.0802 0 
 54.2062 -0.5392  2.6555  0.0284  0.3794  0.0241  0.1673  0.0053 -0.0003  0.1720 0 
 44.8646  0.5780 -0.4908  0.0175  0.1414  0.2593  0.3512  0.1645 -0.0003  0.3073 0 
 46.4912  0.7753 -1.8922  0.0207  0.1273  0.0837  0.3915  0.0372 -0.0003  0.1017 0 
 31.5282 -0.7787  1.2791  0.0269  0.3121  0.0133  0.2904  0.0320 -0.0003  0.0784 0 
 55.6100  0.5774 -1.9995  0.5677  0.3635  0.1228  0.2909  0.3262 -0.0003  0.9969 1 
 44.1382 -0.5798  1.1605  0.4133  0.7594  0.0338  0.4851  0.4746 -0.0003  0.9961 1 
 46.5339  0.5080  2.8661  0.0444  0.4119  0.0697  0.6088  0.0748 -0.0003  0.4000 0 
 46.1555 -0.5142 -0.2890  0.0510  0.5079  0.0401  0.2179  0.0174 -0.0003  0.3521 0 
 47.7638  0.7079  1.6650  0.0147  0.2679  0.0729  0.3024  0.0273 -0.0003  0.1664 0 
 44.9073 -0.7064 -1.4501  0.0046  0.1799  0.0175  0.2195  0.0305 -0.0003  0.0420 0 
 45.7557 -0.3234 -0.0254  0.1292  0.2828  0.0388  0.3057  0.2043 -0.0003  0.7420 1 
 43.1373  0.3282  3.0861  0.4067  0.6137  0.0680  0.5767  0.4522  0.1647  0.9984 1 
 48.1331  0.3903  1.2872  0.0318  0.6095  0.1237  0.5173  0.0141 -0.0003  0.2728 0 
 41.8402 -0.4049 -1.8633  0.0021  0.1780  0.0190  0.2683  0.0313 -0.0003  0.0399 0 
 58.7564 -0.3817 -1.6960  0.1398  0.4308  0.0256  0.3280  0.1804 -0.0003  0.7274 0 
 43.8483  0.3960  1.4549  0.0576  0.3452  0.0332  0.3092  0.0959 -0.0003  0.3112 0 
 47.4556 -0.6544  1.9693  0.0795  0.2407  0.0340  0.3461  0.0704 -0.0003  0.3065 0 
 46.5797  0.6720 -1.1917  0.0273  0.4050  0.0308  0.1304  0.0037 -0.0003  0.2395 0 
 54.2153 -0.7795 -3.1011  0.0659  0.1956  0.1336  0.5855  0.0684 -0.0003  0.4152 0 
 46.0670  0.7693  0.0288  0.0537  0.5197  0.0249  0.2616  0.0899 -0.0003  0.2637 0 
 52.6864 -0.0368  0.8751  0.1740  0.2361  0.0341  0.3791  0.0600 -0.0003  0.5448 0 
 51.0658  0.0291 -2.2540  0.0283  0.5748  0.0374  0.3397  0.0446 -0.0003  0.2531 0 
 42.8840 -0.3694 -0.3443  0.0426  0.1972  0.0199  0.3555  0.1131  0.1527  0.4750 0 
 30.2403  0.4416  2.7762  0.0440  0.2315  0.0125  0.1469  0.0662 -0.0003  0.1079 0 
 58.5489  0.6215 -1.6671  0.0094  0.5253  0.0208  0.3283  0.0270 -0.0003  0.1108 0 
 44.8798 -0.6173  1.4514  0.0439  0.1744  0.0453  0.3512 -0.0200 -0.0003  0.1705 0 
 48.4962 -0.6888  2.7818  0.0683  0.3174  0.0807  0.3012  0.0538 -0.0003  0.4168 1 
 46.6102  0.6799 -0.3208  0.3948  0.4222  0.0537  0.4781  0.4494 -0.0003  0.9962 1 
 44.3702  0.6496 -1.6721  0.1606  0.2619  0.0469  0.5284  0.1754 -0.0003  0.8431 1 
 43.4455 -0.6439  1.5164  0.2678  0.5600  0.0534  0.4871  0.1735  0.3987  0.9987 1 
 47.4342 -0.6958  2.6619  0.1240  0.5317  0.0782  0.8222  0.0684 -0.0003  0.7571 0 
 46.5339  0.6874 -0.4872  0.0368  0.2350  0.0156  0.3044  0.0538  0.1581  0.4314 0 
 43.4211  0.4477  2.7179  0.0882  0.3597  0.1278  0.4428  0.1253 -0.0003  0.5829 0 
 32.7733 -0.4538 -0.3881  0.0703  0.0347  0.0461  0.4307  0.0620  0.1262  0.2302 0 
 54.5846 -0.0474 -2.6261  0.0403  0.2944  0.0533  0.1670  0.0782 -0.0003  0.3094 0 
 44.8707  0.0291  0.4925  0.0031  0.4054  0.0232  0.4829  0.1158 -0.0003  0.1606 0 
 63.1601 -0.6673  0.3885  0.0093  0.1966  0.0548  0.2417  0.1424 -0.0003  0.1845 0 
 45.8473  0.6912 -2.7737  0.0017  0.2306  0.1267  0.3056  0.0187 -0.0003  0.1248 0 
 43.7171  0.0351  1.8928  0.0429  0.3164  0.0864  0.3536  0.0085 -0.0003  0.2571 0 
 38.1048 -0.0992 -1.2243  0.0107  0.4037  0.0360  0.3670  0.0462 -0.0003  0.1399 0 
 48.1880 -0.4889 -3.0259  0.4346  0.5258  0.0695  0.6464  0.4321 -0.0003  0.9948 1 
 45.2949  0.4884  0.1271  0.1993  0.6073  0.0271  0.1752  0.0501  0.2607  0.9036 1 
 49.5521  0.5386  0.5441  0.0306  0.3341  0.0205  0.3851  0.0855 -0.0003  0.1546 0 
 47.2877 -0.5106 -2.6585  0.0406  0.2733  0.0919  0.3897  0.0436 -0.0003  0.2564 0 
 44.7333 -0.6462 -0.1235  0.6275  0.5902  0.0442  0.4394  0.5587 -0.0003  0.9978 1 
 39.4965  0.6428  3.0180  0.0849  0.4320  0.0797  0.5906  0.1174  0.4654  0.9538 1 
 50.2327  0.5667 -2.0775  0.0388  0.4542  0.1143  0.6396  0.1036 -0.0003  0.4028 0 
 38.3825 -0.5883  1.0585  0.0650  0.1701  0.0232  0.1373  0.0223 -0.0003  0.1270 0 
 37.2259 -0.7841  0.3245  0.0298  0.1096  0.0178  0.1385  0.0214  0.1258  0.2514 0 
 34.3023  0.7679 -2.7981  0.0038  0.5165  0.0729  0.6613  0.1530 -0.0003  0.3039 0 
 46.4729  0.6539  3.1010  0.0202  0.5363  0.1024  0.4785  0.1956 -0.0003  0.4437 0 
 43.2013 -0.6898 -0.0377  0.0389  0.1999  0.1224  0.5765  0.0263 -0.0003  0.2635 0 
 50.3273 -0.4179 -0.5624  0.0169  0.2970  0.0128  0.1279 -0.0200 -0.0003  0.1528 0 
 45.8106  0.4239  2.6129  0.0164  0.1919  0.0411  0.5240  0.0620 -0.0003  0.1590 0 
 42.9755  0.4294 -0.1757  0.0187  0.0796  0.0213  0.3997  0.0141 -0.0003  0.0573 0 
 35.1904 -0.4319  2.9400  0.0150  0.1215  0.0204  0.2345  0.0318 -0.0003  0.0420 0 
 52.4422 -0.3837 -1.3756  0.0843  0.2537  0.0239  0.2531  0.1854 -0.0003  0.4145 0 
 35.8770  0.3823  1.7249  0.2654  0.6342  0.0312  0.2332  0.1888 -0.0003  0.9104 0 
 53.0037 -0.2090 -2.2329  0.1508  0.3387  0.0694  0.2524  0.1005 -0.0003  0.7290 0 
 48.1849  0.2397  0.9289  0.0812  0.3738  0.0549  0.2586  0.2023 -0.0003  0.7129 0 
 55.0698 -0.1380 -1.0353  0.4565  0.6248  0.0678  0.3750  0.4578 -0.0003  0.9972 1 
 41.4588  0.1387  2.1218  0.8533  0.4830  0.0250  0.4932  0.2523 -0.0003  0.9887 1 
 52.1126 -0.6270 -1.7536  0.0293  0.2618  0.1570  0.4224 -0.0200 -0.0003  0.1932 0 
 42.5727  0.6352  1.3646  0.0000 -1.0000  0.0000  0.0445  0.0010 -0.0003  0.1797 0 
 51.5206 -0.5786  1.0444  0.0269  0.6908  0.0343  0.2542  0.0384 -0.0003  0.2401 0 
 32.6879  0.5195 -2.1278  0.0067  0.0311  0.0217  0.1437  0.0015 -0.0003  0.0563 0 
 45.5238 -0.2221  2.7319  0.0286  0.6293  0.0884  0.4374  0.0291 -0.0003  0.2683 0 
 36.9207  0.2375 -0.4145  0.0161  0.1232  0.0707  0.3239  0.1121 -0.0003  0.1223 0 
 59.1989  0.2149 -2.5326  0.0309  0.2679  0.2469  0.2046  0.0165 -0.0003  0.2298 0 
 46.1006 -0.1875  0.5904  0.0034  0.1639  0.1116  0.2616  0.0511 -0.0003  0.0974 0 
 47.2175  0.0535 -1.2566  0.0337  0.2084  0.0865  0.4332  0.0251 -0.0003  0.1904 0 
 44.7883 -0.0536  1.8839  0.0318  0.6137  0.0233  0.1318  0.0163 -0.0003  0.1921 0 
 44.6937 -0.1425  1.1158  0.0120  0.4287  0.1586  0.6153  0.0080 -0.0003  0.2343 0 
 43.7079  0.1799 -2.0538  0.0266  0.5095  0.0232  0.2652  0.0215 -0.0003  0.1534 0 
 50.1717  0.5192  0.5735  0.0170  0.6430  0.0740  0.5545  0.0571 -0.0003  0.2660 1 
 38.7152 -0.5260 -2.6030  0.0437  0.6182  0.1041  0.6851  0.0156 -0.0003  0.3215 1 
 43.3906  0.6247 -0.7368  0.2029  0.5012  0.0160  0.1329  0.2668 -0.0003  0.7457 1 
 40.8881 -0.6333  2.4069  0.1263  0.5594  0.0205  0.3600  0.1331 -0.0003  0.6457 1 
 49.0150 -0.6109  2.5287  0.0190  0.2645  0.0460  0.2146  0.0883 -0.0003  0.1724 0 
 44.9989  0.6146 -0.6106  0.0237  0.5118  0.0199  0.3510  0.0903 -0.0003  0.1600 0 
 41.0895  0.5571 -3.0143  0.0532  0.3230  0.0337  0.3146  0.0709 -0.0003  0.2508 0 
 39.6613 -0.5331  0.1531  0.0359  0.4241  0.0255  0.6352  0.1297 -0.0003  0.4448 0 
 48.6030  0.6834 -2.3574  0.1373  0.6608  0.0567  0.4730  0.1661 -0.0003  0.8988 1 
 45.0019 -0.6951  0.7400  0.3075  0.4265  0.1119  0.3071  0.3073  0.5321  0.9994 1 
 48.5176 -0.7660 -2.3750  0.0689  0.4281  0.1339  0.5162  0.0432 -0.0003  0.3752 0 
 46.0945  0.7732  0.7645  0.0541  0.6272  0.0143  0.3051  0.1147 -0.0003  0.2726 0 
 47.8126  0.4782 -2.1962  0.0227  0.5733  0.0463  0.5614  0.0146 -0.0003  0.2434 0 
 43.0976 -0.4584  0.9417  0.1812  0.6931  0.0719  0.5769  0.0715 -0.0003  0.8437 0 
 45.0813  0.6518  0.6319  0.0344  0.7536  0.0087  0.3508  0.1049 -0.0003  0.2207 0 
 35.1934 -0.6419 -2.4758  0.0490  0.3100  0.0691  0.3283  0.0545 -0.0003  0.3216 0 
 66.4225 -0.5979  1.4448  0.0095  0.0478  0.0376  0.1194  0.0120 -0.0003  0.0728 0 
 48.0598  0.6077 -1.6614  0.0437  0.4234  0.0500  0.3019  0.0499  0.0937  0.5134 0 
 43.8758 -0.1565 -2.0340  0.0128  0.3222  0.0494  0.5300  0.0139 -0.0003  0.1862 0 
 35.1537  0.1396  1.1089  0.0181  0.3693  0.0561  0.4222  0.0098 -0.0003  0.1992 0 
 48.7648  0.6032 -0.5783  0.0315  0.2762  0.1062  0.2148  0.0038 -0.0003  0.2357 0 
 41.6083 -0.7029  2.5713  0.0102  0.3065  0.0480  0.3583  0.0030 -0.0003  0.1531 0 
 39.5880 -0.7009  2.5247  0.2213  0.4710  0.0236  0.2724  0.2574 -0.0003  0.8785 1 
 37.0886  0.7050 -0.6370  0.2813  0.6583  0.0464  0.4622  0.5395  0.3095  0.9988 1 
 41.2024 -0.2533 -2.1372  0.0026  0.2948  0.0132  0.3593  0.0523 -0.0003  0.0512 0 
 40.6989  0.2720  0.9746  0.0026  0.2936  0.2133  0.5858  0.0599 -0.0003  0.2377 0 
 48.2368 -0.3488  3.0081  0.2683  0.2161  0.0586  0.3016  0.1767 -0.0003  0.8947 1 
 20.3677  0.2628 -0.1219  0.0001  0.5599  0.0120  0.1662  0.1253  0.2092  0.4315 1 
 39.2676  0.6357 -0.8673  0.1130  0.1378  0.0515  0.3640  0.0667  0.4181  0.9586 1 
 26.8803 -0.6566  2.3177  0.1143  0.2994  0.0218  0.4059  0.1722  0.2473  0.9495 1 
 46.4240  0.7390 -2.5362  0.0132  0.2617  0.0583  0.3481  0.0176 -0.0003  0.1459 1 
 38.3337 -0.7620  0.6270  0.3253  0.2616  0.0337  0.4122  0.6563 -0.0003  0.9976 1 
 47.9530 -0.2370 -2.4050  0.0278  0.0711  0.0485  0.1295  0.0089 -0.0003  0.0907 0 
 39.9023  0.2419  0.7043  0.0186  0.4617  0.0158  0.1359  0.0241 -0.0003  0.1303 0 
 49.7688  0.3191 -0.6792  0.0142  0.3441  0.0342  0.2564  0.0373 -0.0003  0.1200 0 
 47.5013 -0.3009  2.4239  0.2161  0.5611  0.0736  0.3028  0.2835 -0.0003  0.9788 0 
 49.1463  0.4841 -2.6680  0.0855  0.3324  0.0551  0.5574  0.1937 -0.0003  0.7231 0 
 37.7661 -0.4999  0.4219  0.0173  0.5684  0.0421  0.1839  0.0320 -0.0003  0.2578 0 
 48.8228 -0.0289  2.1609  0.0051  0.2802  0.0468  0.4725  0.1030  0.2024  0.4168 0 
 41.8647  0.0288 -0.9791  0.1572  0.1968  0.1371  0.6260  0.0397 -0.0003  0.5919 0 
 45.0263  0.3325  1.2844  0.0441  0.5703  0.1069  0.3948  0.0707 -0.0003  0.3493 0 
 40.8087 -0.3403 -1.8845  0.2042  0.7435  0.0272  0.3152  0.1685 -0.0003  0.8735 0 
 47.0069 -0.6298 -2.0559  0.0790  0.6053  0.0236  0.3036  0.1097 -0.0003  0.4443 0 
 46.2562  0.6335  1.0783  0.0171  0.2980  0.0789  0.3485  0.0196 -0.0003  0.1795 0 
 34.0185  0.0131 -0.1349  0.0469  0.2260  0.0678  0.2368  0.0505 -0.0003  0.2540 0 
 32.9961  0.0090  3.0198  0.0278  0.2622  0.0171  0.3821  0.0892 -0.0003  0.1137 0 
 44.2267  0.5406 -1.5830  0.0789  0.4977  0.0461  0.3967  0.0645 -0.0003  0.5415 1 
 38.4588 -0.5481  1.5589  0.1310  0.3335  0.0340  0.5949  0.2482 -0.0003  0.8763 1 
 45.5512 -0.3770  2.4898  0.0109  0.1939  0.0419  0.3936  0.0506 -0.0003  0.0957 0 
 44.0101  0.3367 -0.6806  0.0079  0.4022  0.0456  0.1765  0.0016 -0.0003  0.2468 0 
 47.7516  0.5526  1.3980  0.0007  0.1009  0.0351  0.3456  0.0687 -0.0003  0.0534 0 
 43.8148 -0.5413 -1.7506  0.0065  0.4164  0.0267  0.1325  0.0180 -0.0003  0.1611 0 
 50.2785 -0.7316 -1.5087  0.0502  0.5267  0.1123  0.3410  0.0341 -0.0003  0.3271 0 
 44.6326  0.7260  1.6297  0.0179  0.3771  0.0252  0.3957  0.0079 -0.0003  0.1436 0 
 25.3178 -0.3022  0.0415  0.0380  0.2101  0.0550  0.4651  0.0493  0.1706  0.3999 1 
 15.6802  0.2897  3.0971  0.2148  0.6660  0.0292  0.3640  0.1675 -0.0003  0.8731 1 
 50.6416 -0.0917  1.5755  0.0013  0.5984  0.0615  0.3830  0.0280 -0.0003  0.1780 0 
 44.0589  0.1063 -1.6129  0.0079  0.4347  0.0813  0.5735  0.0070 -0.0003  0.1888 0 
 49.0028  0.2515 -0.9568  0.0297  0.3619  0.0678  0.3862  0.0283 -0.0003  0.2404 0 
 38.2605 -0.2454  2.1621  0.0087  0.0287  0.0117  0.3208  0.1082 -0.0003  0.0472 0 
 51.1482  0.0026 -0.1386  0.0085  0.1711  0.0256  0.3395  0.0185 -0.0003  0.0556 0 
 47.2358  0.0036  3.0230  0.0039  0.3985  0.0683  0.5198  0.0436 -0.0003  0.1737 0 
 47.7302 -0.7682  1.7739  0.0925  0.5984  0.0582  0.4320  0.0153 -0.0003  0.5435 0 
 41.4008  0.7843 -1.3449  0.0037  0.4150  0.0821  0.5382  0.1474  0.1253  0.4415 0 
 42.0417 -0.6005 -2.6629  0.1715  0.4259  0.0334  0.2233  0.2546 -0.0003  0.8450 1 
 40.6867  0.6193  0.4805  0.0982  0.5348  0.0387  0.5858  0.0637 -0.0003  0.6311 1 
 48.4077  0.5912  0.3666  0.0083  0.3778  0.0216  0.3013  0.0740 -0.0003  0.0878 0 
 43.8148 -0.5840 -2.7787  0.0388  0.1892  0.0946  0.4418  0.1169 -0.0003  0.2925 0 
 46.6773  0.3824  0.3903  0.0143  0.0546  0.0234  0.2173  0.1374 -0.0003  0.0696 0 
 45.8381 -0.3759 -2.7661  0.0539  0.3760  0.0268  0.3056  0.0464 -0.0003  0.2156 0 
 46.9184 -0.1674  0.0741  0.0026  0.6161  0.0522  0.4340  0.0191 -0.0003  0.1733 0 
 46.2226  0.1782 -3.0914  0.0176  0.2214  0.0687  0.3921  0.0757  0.3114  0.5096 0 
 50.6233 -0.4636  1.1199  0.0418  0.0667  0.0145  0.2979  0.0191 -0.0003  0.0455 0 
 41.6083  0.4854 -2.0600  0.0348  0.1137  0.0273  0.1792  0.0152 -0.0003  0.0633 0 
 43.7507  0.4038 -2.3167  0.1217  0.6672  0.0188  0.3094  0.1539 -0.0003  0.6498 0 
 34.1619 -0.4128  0.8084  0.1026  0.5671  0.0164  0.2365  0.1724 -0.0003  0.4947 0 
 44.9531 -0.7476 -0.4758  0.1520  0.3862  0.0472  0.7460  0.2988 -0.0003  0.9561 0 
 44.3427  0.7317  2.6408  0.0411  0.0713  0.1901  0.2202  0.0025 -0.0003  0.0650 0 
 50.6783 -0.0506  2.5510  0.0755  0.6130  0.0321  0.3404  0.0734 -0.0003  0.5029 0 
 42.0447  0.0912 -0.6190  0.0590  0.1174  0.0801  0.2680  0.0643 -0.0003  0.1655 0 
 48.5145 -0.6415  2.8866  0.1086  0.2909  0.0892  0.3442  0.0950 -0.0003  0.5746 0 
 45.8717  0.6282 -0.2376  0.0073  0.1200  0.0114  0.0873  0.0252 -0.0003  0.0517 0 
 48.3711  0.7173 -2.3450  0.0219  0.5156  0.1165  0.2583  0.0474 -0.0003  0.2835 0 
 29.6361 -0.7304  0.8883  0.0398  0.1545  0.1029  0.3942  0.0135 -0.0003  0.1521 0 
 45.8778  0.1019 -2.9204  0.0081  0.2421  0.0692  0.4365  0.1448 -0.0003  0.2103 0 
 44.1871 -0.0986  0.1845  0.0219  0.0918  0.0420  0.2204  0.0325 -0.0003  0.0645 0 
 46.7201  0.3512  0.6900  0.0443  0.2831  0.0179  0.1303  0.0241 -0.0003  0.1375 0 
 46.1219 -0.3711 -2.4101  0.0158  0.1174  0.0442  0.5230  0.0932  0.1516  0.2578 0 
 48.8899 -0.1251 -0.1561  0.0288  0.4797  0.0161  0.2147  0.1010 -0.0003  0.1470 0 
 44.5899  0.1137  3.0123  0.0718  0.2760  0.0586  0.3518  0.0805 -0.0003  0.4117 0 
 48.5939  0.0817 -1.7910  0.0203  0.0656  0.0187  0.3010  0.0644 -0.0003  0.0447 0 
 46.5126 -0.0792  1.3355  0.0861  0.6013  0.0196  0.2610  0.2387  0.0346  0.6512 0 
 55.3262  0.3389 -0.5013  0.0013  0.6744  0.0592  0.3329  0.0518 -0.0003  0.2168 0 
 52.0577 -0.3222  2.6519  0.0149  0.0357  0.0241  0.2113  0.0113 -0.0003  0.0480 0 
 43.7446 -0.2124 -0.9539  0.0091  0.0873  0.0142  0.1326  0.0020 -0.0003  0.0507 0 
 39.2767  0.2061  2.1920  0.0365  0.3764  0.0223  0.4550  0.0108  0.1527  0.4601 0 
 47.2206  0.6431 -2.5483  0.0031  0.6380  0.0411  0.3466  0.0692 -0.0003  0.1815 0 
 43.0823 -0.6472  0.6069  0.0202  0.1294  0.0492  0.1775  0.0123 -0.0003  0.0921 0 
 45.1453  0.3062  1.2678  0.0588  0.1018  0.1419  0.4383  0.0391 -0.0003  0.1742 0 
 40.2289 -0.2910 -1.8682  0.2927  0.4107  0.0219  0.3164  0.2305 -0.0003  0.9003 0 
 50.5867  0.0861 -3.1387  0.0517  0.6108  0.2236  0.2554  0.0234 -0.0003  0.3157 0 
 37.0855 -0.1466 -0.0014  0.0221  0.0747  0.0312  0.2311  0.0137 -0.0003  0.0551 0 
 59.7269 -0.0795 -0.7534  0.0292  0.3834  0.2645  0.2858  0.0062 -0.0003  0.2327 0 
 45.9205  0.0450  2.3497  0.0376  0.2949  0.0428  0.2182  0.0229 -0.0003  0.2066 0 
 45.7771 -0.3941  2.0250  0.0364  0.2360  0.1023  0.4368  0.0298 -0.0003  0.2189 0 
 32.2026  0.4304 -1.1425  0.0399  0.4297  0.0758  0.2405  0.0124 -0.0003  0.3347 0 
 45.6703 -0.7423 -3.0229  0.3564  0.2412  0.0884  0.3933  0.6666 -0.0003  0.9983 1 
 44.8035  0.7251  0.1114  0.1731  0.5141  0.0936  0.8345  0.2009 -0.0003  0.9574 1 
 39.2737 -0.1796  0.7406  0.0831  0.6926  0.0428  0.5915  0.1932 -0.0003  0.8196 1 
 35.5535  0.1907 -2.3975  0.1668  0.6158  0.0538  0.5144  0.3066 -0.0003  0.9695 1 
 56.4035 -0.1805 -1.7092  0.0302  0.1478  0.0522  0.2899  0.0151 -0.0003  0.1065 0 
 49.6162  0.2076  1.4205  0.0806  0.4067  0.0572  0.3849  0.1535 -0.0003  0.6681 0 
 43.4974 -0.6420 -1.2771  0.0069  0.8363  0.0718  0.3099  0.0256 -0.0003  0.2650 0 
 33.7835  0.6327  1.8536  0.0033  0.1452  0.0619  0.2372  0.0056 -0.0003  0.0903 0 
 50.0557  0.7911  1.9491  0.0258  0.2683  0.0503  0.2987  0.0200 -0.0003  0.1682 0 
 47.7516 -0.7791 -1.2304  0.0505  0.1573  0.0800  0.3888  0.0482 -0.0003  0.2009 0 
 49.8512 -0.4321 -0.9417  0.0374  0.6739  0.1065  0.4272  0.0319 -0.0003  0.3088 0 
 36.7346  0.4183  2.2162  0.0275  0.2869  0.0288  0.4634  0.0641 -0.0003  0.1874 0 
 50.9072  0.1087  2.6268  0.0671  0.8144  0.0540  0.2550  0.0325 -0.0003  0.6189 0 
 38.5901 -0.0292 -0.5150  0.0227  0.1319  0.0432  0.3657  0.1398 -0.0003  0.1435 0 
 45.4597  0.4075 -1.8525  0.0246  0.2307  0.0248  0.3500  0.1216 -0.0003  0.1351 0 
 36.1334 -0.3907  1.3093  0.1470  0.2739  0.0418  0.3724  0.1279  0.1702  0.8684 0 
 51.7281  0.1071 -2.2189  0.0148  0.2811  0.0540  0.5079  0.0837 -0.0003  0.2123 0 
 46.8605 -0.1040  0.9109  0.0248  0.3041  0.0514  0.4775  0.0390 -0.0003  0.2180 0 
 49.9886  0.0779 -1.2129  0.0076  0.2392  0.0917  0.2562  0.0172 -0.0003  0.1508 0 
 49.8604 -0.0717  1.9347  0.0283  0.0318  0.0243  0.2990  0.1241 -0.0003  0.0743 0 
 48.9387  0.6523  0.7111  0.0074  0.4551  0.0323  0.5151  0.0134 -0.0003  0.1727 0 
 39.9207 -0.6480 -2.4358  0.0321  0.3879  0.0149  0.3624  0.0502 -0.0003  0.1219 0 
 49.7505 -0.5147  0.8930  0.3948  0.2686  0.1149  0.3847  0.5812 -0.0003  0.9983 1 
 45.9693  0.5368 -2.2297  0.2476  0.3499  0.0732  0.3926  0.3597 -0.0003  0.9884 1 
 44.2817 -0.6603  2.7876  0.0180  0.1426  0.0082  0.2203  0.0385 -0.0003  0.0360 0 
 41.6541  0.6278 -0.3453  0.0046  0.1890  0.0430  0.3583  0.0079 -0.0003  0.0857 0 
 42.3499 -0.8000 -1.2407  0.0000  0.7413  0.0157  0.0000 -0.0200 -0.0003  0.2753 0 
 41.6724  0.7888  1.8873  0.0068  0.2965  0.0433  0.3582  0.0193 -0.0003  0.1204 0 
 45.6336 -0.6048 -1.3762  0.0197  0.7207  0.0285  0.3060  0.0895 -0.0003  0.2145 0 
 45.0050  0.6249  1.7815  0.0115  0.2048  0.0848  0.5264  0.2455 -0.0003  0.3136 0 
 46.7659  0.5032 -0.9632  0.1750  0.3295  0.0609  0.4343  0.1100 -0.0003  0.7541 1 
 42.9816 -0.4706  2.1821  0.0669  0.4964  0.0162  0.4885  0.1304 -0.0003  0.5210 1 
 52.7047  0.3817 -1.2509  0.0439  0.2570  0.0720  0.3370  0.0316 -0.0003  0.2446 0 
 42.4445 -0.3759  1.8977  0.0786  0.2874  0.0207  0.3119  0.1771 -0.0003  0.4003 0 
 44.9500 -0.6457 -3.0157  0.1445  0.2397  0.0923  0.1756  0.2304 -0.0003  0.8483 0 
 42.1820  0.6547  0.1346  0.1692  0.4144  0.0147  0.2678  0.1253  0.0332  0.5784 0 
 46.5370 -0.0462  0.7033  0.0167  0.1001  0.0216  0.2174  0.0519 -0.0003  0.0430 0 
 44.3854  0.0655 -2.4350  0.0219  0.1793  0.0229  0.1761  0.0450 -0.0003  0.0638 0 
 49.4575  0.3204  0.9321  0.0816  0.1121  0.0373  0.2997  0.0311 -0.0003  0.1338 0 
 49.3935 -0.3105 -2.2346  0.0349  0.1191  0.0489  0.2569  0.0203 -0.0003  0.0906 0 
 49.2592  0.7712 -0.4496  0.0419  0.6538  0.0935  0.5142  0.1245 -0.0003  0.4545 0 
 45.2064 -0.7821  2.6756  0.0339  0.1450  0.0143  0.2629  0.0677 -0.0003  0.0534 0 
 45.5726 -0.2158 -2.1133  0.0170  0.4279  0.1019  0.4373  0.0075 -0.0003  0.1982 0 
 45.1698  0.1959  1.0605  0.0001  0.2255  0.0509  0.3506  0.1085 -0.0003  0.1136 0 
 41.0437  0.6931 -0.1653  0.0007  0.5832  0.1158  0.4496  0.0196 -0.0003  0.2032 0 
 40.0854 -0.6412  2.9546  0.0051  0.6047  0.0970  0.7691  0.0517 -0.0003  0.2630 0 
 53.1624  0.5370 -2.3825  0.0128  0.3097  0.0338  0.2522  0.0604 -0.0003  0.1063 0 
 50.3639 -0.5527  0.7867  0.0210  0.1162  0.0534  0.2557  0.0452 -0.0003  0.0805 0 
 41.4740 -0.5292 -1.8570  0.0124  0.4420  0.0418  0.3138  0.0312 -0.0003  0.1724 0 
 39.3347  0.5508  1.3135  0.0021  0.2062  0.0231  0.3183  0.0429 -0.0003  0.0471 0 
 44.8707 -0.7445 -0.5594  0.0395  0.5989  0.1140  0.5268  0.0831 -0.0003  0.3467 1 
 41.8677  0.7461  2.6213  0.0972  0.6352  0.0393  0.4025  0.1607 -0.0003  0.7980 1 
 45.0385 -0.5363 -0.0233  0.3781  0.6895  0.0420  0.3947  0.3488 -0.0003  0.9918 1 
 44.6265  0.5269  3.1278  0.1690  0.4091  0.1922  0.8793  0.2399 -0.0003  0.9756 1 
 45.8808  0.6272  3.0278  0.0058  0.1797  0.0230  0.3055  0.0244 -0.0003  0.0475 1 
 41.7090 -0.6158 -0.1336  0.3424  0.2498  0.0489  0.1790  0.3782 -0.0003  0.9843 1 
 46.6377 -0.0703  0.7041  0.0669  0.4857  0.0201  0.2173  0.0268 -0.0003  0.2168 0 
 43.5645  0.0667 -2.4912  0.0001  0.1370  0.0667  0.2655  0.0638 -0.0003  0.0789 0 
 52.6955 -0.7814  3.0126  0.0164  0.3757  0.0535  0.3370  0.0631 -0.0003  0.2019 0 
 45.2522  0.7853 -0.1316  0.0456  0.1120  0.0219  0.1752  0.1397  0.0296  0.1836 0 
 48.7953  0.5527 -0.3396  0.0066  0.1483  0.2829  0.5155  0.0764 -0.0003  0.1895 0 
 46.9032 -0.5458  2.6776  0.0321  0.7200  0.0200  0.4340  0.0428 -0.0003  0.2392 0 
 47.3823 -0.4215 -1.4147  0.0148  0.1615  0.0368  0.4761  0.1182 -0.0003  0.1488 0 
 45.6916  0.4197  1.7237  0.0146  0.5626  0.0382  0.4369  0.1313 -0.0003  0.3149 0 
 37.8088  0.3488 -2.3502  0.0056  0.4488  0.0631  0.3678  0.0445  0.0587  0.2483 0 
 37.3205 -0.3444  0.7672  0.0038  0.3524  0.0281  0.5537  0.1285 -0.0003  0.2129 0 
 48.1239 -0.6032 -0.4361  0.0263  0.6943  0.0276  0.2156  0.0180 -0.0003  0.2061 0 
 48.0293  0.5808  2.7538  0.0416  0.5121  0.0492  0.3019  0.1580 -0.0003  0.5520 0 
 53.4646  0.0416  1.7505  0.0446  0.1118  0.0361  0.5036  0.2480 -0.0003  0.3174 0 
 36.8841 -0.0688 -1.3818  0.0064  0.5186  0.0159  0.2777  0.0743  0.1339  0.2662 0 
 49.3965 -0.7932  2.9686  0.0565  0.5409  0.0662  0.4710  0.0195 -0.0003  0.3586 0 
 43.0121  0.7760 -0.2165  0.1265  0.3078  0.0129  0.1776  0.1611 -0.0003  0.3734 0 
 63.0320 -0.7325 -1.1774  0.0409  0.2773  0.1172  0.2821  0.0866  0.4279  0.6670 1 
 40.7019  0.7077  2.0241  0.4639  0.3026  0.0705  0.3604  0.2554 -0.0003  0.9885 1 
 45.4994  0.7150 -0.7310  0.0319  0.1468  0.0306  0.1312  0.0046 -0.0003  0.0963 0 
 43.7171 -0.7213  2.4276  0.0349  0.2416  0.0089  0.3095  0.0569 -0.0003  0.0696 0 
 38.2574 -0.7918  2.0036  0.0173  0.2336  0.0158  0.3666  0.1216 -0.0003  0.0958 0 
 31.7357  0.8087 -1.2002  0.0343  0.4187  0.0249  0.3381  0.0152 -0.0003  0.1802 0 
 52.1920 -0.5580 -1.6837  0.3392  0.2102  0.0542  0.4645  0.2726  0.0635  0.9811 1 
 43.1342  0.5958  1.4594  0.6567  0.2228  0.0633  0.3549  0.5245 -0.0003  0.9951 1 
 43.0274  0.4602  0.7484  0.3686  0.4441  0.0547  0.5327  0.3771 -0.0003  0.9933 1 
 21.7411 -0.4917 -2.3900  0.2046  0.4454  0.0450  0.1627  0.1019  0.1446  0.8467 1 
 46.0517  0.3070 -1.2302  0.0162  0.2904  0.0099  0.3052  0.0782 -0.0003  0.0649 0 
 45.8015 -0.3090  1.9190  0.0127  0.3737  0.0220  0.2184  0.0159 -0.0003  0.1066 0 
 49.8482  0.2704  3.0049  0.0410  0.0694  0.0447  0.4272  0.0811 -0.0003  0.1186 0 
 34.8028 -0.2669 -0.1579  0.0549  0.6492  0.0129  0.1882  0.0054 -0.0003  0.1871 0 
 48.1788 -0.6555 -2.3865  0.0432  0.4727  0.0516  0.7327  0.0511  0.0765  0.5348 0 
 41.0681  0.6565  0.7889  0.1425  0.5660  0.0149  0.3147  0.2043  0.1885  0.8696 0 
 53.3730  0.2147 -2.7264  0.4380  0.4403  0.0695  0.3779  0.3298 -0.0003  0.9940 1 
 47.9347 -0.1947  0.4097  0.1223  0.5780  0.0670  0.4315  0.2751  0.2071  0.9416 1 
 48.6152 -0.6038 -2.2514  0.0026  0.1760  0.0992  0.3010  0.1236 -0.0003  0.1419 0 
 39.8230  0.6009  0.8736  0.0448  0.2540  0.0811  0.4532  0.1351 -0.0003  0.3986 0 
 50.7973  0.1296 -1.6681  0.0377  0.3351  0.0660  0.2551  0.0881 -0.0003  0.3565 0 
 44.5686 -0.1121  1.4648  0.0037  0.6630  0.0124  0.2199  0.1210 -0.0003  0.1361 0 
 49.4484  0.1660  2.0961  0.0040  0.3475  0.0305  0.2141  0.0176 -0.0003  0.1102 0 
 40.7172 -0.1515 -1.0348  0.0222  0.1836  0.1114  0.3604  0.0184 -0.0003  0.1315 0 
 43.6133  0.6823 -0.4665  0.5476  0.4454  0.1136  0.3096  0.6444  0.1876  0.9989 1 
 41.9532 -0.6854  2.6907  0.1838  0.5748  0.0522  0.6704  0.1252  0.0582  0.9106 1 
 49.3965 -0.6501  1.3773  0.0176  0.0566  0.1045  0.3854  0.0543 -0.0003  0.0633 0 
 47.4281  0.6765 -1.7820  0.0225  0.3954  0.0117  0.3462  0.0246 -0.0003  0.0914 0 
 46.8727 -0.3019 -1.5517  0.0516  0.6070  0.0238  0.2170  0.0573 -0.0003  0.2309 0 
 35.6268  0.3112  1.5858  0.1869  0.3836  0.0374  0.5141  0.1496 -0.0003  0.8543 0 
 50.7820  0.2824  0.1305  0.0023  0.5948  0.0783  0.6803  0.1651 -0.0003  0.3364 0 
 44.9989 -0.2683 -3.0357  0.0000  0.3929  0.0390  0.1755  0.0110  0.0355  0.2319 0 
 44.1199  0.5654 -2.1663  0.0530  0.1967  0.0481  0.1764  0.1734 -0.0003  0.4060 1 
 41.0956 -0.5408  1.0464  0.3044  0.6672  0.0718  0.4045  0.4298  0.2624  0.9975 1 
 47.2938 -0.1174  1.7449  0.2458  0.4320  0.0249  0.3464  0.3852 -0.0003  0.9729 1 
 46.3111  0.1336 -1.3778  0.3975  0.4756  0.0389  0.3048  0.4415 -0.0003  0.9958 1 
 56.8612  0.0496  2.4617  0.0223  0.7643  0.0692  0.4547  0.0816 -0.0003  0.3457 0 
 45.4231 -0.0590 -0.6498  0.1212  0.3895  0.0360  0.4814  0.1606 -0.0003  0.7708 0 
 47.0008  0.4963 -1.3551  0.0191  0.0698  0.1183  0.1301  0.0063 -0.0003  0.0873 0 
 34.4610 -0.4737  1.7972  0.0528  0.2270  0.0128  0.2359  0.0527 -0.0003  0.0919 0 
 49.2866 -0.6915  1.4168  0.1006  0.4246  0.0304  0.3856  0.0434 -0.0003  0.5010 0 
 44.2939  0.7047 -1.7636  0.0092  0.4046  0.0921  0.3524  0.0064 -0.0003  0.1776 0 
 48.5695  0.2976 -1.8228  0.2952  0.0895  0.1949  0.1720  0.3751 -0.0003  0.9762 1 
 46.7323 -0.2846  1.2270  0.3075  0.6907  0.0467  0.3475  0.3879 -0.0003  0.9921 1 
 46.8208 -0.4266  2.4497  0.0592  0.7335  0.0338  0.5644  0.1970 -0.0003  0.7555 1 
 37.4517  0.4289 -0.6849  0.2503  0.3029  0.0645  0.3687  0.1771  0.4987  0.9990 1 
 48.7037 -0.4841 -1.1918  0.0229  0.5330  0.2034  0.4298  0.1162 -0.0003  0.3416 0 
 45.7771  0.4794  1.9499  0.1082  0.3016  0.0161  0.1747  0.1103 -0.0003  0.2830 0 
 45.2399 -0.4260 -1.9841  0.4717  0.6047  0.0816  0.4381  0.0986  0.4173  0.9953 1 
 41.4008  0.4661  1.1637  0.5207  0.7317  0.0309  0.5831  0.4555 -0.0003  0.9946 1 
 46.7048  0.5949 -2.9801  0.0014  0.4335  0.0902  0.3476  0.0263 -0.0003  0.1683 0 
 40.3723 -0.5836  0.1849  0.0428  0.3346  0.0132  0.1355  0.0212 -0.0003  0.1301 0 
 48.8106 -0.7293  2.7849  0.0213  0.1283  0.0978  0.3436  0.0068 -0.0003  0.0936 0 
 41.8952  0.7227 -0.4513  0.0108  0.2077  0.0092  0.2683  0.0806 -0.0003  0.0459 0 
 49.3965 -0.5175 -2.4381  0.0551  0.0723  0.0370  0.4710  0.0728 -0.0003  0.1490 0 
 44.3122  0.5190  0.7026  0.0170  0.5859  0.0476  0.3524  0.0064 -0.0003  0.2314 0 
 46.8452  0.7902 -1.5800  0.0269  0.2153  0.0251  0.3907  0.0745 -0.0003  0.1131 0 
 43.5157 -0.7852  1.5472  0.0089  0.2782  0.0930  0.4426  0.1313 -0.0003  0.2237 0 
 47.2328 -0.1154  2.6278  0.4392  0.3536  0.0671  0.3899  0.6596 -0.0003  0.9983 1 
 45.2613  0.1372 -0.5118  0.8927  0.5014  0.0407  0.3942  0.3787 -0.0003  0.9966 1 
 46.2715 -0.0120 -2.0358  0.0312  0.7824  0.0669  0.5662  0.0318 -0.0003  0.3312 0 
 45.7832  0.0218  1.1255  0.1566  0.7265  0.0164  0.3930  0.1282 -0.0003  0.7472 0 
 45.8595 -0.2365 -0.8851  0.0136  0.1557  0.0436  0.3492  0.0693 -0.0003  0.0862 0 
 43.8544  0.2544  2.2193  0.0112  0.5691  0.0948  0.3092  0.0290 -0.0003  0.2222 0 
 44.4495  0.5516 -0.2768  0.0299  0.0966  0.0159  0.2641  0.0259 -0.0003  0.0419 0 
 41.1475 -0.4395  2.8621  0.0148  0.6811  0.0765  0.5841  0.0089 -0.0003  0.2396 0 
 44.5624 -0.6339 -1.5517  0.0423  0.4793  0.1002  0.3958  0.0513 -0.0003  0.3112 0 
 44.0528  0.5934  1.5392  0.0814  0.1220  0.0756  0.4412  0.0804 -0.0003  0.3109 0 
 46.9459 -0.3643  1.7206  0.4625  0.6606  0.1046  0.6508  0.7663 -0.0003  0.9986 1 
 37.9461  0.3695 -1.4606  0.3763  0.6310  0.0703  0.3674  0.5187 -0.0003  0.9975 1 
 45.0507  0.4428 -0.9732  0.0133  0.2480  0.0923  0.3947  0.0283 -0.0003  0.1498 0 
 37.3114 -0.4016  2.1833  0.1494  0.3218  0.1213  0.4153  0.1881 -0.0003  0.8798 0 
 47.7852 -0.7462  0.4733  0.0050  0.5487  0.1311  0.3455  0.0927  0.5111  0.7238 1 
 33.9635  0.7279 -2.7118  0.3975  0.2931  0.0240  0.2369  0.3592 -0.0003  0.9874 1 
 45.8869  0.0905 -1.4981  0.0729  0.1028  0.0256  0.3492  0.0941 -0.0003  0.1467 0 
 37.8393 -0.0720  1.6065  0.0078  0.3078  0.0896  0.4137  0.2247  0.2683  0.7175 0 
 48.8777 -0.3622  0.9174  0.0867  0.2528  0.0732  0.4294  0.0397 -0.0003  0.4071 0 
 38.7549  0.3472 -2.2277  0.0304  0.7830  0.0482  0.4566  0.1092 -0.0003  0.4501 0 
 49.2378  0.4919 -0.6224  0.0335  0.6402  0.1113  0.3429  0.0721 -0.0003  0.3491 0 
 45.7801 -0.4551  2.5348  0.0115  0.0695  0.0224  0.1310  0.0060 -0.0003  0.0572 0 
 49.7475 -0.1841  0.1519  0.0285  0.4050  0.0968  0.4702  0.0201 -0.0003  0.2370 0 
 40.8270  0.1821 -2.9792  0.0071  0.2243  0.0415  0.4052  0.0734 -0.0003  0.1069 0 
 46.4424  0.0670 -0.9369  0.3660  0.3672  0.1805  0.6526  0.2733 -0.0003  0.9931 1 
 41.1353 -0.0896  2.2424  0.1065  0.3543  0.0424  0.1797  0.1179  0.4058  0.9916 1 
 45.1545  0.2913  2.9704  0.0260  0.1181  0.0223  0.1753  0.0526 -0.0003  0.0520 0 
 35.9472 -0.3654 -0.1206  0.0507  0.4327  0.0313  0.1865  0.0340 -0.0003  0.2360 0 
 47.2663  0.2843  0.6502  0.0239  0.5189  0.0374  0.5631  0.0815 -0.0003  0.3142 0 
 45.6275 -0.2827 -2.5227  0.1068  0.0921  0.0685  0.3497  0.0803  0.2433  0.6086 0 
 53.7270 -0.4734 -0.8696  0.0450  0.6167  0.2783  0.4611  0.1729 -0.0003  0.5514 0 
 41.3642  0.3953  2.2943  0.0024  0.3933  0.0574  0.3140  0.0640 -0.0003  0.1666 0 
 48.5664 -0.0804  0.4805  0.0611  0.2594  0.1766  0.6451  0.1495 -0.0003  0.6209 0 
 39.3042  0.0816 -2.6437  0.0262  0.1718  0.0086  0.1365  0.0185 -0.0003  0.0563 0 
 47.9805 -0.5384 -2.1569  0.0110  0.6794  0.0439  0.2589  0.0281 -0.0003  0.2464 0 
 46.8299  0.5251  0.9576  0.0234  0.2249  0.0212  0.2605  0.0495 -0.0003  0.0674 0 
 52.9580 -0.0760 -1.4347  0.0663  0.1045  0.0412  0.1262  0.0372 -0.0003  0.1169 0 
 46.1677  0.0653  1.7120  0.0465  0.0916  0.0627  0.3486  0.0143 -0.0003  0.1049 0 
 39.1516 -0.6639 -0.3324  0.0402  0.6831  0.0367  0.2277  0.0773 -0.0003  0.3234 0 
 37.3724  0.6835  2.7859  0.0451  0.3815  0.0157  0.1384  0.0248  0.1090  0.2856 0 
 46.7445  0.3118 -0.8858  0.0011  0.1532  0.0862  0.3475  0.1971 -0.0003  0.1829 0 
 45.2338 -0.3075  2.2526  0.0267  0.3629  0.0490  0.5257  0.0230 -0.0003  0.2474 0 
 44.0681 -0.6757  1.0417  0.0171  0.1831  0.0155  0.2206  0.0345  0.1293  0.2566 0 
 37.3266  0.6886 -2.0779  0.0095  0.4599  0.0205  0.2768  0.0859 -0.0003  0.1091 0 
 47.0283  0.7539 -2.9954  0.0819  0.5602  0.0430  0.3469  0.0958 -0.0003  0.6254 0 
 45.0477 -0.7487  0.1621  0.0087  0.0905  0.1167  0.1754  0.0019 -0.0003  0.0760 0 
 49.3111  0.6060 -0.0992  0.0367  0.3161  0.0216  0.1285  0.0469 -0.0003  0.1453 0 
 37.0825 -0.6226  3.0659  0.0783  0.1917  0.0338  0.2773  0.0648 -0.0003  0.2192 0 
 51.9722  0.6841  2.3467  0.0156  0.3810  0.0584  0.4227  0.0378 -0.0003  0.1965 0 
 46.8086 -0.6834 -0.7996  0.0355  0.4506  0.0323  0.1303  0.0244 -0.0003  0.2334 0 
 51.4992  0.2250  1.9188  0.0076  0.6447  0.0230  0.2542  0.0611 -0.0003  0.1307 0 
 49.1341 -0.2613 -1.2270  0.0630  0.1736  0.0167  0.3431  0.0898 -0.0003  0.1471 0 
 45.8503  0.1698 -1.0985  0.0102  0.5768  0.0147  0.1746  0.0851 -0.0003  0.1269 0 
 37.5402 -0.1607  2.0397  0.0084  0.0991  0.0298  0.4607  0.0502 -0.0003  0.0725 0 
 46.6438 -0.6869 -2.3211  0.0206  0.4159  0.1099  0.6085  0.1592 -0.0003  0.3813 0 
 41.4282  0.6205  0.7827  0.0282  0.6454  0.1318  0.6278  0.0314 -0.0003  0.2913 0 
 49.3996  0.4877  0.1251  0.0126  0.3372  0.0144  0.2141  0.0244 -0.0003  0.0778 0 
 41.8097 -0.4790 -3.0098  0.1379  0.3755  0.0290  0.3579  0.0479 -0.0003  0.5367 0 
 47.0619  0.5031  1.4013  0.1106  0.2995  0.0935  0.4336  0.1210 -0.0003  0.6431 0 
 45.8717 -0.4995 -1.7127  0.0083  0.6609  0.0823  0.5238  0.0540 -0.0003  0.2416 0 
 47.9011  0.1684 -0.7047  0.0375  0.2039  0.1085  0.3885  0.1332 -0.0003  0.3179 0 
 43.4333 -0.1793  2.4230  0.0219  0.8006  0.0402  0.4428  0.1627 -0.0003  0.5198 0 
 40.0916  0.7738 -1.7791  0.0121  0.4433  0.0122  0.2262  0.0877 -0.0003  0.1024 0 
 39.5575 -0.7804  1.3673  0.0198  0.5628  0.0425  0.4541  0.1551 -0.0003  0.4074 0 
 42.3804  0.0401 -3.1278  0.0706  0.4656  0.0860  0.6686  0.0577 -0.0003  0.4782 0 
 39.3194 -0.0507  0.0017  0.0485  0.3258  0.0351  0.5003  0.0975 -0.0003  0.3815 0 
 50.0191  0.0209  1.7762  0.5609  0.1973  0.0536  0.3415  0.4901 -0.0003  0.9946 1 
 42.3255 -0.0153 -1.3795  0.8932  0.5124  0.0305  0.4459  0.7691 -0.0003  0.9981 1 
 48.6763 -0.7035 -1.4670  0.0120  0.6004  0.0372  0.4728  0.0345 -0.0003  0.1997 0 
 43.4974  0.7096  1.6942  0.0018  0.2270  0.1485  0.4869  0.0084 -0.0003  0.1454 0 
 49.3599 -0.1864  1.9512  0.0151  0.0955  0.0164  0.1713  0.0098 -0.0003  0.0452 0 
 47.6295  0.1771 -1.1939  0.0175  0.1937  0.0190  0.2594  0.0266 -0.0003  0.0515 0 
 42.2858 -0.6750  2.9932  0.1174  0.5305  0.0147  0.5352  0.1032 -0.0003  0.7014 0 
 39.9939  0.6661 -0.1291  0.0720  0.0736  0.0492  0.5433  0.1556 -0.0003  0.3273 0 
 45.1331 -0.0471 -2.8847  0.6527  0.3093  0.0322  0.5699  0.4725 -0.0003  0.9944 1 
 45.0843  0.0437  0.2720  0.1201  0.3785  0.0337  0.1754  0.1418 -0.0003  0.5970 1 
 50.1991  0.7242 -0.9650  0.1505  0.0451  0.0516  0.2559  0.0784 -0.0003  0.1705 0 
 42.4201 -0.7189  2.1308  0.0117  0.4659  0.0311  0.2674  0.0307 -0.0003  0.1392 0 
 43.8788 -0.3994  2.4404  0.0743  0.3047  0.0419  0.2650  0.0400 -0.0003  0.3241 0 
 40.1709  0.4279 -0.7760  0.0072  0.2101  0.0672  0.4974  0.0347 -0.0003  0.1353 0 
 47.4220  0.6502  1.2535  0.0493  0.7313  0.1285  0.6491  0.1641 -0.0003  0.6414 1 
 47.1138 -0.6626 -1.9517  0.3178  0.6400  0.0500  0.4335  0.4981 -0.0003  0.9963 1 
 52.0180 -0.0594 -1.1520  0.0039  0.4497  0.1750  0.5071  0.0284  0.2066  0.3769 0 
 43.3448  0.0291  1.9561  0.0075  0.7099  0.0582  0.6646  0.0560 -0.0003  0.2635 0 
 52.9549  0.2248  0.9976  0.0533  0.2592  0.0236  0.3366  0.1375 -0.0003  0.2601 0 
 48.8228 -0.2357 -2.1585  0.0086  0.1330  0.0550  0.3865  0.2012 -0.0003  0.1778 0 
 51.2398 -0.1101 -1.0128  0.0937  0.2949  0.0278  0.3818  0.0917 -0.0003  0.4331 0 
 39.4354  0.1284  2.1762  0.0005  0.5215  0.1581  0.4090  0.0054 -0.0003  0.2042 0 
 47.4037  0.6712 -1.6066  0.0026  0.2435  0.0408  0.3030  0.0443 -0.0003  0.0786 0 
 45.7099 -0.6498  1.5302  0.0169  0.3225  0.0276  0.1748  0.0167 -0.0003  0.1305 0 
 46.3081  0.4736  1.7729  0.0347  0.1202  0.0489  0.3484  0.1536 -0.0003  0.1842 0 
 37.5677 -0.4606 -1.3556  0.0667  0.1471  0.0838  0.2763  0.0209 -0.0003  0.1990 0 
 53.5378 -0.6825  2.2638  0.2578  0.2282  0.0490  0.5874  0.2914 -0.0003  0.9765 1 
 43.1556  0.6910 -0.9048  0.0666  0.1915  0.0233  0.2661  0.1882 -0.0003  0.3281 1 
 45.9297  0.0873  1.1539  0.0067  0.1062  0.0328  0.2182  0.1668 -0.0003  0.1044 0 
 43.0121 -0.1053 -2.0041  0.0013  0.7540  0.0345  0.4883  0.0490 -0.0003  0.1781 0 
 45.7343  0.5274 -1.5221  0.0341  0.3228  0.0974  0.4369  0.1234 -0.0003  0.3588 0 
 41.0834 -0.5734  1.6132  0.1529  0.5656  0.0876  0.4045  0.2088 -0.0003  0.9381 0 
 51.9997  0.4432  0.9155  0.0032  0.4480  0.1758  0.2536  0.0193 -0.0003  0.2182 0 
 45.1392 -0.4347 -2.2869  0.1102  0.3450  0.0291  0.3068  0.0203 -0.0003  0.4176 0 
 45.4383  0.7564  0.8730  0.0392  0.3445  0.0472  0.3938  0.0512 -0.0003  0.2715 0 
 44.6021 -0.7615 -2.2240  0.1226  0.1045  0.0368  0.3518  0.0466  0.1744  0.6038 0 
 48.3680 -0.6758 -2.0553  0.0274  0.3636  0.0194  0.2583  0.0654 -0.0003  0.1108 0 
 43.2441  0.6605  1.1076  0.0214  0.1705  0.0316  0.4434  0.0584 -0.0003  0.1115 0 
 41.7182 -0.0551 -1.3044  0.2101  0.4655  0.0323  0.2686  0.2718 -0.0003  0.9120 1 
 24.3900 -0.0228  1.8992  0.4868  0.6514  0.0240  0.3660  0.3896 -0.0003  0.9957 1 
 48.4871 -0.5065 -1.4768  0.0230  0.3700  0.0346  0.6454  0.0118 -0.0003  0.2628 0 
 42.9114  0.4907  1.6522  0.0034  0.3751  0.0381  0.1333  0.0165 -0.0003  0.2000 0 
 50.1534  0.5111 -1.4072  0.0867  0.2168  0.0034  0.0427  0.0474 -0.0003  0.1433 0 
 47.0710 -0.4957  1.7300  0.0143  0.2767  0.0094  0.1734  0.0117 -0.0003  0.0716 0 
 45.2735  0.2610 -1.0248  0.3225  0.4933  0.0336  0.2628  0.2867 -0.0003  0.9732 1 
 44.8096 -0.2666  2.1080  0.5299  0.5377  0.0432  0.5709  0.5450 -0.0003  0.9969 1 
 54.8989  0.6685 -2.3644  0.0056  0.4442  0.0894  0.5837  0.0401 -0.0003  0.2010 0 
 48.7739 -0.7039  0.7616  0.0057  0.1072  0.1242  0.2578  0.1086 -0.0003  0.0907 0 
 48.9601 -0.7017 -1.8596  0.5282  0.2043  0.1131  0.4721  0.3121 -0.0003  0.9927 1 
 43.9307  0.6924  1.3045  0.8719  0.6176  0.0513  0.4856  1.1453 -0.0003  0.9985 1 
 46.4271 -0.7384 -0.7115  0.0349  0.0731  0.0318  0.2176  0.0981 -0.0003  0.0750 0 
 42.1118  0.7584  2.4281  0.0280  0.0501  0.0151  0.1786  0.0995 -0.0003  0.0532 0 
 44.2054  0.0783 -1.6529  0.2589  0.5921  0.1813  0.7052  0.1335 -0.0003  0.9350 1 
 41.0498 -0.0932  1.4460  0.3996  0.7181  0.0442  0.4945  0.2903 -0.0003  0.9841 1 
 47.3396 -0.7224 -2.3270  0.0123  0.1450  0.0370  0.3030  0.0076 -0.0003  0.0698 0 
 45.0019  0.7296  0.8353  0.0364  0.1461  0.0346  0.2194  0.0268 -0.0003  0.0808 0 
 38.0682  0.6444 -3.0264  0.0218  0.5057  0.0211  0.2294  0.0103 -0.0003  0.1475 0 
 36.8017 -0.6457  0.1538  0.0146  0.4570  0.1421  0.4632  0.1729 -0.0003  0.3689 0 
 45.3803 -0.4372 -2.0780  0.0051  0.3070  0.0256  0.3502  0.0787  0.0468  0.1495 0 
 44.3122  0.3832  1.0321  0.0834  0.2629  0.1260  0.3524  0.0370  0.1398  0.5661 0 
 31.3542  0.7672  1.8607  0.0729  0.1712  0.0255  0.2908  0.1752 -0.0003  0.3251 1 
 18.5397 -0.7708 -1.0460  0.0541  0.4881  0.0093  0.2860  0.0779 -0.0003  0.1648 1 
 57.6028 -0.2791 -1.6267  0.0042  0.5065  0.0371  0.2060  0.1030 -0.0003  0.1866 0 
 45.2216  0.3120  1.4622  0.0139  0.2472  0.0598  0.3067  0.0264 -0.0003  0.1400 0 
 44.7425 -0.0590  2.8077  0.0829  0.1238  0.1337  0.2197  0.0760  0.1328  0.4756 0 
 43.9429  0.0113 -0.3522  0.0112  0.0738  0.0270  0.3090  0.0660 -0.0003  0.0485 0 
 36.4294 -0.1125 -0.1804  0.0102  0.7519  0.0528  0.3716  0.0291 -0.0003  0.2331 0 
 30.6889  0.0764  2.9177  0.0247  0.2844  0.0113  0.0976  0.0153 -0.0003  0.1198 0 
 48.2856 -0.3421 -1.7804  0.0008  0.7009  0.0547  0.5169  0.0079 -0.0003  0.1843 0 
 47.4189  0.3443  1.3635  0.0241  0.3755  0.0809  0.3895  0.0612 -0.0003  0.2462 0 
 47.0893 -0.0757 -0.3614  0.0301  0.2519  0.1440  0.4336  0.0225 -0.0003  0.2100 0 
 45.4170  0.0957  2.7751  0.0302  0.4272  0.0304  0.3501  0.0504 -0.0003  0.1894 0 
 48.3955 -0.1435  2.5913  0.3609  0.3629  0.1045  0.6457  0.2415 -0.0003  0.9904 1 
 41.7670  0.1026 -0.5134  0.2824  0.5531  0.0562  0.4027  0.4999 -0.0003  0.9962 1 
 44.7974 -0.2417 -1.3180  0.0007  0.1452  0.0338  0.3514  0.0738 -0.0003  0.0571 0 
 44.5991  0.1781  1.7688  0.0132  0.1497  0.0417  0.1759  0.0345 -0.0003  0.0757 0 
 56.9802  0.6297 -2.1607  0.0604  0.1902  0.0626  0.3718  0.0794 -0.0003  0.2869 0 
 48.8045 -0.6272  0.9454  0.0159  0.2464  0.1279  0.4296  0.1517 -0.0003  0.2776 0 
 54.2367  0.4976 -2.5555  0.0258  0.0774  0.1048  0.3764  0.0290 -0.0003  0.0714 0 
 43.9796 -0.4841  0.6336  0.0636  0.5415  0.0260  0.3089  0.0836 -0.0003  0.3448 0 
 52.0729  0.4644  1.1263  0.0031  0.5603  0.0414  0.2958  0.0301 -0.0003  0.1732 0 
 41.4984 -0.4645 -1.9807  0.0333  0.1829  0.0117  0.3586  0.0292 -0.0003  0.0633 0 
 46.8696  0.4876 -1.3889  0.0942  0.4553  0.0573  0.5209  0.2438 -0.0003  0.8360 1 
 35.4040 -0.4588  1.7790  0.1864  0.2065  0.0491  0.3278  0.1099 -0.0003  0.6649 1 
 43.1983 -0.0400 -2.4596  0.0590  0.3533  0.0485  0.2661  0.0560  0.1156  0.5725 0 
 38.6969  0.0964  0.7148  0.0177  0.3331  0.0244  0.5025  0.0312 -0.0003  0.1643 0 
 49.3538  0.3564 -1.0539  0.2592  0.7952  0.0702  1.0279  0.2081 -0.0003  0.9905 1 
 40.2014 -0.3628  2.0810  0.1280  0.5774  0.0310  0.3165  0.1817  0.2549  0.9435 1 
 51.3100  0.1385 -2.0280  0.0160  0.4513  0.0768  0.4241  0.0720 -0.0003  0.2350 1 
 28.4916 -0.1233  1.0986  0.2946  0.4095  0.0262  0.2493  0.3162  0.2253  0.9912 1 
 47.1992  0.4291 -0.2934  0.0009  0.6963  0.0449  0.3899  0.0770 -0.0003  0.1986 0 
 39.7192 -0.4311  2.8917  0.0084  0.7363  0.0613  0.4536  0.0474 -0.0003  0.2367 0 
 47.8431  0.6963 -2.5387  0.0070  0.3517  0.0229  0.0863  0.0870 -0.0003  0.1507 0 
 46.4912 -0.7096  0.6262  0.0321  0.0209  0.0792  0.4350  0.1518 -0.0003  0.1195 0 
 38.7274  0.3749 -1.9643  0.0888  0.0964  0.0251  0.3654  0.1175 -0.0003  0.2087 0 
 37.2198 -0.3718  1.1952  0.1830  0.2852  0.0106  0.3694  0.2066  0.0395  0.7430 0 
 47.8950 -0.6695  2.1059  0.0116  0.1658  0.0853  0.2590  0.0099 -0.0003  0.1115 0 
 38.4924  0.6797 -1.0206  0.1007  0.4915  0.0596  0.2287  0.0818  0.2546  0.8283 0 
 46.6011 -0.4251 -1.7826  0.0578  0.5157  0.0247  0.6086  0.1771 -0.0003  0.6431 0 
 40.9857  0.4160  1.3590  0.0109  0.8339  0.0432  0.3598  0.0362 -0.0003  0.2366 0 
 57.2702  0.6570  3.1139  0.0601  0.6012  0.1052  0.3301  0.0070 -0.0003  0.3322 0 
 48.4810 -0.6878 -0.0470  0.0251  0.1970  0.1626  0.4733  0.0461 -0.0003  0.1987 0 
 48.8655  0.6841  0.3214  0.0192  0.6390  0.0070  0.1288  0.0042 -0.0003  0.1310 0 
 46.6163 -0.6828 -2.8520  0.0195  0.0877  0.0602  0.2608  0.0860 -0.0003  0.0904 0 
 55.4086  0.3307 -0.8900  0.0092  0.7327  0.0287  0.2496  0.0394 -0.0003  0.1620 0 
 50.6233 -0.3338  2.2455  0.0014  0.5436  0.0427  0.2128  0.0486 -0.0003  0.1900 0 
 48.9021 -0.7583 -2.3981  0.1302  0.4461  0.0104  0.2576  0.1830 -0.0003  0.4932 0 
 45.1453  0.7512  0.7652  0.0076  0.3797  0.1116  0.2192  0.0026 -0.0003  0.2046 0 
 50.0069 -0.5971 -2.3465  0.0168  0.4761  0.0484  0.3415  0.0373 -0.0003  0.2132 0 
 48.1270  0.6116  0.8217  0.0199  0.2466  0.0168  0.1724  0.0306 -0.0003  0.0751 0 
 45.3895 -0.1303  0.9106  0.0058  0.1101  0.0372  0.3064  0.0073 -0.0003  0.0602 0 
 37.2351  0.0934 -2.2334  0.0238  0.2819  0.0670  0.4155  0.0412 -0.0003  0.1996 0 
 47.3518 -0.1216  1.5213  0.3109  0.4942  0.0488  0.3463  0.2459  0.2130  0.9833 0 
 34.4305  0.1284 -1.6006  0.0269  0.6480  0.0428  0.2831  0.0378  0.2213  0.6402 0 
 46.7018  0.5473  0.0506  0.0184  0.0571  0.0277  0.1303 -0.0009 -0.0003  0.0682 0 
 45.5207 -0.5550 -3.0919  0.0541  0.4205  0.0062  0.2187  0.0308 -0.0003  0.1192 0 
 44.4373 -0.2999  1.4970  0.1564  0.5478  0.0533  0.3962  0.1647  0.1810  0.8983 1 
 33.8293  0.3306 -1.6485  0.1069  0.3542  0.1754  0.5691  0.1177  0.7956  0.9662 1 
 49.2012  0.1919 -1.5983  0.0254  0.2134  0.2822  0.5144  0.0170 -0.0003  0.2372 0 
 46.2013 -0.1819  1.5420  0.0874  0.2824  0.0390  0.5228  0.0394 -0.0003  0.4469 0 
 50.2876 -0.2356  2.7060  0.0096  0.5280  0.0195  0.1705  0.1037 -0.0003  0.1388 0 
 45.3407  0.1960 -0.4348  0.0206  0.0788  0.0233  0.2627  0.0648 -0.0003  0.0469 0 
 52.0180 -0.0024  1.0791  0.0103  0.5390  0.1175  0.6339  0.0266  0.1350  0.3730 0 
 37.7783  0.0018 -2.0600  0.1003  0.4618  0.0470  0.1839  0.0766 -0.0003  0.6136 0 
 46.5705 -0.4996  0.6107  0.0363  0.3992  0.0971  0.5217  0.0851 -0.0003  0.3383 0 
 42.3743  0.5082 -2.5629  0.0023  0.3180  0.0233  0.2674  0.0132 -0.0003  0.0743 0 
 53.1746  0.2432 -1.4139  0.0024  0.5412  0.0723  0.2522  0.0480 -0.0003  0.2513 0 
 49.6956 -0.2375  1.7426  0.0123  0.3038  0.0175  0.1710  0.0158 -0.0003  0.0910 0 
 47.5196  0.6907  0.6274  0.0505  0.3787  0.0191  0.4325  0.0948 -0.0003  0.2927 0 
 46.2898 -0.6851 -2.5114  0.0052  0.1979  0.0194  0.1306 -0.0200 -0.0003  0.1028 0 
 49.8268 -0.5326  0.8147  0.0152  0.4493  0.2796  0.5555  0.0751 -0.0003  0.3036 0 
 44.7669  0.5346 -2.3203  0.0269  0.1849  0.0231  0.2196  0.0208 -0.0003  0.0659 0 
 58.5122 -0.5934  2.7425  0.0343  0.2078  0.0103  0.0821  0.0056 -0.0003  0.1123 0 
 40.5585  0.5828 -0.4260  0.0768  0.0465  0.0741  0.3608  0.1263 -0.0003  0.1661 0 
 46.3752 -0.0894  0.9285  0.3214  0.5085  0.0620  0.4352  0.4664 -0.0003  0.9966 1 
 42.4811  0.0665 -2.2251  0.1522  0.5242  0.0337  0.6682  0.2763 -0.0003  0.9478 1 
 45.3834 -0.4848 -2.4754  0.4795  0.6409  0.0470  0.3502  0.5729  0.0947  0.9981 1 
 45.2705  0.4601  0.6528  0.5240  0.1467  0.1012  0.3942  0.4870 -0.0003  0.9938 1 
 54.6578  0.4421 -3.0190  0.0439  0.2751  0.2184  0.2921  0.0137 -0.0003  0.2513 0 
 31.1254 -0.4663  0.0782  0.0213  0.2599  0.0110  0.0971  0.0079  0.0160  0.1233 0 
 46.1341 -0.5618  0.1839  0.1013  0.3439  0.0341  0.3487  0.1496 -0.0003  0.6199 0 
 39.9115  0.5592 -2.9692  0.0275  0.2473  0.0440  0.2265  0.0510 -0.0003  0.1467 0 
 48.2124  0.1922 -2.5979  0.0578  0.1503  0.0316  0.2585  0.0290 -0.0003  0.1069 0 
 41.9898 -0.1834  0.5582  0.1038  0.3751  0.0642  0.1340  0.0347 -0.0003  0.6075 0 
 55.8785  0.3714 -0.3939  0.3184  0.3435  0.1938  0.4566  0.2353 -0.0003  0.9879 0 
 45.0233 -0.3085  2.7625  0.1747  0.5469  0.0122  0.2193  0.1081 -0.0003  0.5427 0 
 49.9397 -0.5910 -2.0080  0.0353  0.1709  0.0472  0.2989  0.0912 -0.0003  0.1531 0 
 41.8280  0.6013  1.1267  0.0237  0.4538  0.0278  0.3131  0.0229 -0.0003  0.1595 0 
 46.7262  0.7790  0.8809  0.2080  0.2251  0.0493  0.6081  0.1223 -0.0003  0.8417 1 
 42.2736 -0.8031 -2.2808  0.0915  0.6197  0.0639  0.4014  0.0783 -0.0003  0.6425 1 
 50.5135 -0.6498  0.5663  0.0822  0.5864  0.1485  0.5961  0.0963 -0.0003  0.5068 1 
 49.4850  0.6748 -2.5806  0.3067  0.6138  0.0563  0.2996  0.2169 -0.0003  0.9688 1 
 53.4920  0.3323 -2.1963  0.1310  0.0661  0.0499  0.5036  0.1945 -0.0003  0.5626 0 
 42.4079 -0.3160  0.9619  0.0019  0.4216  0.0106  0.2228  0.0161  0.0414  0.0979 0 
 44.5808 -0.6078 -1.4873  0.0014  0.3188  0.0328  0.3518  0.1284 -0.0003  0.1277 0 
 42.7832  0.5837  1.6060  0.0064  0.1479  0.0147  0.1778  0.0945 -0.0003  0.0507 0 
 49.7566 -0.7594  2.6248  0.0093  0.5020  0.0691  0.4274  0.0069  0.0579  0.2283 0 
 36.9055  0.7386 -0.5253  0.0909  0.2200  0.0222  0.2314  0.0550 -0.0003  0.1927 0 
 51.4900 -0.3318 -0.5969  0.0000  0.0486  0.0125  0.0847  0.0146 -0.0003  0.0527 0 
 46.3050  0.3219  2.5363  0.0254  0.0282  0.0384  0.3484  0.0477 -0.0003  0.0665 0 
 56.5164  0.7638 -1.6611  0.0138  0.1055  0.0478  0.2898  0.0467 -0.0003  0.0675 0 
 44.1535 -0.7618  1.4607  0.0360  0.2904  0.0363  0.3968  0.0937 -0.0003  0.2390 0 
 49.6315  0.2256 -0.2041  0.2948  0.7080  0.0533  0.5133  0.3853 -0.0003  0.9914 1 
 33.0053 -0.3082  2.9164  0.1236  0.5131  0.0517  0.1910  0.0532  0.3371  0.9587 1 
 49.5583 -0.4039  2.9583  0.0318  0.1492  0.0551  0.2567  0.0108 -0.0003  0.1143 0 
 49.1279  0.4259 -0.1824  0.0630  0.2212  0.0269  0.2573  0.0182 -0.0003  0.1550 0 
 43.9704 -0.6646  3.0867  0.0236  0.4919  0.1433  0.4414  0.0479  0.4535  0.6258 1 
 41.2604  0.6578 -0.0826  0.0195  0.6374  0.0901  0.4040  0.3930 -0.0003  0.8675 1 
 51.4137 -0.5065 -1.0185  0.7629  0.7082  0.0487  0.4662  0.6502 -0.0003  0.9981 1 
 16.3638  0.4689  2.1435  0.0590  0.6289  0.0161  0.2987  0.0388 -0.0003  0.2319 1 
 42.1088 -0.0606  0.9508  0.0623  0.1583  0.0159  0.3126  0.0529 -0.0003  0.0959 0 
 34.5891  0.0706 -2.1892  0.0080  0.0906  0.0266  0.3770  0.0618 -0.0003  0.0536 0 
 47.4006 -0.3766 -2.5516  0.0099  0.2074  0.0481  0.2597  0.0239 -0.0003  0.0954 0 
 40.4273  0.3742  0.5711  0.0417  0.3746  0.0704  0.4063  0.0556 -0.0003  0.3189 0 
 46.5766  0.1735  2.4172  0.0445  0.5327  0.1339  0.2609  0.0135 -0.0003  0.2900 0 
 43.1525 -0.1881 -0.7578  0.0412  0.2781  0.0980  0.3105  0.1932 -0.0003  0.5199 0 
 47.2663 -0.4991 -2.0041  0.7062  0.2759  0.0753  0.3898  0.4517 -0.0003  0.9955 1 
 44.5686  0.4897  1.1373  0.1075  0.6092  0.0422  0.3079  0.0955 -0.0003  0.7178 1 
 40.2686  0.1166  2.1811  0.0001  0.4439  0.0862  0.4067  0.0374 -0.0003  0.1621 0 
 38.8373 -0.0871 -0.9245  0.0802  0.4164  0.0405  0.4564  0.2442 -0.0003  0.7600 0 
 43.3295  0.4417  2.3370  0.0837  0.6811  0.0419  0.4431  0.0353  0.1880  0.7230 0 
 37.1160 -0.4442 -0.8282  0.0116  0.2632  0.0371  0.3235  0.0239  0.2246  0.4412 0 
 36.9360  0.1951  2.6846  0.2328  0.2712  0.0293  0.2776  0.2421 -0.0003  0.8598 1 
 25.7206 -0.1658 -0.4635  0.0160  0.5010  0.0237  0.2057  0.0013  0.1454  0.3840 1 
 47.5624 -0.4641  1.2521  0.1028  0.1488  0.1561  0.4324  0.0889 -0.0003  0.4331 0 
 47.4067  0.4488 -1.8843  0.0966  0.4864  0.1017  0.2596  0.0727 -0.0003  0.6290 0 
 51.8318  0.0004 -2.3788  0.2835  0.3328  0.0555  0.2961  0.2972 -0.0003  0.9755 1 
 44.9317 -0.0749  0.7270  0.0633  0.1134  0.1306  0.3511  0.0900 -0.0003  0.2258 1 
 50.0191 -0.7787  0.3610  0.0152  0.4694  0.0149  0.3842  0.0433 -0.0003  0.1045 0 
 44.9714  0.7758 -2.8100  0.0479  0.4519  0.1412  0.6143  0.0963 -0.0003  0.4111 0 
 45.3834 -0.0456  0.8513  0.3106  0.3404  0.0656  0.3940  0.2871  0.1577  0.9848 1 
 39.8718  0.0589 -2.2901  0.2975  0.5904  0.0181  0.4078  0.1363  0.1412  0.8987 1 
 46.4240 -0.7563 -2.6299  0.0658  0.1519  0.0385  0.3481  0.0479 -0.0003  0.1716 0 
 42.4231  0.7462  0.5222  0.0145  0.2203  0.1318  0.5347  0.0703 -0.0003  0.2076 0 
 51.3741 -0.7235  1.6908  0.0124  0.4320  0.0736  0.5087  0.0789 -0.0003  0.2309 1 
 46.0578  0.7115 -1.4261  0.0714  0.7081  0.0247  0.4360  0.0555 -0.0003  0.5021 1 
 44.7272  0.6310  0.1497  0.1651  0.4611  0.0418  0.3955  0.1537 -0.0003  0.8438 1 
 39.2065 -0.6272 -2.9806  0.4338  0.3430  0.0351  0.4097  0.2805 -0.0003  0.9833 1 
 43.4241  0.2834  1.3513  0.1575  0.4925  0.0272  0.2214  0.2016 -0.0003  0.7443 1 
 43.1983 -0.2894 -1.8051  0.5014  0.6516  0.0417  0.3104  0.4445 -0.0003  0.9972 1 
 53.6812  0.4482 -1.4146  0.0239  0.3596  0.2211  0.5451  0.0165 -0.0003  0.2645 0 
 44.8249 -0.4669  1.6466  0.0811  0.1867  0.0780  0.3074  0.0452 -0.0003  0.3125 0 
 50.0465  0.3970 -2.2217  0.1136  0.1206  0.0212  0.3415  0.1940 -0.0003  0.4168 0 
 40.7935 -0.4119  0.9326  0.0159  0.7640  0.0862  0.5854  0.0925 -0.0003  0.3469 0 
 44.2329 -0.5444  1.9622  0.3761  0.5866  0.0822  0.3526  0.4786 -0.0003  0.9974 1 
 40.4425  0.5537 -1.2002  0.1867  0.6257  0.0481  0.2708  0.3010  0.1159  0.9532 1 
 42.8534 -0.7460 -3.0165  0.0160  0.3708  0.0212  0.2222  0.0089 -0.0003  0.1137 0 
 39.3317  0.7485  0.0898  0.0129  0.4236  0.0822  0.5912  0.2441 -0.0003  0.4410 0 
 45.4353 -0.7331 -2.3089  0.0182  0.3673  0.1353  0.5689  0.0971 -0.0003  0.2967 0 
 44.3580  0.7076  0.8378  0.0426  0.3446  0.0797  0.2642  0.0250 -0.0003  0.3094 0 
 48.9143  0.5681  1.7522  0.1441  0.3444  0.0708  0.5152  0.1164  0.5607  0.9973 1 
 39.4659 -0.5410 -1.3833  0.0413  0.4820  0.0201  0.4089  0.2387 -0.0003  0.4878 1 
 37.6165 -0.5087  2.7992  0.0133  0.6991  0.0460  0.6906  0.0130 -0.0003  0.2480 1 
 36.7315  0.5185 -0.3392  0.4382  0.4869  0.0829  0.3707  0.1660  0.5980  0.9997 1 
 43.9307  0.4574  2.7107  0.1555  0.7407  0.0576  0.3090  0.1505 -0.0003  0.9217 1 
 35.9655 -0.4457 -0.4538  0.1133  0.4264  0.0853  0.3729  0.2225  0.5825  0.9966 1 
 41.2177 -0.5527 -1.7772  0.0166  0.7113  0.0228  0.2245  0.0397  0.0453  0.2010 0 
 39.7711  0.5616  1.3582  0.0107  0.2185  0.0385  0.2267  0.0972 -0.0003  0.1062 0 
 42.2095 -0.4976  0.4541  0.0119  0.4487  0.0057  0.0892  0.0009 -0.0003  0.1321 0 
 41.6480  0.5022 -2.7111  0.0176  0.1649  0.0565  0.2687  0.0060 -0.0003  0.1071 0 
 46.3905  0.4176  3.1008  0.0384  0.3612  0.1389  0.6093  0.0715 -0.0003  0.3592 0 
 44.8951 -0.4062 -0.0341  0.0226  0.1555  0.0613  0.4390  0.0944 -0.0003  0.1618 0 
 47.4769 -0.7470  0.2896  0.0278  0.2135  0.2539  0.3893  0.0325 -0.0003  0.2227 0 
 46.8116  0.7421 -2.8615  0.0022  0.5446  0.0164  0.2605  0.0577 -0.0003  0.0949 0 
 47.9194  0.4349  2.2970  0.0163  0.3882  0.0213  0.3453  0.0142 -0.0003  0.1112 0 
 46.4240 -0.4295 -0.8362  0.0180  0.3715  0.0289  0.2611  0.0082 -0.0003  0.1395 0 
 47.3091 -0.6490  1.6845  0.1165  0.5896  0.0474  0.5196  0.2111 -0.0003  0.8858 1 
 34.3175  0.6117 -1.4977  0.1790  0.2012  0.0969  0.5196  0.0985 -0.0003  0.7145 1 
 51.9387 -0.7880  1.4156  0.0006  0.5939  0.0952  0.4650  0.0689 -0.0003  0.2174 0 
 42.6551  0.7602 -1.7463  0.0615  0.0602  0.0797  0.2225  0.0229 -0.0003  0.0950 0 
 50.0496  0.1098 -0.7004  0.0255  0.4748  0.2141  0.4268  0.1279 -0.0003  0.3629 1 
 42.9267 -0.0898  2.4705  0.8614  0.7279  0.0314  0.4442  0.7701 -0.0003  0.9982 1 
 31.0918  0.5432  0.9752  0.0000  0.3204  0.0060  0.1944  0.0042 -0.0003  0.0635 0 
 21.9486 -0.6130 -2.2106  0.0551  0.4093  0.0280  0.3785  0.0252 -0.0003  0.2861 0 
 52.4788 -0.6527 -3.0807  0.0307  0.1254  0.0443  0.2952  0.0073 -0.0003  0.0899 0 
 43.6194  0.6573  0.0771  0.0132  0.5683  0.0216  0.3096  0.1041 -0.0003  0.1495 0 
 46.8696 -0.6463  2.0616  0.0775  0.3125  0.0106  0.1736  0.0407 -0.0003  0.1403 0 
 45.2918  0.6593 -1.0651  0.1143  0.2353  0.0377  0.4818  0.1840 -0.0003  0.6996 0 
 45.0660  0.7782  1.7036  0.1444  0.2236  0.0417  0.2631  0.1631 -0.0003  0.6870 1 
 44.1291 -0.7735 -1.4621  0.0881  0.2204  0.0394  0.4410  0.2988 -0.0003  0.6893 1 
 42.9480 -0.4379 -1.0519  0.1767  0.5211  0.0296  0.3109  0.1768  0.1883  0.9016 1 
 34.3938  0.4519  2.1523  0.2413  0.2486  0.0514  0.2360  0.2629  0.4988  0.9991 1 
 48.4627 -0.7136 -3.0049  0.0202  0.2686  0.0410  0.3442  0.0176 -0.0003  0.1361 0 
 36.6369  0.7282  0.1717  0.0126  0.4766  0.0161  0.2782  0.0483 -0.0003  0.0949 0 
 46.6926 -0.7900 -0.7213  0.0666  0.1443  0.0489  0.4345  0.0286 -0.0003  0.2161 0 
 45.4444  0.8047  2.4244  0.0236  0.1953  0.0204  0.2625  0.0081 -0.0003  0.0649 0 
 47.4586  0.6894 -0.0414  0.0467  0.7449  0.0133  0.2596  0.0591 -0.0003  0.2157 0 
 46.5400 -0.6901  3.1025  0.0309  0.4219  0.1676  0.5653  0.2132 -0.0003  0.5472 0 
 44.5930 -0.6915  0.1141  0.1055  0.4310  0.0402  0.5277  0.2288  0.2198  0.9234 1 
 43.6164  0.6566 -3.0512  0.2465  0.2309  0.0778  0.3981  0.2773 -0.0003  0.9683 1 
 53.1441 -0.7543  2.0166  0.0099  0.2860  0.2107  0.3363  0.0108 -0.0003  0.1910 0 
 45.7069  0.7621 -1.1269  0.0018  0.7143  0.0243  0.3932  0.1183 -0.0003  0.1757 0 
 48.8533  0.5680 -2.6211  0.0172  0.2040  0.0966  0.4294  0.0671 -0.0003  0.1607 0 
 48.2765 -0.5724  0.5449  0.0273  0.5932  0.0566  0.3015  0.1099 -0.0003  0.4390 0 
 39.3439  0.7426  0.9262  0.0115  0.4152  0.0311  0.1819  0.1075  0.2997  0.8017 1 
 37.5830 -0.7662 -2.2993  0.5123  0.6009  0.0169  0.6907  0.5214 -0.0003  0.9948 1 
 53.0587 -0.0348 -0.9080  0.0293  0.6193  0.1397  0.6308  0.0236 -0.0003  0.2866 0 
 45.4078  0.0814  2.1827  0.0016  0.2607  0.0292  0.2626  0.0643 -0.0003  0.0645 0 
 48.2734  0.2060  0.7544  0.0092  0.2762  0.0732  0.6461  0.1365  0.1576  0.4748 0 
 47.8950 -0.1990 -2.3506  0.0031  0.3990  0.1509  0.4316  0.0048 -0.0003  0.1868 0 
 51.0536  0.0923  1.1383  0.0214  0.3916  0.1036  0.5945  0.0612 -0.0003  0.2757 0 
 45.8442 -0.1114 -2.0059  0.3379  0.2934  0.0412  0.2619  0.4285 -0.0003  0.9915 0 
 47.4281 -0.7565 -2.5236  0.0119  0.2726  0.0720  0.7356  0.1068 -0.0003  0.3198 1 
 42.9755  0.7531  0.6147  0.6444  0.6482  0.0301  0.5329  0.8013 -0.0003  0.9984 1 
 48.0507 -0.5577 -2.3514  0.0154  0.3884  0.1291  0.3881  0.1270  0.0468  0.3650 0 
 43.1769  0.5880  0.8715  0.0208  0.2548  0.0462  0.6653  0.0180 -0.0003  0.2416 0 
 48.9784  0.3966 -2.1569  0.0694  0.3888  0.2019  0.4721  0.0287 -0.0003  0.3749 0 
 42.5452 -0.4030  0.9979  0.0298  0.4822  0.1382  0.4453  0.0237 -0.0003  0.2562 0 
 44.8371  0.0817  1.6615  0.0764  0.1640  0.0847  0.3074  0.0746 -0.0003  0.3127 0 
 43.0732 -0.0671 -1.4755  0.0456  0.3954  0.0429  0.2219  0.0954 -0.0003  0.3337 0 
 52.2896 -0.6849 -1.6051  0.1911  0.7229  0.0469  0.3377  0.1625 -0.0003  0.9196 1 
 49.1554  0.6668  1.5826  0.1096  0.3970  0.0535  0.3430  0.0683 -0.0003  0.5897 1 
 45.2003 -0.6316 -0.0666  0.3754  0.2514  0.0456  0.4382  0.6893 -0.0003  0.9981 1 
 32.6604  0.6327  3.0986  0.1238  0.3719  0.0395  0.2874  0.0982  0.3647  0.9894 1 
 46.2654 -0.7798 -1.3520  0.0059  0.2754  0.0692  0.5662  0.1104 -0.0003  0.2159 0 
 39.2828  0.7681  1.8000  0.0170  0.6628  0.0251  0.2730  0.1867 -0.0003  0.2793 0 
 54.2855 -0.6137 -0.5447  0.1059  0.5088  0.0247  0.2927  0.1436  0.2279  0.8761 0 
 38.8067  0.6150  2.6088  0.0189  0.4600  0.0276  0.1826  0.0239  0.1637  0.4364 0 
 46.9703 -0.3162  2.9343  0.0113  0.1349  0.0681  0.3470  0.0400 -0.0003  0.0886 0 
 42.4659  0.3176 -0.2164  0.0620  0.2186  0.0427  0.3118  0.0759 -0.0003  0.2531 0 
 44.8066 -0.2808 -3.0772  0.4530  0.4203  0.0461  0.4831  0.4999 -0.0003  0.9969 1 
 41.5290  0.2501  0.0644  0.0294  0.3672  0.1617  0.4930  0.0400  0.8275  0.8521 1 
 46.3539 -0.3652 -2.8616  0.1939  0.5018  0.0491  0.3483  0.2683 -0.0003  0.9532 1 
 42.2919  0.3444  0.2916  0.3376  0.3787  0.0454  0.6244  0.2507 -0.0003  0.9809 1 
 48.8319 -0.2080  1.9867  0.0194  0.1683  0.1297  0.5583  0.2425 -0.0003  0.3882 0 
 37.2930  0.1615 -1.1695  0.0514  0.4909  0.0261  0.0923  0.0064 -0.0003  0.2607 0 
 47.9469  0.6998  2.7356  0.1104  0.2133  0.0262  0.2157  0.0283 -0.0003  0.2487 0 
 39.8108 -0.6948 -0.3853  0.0175  0.2432  0.0873  0.4080  0.0303 -0.0003  0.1600 0 
 60.6729  0.4423  0.2281  0.1439  0.2163  0.1026  0.4881  0.0161 -0.0003  0.4884 0 
 44.8157 -0.4129 -2.8961  0.0626  0.3777  0.0189  0.2196  0.0651  0.0818  0.3624 0 
 49.3751 -0.3786  2.4166  0.0208  0.7985  0.2514  0.7709  0.0389 -0.0003  0.3279 0 
 48.6305  0.3908 -0.7193  0.0070  0.3567  0.0222  0.4299  0.1148 -0.0003  0.1339 0 
 47.9591  0.6193 -2.8150  0.0094  0.7081  0.0376  0.3452  0.0734 -0.0003  0.2078 0 
 43.7690 -0.6174  0.3585  0.0031  0.0940  0.0233  0.2210  0.1557 -0.0003  0.0738 0 
 48.3040  0.4864 -0.1409  0.0075  0.2762  0.2360  0.4737  0.0937 -0.0003  0.2577 0 
 41.8555 -0.5170  2.9817  0.0405  0.1271  0.1356  0.3578  0.0418 -0.0003  0.1311 0 
 48.3467  0.0336 -2.8668  0.1112  0.2081  0.1243  0.5598  0.0281 -0.0003  0.4571 1 
 44.0711 -0.0584  0.2712  0.4098  0.3791  0.0690  0.2206  0.3316  0.4907  0.9996 1 
 40.7233  0.5369 -2.9715  0.1263  0.5275  0.0399  0.3154  0.0533  0.1672  0.7663 0 
 25.4154 -0.5165  0.1477  0.0230  0.0695  0.0338  0.4130  0.0945 -0.0003  0.0903 0 
 49.0974  0.7734 -1.6434  0.0267  0.2144  0.0638  0.3002  0.0253 -0.0003  0.1568 0 
 44.4923 -0.7598  1.5293  0.0066  0.2074  0.0182  0.2640  0.0938 -0.0003  0.0552 0 
 44.1413 -0.5850 -0.5115  0.5056  0.4423  0.0504  0.4409  0.4721 -0.0003  0.9968 1 
 42.3377  0.5797  2.6202  0.1385  0.4778  0.0240  0.4013  0.2064 -0.0003  0.8025 1 
 45.5421  0.6298  0.6415  0.0080  0.3836  0.0272  0.2624  0.0987 -0.0003  0.1192 0 
 38.6419 -0.6287 -2.5310  0.0100  0.2596  0.0269  0.2285  0.0222 -0.0003  0.0756 0 
 46.6194 -0.3232  2.8643  0.0049  0.1651  0.0311  0.3043  0.0422 -0.0003  0.0520 0 
 45.9205  0.3209 -0.2729  0.0285  0.1569  0.0501  0.5673  0.1527 -0.0003  0.2794 0 
 58.3810 -0.4388  1.8809  0.0877  0.4477  0.0460  0.3696  0.0880 -0.0003  0.5853 0 
 49.6956  0.4349 -1.2531  0.0010  0.4358  0.1690  0.5558  0.0128 -0.0003  0.2092 0 
 45.0721  0.1436  1.6187  0.0392  0.4009  0.1079  0.8332  0.0341  0.6048  0.8354 0 
 38.5748 -0.1556 -1.5259  0.0399  0.3822  0.0221  0.2743  0.0298 -0.0003  0.1451 0 
 41.3275 -0.6686  3.1225  0.0043  0.3087  0.0635  0.1795  0.0761 -0.0003  0.2221 0 
 41.2879  0.6514 -0.0059  0.0182  0.2442  0.0585  0.2693  0.0808 -0.0003  0.1722 0 
 47.2999  0.1960  2.1103  0.0532  0.2897  0.0977  0.3464  0.0606 -0.0003  0.3360 0 
 45.8991 -0.2018 -1.0604  0.0195  0.3120  0.0544  0.3491  0.0217 -0.0003  0.1800 0 
 50.9773 -0.7444  3.0365  0.0033  0.3346  0.0819  0.5097  0.0519 -0.0003  0.1684 0 
 43.8361  0.7192 -0.1201  0.0302  0.2901  0.0166  0.3534  0.1149 -0.0003  0.1378 0 
 44.7425 -0.5312 -2.4640  0.0077  0.3110  0.0450  0.3515  0.0298  0.1377  0.2891 0 
 43.4241  0.5466  0.7399  0.0048  0.1481  0.0691  0.2657  0.0422 -0.0003  0.0863 0 
 52.8267 -0.4407  1.6102  0.0388  0.6073  0.0647  0.2947  0.1238 -0.0003  0.5635 0 
 44.1566  0.4383 -1.5146  0.0049  0.3974  0.0805  0.3527  0.1197 -0.0003  0.2474 0 
 48.8716 -0.1814  2.2604  0.0034  0.4924  0.0682  0.5582  0.0921 -0.0003  0.2184 0 
 47.9500  0.1697 -0.8721  0.0242  0.1857  0.0203  0.1295  0.0095 -0.0003  0.0845 0 
 48.7739  0.0538 -2.7064  0.1606  0.4267  0.0525  0.4726  0.1942 -0.0003  0.8971 1 
 40.6500 -0.0415  0.4167  0.3685  0.5405  0.0184  0.3606  0.4790 -0.0003  0.9953 1 
 54.1024  0.4158 -3.0638  0.0569  0.3626  0.1004  0.4184  0.2336 -0.0003  0.6726 0 
 42.0813 -0.3995  0.0747  0.0751  0.1024  0.0193  0.3126  0.0532 -0.0003  0.0913 0 
 51.0109  0.6048  1.9194  0.0120  0.4781  0.0209  0.2548  0.0362  0.1788  0.4040 0 
 47.8096 -0.5869 -1.2111  0.0112  0.5393  0.0693  0.5614  0.0076 -0.0003  0.1992 0 
 45.8167  0.5142  1.8664  0.0486  0.5918  0.1121  0.3493  0.0289 -0.0003  0.3228 0 
 41.0437 -0.5143 -1.3253  0.0184  0.0977  0.0631  0.4046  0.0130 -0.0003  0.0872 0 
 61.9333 -0.3737 -2.6937  0.0376  0.4763  0.0652  0.2833  0.0667 -0.0003  0.3871 0 
 46.5614  0.3841  0.4494  0.0365  0.2434  0.0988  0.3479  0.0224 -0.0003  0.2059 0 
 48.6305 -0.7719 -1.0569  0.1928  0.2767  0.1092  0.7739  0.2650 -0.0003  0.9737 1 
 39.9756  0.7760  2.0337  0.0846  0.3851  0.0479  0.3170  0.1370 -0.0003  0.6266 1 
 51.0780  0.5605  1.1458  0.0203  0.5611  0.0214  0.2547  0.0447 -0.0003  0.1341 0 
 42.9175 -0.5355 -1.9962  0.0159  0.1503  0.0426  0.3110  0.0084 -0.0003  0.0821 0 
 33.8567  0.7045  0.6835  0.1362  0.6991  0.0490  0.3793  0.2674  0.4602  0.9980 1 
 28.4520 -0.7294 -2.4731  0.2740  0.5174  0.0576  0.4988 -0.0200  0.4174  0.9967 1 
 48.6213  0.2250  0.5874  0.0286  0.3251  0.0818  0.4730  0.0377 -0.0003  0.2405 0 
 47.4647 -0.2336 -2.4919  0.0016  0.1653  0.0478  0.3029  0.0174 -0.0003  0.0732 0 
 47.4342  0.6676  1.8711  0.0173  0.1004  0.0630  0.3029 -0.0200 -0.0003  0.0940 0 
 46.7689 -0.6753 -1.2693  0.0233  0.6880  0.0220  0.3040  0.0059 -0.0003  0.1831 0 
 46.5583  0.3174  1.7319  0.0065  0.2784  0.0378  0.3913  0.0291 -0.0003  0.1050 0 
 46.3783 -0.3071 -1.4068  0.0019  0.1313  0.0706  0.5223  0.0231 -0.0003  0.0962 0 
 43.9185 -0.6353  0.6942  0.0219  0.4044  0.0677  0.5740  0.0174 -0.0003  0.2370 0 
 43.7079  0.6414 -2.4691  0.0292  0.7444  0.0220  0.3095  0.0634 -0.0003  0.2013 0 
 60.8652  0.6933  1.1749  0.0224  0.1541  0.0390  0.3252  0.0114  0.1513  0.2380 0 
 45.9419 -0.7086 -1.9747  0.3546  0.3214  0.0137  0.3054  0.1494 -0.0003  0.8060 0 
 56.0586 -0.2698 -2.5777  0.0035  0.2923  0.0688  0.4562  0.0195 -0.0003  0.1439 0 
 39.4812  0.2877  0.5429  0.0232  0.7294  0.0313  0.3635  0.0309 -0.0003  0.2264 0 
 42.0356  0.7737 -0.7959  0.0521  0.4174  0.0905  0.4020  0.2253 -0.0003  0.6586 0 
 39.5087 -0.7543  2.4218  0.0114  0.7267  0.0654  0.4088  0.0308  0.4063  0.9497 0 
 48.9113 -0.7617  0.9185  0.0056  0.5867  0.0370  0.3435  0.0501 -0.0003  0.1603 0 
 36.3592  0.7804 -2.1957  0.0215  0.1542  0.0570  0.2788  0.0527 -0.0003  0.1026 0 
 47.0405 -0.1181 -1.0207  0.2173  0.4206  0.0415  0.5204  0.0757 -0.0003  0.7731 1 
 37.0275  0.1217  2.1328  0.4964  0.4008  0.0379  0.3699  0.4407 -0.0003  0.9965 1 
 45.6916  0.3136 -2.7628  0.0610  0.1726  0.1343  0.2622  0.0217 -0.0003  0.2196 0 
 44.0406 -0.3407  0.4318  0.0316  0.3227  0.0852  0.5295  0.0908 -0.0003  0.3244 0 
 48.9204  0.1414  1.8673  0.0156  0.2701  0.0946  0.4722  0.0131 -0.0003  0.1711 0 
 47.9225 -0.1711 -1.2419  0.0343  0.2231  0.0539  0.1726  0.0054 -0.0003  0.2091 0 
 45.5268 -0.7487 -1.9347  0.0136  0.5790  0.0410  0.3936  0.0335 -0.0003  0.2014 0 
 42.3529  0.7475  1.2248  0.0189  0.2647  0.0381  0.1338  0.0190 -0.0003  0.1683 0 
 42.3529 -0.2648  1.4335  0.0495  0.0892  0.0167  0.2675  0.0328 -0.0003  0.0494 0 
 37.8729  0.2797 -1.6838  0.1756  0.2298  0.0460  0.2757  0.2674  0.1753  0.9345 0 
 58.3505 -0.1675  0.3681  0.0167  0.5730  0.0920  0.4517  0.4006 -0.0003  0.8475 0 
 42.7405  0.1636 -2.7990  0.0447  0.3841  0.0883  0.2668  0.0540 -0.0003  0.3709 0 
 48.0018  0.5142 -2.7339  0.0308  0.4977  0.0171  0.3882  0.0610 -0.0003  0.1655 0 
 41.5747 -0.5000  0.4045  0.0321  0.3035  0.0272  0.3584  0.0482 -0.0003  0.1412 0 
 41.9867  0.6322  2.2627  0.0043  0.0747  0.0311  0.2681  0.0291 -0.0003  0.0457 0 
 40.0244 -0.6210 -0.8477  0.0056  0.0640  0.0670  0.1358  0.0038 -0.0003  0.0977 0 
 51.0445 -0.7583 -0.9469  0.0441  0.2789  0.1339  0.4246  0.0645 -0.0003  0.2998 0 
 47.7211  0.7573  2.1512  0.0114  0.1200  0.0731  0.3024  0.1434 -0.0003  0.1374 0 
 48.3589  0.2433 -3.0112  0.0760  0.0906  0.0539  0.3014  0.0278 -0.0003  0.1234 0 
 45.2949 -0.2348  0.1405  0.0187  0.3724  0.0422  0.3504  0.0740 -0.0003  0.1874 0 
 42.8382  0.6572  0.1729  0.0074  0.5052  0.0390  0.6222  0.0651 -0.0003  0.2253 1 
 37.4762 -0.6672 -2.9356  0.1084  0.3284  0.0520  0.4608  0.1373  0.0958  0.8000 1 
 46.6682 -0.6590 -0.7471  0.0074  0.1503  0.0337  0.2173  0.0383 -0.0003  0.0550 0 
 46.5949  0.6604  2.3835  0.0163  0.2421  0.0485  0.3043  0.0015 -0.0003  0.1384 0 
 53.0770  0.1333 -1.3123  0.0390  0.2038  0.0786  0.3364  0.0219 -0.0003  0.1875 0 
 40.6622 -0.1146  1.8526  0.0442  0.3088  0.0151  0.2704  0.0714 -0.0003  0.1182 0 
 49.0669 -0.1726 -0.2813  0.0024  0.4540  0.1009  0.6005  0.0342 -0.0003  0.1990 0 
 33.2525  0.1533  2.8591  0.0369  0.3103  0.0101  0.2383  0.0063 -0.0003  0.0940 0 
 45.1911  0.6394 -0.8214  0.0020  0.3237  0.0666  0.3068  0.0746 -0.0003  0.1629 0 
 37.8668 -0.6327  2.2959  0.0290  0.0837  0.0275  0.1838  0.0965 -0.0003  0.0682 0 
 49.0639 -0.5612  2.5864  0.0189  0.0910  0.1131  0.3432  0.0159 -0.0003  0.0672 0 
 42.1485  0.5526 -0.5457  0.0177  0.2425  0.0599  0.3125  0.0208 -0.0003  0.1482 0 
 45.7343 -0.0656  1.8216  0.0416  0.3231  0.0370  0.2621  0.0419 -0.0003  0.1964 0 
 39.3439  0.0831 -1.3218  0.0041  0.2228  0.0627  0.3638  0.0561 -0.0003  0.1124 0 
 55.6649 -0.1947  0.2170  0.2233  0.0731  0.1374  0.3740  0.2592 -0.0003  0.8904 1 
 38.6877  0.2034 -2.8825  0.0281  0.8079  0.0560  0.8223  0.0504 -0.0003  0.3955 1 
 48.6397 -0.2144  1.7465  0.0246  0.3673  0.0264  0.4299  0.0156 -0.0003  0.1724 0 
 43.2532  0.1994 -1.3796  0.0435  0.6736  0.0224  0.2660  0.0240 -0.0003  0.2192 0 
 44.8524 -0.3823  1.0105  0.0273  0.4057  0.0447  0.5269  0.0622  0.1176  0.4544 0 
 40.7172  0.3760 -2.0919  0.0569  0.6737  0.1313  0.5407  0.0358 -0.0003  0.3542 0 
 48.3192  0.4745  0.1416  0.0217  0.3045  0.1776  0.4307  0.1028 -0.0003  0.2917 0 
 38.0987 -0.4512 -2.9921  0.0267  0.1503  0.0347  0.2753  0.1245 -0.0003  0.1195 0 
 44.4617  0.1892  0.6434  0.0465  0.1124  0.0544  0.2640  0.0808 -0.0003  0.1280 1 
 41.6480 -0.1516 -2.4546  0.7274  0.2868  0.0403  0.5374  0.8264 -0.0003  0.9983 1 
 45.0416 -0.1312 -1.8667  0.1200  0.6964  0.0346  0.4824  0.1787 -0.0003  0.8668 1 
 42.9358  0.1442  1.3172  0.2548  0.6091  0.0364  0.1777  0.3201  0.2711  0.9840 1 
 41.6358 -0.7508  3.1406  0.0392  0.2275  0.0225  0.1791  0.1232 -0.0003  0.1744 0 
 41.4954  0.7717  0.0034  0.0259  0.2230  0.0557  0.4034  0.0832 -0.0003  0.1934 0 
 44.7059  0.0656 -1.8370  0.0002  0.0575  0.0229  0.0879  0.1152 -0.0003  0.0712 0 
 39.0509 -0.0651  1.3008  0.0039  0.2692  0.0360  0.1367  0.0496 -0.0003  0.1215 0 
 52.6619  0.4037 -2.9449  0.0597  0.0793  0.1802  0.3371  0.0269 -0.0003  0.1044 0 
 42.6429 -0.4131  0.2055  0.0932  0.3932  0.0161  0.2670  0.0893 -0.0003  0.2861 0 
 53.8277  0.3901 -2.6873  0.0081  0.2146  0.0717  0.2095  0.0381 -0.0003  0.1432 0 
 46.0121 -0.3460  0.4394  0.0618  0.3909  0.0584  0.3489  0.0859 -0.0003  0.4681 0 
 42.9114 -0.3025  2.1009  0.0059  0.0344  0.0813  0.1777  0.0283 -0.0003  0.0853 0 
 39.1943  0.2718 -1.0290  0.0225  0.0644  0.0430  0.4552  0.0616 -0.0003  0.0930 0 
 37.8729 -0.0115 -2.0336  0.1310  0.2157  0.0233  0.2298  0.0182 -0.0003  0.2920 1 
 37.5372  0.0259  1.1206  0.6485  0.5537  0.0704  0.4607  0.4721  0.5246  0.9998 1 
 48.1270 -0.7187 -0.3418  0.0213  0.2259  0.0363  0.5173  0.0067 -0.0003  0.1654 0 
 43.4058  0.7192  2.7837  0.0012  0.3852  0.0194  0.3100  0.0143  0.0257  0.0995 0 
 57.6089 -0.4838  3.0152  0.0345  0.5798  0.2156  0.4943  0.0822 -0.0003  0.3250 0 
 48.7434  0.4870 -0.0919  0.1771  0.2351  0.0284  0.2148  0.1146 -0.0003  0.5682 0 
 48.0629 -0.3826 -0.7072  0.0465  0.2909  0.0901  0.1725  0.0364 -0.0003  0.3653 0 
 46.2745  0.4097  2.3944  0.0569  0.1571  0.0339  0.3919  0.0450 -0.0003  0.1633 0 
 44.6937  0.3478 -0.6996  0.0941  0.5686  0.0268  0.2197  0.1268 -0.0003  0.4936 0 
 31.8578 -0.3394  2.3997  0.0488  0.7629  0.0389  0.5307  0.1092  0.2641  0.7836 0 
 50.7668 -0.5191 -2.7581  0.0088  0.5674  0.0113  0.2552  0.1186 -0.0003  0.1244 0 
 44.0436  0.4975  0.3936  0.0196  0.0655  0.0280  0.2647  0.0170 -0.0003  0.0500 0 
 60.3250 -0.5283  1.5024  0.0014  0.4260  0.0556  0.2444  0.0367 -0.0003  0.1922 0 
 50.3304  0.5446 -1.6600  0.0172  0.1451  0.0545  0.3409  0.0480 -0.0003  0.0934 0 
 46.3355 -0.4200  2.3347  0.0092  0.1243  0.0563  0.2612  0.0021 -0.0003  0.0843 0 
 39.4476  0.4429 -0.8126  0.0060  0.1257  0.2552  0.2726  0.0035 -0.0003  0.1052 0 
 43.5645 -0.3179 -0.1832  0.0012  0.5482  0.2324  0.4425  0.1356 -0.0003  0.3260 0 
 42.5269  0.2818  2.8845  0.0338  0.2492  0.0548  0.3562  0.0279 -0.0003  0.1910 0 
 47.0924  0.0993 -3.0001  0.0006  0.4811  0.1049  0.3902  0.0317 -0.0003  0.1780 0 
 43.6042 -0.0770  0.1304  0.0014  0.7449  0.0282  0.2212  0.0475 -0.0003  0.1496 0 
 49.3629 -0.1668 -0.1722  0.0063  0.4631  0.0253  0.4711  0.0484 -0.0003  0.1416 0 
 48.5634  0.1828  2.9740  0.0051  0.1529  0.0376  0.2151  0.0103 -0.0003  0.0670 0 
 41.6968 -0.7080  0.1198  0.0262  0.4462  0.0329  0.4029  0.0096 -0.0003  0.2182 0 
 32.8649  0.6408 -3.0200  0.0113  0.2831  0.0293  0.3826  0.0251 -0.0003  0.0969 0 
 48.2918  0.3734 -1.9144  0.0341  0.2846  0.0718  0.4738  0.0248 -0.0003  0.2414 0 
 41.6297 -0.3523  1.2212  0.0261  0.5011  0.0225  0.1344  0.0163 -0.0003  0.1736 0 
 45.8534 -0.7257 -2.2855  0.0037  0.0986  0.0106  0.1746  0.0765 -0.0003  0.0383 0 
 43.7049  0.7165  0.8774  0.0006  0.8369  0.0405  0.5305  0.0616 -0.0003  0.2249 0 
 58.5153 -0.5586  2.4838  0.0469  0.2223  0.1498  0.2873  0.1548 -0.0003  0.4724 0 
 47.1199  0.5860 -0.6796  0.0526  0.4807  0.0221  0.2168  0.0081 -0.0003  0.2142 0 
 48.7465 -0.6325 -2.7096  0.0215  0.6022  0.0331  0.2578  0.0571 -0.0003  0.1979 0 
 47.0954  0.6339  0.3955  0.0054  0.0885  0.0340  0.3035  0.0302 -0.0003  0.0498 0 
 44.4099 -0.7070  2.5737  0.0308  0.6443  0.0171  0.2201  0.0982 -0.0003  0.1833 0 
 41.7273  0.7030 -0.5700  0.0060  0.2882  0.1543  0.4476  0.0516 -0.0003  0.1847 0 
 52.4819 -0.6179  0.8485  0.0059  0.2510  0.0937  0.3373  0.0115 -0.0003  0.1361 0 
 41.0224  0.6162 -2.3924  0.0019  0.1835  0.0310  0.2698  0.1757 -0.0003  0.1287 0 
 43.4913  0.3149 -1.8499  0.0375  0.1689  0.0341  0.3541  0.0357 -0.0003  0.1099 0 
 39.3103 -0.3153  1.2877  0.0409  0.6877  0.0571  0.2274  0.0175 -0.0003  0.4302 0 
 50.5165  0.0966 -1.3529  0.3928  0.1924  0.0229  0.4258  0.2253 -0.0003  0.9443 0 
 42.0356 -0.0811  1.7491  0.0097  0.1876  0.2104  0.5360  0.0129 -0.0003  0.1772 0 
 47.5196  0.7197  0.1608  0.1313  0.5425  0.0640  0.5190  0.2369 -0.0003  0.9192 1 
 44.1505 -0.7212 -3.0411  0.0719  0.2553  0.0766  0.4409  0.0534 -0.0003  0.3858 1 
 43.8361 -0.6824  1.1918  0.4782  0.6616  0.0428  0.5301 -0.0200 -0.0003  0.9767 1 
 42.0325  0.6783 -1.9349  0.1952  0.3802  0.0528  0.5360  0.4361 -0.0003  0.9892 1 
 49.7353 -0.5729  0.7225  0.0175  0.0684  0.0240  0.1282  0.0089 -0.0003  0.0591 0 
 44.0314  0.5922 -2.3962  0.0421  0.2720  0.0154  0.0883  0.0041 -0.0003  0.1650 0 
 47.4617  0.0978 -2.6248  0.0089  0.2250  0.0509  0.2163  0.0309 -0.0003  0.1119 0 
 46.3294 -0.1047  0.5287  0.0277  0.8117  0.0369  0.1741  0.0632 -0.0003  0.2756 0 
 45.2979  0.6716  0.3642  0.0591  0.2665  0.1310  0.3504  0.1829  0.0556  0.6672 0 
 40.6806 -0.6822 -2.7557  0.1538  0.1850  0.0971  0.3605  0.1486  0.2332  0.8974 0 
 46.2501 -0.1792  3.0955  0.0081  0.1630  0.0647  0.2178  0.0424 -0.0003  0.0994 0 
 44.0375  0.1862 -0.0544  0.1010  0.4293  0.0134  0.0883  0.0438 -0.0003  0.2342 0 
 48.5451 -0.3818  1.2931  0.0261  0.6908  0.1280  0.6022  0.0480  0.2520  0.5893 0 
 42.5177  0.3717 -1.8146  0.0424  0.2286  0.0501  0.5789  0.0179 -0.0003  0.2776 0 
 51.4687  0.2683  1.1647  0.0138  0.1109  0.0523  0.2119  0.0053 -0.0003  0.0833 0 
 44.4892 -0.2579 -1.9876  0.0067  0.7255  0.0232  0.3080  0.0839 -0.0003  0.1495 0 
 40.8148 -0.3004 -0.3209  0.1838  0.6788  0.0164  0.2701  0.0904 -0.0003  0.6798 1 
 39.7681  0.3112  2.7708  0.1846  0.5161  0.0258  0.2721  0.0997 -0.0003  0.6557 1 
 47.3365 -0.7893  0.0749  0.0286  0.2788  0.0391  0.4762  0.1393 -0.0003  0.2996 0 
 42.9023  0.7915 -3.0415  0.0084  0.2035  0.0116  0.2222  0.0046  0.0673  0.0939 0 
 53.9040 -0.1523 -0.1864  0.0130  0.4875  0.0564  0.2932  0.1313 -0.0003  0.3541 0 
 39.9146  0.1898  2.9422  0.0059  0.0865  0.0510  0.3171  0.0240 -0.0003  0.0648 0 
 47.1962 -0.0451  0.5296  0.0052  0.3557  0.0491  0.3466  0.0266 -0.0003  0.1433 0 
 32.3919  0.0628 -2.6526  0.1122  0.3624  0.0274  0.2881  0.0706  0.1224  0.6858 0 
 57.9385 -0.2007  1.4730  0.0059  0.4900  0.0799  0.4114  0.0384 -0.0003  0.1819 0 
 44.3458  0.2017 -1.6803  0.0016  0.1250  0.0826  0.3523  0.0322 -0.0003  0.0745 0 
 46.1006 -0.1609 -0.3890  0.0165  0.2002  0.0253  0.3924 -0.0200 -0.0003  0.1056 0 
 42.0722  0.1614  2.7568  0.2026  0.2732  0.1337  0.3573  0.0558 -0.0003  0.6568 0 
 58.5458  0.3559 -3.1129  0.0131  0.3205  0.0356  0.2873  0.0366 -0.0003  0.1119 0 
 44.7578 -0.3611  0.0571  0.0530  0.4210  0.0207  0.2197  0.1216 -0.0003  0.2296 0 
 53.0831  0.3478  0.3165  0.0169  0.3765  0.0631  0.1682  0.0108 -0.0003  0.3032 0 
 52.1096 -0.3415 -2.8575  0.0005  0.2689  0.0505  0.3802  0.0241 -0.0003  0.1098 0 
 47.1504 -0.6659  2.0287  0.0144  0.0460  0.0149  0.2167  0.0103 -0.0003  0.0403 0 
 43.9948  0.6719 -1.1150  0.0890  0.2535  0.0109  0.2648  0.1081  0.2046  0.8017 0 
 54.1176  0.5505 -0.6789  0.0092  0.0299  0.2708  0.2510  0.0090 -0.0003  0.0451 0 
 46.1067 -0.5984  2.5038  0.0214  0.6127  0.0879  0.2179  0.0095 -0.0003  0.2716 0 
 46.1372 -0.2790  0.6990  0.0202  0.7476  0.0335  0.2615  0.0191 -0.0003  0.2327 0 
 44.4282  0.2871 -2.4473  0.0238  0.2574  0.0479  0.2641  0.0449 -0.0003  0.1478 0 
 47.3518 -0.3347  0.8091  0.0255  0.2651  0.0287  0.3896  0.0455 -0.0003  0.1250 0 
 46.5766  0.3379 -2.3324  0.0044  0.2241  0.0362  0.3043  0.0163 -0.0003  0.0756 0 
 48.8991 -0.3084 -2.0909  0.0215  0.3549  0.0244  0.3005  0.0085 -0.0003  0.1236 0 
 45.0446  0.2978  1.0553  0.0274  0.1413  0.1995  0.3509  0.0018 -0.0003  0.1323 0 
 47.9896 -0.6725  2.7772  0.0442  0.3746  0.0573  0.5177  0.0303 -0.0003  0.3261 0 
 39.7772  0.7051 -0.4023  0.0023  0.3752  0.0822  0.4987  0.0593 -0.0003  0.1725 0 
 43.4089 -0.7332 -2.8610  0.0139  0.4647  0.1231  0.3543  0.0126 -0.0003  0.2046 0 
 31.1345  0.7346  0.2119  0.0134  0.3293  0.0518  0.4371  0.0258 -0.0003  0.1727 0 
 43.4424  0.1483 -0.9025  0.5383  0.5651  0.0305  0.2657  0.5649 -0.0003  0.9979 1 
 35.4406 -0.0932  2.2253  0.1667  0.3350  0.0566  0.3745  0.2026  0.2984  0.9789 1 
 63.8712 -0.6923 -2.8888  0.0088  0.1169  0.0797  0.2411  0.0704 -0.0003  0.0928 0 
 44.5686  0.6909  0.1980  0.0433  0.2384  0.0317  0.2639  0.1295 -0.0003  0.2281 0 
 48.7343  0.3497  0.0090  0.3568  0.4553  0.0445  0.3867  0.3599 -0.0003  0.9914 1 
 44.5716 -0.3362  3.1143  0.2110  0.6026  0.1005  0.6597  0.1939 -0.0003  0.9604 1 
 46.3996  0.2506  1.4791  0.0257  0.2918  0.1081  0.5222  0.0217  0.0675  0.2894 0 
 44.3671 -0.2506 -1.6700  0.0081  0.5474  0.0123  0.2642  0.0685  0.1381  0.2412 0 
 47.8523 -0.4737 -0.7506  0.0111  0.3841  0.0368  0.3022  0.0053 -0.0003  0.1569 0 
 44.0955  0.4944  2.4052  0.0310  0.1451  0.0636  0.2646  0.0005 -0.0003  0.1221 0 
 47.1962 -0.7693  2.6854  0.0862  0.3443  0.1028  0.6066  0.0732  0.1961  0.7586 0 
 38.1964  0.7733 -0.4992  0.0858  0.2990  0.0173  0.4126  0.1356 -0.0003  0.4327 0 
 41.2268  0.5885  0.9496  0.3146  0.3353  0.0258  0.3592  0.2912 -0.0003  0.9588 1 
 39.1638 -0.5937 -2.1792  0.0367  0.5094  0.0227  0.4553  0.0522 -0.0003  0.2707 1 
 46.1402  0.7583  1.2856  0.4977  0.4264  0.0861  0.5230  0.4479 -0.0003  0.9966 1 
 44.3641 -0.7460 -1.7786  0.0075  0.2191  0.0471  0.5284  0.0263 -0.0003  0.1391 1 
 46.9825  0.2371  2.6198  0.0462  0.1844  0.0479  0.3470  0.0722 -0.0003  0.1900 0 
 38.8312 -0.1939 -0.5419  0.1268  0.1966  0.0199  0.2282  0.1717 -0.0003  0.4414 0 
 49.2561  0.1011 -2.9336  0.0259  0.3709  0.0862  0.6428  0.0046 -0.0003  0.2622 0 
 29.2180 -0.1445  0.2295  0.0499  0.3601  0.0243  0.5443  0.0173  0.0710  0.4464 0 
 43.0823  0.6310 -3.0620  0.0075  0.2376  0.0633  0.4438  0.0934 -0.0003  0.1601 0 
 41.7975 -0.6481  0.0851  0.0211  0.1711  0.0852  0.3132  0.0113 -0.0003  0.1233 0 
 53.9376 -0.7905  0.4251  0.1140  0.7683  0.0732  0.4607  0.2453 -0.0003  0.9366 1 
 38.8922  0.7932 -2.7646  0.3757  0.4881  0.0388  0.2281  0.3614  0.3309  0.9986 1 
 46.3600  0.4622  1.3703  0.1759  0.6450  0.1017  0.2612  0.1196 -0.0003  0.9241 1 
 34.9615 -0.4420 -1.7624  0.1146  0.0659  0.0195  0.1880  0.1301  0.2923  0.9507 1 
 45.8076 -0.2670  0.6619  0.3904  0.2755  0.0345  0.4367  0.4886 -0.0003  0.9961 1 
 38.3276  0.3193 -2.4559  0.0257  0.4427  0.0670  0.2748  0.0181 -0.0003  0.2762 1 
 45.3468  0.2270  2.2837  0.0404  0.3149  0.0099  0.2627  0.0767 -0.0003  0.1035 0 
 41.6175 -0.2536 -0.8417  0.1367  0.3031  0.0477  0.2688  0.0963 -0.0003  0.6259 0 
 48.7068  0.4249 -0.4675  0.0027  0.5823  0.0540  0.4298  0.1409 -0.0003  0.2944 0 
 47.4495 -0.4323  2.6150  0.0695  0.0672  0.0642  0.3029  0.0264 -0.0003  0.1015 0 
 37.0184 -0.1684  3.1267  0.0460  0.0594  0.0182  0.0925  0.0057 -0.0003  0.0649 0 
 30.1427  0.2203  0.0242  0.0905  0.1640  0.0632  0.2451  0.0528 -0.0003  0.2917 0 
 44.2298  0.3701  1.1448  0.0413  0.0711  0.0452  0.3085  0.1306 -0.0003  0.1246 0 
 37.5433 -0.3672 -2.0156  0.0407  0.6854  0.0432  0.2303  0.0983 -0.0003  0.4226 0 
 49.3935 -0.7293 -1.0514  0.0045  0.1574  0.0273  0.1713  0.0095 -0.0003  0.0610 0 
 42.1302  0.7120  2.1116  0.0121  0.1563  0.0252  0.3572  0.0287 -0.0003  0.0565 0 
 48.6122  0.3798 -0.8657  0.0395  0.4394  0.1261  0.3870  0.0080 -0.0003  0.2568 0 
 42.3011 -0.4010  2.2111  0.1892  0.4727  0.0350  0.4460  0.0322 -0.0003  0.6973 0 
 52.7260  0.4797  2.9242  0.0193  0.0767  0.0535  0.2106  0.0102 -0.0003  0.0784 0 
 38.0865 -0.4852 -0.1853  0.0282  0.2281  0.0267  0.4129  0.0641 -0.0003  0.1301 0 
 47.0619 -0.5755 -1.4488  0.8540  0.5203  0.0411  0.4336  0.5120 -0.0003  0.9976 1 
 44.0925  0.5558  1.6846  0.1631  0.2527  0.0273  0.4411  0.2613 -0.0003  0.8486 1 
 45.9327 -0.4877 -2.0067  0.0077  0.3417  0.0437  0.3054  0.0369 -0.0003  0.1288 0 
 43.1708  0.4928  1.1374  0.0479  0.2058  0.1385  0.3105  0.0248 -0.0003  0.2141 0 
 49.4820  0.3125 -2.1095  0.9959  0.2581  0.0637  0.2996  0.7821 -0.0003  0.9909 1 
 46.0487 -0.3313  1.0475  0.7001  0.5544  0.0414  0.3489  0.6085 -0.0003  0.9981 1 
 59.6200 -0.7187  1.3295  0.1104  0.2656  0.0693  0.2043  0.0339 -0.0003  0.5035 0 
 34.1405  0.7308 -1.8345  0.0144  0.6564  0.0083  0.0473  0.0001 -0.0003  0.1543 0 
 46.0975  0.6881 -2.8473  0.0114  0.2612  0.1063  0.3924  0.1131 -0.0003  0.2084 0 
 39.0570 -0.6314  0.3310  0.0298  0.2880  0.2804  0.5012  0.0629 -0.0003  0.3162 0 
 54.7066  0.5334  0.6571  0.0283  0.3074  0.0175  0.3756  0.0340 -0.0003  0.1055 0 
 37.5647 -0.5416 -2.4940  0.0053  0.5389  0.0461  0.4606  0.0074 -0.0003  0.1732 0 
 46.0639  0.3905  1.8374  0.0406  0.1333  0.0822  0.3488  0.0447 -0.0003  0.1390 0 
 44.3702 -0.4006 -1.3033  0.0802  0.3643  0.0380  0.7926  0.0627 -0.0003  0.6176 0 
 41.0986 -0.0267 -2.4025  0.8516  0.5706  0.0409  0.4494  0.4287 -0.0003  0.9968 1 
 39.8505  0.0258  0.6924  0.2005  0.6548  0.0320  0.4985  0.1465  0.0621  0.8568 1 
 47.3671 -0.4587 -0.3730  0.3010  0.4130  0.0488  0.6060  0.4228 -0.0003  0.9949 1 
 27.9210  0.3837  2.8055  0.6702  0.6417  0.1088  0.4515  0.2890  0.3696  0.9974 1 
 48.6336 -0.4879 -0.8387  0.0433  0.2160  0.0290  0.3870  0.1342 -0.0003  0.2384 0 
 34.3816  0.4591  2.2501  0.0233  0.5729  0.0195  0.1888  0.0090 -0.0003  0.1578 0 
 51.2154 -0.0943 -1.2454  0.0568  0.8532  0.0301  0.4667  0.0550 -0.0003  0.4831 0 
 47.2145  0.1039  1.8753  0.2668  0.2400  0.0940  0.3899  0.3758 -0.0003  0.9907 0 
 56.5255  0.3330  0.6330  0.0350  0.4367  0.0383  0.4553  0.0184 -0.0003  0.2736 0 
 48.6091 -0.3246 -2.5668  0.0541  0.5244  0.0311  0.4300  0.0568 -0.0003  0.3979 0 
 44.8859  0.6096  1.4878  0.0580  0.7387  0.0777  0.7463  0.0975 -0.0003  0.5617 0 
 39.4690 -0.6468 -1.6364  0.0266  0.1917  0.0689  0.2272  0.0031 -0.0003  0.1619 0 
 54.3160 -0.6738 -2.4236  0.0774  0.6227  0.0959  0.2926  0.0610 -0.0003  0.5421 1 
 45.8625  0.6613  0.7182  0.0596  0.3482  0.0469  0.6985  0.0866 -0.0003  0.5264 1 
 48.0079  0.2783  2.3755  0.0456  0.3053  0.0740  0.3451  0.0847 -0.0003  0.3510 0 
 37.8241 -0.2862 -0.7930  0.0287  0.4879  0.0362  0.1839  0.0071 -0.0003  0.2672 0 
 45.1392 -0.0408  0.7620  0.2217  0.5885  0.0293  0.5260  0.3337 -0.0003  0.9717 1 
 42.2766  0.0569 -2.3769  0.2332  0.5836  0.0396  0.5798  0.2587  0.1943  0.9876 1 
 46.0151 -0.0805  0.0917  0.0273  0.2335  0.0363  0.5670  0.1220  0.0816  0.3957 0 
 42.3957  0.0916 -3.0486  0.0021  0.3226  0.0642  0.2674  0.0135 -0.0003  0.1677 0 
 45.8625 -0.5122  2.5634  0.3124  0.1853  0.0717  0.3492  0.2176 -0.0003  0.9560 1 
 45.1545  0.4914 -0.6081  0.1672  0.7525  0.0424  0.5260  0.2748 -0.0003  0.9561 1 
 47.6387 -0.4143  1.4295  0.0259  0.0662  0.2005  0.4322  0.0108 -0.0003  0.0762 0 
 44.5167  0.3835 -1.6942  0.0160  0.4607  0.0860  0.6159  0.0927 -0.0003  0.2863 0 
 46.1067  0.3340  0.3482  0.0024  0.3564  0.0718  0.4795  0.0156 -0.0003  0.1548 0 
 42.7253 -0.3329 -2.7855  0.1660  0.5919  0.0291  0.4448  0.0507  0.1209  0.7505 0 
 44.7852  0.2542  0.2350  0.2801  0.1171  0.0224  0.4393  0.3720  0.1048  0.9820 0 
 40.5097 -0.2708 -2.8903  0.0114  0.2994  0.0870  0.2707  0.0303 -0.0003  0.1865 0 
 44.4556 -0.0834 -2.0987  0.0571  0.2301  0.0130  0.2640  0.1009 -0.0003  0.1358 0 
 43.6103  0.0937  0.9771  0.1230  0.2282  0.0604  0.1769  0.0970 -0.0003  0.5898 0 
 50.1137 -0.3077  2.7084  0.0044  0.2230  0.0654  0.5120  0.0110 -0.0003  0.1345 0 
 46.2593  0.3095 -0.4175  0.0563  0.0575  0.0171  0.2613  0.0491 -0.0003  0.0494 0 
 51.4137  0.4210 -1.6645  0.0783  0.3207  0.0692  0.2543  0.0897 -0.0003  0.5319 1 
 38.2940 -0.4149  1.4826  0.7047  0.3960  0.0800  0.5956  0.6997 -0.0003  0.9979 1 
 48.8472  0.2812  2.7651  0.0079  0.3089  0.0445  0.2577  0.0115 -0.0003  0.1394 0 
 38.6542 -0.2752 -0.3979  0.0443  0.3102  0.0314  0.3199  0.0457 -0.0003  0.1843 0 
 46.1494 -0.2163 -2.9855  0.0207  0.1639  0.1621  0.4794  0.1336 -0.0003  0.2504 0 
 38.4009  0.2082  0.1833  0.0260  0.4978  0.0595  0.2747  0.0353 -0.0003  0.2988 0 
 48.9601 -0.2732  0.7560  0.0512  0.3973  0.0420  0.2146  0.0276 -0.0003  0.3053 0 
 34.3145  0.3009 -2.3953  0.0057  0.6332  0.0139  0.2834  0.0164 -0.0003  0.1058 0 
 55.5673  0.1211  0.7712  0.0378  0.2741  0.0262  0.1663  0.1205 -0.0003  0.2012 0 
 50.2388 -0.1150 -2.3473  0.0407  0.3805  0.1567  0.5117  0.0526 -0.0003  0.3094 0 
 49.1432  0.5229  1.3905  0.0203  0.0985  0.0713  0.3859  0.0043 -0.0003  0.0873 0 
 43.8697 -0.5488 -1.7697  0.1480  0.4899  0.0139  0.3092  0.0855 -0.0003  0.4698 0 
 49.6986  0.7559 -0.6989  0.0098  0.3634  0.0571  0.3420  0.0416 -0.0003  0.1710 0 
 48.4291 -0.7498  2.4684  0.0900  0.2362  0.0567  0.2152  0.0456 -0.0003  0.3780 0 
 47.2023 -0.5793  1.7200  0.0633  0.3609  0.0793  0.8232  0.0660  0.2125  0.7546 0 
 42.3529  0.5915 -1.4556  0.0552  0.4819  0.0207  0.2675  0.0629  0.1701  0.5794 0 
 47.7760 -0.2414 -0.2505  0.0028  0.3120  0.0256  0.3455  0.0847  0.1045  0.2561 0 
 34.0307  0.2394  2.9072  0.0451  0.1087  0.0143  0.3788  0.0457 -0.0003  0.0699 0 
 50.4311 -0.0178 -2.3056  0.0527  0.1563  0.1318  0.3834  0.1074 -0.0003  0.2969 0 
 48.8319  0.0310  0.8300  0.0734  0.0571  0.0697  0.2577  0.0399 -0.0003  0.0972 0 
 45.7221 -0.3596 -2.8162  0.1595  0.1727  0.0439  0.3932  0.1627 -0.0003  0.7112 0 
 44.9500  0.3686  0.3329  0.0121  0.3883  0.0421  0.2194  0.0026 -0.0003  0.2079 0 
 53.2815  0.5318  1.5191  0.0035  0.5013  0.0337  0.1680  0.0515 -0.0003  0.1596 0 
 51.1330 -0.5540 -1.6238  0.0278  0.3736  0.0363  0.2122  0.0187 -0.0003  0.1953 0 
 42.0294 -0.3197 -0.4764  0.1335  0.4227  0.0406  0.5360  0.4566 -0.0003  0.9740 1 
 39.7467  0.3258  2.6599  0.0543  0.3312  0.0128  0.1814  0.0735 -0.0003  0.1376 1 
 55.2255 -0.4372 -0.0374  0.0145  0.2054  0.1486  0.6661  0.0423 -0.0003  0.2434 0 
 44.2664  0.3986  3.1236  0.0480  0.2077  0.0465  0.4406  0.0898 -0.0003  0.2739 0 
 47.3732  0.3435  2.6599  0.0029  0.4423  0.1563  0.4761  0.1094 -0.0003  0.2583 0 
 41.8982 -0.3712 -0.5036  0.0183  0.3030  0.1451  0.1789  0.0120 -0.0003  0.2138 0 
 53.2692 -0.4953  2.2589  0.0100  0.2167  0.1269  0.2941  0.0421 -0.0003  0.1365 0 
 40.6195  0.5532 -0.8900  0.0087  0.1984  0.1944  0.6312  0.2560 -0.0003  0.5017 0 
 58.8144 -0.4443 -2.7115  0.0528  0.3570  0.1993  0.1640  0.0102 -0.0003  0.2925 0 
 47.7180  0.4354  0.4608  0.0151  0.4433  0.0452  0.3024  0.0444 -0.0003  0.1919 0 
 47.2206 -0.3553  0.1325  0.0339  0.5983  0.1805  0.5632  0.1121 -0.0003  0.3630 0 
 44.6143  0.3793 -3.0124  0.0305  0.1781  0.1203  0.2638  0.0331 -0.0003  0.1514 0 
 45.6458  0.1962  1.0969  0.0847  0.3030  0.0543  0.3934  0.0576 -0.0003  0.4426 0 
 42.8962 -0.1789 -2.0236  0.0790  0.2744  0.1859  0.3110  0.1763  0.5077  0.9275 0 
 47.1351  0.1716  1.5555  0.0209  0.8323  0.1109  0.6068  0.0932 -0.0003  0.4009 0 
 37.9461 -0.1773 -1.5275  0.0199  0.3752  0.1237  0.4134  0.0745 -0.0003  0.2483 0 
 39.3988 -0.0771 -0.7158  0.0092  0.1956  0.0266  0.5455  0.1546 -0.0003  0.1908 1 
 31.9982  0.0655  2.4503  0.5620  0.3711  0.0471  0.3855  0.7962  0.4925  0.9999 1 
 52.3110  0.7817  1.6431  0.0564  0.3064  0.1786  0.5064  0.0355  0.4941  0.6600 0 
 45.9327 -0.7862 -1.4187  0.0141  0.2457  0.0733  0.3054  0.0458 -0.0003  0.1549 0 
 48.1758  0.1242  3.0876  0.5206  0.1893  0.0331  0.5172  0.2007 -0.0003  0.9617 1 
 39.5392 -0.1253 -0.0558  0.0319  0.4927  0.0173  0.2725  0.0125 -0.0003  0.1429 1 
 39.2676 -0.6344 -2.6160  0.0783  0.3383  0.0422  0.3640  0.0482 -0.0003  0.4033 1 
 19.7299  0.6398  0.5474  0.0094  0.6279  0.0077  0.3360  0.0584 -0.0003  0.0981 1 
 46.5400 -0.0974 -0.0199  0.0146  0.3154  0.0279  0.3044  0.2496 -0.0003  0.3538 0 
 45.9205  0.0815  3.1094  0.0138  0.1034  0.0624  0.3491  0.0161 -0.0003  0.0803 0 
 43.1830 -0.1161 -1.8844  0.1086  0.2043  0.0146  0.2217  0.1347 -0.0003  0.2788 0 
 36.7254  0.1123  1.2465  0.0073  0.0312  0.0314  0.0463  0.0001 -0.0003  0.0945 0 
 46.0365 -0.1444 -0.6479  0.1111  0.7106  0.0411  0.2617  0.1754 -0.0003  0.8170 0 
 45.2705  0.1054  2.5037  0.0178  0.2165  0.1368  0.4380  0.0161 -0.0003  0.1587 0 
 51.8196  0.5742 -2.2606  0.0094  0.3505  0.0349  0.3807  0.0276 -0.0003  0.1248 0 
 46.5644 -0.5510  0.8619  0.0788  0.3238  0.0139  0.0870  0.0126 -0.0003  0.1858 0 
 47.4586 -0.4137  1.3720  0.0722  0.8613  0.0211  0.2596  0.0626 -0.0003  0.3984 0 
 44.7181  0.4126 -1.7718  0.0433  0.3273  0.0592  0.2197  0.0399 -0.0003  0.3105 0 
 52.8206  0.0659 -2.7835  0.8152  0.4219  0.0574  0.6315  0.9177  0.0557  0.9988 1 
 20.7553 -0.0432  0.3318  0.0733  0.4589  0.0102  0.3304  0.1220  0.0748  0.4528 1 
 44.5716 -0.6487  1.1276  0.0061  0.2087  0.0769  0.4398  0.0441 -0.0003  0.1236 0 
 38.9380  0.6630 -1.9839  0.1268  0.1320  0.0175  0.4560  0.0258  0.0681  0.5016 0 
 46.1250  0.3829  2.6248  0.0243  0.2889  0.0269  0.2179  0.0397 -0.0003  0.1045 0 
 45.0935 -0.3786 -0.5038  0.0302  0.2555  0.0741  0.2192  0.0250 -0.0003  0.2336 0 
 44.3214 -0.4708 -2.2378  0.0100  0.4033  0.0371  0.0881  0.0139 -0.0003  0.2616 0 
 35.4437  0.4480  0.9188  0.0044  0.3045  0.0296  0.2808  0.0104 -0.0003  0.0886 0 
 43.7934  0.7305  1.1557  0.0397  0.2424  0.0937  0.1767  0.0659 -0.0003  0.3362 0 
 43.4852 -0.7597 -1.9481  0.0216  0.3663  0.0285  0.3099  0.0831 -0.0003  0.1413 0 
 49.3782  0.7254  0.4825  0.0636  0.4947  0.0306  0.3854  0.0538 -0.0003  0.4011 0 
 37.9187 -0.7058 -2.6180  0.0254  0.2444  0.1029  0.3215  0.0040 -0.0003  0.1733 0 
 48.0262  0.6599  1.3786  0.0004  0.1343  0.0167  0.4745  0.0317 -0.0003  0.0552 0 
 45.6611 -0.6442 -1.7577  0.0291  0.5300  0.0483  0.3496  0.0120 -0.0003  0.2719 0 
 47.3793 -0.5367  1.6220  0.0081  0.1637  0.0526  0.3896  0.0323 -0.0003  0.0912 0 
 45.7710  0.5288 -1.5319  0.0265  0.0919  0.0790  0.1747  0.0102 -0.0003  0.1025 0 
 47.6448 -0.4443 -0.7190  0.0309  0.4533  0.1525  0.4754  0.0388 -0.0003  0.2703 0 
 42.7253  0.4383  2.3915  0.0587  0.4583  0.0311  0.3558  0.1730 -0.0003  0.5288 0 
 39.2279 -0.5854 -2.8856  0.1745  0.6707  0.0498  0.1821  0.2293 -0.0003  0.9236 1 
 32.2301  0.5602  0.2353  0.2192  0.4579  0.0525  0.3847  0.2066  0.1928  0.9524 1 
 48.8197  0.6848  1.9803  0.0208  0.8621  0.1143  0.2577  0.1093 -0.0003  0.4696 1 
 41.1933 -0.6814 -1.1691  0.0551  0.4868  0.1615  0.6288  0.1086 -0.0003  0.4563 1 
 59.1836  0.5153 -0.9957  0.0017  0.3768  0.0705  0.2865  0.0272 -0.0003  0.1790 0 
 35.0134 -0.5262  2.1853  0.2373  0.1160  0.0365  0.4697  0.1588  0.0545  0.8584 0 
 47.1382  0.7220 -2.6445  0.0270  0.6372  0.0555  0.4334  0.0496 -0.0003  0.2903 0 
 46.9978 -0.7113  0.4691  0.0026  0.5869  0.0131  0.1735  0.0104 -0.0003  0.1192 0 
 48.9815 -0.3397 -0.0697  0.0281  0.2227  0.0737  0.4292  0.1325  0.1995  0.5057 0 
 44.8371  0.3448  3.0629  0.0198  0.6036  0.0277  0.2635  0.0930 -0.0003  0.1861 0 
 48.3741  0.4696  2.7496  0.0123  0.2063  0.0659  0.5597  0.0259 -0.0003  0.1624 0 
 43.2959 -0.4386 -0.3731  0.0072  0.1407  0.2811  0.3545  0.0640 -0.0003  0.1404 0 
 46.4424  0.2674  0.8283  0.0107  0.6564  0.0260  0.3046  0.1130 -0.0003  0.1822 0 
 35.0378 -0.2575 -2.3027  0.0225  0.1638  0.0216  0.0939  0.0021 -0.0003  0.0967 0 
 42.4201 -0.6785  2.7691  0.0205  0.2846  0.0403  0.5347  0.0322 -0.0003  0.2024 0 
 38.5657  0.7089 -0.4285  0.0334  0.1773  0.0232  0.1829  0.0247 -0.0003  0.0736 0 
 55.4055  0.3019  0.5995  0.0154  0.2179  0.0356  0.3744  0.0839 -0.0003  0.1099 0 
 42.6886 -0.3109 -2.5237  0.0000  0.4698  0.0281  0.1334  0.0162 -0.0003  0.1719 0 
 52.5185 -0.2440  3.1106  0.0440  0.1712  0.0777  0.2108  0.0422 -0.0003  0.1968 0 
 46.1921  0.2145 -0.0455  0.0191  0.3286  0.0866  0.2614  0.0056 -0.0003  0.2193 0 
 52.5826 -0.2455  0.1475  0.4068  0.2107  0.1144  0.4636  0.5114 -0.0003  0.9979 1 
 44.2084  0.2115 -3.0458  0.1768  0.4987  0.2085  0.6612  0.1862  0.1811  0.9699 1 
 45.0019  0.7076  1.4732  0.0240  0.3355  0.0895  0.4826  0.0410 -0.0003  0.2297 0 
 42.0935 -0.7041 -1.5937  0.0408  0.3693  0.0779  0.6698  0.0521 -0.0003  0.3813 0 
 45.8473  0.4044 -1.7535  0.1966  0.3830  0.0925  0.5239  0.1732 -0.0003  0.9103 0 
 41.7365 -0.4190  1.4072  0.0548  0.2999  0.1080  0.4923  0.0190 -0.0003  0.3140 0 
 45.2949  0.6333 -1.3323  0.0664  0.3606  0.0329  0.3941  0.0290 -0.0003  0.3377 0 
 43.2197 -0.6687  1.7744  0.0223  0.6818  0.1650  0.3991  0.0148 -0.0003  0.2709 0 
 46.6224  0.7145  2.1379  0.0131  0.6879  0.0674  0.3043  0.0208 -0.0003  0.2495 0 
 37.8637 -0.6885 -1.0628  0.0287  0.1226  0.1714  0.5974  0.0883 -0.0003  0.2580 0 
 40.0732 -0.7551 -2.0669  0.0883  0.6640  0.0183  0.3167  0.1099 -0.0003  0.4647 1 
 40.0183  0.7641  1.0842  0.0002  0.1587  0.0648  0.1358  0.0157 -0.0003  0.1176 1 
 45.5421 -0.1822 -1.7480  0.1913  0.2147  0.0272  0.1749  0.1025 -0.0003  0.5375 0 
 40.1221  0.1885  1.3946  0.0831  0.4577  0.0314  0.2714  0.0475 -0.0003  0.3969 0 
 49.2714  0.6972  1.3299  0.0167  0.3189  0.0257  0.2999  0.0261  0.1756  0.4055 0 
 37.6623 -0.7058 -1.8148  0.0107  0.5372  0.0273  0.3222  0.1441 -0.0003  0.2086 0 
 53.8216  0.2836 -2.2127  0.0178  0.1395  0.0714  0.4609  0.0634 -0.0003  0.1282 0 
 39.7528 -0.2666  0.9180  0.0069  0.4659  0.0122  0.2267  0.0541 -0.0003  0.0887 0 
 44.8615 -0.7018 -0.6645  0.3416  0.2434  0.0299  0.3512  0.3810 -0.0003  0.9857 1 
 26.4714  0.6545  2.4894  0.4200  0.2607  0.0335  0.3568  0.4650 -0.0003  0.9954 1 
 44.7974 -0.2567  1.8568  0.0048  0.1022  0.0316  0.2635  0.0698 -0.0003  0.0483 0 
 44.0681  0.2221 -1.3276  0.0725  0.1838  0.1618  0.2206  0.0064 -0.0003  0.2556 0 
 51.2184  0.3098 -1.8526  0.0074  0.4424  0.1655  0.5940  0.1401 -0.0003  0.3199 0 
 48.3192 -0.2975  1.3081  0.0721  0.5095  0.0338  0.3014  0.1310  0.1408  0.7125 0 
 43.1556 -0.2448  0.5851  0.0200  0.1759  0.0310  0.3992  0.0793 -0.0003  0.1019 0 
 42.8717  0.2405 -2.5512  0.0107  0.0722  0.0412  0.3111  0.1318 -0.0003  0.0858 0 
 49.4240  0.5067  2.8699  0.0114  0.3254  0.0702  0.5566  0.0191 -0.0003  0.1901 0 
 47.2023 -0.5160 -0.2752  0.0430  0.0711  0.3184  0.4333  0.0495 -0.0003  0.1248 0 
 45.0507  0.4493 -2.2268  0.0155  0.3261  0.0677  0.2631 -0.0200 -0.0003  0.2294 0 
 43.9307 -0.4760  0.8745  0.0099  0.0789  0.0630  0.2649  0.0571 -0.0003  0.0731 0 
 52.2713  0.7682  2.3274  0.0345  0.3380  0.0221  0.2110  0.1022 -0.0003  0.1580 0 
 49.5613 -0.7703 -0.7092  0.0006  0.3025  0.0894  0.3423  0.0167 -0.0003  0.1424 0 
 44.8035  0.2671 -1.8499  0.0054  0.3649  0.0112  0.1757  0.0003 -0.0003  0.0961 0 
 44.3610 -0.2894  1.2602  0.0089  0.2242  0.0725  0.3963  0.0108 -0.0003  0.1306 0 
 45.3407 -0.7337  1.0557  0.0041  0.4284  0.0245  0.2627  0.0534 -0.0003  0.0936 0 
 44.5197  0.7370 -2.0709  0.0894  0.3029  0.0159  0.3519  0.0620  0.1325  0.6041 0 
 40.4486  0.7451 -1.1068  0.1548  0.1791  0.0256  0.2257  0.0130 -0.0003  0.3387 0 
 38.6664 -0.7424  2.0422  0.0231  0.1857  0.2328  0.3655  0.0319 -0.0003  0.1828 0 
 56.6598 -0.5015  1.5527  0.0096  0.0518  0.1222  0.1655  0.0065 -0.0003  0.0690 0 
 47.2755  0.5140 -1.6123  0.1204  0.2506  0.2343  0.6930  0.0594  0.1273  0.7641 0 
 46.0883  0.7780 -3.0716  0.0067  0.1286  0.0167  0.2180  0.0402 -0.0003  0.0374 0 
 41.1048 -0.7776  0.0557  0.0007  0.1947  0.0163  0.1798  0.0132 -0.0003  0.0495 0 
 47.4006 -0.7662  1.8454  0.0824  0.1250  0.0451  0.5193  0.0712 -0.0003  0.3310 1 
 37.0092  0.7957 -1.2867  0.0739  0.5771  0.0707  0.5087  0.0779  0.3714  0.9185 1 
 39.8444 -0.5505 -2.8259  0.2510  0.6374  0.0401  0.3172  0.2166  0.3347  0.9945 1 
 37.5982  0.5974  0.3350  0.4300  0.3905  0.0089  0.1381  0.4067 -0.0003  0.9920 1 
 39.1699  0.6395  1.2314  0.2628  0.2426  0.0667  0.3642  0.2087  0.1789  0.9587 1 
 26.5965 -0.5898 -1.9202  0.3386  0.1953  0.0379  0.2545  0.4588  0.3096  0.9993 1 
 46.1128  0.5187 -0.3664  0.2109  0.2917  0.0632  0.4359  0.2701 -0.0003  0.9557 1 
 42.5971 -0.5223  2.7866  0.3582  0.4790  0.0437  0.4896  0.2938  0.4196  0.9997 1 
 47.5898  0.1349 -2.7611  0.4597  0.4334  0.0304  0.4756  0.3593  0.0114  0.9918 1 
 34.8943 -0.1137  0.3867  0.0456  0.1573  0.0193  0.5171  0.1594  0.2484  0.7030 1 
 43.6774 -0.3596  0.2357  0.0529  0.5118  0.0137  0.3095  0.0451 -0.0003  0.1747 0 
 37.8882  0.3584 -2.9176  0.0147  0.3055  0.0124  0.2298  0.0060 -0.0003  0.0740 0 
 45.7343 -0.0107  1.4472  0.0010  0.3401  0.0443  0.3058  0.1053 -0.0003  0.1421 0 
 44.8035  0.0083 -1.6967  0.0090  0.1217  0.0516  0.3074  0.0777 -0.0003  0.0775 0 
 47.2786 -0.7539 -0.1962  0.0033  0.2904  0.0363  0.3031  0.0865 -0.0003  0.0957 0 
 42.5055  0.7506  2.9558  0.0045  0.6089  0.0079  0.2227  0.0414 -0.0003  0.0979 0 
 48.6366  0.7135  1.9539  0.1293  0.3751  0.2899  0.4729  0.3121 -0.0003  0.9803 0 
 46.4088 -0.7169 -1.1846  0.0828  0.6513  0.0421  0.3917  0.1837 -0.0003  0.8007 0 
 44.6571  0.3784  0.3327  0.2662  0.2434  0.0347  0.3077  0.2434  0.1436  0.9543 0 
 43.6225 -0.3800 -2.8390  0.0024  0.0826  0.0223  0.2654  0.0384 -0.0003  0.0380 0 
 36.9024 -0.2823 -3.0856  0.2830  0.6819  0.0196  0.2314  0.3149  0.1398  0.9746 1 
 35.4772  0.2280 -0.0592  0.2718  0.5178  0.1122  0.4679  0.2731 -0.0003  0.9907 1 
 54.7799 -0.5041 -1.8564  0.0007  0.6997  0.1111  0.4589  0.0532 -0.0003  0.2497 0 
 43.9216  0.4983  1.2230  0.0177  0.0486  0.0640  0.3090  0.0224 -0.0003  0.0719 0 
 46.6377  0.4683 -0.1506  0.3637  0.5111  0.0485  0.4781  0.2785 -0.0003  0.9810 1 
 44.7883 -0.4879  2.9674  0.2572  0.5663  0.0418  0.3953  0.1404 -0.0003  0.8712 1 
 45.2522 -0.4317 -1.2691  0.0382  0.2245  0.0365  0.1752  0.0113 -0.0003  0.1573 0 
 43.9399  0.4600  1.8884  0.1036  0.0723  0.0478  0.2649  0.2016 -0.0003  0.3554 0 
 50.8309 -0.4211 -2.3087  0.0296  0.1834  0.0898  0.5951  0.0457 -0.0003  0.2409 0 
 41.9440  0.4282  0.8110  0.0292  0.3620  0.0675  0.3576  0.0109 -0.0003  0.2358 0 
 45.8900 -0.2905  3.1258  0.0032  0.3489  0.0538  0.1746  0.0162 -0.0003  0.2152 0 
 42.0630  0.2955 -0.0179  0.0219  0.4926  0.0812  0.2680  0.0073 -0.0003  0.2500 0 
 57.6028 -0.6822 -3.0336  0.0294  0.5182  0.1425  0.4120  0.0402 -0.0003  0.2731 0 
 51.6426  0.6855  0.1115  0.0041  0.6493  0.0609  0.3387  0.0025 -0.0003  0.1979 0 
 46.1097 -0.4407 -2.6874  0.0023  0.2752  0.0599  0.3487  0.0242 -0.0003  0.1250 0 
 43.1373  0.4585  0.4732  0.0428  0.0042  0.0204  0.1331  0.0098 -0.0003  0.0565 0 
 50.3304 -0.2495  0.3708  0.0121  0.3725  0.1392  0.4688  0.0580 -0.0003  0.2220 0 
 50.1869  0.2623 -2.7627  0.0112  0.6028  0.0572  0.3838  0.0723 -0.0003  0.2445 0 
 40.5707 -0.7347  1.0173  0.1136  0.5610  0.0310  0.3157  0.2349 -0.0003  0.8075 1 
 35.3948  0.7433 -2.2091  0.0847  0.1686  0.0583  0.3278  0.3968 -0.0003  0.7197 1 
 48.9418 -0.3105 -2.5123  0.0594  0.5392  0.0177  0.2575  0.1845  0.1430  0.6593 0 
 44.4526  0.3311  0.6485  0.0271  0.3617  0.0415  0.1761  0.0110 -0.0003  0.2426 0 
 49.5583  0.5085  0.0661  0.0000  0.0854  0.0049  0.0428 -0.0200 -0.0003  0.0804 0 
 42.1729 -0.5058 -3.0681  0.0197  0.6166  0.0136  0.1785  0.0169 -0.0003  0.1313 0 
 45.1545 -0.3126 -1.9756  0.0000  0.0649  0.1010  0.3507  0.1019  0.0634  0.0779 0 
 37.0886  0.3264  1.1979  0.0423  0.2627  0.0341  0.1849  0.0800 -0.0003  0.1898 0 
 44.8463 -0.4736  3.0939  0.0121  0.1226  0.0839  0.1756  0.0099 -0.0003  0.1067 1 
 37.3877  0.4874 -0.0070  0.4369  0.5412  0.0207  0.2767  0.4210 -0.0003  0.9956 1 
 46.7140 -0.7751 -1.1956  0.0016  0.6056  0.0876  0.3910  0.0074 -0.0003  0.1811 0 
 45.7801  0.7934  1.9552  0.0368  0.1045  0.0219  0.3494  0.0384 -0.0003  0.0636 0 
 46.9398  0.3186  1.1677  0.0462  0.3755  0.0582  0.2603  0.0302 -0.0003  0.3307 0 
 46.7323 -0.3030 -1.9875  0.0458  0.4372  0.0161  0.3909  0.0920 -0.0003  0.2276 0 
 49.0425 -0.7960 -1.5363  0.0133  0.0913  0.0070  0.1716  0.0181 -0.0003  0.0357 0 
 45.3407  0.7937  1.6176  0.0571  0.1400  0.1610  0.3503  0.1387 -0.0003  0.3629 0 
 46.4759  0.0563  1.7629  0.0712  0.1585  0.2171  0.3480  0.0197 -0.0003  0.2617 0 
 44.8035 -0.0695 -1.3853  0.0146  0.2088  0.0403  0.3953  0.0314 -0.0003  0.1050 0 
 55.2163  0.1630  0.6160  0.0260  0.0649  0.1028  0.2081  0.0085 -0.0003  0.0769 0 
 47.8737 -0.2333 -2.5172  0.0188  0.6128  0.1483  0.4748  0.0615 -0.0003  0.2838 0 
 44.6174  0.4550 -0.8799  0.0435  0.0944  0.0437  0.3957  0.0140 -0.0003  0.1042 0 
 41.6205 -0.4773  2.2961  0.0104  0.1531  0.0206  0.0448  0.0027 -0.0003  0.1073 0 
 53.2326 -0.5371 -0.8188  0.0444  0.3402  0.0513  0.3782  0.0864 -0.0003  0.3409 0 
 38.3642  0.5651  2.3221  0.0281  0.2502  0.1360  0.3663  0.0279 -0.0003  0.1933 0 
 47.6905 -0.7237  1.8363  0.0490  0.4126  0.0696  0.2161  0.0248  0.5590  0.9910 1 
 35.9594  0.6918 -1.2764  0.1830  0.5130  0.0591  0.2797  0.2310  0.4468  0.9980 1 
 47.3335  0.6877 -2.4006  0.0005  0.1747  0.1049  0.3463  0.0270 -0.0003  0.0905 0 
 47.1077 -0.6599  0.7296  0.0248  0.3092  0.0485  0.3902  0.1743  0.2110  0.6381 0 
 41.2421  0.4203 -1.6598  0.0160  0.6501  0.1205  0.4041  0.0121 -0.0003  0.2409 0 
 39.4965 -0.4472  1.4746  0.0226  0.2061  0.1934  0.4543  0.0601 -0.0003  0.2142 0 
 56.7300  0.4511  2.1275  0.0293  0.4877  0.2043  0.4136  0.0552  0.7518  0.8073 0 
 52.9183 -0.4435 -1.0563  0.0003  0.1506  0.0361  0.2945  0.0823  0.1236  0.1957 0 
 47.7974  0.7171  0.2762  0.2051  0.3832  0.0763  0.4750  0.2560 -0.0003  0.9646 1 
 44.8798 -0.7051 -2.8399  0.4232  0.5337  0.0630  0.3073  0.3090 -0.0003  0.9932 1 
 50.9041 -0.6163 -2.0778  0.0351  0.3279  0.0663  0.3825  0.0272  0.1328  0.4089 0 
 40.5768  0.6013  1.0585  0.0413  0.4008  0.0332  0.2706  0.0109  0.0681  0.3752 0 
 44.0223 -0.3915  0.1834  0.0390  0.4733  0.0152  0.3089  0.0805 -0.0003  0.1553 0 
 34.3023  0.3798 -2.9625  0.0203  0.0656  0.0222  0.3779  0.0063 -0.0003  0.0565 0 
 51.6823  0.4358 -0.8657  0.0126  0.1049  0.0174  0.2540  0.0569 -0.0003  0.0387 0 
 46.6804 -0.4343  2.2502  0.0430  0.4590  0.0261  0.3042  0.0638 -0.0003  0.2091 0 
 62.7481  0.7155 -0.4702  0.0986  0.2756  0.0444  0.2421  0.0683 -0.0003  0.4291 0 
 44.5899 -0.7169  2.6539  0.0046  0.3078  0.0162  0.2199  0.1048 -0.0003  0.0862 0 
 51.3802  0.4832  3.0740  0.0110  0.3350  0.1047  0.6783  0.0566 -0.0003  0.2612 0 
 49.8817 -0.4546 -0.0723  0.0384  0.6685  0.0146  0.1708  0.0428  0.1180  0.3299 0 
 47.9652 -0.6200 -2.6296  0.0128  0.6810  0.0254  0.3452  0.0677 -0.0003  0.1585 0 
 47.9225  0.6189  0.5102  0.0522  0.2798  0.0416  0.3884  0.0225 -0.0003  0.2526 0 
 49.2103  0.4429 -2.7206  0.0160  0.1156  0.0475  0.3000  0.0187 -0.0003  0.0736 0 
 46.0304 -0.4454  0.3942  0.0059  0.2581  0.0158  0.2617  0.0075 -0.0003  0.0563 0 
 46.9795  0.5667 -2.8636  0.3168  0.2462  0.0267  0.2169  0.2835 -0.0003  0.9308 1 
 39.2218 -0.5383  0.2809  0.0306  0.6587  0.0256  0.1366  0.0016  0.1984  0.6310 1 
 56.1624  0.3043  1.5248  0.4398  0.5243  0.0258  0.2902  0.4033 -0.0003  0.9954 0 
 50.7942 -0.2947 -1.6537  0.0482  0.7414  0.0905  0.4252  0.2047  0.1204  0.8238 0 
 46.4302 -0.6157 -1.5459  0.1388  0.5148  0.0453  0.3481  0.3254 -0.0003  0.9352 0 
 46.1219  0.6140  1.5975  0.1577  0.2470  0.0343  0.5666  0.2664 -0.0003  0.8968 0 
 57.3129  0.6459 -2.8258  0.1714  0.5223  0.1256  0.6188  0.3408 -0.0003  0.9834 1 
 40.8118 -0.6514  0.3290  0.2634  0.2445  0.0718  0.4953  0.6719 -0.0003  0.9983 1 
 62.6017 -0.7427 -2.0913  0.0106  0.4226  0.0438  0.2018  0.0296 -0.0003  0.1999 0 
 44.2939  0.7548  1.0169  0.0094  0.7726  0.0546  0.4846  0.0370 -0.0003  0.2396 0 
 46.2013  0.6630 -2.1327  0.0133  0.0524  0.0443  0.2614  0.0070 -0.0003  0.0653 1 
 42.0081 -0.6500  1.0399  0.2527  0.4467  0.0502  0.1787  0.1243 -0.0003  0.8562 1 
 33.9849  0.6000  2.6142  0.3409  0.4971  0.0328  0.3316  0.0103  0.2378  0.9364 1 
 20.0595 -0.5790 -0.5382  0.0775  0.3440  0.0543  0.2785  0.0794  0.4369  0.9788 1 
 54.5205  0.2280  0.9734  0.1556  0.8105  0.0681  0.1253  0.1452 -0.0003  0.9242 0 
 53.6324 -0.2265 -2.1541  0.0507  0.4357  0.0231  0.3355  0.0660 -0.0003  0.2285 0 
 41.5290  0.6030 -1.2411  0.3166  0.5142  0.0229  0.2241  0.2546 -0.0003  0.9488 1 
 40.1373 -0.6081  1.9291  0.1672  0.5111  0.0469  0.4070  0.3143 -0.0003  0.9584 1 
 50.6264 -0.0866 -0.4625  0.0130  0.2236  0.0309  0.1702  0.0090 -0.0003  0.0979 0 
 44.7120  0.0908  2.6756  0.0117  0.5132  0.0636  0.3516  0.0189 -0.0003  0.2052 0 
 47.1015  0.6505 -1.2065  0.0119  0.5193  0.0074  0.2601  0.0461  0.0844  0.1339 0 
 46.5095 -0.6627  1.9320  0.0331  0.1595  0.0414  0.3480  0.0136 -0.0003  0.1110 0 
 50.7027  0.7779 -0.9084  0.2457  0.5383  0.0467  0.3828  0.4100 -0.0003  0.9899 1 
 40.6226 -0.7435  2.2223  0.2412  0.4700  0.1107  0.4959  0.2197 -0.0003  0.9718 1 
 42.1698 -0.7819  1.1581  0.0506  0.5351  0.0109  0.1785  0.0494  0.1588  0.4271 0 
 33.1792  0.7860 -1.9922  0.1361  0.2734  0.0213  0.2385  0.0748  0.1837  0.8045 0 
 50.5867  0.1282 -1.6101  0.0352  0.0989  0.0304  0.2128  0.0213 -0.0003  0.0605 0 
 39.9329 -0.1279  1.5360  0.0010  0.2815  0.0033  0.0906  0.0317 -0.0003  0.0849 0 
 49.1524 -0.1773 -2.2581  0.2619  0.3179  0.0337  0.2573  0.2907 -0.0003  0.9338 1 
 28.0339  0.1230  0.9167  0.2626  0.8059  0.0283  0.2505  0.1894  0.2634  0.9423 1 
 42.2431  0.7764  1.5868  0.0410  0.3788  0.0516  0.3123  0.0229 -0.0003  0.2837 0 
 29.7795 -0.7772 -1.5403  0.0649  0.4477  0.0184  0.5413  0.0873 -0.0003  0.4932 0 
 43.3448 -0.4695 -1.3077  0.0803  0.4396  0.0529  0.6646  0.1306 -0.0003  0.6764 0 
 42.5025  0.4547  1.8341  0.0834  0.2182  0.0628  0.2672  0.0600 -0.0003  0.3598 0 
 46.7170 -0.3208 -2.9591  0.1384  0.2929  0.0091  0.2607  0.0329 -0.0003  0.2426 0 
 44.8981  0.3277  0.1897  0.0560  0.3785  0.0161  0.3073  0.0410 -0.0003  0.1593 0 
 52.5093 -0.4728  0.5490  0.0028  0.4455  0.0895  0.5481  0.0257  0.2183  0.3830 0 
 48.0629  0.4878 -2.6056  0.0242  0.3470  0.0281  0.3019  0.0164 -0.0003  0.1332 0 
 51.7647  0.6971  2.2040  0.0023  0.5229  0.1047  0.2962  0.0377 -0.0003  0.2062 0 
 47.1321 -0.6907 -0.9843  0.0185  0.1721  0.0084  0.1300  0.0135 -0.0003  0.0550 0 
 47.6204  0.6437 -0.3888  0.0352  0.2020  0.1009  0.3026  0.0396 -0.0003  0.1844 1 
 27.5242 -0.7188  2.7113  0.2784  0.3348  0.0434  0.2519  0.3502 -0.0003  0.9751 1 
 43.5645  0.7174  0.5041  0.0367  0.5293  0.0371  0.3982  0.1572 -0.0003  0.4780 0 
 41.1627 -0.7274 -2.6649  0.0706  0.6829  0.0432  0.3594  0.1204 -0.0003  0.6688 0 
 39.1669  0.1246 -0.8603  0.0135  0.1228  0.2384  0.4098  0.0152  1.1551  0.7176 1 
 26.6545 -0.0369  2.2611  0.2385  0.1587  0.0384  0.3052  0.2269 -0.0003  0.8604 1 
 46.4485  0.7466 -2.6167  0.0157  0.3763  0.1305  0.6961  0.0982 -0.0003  0.3385 0 
 43.0488 -0.7817  0.5120  0.0166  0.3637  0.0170  0.1776  0.0052  0.2104  0.6047 0 
 45.8412 -0.4007  3.0150  0.0966  0.2707  0.0807  0.5239  0.1009 -0.0003  0.5776 0 
 44.9683  0.4020 -0.1257  0.0149  0.2316  0.0115  0.0878  0.1015 -0.0003  0.1233 0 
 50.5776  0.5981 -1.6002  0.0131  0.4772  0.0537  0.2554  0.0245 -0.0003  0.2421 0 
 44.0711 -0.5729  1.5430  0.0109  0.2430  0.0867  0.6176  0.0578 -0.0003  0.2129 0 
 48.3864 -0.5206 -1.4676  0.0027  0.2134  0.1321  0.6457  0.0977 -0.0003  0.2311 0 
 47.6844  0.5467  1.6692  0.0770  0.5478  0.0829  0.2593  0.1600 -0.0003  0.7704 0 
 47.7455 -0.6753  1.9758  0.0462  0.2735  0.1315  0.5616  0.0834 -0.0003  0.3819 0 
 44.1779  0.6545 -1.1542  0.0164  0.5562  0.0185  0.3086  0.1201 -0.0003  0.1573 0 
 49.1005  0.0486  0.7049  0.0040  0.1571  0.1055  0.3431  0.0114 -0.0003  0.0878 0 
 47.7241 -0.0526 -2.4276  0.0066  0.3722  0.0411  0.2592  0.0234 -0.0003  0.1417 0 
 47.6020 -0.1191 -0.0460  0.0188  0.2550  0.0256  0.3026  0.0475  0.1265  0.3067 0 
 40.3265  0.1077  3.0687  0.0173  0.1149  0.0685  0.0904  0.0019 -0.0003  0.1341 0 
 51.5236  0.2630  0.4335  0.0482  0.1573  0.0815  0.1695  0.0099 -0.0003  0.1980 0 
 49.0669 -0.2732 -2.7129  0.0862  0.3606  0.0189  0.2574  0.0312 -0.0003  0.2283 0 
 45.7679 -0.5682 -0.7109  0.0331  0.2021  0.0228  0.3494  0.1645 -0.0003  0.1917 0 
 33.7346  0.5536  2.5197  0.0048  0.5667  0.0611  0.2848  0.0068 -0.0003  0.2233 0 
 45.8015  0.1857  0.0109  0.0379  0.0705  0.0381  0.2620  0.0589 -0.0003  0.0691 0 
 44.2420 -0.2009  3.1343  0.0147  0.3352  0.0515  0.3966  0.1801 -0.0003  0.3299 0 
 44.8768 -0.4499  1.7419  0.3308  0.3533  0.0320  0.5707  0.4829 -0.0003  0.9954 1 
 42.9023  0.4634 -1.3871  0.2213  0.4537  0.0571  0.2666  0.3181  0.3488  0.9970 1 
 42.3194 -0.7903 -0.8340  0.1970  0.7713  0.0510  0.5797  0.2144 -0.0003  0.9566 1 
 41.7578  0.7883  2.3350  0.4232  0.4245  0.0248  0.3133  0.4323 -0.0003  0.9954 1 
 51.3588 -0.7598  0.5999  0.1440  0.6143  0.0458  0.5088  0.1616 -0.0003  0.8896 0 
 48.7526  0.7589 -2.5312  0.0090  0.1979  0.0298  0.3867  0.2531 -0.0003  0.2587 0 
 53.3516  0.1323  0.0131  0.0567  0.0992  0.0887  0.3360  0.1133 -0.0003  0.1988 0 
 46.9886 -0.0974  3.1209  0.0627  0.7345  0.0308  0.2602  0.0960  0.0099  0.4485 0 
 41.0864 -0.6145 -0.8975  0.2432  0.6688  0.0764  0.3596  0.2746  0.3360  0.9950 1 
 19.4064  0.6385  2.1883  0.1213  0.3627  0.0370  0.3379  0.2374  0.3882  0.9953 1 
 45.4475 -0.0189 -0.2931  1.1763  0.6346  0.0808  0.4376  0.7540 -0.0003  0.9981 1 
 45.1362  0.0527  2.8500  0.1880  0.4440  0.0655  0.3507  0.1859 -0.0003  0.9204 1 
 50.3304 -0.2863 -1.2095  0.0126  0.4521  0.1570  0.4688  0.1942 -0.0003  0.3976 0 
 44.4800  0.3160  1.8994  0.0565  0.2923  0.1122  0.3961  0.0443 -0.0003  0.3215 0 
 55.4086 -0.6903  0.5134  0.0811  0.3489  0.0755  0.4160  0.1080 -0.0003  0.5524 0 
 48.0018  0.6778 -2.6460  0.0489  0.2833  0.0736  0.3882  0.0483 -0.0003  0.2996 0 
 42.7344 -0.7524 -0.4501  0.0016  0.5904  0.0825  0.3113  0.0825 -0.0003  0.2556 0 
 39.6368  0.7652  2.7523  0.0179  0.3687  0.0561  0.4538  0.1386 -0.0003  0.3062 0 
 43.2837  0.4268  1.7454  0.0373  0.4788  0.0575  0.3103  0.0125  0.2254  0.5948 0 
 34.5586 -0.4354 -1.4115  0.1193  0.2564  0.0213  0.2357  0.2272 -0.0003  0.5535 0 
 59.3362  0.7328 -0.8743  0.1770  0.3424  0.0811  0.3681  0.0446  0.2787  0.8825 1 
 38.0011 -0.7242  2.2475  0.2797  0.7128  0.0357  0.3673  0.4473 -0.0003  0.9922 1 
 65.1896 -0.7108 -1.0374  0.0433  0.2828  0.0778  0.3998  0.0526 -0.0003  0.2838 0 
 24.5212  0.7472  2.2381  0.0386  0.4168  0.0186  0.1044  0.1258  0.1504  0.4466 0 
 50.1015  0.6582  0.7554  0.4495  0.3073  0.0873  0.3840  0.4622  0.2373  0.9990 1 
 40.2472 -0.6196 -2.3582  0.5283  0.5203  0.0178  0.3164  0.2347  0.0788  0.9913 1 
 48.3314  0.7572  1.3098  0.0030  0.3394  0.0319  0.3875  0.0226 -0.0003  0.1020 0 
 44.2847 -0.7520 -1.8267  0.0674  0.6392  0.0151  0.2643  0.0383 -0.0003  0.2441 0 
 50.2663 -0.7215  3.0141  0.0003  0.6324  0.0257  0.2558  0.0488 -0.0003  0.1220 0 
 45.6855  0.7243 -0.1439  0.0013  0.5185  0.0301  0.4807  0.0103 -0.0003  0.1498 0 
 51.7922 -0.7736 -0.0549  0.0447  0.4988  0.0750  0.1692  0.0047 -0.0003  0.4100 0 
 46.6865  0.7868  3.0540  0.0334  0.3152  0.0632  0.3911  0.0701 -0.0003  0.2722 0 
 40.9918 -0.8075  1.8044  0.0038  0.5447  0.0771  0.4048  0.0552 -0.0003  0.1933 0 
 36.1822  0.7214 -1.2716  0.0071  0.1946  0.0844  0.2792  0.0434 -0.0003  0.1173 0 
 46.2562  0.0577 -1.0588  0.0413  0.1725  0.1633  0.3049  0.0203 -0.0003  0.1709 0 
 42.9480 -0.0483  2.1001  0.0071  0.3431  0.0284  0.4886  0.0175 -0.0003  0.1372 0 
 52.1340 -0.2486 -0.5481  0.0570  0.6464  0.0288  0.4646  0.2000 -0.0003  0.6905 0 
 50.1930  0.2800  2.5703  0.0085  0.4096  0.0328  0.2559  0.0031 -0.0003  0.1558 0 
 51.0780 -0.3498  2.2615  0.0063  0.2979  0.0959  0.5519  0.0438 -0.0003  0.1816 0 
 49.2805  0.3326 -0.8642  0.1038  0.4961  0.0454  0.3856  0.1664 -0.0003  0.7862 0 
 49.2164  0.1173  1.4297  0.0916  0.2929  0.0405  0.3000  0.0123 -0.0003  0.3648 0 
 37.5219 -0.0886 -1.6996  0.0259  0.1486  0.0260  0.3686  0.2305 -0.0003  0.2281 0 
 44.6235  0.6513 -0.9007  0.0388  0.3147  0.0187  0.1319  0.0710 -0.0003  0.1441 0 
 41.3275 -0.6999  2.2437  0.0047  0.1859  0.0442  0.3141  0.0926 -0.0003  0.0861 0 
 41.0468 -0.7696 -0.6216  0.1866  0.2003  0.0601  0.2697  0.2364 -0.0003  0.8660 1 
 28.0949  0.7601  2.5570  0.1416  0.7677  0.0321  0.3004  0.1257  0.0326  0.8161 1 
 50.3639 -0.6597  0.7210  0.0134  0.3694  0.0323  0.3409  0.0565 -0.0003  0.1232 0 
 43.6683  0.6409 -2.4331  0.0400  0.5960  0.0153  0.2653  0.0161 -0.0003  0.1614 0 
 51.0384  0.2228  1.4460  0.0255  0.1339  0.1561  0.3822  0.0384  0.0646  0.1498 0 
 42.8901 -0.2116 -1.7889  0.0750  0.4642  0.0244  0.2222  0.0499  0.2212  0.7627 0 
 54.6761 -0.6213  1.9424  0.0060  0.2229  0.1184  0.1252  0.0153 -0.0003  0.2089 0 
 37.3816  0.6374 -1.2042  0.0390  0.1395  0.0651  0.2767  0.1194 -0.0003  0.2000 0 
 47.8523  0.3212 -0.7616  0.3297  0.5533  0.1057  0.6908  0.2230 -0.0003  0.9878 1 
 39.8138 -0.3165  2.3591  0.1736  0.2422  0.1145  0.3173  0.1174 -0.0003  0.7380 1 
 49.8207  0.0493 -3.0761  0.0374  0.5982  0.1178  0.3846  0.0085 -0.0003  0.2693 0 
 47.8370 -0.0585  0.0786  0.0115  0.6933  0.0541  0.0863  0.0540 -0.0003  0.3711 0 
 48.8808 -0.5125  2.8091  0.0145  0.3549  0.2273  0.4723  0.0333 -0.0003  0.2443 0 
 45.5024  0.4890 -0.3523  0.0365  0.3090  0.1284  0.2624  0.0489 -0.0003  0.2814 0 
 42.0844  0.2753  1.7853  0.0205  0.1165  0.0328  0.2233  0.0649 -0.0003  0.0595 0 
 38.2025 -0.2801 -1.3691  0.0053  0.1029  0.0343  0.3209  0.1285 -0.0003  0.0748 0 
 46.0243 -0.7719 -2.5926  0.0038  0.1394  0.4274  0.3053  0.0342 -0.0003  0.1511 0 
 45.0233  0.7732  0.5395  0.0172  0.2400  0.0565  0.4825  0.1306 -0.0003  0.2389 0 
 42.2461 -0.5701  2.3345  0.0734  0.4991  0.0457  0.3569  0.0966 -0.0003  0.5737 0 
 37.1221  0.5862 -0.8032  0.0076  0.1381  0.0071  0.1848  0.0090 -0.0003  0.0379 0 
 50.2144  0.3385  0.7110  0.1381  0.5094  0.0701  0.4691  0.1380 -0.0003  0.8270 0 
 41.4252 -0.3206 -2.4174  0.0238  0.4055  0.0508  0.4036  0.1584  0.0899  0.5234 0 
 51.8196 -0.5046  0.3833  0.1521  0.1243  0.0541  0.2538  0.2119 -0.0003  0.6853 0 
 46.2165  0.4947 -2.7663  0.0274  0.1250  0.0229  0.4357  0.0353 -0.0003  0.0836 0 
 41.8585 -0.4779 -3.1270  0.0592  0.2486  0.0223  0.1789  0.0580 -0.0003  0.1497 0 
 40.4059  0.4693  0.0117  0.0628  0.2566  0.0472  0.4063  0.0176 -0.0003  0.2879 0 
 47.0405 -0.5759  0.6186  0.1607  0.4561  0.0663  0.2168  0.1682  0.1816  0.9063 0 
 44.4160  0.5802 -2.5115  0.0508  0.5859  0.1205  0.6603  0.0799 -0.0003  0.3999 0 
 49.4087  0.7965  2.7770  0.1409  0.5651  0.0310  0.2141  0.0786 -0.0003  0.6203 0 
 46.4637 -0.7932 -0.3253  0.0111  0.0541  0.0393  0.4351  0.0920 -0.0003  0.0835 0 
 51.5175 -0.6553 -1.0228  0.0055  0.3525  0.0653  0.3813  0.0942 -0.0003  0.1908 0 
 41.2116  0.6455  2.0529  0.2154  0.4872  0.0162  0.3144  0.0772 -0.0003  0.5601 0 
 48.6580  0.4409 -2.0596  0.0067  0.7121  0.0234  0.3009  0.0021 -0.0003  0.1584 0 
 48.1605 -0.4167  1.1026  0.0104  0.4496  0.0428  0.4741  0.0443 -0.0003  0.1873 0 
 49.0761  0.1709 -2.7207  0.0274  0.2434  0.1516  0.3003  0.1724 -0.0003  0.4109 0 
 48.0781 -0.1243  0.4416  0.0175  0.2869  0.1225  0.4743  0.0479 -0.0003  0.2048 0 
 48.8502  0.2629  2.2646  0.0154  0.5403  0.0463  0.5583  0.0679 -0.0003  0.2527 0 
 37.6043 -0.2880 -0.8618  0.0113  0.3301  0.0356  0.1842  0.0029 -0.0003  0.1681 0 
 45.3437 -0.7816 -0.0815  0.0370  0.3587  0.0209  0.3065  0.2734 -0.0003  0.4239 0 
 38.2971  0.7961  3.0078  0.0084  0.3998  0.1039  0.3207  0.0126 -0.0003  0.1809 0 
 42.2461  0.7810  0.6769  0.2159  0.4081  0.0688  0.4907  0.4614  0.1534  0.9914 0 
 36.8627 -0.7745 -2.4989  0.0410  0.3507  0.0567  0.4167  0.0512  0.1336  0.4885 0 
 46.7506 -0.2104 -0.4665  0.6543  0.6160  0.0359  0.2606  0.7979 -0.0003  0.9983 1 
 39.6887  0.1898  2.6800  0.2647  0.1921  0.0317  0.4537  0.2316 -0.0003  0.9196 1 
 46.1677  0.5079 -1.4264  0.0273  0.0497  0.0717  0.0872  0.0046 -0.0003  0.1176 0 
 43.5981 -0.4836  1.7314  0.0733  0.6918  0.0240  0.2654  0.0656 -0.0003  0.3677 0 
 50.4952 -0.5946  0.8660  0.0014  0.2075  0.0859  0.3407  0.1773 -0.0003  0.2122 0 
 40.2380  0.5872 -2.3378  0.0343  0.5294  0.0417  0.3616  0.0163 -0.0003  0.2866 0 
 48.3955 -0.4343 -0.9537  0.4744  0.8286  0.0815  0.4735  0.4185 -0.0003  0.9965 1 
 38.1811  0.4029  2.1750  0.2025  0.3848  0.0244  0.1834  0.5187 -0.0003  0.9448 1 
 50.6722 -0.1085 -0.3980  0.0046  0.5638  0.0720  0.3829  0.0102 -0.0003  0.1789 0 
 44.8005  0.0743  2.7588  0.0104  0.1302  0.0470  0.3074  0.0034 -0.0003  0.0783 0 
 59.8367  0.2335  0.1667  0.0020  0.3283  0.2483  0.1632  0.1481 -0.0003  0.4259 0 
 51.2734 -0.1697 -2.9519  0.0134  0.1103  0.0202  0.1273  0.0069 -0.0003  0.0583 0 
 52.2957 -0.5102 -2.0435  0.0580  0.1337  0.1566  0.3377  0.0334 -0.0003  0.1778 0 
 42.7955  0.5071  1.0831  0.0172  0.1386  0.0678  0.3112  0.1437 -0.0003  0.1640 0 
 48.1636  0.7555 -1.4557  0.0040  0.7361  0.0548  0.6034  0.0137 -0.0003  0.2177 0 
 43.8575 -0.7483  1.7154  0.0232  0.4795  0.0378  0.3092  0.0683 -0.0003  0.2126 0 
 50.1625  0.1026 -3.0047  0.3800  0.5778  0.1725  0.3412  0.2097 -0.0003  0.9949 1 
 34.1131 -0.1005  0.1750  0.2232  0.2877  0.0239  0.5204  0.1339 -0.0003  0.8141 1 
 56.0525  0.4907 -2.6419  0.0132  0.1349  0.0095  0.1244  0.0156 -0.0003  0.0473 0 
 49.0455 -0.5001  0.4946  0.0261  0.2102  0.2286  0.3003  0.0057 -0.0003  0.1830 0 
 51.6091 -0.4169 -1.9863  0.2959  0.2064  0.0579  0.2964  0.4298  0.2264  0.9957 1 
 46.6194  0.3770  1.0678  0.3351  0.0933  0.0706  0.8259  0.2763  0.2134  0.9936 1 
 49.3111  0.4790 -1.1047  0.2942  0.2403  0.0633  0.7711  0.2130 -0.0003  0.9805 1 
 20.3067 -0.5214  2.0268  0.2578  0.3708  0.0130  0.2773  0.1302  0.0423  0.6864 1 
 46.8360  0.1905  1.2004  0.1244  0.6688  0.1042  0.6512  0.0334  0.5486  0.9929 1 
 14.6792 -0.1135 -2.0751  0.0946  0.5450  0.0461  0.4973  0.1547 -0.0003  0.7655 1 
 45.2979  0.5175 -1.3731  0.0086  0.2293  0.0184  0.2190  0.0162 -0.0003  0.0564 0 
 44.0558 -0.5159  1.7691  0.0000  0.2314  0.0086  0.0000 -0.0200 -0.0003  0.2163 0 
 64.2069  0.6889  2.1235  0.0277  0.2110  0.0855  0.3210  0.1749  0.4122  0.7466 1 
 37.8729 -0.6470 -1.0651  0.2513  0.5801  0.0439  0.4136  0.2277  0.2354  0.9855 1 
 46.3294  0.6225 -2.9541  0.2037  0.2061  0.0594  0.6531  0.2939 -0.0003  0.9650 1 
 27.0787 -0.6084  0.2594  0.1260  0.5773  0.0282  0.3544  0.2093  0.2991  0.9830 1 
 47.7150 -0.0792 -1.5343  0.0294  0.4705  0.1494  0.6049  0.0560 -0.0003  0.3001 0 
 40.1190  0.0854  1.6182  0.0479  0.1960  0.0841  0.4071  0.0176 -0.0003  0.2147 0 
 45.7771  0.4399  2.0436  0.2074  0.4562  0.1489  0.5678  0.1918  0.2593  0.9738 0 
 38.6816 -0.4337 -1.0735  0.0248  0.4309  0.0347  0.3198  0.0496 -0.0003  0.1814 0 
 47.5593 -0.2881  0.4551  0.0159  0.3570  0.0873  0.4757  0.0698 -0.0003  0.2236 0 
 41.9654  0.2595 -2.7232  0.1141  0.1094  0.0607  0.3128  0.0871 -0.0003  0.3064 0 
 45.3559  0.0143  0.1280  0.0555  0.3216  0.1555  0.6129  0.0307 -0.0003  0.3713 0 
 36.7742 -0.0215 -3.0201  0.0104  0.4856  0.0278  0.2316  0.0200 -0.0003  0.1421 0 
 47.3274  0.7511  1.7960  0.0555  0.1679  0.0884  0.3897  0.0458 -0.0003  0.2278 0 
 45.8381 -0.7430 -1.3218  0.0611  0.0923  0.0554  0.1746  0.0396 -0.0003  0.1118 0 
 48.8960  0.5485  1.7144  0.0741  0.2327  0.0415  0.5152  0.0507 -0.0003  0.3829 0 
 44.4770 -0.5585 -1.4483  0.0029  0.3810  0.0325  0.3080  0.0245 -0.0003  0.1041 0 
 44.8005  0.3131 -1.4252  0.0673  0.0579  0.0349  0.2196  0.0455 -0.0003  0.0715 0 
 40.7141 -0.2972  1.7027  0.0012  0.3382  0.0743  0.3604  0.0162 -0.0003  0.1506 0 
 52.1218 -0.3325 -1.3419  0.0493  0.2754  0.1443  0.4646  0.1005 -0.0003  0.3813 0 
 51.6335  0.3461  1.8090  0.0110  0.3457  0.0269  0.2964  0.0085 -0.0003  0.1072 0 
 51.5724 -0.2056  2.2693  0.0359  0.6029  0.0341  0.3812  0.0650 -0.0003  0.3099 0 
 43.6896  0.2217 -0.8899  0.0017  0.3362  0.0138  0.3095  0.0808 -0.0003  0.0608 0 
 61.7411  0.4407  2.3221  0.0465  0.3964  0.1447  0.5266  0.0562  0.3494  0.6370 0 
 46.4790 -0.4337 -0.7941  0.1289  0.3758  0.0065  0.2175  0.0767 -0.0003  0.2649 0 
 40.9888  0.7872  2.3152  0.0072  0.3742  0.0488  0.2699  0.0296 -0.0003  0.1621 0 
 37.0184 -0.7672 -0.8435  0.0891  0.5012  0.0119  0.1850  0.0970 -0.0003  0.2775 0 
 46.9795  0.7814  1.7092  0.0108  0.0894  0.0264  0.3036  0.0460 -0.0003  0.0454 0 
 43.5645 -0.7820 -1.4455  0.0561  0.2435  0.0263  0.3540  0.0822 -0.0003  0.2083 0 
 48.7007  0.6112 -1.9312  0.2495  0.3138  0.0657  0.5157  0.2173 -0.0003  0.9556 1 
 34.7387 -0.6249  1.2312  0.1997  0.5001  0.0266  0.2824  0.1552  0.1128  0.8168 1 
 58.7381  0.1576  1.6803  0.0297  0.2397  0.3399  0.2460  0.0521 -0.0003  0.2862 0 
 38.7671 -0.1944 -1.5199  0.0108  0.1067  0.0428  0.3653  0.0101 -0.0003  0.0718 0 
 56.1868 -0.6929  1.0900  0.0048  0.2533  0.0829  0.4974  0.2365 -0.0003  0.2989 0 
 39.8169  0.6912 -2.0381  0.0221  0.4863  0.0259  0.2266  0.0389  0.2275  0.6265 0 
 45.4932 -0.3334 -3.0940  0.1597  0.1745  0.0261  0.1750  0.0976 -0.0003  0.4197 0 
 31.9860  0.3476  0.0459  0.0712  0.1421  0.0149  0.2891  0.0405 -0.0003  0.0879 0 
 64.6250 -0.4080  1.0326  0.0288  0.2886  0.4756  0.3605  0.0220 -0.0003  0.2279 0 
 58.3505  0.3939 -2.0693  0.0012  0.1379  0.1001  0.4107  0.0255 -0.0003  0.0791 0 
 56.7086 -0.1967  1.2749  0.0293  0.3160  0.0284  0.3309  0.0563 -0.0003  0.1353 0 
 43.3845  0.1796 -1.8615  0.0906  0.1734  0.0222  0.3101  0.0699  0.1238  0.5274 0 
 51.3771  0.2635 -0.4791  0.1227  0.2598  0.0914  0.6359  0.5299 -0.0003  0.9860 1 
 33.4569 -0.2501  2.6229  0.0170  0.3813  0.0725  0.2379  0.1789  0.5784  0.9804 1 
 48.1941  0.4877  1.2624  0.0122  0.1529  0.0151  0.3879  0.0163 -0.0003  0.0504 0 
 46.6499 -0.4736 -1.8969  0.0702  0.1131  0.0732  0.2607  0.0113 -0.0003  0.1514 0 
 55.5215 -0.3734  2.4039  0.0252  0.2277  0.0596  0.3742  0.1026 -0.0003  0.2127 0 
 47.0954  0.4048 -0.7157  0.0119  0.8198  0.0624  0.5202  0.0223 -0.0003  0.2638 0 
 51.5663  0.6383  1.3146  0.0117  0.0552  0.0306  0.1271  0.0118 -0.0003  0.0640 0 
 43.3326 -0.6435 -1.8063  0.0216  0.4026  0.0179  0.2659  0.1357 -0.0003  0.1553 0 
 54.5663  0.0788 -1.7576  0.0744  0.3005  0.0435  0.4593  0.1290 -0.0003  0.5252 0 
 40.9644 -0.0933  1.4205  0.0599  0.4232  0.0126  0.4049  0.0704 -0.0003  0.2480 0 
 42.5788 -0.7424 -0.9783  0.0152  0.2175  0.0366  0.3116  0.0255 -0.0003  0.0869 0 
 29.4530  0.7502  2.1447  0.0144  0.1551  0.0399  0.3456  0.0776  0.1044  0.2090 0 
 43.9338  0.6907  0.4557  0.0000 -1.0000  0.0000  0.0441  0.0018 -0.0003  0.1795 0 
 42.7253 -0.6987 -2.6857  0.0058  0.3327  0.0357  0.2669  0.1232 -0.0003  0.1522 0 
 42.8382 -0.7430  1.2536  0.0448  0.4759  0.0386  0.4000  0.0512 -0.0003  0.3373 0 
 42.7466  0.7479 -1.8961  0.0000  0.0891  0.0323  0.2668  0.0102 -0.0003  0.0499 0 
 54.3709 -0.6075 -2.8069  0.0169  0.4436  0.0482  0.5015  0.0861 -0.0003  0.2588 0 
 42.9389  0.6105  0.3206  0.0005  0.1868  0.2117  0.3998  0.0443 -0.0003  0.1423 0 
 59.3332  0.4486 -1.6467  0.3143  0.5599  0.0529  0.3272  0.4758 -0.0003  0.9957 1 
 39.6216 -0.4617  1.5385  0.1089  0.3668  0.0402  0.4085  0.2459 -0.0003  0.8090 1 
 47.1443 -0.3326  1.2005  0.0668  0.2481  0.0278  0.5201  0.0434  0.1985  0.5994 0 
 44.4495  0.3351 -1.9136  0.0014  0.5543  0.1373  0.5281  0.0086 -0.0003  0.2104 0 
 44.9317  0.7583 -2.1596  0.0228  0.4135  0.0403  0.3072  0.0414 -0.0003  0.1905 0 
 44.8707 -0.7390  1.0447  0.0521  0.7383  0.0651  0.3951  0.1131 -0.0003  0.5831 0 
 49.2287  0.7341  1.0259  0.0159  0.1389  0.0702  0.3000  0.0439 -0.0003  0.0956 0 
 47.7607 -0.7347 -2.0969  0.0188  0.5617  0.0285  0.3024  0.0064 -0.0003  0.1913 0 
 44.6723  0.6473 -0.7532  0.1005  0.1785  0.0358  0.4835  0.0889 -0.0003  0.4410 0 
 44.3824 -0.6609  2.4477  0.1620  0.3556  0.1083  0.4843  0.1642  0.1808  0.9380 0 
 57.3404 -0.6858  2.2813  0.0287  0.7399  0.1143  0.2887  0.0618 -0.0003  0.3634 1 
 46.3844  0.6759 -0.9291  0.4947  0.6216  0.0575  0.2612  0.2681 -0.0003  0.9939 1 
 50.2296 -0.0656  1.7229  0.0159  0.3483  0.0667  0.2558  0.0231 -0.0003  0.2226 0 
 33.9910  0.0911 -1.4467  0.0060  0.4902  0.0113  0.2368  0.0157 -0.0003  0.0910 0 
 50.9773  0.3860  1.7979  0.0379  0.0068  0.0115  0.0425  0.0098 -0.0003  0.0663 0 
 45.6489 -0.3719 -1.3598  0.0639  0.0825  0.0368  0.3496  0.0684 -0.0003  0.1142 0 
 48.1849 -0.1129 -1.7757  0.0118  0.1701  0.0347  0.3448  0.0152 -0.0003  0.0730 0 
 43.8117  0.1218  1.3689  0.1447  0.1275  0.0070  0.2209  0.1035  0.1182  0.6084 0 
 47.1962 -0.7121  2.0046  0.0311  0.1515  0.0426  0.3466  0.0816 -0.0003  0.1218 0 
 40.9033  0.7162 -1.1577  0.1018  0.7377  0.0193  0.3150  0.0921 -0.0003  0.5371 0 
 48.3009 -0.6898 -2.2243  0.0269  0.2581  0.0720  0.6030  0.1468 -0.0003  0.3667 0 
 46.5492  0.6938  0.8999  0.0759  0.4034  0.0190  0.2609  0.0598 -0.0003  0.2256 0 
 45.8015  0.5111 -0.9950  0.2260  0.4265  0.0929  0.5677  0.2023 -0.0003  0.9550 1 
 44.1688 -0.4940  2.1459  0.0787  0.6477  0.0222  0.4409  0.1256 -0.0003  0.6061 1 
 46.0517  0.6406  2.4344  0.0294  0.4478  0.0807  0.5669  0.0349 -0.0003  0.2733 0 
 32.1965 -0.6805 -0.6706  0.0017  0.2625  0.1379  0.3367  0.0152 -0.0003  0.1413 0 
 50.2541 -0.0406  2.5852  0.0583  0.2150  0.0818  0.3411  0.0490 -0.0003  0.2792 0 
 48.7648  0.0448 -0.5477  0.0199  0.6179  0.1008  0.5156  0.0471 -0.0003  0.2644 0 
 48.5756  0.6888  1.9580  0.0510  0.2184  0.0941  0.2150  0.1501 -0.0003  0.4812 0 
 43.0640 -0.7249 -1.1094  0.0041  0.3240  0.1373  0.2663  0.0092 -0.0003  0.1711 0 
 53.6904  0.3141 -2.5860  0.0279  0.1295  0.1450  0.2515  0.0046 -0.0003  0.0987 0 
 51.9783 -0.3182  0.5242  0.0040  0.4242  0.0947  0.2959  0.0508 -0.0003  0.2005 0 
 46.7933 -0.7557  0.4137  0.0042  0.2099  0.1241  0.2171  0.0074 -0.0003  0.1343 0 
 39.4568  0.7554 -2.7497  0.0045  0.2107  0.0565  0.3635  0.0482 -0.0003  0.1013 0 
 51.6945 -0.7822  1.8373  0.0172  0.2592  0.0386  0.3810  0.0034 -0.0003  0.1351 0 
 35.6207  0.7772 -1.3539  0.0842  0.4262  0.0169  0.0935  0.0912  0.1871  0.6573 0 
 47.6844  0.5797  1.0539  0.0143  0.2819  0.0603  0.2161  0.0064 -0.0003  0.1980 0 
 32.1538 -0.5308 -2.1268  0.0302  0.3378  0.0428  0.4812  0.0252 -0.0003  0.2383 0 
 50.4402  0.2026  1.4614  0.5964  0.3273  0.0732  0.3833  0.4498 -0.0003  0.9968 1 
 45.0019 -0.1968 -1.6515  0.5263  0.5863  0.0915  0.2632  0.3022 -0.0003  0.9963 1 
 44.4495  0.5596 -0.7508  0.2276  0.5510  0.0746  0.3961  0.3225 -0.0003  0.9874 1 
 44.3122 -0.5673  2.3580  0.3936  0.5795  0.0339  0.3964  0.0333  0.2020  0.9356 1 
 50.7637 -0.1510 -2.3669  0.0239  0.1736  0.1392  0.3827  0.0897 -0.0003  0.1789 0 
 50.3273  0.1708  0.7762  0.0131  0.6052  0.0410  0.4688  0.0289 -0.0003  0.2053 0 
 50.2846  0.3668 -3.0070  0.1020  0.4004  0.0696  0.4263  0.0963 -0.0003  0.6114 0 
 47.4556 -0.3869  0.1356  0.0113  0.6471  0.0188  0.2596  0.0584 -0.0003  0.1259 0 
 48.7037 -0.7942 -1.7441  0.0129  0.7496  0.0313  0.1290  0.0002 -0.0003  0.2699 0 
 44.1077  0.7832  1.3533  0.0409  0.3735  0.1947  0.4851  0.0335 -0.0003  0.3003 0 
 45.2369  0.2043  2.3294  0.0433  0.5929  0.0542  0.7009  0.1368 -0.0003  0.5204 0 
 43.5523 -0.1919 -0.7971  0.2986  0.3322  0.0193  0.1328  0.2106 -0.0003  0.8017 0 
 47.7577  0.4681  0.0147  0.1591  0.1971  0.0635  0.6479  0.1822 -0.0003  0.8815 0 
 36.1028 -0.4226 -3.1155  0.0926  0.1879  0.0279  0.2328  0.0593 -0.0003  0.2104 0 
 47.5868  0.2482  0.0216  0.1334  0.3457  0.0826  0.4324  0.1006 -0.0003  0.6659 1 
 40.2960 -0.2087 -3.0947  0.1023  0.4252  0.0125  0.3163  0.1409 -0.0003  0.4080 1 
 46.9490  0.4245 -1.1849  0.0567  0.1083  0.1698  0.3037  0.0571 -0.0003  0.1513 0 
 45.1331 -0.4255  1.9685  0.0034  0.2735  0.0763  0.4384  0.0069 -0.0003  0.1398 0 
 44.4678 -0.4171  2.6739  0.0376  0.6735  0.0459  0.3521  0.0267 -0.0003  0.3433 1 
 27.0176  0.3523 -0.5129  0.0521  0.4554  0.0239  0.2533  0.1485 -0.0003  0.3081 1 
 50.9560  0.5790 -2.8680  0.1338  0.4017  0.1844  0.4673  0.0902 -0.0003  0.6032 0 
 46.5370 -0.5913  0.2504  0.0603  0.0707  0.0347  0.3479  0.0756 -0.0003  0.1035 0 
 46.0365  0.6748 -2.3775  0.0325  0.3322  0.0213  0.3925  0.1960 -0.0003  0.3125 0 
 45.6611 -0.6606  0.7614  0.0137  0.2864  0.0196  0.1748  0.0071 -0.0003  0.0968 0 
 50.7546 -0.7881 -1.9472  0.0519  0.2568  0.0593  0.2977  0.1816 -0.0003  0.4831 0 
 39.0997  0.7972  1.1995  0.0425  0.2394  0.1419  0.2277  0.0154 -0.0003  0.2271 0 
 54.2062  0.0344 -0.8600  0.0027  0.1137  0.0302  0.2091  0.0711 -0.0003  0.0485 0 
 45.6367  0.0036  2.2903  0.0266  0.2153  0.0888  0.2623  0.0084 -0.0003  0.1750 0 
 42.5330 -0.7340 -2.5251  0.0345  0.2053  0.0148  0.2672  0.0224 -0.0003  0.0638 0 
 27.2465  0.7028  0.5664  0.0103  0.1538  0.0810  0.5053  0.0794 -0.0003  0.1382 0 
 48.3406  0.5919 -1.1990  0.1913  0.3629  0.0331  0.3445  0.2659 -0.0003  0.8991 1 
 46.3355 -0.5849  1.9281  0.4320  0.5981  0.0282  0.3918  0.5002 -0.0003  0.9970 1 
 45.3193 -0.0309 -1.1116  0.0064  0.5530  0.1198  0.6569  0.0081 -0.0003  0.2253 0 
 42.7314  0.0664  2.0474  0.0954  0.2776  0.0445  0.2668  0.0477 -0.0003  0.3917 0 
 48.1239 -0.3854 -0.4214  0.0057  0.4966  0.1589  0.3449  0.0121 -0.0003  0.2123 0 
 43.3845  0.3732  2.7093  0.0037  0.4528  0.0076  0.3544  0.0228 -0.0003  0.0673 0 
 50.4280  0.0195  1.7567  0.0255  0.2426  0.0215  0.2130  0.0021 -0.0003  0.0938 0 
 39.6094  0.0068 -1.4003  0.0032  0.4326  0.0419  0.2724  0.3084 -0.0003  0.5112 0 
 47.9438 -0.0016 -2.7375  0.0074  0.1197  0.1417  0.3452  0.0023 -0.0003  0.0761 0 
 39.9695  0.0063  0.4451  0.0068  0.3283  0.0871  0.4075  0.0739 -0.0003  0.1783 0 
 47.9133  0.1580  2.6498  0.1030  0.1148  0.0581  0.3021  0.0593 -0.0003  0.2369 0 
 43.2349 -0.1538 -0.4737  0.0133  0.0674  0.0199  0.3104  0.0412 -0.0003  0.0413 0 
 60.8530 -0.4948  2.0969  0.0080  0.0667  0.0481  0.3252  0.0345 -0.0003  0.0622 0 
 49.6071  0.5252 -1.0209  0.0218  0.6478  0.0743  0.1711  0.0173 -0.0003  0.3735 0 
 51.0811 -0.1245  0.2408  0.0109  0.0965  0.0899  0.2972  0.0435 -0.0003  0.0736 0 
 37.9400  0.1413 -2.9084  0.0043  0.2542  0.0418  0.2756  0.0550 -0.0003  0.0868 0 
 48.5786 -0.3525 -2.3544  0.1888  0.3645  0.0987  0.5161  0.1268 -0.0003  0.8291 1 
 39.3835  0.3519  0.8198  0.1713  0.7194  0.0210  0.2273  0.2226  0.1468  0.8803 1 
 47.8431  0.3856  2.9984  0.0122  0.3300  0.0239  0.2159  0.0047 -0.0003  0.1104 0 
 46.0792 -0.3724 -0.1534  0.1189  0.2587  0.0391  0.4360  0.1450 -0.0003  0.6571 0 
 48.2948 -0.1143  2.5303  0.0201  0.3068  0.0728  0.2584  0.0264 -0.0003  0.2175 0 
 38.4894  0.1573 -0.6224  0.0000  0.6964  0.0260  0.2745 -0.0200 -0.0003  0.2149 0 
 46.7353 -0.6099  1.1417  0.0289  0.4032  0.1378  0.3475  0.0544 -0.0003  0.2704 0 
 44.0833  0.6132 -1.9948  0.0037  0.0515  0.0052  0.3088  0.0394 -0.0003  0.0308 0 
 45.0751 -0.3838 -2.6839  0.0159  0.2445  0.0251  0.3069  0.1363 -0.0003  0.1256 0 
 43.1373  0.3737  0.4817  0.0085  0.3281  0.0673  0.3106  0.0043 -0.0003  0.1795 0 
 52.0363 -0.2770  1.6312  0.0375  0.3678  0.0339  0.2113  0.0970 -0.0003  0.2280 0 
 49.2958  0.2990 -1.5231  0.0229  0.2363  0.2087  0.2999  0.0196 -0.0003  0.1959 0 
 47.3243 -0.0265 -0.0341  0.0417  0.6483  0.0407  0.5629  0.1057 -0.0003  0.4717 0 
 44.4739  0.0263  3.1187  0.1082  0.2508  0.0914  0.3521  0.1578 -0.0003  0.6970 0 
 62.0859  0.4605 -3.0882  0.0255  0.7325  0.1270  0.2831  0.0660 -0.0003  0.3599 0 
 43.2136 -0.5296  0.0944  0.0265  0.0691  0.3829  0.1774  0.0284 -0.0003  0.0816 0 
 49.6651  0.1205  3.0512  0.0550  0.7321  0.0575  0.2566  0.0827 -0.0003  0.6108 0 
 47.6478 -0.1399 -0.0975  0.0673  0.8200  0.1313  0.8644  0.1003 -0.0003  0.6562 0 
 44.4984  0.4080  2.4210  0.1224  0.5198  0.0340  0.3080  0.1374 -0.0003  0.7208 1 
 34.1497 -0.4171 -0.7070  0.1021  0.5748  0.0290  0.6149  0.2269  0.1672  0.8925 1 
 46.2470  0.5226  0.2773  0.3207  0.6883  0.1584  0.4791  0.2142 -0.0003  0.9908 0 
 45.7160 -0.5364 -2.8340  0.0139  0.3076  0.0935  0.6117  0.0995 -0.0003  0.2774 0 
 42.9755 -0.4566 -3.0622  0.0136  0.1458  0.0191  0.1776  0.1629 -0.0003  0.1173 0 
 37.6562  0.4935  0.0887  0.0312  0.3459  0.3631  0.2301  0.0089 -0.0003  0.2318 0 
 47.2877  0.1064  1.6913  0.0620  0.2817  0.1192  0.5197  0.0777 -0.0003  0.4122 0 
 38.0529 -0.1021 -1.4773  0.1758  0.7686  0.0335  0.3213  0.3181 -0.0003  0.9484 0 
 51.1574  0.7062  1.7491  0.0020  0.5676  0.0325  0.2971  0.0285  0.2917  0.7917 0 
 42.2278 -0.7225 -1.4704  0.0157  0.1683  0.2235  0.3123  0.0349 -0.0003  0.1496 0 
 46.9917 -0.0189  1.7594  0.0842  0.6216  0.0389  0.4338  0.0073 -0.0003  0.5508 0 
 46.7536  0.0078 -1.3915  0.0738  0.2082  0.0215  0.2172  0.0298 -0.0003  0.1410 0 
 56.3973 -0.5711 -0.5725  0.0958  0.6123  0.0617  0.3727  0.2408 -0.0003  0.8936 1 
 46.1769  0.5756  2.5962  0.3438  0.6474  0.0513  0.2614  0.4049 -0.0003  0.9941 1 
 44.5319 -0.6617 -1.8245  0.5399  0.7383  0.0452  0.4399  0.2775  0.0904  0.9932 1 
 29.1936  0.6310  1.2906  0.1198  0.5032  0.0277  0.1980  0.1389 -0.0003  0.5709 1 
 49.8329  0.7059 -1.5955  0.3583  0.3435  0.1548  0.4272  0.5408  0.5328  0.9997 1 
 43.3753 -0.7066  1.4652  0.2385  0.3237  0.0914  0.9303  0.2519 -0.0003  0.9865 1 
 45.6611  0.1775  2.7507  0.1260  0.0469  0.0479  0.3933  0.0493 -0.0003  0.1735 0 
 44.5380 -0.1766 -0.3948  0.0026  0.2886  0.0215  0.2640  0.0703  0.1634  0.3506 0 
 43.2746  0.6315  0.2408  0.1416  0.5826  0.0304  0.3103  0.2112 -0.0003  0.8293 0 
 35.5535 -0.6178 -2.8703  0.0355  0.0664  0.0134  0.1403  0.0023 -0.0003  0.0505 0 
 43.9246  0.5047 -0.7761  0.0323  0.2972  0.0547  0.3090  0.0528 -0.0003  0.2214 0 
 41.3581 -0.4561  2.3912  0.0159  0.6766  0.0994  0.3589  0.0334 -0.0003  0.2568 0 
 47.9500  0.0547 -1.4366  0.1227  0.5887  0.0838  0.5178  0.1180 -0.0003  0.7637 0 
 41.0315 -0.0440  1.7179  0.0437  0.2213  0.0098  0.0899  0.0102 -0.0003  0.1193 0 
 45.8808 -0.2351 -2.6417  0.0001  0.0542  0.0591  0.2182  0.0140 -0.0003  0.0717 0 
 45.7191  0.2461  0.4684  0.0631  0.1604  0.1850  0.4369  0.1290 -0.0003  0.4194 0 
 44.9409 -0.0804  0.2489  0.0763  0.2645  0.0664  0.3950  0.0403 -0.0003  0.3757 0 
 39.2859  0.0824 -2.9103  0.0271  0.2542  0.0987  0.5459  0.0754 -0.0003  0.2744 0 
 48.5786  0.7266  0.8625  0.0781  0.6540  0.0327  0.4731  0.0458 -0.0003  0.5654 0 
 38.6633 -0.7224 -2.2519  0.0000  0.6138  0.0236  0.0914  0.0350 -0.0003  0.1549 0 
 43.2807 -0.6222 -2.2887  0.0132  0.5789  0.1098  0.5319  0.1434  0.3447  0.7421 0 
 35.9411  0.6030  0.8044  0.0433  0.3130  0.0363  0.2331  0.0013 -0.0003  0.2256 0 
 48.0140  0.1531  3.0927  0.0259  0.2280  0.0628  0.3451  0.0220 -0.0003  0.1635 0 
 36.8322 -0.1451 -0.0638  0.0013  0.1677  0.0075  0.1389  0.0923 -0.0003  0.0529 0 
 49.5674  0.6770  1.6543  0.0158  0.0402  0.0073  0.1711  0.0024 -0.0003  0.0403 0 
 42.9755 -0.6941 -1.4953  0.0164  0.1943  0.0449  0.3553  0.0140 -0.0003  0.1056 0 
 46.1036  0.4528 -1.3997  0.0397  0.2328  0.0880  0.4359  0.0435 -0.0003  0.2397 0 
 40.7385 -0.3916  1.6765  0.0184  0.3678  0.0450  0.1802  0.0029 -0.0003  0.2490 0 
 42.9480 -0.7412 -1.0555  0.0469  0.2944  0.0360  0.3553  0.0618 -0.0003  0.2299 0 
 34.0093  0.7002  2.0868  0.0060  0.3871  0.0980  0.3789  0.0032 -0.0003  0.1662 0 
 46.3508  0.5657  1.0604  0.0046  0.2748  0.0673  0.3483  0.0176 -0.0003  0.1381 0 
 46.2989 -0.5721 -2.0816  0.0087  0.4097  0.0332  0.4354  0.0742  0.0065  0.1703 0 
 49.1402 -0.5130 -3.0700  0.0176  0.2274  0.0338  0.3431  0.0246 -0.0003  0.0936 0 
 47.7638  0.5145  0.0973  0.0598  0.4142  0.0394  0.3456  0.0174 -0.0003  0.3482 0 
 38.5443 -0.0494 -1.9433  0.1322  0.4875  0.0653  0.2744  0.1525  0.2619  0.9214 1 
 32.8923  0.0054  1.2248  0.2176  0.2901  0.0215  0.3346  0.2167  0.1041  0.8869 1 
 45.1820  0.3676 -1.5734  0.0332  0.4768  0.0655  0.4382  0.0098 -0.0003  0.2572 0 
 38.9258 -0.3686  1.5613  0.0135  0.1418  0.0257  0.2737  0.0263 -0.0003  0.0490 0 
 67.6554  0.5052  1.3906  0.0202  0.2880  0.0380  0.2774  0.0878 -0.0003  0.1462 0 
 34.8577 -0.5098 -1.7304  0.0049  0.4522  0.0363  0.2822  0.0434 -0.0003  0.1320 0 
 39.8657 -0.0358  0.4067  0.1430  0.5729  0.0236  0.4078  0.2193 -0.0003  0.8384 0 
 39.6185  0.0455 -2.7514  0.0572  0.1167  0.0146  0.2270  0.0945 -0.0003  0.0789 0 
 57.7249 -0.3856 -2.5936  0.6153  0.2496  0.0732  0.4941  0.6788  0.2089  0.9996 1 
 42.8901  0.3685  0.5230  0.2080  0.5732  0.0211  0.3110  0.2767 -0.0003  0.9038 1 
 49.3965  0.7053 -0.1860  0.0903  0.2756  0.0331  0.2569  0.1227 -0.0003  0.4272 0 
 37.8668 -0.7115  2.9528  0.0830  0.0524  0.0319  0.3217  0.1138  0.1440  0.3916 0 
 46.1494  0.4711  1.1215  0.0057  0.2716  0.0242  0.5230  0.0273 -0.0003  0.1177 0 
 46.0395 -0.4803 -2.0200  0.0345  0.1409  0.0192  0.2180  0.0270 -0.0003  0.0531 0 
 37.3938  0.4707 -0.8730  0.1846  0.5914  0.0454  0.3689  0.2707  0.3368  0.9956 1 
 33.4325 -0.5040  2.3010  0.2337  0.4953  0.0236  0.3807  0.0714 -0.0003  0.6552 1 
 52.9030 -0.6924  0.3131  0.0701  0.7780  0.0316  0.3366  0.0782 -0.0003  0.5098 0 
 30.5303  0.6716 -2.7642  0.0070  0.3441  0.0957  0.3420  0.0280 -0.0003  0.1673 0 
 51.9203 -0.2313 -0.7179  0.0101  0.5890  0.1027  0.1691  0.0305 -0.0003  0.2924 0 
 50.1320  0.1956  2.3628  0.0333  0.1203  0.0242  0.2986  0.0020 -0.0003  0.0656 0 
 47.8859 -0.5366  3.0242  0.3143  0.2889  0.0566  0.4748  0.2628 -0.0003  0.9794 1 
 40.3296  0.5342 -0.1115  0.4282  0.6096  0.0355  0.1807  0.5130 -0.0003  0.9968 1 
 43.6011  0.3856 -0.6497  0.0005  0.4136  0.0154  0.3539  0.2429 -0.0003  0.2370 0 
 40.1831 -0.3713  2.5150  0.0009  0.2125  0.0207  0.2261  0.1406 -0.0003  0.0872 0 
 46.8452 -0.4112  2.5356  0.3177  0.1301  0.0335  0.6078  0.3386  0.2056  0.9985 1 
 42.2553  0.4051 -0.6440  0.0317  0.3358  0.0449  0.4015  0.0208 -0.0003  0.2223 1 
 50.9468  0.5929 -1.6000  0.0982  0.0557  0.0388  0.3824  0.1829 -0.0003  0.2702 0 
 41.4069 -0.5867  1.5277  0.0346  0.5506  0.0601  0.2243  0.0101 -0.0003  0.3651 0 
 47.1046 -0.7356 -3.1068  0.0120  0.3995  0.0125  0.1734  0.0200 -0.0003  0.0992 0 
 37.3419  0.7419  0.0031  0.0487  0.1003  0.0665  0.2768  0.0085 -0.0003  0.1084 0 
 49.4057  0.4085  1.3904  0.1933  0.2168  0.0594  0.4710  0.6066  0.1253  0.9954 1 
 48.9693 -0.3491 -1.6921  0.2678  0.4227  0.0482  0.3863  0.3445 -0.0003  0.9848 1 
 68.4215 -0.4105 -0.0102  0.0171  0.1260  0.0176  0.1186  0.0038 -0.0003  0.0622 0 
 43.7232  0.4347  3.1088  0.0359  0.2709  0.0193  0.3536  0.0189 -0.0003  0.1123 0 
 49.2653 -0.4825 -3.0417  0.0104  0.1040  0.0580  0.3428  0.0073 -0.0003  0.0785 0 
 48.5817  0.4892  0.1079  0.1032  0.3572  0.0123  0.2150  0.0479 -0.0003  0.2083 0 
 46.3539 -0.7433  0.1431  0.1136  0.3538  0.0500  0.2612  0.1313 -0.0003  0.6882 1 
 38.8037  0.7378 -2.9689  0.0601  0.3098  0.0459  0.5021  0.2340  0.1946  0.8444 1 
 45.9144  0.4509 -0.3110  0.0770  0.6891  0.0521  0.3928  0.1331 -0.0003  0.7402 0 
 42.5605 -0.3187  2.8963  0.0390  0.1487  0.0897  0.4452  0.0353 -0.0003  0.1696 0 
 49.9641  0.4431 -0.2820  0.1025  0.3062  0.0628  0.7686  0.1298 -0.0003  0.7933 0 
 44.2176 -0.4268  2.8969  0.0141  0.4700  0.0136  0.3526  0.1668 -0.0003  0.1711 0 
 43.9643 -0.6708 -1.5489  0.0140  0.2071  0.0689  0.5738  0.0516  0.0679  0.2369 0 
 41.7334  0.7058  1.5946  0.0087  0.3723  0.0284  0.4476  0.0466 -0.0003  0.1307 0 
 45.5817 -0.1774  0.8500  0.0074  0.1951  0.0225  0.2186  0.0101 -0.0003  0.0565 0 
 45.2369  0.1703 -2.2754  0.0690  0.3008  0.0199  0.2190  0.0184 -0.0003  0.1705 0 
 54.7921  0.1306 -0.3395  0.0277  0.1329  0.0908  0.1669  0.1031 -0.0003  0.2013 0 
 44.0497 -0.1202  2.7824  0.0491  0.3246  0.1666  0.4853  0.0244 -0.0003  0.3044 0 
 48.6091 -0.1058  0.2076  0.0121  0.5260  0.0552  0.3440  0.0040 -0.0003  0.2128 0 
 44.3885  0.1304 -2.8643  0.0097  0.4386  0.0815  0.4403  0.0201 -0.0003  0.1805 0 
 42.1271  0.3349  0.8069  0.0021  0.4245  0.0349  0.3572  0.0300 -0.0003  0.1188 0 
 41.1109 -0.3362 -2.3274  0.0098  0.6506  0.0278  0.2696  0.1016 -0.0003  0.1736 0 
 48.3589  0.7156  0.1808  0.0263  0.2644  0.0858  0.4306  0.0308 -0.0003  0.1989 0 
 43.1220 -0.7213 -2.9768  0.0009  0.5239  0.0397  0.1775  0.0797 -0.0003  0.1858 0 
 48.7922  0.4299 -1.5198  0.0479  0.5289  0.0306  0.2148  0.1038 -0.0003  0.2910 0 
 39.9268 -0.4282  1.6364  0.0030  0.7100  0.0532  0.3624  0.0761 -0.0003  0.2353 0 
 50.6447  0.6595 -2.4042  0.0837  0.2497  0.0898  0.8935  0.2298 -0.0003  0.8927 1 
 35.7214 -0.6614  0.7155  0.2633  0.4707  0.0832  0.3269  0.3145 -0.0003  0.9890 1 
 54.0688 -0.6731 -0.8427  0.0559  0.2095  0.0679  0.3767  0.2261 -0.0003  0.5140 1 
 47.5624  0.6429  2.2992  0.0136  0.5207  0.1584  0.4757  0.0511 -0.0003  0.2529 1 
 46.6407 -0.3970  2.3616  0.0107  0.1628  0.0320  0.2173  0.0617 -0.0003  0.0595 0 
 46.2043  0.4162 -0.7809  0.0354  0.2380  0.0158  0.2614  0.0219 -0.0003  0.0763 0 
 52.2713 -0.6602 -0.0135  0.0742  0.4666  0.0776  0.2954  0.0274 -0.0003  0.4738 0 
 46.1128  0.6585  3.0702  0.0321  0.1481  0.1776  0.5231  0.0078 -0.0003  0.1843 0 
 45.7374 -0.4738 -0.9552  0.0148  0.0697  0.0619  0.3931  0.0120 -0.0003  0.0757 0 
 39.7986  0.4806  2.1670  0.0021  0.6160  0.0090  0.3173  0.0070  0.0791  0.1439 0 
 47.3396 -0.5780  2.2806  0.1825  0.6428  0.0601  0.4762  0.2171 -0.0003  0.9565 0 
 34.9493  0.5609 -0.8647  0.0392  0.1863  0.0249  0.3759  0.0818 -0.0003  0.1295 0 
 46.1036  0.6571  1.9509  0.1482  0.3776  0.0464  0.2616  0.0203 -0.0003  0.6205 0 
 12.9915 -0.5604 -1.4265  0.1551  0.0715  0.0805  0.3256  0.1431 -0.0003  0.4774 0 
 48.3101 -0.4654 -0.3260  0.0093  0.2061  0.0430  0.1723  0.0058 -0.0003  0.1137 0 
 47.7028  0.4444  2.7757  0.0074  0.1302  0.0612  0.5185  0.0983 -0.0003  0.1313 0 
 44.0192  0.7076 -2.6420  0.0541  0.3303  0.0216  0.2206  0.1251 -0.0003  0.2242 0 
 42.4537 -0.6902  0.5331  0.0038  0.2518  0.0173  0.2673  0.0174 -0.0003  0.0512 0 
 57.9141  0.7937  1.3356  0.0284  0.1359  0.0197  0.3291  0.1624 -0.0003  0.1211 0 
 42.6093 -0.7816 -1.7744  0.0002  0.5062  0.0608  0.4451  0.0811 -0.0003  0.1838 0 
 44.6662  0.1584  2.6866  0.0333  0.2537  0.0148  0.1758  0.0278  0.2042  0.6419 0 
 42.8351 -0.1700 -0.4486  0.0699  0.1700  0.0362  0.1778  0.0001 -0.0003  0.1848 0 
 39.8596 -0.6928 -1.6840  0.0079  0.5952  0.0381  0.4985  0.1490 -0.0003  0.3247 1 
 36.8780  0.6617  1.4168  0.4232  0.6010  0.0214  0.4629  0.4719 -0.0003  0.9959 1 
 45.2064 -0.3531 -0.1287  0.0028  0.5445  0.0156  0.2629  0.0558 -0.0003  0.0938 0 
 32.8740  0.3759  2.9898  0.0357  0.4557  0.0666  0.3347  0.1735 -0.0003  0.5513 0 
 50.5898  0.1425  2.0735  0.0210  0.6602  0.0932  0.6810  0.1619  0.0493  0.4856 0 
 36.6522 -0.0898 -1.0823  0.0114  0.3190  0.0122  0.2319  0.0334 -0.0003  0.0650 0 
 50.4341 -0.0455 -1.0146  0.0651  0.3940  0.0571  0.3408  0.0838 -0.0003  0.4800 1 
 43.9338  0.0446  2.1227  0.3683  0.6461  0.0321  0.3973  0.3378 -0.0003  0.9890 1 
 50.0740  0.5795  0.0741  0.0336  0.3301  0.0767  0.4267  0.0436 -0.0003  0.2585 0 
 45.9052 -0.5977 -3.0730  0.0134  0.3693  0.0252  0.3055  0.0181 -0.0003  0.1053 0 
 67.5792 -0.4445  0.0722  0.0187  0.1768  0.0811  0.1982  0.0347 -0.0003  0.1480 0 
 39.0082  0.4565  3.1309  0.0412  0.4650  0.0212  0.3191  0.0309 -0.0003  0.1766 0 
 48.8685  0.7944 -0.0532  0.0380  0.5674  0.0139  0.3435  0.0632 -0.0003  0.1665 0 
 45.4719 -0.7950  3.1194  0.0341  0.1004  0.0313  0.3500  0.0211 -0.0003  0.0730 0 
 41.4771  0.5394 -2.6138  0.1746  0.4409  0.0321  0.3587  0.1126 -0.0003  0.7279 0 
 38.9960 -0.4687  0.5498  0.0005  0.4216  0.0789  0.3191  0.1093 -0.0003  0.2372 0 
 46.4424 -0.4680 -0.8136  0.0219  0.0891  0.0429  0.2175  0.0110 -0.0003  0.0705 0 
 41.6602  0.4507  2.2952  0.1061  0.4619  0.1282  0.5373  0.0305 -0.0003  0.4679 0 
 47.3823  0.4006  0.1649  0.3578  0.1702  0.0974  0.2597  0.2164 -0.0003  0.9731 1 
 45.6825 -0.4046 -2.9900  0.4101  0.7163  0.0348  0.1748  0.2458 -0.0003  0.9874 1 
 49.6040  0.2501 -2.1191  0.0196  0.2188  0.0712  0.5133  0.0151 -0.0003  0.1728 1 
 36.9696 -0.2694  1.0119  0.0298  0.7379  0.0300  0.4626  0.1102  0.1132  0.5540 1 
 50.5562  0.5961 -0.2337  0.0624  0.0768  0.0287  0.2554  0.0700 -0.0003  0.0775 0 
 41.4191 -0.6092  2.9048  0.0247  0.2105  0.0383  0.2242  0.0657 -0.0003  0.1090 0 
 46.6651 -0.4649  2.0590  0.0101  0.2892  0.0282  0.3042  0.0862 -0.0003  0.0913 0 
 44.0131  0.4674 -1.0559  0.0248  0.2313  0.0204  0.3089  0.1005 -0.0003  0.0960 0 
 46.6682 -0.0699  0.5368  0.0432  0.5567  0.0749  0.3042  0.2548  0.0970  0.8212 0 
 45.2979  0.0448 -2.6228  0.0863  0.3609  0.1562  0.9635  0.0573 -0.0003  0.6955 0 
 44.3885  0.5445 -0.6936  0.5653  0.6047  0.0331  0.2642  0.4848 -0.0003  0.9977 1 
 39.5880 -0.5385  2.4729  0.4632  0.3109  0.0374  0.4086  0.3670  0.3232  0.9996 1 
 51.4839 -0.4444  0.5183  0.0525  0.4922  0.1237  0.6780  0.0739 -0.0003  0.4170 1 
 43.7171  0.4634 -2.6418  0.4575  0.4845  0.0361  0.2652  0.4731  0.0974  0.9973 1 
 55.1156 -0.6373 -0.1846  0.0277  0.4273  0.0247  0.4998  0.0251 -0.0003  0.2312 0 
 47.4098  0.6852  2.9904  0.0099  0.1675  0.2181  0.5193  0.0085 -0.0003  0.1639 0 
 47.2999  0.2400  2.0526  0.2806  0.5571  0.0722  0.2165  0.3559 -0.0003  0.9903 1 
 44.5563 -0.2206 -1.0836  0.0952  0.5693  0.0436  0.5718  0.0820 -0.0003  0.6553 1 
 49.5399 -0.6295 -2.9543  0.4874  0.1664  0.0340  0.5991  0.7282 -0.0003  0.9986 1 
 47.4800  0.6357  0.1829  0.0415  0.5783  0.0286  0.1730  0.0574 -0.0003  0.2197 1 
 52.1798  0.4535  0.1073  0.0435  0.5981  0.0232  0.2534  0.0399 -0.0003  0.2030 0 
 45.6886 -0.4396 -3.0566  0.0151  0.2062  0.0403  0.3496  0.0305 -0.0003  0.0947 0 
 43.7995  0.4074  1.4015  0.0286  0.7886  0.0322  0.4418  0.0386 -0.0003  0.2873 0 
 39.3103 -0.3929 -1.7338  0.0591  0.3147  0.0692  0.4548  0.0554 -0.0003  0.3785 0 
 57.5479  0.2803  0.7005  0.0519  0.2860  0.0316  0.2060  0.0106 -0.0003  0.2012 0 
 48.0476 -0.2655 -2.4464  0.0500  0.5418  0.0278  0.3019  0.0489 -0.0003  0.2656 0 
 45.1637  0.7743 -2.9162  0.0108  0.5101  0.0443  0.1315  0.1330 -0.0003  0.2899 0 
 43.7507 -0.7583  0.2133  0.0027  0.1157  0.0373  0.4420  0.1630 -0.0003  0.1170 0 
 48.1453  0.3606  1.7169  0.1041  0.4798  0.0458  0.5173  0.0767 -0.0003  0.6347 1 
 46.2318 -0.3201 -1.4364  0.4542  0.2473  0.0613  0.3485  0.3992  0.2829  0.9992 1 
 46.1097  0.2853  2.3145  0.0182  0.3683  0.0166  0.2616  0.0204 -0.0003  0.0893 0 
 45.3559 -0.2756 -0.8283  0.1351  0.2837  0.0397  0.3940  0.1683 -0.0003  0.7398 0 
 49.6773  0.4173  2.6597  0.0061  0.2071  0.0144  0.2993  0.0417 -0.0003  0.0409 0 
 46.0090 -0.4147 -0.4452  0.0059  0.3582  0.0233  0.3925  0.0734 -0.0003  0.0946 0 
 47.3426  0.6377  0.5964  0.0096  0.3244  0.0351  0.3030  0.0257 -0.0003  0.1081 0 
 39.8413 -0.6433 -2.5404  0.0172  0.2980  0.0148  0.2266  0.0287 -0.0003  0.0710 0 
 47.8370 -0.7998 -1.0767  0.0125  0.8089  0.0449  0.2591  0.1000 -0.0003  0.3225 1 
 44.8127  0.8067  2.0148  0.2929  0.1078  0.0458  0.5270  0.3980 -0.0003  0.9855 1 
 48.1392 -0.5836 -0.8550  0.0412  0.5531  0.0546  0.3880  0.0287 -0.0003  0.3305 0 
 43.6439  0.5896  2.2916  0.1346  0.6021  0.0398  0.5749  0.3113 -0.0003  0.9477 0 
 49.5705 -0.1736  1.7069  0.4384  0.6304  0.0381  0.6417  0.5910 -0.0003  0.9970 1 
 43.2197  0.1934 -1.3945  0.0494  0.3975  0.0844  0.3991  0.0516 -0.0003  0.3433 1 
 49.2287  0.1097 -0.4532  0.0242  0.2771  0.1478  0.5143  0.0618 -0.0003  0.2555 0 
 31.2840 -0.0833  2.6773  0.0027  0.5215  0.0141  0.2425  0.1541 -0.0003  0.1378 0 
 58.5122 -0.0258  0.7912  0.0547  0.0991  0.0909  0.4104  0.0323 -0.0003  0.1427 0 
 35.7366  0.0305 -2.3692  0.0058  0.1674  0.0096  0.1868  0.0211 -0.0003  0.0392 0 
 48.0049  0.1237 -0.1299  0.1691  0.7969  0.1362  0.4314  0.2867 -0.0003  0.9811 1 
 22.2171 -0.1136 -3.1175  0.1440  0.2741  0.0213  0.2693  0.3172 -0.0003  0.7463 1 
 42.8992 -0.4551 -2.7657  0.0856  0.5401  0.1892  0.4887  0.0820 -0.0003  0.4476 0 
 41.8250  0.4580  0.4303  0.0336  0.2803  0.0261  0.3131  0.0333 -0.0003  0.1179 0 
 45.5848  0.4255 -1.6656  0.1638  0.1552  0.0286  0.4372  0.1605 -0.0003  0.6842 0 
 43.2593 -0.4948  1.4772  0.0290  0.1494  0.0159  0.4433  0.1696  0.0196  0.2010 0 
 46.5614  0.3820 -2.5587  0.3095  0.4941  0.2181  0.5653  0.4720 -0.0003  0.9987 0 
 35.8160 -0.3881  0.5337  0.0316  0.2643  0.0193  0.3734  0.1277  0.0545  0.2956 0 
 50.0954  0.1395 -2.5323  0.0293  0.1871  0.0950  0.3414  0.0694 -0.0003  0.1767 0 
 45.3529 -0.1278  0.5756  0.0243  0.2026  0.0094  0.3502  0.0294 -0.0003  0.0528 0 
 52.7199 -0.5347 -1.1098  0.0291  0.2093  0.1388  0.1263  0.0273 -0.0003  0.2377 0 
 47.8218  0.5282  2.0209  0.0383  0.1463  0.1186  0.1727  0.0079 -0.0003  0.1527 0 
 48.3253  0.0671 -2.4048  0.0073  0.1848  0.0631  0.3445  0.1382  0.2237  0.4324 0 
 44.2847 -0.0564  0.7333  0.0157  0.2489  0.0195  0.0881  0.0141 -0.0003  0.1280 0 
 44.9531  0.2588 -0.4435  0.1317  0.5731  0.0423  0.3072  0.1863 -0.0003  0.8571 0 
 42.2614 -0.2638  2.6857  0.0540  0.1772  0.0268  0.5353  0.1085 -0.0003  0.3068 0 
 46.1677 -0.2203 -1.8853  0.1418  0.7222  0.0608  0.6101  0.0676  0.1419  0.8473 1 
 39.6551  0.2137  1.2660  1.2115  0.5629  0.0816  0.4538  0.7310 -0.0003  0.9980 1 
 49.0028 -0.2302 -0.6571  0.0377  0.5463  0.0510  0.3004  0.0192 -0.0003  0.3339 0 
 40.8911  0.2064  2.4803  0.0161  0.2936  0.0294  0.2700  0.1115 -0.0003  0.1317 0 
 42.3255  0.0589  2.6849  0.4046  0.4425  0.0376  0.4905  0.4156 -0.0003  0.9939 1 
 34.2992 -0.0250 -0.4197  0.0124  0.1869  0.0212  0.3307  0.0930  0.0261  0.0909 1 
 43.3509 -0.6614 -0.4969  0.0251  0.2685  0.0516  0.4430  0.0189 -0.0003  0.1888 0 
 32.9625  0.7128  2.6876  0.0072  0.4328  0.0533  0.2389  0.0056 -0.0003  0.2322 0 
 44.3732  0.5721  0.8818  0.1148  0.5113  0.0162  0.2202  0.1581 -0.0003  0.4795 0 
 34.6593 -0.5628 -2.2388  0.0001  0.0879  0.0282  0.2826  0.0778 -0.0003  0.0447 0 
 61.7960 -0.5824  3.1137  0.0249  0.1947  0.0758  0.2835  0.0760 -0.0003  0.1750 0 
 46.0365  0.5604 -0.0591  0.0319  0.4863  0.0781  0.3925  0.0546 -0.0003  0.2895 0 
 53.4798  0.4044 -0.4623  0.0823  0.5713  0.1581  0.7554  0.1006 -0.0003  0.6157 0 
 37.9278 -0.3780  2.6335  0.0093  0.4997  0.0416  0.1837  0.0074 -0.0003  0.2551 0 
 47.2114  0.7271  1.8539  0.1044  0.1521  0.0424  0.2600  0.0880 -0.0003  0.3117 0 
 40.4669 -0.7278 -1.2644  0.1083  0.4403  0.0371  0.5415  0.2109 -0.0003  0.8274 0 
 49.8360 -0.2550  2.7675  0.0406  0.6225  0.0237  0.3845  0.0401 -0.0003  0.2601 0 
 47.6295  0.2449 -0.3933  0.0663  0.0372  0.0248  0.3890  0.0598 -0.0003  0.0872 0 
 40.1587 -0.6942 -0.7594  0.2172  0.6213  0.0780  0.5879  0.3010 -0.0003  0.9863 1 
 40.0763  0.6323  2.3782  0.0880  0.2313  0.2129  0.2262  0.0151 -0.0003  0.3706 1 
 50.4829  0.4273 -1.5804  0.0104  0.2443  0.0817  0.2555  0.0080 -0.0003  0.1622 0 
 46.9368 -0.4319  1.5589  0.2706  0.3507  0.1019  0.2169  0.4610 -0.0003  0.9952 0 
 54.4076  0.2110 -0.9956  0.1567  0.2263  0.0769  0.2507  0.1288 -0.0003  0.7275 1 
 41.0010 -0.2195  2.1687  0.2474  0.4660  0.0314  0.4497  0.2801  0.0992  0.9514 1 
 49.9886  0.0558 -2.0737  0.2914  0.6610  0.0698  0.2562  0.2412  0.1054  0.9738 1 
 40.0702 -0.0590  1.0446  0.1820  0.4623  0.0577  0.4072  0.3668  0.1483  0.9722 1 
 51.4321 -0.2074 -0.8968  0.0889  0.0906  0.0139  0.1272  0.0235 -0.0003  0.0690 0 
 36.6308  0.2434  2.2274  0.0113  0.2063  0.0384  0.3710  0.0383 -0.0003  0.0882 0 
 53.5470  0.4840  1.1862  0.0049  0.3969  0.0748  0.4615  0.0923 -0.0003  0.2005 0 
 38.7640 -0.4891 -1.9615  0.1380  0.2674  0.0184  0.2283  0.1461 -0.0003  0.4554 0 
 53.3791 -0.6810 -1.7562  0.0043  0.2643  0.0549  0.5038  0.0551  0.1439  0.2735 0 
 34.4945  0.6827  1.3900  0.0172  0.3451  0.0129  0.1886  0.0086 -0.0003  0.0955 0 
 57.1633  0.6231 -2.3966  0.1425  0.1883  0.0746  0.4128  0.0952 -0.0003  0.5778 0 
 44.8829 -0.6181  0.8019  0.0455  0.7057  0.0636  0.3512  0.0372 -0.0003  0.3951 0 
 45.0660 -0.6671 -2.0368  0.0832  0.1712  0.0276  0.1754  0.1108 -0.0003  0.2545 0 
 38.2361  0.6557  1.1276  0.0014  0.5334  0.0257  0.4583  0.0273 -0.0003  0.1309 0 
 54.8104  0.4536  0.5017  0.1249  0.6991  0.1450  0.6256  0.2371 -0.0003  0.9359 0 
 33.0297 -0.4995 -2.6352  0.0755  0.4078  0.0374  0.2865  0.0895 -0.0003  0.4465 0 
 29.6178  0.7157  1.5450  0.0062  0.2503  0.0303  0.2957  0.0156 -0.0003  0.0743 1 
 26.2852 -0.7233 -1.6397  0.0470  0.5170  0.0238  0.3576  0.0808  0.1687  0.5924 1 
 45.7832 -0.7885 -2.2097  0.0309  0.2192  0.1819  0.3494  0.0128 -0.0003  0.1904 0 
 45.7496  0.7874  0.9341  0.0142  0.6276  0.0102  0.1311  0.0147 -0.0003  0.1287 0 
 47.7424 -0.4434  1.8428  0.1316  0.4307  0.1680  0.3024  0.0264 -0.0003  0.5888 0 
 43.4333  0.4400 -1.2893  0.0119  0.0712  0.0267  0.1328  0.0153 -0.0003  0.0576 0 
 48.1971  0.4296 -3.0017  0.0160  0.4817  0.1821  0.3447  0.0192  0.4826  0.5489 0 
 46.3691 -0.4225  0.2299  0.0262  0.0743  0.1855  0.2176  0.0142 -0.0003  0.0592 0 
 53.2357  0.7117 -2.9873  0.3331  0.2018  0.1076  0.4622  0.1264 -0.0003  0.9151 0 
 44.0620 -0.6772  0.1298  0.0347  0.3422  0.0107  0.2647  0.0440 -0.0003  0.0903 0 
 33.1823 -0.5522  0.2535  0.1146  0.4488  0.0367  0.1908  0.1220  0.4098  0.9944 1 
 30.3777  0.5605 -2.9577  0.1734  0.7567  0.0280  0.2935  0.2360  0.2722  0.9501 1 
 45.9022 -0.4839 -2.3651  0.7784  0.5874  0.0403  0.3491  0.7802 -0.0003  0.9982 1 
 41.0193  0.4909  0.7898  0.4637  0.4546  0.0252  0.3148  0.4388 -0.0003  0.9963 1 
 48.8014  0.4089  0.6392  0.0005  0.4367  0.0415  0.3007  0.0425 -0.0003  0.1315 0 
 43.7018 -0.4262 -2.4810  0.0231  0.8219  0.0517  0.3537  0.0676 -0.0003  0.3562 0 
 47.1870  0.1635 -0.5224  0.0425  0.4968  0.0816  0.5633  0.0941 -0.0003  0.3878 0 
 44.3061 -0.1460  2.6114  0.0158  0.4934  0.0170  0.3524  0.0209 -0.0003  0.1139 0 
 47.4891  0.7620 -1.3536  0.0901  0.7533  0.0866  0.8219  0.1715  0.3575  0.9512 1 
 44.6693 -0.7599  1.7792  0.1293  0.4445  0.0347  0.3956  0.1769  0.3553  0.9945 1 
 45.0538 -0.4474 -3.1381  0.0190  0.4697  0.0441  0.3070  0.1425  0.1231  0.5711 0 
 43.7110  0.4429 -0.0040  0.0006  0.3607  0.0388  0.3095  0.0789 -0.0003  0.1111 0 
 47.6234  0.4045 -1.4491  0.0082  0.1826  0.0805  0.2594  0.0148 -0.0003  0.1156 0 
 38.5809 -0.4163  1.6819  0.0146  0.2716  0.0122  0.2286  0.0170 -0.0003  0.0608 0 
 45.2430 -0.7642  1.1683  0.3304  0.5188  0.0281  0.3505  0.2796 -0.0003  0.9706 1 
 21.3352  0.7637 -1.9648  0.1399  0.6611  0.0296  0.3274  0.1700 -0.0003  0.8054 1 
 48.4443  0.7949 -0.3706  0.1381  0.2427  0.0256  0.3873  0.1545 -0.0003  0.6396 0 
 43.3051 -0.8015  2.7842  0.0208  0.3388  0.0375  0.2659  0.0081 -0.0003  0.1665 0 
 47.5257  0.1426 -0.0332  0.1948  0.5011  0.0714  0.3460  0.1277  0.0788  0.8993 1 
 47.0253 -0.1378 -3.1414  0.2421  0.6743  0.0698  0.3469  0.2509 -0.0003  0.9800 1 
 49.7353 -0.4919  2.9910  0.5746  0.3577  0.0408  0.4275  0.5781 -0.0003  0.9977 1 
 34.7051  0.4601 -0.1882  0.2738  0.4268  0.0294  0.3767  0.3303 -0.0003  0.9714 1 
 52.2927 -0.3446  1.3274  0.2643  0.3851  0.1134  0.6753  0.1551 -0.0003  0.9419 1 
 48.5939  0.3199 -1.8447  0.3872  0.6849  0.0536  0.3440  0.4675 -0.0003  0.9966 1 
 44.8829  0.2412  0.9982  0.0090  0.4042  0.1245  0.5707  0.0193 -0.0003  0.2097 0 
 44.5441 -0.2926 -2.1388  0.0026  0.6915  0.0216  0.3079  0.0765 -0.0003  0.1265 0 
 46.4118 -0.6864  0.3722  0.0119  0.6397  0.0190  0.1741  0.0147 -0.0003  0.1444 0 
 45.7649  0.6850 -2.7549  0.0234  0.2810  0.0167  0.4804  0.0073 -0.0003  0.1350 0 
 58.4207 -0.2264 -2.2012  0.0545  0.2568  0.0714  0.5337  0.0844 -0.0003  0.4013 0 
 48.4474  0.2022  0.9302  0.0635  0.3104  0.0315  0.1721  0.0916 -0.0003  0.2661 0 
 52.1950 -0.3081  2.2337  0.1168  0.2944  0.0685  0.1689  0.1188 -0.0003  0.6948 1 
 47.9103  0.3081 -0.9288  0.1423  0.4629  0.0403  0.3884  0.0638 -0.0003  0.6668 1 
 53.6782 -0.2608  1.0283  0.1953  0.5696  0.1611  0.3354  0.1951 -0.0003  0.9668 1 
 45.0690  0.2110 -2.1425  0.3272  0.4870  0.0390  0.5263  0.3836  0.0523  0.9910 1 
 46.3996  0.4419  0.7387  0.0855  0.2228  0.0196  0.3046  0.0355 -0.0003  0.1848 0 
 45.3681 -0.4367 -2.4221  0.0443  0.0603  0.0406  0.3502  0.1251 -0.0003  0.1199 0 
 45.3803  0.4313  1.6662  0.0007  0.1550  0.0216  0.4377  0.0374 -0.0003  0.0554 0 
 40.9308 -0.4368 -1.4671  0.0023  0.6741  0.0107  0.2249  0.0168 -0.0003  0.1073 0 
 45.0141 -0.2867  1.0895  0.0629  0.0104  0.4404  0.2632  0.0048 -0.0003  0.0726 0 
 38.0011  0.2635 -2.0473  0.0111  0.2787  0.0104  0.3214 -0.0200 -0.0003  0.0797 0 
 45.6642 -0.7358  1.6172  0.0009  0.1881  0.0151  0.2185  0.0418 -0.0003  0.0391 0 
 45.0690  0.7094 -1.5146  0.0288  0.2074  0.0197  0.3508  0.0474 -0.0003  0.0780 0 
 45.1972  0.0773  0.6240  0.0825  0.4671  0.0595  0.4382  0.1080 -0.0003  0.6090 1 
 34.3969 -0.1241 -2.4950  0.0275  0.2673  0.0229  0.3304  0.0919  0.0870  0.3078 1 
 41.9806 -0.6506 -0.4976  0.2549  0.2495  0.0622  0.3575  0.3276  0.0667  0.9736 1 
 31.9982  0.6308  2.6301  0.1014  0.7700  0.0083  0.3855  0.0649 -0.0003  0.4889 1 
 56.4492  0.5904  1.4437  0.1256  0.4528  0.0902  0.2898  0.1633 -0.0003  0.8479 0 
 42.6307 -0.5773 -1.7395  0.0976  0.7919  0.0632  0.4895  0.1105 -0.0003  0.7781 0 
 51.3924 -0.5492 -2.9057  0.3716  0.4233  0.0699  0.3391  0.2486 -0.0003  0.9854 1 
 32.2026  0.5484  0.2261  0.0966  0.3283  0.0515  0.1924  0.1487 -0.0003  0.6507 1 
 46.4759 -0.7141 -0.8268  0.1432  0.2813  0.1224  0.3915  0.2908 -0.0003  0.9446 1 
 38.0041  0.6864  2.2329  0.0141  0.5187  0.0401  0.3214  0.0881 -0.0003  0.2159 1 
 51.3527  0.6478  1.1764  0.0024  0.5994  0.2208  0.5088  0.1185 -0.0003  0.3056 0 
 45.3223 -0.6096 -1.9898  0.0185  0.5428  0.0255  0.3065  0.0234 -0.0003  0.1519 0 
 49.9367 -0.6488 -1.0605  0.0422  0.7238  0.0735  0.3416  0.0633 -0.0003  0.4241 0 
 46.9612  0.6342  2.0986  0.0332  0.3872  0.0392  0.3037  0.0251 -0.0003  0.2165 0 
 48.3345  0.1506  0.3313  0.0275  0.5837  0.0385  0.4306  0.0255 -0.0003  0.2617 0 
 42.2248 -0.1711 -2.8213  0.0098  0.2302  0.0563  0.4016  0.0214 -0.0003  0.1264 0 
 49.1920 -0.5200  3.0901  0.1994  0.4078  0.1503  0.3001  0.3585 -0.0003  0.9904 1 
 42.6032  0.5280 -0.0901  0.4015  0.4533  0.0693  0.2226  0.2643  0.4193  0.9983 1 
 44.4038 -0.4617  2.7773  0.6778  0.5265  0.0571  0.6163  0.5655 -0.0003  0.9966 1 
 38.8525  0.4603 -0.3567  0.5526  0.3818  0.0409  0.3194  0.5465 -0.0003  0.9977 1 
 45.2888  0.4643 -0.1794  0.0619  0.3247  0.1765  0.3504  0.0568 -0.0003  0.3645 0 
 44.3885 -0.4518  2.9729  0.0039  0.4496  0.0409  0.4403  0.0369 -0.0003  0.1527 0 
 48.2795  0.6037  1.5096  0.0798  0.5793  0.0366  0.5599  0.1274 -0.0003  0.6880 0 
 44.7059 -0.5695 -1.6362  0.0136  0.4011  0.0388  0.3955  0.0737 -0.0003  0.1769 0 
 49.8085  0.6813 -0.0221  0.0203  0.5275  0.0511  0.3419  0.0449 -0.0003  0.2479 0 
 41.4038 -0.6511 -3.0965  0.0719  0.6106  0.0973  0.3140  0.0255 -0.0003  0.4257 0 
 58.7045  0.7609  2.1269  0.0145  0.1399  0.0544  0.3691  0.1031 -0.0003  0.1155 0 
 46.2959 -0.7322 -1.0344  0.0258  0.6723  0.0412  0.4354  0.1166 -0.0003  0.3984 0 
 44.0314  0.6411 -1.6721  0.0179  0.6162  0.0577  0.2647  0.1478 -0.0003  0.4993 1 
 36.5576 -0.6714  1.4662  0.0939  0.1941  0.0247  0.2320  0.0627  0.2603  0.8665 1 
 46.7506  0.1876  3.0448  0.0083  0.5372  0.0470  0.3909  0.0102 -0.0003  0.1883 0 
 41.6083 -0.1840 -0.1131  0.0034  0.2071  0.0698  0.3583  0.0154 -0.0003  0.1098 0 
 49.8543  0.4343 -1.0029  0.0173  0.6723  0.0850  0.4699  0.0084 -0.0003  0.2327 0 
 48.7068 -0.4156  2.0954  0.0176  0.1789  0.0162  0.2579  0.0662  0.1358  0.2936 0 
 44.9409  0.4570 -2.3131  0.1906  0.1755  0.0414  0.4827  0.3492 -0.0003  0.9387 1 
 31.8761 -0.4925  0.8123  0.2554  0.3136  0.0215  0.1930  0.3120  0.2843  0.9962 1 
 44.7364  0.1366 -1.6458  0.0497  0.6039  0.1674  0.2636  0.0618 -0.0003  0.3908 0 
 36.2097 -0.1477  1.5329  0.0307  0.6603  0.0229  0.2326  0.0649 -0.0003  0.1838 0 
 50.1900 -0.6678 -1.0706  0.2540  0.4013  0.0575  0.4265  0.3701 -0.0003  0.9893 1 
 39.0967  0.6742  2.1299  0.1769  0.2867  0.2270  0.4100  0.2567  0.8314  0.9878 1 
 42.8382  0.5505  0.7555  0.0578  0.3822  0.0963  0.5333  0.0860 -0.0003  0.4293 0 
 42.4018 -0.5784 -2.3941  0.0066  0.1632  0.1670  0.3120  0.0163 -0.0003  0.1079 0 
 51.4382 -0.5646 -1.6768  0.0330  0.5614  0.0346  0.3391  0.0350 -0.0003  0.2571 0 
 36.8505  0.5520  1.4585  0.0098  0.5699  0.0704  0.3241  0.2340  0.2037  0.7699 0 
 47.0344  0.7947  2.9365  0.0111  0.4866  0.0505  0.5204  0.0189 -0.0003  0.1931 0 
 46.4912 -0.7903 -0.2000  0.0017  0.3824  0.0121  0.3045  0.0722 -0.0003  0.0638 0 
 49.7047  0.1824  0.0877  0.0102  0.8399  0.0503  0.2993  0.0258  0.1108  0.4194 0 
 46.3935 -0.1798 -3.0689  0.0155  0.6121  0.0512  0.5223  0.0323 -0.0003  0.2253 0 
 36.1944  0.4138  0.2062  0.4025  0.7834  0.0556  0.4653  0.3417 -0.0003  0.9919 1 
 36.1273 -0.3979 -2.9094  0.1316  0.6492  0.0592  0.3724  0.0884  0.4251  0.9953 1 
 43.5828  0.1394  2.4492  0.0219  0.7261  0.0441  0.6194  0.0567 -0.0003  0.3138 0 
 40.9125 -0.1503 -0.6813  0.1702  0.2637  0.0274  0.3600  0.1771 -0.0003  0.7451 0 
 48.9784 -0.5233  1.5080  0.0132  0.3149  0.0254  0.2575  0.0765 -0.0003  0.0941 0 
 43.7079  0.5197 -1.6200  0.0217  0.2491  0.0224  0.2211  0.0124 -0.0003  0.0837 0 
 52.3140  0.3903  2.1856  0.0033  0.4346  0.0293  0.2110  0.0707 -0.0003  0.1212 0 
 49.6864 -0.3847 -0.9761  0.0805  0.3209  0.0910  0.4703  0.0794 -0.0003  0.4780 0 
 44.2908 -0.5954 -1.3526  0.0007  0.6212  0.0863  0.6608  0.0187  0.2779  0.4757 0 
 40.1953  0.6106  1.8261  0.0220  0.4200  0.1098  0.3617  0.0375 -0.0003  0.2282 0 
 47.2084  0.7292  0.2864  0.0156  0.3072  0.0710  0.3033  0.0274 -0.0003  0.1867 0 
 38.4222 -0.7197 -2.8127  0.0571  0.3318  0.0321  0.2288  0.1053 -0.0003  0.2819 0 
 43.5431 -0.6689  0.3223  0.3638  0.2929  0.0379  0.3983  0.6170 -0.0003  0.9977 1 
 42.0600  0.6535 -2.8231  0.0423  0.2687  0.0512  0.5806  0.0375 -0.0003  0.3161 1 
 44.7089 -0.7051  1.0223  0.0001  0.4203  0.0421  0.3516  0.1057 -0.0003  0.1589 0 
 42.6612  0.6867 -2.1834  0.0080  0.2681  0.0833  0.2670  0.0242 -0.0003  0.1633 0 
 44.5533  0.4499 -1.5001  0.0273  0.1902  0.2745  0.3519  0.0385  0.5358  0.4989 0 
 38.0621 -0.4391  1.6922  0.0105  0.1563  0.1555  0.1836  0.0856 -0.0003  0.1548 0 
 43.8087 -0.5049 -1.0648  0.0944  0.4461  0.1458  0.6627  0.1975 -0.0003  0.8472 0 
 39.3011  0.5139  2.0579  0.0460  0.3413  0.0186  0.2275  0.0541 -0.0003  0.1315 0 
 58.6984 -0.7799  0.4138  0.0965  0.7362  0.0578  0.3281  0.2122 -0.0003  0.9007 0 
 45.9052  0.7646 -2.7072  0.0101  0.5467  0.0643  0.4364  0.0052 -0.0003  0.1855 0 
 50.6172  0.3385  1.1010  0.0060  0.3997  0.0413  0.2553  0.0590 -0.0003  0.1424 0 
 47.8004 -0.3483 -2.0408  0.0017  0.0260  0.0148  0.0864  0.0181 -0.0003  0.0542 0 
 48.0079  0.5080  0.3133  0.0457  0.3960  0.0265  0.5176  0.0175 -0.0003  0.3141 0 
 42.4079 -0.4952 -2.8022  0.0497  0.1821  0.0288  0.3565  0.0435 -0.0003  0.1331 0 
 41.1872 -0.0868 -1.3246  0.0299  0.0734  0.0252  0.3593  0.2758 -0.0003  0.2032 0 
 40.6317  0.1168  1.8423  0.0107  0.5484  0.0650  0.4508  0.0551 -0.0003  0.2112 0 
 49.8207  0.5642  0.1262  0.0278  0.2151  0.4385  0.3846  0.0508  1.5289  0.9035 1 
 41.3581 -0.5595 -3.0877  0.9279  0.7398  0.0479  0.6281  0.6212  0.1368  0.9978 1 
 49.6162  0.6138  0.4113  0.0067  0.1570  0.0973  0.3849  0.0306 -0.0003  0.0927 0 
 44.8310 -0.6219 -2.7399  0.0117  0.0734  0.0285  0.2196  0.0045 -0.0003  0.0535 0 
 46.2898  0.6590  1.9293  0.0765  0.1998  0.1196  0.5225  0.0718 -0.0003  0.4209 0 
 44.4831 -0.6617 -1.2466  0.0671  0.3118  0.0068  0.1760  0.0208 -0.0003  0.1189 0 
 53.6782  0.1933 -3.0671  0.0096  0.6652  0.0427  0.2515  0.0728  0.1254  0.5029 0 
 50.4006 -0.1922  0.0706  0.0361  0.6631  0.0559  0.5112  0.0655 -0.0003  0.3557 0 
 45.0294  0.2802  2.8129  0.2293  0.6134  0.0298  0.5702  0.1727 -0.0003  0.9142 0 
 43.9948 -0.2697 -0.3368  0.0185  0.3653  0.0117  0.3089  0.0706 -0.0003  0.0819 0 
 54.2855 -0.1483 -0.7119  0.0269  0.5780  0.1739  0.3763  0.0275 -0.0003  0.2774 0 
 49.4057  0.2257  2.3914  0.0000  0.3201  0.0537  0.1285  0.0172 -0.0003  0.2287 0 
 53.3089  0.2897  2.3547  0.1730  0.3969  0.0571  0.3780  0.2014 -0.0003  0.9040 0 
 43.5523 -0.2801 -0.6720  0.0247  0.2905  0.1440  0.4867  0.0468 -0.0003  0.2380 0 
 45.4536  0.6956  2.2717  0.0010  0.5009  0.0289  0.3938  0.0615 -0.0003  0.1171 0 
 44.3214 -0.6795 -0.9057  0.0070  0.0714  0.1188  0.1762  0.0196 -0.0003  0.0707 0 
 46.8208 -0.6115 -3.1084  0.0018  0.4772  0.0307  0.3474  0.0089 -0.0003  0.1337 0 
 44.0833  0.6413  0.0095  0.0483  0.4616  0.0844  0.7499  0.1392 -0.0003  0.5658 0 
 46.0060  0.4653 -0.7402  0.5173  0.6468  0.0292  0.5234  0.2349  0.2808  0.9965 1 
 26.7704 -0.4185  2.4785  0.1518  0.7279  0.0411  0.3556  0.3441 -0.0003  0.9570 1 
 52.2164 -0.6337 -0.2424  0.0339  0.0800  0.1484  0.4222  0.0230 -0.0003  0.0864 0 
 45.1667  0.6146  2.8902  0.0132  0.7563  0.0349  0.4821  0.0731 -0.0003  0.2520 0 
 39.3988 -0.3949  1.1391  0.1453  0.3762  0.0220  0.1364  0.1561 -0.0003  0.5095 0 
 38.0255  0.3946 -2.0077  0.0168  0.5618  0.0382  0.2295  0.0234 -0.0003  0.2244 0 
 44.6418 -0.1853  0.2196  0.0187  0.2575  0.0333  0.3078  0.0383 -0.0003  0.0970 0 
 37.9644  0.1914 -2.9442  0.0157  0.6957  0.0181  0.1377  0.0142 -0.0003  0.1549 0 
 47.4128  0.2309 -0.4283  0.0728  0.3319  0.0328  0.4328  0.0145  0.2627  0.7313 0 
 40.8545 -0.2199  2.7180  0.0042  0.2063  0.0414  0.3151  0.1603 -0.0003  0.1485 0 
 58.9487 -0.4989 -2.0311  0.0290  0.1526  0.1822  0.3277  0.0191 -0.0003  0.1371 0 
 47.3518  0.4954  1.1091  0.0219  0.2647  0.0367  0.2164  0.0204 -0.0003  0.1264 0 
 46.2104 -0.4677  1.5423  0.1331  0.5709  0.0917  0.4792  0.1682 -0.0003  0.8696 1 
 35.8892  0.4415 -1.5817  0.0773  0.5170  0.0717  0.4664  0.3251 -0.0003  0.8883 1 
 50.0191 -0.1887  2.9304  0.0162  0.3892  0.0611  0.5549  0.0565 -0.0003  0.2360 0 
 47.6234  0.1926 -0.2044  0.0148  0.1190  0.0432  0.3891  0.0272 -0.0003  0.0788 0 
 48.5969  0.6567 -2.7642  0.0350  0.1572  0.0720  0.5160  0.0308 -0.0003  0.1900 0 
 45.3773 -0.6447  0.3731  0.0123  0.3451  0.0349  0.3940  0.0934 -0.0003  0.1576 0 
 47.0069  0.3647  2.3023  0.0061  0.3940  0.0275  0.4337  0.1220 -0.0003  0.1667 0 
 39.1669 -0.3680 -0.8256  0.0167  0.2888  0.0607  0.3187  0.0176 -0.0003  0.1718 0 
 46.3478 -0.5292  0.1623  0.0248  0.3655  0.0083  0.3047  0.0294 -0.0003  0.0776 0 
 41.5717  0.5283 -2.9533  0.0089  0.1221  0.0339  0.3584  0.0369 -0.0003  0.0590 0 
 45.9144  0.6234 -2.2240  0.1067  0.2919  0.0486  0.4364  0.1553 -0.0003  0.6808 0 
 37.5311 -0.6114  0.8989  0.0054  0.3672  0.0114  0.2764  0.0208 -0.0003  0.0636 0 
 51.4015  0.4791  0.9503  0.0000  0.0477  0.0328  0.2543  0.0988 -0.0003  0.0538 0 
 42.0356 -0.4524 -2.1888  0.0244  0.5001  0.0298  0.3127  0.1601 -0.0003  0.2999 0 
 36.2585 -0.4707 -0.1791  0.1342  0.2233  0.0757  0.3256  0.0152 -0.0003  0.4693 0 
 31.6869  0.4682  3.0100  0.1874  0.5035  0.0158  0.3866  0.1636 -0.0003  0.7354 0 
 46.4637  0.4160  1.9139  0.1570  0.5114  0.0138  0.2175  0.1624 -0.0003  0.5706 0 
 32.1355 -0.4335 -1.2479  0.2010  0.4924  0.0255  0.4331  0.0816 -0.0003  0.7066 0 
 34.7448 -0.0956  2.3329  0.0004  0.2543  0.0367  0.3766  0.2009  0.2553  0.6007 0 
 29.3004  0.2017 -0.8808  0.0733  0.5239  0.0594  0.5933  0.0340  0.2917  0.7678 0 
 47.1107  0.3977  0.9405  0.0157  0.5516  0.0183  0.2601  0.0638 -0.0003  0.1200 0 
 46.5126 -0.4271 -2.2103  0.0480  0.0784  0.0807  0.5219  0.0154 -0.0003  0.1461 0 
 44.0650  0.2706  1.2484  0.0124  0.4031  0.1102  0.4412  0.1209 -0.0003  0.2718 0 
 36.5484 -0.2846 -1.9339  0.3277  0.8957  0.0065  0.1392  0.2745  0.0686  0.9820 0 
 50.6966  0.7671 -1.6376  0.0146  0.1570  0.0162  0.4679  0.0136 -0.0003  0.0732 0 
 36.9116 -0.7701  1.5130  0.1285  0.0546  0.0387  0.3702  0.1169 -0.0003  0.2495 0 
 48.7556  0.0014 -2.1036  0.0273  0.2842  0.0222  0.1718  0.0220 -0.0003  0.1124 0 
 48.5603 -0.0135  1.0266  0.0349  0.1962  0.0108  0.2151  0.0175 -0.0003  0.0583 0 
 47.3548  0.7421 -0.9787  0.2387  0.6916  0.0404  0.5195  0.3336 -0.0003  0.9795 1 
 45.3559 -0.7306  2.1592  0.1412  0.3777  0.0641  0.3065  0.1671  0.3786  0.9860 1 
 47.3060 -0.5469  1.5358  0.0350  0.1507  0.0391  0.1732  0.0558 -0.0003  0.0998 0 
 43.8727  0.5509 -1.6130  0.0541  0.2248  0.0178  0.2208  0.0479 -0.0003  0.1050 0 
 47.1595  0.3172 -0.1110  0.0073  0.2161  0.1761  0.4767  0.0109 -0.0003  0.1608 0 
 45.2979 -0.3085  3.0486  0.0377  0.1911  0.0784  0.2628  0.0756 -0.0003  0.2192 0 
 45.9968  0.6831 -1.1649  0.0060  0.1523  0.0612  0.3490  0.0714 -0.0003  0.0911 0 
 44.6357 -0.6766  1.9533  0.0101  0.2195  0.1014  0.4396  0.0479 -0.0003  0.1414 0 
 43.7751  0.7734 -0.4783  0.0133  0.1177  0.0295  0.3535  0.0152 -0.0003  0.0592 0 
 43.5462 -0.7591  2.6857  0.0161  0.0465  0.0171  0.1328 -0.0200 -0.0003  0.0702 0 
 46.6621  0.1912  1.6228  0.2378  0.2666  0.0567  0.5649  0.1976 -0.0003  0.9365 1 
 33.2067 -0.1881 -1.5062  0.3975  0.3480  0.0458  0.3814  0.2694 -0.0003  0.9816 1 
 52.4819 -0.2574  0.5484  0.0024  0.0485  0.0244  0.2108  0.0175 -0.0003  0.0441 0 
 39.2523  0.2258 -2.6184  0.0226  0.5097  0.0810  0.6371  0.0214  0.2044  0.4932 0 
 48.8319 -0.1825  1.4221  0.0158  0.4651  0.0855  0.2577  0.0211 -0.0003  0.2444 0 
 38.7121  0.1677 -1.6775  0.0096  0.6146  0.0089  0.2284  0.0207 -0.0003  0.1039 0 
 53.3516  0.7968 -3.0468  0.0094  0.4528  0.0555  0.3360  0.0519 -0.0003  0.1962 0 
 46.2196 -0.7803  0.0909  0.0045  0.1122  0.0372  0.2614  0.0429 -0.0003  0.0510 0 
 49.1035 -0.6201 -1.1085  0.0308  0.2587  0.0503  0.5146  0.0875 -0.0003  0.2769 0 
 42.5818  0.6262  1.9992  0.0284  0.6285  0.0284  0.4452  0.0108 -0.0003  0.2564 0 
 42.0294  0.0244  1.7537  0.0632  0.4847  0.0398  0.2680  0.1391 -0.0003  0.5346 1 
 30.8873  0.0366 -1.4553  0.2321  0.2163  0.0907  0.2921  0.1684  0.3715  0.9782 1 
 56.8185  0.3334 -1.9855  0.0486  0.4590  0.0971  0.6201  0.0125 -0.0003  0.3304 0 
 42.3255 -0.3075  1.1602  0.0017  0.3070  0.0193  0.0892  0.0324 -0.0003  0.1231 0 
 49.1127  0.0316  2.6700  0.0099  0.2716  0.0410  0.1286  0.0093 -0.0003  0.1792 0 
 47.7516 -0.0546 -0.4732  0.0650  0.2159  0.0533  0.3024  0.0378 -0.0003  0.2518 0 
 46.6987  0.4337  2.4019  0.0099  0.2108  0.0347  0.2607  0.0797  0.0702  0.1906 0 
 46.5980 -0.4224 -0.7416  0.0024  0.3242  0.0187  0.1739  0.0776 -0.0003  0.0904 0 
 55.0515  0.2084  1.2918  0.0844  0.8674  0.1012  0.4166  0.1602 -0.0003  0.8302 0 
 49.3599 -0.1845 -1.8101  0.0081  0.2547  0.0198  0.1713  0.0126 -0.0003  0.0771 0 
 50.5287 -0.1150  1.6148  0.0852  0.3140  0.0103  0.2129  0.0308 -0.0003  0.1460 0 
 46.9215  0.1154 -1.5558  0.0126  0.4614  0.0217  0.2170  0.0268 -0.0003  0.1173 0 
 50.0435 -0.3440 -2.5223  0.0326  0.3368  0.2472  0.4695  0.0196 -0.0003  0.2740 0 
 45.0996  0.3112  0.6574  0.1071  0.2404  0.0783  0.2631  0.1523 -0.0003  0.6769 0 
 38.9715  0.0513 -1.9648  0.0386  0.3570  0.0557  0.6383  0.1004 -0.0003  0.4188 0 
 33.9910 -0.0463  1.1636  0.1282  0.2502  0.0427  0.3315  0.1696  0.0524  0.7659 0 
 47.2602 -0.4882  2.1559  0.0442  0.3455  0.0209  0.5631  0.0283  0.0817  0.4393 0 
 44.7761  0.4968 -1.0095  0.2201  0.5777  0.0495  0.2636  0.1296 -0.0003  0.8828 0 
 45.2155 -0.5272 -1.9671  0.0720  0.5486  0.0385  0.3943  0.0334 -0.0003  0.4881 0 
 42.3499  0.5397  1.1844  0.0478  0.1028  0.0810  0.2675  0.0637 -0.0003  0.1276 0 
 51.1971 -0.0925 -2.3799  0.1772  0.8378  0.0628  0.4667  0.0882 -0.0003  0.9065 1 
 32.5414  0.0703  0.7898  0.3554  0.4313  0.0354  0.4316  0.3619  0.3051  0.9995 1 
 58.6252 -0.7098 -0.2195  0.0105  0.0423  0.0937  0.1230  0.0057 -0.0003  0.1023 0 
 45.1576  0.6896  2.9574  0.0703  0.2435  0.0349  0.2630  0.0562 -0.0003  0.2332 0 
 53.4096  0.5742  0.9245  0.0056  0.4829  0.0877  0.2519  0.0369 -0.0003  0.2332 0 
 49.8940 -0.5784 -2.2459  0.0455  0.3026  0.0755  0.4699  0.0383 -0.0003  0.3019 0 
 66.4195  0.7362  2.1052  0.0339  0.4488  0.0349  0.2388  0.0732 -0.0003  0.2220 0 
 53.4554 -0.7621 -1.0277  0.0248  0.5133  0.1835  1.0493  0.0982 -0.0003  0.5886 0 
 48.2155  0.6035 -1.5001  0.4876  0.6207  0.0532  0.5602  0.4868 -0.0003  0.9961 1 
 43.2136 -0.6045  1.6516  0.4553  0.4175  0.1023  0.5765  0.5479 -0.0003  0.9982 1 
 46.9368 -0.3242 -1.9213  0.0303  0.2662  0.0945  0.2603  0.0408 -0.0003  0.2332 0 
 45.0965  0.3572  1.2252  0.0140  0.3525  0.0506  0.4823  0.0502 -0.0003  0.1962 0 
 49.2866 -0.5724 -0.0960  0.0675  0.1538  0.0549  0.4713  0.1229 -0.0003  0.3637 0 
 47.5837  0.5672  3.0689  0.0382  0.3315  0.0320  0.4324  0.0573 -0.0003  0.2388 0 
 45.1850  0.3014  2.6863  0.2648  0.4311  0.1270  0.4821  0.2407 -0.0003  0.9824 0 
 39.8871 -0.3041 -0.4722  0.0242  0.2073  0.0877  0.3625  0.0069 -0.0003  0.1523 0 
 43.6042  0.7670  0.2255  0.2285  0.1774  0.0260  0.3981  0.4057 -0.0003  0.9550 1 
 40.9918 -0.7692 -2.9120  0.1149  0.8595  0.0226  0.5397  0.2206 -0.0003  0.8582 1 
 44.4038  0.6419  2.9163  0.0323  0.6559  0.1481  0.4402  0.0580  0.4694  0.7236 1 
 42.0356 -0.6323 -0.2572  0.3735  0.8454  0.0583  0.3574  0.3848  0.3864  0.9990 1 
 51.3802  0.5400  0.0975  0.0767  0.2363  0.1942  0.4239  0.1531  0.3436  0.8625 0 
 47.5135 -0.5022 -3.1013  0.0254  0.1260  0.0589  0.3893  0.1530 -0.0003  0.1813 0 
 52.0119 -0.5270 -0.3522  0.0667  0.3278  0.0249  0.2536  0.0136 -0.0003  0.2158 0 
 47.3854  0.5419  2.7731  0.1288  0.1287  0.0426  0.3896  0.0345 -0.0003  0.3253 0 
 38.0224 -0.4666  1.1485  0.7100  0.2045  0.1156  0.3672  0.2344 -0.0003  0.9738 1 
 37.4243  0.5187 -1.9271  0.0939  0.3736  0.0350  0.5994  0.1849 -0.0003  0.7524 1 
 51.5572 -0.2226 -2.2379  0.1171  0.6321  0.0439  0.4236  0.0704 -0.0003  0.7333 0 
 28.9219  0.2001  0.8915  0.0592  0.5878  0.0324  0.4467  0.0916 -0.0003  0.5094 0 
 46.3935 -0.4371 -1.9246  0.0139  0.1096  0.0452  0.4352  0.0052 -0.0003  0.0878 0 
 41.7487  0.4501  1.2172  0.0463  0.3216  0.0593  0.0895  0.0237 -0.0003  0.3955 0 
 46.1067  0.5813 -0.9402  0.0753  0.4000  0.0422  0.4359  0.0204 -0.0003  0.4313 0 
 44.5441 -0.6117  2.2167  0.0085  0.3314  0.0646  0.4399  0.2210 -0.0003  0.3576 0 
 50.7485 -0.6391  0.6369  0.0086  0.1997  0.0551  0.2977  0.1450 -0.0003  0.1732 0 
 44.9378  0.6396 -2.4980  0.0085  0.3694  0.0255  0.0439  0.0110 -0.0003  0.2310 0 
 52.3384  0.1076  0.8493  0.0182  0.2935  0.0747  0.5908  0.1379 -0.0003  0.3181 1 
 25.9068 -0.1236 -2.1798  0.1427  0.2564  0.0362  0.3079  0.2358 -0.0003  0.7745 1 
 42.3987  0.0288  0.5506  0.0337  0.2171  0.0244  0.4011  0.1220  0.1892  0.5257 1 
 39.7833 -0.0452 -2.5657  0.0648  0.6224  0.0569  0.3627  0.1021 -0.0003  0.6087 1 
 47.2694 -0.4621 -2.5916  0.1964  0.1410  0.0915  0.2599  0.3087  0.6358  0.9987 1 
 37.6806  0.4272  0.5356  0.9222  0.6794  0.0306  0.4602 -0.0200  0.1770  0.9933 1 
 54.4747  0.0504  2.9052  0.0046  0.2966  0.0816  0.2506  0.0772 -0.0003  0.2010 0 
 45.5177 -0.0528 -0.2205  0.0196  0.1657  0.2100  0.4374  0.2106 -0.0003  0.3965 0 
 38.7579  0.0490 -3.0661  0.0812  0.5294  0.0549  0.3653  0.1725  0.3849  0.9813 1 
 35.3185 -0.0347  0.0578  0.3442  0.4891  0.1328  0.2811  0.0074 -0.0003  0.9124 1 
 43.7537 -0.5736  2.8964  0.0000  0.4431  0.0237  0.3094  0.1440 -0.0003  0.1401 1 
 42.1790  0.5624 -0.1788  0.3529  0.3043  0.0719  0.3570  0.3278  0.2714  0.9977 1 
 50.4524 -0.7876  2.6223  0.0221  0.5236  0.0710  0.2981  0.0262 -0.0003  0.2638 0 
 44.7700  0.7844 -0.5788  0.0199  0.0470  0.0171  0.1757  0.0180 -0.0003  0.0433 0 
 44.6845 -0.7122  3.0823  0.0826  0.3006  0.0282  0.6593  0.0270  0.1461  0.6507 1 
 34.9798  0.6779 -0.0675  0.0717  0.8570  0.0365  0.7047  0.1458 -0.0003  0.7841 1 
 43.7354 -0.4971  2.3004  0.0101  0.1309  0.0325  0.2210  0.0076 -0.0003  0.0604 0 
 33.7011  0.4839 -0.8383  0.0154  0.1458  0.0605  0.1424  0.0019 -0.0003  0.1259 0 
 50.1045 -0.4237  0.7578  0.2617  0.3020  0.0670  0.6400  0.2997 -0.0003  0.9866 1 
 38.3642  0.4120 -2.3984  0.1997  0.4786  0.0457  0.3663  0.1191  0.4726  0.9983 1 
 40.3265  0.3416 -0.8585  0.0588  0.3056  0.0569  0.3614  0.0425 -0.0003  0.3308 0 
 39.7864 -0.3801  2.2738  0.1220  0.5213  0.0119  0.2267  0.0760 -0.0003  0.3655 0 
 48.4047 -0.4182 -1.1697  0.0117  0.6691  0.0277  0.3874  0.3049 -0.0003  0.5620 1 
 45.1453  0.3946  1.9500  0.1646  0.2230  0.0882  0.3945  0.1307 -0.0003  0.7369 1 
 44.4862  0.7771  1.8212  0.0030  0.4474  0.0811  0.5280  0.0346 -0.0003  0.1770 0 
 43.4028 -0.7690 -1.3464  0.0866  0.1853  0.0463  0.4429  0.1080 -0.0003  0.4255 0 
 44.2756  0.1668 -1.4328  0.0638  0.6459  0.0826  0.5287  0.0649 -0.0003  0.4319 0 
 42.7588 -0.2521  1.7343  0.0000  0.3734  0.0352  0.0889  0.0897 -0.0003  0.1888 0 
 51.0567 -0.4085 -0.3402  0.1041  0.1517  0.0741  0.2547  0.0939 -0.0003  0.4079 0 
 43.7415  0.3863  2.8477  0.0190  0.2659  0.0732  0.2652  0.2053 -0.0003  0.4265 0 
 46.4729 -0.5469 -0.3187  0.2320  0.4365  0.0569  0.4350  0.2226 -0.0003  0.9549 1 
 42.4689  0.5494  2.8181  0.2713  0.2866  0.2300  0.5791  0.1636 -0.0003  0.9463 1 
 43.4943  0.5291 -1.9364  0.0049  0.5506  0.0086  0.1771  0.0550 -0.0003  0.1027 0 
 41.2696 -0.5144  1.2085  0.0049  0.3444  0.1105  0.3591  0.0306 -0.0003  0.1640 0 
 46.5675  0.6148 -1.2820  0.0374  0.2942  0.0202  0.2609  0.0372 -0.0003  0.1053 0 
 44.3519 -0.6386  1.8471  0.0098  0.5064  0.0338  0.3523  0.0801 -0.0003  0.1638 0 
 49.7749  0.6299  0.5006  0.1694  0.5820  0.2530  0.4274  0.2669  0.3672  0.9861 1 
 48.0079 -0.6524 -2.6219  0.9939  0.6330  0.0281  0.3451  0.3630 -0.0003  0.9974 1 
 46.2562  0.1348 -1.4777  0.0149  0.5580  0.1278  0.3049  0.0110 -0.0003  0.2228 0 
 44.4892 -0.1242  1.6705  0.0570  0.3903  0.0591  0.3520  0.1870 -0.0003  0.6199 0 
 45.2155  0.0591  0.4403  0.0888  0.2805  0.0790  0.2629  0.1188 -0.0003  0.5992 0 
 37.7478 -0.0654 -2.7028  0.0360  0.2054  0.0293  0.4599  0.0783 -0.0003  0.1869 0 
 46.6835  0.3582 -1.4479  0.1422  0.2713  0.0264  0.3911  0.0540 -0.0003  0.4864 0 
 41.9043 -0.3588  1.7139  0.0915  0.5430  0.0471  0.4471  0.1649 -0.0003  0.7723 0 
 46.4088  0.2242 -1.1199  0.0558  0.4181  0.1708  0.5222  0.0613 -0.0003  0.3562 0 
 43.3326 -0.2300  1.9652  0.0635  0.7066  0.0396  0.2659  0.0887  0.1614  0.6934 0 
 50.2785 -0.3590  2.7875  0.0045  0.3084  0.0341  0.2984  0.1171 -0.0003  0.1236 0 
 37.5799  0.3549 -0.3421  0.0106  0.5257  0.0554  0.3224  0.0159 -0.0003  0.2152 0 
 45.6397  0.3853  0.1071  0.0167  0.2667  0.0902  0.5245  0.0234 -0.0003  0.1884 0 
 45.2064 -0.3877 -3.0333  0.0291  0.1230  0.0213  0.2629  0.0696 -0.0003  0.0546 0 
 48.7495  0.2700 -2.6112  0.0759  0.4517  0.1321  0.4726  0.1159 -0.0003  0.5113 0 
 47.9591 -0.2742  0.4639  0.0064  0.4575  0.1523  0.6472  0.0831 -0.0003  0.2714 0 
 47.1351 -0.3598 -2.4091  0.0118  0.0774  0.0276  0.3034  0.0971 -0.0003  0.0569 0 
 45.6184  0.3599  0.7250  0.0201  0.2113  0.0191  0.3934  0.0143 -0.0003  0.0772 0 
 54.7036  0.1541 -2.1205  0.1212  0.2333  0.0413  0.3339  0.1043 -0.0003  0.5258 0 
 44.9043 -0.1630  1.0079  0.0631  0.1286  0.0243  0.2634  0.0866 -0.0003  0.1126 0 
 40.9003  0.6506  0.4004  0.0371  0.4125  0.0622  0.3150  0.0460  0.4860  0.9690 1 
 36.1852 -0.6103 -2.7162  0.3766  0.5407  0.1289  0.3723  0.0067  0.4679  0.9914 1 
 42.8901  0.0194  1.2972  0.0519  0.3207  0.2003  0.4443  0.0185 -0.0003  0.3064 0 
 36.3439 -0.0334 -1.8205  0.0521  0.5974  0.0325  0.2324  0.0135 -0.0003  0.3270 0 
 46.5003  0.5614 -2.0176  0.0026  0.4606  0.0533  0.3045  0.1192 -0.0003  0.2472 0 
 45.0111 -0.5396  1.1006  0.0421  0.3417  0.0976  0.2193  0.0203 -0.0003  0.3159 0 
 45.2766 -0.3138 -2.3354  0.0101  0.1469  0.0127  0.2190  0.0251 -0.0003  0.0376 0 
 45.1057  0.2942  0.8036  0.0718  0.2952  0.0391  0.2631  0.0009 -0.0003  0.3040 0 
 42.5299  0.5808  1.3358  0.1322  0.5169  0.0510  0.7570  0.1673 -0.0003  0.8942 1 
 41.9196 -0.5662 -1.7537  0.6666  0.3003  0.1434  0.4917  0.4508 -0.0003  0.9965 1 
 44.7333  0.6855 -1.0019  0.0059  0.1749  0.0910  0.5712  0.0738 -0.0003  0.1567 0 
 40.6867 -0.7068  2.1359  0.0200  0.2505  0.0345  0.3154  0.0278 -0.0003  0.1029 0 
 45.7435  0.6899 -2.7908  0.2995  0.7757  0.0596  0.3058  0.2972 -0.0003  0.9874 1 
 42.8016 -0.7057  0.3471  0.0753  0.6562  0.0297  0.3112  0.1646 -0.0003  0.6104 1 
 49.6376 -0.4822  0.9355  0.0177  0.1061  0.3088  0.4277  0.1163 -0.0003  0.1749 0 
 47.9988  0.4981 -2.2360  0.0121  0.2577  0.0149  0.0863  0.0047 -0.0003  0.1251 0 
 50.9072  0.6376  2.7309  0.0113  0.2413  0.0446  0.2125  0.0485 -0.0003  0.1099 0 
 50.6935 -0.6331 -0.3089  0.0134  0.1765  0.0726  0.5956  0.0904 -0.0003  0.2042 0 
 63.4806 -0.4912 -2.6842  0.0457  0.2241  0.0620  0.1610  0.0395 -0.0003  0.2673 0 
 43.4211  0.4873  0.4538  0.0376  0.3433  0.0174  0.3986  0.0483 -0.0003  0.1523 0 
 53.4463 -0.6173  2.1919  0.0233  0.2731  0.0742  0.3778  0.1240 -0.0003  0.2778 0 
 44.7578  0.6387 -0.9340  0.0248  0.3328  0.0149  0.1757  0.0156 -0.0003  0.1054 0 
 47.0405 -0.3129 -1.2105  0.0444  0.4967  0.0872  0.4336  0.1277 -0.0003  0.4476 0 
 41.0498  0.2844  1.9290  0.0009  0.4398  0.0349  0.3147  0.0567 -0.0003  0.1129 0 
 54.8928 -0.4628 -2.4206  0.0750  0.3051  0.0501  0.2919  0.0151 -0.0003  0.3520 0 
 52.0638  0.4770  0.7121  0.0592  0.3826  0.0387  0.2958  0.0562 -0.0003  0.3220 0 
 58.3230  0.4057  2.1955  0.0311  0.2838  0.0982  0.0821  0.0057 -0.0003  0.3671 0 
 43.6805 -0.3828 -0.9487  0.0490  0.3275  0.0232  0.3537  0.0510 -0.0003  0.1847 0 
 46.8788  0.4075  0.1198  0.0878  0.3127  0.2531  0.6076  0.1216 -0.0003  0.5799 0 
 42.6001 -0.4074 -3.0259  0.0182  0.1391  0.0649  0.3116  0.0148 -0.0003  0.0973 0 
 48.8563 -0.4339  0.1015  0.0078  0.4888  0.0462  0.2577  0.0176  0.1298  0.3863 0 
 48.0598  0.4079 -3.0115  0.0768  0.4417  0.0355  0.3881  0.1651 -0.0003  0.6390 0 
 44.2786  0.2985  2.2190  0.0114  0.2498  0.2194  0.4406  0.1065 -0.0003  0.2623 0 
 40.7904 -0.3029 -0.9339  0.0266  0.2668  0.0666  0.2702  0.0246 -0.0003  0.2017 0 
 47.6173  0.7226 -1.1820  0.0169  0.4991  0.0319  0.6052  0.0114 -0.0003  0.2298 0 
 35.7549 -0.7206  1.9285  0.0138  0.2408  0.0157  0.2802  0.1298 -0.0003  0.0899 0 
 45.3193 -0.0698  1.7080  0.2987  0.7182  0.0359  0.3503  0.4388 -0.0003  0.9928 1 
 31.9615  0.0900 -1.4500  0.7370  0.3977  0.0410  0.6266  0.6279 -0.0003  0.9970 1 
 44.8096  0.5027  0.1320  0.0248  0.6355  0.0158  0.2196  0.0760  0.1099  0.2890 0 
 39.2645 -0.5319 -3.0377  0.0641  0.1623  0.1751  0.4095  0.0397 -0.0003  0.2657 0 
 52.2652  0.6887 -2.6560  0.2508  0.4297  0.1849  0.1688  0.2537 -0.0003  0.9877 1 
 37.0153 -0.6514  0.4479  0.1295  0.2101  0.0176  0.3237  0.2369 -0.0003  0.5894 1 
 48.4077  0.0256  1.8754  0.0081  0.3253  0.0702  0.4304  0.0043 -0.0003  0.1634 0 
 47.9255 -0.0195 -1.2784  0.0201  0.3804  0.0212  0.0863  0.0178 -0.0003  0.1725 0 
 37.8912  0.6174  1.0186  0.2404  0.5901  0.0560  0.5054  0.2394  0.1699  0.9626 0 
 37.2412 -0.6200 -2.0422  0.0294  0.7399  0.0258  0.2770  0.0236 -0.0003  0.2069 0 
 48.0720  0.3503 -0.9798  0.0119  0.7125  0.0600  0.3450  0.0494 -0.0003  0.2616 0 
 46.6133 -0.3573  2.1360  0.0035  0.4386  0.1963  0.3478  0.1246 -0.0003  0.3156 0 
 45.2033 -0.5380  2.0322  0.0201  0.0595  0.0367  0.3944  0.0790 -0.0003  0.0784 0 
 42.1210  0.5206 -1.1061  0.0187  0.3329  0.0248  0.4465  0.0449 -0.0003  0.1416 0 
 50.5745 -0.6022  2.7096  0.1803  0.4668  0.0493  0.2554  0.4667 -0.0003  0.9746 1 
 46.2318  0.6005 -0.4122  0.6388  0.4981  0.0528  0.5227  0.5948 -0.0003  0.9977 1 
 49.2866 -0.4981 -2.9628  0.0318  0.1170  0.0533  0.4713  0.1224 -0.0003  0.1869 0 
 42.9206  0.4858  0.1832  0.0119  0.4668  0.0130  0.3110  0.0263 -0.0003  0.0869 0 
 47.1778 -0.4767 -2.2920  0.0476  0.1432  0.1859  0.5200  0.0583 -0.0003  0.2669 0 
 42.9297  0.4633  0.8710  0.0317  0.3013  0.0826  0.3554  0.0237 -0.0003  0.2238 0 
 47.4525 -0.4606  2.5120  0.2961  0.5734  0.0669  0.3894  0.4971 -0.0003  0.9967 1 
 46.9673  0.4182 -0.6383  0.1156  0.2259  0.0985  0.4338  0.0915 -0.0003  0.5430 1 
 52.2805 -0.7862  1.2407  0.0373  0.6492  0.0233  0.3377  0.0569 -0.0003  0.2241 0 
 40.6928  0.8086 -1.9399  0.0000  0.4419  0.0282  0.4055  0.1500 -0.0003  0.1797 0 
 45.7221  0.7360  1.0052  0.0537  0.1930  0.0497  0.7427  0.0408 -0.0003  0.4123 0 
 30.7500 -0.7371 -2.1131  0.0499  0.5074  0.0217  0.2925  0.0797 -0.0003  0.2246 0 
 47.1534  0.3724  0.5288  0.0405  0.1362  0.0347  0.2600  0.0428 -0.0003  0.0821 0 
 39.6460 -0.3727 -2.5958  0.0321  0.4351  0.0246  0.4084  0.0494  0.0921  0.4045 0 
 44.1932  0.6496 -0.6049  0.0316  0.2173  0.0623  0.2645  0.0060 -0.0003  0.1789 1 
 40.7568 -0.6719  2.5041  0.0947  0.5188  0.0229  0.3153  0.0295 -0.0003  0.4223 1 
 43.8178 -0.1266 -1.3164  0.0496  0.4216  0.0508  0.3976  0.0883 -0.0003  0.4184 0 
 38.5657  0.1646  1.7902  0.0188  0.1307  0.0585  0.4572  0.0119 -0.0003  0.1106 0 
 43.1739  0.5486 -0.7527  0.2846  0.1774  0.0480  0.3548  0.3041 -0.0003  0.9627 1 
 40.6531 -0.5228  2.4095  0.7401  0.7481  0.0458  0.4057  0.8076 -0.0003  0.9983 1 
 49.1981  0.8072  1.3816  0.0031  0.0986  0.1251  0.2572  0.0087 -0.0003  0.0605 0 
 35.1598 -0.7722 -1.6407  0.0071  0.2585  0.0320  0.2815  0.0388 -0.0003  0.0732 0 
 49.1341 -0.1743  0.6665  0.0987  0.3843  0.1181  0.4717  0.0716 -0.0003  0.4930 0 
 45.2949  0.1645 -2.4938  0.0247  0.3556  0.0332  0.2190  0.0041 -0.0003  0.1836 0 
 46.7597 -0.7604 -1.0504  0.0416  0.3600  0.0067  0.0869  0.0372 -0.0003  0.1267 0 
 41.7121  0.7787  1.9698  0.0414  0.1079  0.0201  0.2686  0.1226 -0.0003  0.0895 0 
 54.2153 -0.0217  1.3735  0.4988  0.2776  0.1246  0.3346  0.2956 -0.0003  0.9961 1 
 29.0593  0.0384 -1.7945  0.5469  0.1043  0.0179  0.4461  0.3256  0.1089  0.9890 1 
 44.8341 -0.5375  2.5363  0.0148  0.5571  0.0264  0.2195  0.0067 -0.0003  0.1773 0 
 44.0284  0.5443 -0.6018  0.0126  0.2264  0.0267  0.3089  0.0212 -0.0003  0.0681 0 
 56.4492  0.6598 -2.7865  0.0022  0.4458  0.1239  0.4969  0.0143 -0.0003  0.1875 0 
 49.2592 -0.6861  0.3073  0.0267  0.3446  0.0846  0.7285  0.2056 -0.0003  0.5235 0 
 45.5299  0.4684 -0.9775  0.0015  0.1033  0.0544  0.3499  0.0430 -0.0003  0.0662 0 
 38.3825 -0.4893  2.1643  0.0412  0.5927  0.0017  0.1373  0.0898 -0.0003  0.1619 0 
 47.1077 -0.4534 -0.2628  0.0103  0.7710  0.0535  0.5202  0.0237 -0.0003  0.2379 0 
 43.1373  0.4345  2.8392  0.0012  0.1804  0.0257  0.4880  0.1039 -0.0003  0.0977 0 
 42.7161  0.6867 -2.5179  0.0198  0.4281  0.1407  0.4448  0.1445 -0.0003  0.3457 0 
 40.8942 -0.6516  0.6389  0.0183  0.2445  0.0127  0.1350  0.0002 -0.0003  0.0932 0 
 52.2225 -0.1139 -0.7877  0.1233  0.5776  0.1548  0.6333  0.1038 -0.0003  0.6902 0 
 46.9001  0.0503  2.3177  0.0038  0.5043  0.0700  0.5642  0.0233 -0.0003  0.1815 0 
 45.7160 -0.5739  0.3519  0.0577  0.6004  0.0119  0.3058  0.0361 -0.0003  0.1980 0 
 37.0642  0.5681 -2.7821  0.0285  0.0513  0.0166  0.1849  0.0168 -0.0003  0.0433 0 
 57.5814 -0.3187 -0.1998  0.0133  0.2474  0.0560  0.2472  0.0239 -0.0003  0.1407 0 
 45.7404  0.3203  2.9239  0.0385  0.3745  0.0327  0.3058  0.0191 -0.0003  0.2035 0 
 49.0089  0.7666  0.2834  0.0104  0.2058  0.0790  0.3862  0.0792 -0.0003  0.1408 0 
 39.9878 -0.7765 -2.8731  0.0610  0.2588  0.0748  0.1358  0.0048 -0.0003  0.3783 0 
 43.0762  0.7493  2.7929  0.1301  0.0948  0.0289  0.3106  0.0687 -0.0003  0.2199 0 
 38.0224 -0.7389 -0.4660  0.0222  0.1362  0.0912  0.3213  0.1872 -0.0003  0.2405 0 
 52.2835 -0.3753 -2.7131  0.0280  0.2489  0.0542  0.2110  0.0168 -0.0003  0.1905 0 
 46.6438  0.3957  0.3792  0.0057  0.3543  0.1025  0.2173  0.0095 -0.0003  0.2095 0 
 54.0902  0.7729  1.0163  0.0893  0.4990  0.1202  0.3348  0.0202 -0.0003  0.4408 0 
 50.0160 -0.7804 -2.1708  0.0146  0.2183  0.1601  0.3415  0.1877 -0.0003  0.3325 0 
 48.9509 -0.1530 -1.4647  0.0002  0.4399  0.0280  0.1717  0.0537 -0.0003  0.1240 0 
 47.7699  0.1629  1.6949  0.0152  0.2005  0.0581  0.2160  0.0121 -0.0003  0.1312 0 
 45.6580  0.7884 -2.8295  0.0597  0.4411  0.0175  0.1748  0.0080 -0.0003  0.1879 0 
 42.7558 -0.7411  0.3150  0.0235  0.5876  0.1508  0.3113  0.0086 -0.0003  0.2459 0 
 59.6323 -0.6226 -1.0443  0.1051  0.2563  0.0158  0.1634  0.0992 -0.0003  0.2381 0 
 47.3304  0.6186  2.1048  0.0289  0.3628  0.0500  0.6061  0.0867 -0.0003  0.3423 0 
 48.3803  0.3312  1.8496  0.5179  0.5681  0.0828  0.6027  0.6865 -0.0003  0.9983 1 
 43.4943 -0.3136 -1.2689  0.2452  0.6515  0.0612  0.3984  0.1348 -0.0003  0.9235 1 
 46.9062  0.1048 -2.7449  0.2959  0.5957  0.0698  0.4774  0.1138 -0.0003  0.9068 1 
 44.5319 -0.1048  0.4047  0.5266  0.1564  0.0870  0.2640  0.4439 -0.0003  0.9905 1 
 47.6875  0.5422  1.8383  0.0209  0.3135  0.0310  0.3889  0.1391 -0.0003  0.2172 0 
 47.2358 -0.5434 -1.2762  0.0107  0.1488  0.0272  0.3032  0.0987 -0.0003  0.0632 0 
 46.6285  0.6843 -1.3183  0.0333  0.4902  0.0221  0.3912  0.0814 -0.0003  0.2169 0 
 45.8503 -0.6830  1.8462  0.0049  0.1016  0.0288  0.4366  0.0693 -0.0003  0.0663 0 
 46.3630  0.1017 -2.0543  0.2644  0.5206  0.1059  0.3047  0.4144  0.1423  0.9927 1 
 40.1770 -0.1062  1.1023  0.5012  0.6325  0.0274  0.4522  0.3356  0.1283  0.9949 1 
 49.6559 -0.6754  2.2506  0.4283  0.3780  0.0702  0.4276  0.5252 -0.0003  0.9978 1 
 42.4720  0.6545 -0.9157  0.0003  0.6731  0.0495  0.3564  0.0888  0.4337  0.9689 1 
 44.7852 -0.7980  1.2129  0.0113  0.1466  0.0493  0.5271  0.0267 -0.0003  0.1198 0 
 39.6765  0.7691 -1.9475  0.0035  0.5376  0.0405  0.4083  0.0944 -0.0003  0.1909 0 
 45.5756  0.7519  0.7265  0.0623  0.5352  0.1167  0.5247  0.0530 -0.0003  0.3648 0 
 38.1750 -0.7365 -2.3726  0.0069  0.3027  0.0037  0.0917 -0.0200 -0.0003  0.1378 0 
 46.7720 -0.2733  1.5820  0.0058  0.1576  0.0667  0.3909  0.1188 -0.0003  0.1255 0 
 41.2543  0.2595 -1.5872  0.0372  0.1446  0.0105  0.1796  0.0822  0.0314  0.0884 0 
 38.8434  0.7804 -0.7162  0.0152  0.4110  0.0693  0.2282  0.0062 -0.0003  0.2665 0 
 33.5790 -0.7864  2.3525  0.0468  0.4910  0.0101  0.1426  0.0211 -0.0003  0.1408 0 
 47.0527 -0.2532 -0.2882  0.9829  0.3404  0.1197  0.6938  0.6530  0.2423  0.9975 1 
 38.6816  0.1424  2.8023  0.4881  0.3213  0.0320  0.6853  0.4570 -0.0003  0.9967 1 
 54.6090  0.1475  2.7789  0.1474  0.4029  0.0315  0.2922  0.1601 -0.0003  0.7295 0 
 45.9266 -0.1303 -0.4120  0.0318  0.2539  0.0255  0.1309  0.0217 -0.0003  0.1377 0 
 34.3572  0.6180  2.8470  0.2032  0.3860  0.0510  0.4722  0.0986 -0.0003  0.7856 1 
 33.1182 -0.6709 -0.3706  0.1441  0.5213  0.0110  0.2385  0.0899 -0.0003  0.4337 1 
 47.0558  0.7133  2.8197  0.0461  0.2730  0.0308  0.1734  0.0099 -0.0003  0.1880 0 
 44.7272 -0.7024 -0.3185  0.0299  0.0439  0.0336  0.1758  0.0109 -0.0003  0.0632 0 
 46.5522  0.5345  1.1118  0.0393  0.3676  0.0295  0.3044  0.0123 -0.0003  0.1932 0 
 36.9757 -0.5135 -2.0214  0.0063  0.4356  0.0353  0.2775  0.0883 -0.0003  0.1445 0 
 50.1747  0.2521  0.0080  0.0373  0.3661  0.0963  0.2986  0.1017 -0.0003  0.3944 0 
 45.4780 -0.2612 -3.1360  0.0117  0.1904  0.1218  0.4375  0.0587 -0.0003  0.1391 0 
 51.9234  0.1477 -1.3576  0.1232  0.4226  0.0855  0.4651  0.1036 -0.0003  0.6778 0 
 40.6226 -0.1265  1.7523  0.0538  0.7647  0.0135  0.3156  0.1505  0.1824  0.6260 0 
 44.4221  0.5740 -1.7122  0.0579  0.1540  0.0281  0.1761  0.0324 -0.0003  0.1036 0 
 43.2624 -0.5748  1.4458  0.0003  0.2150  0.0351  0.3546  0.0165 -0.0003  0.0708 0 
 52.5734 -0.7704 -1.8994  0.0250  0.2707  0.2420  0.4215  0.0084  0.1584  0.3069 0 
 45.2247  0.7657  1.1805  0.0103  0.5857  0.0261  0.3943  0.0246 -0.0003  0.1510 0 
 57.6455  0.4293  1.9650  0.0023  0.1368  0.0641  0.3295  0.0313  0.0486  0.0981 0 
 40.7416 -0.4495 -1.1929  0.0164  0.5187  0.0121  0.2252  0.0174 -0.0003  0.1076 0 
 42.0600 -0.1097  1.9337  0.0111  0.5791  0.0504  0.4913  0.0728 -0.0003  0.2320 0 
 41.3886  0.0976 -1.1890  0.0085  0.1038  0.0232  0.4934  0.0517 -0.0003  0.0753 0 
 45.6947 -0.7404  2.8218  0.0357  0.4652  0.0990  0.4807  0.1585 -0.0003  0.4393 0 
 37.2961  0.7665 -0.3265  0.0280  0.2699  0.0559  0.2769  0.0201 -0.0003  0.1898 0 
 43.8666  0.0131  0.8447  0.6863  0.4205  0.0407  0.3975  0.3012 -0.0003  0.9933 1 
 43.8239 -0.0137 -2.2786  0.1228  0.1631  0.0422  0.4418  0.1896  0.1392  0.8298 1 
 48.7190  0.2498  2.9787  0.0268  0.5296  0.0350  0.2149  0.0390 -0.0003  0.2147 0 
 47.4434 -0.2045 -0.1831  0.0327  0.2539  0.1702  0.2596  0.0320 -0.0003  0.2272 0 
 49.0700 -0.2110  0.2367  0.0602  0.1492  0.0853  0.4718  0.1734 -0.0003  0.4287 0 
 42.1698  0.1853 -2.8832  0.0008  0.2171  0.0375  0.4910  0.0204 -0.0003  0.1028 0 
 52.2621  0.6928 -0.9876  0.0945  0.2737  0.0419  0.1688  0.1409 -0.0003  0.5256 0 
 49.3263 -0.7010  2.2160  0.0394  0.1855  0.0426  0.3855  0.0878 -0.0003  0.1870 0 
 49.3690 -0.1577 -0.3740  0.0754  0.0590  0.0289  0.2569  0.0101 -0.0003  0.0709 0 
 32.3095  0.1705  2.7954  0.0434  0.7662  0.0244  0.3364  0.0567 -0.0003  0.2800 0 
 50.2754 -0.6376  1.6989  0.0248  0.5175  0.0377  0.3410  0.0820 -0.0003  0.2512 0 
 43.0152  0.6386 -1.4145  0.0046  0.7258  0.0798  0.6216  0.0095 -0.0003  0.2334 0 
 46.7689  0.4875  1.6857  0.0040  0.6020  0.0857  0.0868  0.0152 -0.0003  0.3932 0 
 43.4638 -0.4705 -1.4782  0.0593  0.2194  0.0276  0.3542  0.1415 -0.0003  0.2937 0 
 49.3568  0.1854 -2.7831  0.5309  0.6229  0.0269  0.3855  0.3679 -0.0003  0.9954 1 
 39.3530 -0.1685  0.3680  0.3669  0.1698  0.0309  0.6821  0.2857 -0.0003  0.9887 1 
 58.2559  0.0941  2.7040  0.0323  0.2111  0.0909  0.4519  0.0071  0.0989  0.2516 0 
 58.0545 -0.0746 -0.4762  0.0123  0.1131  0.2833  0.4112  0.0251 -0.0003  0.1190 0 
 47.8065 -0.3510 -0.6374  0.0077  0.2959  0.0936  0.3023  0.0385 -0.0003  0.1653 0 
 43.1464  0.3631  2.5003  0.0055  0.5029  0.0659  0.4880  0.0591 -0.0003  0.1916 0 
 59.0982 -0.1222 -3.0459  0.0823  0.4561  0.0339  0.3275  0.0840 -0.0003  0.4902 1 
 50.5714  0.1001  0.1262  0.3436  0.6539  0.0381  0.1277  0.1142 -0.0003  0.9164 1 
 45.8900 -0.6001  2.1491  0.0117  0.2394  0.0033  0.0873  0.0030 -0.0003  0.0894 0 
 45.6703  0.5729 -1.0215  0.0036  0.3175  0.1073  0.7429  0.0236 -0.0003  0.2316 0 
 44.7822  0.7984 -0.7868  0.0388  0.1557  0.0317  0.6589  0.0679 -0.0003  0.2840 1 
 41.8280 -0.8038  2.3536  0.0325  0.7761  0.0248  0.5367  0.0472  0.1334  0.5200 1 
 67.7287 -0.7844  1.2349  0.0251  0.5085  0.0634  0.2773  0.1061 -0.0003  0.4112 0 
 45.3346  0.7892 -1.9398  0.0077  0.0480  0.0370  0.3940  0.0327 -0.0003  0.0609 0 
 42.7161  0.3694  0.3649  0.0034  0.2556  0.0388  0.4893  0.0982  0.1888  0.3739 0 
 39.8596 -0.3633 -2.7863  0.1393  0.6633  0.0098  0.2719  0.1359 -0.0003  0.5909 0 
 48.0385  0.5965 -2.3154  0.0389  0.3150  0.1425  0.5607  0.1152 -0.0003  0.4047 0 
 42.8382 -0.5800  0.7984  0.0752  0.2217  0.0905  0.4444  0.0491 -0.0003  0.3689 0 
 55.8144  0.6873 -1.0443  0.0255  0.3991  0.1012  0.4152  0.0877 -0.0003  0.2843 0 
 47.4098 -0.6620  2.0698  0.0331  0.1429  0.1234  0.3030  0.0233 -0.0003  0.1178 0 
 52.1950  0.3005  2.5207  0.0401  0.3764  0.0612  0.5067  0.1971 -0.0003  0.5127 1 
 40.4059 -0.2827 -0.6008  0.4245  0.3699  0.0255  0.4063  0.4591  0.1453  0.9983 1 
 44.5960 -0.6177  2.5328  0.0693  0.4177  0.0344  0.2639  0.0522  0.1767  0.6629 0 
 42.4994  0.6079 -0.6019  0.0158  0.1930  0.0413  0.3118  0.0095 -0.0003  0.0949 0 
 52.1950 -0.7703  2.9314  0.0140  0.2272  0.0257  0.3378  0.0237 -0.0003  0.0710 0 
 44.7211  0.7836 -0.2115  0.0141  0.2899  0.0450  0.4834  0.0114  0.0795  0.2393 0 
 48.1666  0.1561 -1.6367  0.0053  0.5332  0.0276  0.3017  0.0352 -0.0003  0.1208 0 
 46.8849 -0.1122  1.4641  0.0106  0.1485  0.1782  0.3906  0.0466 -0.0003  0.1151 0 
 51.7098  0.1765  1.9635  0.0415  0.6495  0.0972  0.3386  0.0974  0.2177  0.7205 0 
 49.6559 -0.1506 -1.1575  0.0091  0.6831  0.0723  0.3849  0.0379 -0.0003  0.2273 0 
 46.7933 -0.2709  2.2612  0.0031  0.6396  0.1238  0.7382  0.0416 -0.0003  0.2577 0 
 43.5370  0.2706 -0.8859  0.0186  0.4097  0.0358  0.3098  0.0190  0.1851  0.4539 0 
 48.3986  0.3710 -0.4668  0.1475  0.6328  0.0764  0.3874  0.0812 -0.0003  0.8117 0 
 38.9166 -0.3620  2.7223  0.0150  0.5452  0.0522  0.3193  0.0450 -0.0003  0.2366 0 
 40.0793  0.0146  1.8270  0.0470  0.0574  0.0787  0.2715  0.0048 -0.0003  0.0844 0 
 38.8830 -0.0327 -1.2838  0.0264  0.5119  0.0497  0.2281  0.0485 -0.0003  0.3015 0 
 47.4983 -0.6418 -0.0447  0.0876  0.1746  0.0224  0.1730  0.1612 -0.0003  0.3208 0 
 42.1820  0.6613 -3.1002  0.0202  0.4441  0.0459  0.5802  0.0202 -0.0003  0.2392 0 
 42.2766  0.5757 -1.0198  0.0179  0.1612  0.0543  0.4460  0.0678 -0.0003  0.1334 1 
 27.4846 -0.5406  2.1666  0.0986  0.3689  0.0258  0.4032  0.1358  0.2770  0.9510 1 
 43.6652  0.1877 -1.0695  0.0732  0.4291  0.0175  0.2211  0.0737 -0.0003  0.2168 0 
 38.8373 -0.1835  2.0660  0.0018  0.0732  0.0398  0.2282  0.0432 -0.0003  0.0513 0 
 46.8116 -0.4974  1.8787  0.0384  0.0570  0.0948  0.3474  0.0289 -0.0003  0.0733 0 
 43.2380  0.5231 -1.2323  0.0015  0.2457  0.0329  0.2217  0.0656 -0.0003  0.0720 0 
 51.7739 -0.6910  2.4335  0.0542  0.5599  0.0470  0.2539  0.0995 -0.0003  0.5079 0 
 44.9683  0.7114 -0.7046  0.0730  0.7639  0.0436  0.4388  0.0141 -0.0003  0.5321 0 
 52.2896  0.5930 -1.2159  0.1118  0.1598  0.0477  0.2954  0.0673  0.0454  0.4650 0 
 42.6886 -0.5695  1.9227  0.0347  0.1611  0.0140  0.2224  0.0424 -0.0003  0.0516 0 
 49.0700 -0.1257  1.2579  0.0615  0.4259  0.2283  0.3431  0.0364 -0.0003  0.3686 0 
 48.5512  0.1571 -1.8800  0.0024  0.5154  0.0322  0.1720  0.0076 -0.0003  0.1983 0 
 46.7811  0.1346 -1.6140  0.0159  0.4418  0.0342  0.5211  0.0215 -0.0003  0.2068 0 
 44.0558 -0.1069  1.5278  0.0515  0.0337  0.0099  0.2206  0.1041  0.0559  0.1028 0 
 39.7528 -0.6905  0.4548  0.0123  0.5410  0.0365  0.2267  0.2650 -0.0003  0.4593 0 
 34.9798  0.6924 -2.7736  0.0022  0.3665  0.0314  0.2818  0.0384 -0.0003  0.0915 0 
 46.9734  0.1013  1.6424  0.5424  0.5118  0.0282  0.5640  0.5880 -0.0003  0.9974 1 
 43.9643 -0.0885 -1.4788  0.2699  0.1072  0.1933  0.4856  0.3482 -0.0003  0.9862 1 
 56.8917 -0.3739 -2.5441  0.0367  0.5142  0.1801  0.3719  0.0501 -0.0003  0.3093 0 
 42.3468  0.3966  0.6033  0.0734  0.3396  0.1415  0.4458  0.0952 -0.0003  0.4520 0 
 46.5766 -0.6702  1.4524  0.0836  0.2917  0.1363  0.5217  0.1103 -0.0003  0.5416 1 
 40.8209  0.6694 -1.6864  0.0852  0.3960  0.0282  0.2701  0.0870  0.3005  0.9483 1 
 40.2289  0.7203 -0.4640  0.2343  0.5387  0.0291  0.5424  0.4114 -0.0003  0.9866 1 
 38.2422 -0.7035  2.7039  0.0826  0.5567  0.1517  0.4125  0.1684  0.7444  0.9851 1 
 50.6081 -0.7251 -2.0139  0.0151  0.3541  0.1185  0.5958  0.0827 -0.0003  0.2739 0 
 45.5360  0.7151  1.1149  0.0883  0.4396  0.0097  0.2187  0.0142 -0.0003  0.1926 0 
 45.6580  0.6269 -0.2717  0.0439  0.5782  0.0759  0.5681  0.0723 -0.0003  0.3685 0 
 37.1374 -0.6303  2.9061  0.0341  0.1290  0.0597  0.2772  0.0281 -0.0003  0.1058 0 
 39.7833  0.4656 -2.3737  0.1281  0.2487  0.0647  0.2720  0.1436 -0.0003  0.6994 1 
 32.7459 -0.5189  0.7914  0.0223  0.2828  0.0291  0.4308  0.0275 -0.0003  0.1399 1 
 50.0313 -0.2395 -2.5551  0.0198  0.3936  0.0529  0.2988  0.0163 -0.0003  0.2202 0 
 38.7060  0.2549  0.6106  0.1412  0.7053  0.0203  0.3198  0.0090  0.0904  0.7353 0 
 47.7485  0.3885  2.2721  0.0399  0.2765  0.0846  0.3024  0.0902 -0.0003  0.3286 0 
 45.9480 -0.3626 -0.8540  0.0040  0.0792  0.0412  0.5236  0.0666 -0.0003  0.0902 0 
 46.3447  0.5895 -1.9163  0.0036  0.3468  0.0587  0.6095  0.1125 -0.0003  0.2334 0 
 40.7813 -0.5936  1.2300  0.0572  0.2103  0.0420  0.4053  0.0432 -0.0003  0.2340 0 
 47.7760  0.0340  1.2187  0.0113  0.4269  0.0387  0.1728  0.0594 -0.0003  0.1814 0 
 47.1717 -0.0383 -1.9176  0.0019  0.1385  0.0378  0.2600  0.0485 -0.0003  0.0524 0 
 44.3641 -0.5514  0.5559  0.0223  0.7033  0.0457  0.3963  0.0612 -0.0003  0.2919 0 
 43.3387  0.5634 -2.5354  0.0192  0.4988  0.1576  0.4431  0.1224 -0.0003  0.3276 0 
 47.6081 -0.1232 -0.4443  0.0035  0.2714  0.0801  0.3891  0.0173 -0.0003  0.1357 0 
 45.0629  0.1237  2.7154  0.0041  0.3562  0.0177  0.1754  0.0204 -0.0003  0.0926 0 
 48.0537 -0.0067  1.2855  0.0266  0.0631  0.0481  0.3450  0.0058 -0.0003  0.0765 0 
 33.8018 -0.0076 -1.8615  0.0388  0.0739  0.0107  0.1897  0.0421 -0.0003  0.0386 0 
 48.4504 -0.2880  1.2611  0.0626  0.3078  0.2032  0.6025  0.0983 -0.0003  0.4698 0 
 44.8920  0.2945 -1.8336  0.0212  0.4230  0.0228  0.4829  0.0737 -0.0003  0.2074 0 
 44.9928 -0.2116  2.6805  0.0011  0.3395  0.1199  0.6581  0.2348 -0.0003  0.3842 0 
 40.8484  0.2178 -0.4590  0.0210  0.2809  0.1584  0.4051  0.0569 -0.0003  0.2218 0 
 50.8614  0.2279  1.2682  0.0042  0.2325  0.0226  0.2550  0.0530 -0.0003  0.0519 0 
 43.0945 -0.2125 -1.8840  0.0157  0.3163  0.0488  0.2219  0.0015 -0.0003  0.2003 0 
 46.4729  0.1522 -2.8241  0.0026  0.2040  0.0546  0.5655  0.0486 -0.0003  0.1401 0 
 42.4353 -0.1259  0.2990  0.0031  0.3339  0.0115  0.3119  0.0181 -0.0003  0.0555 0 
 52.3232  0.3079  0.7828  0.0018  0.1664  0.0556  0.3376  0.2006 -0.0003  0.1900 0 
 46.5705 -0.3122 -2.3912  0.0045  0.4354  0.0683  0.4783  0.1057 -0.0003  0.2172 0 
 52.3201  0.1409  2.0467  0.0739  0.1224  0.0647  0.3376  0.0836 -0.0003  0.2293 0 
 44.8249 -0.1500 -1.0935  0.0932  0.1185  0.0678  0.3074 -0.0200 -0.0003  0.2211 0 
 61.7563 -0.5490 -1.5871  0.0021  0.1596  0.0404  0.6076  0.0673 -0.0003  0.1380 0 
 39.0082  0.5682  1.5292  0.0009  0.3952  0.0176  0.2279  0.0701 -0.0003  0.0819 0 
 48.7434  0.3436  0.6553  0.0633  0.5670  0.0859  0.5156  0.1120  0.3460  0.8597 0 
 35.3979 -0.3589 -2.5551  0.0070  0.0941  0.1068  0.4682  0.0296 -0.0003  0.0737 0 
 47.9835  0.0907 -2.5198  0.0037  0.4295  0.0242  0.3883  0.0684 -0.0003  0.1017 0 
 47.3945 -0.0917  0.6339  0.0085  0.0554  0.0256  0.3463  0.0718 -0.0003  0.0506 0 
 47.6478  0.6611  2.9654  0.0356  0.4107  0.0862  0.3458  0.0211 -0.0003  0.2636 0 
 45.0446 -0.6506 -0.1776  0.0365  0.3334  0.0466  0.4386  0.0523 -0.0003  0.2688 0 
 42.9358  0.6555 -0.9958  0.0510  0.1530  0.0219  0.3998  0.1202 -0.0003  0.1804 0 
 42.8779 -0.6504  2.1347  0.0377  0.6787  0.0240  0.0889  0.0118 -0.0003  0.2219 0 
 47.5227  0.5104 -0.6131  0.0089  0.1467  0.0243  0.1297  0.0972 -0.0003  0.0757 0 
 44.0650 -0.5114  2.5333  0.0138  0.1892  0.0137  0.2206  0.0126 -0.0003  0.0474 0 
 48.2521 -0.1415  0.7508  0.0091  0.2858  0.1179  0.5170  0.0709 -0.0003  0.2020 0 
 43.6225  0.0854 -2.3255  0.0489  0.3800  0.0949  0.5308  0.2402 -0.0003  0.6405 0 
 44.9165 -0.5709  1.2746  0.0072  0.1221  0.2312  0.5267  0.0120 -0.0003  0.1345 0 
 41.5198  0.5733 -1.8591  0.0243  0.5327  0.0181  0.2241  0.0176 -0.0003  0.1362 0 
 52.0943  0.5322  2.0343  0.0185  0.4467  0.0357  0.2535  0.0318 -0.0003  0.1726 1 
 51.7861 -0.5286 -1.1522  0.2821  0.5240  0.0617  0.4654  0.3441 -0.0003  0.9911 1 
 45.9876 -0.5894  0.3092  0.0215  0.2075  0.0467  0.1745  0.0014 -0.0003  0.1484 0 
 42.8443  0.5944 -2.8441  0.0089  0.6103  0.0788  0.6222  0.0181 -0.0003  0.2218 0 
 44.6815  0.5979  2.5536  0.0691  0.4295  0.0390  0.2198  0.0342 -0.0003  0.3694 0 
 42.2614 -0.6197 -0.5618  0.0220  0.5170  0.2082  0.5799  0.0401 -0.0003  0.2803 0 
 40.2319 -0.6424 -1.9403  0.0628  0.6698  0.0164  0.3164  0.0339 -0.0003  0.2680 1 
 38.1872  0.6523  1.2357  0.1628  0.3361  0.0739  0.5960  0.1683  0.5419  0.9975 1 
 46.2715  0.5950  2.4673  0.2082  0.7488  0.0439  0.2178  0.2654 -0.0003  0.9534 1 
 41.1933 -0.5773 -0.6676  0.5384  0.3322  0.0601  0.3144  0.7382 -0.0003  0.9982 1 
 45.9205 -0.6771 -1.0473  0.0190  0.1436  0.1074  0.6546  0.0104 -0.0003  0.1816 1 
 39.5361  0.7112  2.1177  0.3692  0.4061  0.0921  0.4542  0.2676  0.1588  0.9913 1 
 51.3588  0.5796 -2.9438  0.0389  0.1647  0.0384  0.3816  0.0228 -0.0003  0.1274 0 
 49.4911 -0.5763  0.2152  0.0024  0.1591  0.0425  0.3852  0.0340 -0.0003  0.0717 0 
 45.4231 -0.4775 -0.3333  0.3677  0.5119  0.0274  0.3501  0.3726 -0.0003  0.9911 1 
 39.4049  0.5026  2.7894  0.4318  0.3095  0.0435  0.3182  0.2600  0.4434  0.9995 1 
 63.3799  0.6392 -1.0814  0.0103  0.2179  0.0691  0.3220  0.1168 -0.0003  0.1758 0 
 32.6818 -0.6253  2.0812  0.0180  0.7763  0.0053  0.0958  0.0029 -0.0003  0.1408 0 
 52.7810 -0.7253  1.6484  0.0051  0.0913  0.0328  0.2526  0.1247 -0.0003  0.0676 0 
 42.9603  0.7223 -1.5046  0.0203  0.3156  0.0524  0.2665  0.1602 -0.0003  0.3413 0 
 46.8605  0.2755  0.4389  0.0614  0.5250  0.0288  0.4341  0.2589 -0.0003  0.7193 0 
 43.2502 -0.2630 -2.6732  0.0587  0.0843  0.1693  0.3990  0.1517 -0.0003  0.2780 0 
 41.5595  0.7596  1.4716  0.3213  0.5573  0.0669  0.2688  0.4009 -0.0003  0.9945 1 
 40.7996 -0.7717 -1.6797  0.0128  0.2849  0.0476  0.5404  0.2128 -0.0003  0.3312 1 
 50.5745 -0.7250  2.9945  0.0744  0.3525  0.1867  0.6385  0.1176 -0.0003  0.5780 0 
 48.6854  0.6927 -0.1465  0.0674  0.3896  0.0372  0.3438  0.0253 -0.0003  0.3557 0 
 48.9693 -0.6305  2.7310  0.0157  0.4302  0.0713  0.4721  0.1718 -0.0003  0.3572 0 
 46.1097  0.6622 -0.3926  0.0407  0.4665  0.1135  0.3487  0.0069  0.3907  0.6176 0 
 52.3720 -0.3900 -2.2891  0.0139  0.4244  0.0379  0.2109  0.0065 -0.0003  0.2074 0 
 36.3531  0.4141  0.8901  0.0043  0.2321  0.1541  0.5577  0.0849  0.8171  0.7924 0 
 47.6631  0.7615  0.1720  0.0002  0.1375  0.0335  0.3025  0.1597 -0.0003  0.0916 0 
 43.1037 -0.7649 -2.9169  0.0338  0.3763  0.0238  0.3106  0.0829 -0.0003  0.1601 0 
 54.8867  0.4677 -3.1061  0.0622  0.3248  0.0708  0.2502  0.0464 -0.0003  0.4003 0 
 47.3335 -0.4849  0.0452  0.0615  0.4878  0.0513  0.3897  0.0742  0.1309  0.6546 0 
 49.0730 -0.3434  1.0236  0.0179  0.1112  0.3155  0.3431  0.0032 -0.0003  0.1157 0 
 42.1668  0.3471 -2.1096  0.0000  0.1931  0.0467  0.1785  0.0104 -0.0003  0.0959 0 
 47.8492  0.4886  1.5288  0.0018  0.3258  0.0139  0.2591  0.0994  0.0192  0.0843 0 
 47.4464 -0.4688 -1.5689  0.0031  0.2212  0.0635  0.2163  0.0767 -0.0003  0.1346 0 
 49.3782 -0.1652 -2.7653  0.0056  0.3941  0.1234  0.4711  0.0670 -0.0003  0.2063 0 
 46.4118  0.1793  0.3543  0.0050  0.4517  0.0334  0.1306  0.0927 -0.0003  0.1763 0 
 49.7353 -0.6365  2.8451  0.1927  0.2125  0.0512  0.2992  0.0527 -0.0003  0.5695 0 
 45.0629  0.6328 -0.3395  0.1156  0.4493  0.0206  0.2631  0.0523 -0.0003  0.3869 0 
 45.5329  0.6897 -0.1547  0.0432  0.1671  0.0289  0.3062  0.0834 -0.0003  0.1165 0 
 32.3949 -0.7034  2.9500  0.0402  0.1927  0.0221  0.3361  0.0329 -0.0003  0.0919 0 
 45.0233  0.2141 -1.5808  0.6663  0.6443  0.0245  0.4386  0.7116 -0.0003  0.9982 1 
 39.0478 -0.2034  1.5750  0.1747  0.5539  0.0407  0.1823  0.2342  0.4184  0.9972 1 
 46.3539  0.3894 -2.5912  0.0417  0.2471  0.0430  0.4353  0.0663 -0.0003  0.2447 0 
 43.9734 -0.3847  0.5404  0.0262  0.1928  0.1257  0.4414  0.0932 -0.0003  0.2191 0 
 56.1349  0.5399 -2.6257  0.2541  0.1296  0.0535  0.3317  0.1752 -0.0003  0.8302 1 
 38.6969 -0.5972  0.5594  0.0243  0.3728  0.0397  0.4111  0.0178 -0.0003  0.2027 1 
 51.4931  0.7150  0.2748  0.0150  0.4424  0.0292  0.2542  0.0510 -0.0003  0.1305 0 
 51.0536 -0.7105 -2.8497  0.0178  0.1817  0.1017  0.3397  0.1089 -0.0003  0.1742 0 
 50.5867  0.0594  0.8926  0.1304  0.1662  0.1468  0.5107  0.0800 -0.0003  0.5321 0 
 41.7517 -0.0288 -2.2571  0.0840  0.4402  0.0225  0.4027  0.0834 -0.0003  0.4590 0 
 42.7070 -0.0081  0.0268  0.1099  0.7182  0.0118  0.4003  0.1484 -0.0003  0.6355 0 
 41.9867  0.0057 -3.0940  0.0703  0.3418  0.0585  0.4915  0.0486  0.3203  0.7527 0 
 48.5176 -0.7376  1.3473  0.0295  0.0737  0.0591  0.2151  0.1392 -0.0003  0.1350 0 
 46.2593  0.7392 -1.8005  0.0266  0.2009  0.0590  0.2178  0.0034 -0.0003  0.1612 0 
 46.3569 -0.0808  2.8546  0.0165  0.6472  0.1004  0.6530  0.0635  0.1922  0.5353 0 
 41.8830  0.0482 -0.2650  0.0335  0.2575  0.0818  0.3130  0.0128  0.1809  0.3634 0 
 50.1564 -0.6125 -0.9535  0.1763  0.4653  0.0423  0.2133  0.1971 -0.0003  0.8554 1 
 41.7395  0.6269  2.2162  0.1274  0.6339  0.0366  0.2238  0.0411 -0.0003  0.6864 1 
 48.1178 -0.6708  1.4239  0.0602  0.1504  0.0655  0.5173  0.0662 -0.0003  0.3015 0 
 37.8973  0.6578 -1.6687  0.1292  0.7121  0.0800  0.2297  0.1168 -0.0003  0.8947 0 
 44.9531 -0.5192  1.2864  0.0340  0.5656  0.1051  0.2633  0.0250 -0.0003  0.2911 0 
 44.7761  0.5499 -1.8388  0.0322  0.5993  0.1205  0.3075  0.0175 -0.0003  0.2702 0 
 46.3264 -0.6692 -2.4621  0.0608  0.1908  0.0167  0.2177  0.0927 -0.0003  0.1314 0 
 44.1108  0.6582  0.6608  0.0227  0.1932  0.0280  0.4410  0.0329 -0.0003  0.1088 0 
 35.0835 -0.2422 -0.2681  0.5389  0.7242  0.0524  0.2347  0.2735 -0.0003  0.9956 1 
 23.9536  0.2821  2.9051  0.0606  0.6335  0.0208  0.3680  0.1746  0.1972  0.7394 1 
 46.9062 -0.6943 -0.4912  0.0143  0.2763  0.0410  0.3472  0.0103 -0.0003  0.1302 0 
 44.8096  0.6910  2.6376  0.0015  0.0508  0.0565  0.2635  0.0267 -0.0003  0.0641 0 
 46.5003  0.8074  2.9724  0.0193  0.3642  0.1613  0.5654  0.0872 -0.0003  0.2966 0 
 41.3886 -0.7880 -0.1991  0.0275  0.2730  0.0284  0.1346  0.0333 -0.0003  0.1425 0 
 45.3040  0.1340  3.1275  0.7315  0.2547  0.1070  0.6131  0.4731  0.1252  0.9949 1 
 43.1281 -0.1341 -0.0160  0.1218  0.4344  0.0487  0.3993  0.0959 -0.0003  0.6818 1 
 46.7750 -0.1834  1.9320  0.0036  0.3856  0.0760  0.3908  0.0425 -0.0003  0.1631 0 
 42.2797  0.1896 -1.2315  0.0232  0.2442  0.0283  0.4014  0.0065 -0.0003  0.1217 0 
 43.3112 -0.6944  0.9691  0.0163  0.3906  0.0136  0.3989  0.0974 -0.0003  0.1153 0 
 43.1647  0.6998 -2.1624  0.0136  0.2890  0.0414  0.2218  0.0107 -0.0003  0.1434 0 
 42.6490  0.2359 -2.7636  0.0038  0.6133  0.1456  0.3560  0.2565 -0.0003  0.5491 1 
 34.2168 -0.1863  0.3737  0.1805  0.3372  0.0708  0.3782  0.3113  0.1272  0.9612 1 
 42.4445  0.5776  1.2453  0.0457  0.3865  0.0208  0.3119  0.0518 -0.0003  0.1630 1 
 35.4833 -0.5778 -1.8919  0.0875  0.6079  0.0751  0.6551  0.0394  0.4378  0.9556 1 
 44.8127  0.2382 -1.8531  0.0093  0.1970  0.0694  0.3953  0.0195 -0.0003  0.1173 0 
 43.3387 -0.2682  1.2638  0.0267  0.3218  0.0440  0.5760  0.0886 -0.0003  0.3089 0 
 50.6874 -0.6750 -0.9649  0.0086  0.1620  0.1441  0.3829  0.0057 -0.0003  0.1072 0 
 45.9876  0.6547  2.1557  0.0224  0.4723  0.0526  0.4362  0.0836 -0.0003  0.2822 0 
 49.1859 -0.6424  1.5791  0.0348  0.2635  0.0206  0.2572  0.0383 -0.0003  0.0926 0 
 47.4434  0.6317 -1.5794  0.0139  0.4626  0.0284  0.3462  0.0079 -0.0003  0.1562 0 
 48.7556 -0.2855  2.4714  0.0039  0.5401  0.0367  0.2578  0.0743 -0.0003  0.1594 0 
 43.6408  0.3344 -0.6428  0.0029  0.2631  0.0316  0.1769  0.0262 -0.0003  0.0894 0 
 53.0526 -0.2848 -2.5124  0.0340  0.6461  0.3131  0.4626  0.0451  0.7711  0.7435 1 
 39.2035  0.2757  0.6643  0.1742  0.6649  0.0468  0.5462  0.3375  0.2033  0.9715 1 
 48.2521  0.0900  0.4582  0.3153  0.6999  0.0727  0.2585  0.3214 -0.0003  0.9915 1 
 44.0986 -0.1186 -2.7230  0.0889  0.3275  0.0493  0.3087  0.0086 -0.0003  0.4148 1 
 42.8565  0.2673  1.2391  0.0024  0.3299  0.0969  0.2222  0.0661 -0.0003  0.2268 0 
 41.6693 -0.2640 -1.9193  0.0507  0.3152  0.0717  0.1791  0.0143 -0.0003  0.3642 0 
 45.6367  0.4051 -1.4998  0.0399  0.3994  0.0324  0.4808  0.0952 -0.0003  0.3546 0 
 40.9522 -0.4640  1.6488  0.0136  0.0595  0.0582  0.4049  0.0352 -0.0003  0.0744 0 
 49.6284  0.2062  1.4052  0.0400  0.1433  0.1169  0.2994  0.0125 -0.0003  0.1290 0 
 43.9582 -0.2051 -1.7394  0.0136  0.3151  0.0240  0.2207  0.0191 -0.0003  0.0942 0 
 46.7506 -0.2333 -1.8964  0.0928  0.4748  0.0146  0.2172  0.1026 -0.0003  0.3057 0 
 40.4120  0.2397  1.2685  0.0319  0.3014  0.0597  0.3612  0.0496 -0.0003  0.2318 0 
 47.4281 -0.5057 -2.4766  0.2006  0.2868  0.0821  0.3462  0.0797 -0.0003  0.7024 0 
 47.2084  0.5202  0.6182  0.0015  0.4514  0.1913  0.2166  0.0154 -0.0003  0.2184 0 
 51.9020  0.4609 -0.6517  0.2119  0.4542  0.0732  0.3805  0.1761 -0.0003  0.9316 0 
 40.5280 -0.4627  2.4882  0.1386  0.4622  0.0535  0.4511  0.0645 -0.0003  0.6688 0 
 50.2022  0.1756 -2.1034  0.0037  0.2286  0.0292  0.4691  0.1039 -0.0003  0.1157 0 
 30.2434 -0.1568  1.0566  0.0546  0.3028  0.0169  0.1469  0.0220 -0.0003  0.1451 0 
 50.5562 -0.7181 -2.4485  0.0762  0.2435  0.0716  0.2554  0.0137 -0.0003  0.3395 1 
 36.1120  0.7105  0.6880  0.3018  0.5353  0.0523  0.6519  0.3328  0.2075  0.9987 1 
 51.5999  0.6330 -1.6571  0.0227  0.1757  0.0614  0.4235  0.1091 -0.0003  0.1846 0 
 42.6001 -0.6436  1.4817  0.0004  0.6054  0.0149  0.2671  0.0663 -0.0003  0.0995 0 
 49.0791  0.7937  1.0026  0.0168  0.1097  0.0310  0.3431  0.0104 -0.0003  0.0623 0 
 43.5676 -0.7924 -2.0988  0.0105  0.3688  0.0292  0.3982  0.0823  0.0983  0.3179 0 
 49.2622  0.5533 -1.5051  0.0210  0.1717  0.0868  0.4285  0.1215 -0.0003  0.1966 0 
 45.7313 -0.5323  1.5946  0.0036  0.5102  0.0334  0.2621  0.0292 -0.0003  0.1412 0 
 54.1451 -0.0704  2.1008  0.0217  0.3720  0.0624  0.2510  0.0086 -0.0003  0.2539 0 
 45.4841  0.0810 -1.0546  0.0335  0.6182  0.0235  0.4812  0.1223 -0.0003  0.3916 0 
 36.6979 -0.2903  0.3678  0.1877  0.6275  0.0903  0.3708 -0.0200  0.4302  0.9924 1 
 30.9483  0.2514 -2.6739  0.1671  0.3382  0.0475  0.1946  0.1129 -0.0003  0.7352 1 
 40.4883  0.1776 -2.9384  0.0443  0.4081  0.0255  0.3610  0.0062 -0.0003  0.2319 0 
 35.5383 -0.1879  0.2063  0.0126  0.4754  0.0336  0.2339  0.0838 -0.0003  0.1654 0 
 50.0221  0.8070  1.3528  0.0726  0.2975  0.0744  0.5549  0.0524 -0.0003  0.4443 0 
 46.8482 -0.7990 -1.7756  0.0130  0.2028  0.0302  0.2605  0.0124 -0.0003  0.0708 0 
 53.2387  0.3290  0.3858  0.0148  0.4125  0.2285  0.5042  0.0511 -0.0003  0.2655 0 
 43.6927 -0.3258 -2.7803  0.0130  0.0278  0.0679  0.2211  0.0281 -0.0003  0.0766 0 
 44.3427 -0.5608  1.7063  0.0157  0.0860  0.1412  0.4404  0.0176 -0.0003  0.0739 0 
 41.7670  0.5607 -1.4368  0.0130  0.1958  0.0535  0.4027  0.0591 -0.0003  0.1211 0 
 40.1953 -0.8129 -2.9945  0.1028  0.2177  0.1225  0.5425  0.1618  0.1075  0.8367 1 
 37.4762  0.8160  0.1382  0.0084  0.6774  0.0079  0.1843  0.0560 -0.0003  0.1180 1 
 43.8117  0.3263 -2.9605  0.0145  0.3178  0.0473  0.4418  0.0640 -0.0003  0.1808 0 
 36.9909 -0.3389  0.1907  0.0174  0.4038  0.0544  0.1388  0.0120 -0.0003  0.3213 0 
 49.1371  0.0093 -1.3082  0.0406  0.1485  0.1739  0.3859  0.0311 -0.0003  0.1673 0 
 43.2837 -0.0106  1.8601  0.0100  0.0959  0.0529  0.2659  0.0032 -0.0003  0.0755 0 
 55.4421 -0.6842  2.3756  0.0282  0.1685  0.0721  0.4991  0.0467 -0.0003  0.1799 0 
 47.3213  0.6926 -0.7575  0.0534  0.1998  0.0238  0.4330  0.1179 -0.0003  0.2519 0 
 50.8461 -0.3842  1.1848  0.0145  0.4807  0.1165  0.6376  0.0468 -0.0003  0.2557 0 
 43.3875  0.3886 -1.9601  0.0321  0.3381  0.0530  0.3544  0.0209  0.0184  0.2617 0 
 44.3885 -0.3295 -2.7366  0.0216  0.3154  0.1739  0.6164  0.0330 -0.0003  0.2747 0 
 40.5097  0.3139  0.4278  0.0242  0.1589  0.0387  0.3610  0.0328 -0.0003  0.0921 0 
 56.3119  0.3548  0.2053  0.2727  0.5019  0.1094  0.3314  0.0987 -0.0003  0.9100 0 
 46.3233 -0.3180 -2.9589  0.0093  0.1418  0.0344  0.2177  0.0150 -0.0003  0.0610 0 
 50.8156 -0.6297  2.5931  0.0472  0.5455  0.0378  0.2126  0.0259 -0.0003  0.3224 0 
 45.9541  0.6525 -0.5292  0.0190  0.2328  0.0421  0.2182  0.0047 -0.0003  0.1313 0 
 45.3986 -0.6698  2.2873  0.0117  0.4639  0.1059  0.7003  0.1479 -0.0003  0.3542 0 
 42.8016  0.6643 -0.8542  0.0345  0.3429  0.0177  0.2667  0.0368 -0.0003  0.1066 0 
 45.8320  0.2749 -2.9762  0.0027  0.3396  0.0099  0.2183  0.0095  0.0988  0.1476 0 
 32.0500 -0.2656  0.1741  0.0962  0.2440  0.0164  0.2408  0.0700 -0.0003  0.1955 0 
 47.9500  0.3591  2.3940  0.7767  0.3869  0.0789  0.5610  0.9173  0.2513  0.9998 1 
 40.3815 -0.3847 -0.7488  0.1841  0.4400  0.0269  0.3612  0.2117  0.1665  0.9211 1 
 47.2969 -0.6541  2.5275  0.0192  0.1241  0.0292  0.2598  0.0113 -0.0003  0.0576 0 
 45.5695  0.6730 -0.6008  0.0223  0.2911  0.1111  0.4373  0.0355 -0.0003  0.2015 0 
 51.0018  0.2929  1.1472  0.0142  0.2379  0.1218  0.2124  0.0164 -0.0003  0.1730 0 
 45.3956 -0.2897 -1.9944  0.0036  0.4443  0.1508  0.3501  0.0368 -0.0003  0.2125 0 
 51.8624 -0.7602  2.8076  0.0529  0.6249  0.0872  0.2960  0.1240 -0.0003  0.6002 0 
 37.9828  0.7423 -0.3719  0.0469  0.3157  0.0391  0.4132  0.1986 -0.0003  0.4753 0 
 53.1655  0.3751 -1.2917  0.0499  0.6341  0.0243  0.2942  0.0455 -0.0003  0.2555 0 
 44.5045 -0.4018  1.8293  0.0295  0.1956  0.0106  0.1320  0.0148 -0.0003  0.0720 0 
 44.7120  0.0123 -1.3536  0.1630  0.4379  0.0591  0.4395  0.1793 -0.0003  0.8912 1 
 37.9370 -0.0099  1.7848  0.0971  0.5203  0.0283  0.3675  0.0500  0.2849  0.9455 1 
 47.9683  0.5592 -2.2690  0.0840  0.3003  0.0293  0.3452  0.1094 -0.0003  0.4132 0 
 47.2724 -0.5438  0.8573  0.3180  0.4683  0.0162  0.3465  0.3001 -0.0003  0.9625 0 
 58.8571  0.4144 -0.1778  0.0261  0.4223  0.1901  0.3688  0.1445 -0.0003  0.3983 0 
 43.5554 -0.4023  2.9620  0.0525  0.5117  0.0191  0.3540  0.0563  0.1251  0.5158 0 
 48.5512 -0.6775 -0.0979  0.0303  0.5467  0.1126  0.5592  0.0369  0.1795  0.5167 0 
 37.5738  0.7041  3.0091  0.0046  0.2472  0.0307  0.2763  0.0610 -0.0003  0.0663 0 
 47.9530  0.1399 -0.3490  0.0264  0.0780  0.0149  0.1726  0.0529 -0.0003  0.0419 0 
 46.4210 -0.1227  2.7776  0.0699  0.4181  0.0359  0.2611  0.1010 -0.0003  0.4204 0 
 40.2838  0.0031 -0.6742  0.4068  0.7429  0.0665  0.7230  0.6199  0.3128  0.9998 1 
 28.0308 -0.0008  2.5653  0.0959  0.5277  0.1043  0.4509  0.0800 -0.0003  0.5297 1 
 45.0111  0.2822 -1.4012  0.1214  0.0792  0.0158  0.3071  0.0406 -0.0003  0.1198 0 
 43.2837 -0.2695  1.7738  0.0081  0.7190  0.0610  0.4876  0.0136 -0.0003  0.2119 0 
 50.3426  0.3311  1.7926  0.0114  0.3403  0.1322  0.5966  0.0069 -0.0003  0.2123 0 
 48.2826 -0.3289 -1.4141  0.0424  0.1376  0.0235  0.2154  0.1342 -0.0003  0.1315 0 
 53.4951 -0.1939 -1.6570  0.1830  0.1997  0.0504  0.5455  0.0363  0.2295  0.8722 0 
 35.7244  0.2206  1.4372  0.0952  0.4350  0.0211  0.3269  0.1208 -0.0003  0.4631 0 
 52.4788  0.6745 -2.3361  0.1490  0.2585  0.0695  0.2530  0.1961 -0.0003  0.8255 1 
 24.3931 -0.6949  0.8255  0.0321  0.1669  0.0318  0.2614  0.0353  0.2026  0.4720 1 
 45.1576 -0.6293 -2.7629  0.0048  0.5796  0.0345  0.4383  0.1550 -0.0003  0.2905 0 
 44.5777  0.6510  0.3973  0.0526  0.8008  0.0668  0.5278  0.0312  0.2542  0.7214 0 
 42.5147 -0.5513 -2.3304  0.5221  0.3338  0.0990  0.3563  0.3481 -0.0003  0.9962 1 
 39.2889  0.5707  0.7592  0.1397  0.7689  0.0301  0.3184  0.1376 -0.0003  0.7958 1 
 45.0782  0.2513  1.6428  0.0428  0.2689  0.0255  0.5262  0.0179 -0.0003  0.2432 0 
 40.6256 -0.2615 -1.4761  0.1530  0.1248  0.0454  0.2705  0.1492 -0.0003  0.5686 0 
 39.6521 -0.5443 -0.3325  0.2699  0.1943  0.0591  0.4084  0.3520 -0.0003  0.9804 1 
 34.2687  0.5442  2.8052  0.7311  0.7268  0.0138  0.4725  0.6412  0.1784  0.9983 1 
 61.8326 -0.1462 -2.3040  0.0598  0.0489  0.0316  0.4049  0.1429 -0.0003  0.1478 0 
 48.4688  0.1537  0.8105  0.0455  0.3060  0.0609  0.5164  0.1313  0.1822  0.6467 0 
 57.0596 -0.6698 -2.6151  0.0632  0.1395  0.1472  0.3304  0.0320 -0.0003  0.1960 0 
 45.5848  0.6534  0.5479  0.0116  0.1604  0.0228  0.1312  0.0038 -0.0003  0.0725 0 
 45.5085  0.0164 -0.2425  0.0322  0.2200  0.1474  0.3937  0.0296 -0.0003  0.1958 0 
 34.8669 -0.0118  2.8737  0.0000 -1.0000  0.0000  0.0470  0.0099 -0.0003  0.1793 0 
 43.2380  0.2156 -0.9613  0.3413  0.4363  0.1086  0.6207  0.4848  0.2842  0.9993 1 
 29.9443 -0.2955  2.1873  0.2742  0.6429  0.0381  0.0982  0.1796  0.2733  0.9421 1 
 43.0152  0.4786 -3.1309  0.0805  0.3410  0.0548  0.2664  0.0377 -0.0003  0.4337 0 
 40.5280 -0.4665  0.0785  0.0398  0.2350  0.1459  0.4962  0.0711 -0.0003  0.2999 0 
 51.2886  0.1904  2.4396  0.0190  0.2777  0.0379  0.1273 -0.0200 -0.0003  0.2458 0 
 44.2664 -0.1867 -0.6935  0.0120  0.2355  0.0435  0.2644  0.0904 -0.0003  0.1182 0 
 45.3925 -0.1118 -0.8237  0.0060  0.0544  0.1173  0.2626  0.0162 -0.0003  0.0538 0 
 44.2512  0.1161  2.3290  0.0233  0.2046  0.0416  0.3966  0.0042 -0.0003  0.1316 0 
 33.6858  0.3672  1.2453  0.2588  0.4321  0.0366  0.2849  0.1275  0.1363  0.8628 1 
 17.3770 -0.3343 -1.8692  0.1870  0.3856  0.0231  0.6434  0.1426 -0.0003  0.8734 1 
 42.1454 -0.5741  0.0306  0.0998  0.0976  0.0446  0.2678  0.0989 -0.0003  0.2185 0 
 37.6928  0.5744 -3.1293  0.0940  0.3083  0.0312  0.1841  0.0662  0.0330  0.4371 0 
 44.7791 -0.2992  2.1704  0.0217  0.3516  0.0982  0.3075  0.0723 -0.0003  0.2589 0 
 44.2176  0.3167 -0.9338  0.2836  0.6662  0.1582  0.5729  0.4311 -0.0003  0.9978 0 
 52.2621 -0.4412  1.3225  0.0228  0.3269  0.0844  0.4643  0.0510 -0.0003  0.2268 0 
 45.1362  0.4261 -1.8524  0.0385  0.4627  0.0304  0.4822  0.0212 -0.0003  0.2956 0 
 47.5044  0.4476  0.8464  0.0655  0.4048  0.0382  0.3893  0.0552 -0.0003  0.4027 0 
 26.3554 -0.4398 -2.2781  0.1363  0.1711  0.0221  0.2042  0.1017 -0.0003  0.3263 0 
 48.4871  0.7317  0.7988  0.0030  0.4800  0.1807  0.3872  0.0486 -0.0003  0.2395 0 
 34.7387 -0.7184 -2.3643  0.0928  0.3409  0.0247  0.3295  0.0849 -0.0003  0.3844 0 
 44.8249  0.5497 -2.1235  0.5490  0.4984  0.0610  0.4831  0.4877 -0.0003  0.9970 1 
 42.0417 -0.5426  1.0331  0.5264  0.6629  0.0387  0.7147  0.6121 -0.0003  0.9965 1 
 45.9205  0.5937 -0.9312  0.0365  0.3895  0.0642  0.5236  0.1182  0.2970  0.7217 0 
 41.6449 -0.5822  2.2124  0.0344  0.3584  0.0605  0.2687  0.0715 -0.0003  0.3114 0 
 52.4605 -0.0500 -2.3149  0.0331  0.5230  0.0505  0.3374  0.0938 -0.0003  0.3795 1 
 43.0518  0.0570  0.8085  0.5329  0.5523  0.0417  0.4439  0.2506 -0.0003  0.9866 1 
 49.3538  0.5281 -1.8436  0.0109  0.1537  0.1556  0.3855 -0.0200 -0.0003  0.1153 0 
 43.2105 -0.4820  1.2883  0.1048  0.5142  0.0827  0.3547  0.1793 -0.0003  0.8317 0 
 43.3387  0.1217 -2.4173  0.0411  0.3384  0.1205  0.3988  0.0410  0.7461  0.9420 1 
 22.9191 -0.1131  0.6680  0.2819  0.6971  0.0289  0.3199  0.4117  0.3311  0.9978 1 
 46.4454  0.6094 -2.2533  0.2450  0.4407  0.0583  0.3916  0.1055 -0.0003  0.8413 1 
 45.8686 -0.6032  0.8622  0.5646  0.9000  0.0292  0.4802  0.7572 -0.0003  0.9982 1 
 48.0110 -0.4195  0.7426  0.0880  0.4885  0.0287  0.4314  0.1060 -0.0003  0.5997 0 
 42.0722  0.4109 -2.3935  0.0386  0.5841  0.0338  0.3573  0.0849 -0.0003  0.3313 0 
 34.4701  0.5755 -2.9533  0.3461  0.4140  0.0616  0.3774  0.3889  0.4122  0.9997 1 
 30.4417 -0.6584  0.2498  0.3413  0.4817  0.0093  0.4400  0.5576  0.1196  0.9975 1 
 48.2399  0.7859 -1.9100  0.0133  0.4415  0.1576  0.4309  0.0106 -0.0003  0.2159 0 
 34.8791 -0.7772  1.2233  0.0211  0.3379  0.0437  0.1410  0.0108 -0.0003  0.2502 0 
 46.1982 -0.2455  2.2137  0.0410  0.3516  0.0482  0.1743  0.0527 -0.0003  0.2934 0 
 44.4892  0.2678 -0.8671  0.0610  0.5270  0.0523  0.2200  0.0139 -0.0003  0.4651 0 
 45.6886 -0.1573  2.8541  0.0326  0.3027  0.0093  0.2622  0.0474 -0.0003  0.0778 0 
 42.3560  0.1697 -0.3233  0.0499  0.4405  0.0906  0.3566  0.1223 -0.0003  0.4845 0 
 56.3577  0.1388 -2.5014  0.0285  0.2625  0.0255  0.2485  0.0322 -0.0003  0.0953 0 
 50.6264 -0.1375  0.6546  0.0020  0.3084  0.0985  0.2128  0.0207  0.1193  0.2628 0 
 46.8879 -0.2137  1.6245  0.0179  0.1184  0.0751  0.4340 -0.0200 -0.0003  0.1034 0 
 44.4404  0.2165 -1.4650  0.0424  0.4645  0.0888  0.3521  0.0828 -0.0003  0.3806 0 
 44.9500  0.5611 -0.5547  0.0302  0.3461  0.0684  0.2633  0.1590 -0.0003  0.4598 1 
 34.9554 -0.5592  2.5692  0.1207  0.4871  0.0142  0.3759  0.1334  0.2538  0.9666 1 
 46.9581 -0.0083  0.7048  0.0317  0.2210  0.1311  0.5640  0.0213 -0.0003  0.2405 0 
 43.7659  0.0082 -2.4103  0.0679  0.3097  0.0625  0.3535  0.0425 -0.0003  0.3747 0 
 41.1963 -0.2987 -0.0852  0.0718  0.4097  0.0526  0.4042  0.0820 -0.0003  0.5053 0 
 40.3235  0.2972  3.0769  0.3027  0.3636  0.0154  0.3162  0.3864 -0.0003  0.9765 0 
 47.3610  0.5702 -2.3677  0.7831  0.7958  0.0655  0.5627  0.5339 -0.0003  0.9973 1 
 18.3780 -0.5818  0.6233  0.3563  0.2308  0.0339  0.4016  0.4133 -0.0003  0.9915 1 
 45.9785  0.5448  0.5780  0.1397  0.7936  0.0524  0.3490  0.1876  0.0672  0.9271 1 
 38.9624 -0.5276 -2.5353  0.1672  0.5427  0.0524  0.5016  0.0762 -0.0003  0.7817 1 
 43.1922 -0.3635 -1.8966  0.0312  0.2309  0.0246  0.1330  0.0079 -0.0003  0.1308 0 
 36.8170  0.3875  1.2559  0.0136  0.2285  0.0349  0.1389  0.0384 -0.0003  0.1122 0 
 48.1361  0.5964 -3.0378  0.0337  0.4840  0.0844  0.9915  0.1273 -0.0003  0.6116 0 
 47.5044 -0.5616  0.1029  0.0251  0.0782  0.4379  0.3460  0.0615 -0.0003  0.1079 0 
 45.7313 -0.4001  1.3955  0.0216  0.5082  0.0400  0.4369  0.0162 -0.0003  0.2266 0 
 41.3489  0.3678 -1.7478  0.0291  0.3745  0.0644  0.2244  0.0270 -0.0003  0.2956 0 
 45.7099 -0.4790  2.5434  0.0619  0.1706  0.0551  0.6117  0.1534  0.1310  0.6583 0 
 42.6337  0.4849 -0.5959  0.0067  0.3614  0.0310  0.2225  0.0075 -0.0003  0.1301 0 
 47.7089 -0.1393  1.7630  0.0037  0.0763  0.0157  0.2160  0.0107 -0.0003  0.0389 0 
 41.3611  0.1242 -1.3618  0.0910  0.1652  0.0243  0.3140  0.1004  0.0840  0.4815 0 
 50.1259  0.5524  0.6726  0.1133  0.4727  0.1727  0.9812  0.1567 -0.0003  0.9211 0 
 46.4912 -0.5440 -2.4448  0.0302  0.2890  0.0555  0.3045  0.0244 -0.0003  0.2036 0 
 47.1138 -0.4117 -1.0539  0.0249  0.6362  0.0322  0.3901  0.0093 -0.0003  0.2428 0 
 44.3793  0.4266  2.0835  0.0019  0.0413  0.0183  0.0881  0.1129 -0.0003  0.0661 0 
 50.1106 -0.5343 -2.3066  0.0918  0.4453  0.1279  0.5120  0.0368 -0.0003  0.4304 0 
 48.2521  0.5489  0.8902  0.0527  0.2098  0.0980  0.5170  0.0549 -0.0003  0.3214 0 
 46.6499 -0.7628 -0.9813  0.0744  0.3911  0.0841  0.4346  0.0827 -0.0003  0.4817 1 
 35.1873  0.7514  2.1722  0.1394  0.0984  0.0392  0.5628  0.2761  0.2487  0.9311 1 
 53.3303 -0.3247 -1.1371  0.0179  0.1989  0.0835  0.3360 -0.0020  0.2966  0.3571 0 
 41.4984  0.3392  1.9984  0.0479  0.8458  0.0212  0.4034  0.0455  0.1286  0.5067 0 
 50.9102 -0.0864  0.8998  0.0105  0.6871  0.0268  0.2975  0.0059 -0.0003  0.1758 0 
 33.3257  0.1203 -2.1790  0.0145  0.3886  0.0183  0.1905  0.0859  0.0704  0.1807 0 
 46.4240  0.2793 -0.8639  0.0566  0.0594  0.0371  0.4786  0.0200 -0.0003  0.1211 0 
 43.5554 -0.2699  2.2833  0.0560  0.1720  0.0607  0.3097  0.0511 -0.0003  0.2019 0 
 48.9632  0.4198 -1.1805  0.0606  0.0806  0.0615  0.2575  0.1547 -0.0003  0.2073 0 
 45.1850 -0.4360  1.9795  0.0081  0.5167  0.0146  0.1753  0.0179 -0.0003  0.1157 0 
 45.3895  0.4458 -0.7393  0.0592  0.1961  0.0665  0.3940  0.0021 -0.0003  0.2392 0 
 45.2613 -0.4669  2.3980  0.0007  0.6621  0.0267  0.3504  0.0555 -0.0003  0.1230 0 
 53.7911  0.5843 -2.4243  0.0987  0.5110  0.0425  0.3772  0.0721 -0.0003  0.6210 0 
 46.5583 -0.5846  0.6827  0.0160  0.4934  0.0584  0.5218  0.0770 -0.0003  0.2530 0 
 45.7740 -0.3353  2.7269  0.2737  0.1129  0.0211  0.3057  0.1787 -0.0003  0.7411 0 
 35.3033  0.3236 -0.3904  0.0411  0.7316  0.0407  0.5154  0.1229 -0.0003  0.5288 0 
 48.8930 -0.2824  1.6992  0.0136  0.3200  0.0307  0.3435  0.0141  0.1574  0.3415 0 
 45.9815  0.2743 -1.4662  0.0040  0.3975  0.0205  0.2618  0.0516 -0.0003  0.0800 0 
 49.6498 -0.4914  1.5291  0.0457  0.1132  0.1713  0.2994  0.0443 -0.0003  0.1239 1 
 44.8676  0.4970 -1.5670  0.3662  0.4377  0.0425  0.3951  0.4164 -0.0003  0.9946 1 
 53.1472 -0.3992  2.9093  0.0097  0.4408  0.1294  0.4623  0.0703 -0.0003  0.2311 0 
 41.5198  0.3570 -0.2242  0.0193  0.2899  0.0494  0.3137  0.0945 -0.0003  0.1914 0 
 45.4658 -0.5869 -0.8782  0.0198  0.4028  0.1556  0.5688  0.0145 -0.0003  0.2442 0 
 41.0193  0.5562  2.2555  0.0122  0.2749  0.0524  0.4946  0.0071 -0.0003  0.1660 0 
 44.0375 -0.1265  0.4394  0.0087  0.2689  0.1350  0.6177  0.0176 -0.0003  0.2032 0 
 43.9887  0.1220 -2.7084  0.0248  0.7124  0.1238  0.3531  0.0117 -0.0003  0.2689 0 
 47.5563  0.5237 -2.1955  0.8053  0.2389  0.1069  0.6919  0.5772 -0.0003  0.9923 1 
 35.2667 -0.5201  0.9218  0.6310  0.3609  0.0602  0.3281  0.2971  0.5195  0.9993 1 
 50.7637  0.6898 -0.0241  0.0836  0.4492  0.0233  0.2552  0.1030 -0.0003  0.3580 0 
 38.0072 -0.6641  3.1202  0.0002  0.5759  0.0185  0.2295  0.0237 -0.0003  0.1082 0 
 47.3915 -0.6903 -1.9017  0.0194  0.1915  0.0543  0.6060  0.0463 -0.0003  0.2043 1 
 40.2228  0.6929  1.2494  0.0764  0.1472  0.2045  0.2712  0.0161 -0.0003  0.2423 1 
 53.5653 -0.7723  0.1314  0.1053  0.1313  0.0344  0.2937  0.1391 -0.0003  0.3578 0 
 44.4007  0.7976 -2.9664  0.0023  0.3857  0.1104  0.4843  0.0257 -0.0003  0.1722 0 
 43.9124  0.6390  2.2869  0.2070  0.4018  0.1082  0.3091  0.1536 -0.0003  0.9152 1 
 42.3743 -0.6274 -0.9190  0.1402  0.5748  0.1000  0.5349  0.2130 -0.0003  0.9217 1 
 45.7435 -0.6987  2.2820  0.0000  0.1961  0.0454  0.2621  0.3033  0.2253  0.6265 1 
 36.1212  0.6977 -0.8511  0.2947  0.5692  0.0511  0.3725  0.3018 -0.0003  0.9839 1 
 45.0416 -0.5315  1.8774  0.0076  0.5485  0.0280  0.2632  0.1185 -0.0003  0.1677 0 
 40.7996  0.5855 -1.2529  0.0055  0.2051  0.0133  0.2702  0.0091 -0.0003  0.0438 0 
 44.5197 -0.6374  0.6956  0.0584  0.2138  0.0490  0.3959  0.0710  0.2325  0.5846 1 
 30.4845  0.6102 -2.4608  0.2808  0.6685  0.0218  0.3910  0.5238 -0.0003  0.9939 1 
 49.8573  0.7468  1.1157  0.0339  0.0309  0.4189  0.2136  0.0233 -0.0003  0.0653 0 
 49.3507 -0.7396 -1.9617  0.0119  0.0367  0.0273  0.1285  0.0157 -0.0003  0.0588 0 
 49.0669  0.2688  1.0559  0.0751  0.1954  0.0647  0.2145  0.0671 -0.0003  0.3293 0 
 44.5533 -0.2634 -2.1144  0.0325  0.4472  0.0653  0.4839  0.0185 -0.0003  0.2621 0 
 44.1627 -0.0428 -2.7181  0.0202  0.0794  0.0569  0.3527  0.1152 -0.0003  0.1059 0 
 40.3571 -0.0064  0.4109  0.0288  0.2385  0.0949  0.0903  0.0049 -0.0003  0.3248 0 
 41.3764  0.7864 -2.5197  0.0720  0.2224  0.0704  0.4038  0.0457 -0.0003  0.3370 1 
 29.8100 -0.7953  0.6234  0.0452  0.3553  0.0537  0.4427  0.1874 -0.0003  0.5165 1 
 48.1819  0.4686  1.1347  0.0328  0.3608  0.1114  0.3448  0.0107 -0.0003  0.2293 0 
 44.6662 -0.4493 -2.0100  0.0023  0.2281  0.0323  0.3077  0.1108 -0.0003  0.0829 0 
 35.7794  0.6253  0.3293  0.0168  0.6271  0.0443  0.2334  0.0214  0.1798  0.5555 0 
 35.5474 -0.6245 -2.8341  0.0492  0.4770  0.0125  0.2338  0.0159 -0.0003  0.1446 0 
 59.8795  0.6874  3.1402  0.0017  0.2837  0.1118  0.5305  0.0357  0.4589  0.4832 0 
 50.4585 -0.7027 -0.0351  0.0985  0.5537  0.0298  0.0852  0.1508 -0.0003  0.4671 0 
 49.2500 -0.6955 -2.1879  0.1784  0.2290  0.0645  0.8142  0.3951  0.1056  0.9847 1 
 42.4872  0.6847  0.9197  0.0574  0.3975  0.0605  0.2672  0.0519 -0.0003  0.4177 1 
 43.7079 -0.5070 -2.4461  0.0036  0.3099  0.0851  0.3979  0.0541 -0.0003  0.1517 0 
 31.2932  0.5370  0.6965  0.0623  0.2131  0.0143  0.3395  0.0178 -0.0003  0.1230 0 
 46.6682  0.7912 -1.9500  0.0343  0.2909  0.0730  0.4346  0.0798 -0.0003  0.2869 0 
 44.0742 -0.7951  1.2096  0.0009  0.4499  0.0295  0.3529  0.0170 -0.0003  0.1143 0 
 50.5776  0.4316  1.4378  0.2231  0.6476  0.1227  0.3831  0.1771 -0.0003  0.9689 0 
 46.8696 -0.4307 -1.7368  0.0723  0.6670  0.0103  0.3038  0.1360 -0.0003  0.3684 0 
 48.1117  0.2784 -2.3502  0.1009  0.4328  0.0052  0.1724  0.0018  0.1013  0.4264 0 
 46.6590 -0.2869  0.7810  0.0001  0.1232  0.2301  0.4346  0.0320 -0.0003  0.1044 0 
 45.7862 -0.3261  1.0131  0.0221  0.0674  0.0616  0.3930  0.1296 -0.0003  0.1174 0 
 43.2532  0.3331 -2.1229  0.0215  0.1434  0.0620  0.2217  0.0176 -0.0003  0.1057 0 
 44.8218 -0.2833  2.5519  0.0626  0.5032  0.0659  0.3513  0.1520 -0.0003  0.6546 0 
 43.2044  0.2906 -0.5608  0.0020  0.5559  0.0215  0.0887  0.0543 -0.0003  0.1414 0 
 53.1594 -0.3842  1.2869  0.0195  0.2763  0.0454  0.3783  0.0602 -0.0003  0.1572 0 
 44.0406  0.3988 -1.8252  0.0733  0.5863  0.0224  0.6177  0.2003 -0.0003  0.7603 0 
 47.8828  0.3755  0.4312  0.3919  0.8090  0.0642  0.5180  0.3602  0.0682  0.9932 1 
 33.2921 -0.4381 -2.7760  0.1891  0.1066  0.0397  0.3335  0.1621  0.1191  0.8171 1 
 51.7830  0.6206  3.0622  0.0708  0.3413  0.0947  0.1692  0.0311 -0.0003  0.4836 0 
 43.0121 -0.6250 -0.1292  0.0183  0.4362  0.0413  0.4440  0.0313 -0.0003  0.2055 0 
 50.4585  0.0388  1.0459  0.0188  0.2175  0.0485  0.5111  0.0751 -0.0003  0.1904 0 
 40.4181 -0.0324 -2.0745  0.0128  0.5829  0.0132  0.4063  0.0422 -0.0003  0.1142 0 
 46.1402 -0.4489 -1.8530  0.0229  0.4131  0.1070  0.5666  0.1362 -0.0003  0.3520 0 
 43.1281  0.4562  1.2846  0.0070  0.3479  0.1217  0.4880  0.1231 -0.0003  0.2490 0 
 50.2632 -0.4413 -1.8355  0.1080  0.1784  0.0597  0.4263  0.1780 -0.0003  0.6366 0 
 43.3570  0.4535  1.3350  0.0188  0.2858  0.0483  0.2658  0.0867  0.1824  0.4730 0 
 49.9397 -0.7722  1.7103  0.0096  0.1919  0.0741  0.4270  0.0561 -0.0003  0.1258 0 
 30.6126  0.7813 -1.4161  0.0565  0.7667  0.0132  0.1952  0.0230 -0.0003  0.2164 0 
 45.0446  0.6835 -0.1354  0.0965  0.1302  0.0547  0.3947  0.1260 -0.0003  0.3958 1 
 34.7539 -0.6935  2.9799  0.2276  0.3772  0.0244  0.3765  0.2484 -0.0003  0.8908 1 
 49.9184  0.5588  1.2357  0.0172  0.7772  0.0707  0.5125  0.0724 -0.0003  0.3187 0 
 41.7792 -0.5647 -1.9115  0.0678  0.3556  0.0284  0.3579  0.0797 -0.0003  0.3367 0 
 51.9142  0.7187  1.4519  0.0211  0.3349  0.0433  0.4228  0.0992 -0.0003  0.2331 0 
 48.7953 -0.7263 -1.7207  0.0125  0.0354  0.0395  0.3007  0.0040 -0.0003  0.0626 0 
 48.5023  0.2917  0.6796  0.7123  0.4368  0.0717  0.3872  0.4106 -0.0003  0.9968 1 
 44.1352 -0.3183 -2.4640  0.0568  0.6997  0.0450  0.5291  0.0203  0.1363  0.6293 1 
 45.1484 -0.5288 -0.3285  0.0057  0.5807  0.1480  0.3507  0.0908 -0.0003  0.2947 0 
 40.1282  0.5414  2.6325  0.0059  0.5155  0.1813  0.4976  0.0467 -0.0003  0.2433 0 
 46.2623 -0.0262  0.2234  0.0132  0.0901  0.0417  0.3920  0.1140 -0.0003  0.0943 0 
 46.0029  0.0194 -2.9177  0.0700  0.1403  0.0106  0.1745  0.0136 -0.0003  0.0716 0 
 49.6010  0.0516 -0.0032  0.0621  0.3863  0.0343  0.2139  0.0517 -0.0003  0.2791 0 
 42.7710 -0.0287  3.1344  0.0734  0.3331  0.0204  0.1778  0.0810 -0.0003  0.2072 0 
 42.5940 -0.1752 -2.2317  0.0065  0.3290  0.0838  0.3561  0.0361  0.1438  0.2852 0 
 41.4008  0.1797  0.8784  0.0474  0.5141  0.0653  0.4037  0.0516 -0.0003  0.3683 0 
 47.6326 -0.7789 -1.0984  0.0778  0.4232  0.1772  0.6051  0.1966 -0.0003  0.7834 0 
 45.0599  0.7621  2.0139  0.0642  0.4615  0.2071  0.4385  0.1363 -0.0003  0.5042 0 
 47.6539  0.7919  0.3111  0.0766  0.3009  0.0519  0.4322  0.0124 -0.0003  0.3781 0 
 37.7295 -0.7840 -2.8403  0.1064  0.5189  0.0185  0.2300  0.0273 -0.0003  0.3526 0 
 50.1686  0.0470  2.6284  0.0127  0.4492  0.0434  0.1706  0.0079 -0.0003  0.2632 0 
 49.6315 -0.0368 -0.5392  0.0020  0.4231  0.0658  0.3421  0.0457 -0.0003  0.1705 0 
 56.2173  0.6440  3.1096  0.0057  0.3743  0.0722  0.2901  0.0804 -0.0003  0.2162 0 
 53.3516 -0.6162 -0.1127  0.0393  0.1000  0.2115  0.4199  0.0307 -0.0003  0.1294 0 
 50.5959  0.6485 -0.7410  0.2213  0.4816  0.0468  0.3405  0.1909 -0.0003  0.9177 1 
 33.3623 -0.6449  2.3635  0.0859  0.5476  0.0449  0.4285  0.0930  0.1952  0.7741 1 
 48.7556 -0.4048  0.1909  0.2425  0.4275  0.0557  0.6015  0.4212  0.1039  0.9920 1 
 35.7519  0.4269 -2.9827  0.1109  0.7957  0.0272  0.5136  0.1397 -0.0003  0.8105 1 
 35.2209  0.4481 -2.2973  0.0540  0.6054  0.0228  0.4220  0.0275  0.1097  0.5560 1 
 35.1507 -0.3777  0.8664  0.2804  0.3367  0.0313  0.3753  0.3978 -0.0003  0.9847 1 
 54.3252 -0.4731 -0.8892  0.0619  0.1642  0.0971  0.2090  0.0071 -0.0003  0.2251 0 
 44.1535  0.4569  2.2595  0.0558  0.4773  0.0153  0.3086  0.1292 -0.0003  0.2562 0 
 44.3030  0.7472 -0.4206  0.0057  0.2696  0.0757  0.5727  0.0641 -0.0003  0.1852 0 
 43.8025 -0.7523  2.7115  0.0434  0.7290  0.0362  0.3093  0.2313 -0.0003  0.6518 0 
 43.0060 -0.5008 -2.9055  0.0335  0.3512  0.1641  0.6660  0.0762 -0.0003  0.3803 0 
 42.3957  0.5075  0.2484  0.0637  0.5095  0.0617  0.7577  0.0812 -0.0003  0.5481 0 
 47.1046  0.4447  2.3787  0.1515  0.1522  0.0423  0.5202  0.2202 -0.0003  0.8052 0 
 40.2045 -0.4645 -0.7902  0.0039  0.2650  0.0305  0.2260  0.0464 -0.0003  0.0724 0 
 45.7740  0.0600 -0.7709  0.0613  0.5194  0.0560  0.4368  0.1197 -0.0003  0.5647 1 
 40.4669 -0.0367  2.4144  1.0639  0.6740  0.0736  0.4964  0.6857 -0.0003  0.9980 1 
 42.3560 -0.7260  2.8058  0.2210  0.6312  0.0302  0.2675  0.3704 -0.0003  0.9663 1 
 34.9828  0.7436 -0.3943  0.1073  0.1907  0.0224  0.3758  0.1431 -0.0003  0.4383 1 
 43.8941  0.6940 -2.8606  0.0073  0.0944  0.0205  0.2650  0.0239 -0.0003  0.0393 0 
 42.3346 -0.6949  0.3117  0.0062  0.5683  0.0528  0.2675  0.0013 -0.0003  0.2444 0 
 46.3478 -0.5608 -2.6867  0.0081  0.1664  0.2679  0.2177  0.0244 -0.0003  0.1538 0 
 43.3234  0.5817  0.4316  0.0239  0.2495  0.1036  0.3545  0.0285 -0.0003  0.1757 0 
 51.0445 -0.2718 -0.3349  0.0139  0.5284  0.0496  0.2548  0.0015 -0.0003  0.2662 0 
 38.0896  0.2665  2.7683  0.0751  0.0672  0.1331  0.1835  0.0036 -0.0003  0.0990 0 
 47.0863 -0.1861 -2.0385  0.0342  0.4623  0.0925  0.6937  0.0464  0.2531  0.5919 0 
 35.2575  0.2125  1.1441  0.1993  0.2561  0.0470  0.3750  0.3264  0.0568  0.9491 0 
 45.7527  0.7884 -1.3865  0.0082  0.0406  0.0100  0.1747  0.0081 -0.0003  0.0398 0 
 42.9297 -0.7818  1.7893  0.0000  0.3545  0.0321  0.0889  0.0822 -0.0003  0.1725 0 
 45.4292  0.0829  0.5976  0.1200  0.3276  0.0626  0.5252  0.0595 -0.0003  0.5700 1 
 43.4119 -0.0880 -2.5779  0.2273  0.5024  0.0650  0.4872  0.2834 -0.0003  0.9807 1 
 53.9986 -0.1135  2.8077  0.0167  0.1770  0.0968  0.3349  0.0312 -0.0003  0.1176 0 
 46.8910  0.1112 -0.3826  0.0075  0.3335  0.0410  0.3472  0.0906 -0.0003  0.1403 0 
 50.0130  0.1111  2.3445  0.8562  0.1450  0.2175  0.5122 -0.0200 -0.0003  0.9810 1 
 45.5543 -0.0633 -0.8583  0.0584  0.4611  0.0787  0.5685  0.1992 -0.0003  0.6458 1 
 37.5921  0.5543  0.2316  0.0021  0.6580  0.1020  0.2763  0.0015  0.2305  0.4568 0 
 31.6442 -0.5854 -2.8885  0.0106  0.0605  0.0179  0.1934  0.0137 -0.0003  0.0422 0 
 44.4617 -0.4913  0.0583  0.0557  0.3230  0.0189  0.1320  0.0853 -0.0003  0.1743 0 
 33.2982  0.4852  3.1140  0.0227  0.1545  0.0594  0.3335  0.0311 -0.0003  0.1079 0 
 45.2094  0.0934  1.9982  0.4033  0.5392  0.0818  0.3067  0.4393 -0.0003  0.9972 1 
 43.3387 -0.0549 -1.1206  0.7141  0.1591  0.0631  0.6646  0.9128 -0.0003  0.9989 1 
 44.3732  0.0359 -1.4193  0.0262  0.1470  0.0245  0.2201  0.0115 -0.0003  0.0605 0 
 43.9246 -0.0334  1.7010  0.0294  0.7161  0.0293  0.3973  0.0456  0.1503  0.5146 0 
 40.5707  0.3801  0.9759  0.0239  0.4168  0.0651  0.3608  0.0399  0.0865  0.3642 0 
 34.8608 -0.3730 -2.1358  0.2341  0.6032  0.0090  0.2822  0.2377 -0.0003  0.8574 0 
 46.5492 -0.0876  2.7726  0.0152  0.3486  0.1231  0.6522  0.0510 -0.0003  0.2691 0 
 45.9144  0.0780 -0.4150  0.1438  0.3858  0.0300  0.3928  0.1495 -0.0003  0.7422 0 
 54.2672  0.0487  2.6040  0.0206  0.6004  0.0395  0.1673  0.0048  0.1511  0.5279 0 
 48.4169 -0.0499 -0.5600  0.0117  0.5709  0.0912  0.3013  0.0961 -0.0003  0.3190 0 
 47.1290 -0.4540  2.4700  0.0540  0.6310  0.0331  0.5635  0.0301 -0.0003  0.4248 0 
 39.8077  0.4624 -0.6834  0.0204  0.2703  0.0935  0.1813  0.0408 -0.0003  0.2611 0 
 47.0832 -0.1995 -1.4511  0.0572  0.6566  0.0299  0.3469  0.0508 -0.0003  0.3825 0 
 46.7201  0.2032  1.6581  0.0135  0.0579  0.0414  0.2607  0.0274 -0.0003  0.0579 0 
 45.3254 -0.2786 -0.8746  0.0002  0.1421  0.0403  0.5255  0.0602 -0.0003  0.0979 0 
 43.4852  0.2852  2.2638  0.0642  0.1754  0.0322  0.3984  0.0200 -0.0003  0.1887 0 
 47.2206  0.7516  0.7553  0.3010  0.6503  0.0370  0.4332  0.2949 -0.0003  0.9769 1 
 44.5350 -0.7593 -2.3692  0.1133  0.3655  0.0726  0.4839  0.1378  0.1972  0.8799 1 
 47.9011 -0.4572  2.8257  0.2281  0.2294  0.1161  0.4748  0.1711 -0.0003  0.8942 1 
 46.3630  0.4584 -0.3478  0.4595  0.3648  0.0668  0.3482  0.3891  0.2942  0.9990 1 
 46.7506 -0.2071 -0.7264  0.1638  0.4102  0.0287  0.3041  0.1357  0.2296  0.9456 0 
 32.5597  0.2278  2.4246  0.1051  0.3702  0.1124  0.3356  0.1754  0.2319  0.9098 0 
 50.8919  0.7581  1.2863  0.0201  0.3210  0.0386  0.2550  0.0129 -0.0003  0.1561 0 
 48.1605 -0.7665 -1.8406  0.0673  0.2035  0.0420  0.3448  0.0416 -0.0003  0.2304 0 
 48.3467 -0.6709  2.9886  0.0584  0.2512  0.0532  0.4306  0.0860 -0.0003  0.3579 0 
 47.8920  0.6834 -0.2004  0.0676  0.1366  0.1501  0.3885  0.1127 -0.0003  0.3451 0 
 45.5726  0.5296  1.8076  0.5651  0.3458  0.1043  0.3935  0.3696  0.2337  0.9976 1 
 30.6249 -0.5099 -1.3623  0.2061  0.5671  0.0313  0.5368  0.2455  0.2366  0.9928 1 
 47.3152 -0.4965  2.8769  0.0119  0.0274  0.0162  0.1732  0.0041 -0.0003  0.0468 0 
 44.6906  0.5046 -0.2591  0.0103  0.2191  0.0095  0.1318  0.0204 -0.0003  0.0628 0 
 46.4210 -0.5705  0.3306  0.0000  0.2099  0.0079  0.2176  0.1556 -0.0003  0.0803 0 
 37.5738  0.5784 -2.8320  0.0053  0.3502  0.0305  0.2763  0.0181 -0.0003  0.1003 0 
 45.0568 -0.3215  0.7327  0.2334  0.5168  0.1035  0.3947  0.0744 -0.0003  0.8353 1 
 41.8128  0.2890 -2.3657  0.1301  0.6736  0.1075  0.5816  0.1232 -0.0003  0.7964 1 
 52.2957 -0.2926  2.1124  0.1266  0.4874  0.0767  0.6331  0.0565  0.1865  0.8454 0 
 35.0500  0.2802 -1.0228  0.0847  0.2930  0.0121  0.2817  0.1136 -0.0003  0.2300 0 
 47.3121  0.7524  0.0582  0.0075  0.1985  0.0790  0.2165  0.0272 -0.0003  0.1342 0 
 41.1780 -0.7518 -3.0668  0.0133  0.3388  0.0314  0.3593  0.0069 -0.0003  0.1310 0 
 43.9063 -0.5194 -0.7653  0.0356  0.4426  0.0753  0.5740  0.0392 -0.0003  0.3053 1 
 35.5718  0.5147  2.3735  0.3188  0.4795  0.0790  0.2338  0.0861 -0.0003  0.9165 1 
 48.6885 -0.5806  0.1598  0.1034  0.5080  0.1687  0.3008  0.0523 -0.0003  0.5353 0 
 38.0285  0.5882 -3.0002  0.0000  0.0944  0.0410  0.0000 -0.0200 -0.0003  0.1417 0 
 53.8643 -0.2820  2.4828  0.1741  0.5783  0.0542  0.2932  0.1550 -0.0003  0.9019 0 
 45.9174  0.3046 -0.6791  0.0308  0.2478  0.0306  0.1309  0.0419 -0.0003  0.1456 0 
 42.4811 -0.3613  2.1002  0.2680  0.0750  0.0237  0.2227  0.2662  0.0821  0.8599 0 
 40.5341  0.3933 -1.0401  0.1864  0.6998  0.0609  0.4060  0.0284  0.2014  0.8448 0 
 48.0873  0.6615  2.1080  0.1133  0.3479  0.0630  0.3881  0.0582 -0.0003  0.5435 0 
 47.6997 -0.6495 -1.0281  0.0354  0.2574  0.0304  0.5185  0.0139 -0.0003  0.2159 0 
 42.4079 -0.4080  0.2752  0.2054  0.3648  0.0810  0.5794  0.1439 -0.0003  0.8842 1 
 34.9706  0.3593 -2.8265  0.2761  0.2546  0.0376  0.3759  0.4821 -0.0003  0.9918 1 
 48.8106 -0.6303  1.6211  0.0162  0.7776  0.0500  0.3007  0.0085 -0.0003  0.2780 0 
 47.8126  0.6278 -1.4726  0.1201  0.2224  0.0982  0.4318  0.0765 -0.0003  0.5148 0 
 45.5604  0.5444 -2.9368  0.6839  0.1997  0.1022  0.4810  0.4356  0.2212  0.9961 1 
 40.3296 -0.5403  0.2095  0.1686  0.3936  0.0731  0.4969  0.2813 -0.0003  0.9563 1 
 50.5806  0.2295 -0.0998  0.0185  0.2919  0.1893  0.6385  0.0325 -0.0003  0.2748 0 
 48.1361 -0.2201  3.0210  0.0092  0.7014  0.0636  0.4742  0.0546  0.0640  0.2972 0 
 44.5014  0.6995 -2.2123  0.0271  0.5887  0.0455  0.2640  0.0063 -0.0003  0.3066 0 
 44.3275 -0.6803  0.9049  0.0143  0.6696  0.1256  0.5285  0.0301 -0.0003  0.2634 0 
 43.9368  0.7963 -2.0595  0.2063  0.2349  0.0629  0.4856  0.3428 -0.0003  0.9707 0 
 43.4272 -0.7839  1.0545  0.0123  0.6150  0.0687  0.3100  0.0622 -0.0003  0.2773 0 
 58.0301 -0.6123  1.5196  0.1280  0.1542  0.0140  0.3290  0.1367 -0.0003  0.3582 0 
 49.4240  0.6310 -1.6237  0.0269  0.1071  0.0426  0.2569  0.0776 -0.0003  0.0804 0 
 45.5360 -0.7411  1.0883  0.0443  0.4875  0.0919  0.3936  0.0735 -0.0003  0.3558 0 
 42.0294  0.7386 -2.0312  0.0056  0.4320  0.0443  0.3574  0.0572 -0.0003  0.1536 0 
 49.1981 -0.2603  2.6484  0.0152  0.4016  0.1643  0.3429  0.0714 -0.0003  0.2636 0 
 35.6695  0.2456 -0.5310  0.1044  0.8563  0.0085  0.1869  0.0798 -0.0003  0.4722 0 
 53.3425  0.5058 -0.0948  0.0153  0.2267  0.2126  0.3779  0.0478 -0.0003  0.1970 0 
 36.6155 -0.5472  2.9821  0.0063  0.5482  0.0185  0.2783  0.0385 -0.0003  0.1009 0 
 49.9245 -0.0516 -0.4092  0.0597  0.6116  0.0164  0.2135  0.0206 -0.0003  0.2061 0 
 48.9235  0.0816  2.7086  0.1203  0.2293  0.2289  0.3005  0.1674 -0.0003  0.7800 0 
 49.1341 -0.0964 -0.3700  0.0759  0.2728  0.0403  0.3859  0.1154  0.0820  0.5952 0 
 38.6450  0.0924  2.7487  0.0083  0.2017  0.0403  0.3656  0.0950 -0.0003  0.1009 0 
 45.2277  0.3835 -1.2881  0.0702  0.1950  0.0240  0.3067  0.1953 -0.0003  0.3625 0 
 40.3876 -0.4245  1.7954  0.0020  0.2052  0.0598  0.2709  0.0394 -0.0003  0.0956 0 
 52.9213 -0.4636 -0.9301  0.4169  0.4824  0.0680  0.2945  0.2925 -0.0003  0.9924 1 
 44.4099  0.4653  2.2223  0.0642  0.4134  0.0437  0.3082  0.0849 -0.0003  0.4420 1 
 53.8643 -0.0109  1.6018  0.0234  0.5373  0.1478  0.8797  0.0574 -0.0003  0.3859 1 
 40.7385 -0.0441 -1.5945  0.2612  0.4911  0.0654  0.3604  0.5629  0.3819  0.9994 1 
 55.5306 -0.3712  0.9708  0.1686  0.5657  0.1209  0.5404  0.2094 -0.0003  0.9432 0 
 47.6265  0.4004 -2.1270  0.0928  0.3126  0.0675  0.3026  0.0817 -0.0003  0.5347 0 
 49.4301 -0.5914 -2.1368  0.0247  0.2303  0.0783  0.5994  0.0157 -0.0003  0.2234 0 
 41.1414  0.5524  0.9742  0.1117  0.7413  0.0096  0.4043  0.0770  0.0387  0.5888 0 
 49.8543 -0.5278  1.7718  0.0334  0.1377  0.1043  0.2991  0.0196 -0.0003  0.1149 0 
 43.9887  0.5203 -1.3886  0.0852  0.0334  0.0454  0.0883  0.0394 -0.0003  0.0998 0 
 43.1647  0.5395 -2.8258  0.0238  0.0937  0.0311  0.3105  0.0883 -0.0003  0.0690 0 
 39.7314 -0.5343  0.3085  0.0183  0.3279  0.0185  0.2721  0.0145 -0.0003  0.0870 0 
 49.8848 -0.3518 -1.2178  0.3330  0.2642  0.1145  0.4271  0.1678 -0.0003  0.9579 0 
 45.0599  0.3860  1.9488  0.0657  0.3489  0.1003  0.4385  0.1348 -0.0003  0.5309 0 
 44.9256  0.7512  1.6224  0.0097  0.1951  0.0375  0.4389  0.0084 -0.0003  0.1028 0 
 42.8321 -0.7514 -1.5054  0.0175  0.0507  0.0725  0.2667  0.0678 -0.0003  0.0804 0 
 46.9459 -0.3753  1.4693  0.0788  0.2971  0.0451  0.4339  0.0789 -0.0003  0.4516 0 
 37.1160  0.3884 -1.6277  0.0328  0.0667  0.0529  0.3235  0.0193  0.1839  0.1752 0 
 44.0436 -0.7842 -0.9560  0.0327  0.1804  0.0616  0.1765  0.0010 -0.0003  0.1740 0 
 37.0153  0.7798  2.1553  0.0102  0.3016  0.0170  0.4624  0.0032 -0.0003  0.1038 0 
 46.7781  0.5393 -0.4168  0.3625  0.4261  0.0642  0.2606  0.2884 -0.0003  0.9886 1 
 44.8310 -0.5382  2.7532  0.0936  0.4778  0.0264  0.3074  0.1124 -0.0003  0.5025 1 
 42.5666 -0.7848 -0.1812  0.0339  0.5839  0.0703  0.5788  0.1494  0.2258  0.7554 1 
 36.8902  0.8150  2.9756  0.2637  0.3843  0.0529  0.2777  0.2954 -0.0003  0.9706 1 
 47.8675 -0.3974  1.1380  0.3446  0.5081  0.0713  0.4317  0.1949 -0.0003  0.9668 1 
 41.3275  0.3862 -2.0181  0.0421  0.4020  0.0686  0.3590  0.0213 -0.0003  0.2970 1 
 40.0275  0.7912 -2.0169  0.0996  0.2387  0.0358  0.6337  0.1263 -0.0003  0.6581 0 
 39.5544 -0.7921  1.0784  0.1752  0.6923  0.0307  0.3633  0.1640 -0.0003  0.8592 0 
 37.1679 -0.3152  2.2057  0.0383  0.2265  0.0351  0.3695  0.1221 -0.0003  0.2260 0 
 34.0093  0.2630 -0.8582  0.0006  0.2430  0.0120  0.1894  0.0317 -0.0003  0.0485 0 
 48.0964  0.1513 -1.0580  0.1056  0.3855  0.1674  0.4312  0.1043 -0.0003  0.5618 0 
 38.9105 -0.1527  2.0848  0.0283  0.1285  0.0504  0.3649  0.0091  0.0924  0.1632 0 
 48.3925 -0.2743  1.3228  0.0284  0.3493  0.0563  0.2583  0.0296 -0.0003  0.2445 0 
 46.1311  0.2830 -1.8318  0.1631  0.1737  0.0217  0.3051  0.0803 -0.0003  0.4092 0 
 43.5340  0.1233 -0.9378  0.0060  0.2970  0.1307  0.5311  0.0162 -0.0003  0.1782 0 
 39.5666 -0.0915  2.2061  0.0138  0.1712  0.0488  0.4087  0.0854  0.3454  0.6036 0 
 50.0740  0.6074  2.3088  0.0918  0.7079  0.1994  0.9388  0.4769 -0.0003  0.9889 1 
 44.7761 -0.6444 -0.7853  0.0573  0.7550  0.0664  0.6589  0.2120 -0.0003  0.7769 1 
 44.8646  0.7000 -0.0111  0.0166  0.6721  0.0373  0.4390  0.0516  0.1847  0.5232 0 
 43.7934 -0.6947  3.1283  0.0035  0.6524  0.0278  0.3093  0.0192 -0.0003  0.1430 0 
 56.3577  0.2049 -0.6050  0.0020  0.1883  0.0605  0.2900  0.0478 -0.0003  0.0891 0 
 46.1952 -0.2166  2.5426  0.0161  0.4011  0.0147  0.3050  0.0172 -0.0003  0.0891 0 
 46.6621  0.6482  2.8401  0.1478  0.6535  0.0346  0.4780  0.0690 -0.0003  0.7880 1 
 42.8595 -0.6532 -0.2704  0.0311  0.7581  0.0452  0.4889  0.0093  0.1809  0.5707 1 
 48.5389 -0.1320 -1.5890  0.1574  0.4088  0.0217  0.3441  0.1470 -0.0003  0.6703 0 
 46.1830  0.0916  1.5620  0.0149  0.4222  0.0513  0.5229  0.0121 -0.0003  0.2033 0 
 46.5797  0.0086  1.7833  0.0775  0.3160  0.1441  0.4347  0.1063 -0.0003  0.4856 0 
40.1007 -0.0125 -1.3639  0.0009  0.1768  0.0438  0.3619  0.0110 -0.0003  0.0776 0 
 48.2094  0.0195  1.3172  0.0060  0.1477  0.0893  0.4740  0.0538 -0.0003  0.1050 0 
 44.7761 -0.0129 -1.8127  0.0229  0.2897  0.0111  0.1757  0.0137  0.0834  0.1681 0 
 54.8989  0.3246  2.1570  0.0029  0.1427  0.0632  0.2502  0.0091 -0.0003  0.0869 0 
 43.4546 -0.3148 -0.9904  0.0218  0.1181  0.1448  0.3985  0.1448 -0.0003  0.1724 0 
 42.4231  0.2747  1.6576  0.4002  0.5773  0.1002  0.4456  0.2560  0.6650  0.9998 1 
 41.3062 -0.3334 -1.5316  0.1653  0.4568  0.0708  0.4488  0.2922 -0.0003  0.9616 1 
 45.9388 -0.7104 -2.6407  0.2282  0.2895  0.0457  0.2618  0.1867 -0.0003  0.8691 0 
 23.1052  0.7018  0.5472  0.0570  0.2093  0.0079  0.1064  0.0128 -0.0003  0.1117 0 
 46.7933  0.3015  1.1552  0.0344  0.7197  0.0704  0.1303  0.0119 -0.0003  0.4659 0 
 46.4210 -0.2672 -1.9293  0.0337  0.2892  0.0197  0.3916  0.0233 -0.0003  0.1277 0 
 48.1880  0.4780 -0.2269  0.1847  0.3269  0.0662  0.3447  0.0484 -0.0003  0.6434 1 
 45.8839 -0.4763  2.9396  0.4253  0.3038  0.0612  0.3928  0.2265 -0.0003  0.9788 1 
 64.8112 -0.7917 -0.0057  0.0060  0.3425  0.0201  0.2002  0.0786 -0.0003  0.0928 0 
 47.6783  0.7991  3.1409  0.0532  0.7801  0.0420  0.3889  0.0218 -0.0003  0.4417 0 
 50.4982  0.5635 -0.5946  0.0406  0.1462  0.0434  0.2555  0.0558 -0.0003  0.1075 0 
 37.1283 -0.5513  2.5687  0.0561  0.6350  0.0067  0.2772  0.0424 -0.0003  0.1798 0 
 47.6478 -0.2906  3.0628  0.0084  0.7024  0.0693  0.5187  0.0163  0.1044  0.2885 0 
 46.4546  0.3106 -0.0993  0.0058  0.1690  0.0337  0.3916  0.0839 -0.0003  0.0775 0 
 44.7395 -0.2600 -2.1291  0.0056  0.1506  0.0777  0.3954  0.0159 -0.0003  0.0917 0 
 44.2786  0.2635  1.0126  0.0411  0.3030  0.0267  0.3525  0.0977 -0.0003  0.2051 0 
 44.2786  0.5622 -0.2335  0.2068  0.5618  0.0354  0.2203  0.2425 -0.0003  0.9061 0 
 37.9431 -0.5396  2.8429  0.0458  0.2328  0.2081  0.5512  0.0507  0.8526  0.8440 0 
 46.8391 -0.1055  0.5187  0.0835  0.4365  0.0725  0.3039  0.0085 -0.0003  0.4783 0 
 41.9715  0.1074 -2.6005  0.0761  0.2774  0.0530  0.3575  0.0081 -0.0003  0.3412 0 
 42.3285  0.1177  0.5817  0.0982  0.4687  0.0638  0.6242  0.1621 -0.0003  0.7800 1 
 18.6526 -0.1208 -2.5716  0.1510  0.6964  0.0211  0.4566  0.1238  0.0958  0.7652 1 
 46.5003  0.7506 -1.8093  0.0070  0.1021  0.0483  0.3915  0.0493 -0.0003  0.0726 0 
 43.5798 -0.7614  1.3585  0.0177  0.0320  0.0123  0.1327  0.0206 -0.0003  0.0439 0 
 47.9103 -0.3386  1.8952  0.0412  0.5035  0.0343  0.3453  0.0380 -0.0003  0.2798 0 
 42.6734  0.2803 -1.2059  0.0055  0.1813  0.0915  0.3114  0.1374 -0.0003  0.1665 0 
 51.1055  0.7235  0.4400  0.2366  0.7467  0.0667  0.7217  0.0842  0.1645  0.8971 1 
 44.8737 -0.7087 -2.6609  0.1988  0.3695  0.0356  0.2195  0.2923 -0.0003  0.8919 1 
 51.1025  0.3093 -2.5576  0.0394  0.2143  0.0468  0.3821  0.0480  0.1882  0.4331 0 
 42.9145 -0.2785  0.5252  0.1664  0.2103  0.0505  0.2666  0.2352 -0.0003  0.8226 0 
 49.9458 -0.2118  0.7347  0.1194  0.5256  0.1901  0.3416  0.2676 -0.0003  0.9566 1 
 46.3966  0.2123 -2.3993  0.3797  0.8206  0.0463  0.6093  0.3342 -0.0003  0.9850 1 
 40.8728  0.7852  2.1602  0.2060  0.4500  0.0782  0.2250  0.2840  0.5053  0.9988 1 
 29.0166 -0.7877 -0.9270  0.2038  0.3592  0.0446  0.3471  0.1950  0.2176  0.9629 1 
 51.8410  0.3358 -0.2161  0.0110  0.1741  0.0375  0.3384  0.0267 -0.0003  0.0729 0 
 45.8503 -0.3553  2.9150  0.0064  0.1229  0.0161  0.3492  0.0329 -0.0003  0.0396 0 
 59.6475  0.1144 -0.9495  0.0128  0.3792  0.0773  0.3268  0.0182 -0.0003  0.1948 0 
 41.3336 -0.1137  2.1920  0.0157  0.8323  0.0171  0.3141  0.0422 -0.0003  0.1531 0 
 48.4749  0.5829 -1.6840  0.0615  0.0972  0.0333  0.5164  0.0300 -0.0003  0.1833 0 
 41.7090 -0.5770  1.4322  0.1245  0.5549  0.0204  0.2238  0.1148 -0.0003  0.5083 0 
 55.3292 -0.0824  1.4363  0.0189  0.4325  0.1880  0.4577  0.0573 -0.0003  0.2638 0 
 36.6766  0.0694 -1.6826  0.0548  0.3056  0.0149  0.2782  0.0749 -0.0003  0.1395 0 
 54.7677  0.3059 -0.9673  0.0210  0.1359  0.0256  0.2503  0.0045 -0.0003  0.0590 0 
 50.7729 -0.3055  2.1557  0.0129  0.6908  0.0502  0.1701  0.0029 -0.0003  0.3619 0 
 47.4037 -0.7660  1.3476  0.1112  0.4734  0.0749  0.4761  0.1994 -0.0003  0.8456 0 
 46.7048  0.7769 -1.8296  0.0108  0.2423  0.0182  0.2172  0.0076 -0.0003  0.0651 0 
 38.6633  0.1301 -2.7563  0.0362  0.3410  0.0383  0.3198  0.1629  0.2219  0.6930 0 
 35.6237 -0.1099  0.4221  0.0152  0.3056  0.0449  0.3739  0.0193  0.2399  0.4548 0 
 47.4434  0.4082 -2.8806  0.1584  0.2578  0.0501  0.4759  0.3310 -0.0003  0.9313 1 
 39.7070 -0.4105  0.2331  0.1702  0.3006  0.1601  0.4082  0.1429  0.8995  0.9975 1 
 47.5013 -0.4069 -0.3958  0.0121  0.3361  0.0623  0.3893  0.0433 -0.0003  0.1751 0 
 40.4944  0.4193  2.7651  0.0293  0.4243  0.0796  0.4512  0.0798 -0.0003  0.2986 0 
 44.9195  0.7299  1.6663  0.1041  0.2728  0.0246  0.2634  0.0528 -0.0003  0.2885 0 
 41.4557 -0.7359 -1.4732  0.0014  0.4414  0.0283  0.2242  0.0928 -0.0003  0.1242 0 
 50.1320 -0.4465  2.6395  0.3280  0.6804  0.0686  0.3413  0.3908 -0.0003  0.9948 1 
 31.0582  0.4486 -0.4992  0.0432  0.7811  0.0929  0.3402  0.1160  0.5458  0.9908 1 
 48.9387 -0.5508 -0.5629  0.0110  0.3977  0.0516  0.6439  0.0101  0.1121  0.3250 0 
 40.2014  0.5030  2.6030  0.0000  0.5279  0.0069  0.0000 -0.0200 -0.0003  0.2328 0 
 48.4016  0.0216  2.4659  0.0018  0.1104  0.1933  0.3444  0.0235 -0.0003  0.0750 0 
 38.2269  0.0003 -0.6924  0.0088  0.3749  0.0197  0.2750  0.0628 -0.0003  0.0817 0 
 45.5726 -0.5424 -2.3911  0.3346  0.2464  0.0709  0.6121  0.2481 -0.0003  0.9863 1 
 38.3032  0.5427  0.7409  0.1904  0.4448  0.0418  0.3207  0.1351  0.1552  0.8717 1 
 53.5256 -0.4048  1.5471  0.0165  0.2241  0.0293  0.3357  0.0589 -0.0003  0.0806 0 
 42.0539  0.3929 -1.6050  0.1748  0.1451  0.0166  0.3127  0.2134 -0.0003  0.6242 0 
 47.4372 -0.4402  0.6623  0.4974  0.5134  0.0336  0.6491  0.3308 -0.0003  0.9886 1 
 42.2858  0.4648 -2.4623  0.1189  0.2093  0.0410  0.3568  0.1331 -0.0003  0.5609 1 
 43.2715  0.5421 -1.7410  0.0080  0.5586  0.0204  0.1773  0.0252 -0.0003  0.1308 0 
 33.3867 -0.5236  1.4227  0.0045  0.2615  0.0250  0.2380  0.1162 -0.0003  0.0932 0 
 48.3803 -0.6661  0.3225  0.0571  0.5355  0.0333  0.2583  0.0156 -0.0003  0.3409 0 
 45.6764  0.6798 -2.8144  0.0681  0.2668  0.0267  0.3496  0.0434 -0.0003  0.2282 0 
 54.4594 -0.4847 -1.2564  0.0332  0.1939  0.1136  0.3342  0.0451 -0.0003  0.1739 0 
 45.0294  0.5109  1.9076  0.0127  0.3290  0.0420  0.3509  0.0195  0.1772  0.3627 0 
 44.4984 -0.4259  2.5129  0.0070  0.5347  0.0419  0.2200  0.0062 -0.0003  0.2410 0 
 41.3916  0.4328 -0.6123  0.0526  0.4138  0.0288  0.2243  0.0333 -0.0003  0.2183 0 
 49.3874  0.7806 -2.6688  0.0639  0.2049  0.0184  0.2141  0.0208 -0.0003  0.1127 0 
 46.2440 -0.7699  0.4751  0.0338  0.4219  0.0217  0.5663  0.0754 -0.0003  0.3312 0 
 50.2876  0.2786 -1.5035  0.0202  0.3089  0.0447  0.5115  0.0816 -0.0003  0.2385 0 
 42.9358 -0.2814  1.6412  0.0229  0.2160  0.0183  0.2221  0.0130 -0.0003  0.0659 0 
 40.9277  0.7921 -0.7425  0.0362  0.2623  0.0161  0.2699  0.0705 -0.0003  0.0939 0 
 37.5250 -0.8059  2.5110  0.0472  0.1781  0.0526  0.2764  0.0552 -0.0003  0.1694 0 
 47.0558 -0.4530  2.0310  0.0291  0.3198  0.0595  0.2168  0.2375 -0.0003  0.5231 0 
 46.5614  0.4801 -1.1902  0.0142  0.2291  0.0219  0.3479  0.0178 -0.0003  0.0681 0 
 42.1302  0.5778 -1.7547  0.0199  0.7080  0.0095  0.1339  0.0078 -0.0003  0.1385 0 
 37.1435 -0.5824  1.3829  0.1812  0.1424  0.0248  0.1848  0.0488 -0.0003  0.3533 0 
 47.7546  0.6892  0.3627  0.2788  0.4207  0.0315  0.3888  0.2329 -0.0003  0.9286 0 
 47.6387 -0.6598 -2.7407  0.0739  0.2144  0.1210  0.3458  0.0909 -0.0003  0.4126 0 
 41.6999  0.0788  0.3414  0.0003  0.3612  0.0609  0.4029  0.0079 -0.0003  0.1504 0 
 38.0316 -0.0501 -2.7826  0.0165  0.4270  0.2029  0.5508  0.0164 -0.0003  0.2488 0 
 53.4066 -0.4874 -1.0183  0.0035  0.5584  0.0234  0.1259  0.2592  0.1425  0.5344 0 
 34.4488  0.4631  2.1251  0.1071  0.3023  0.0216  0.3303  0.0617 -0.0003  0.3501 0 
 54.6792  0.0967  0.9481  0.0107  0.5317  0.0648  0.4173  0.0079 -0.0003  0.1879 0 
 35.5413 -0.1968 -2.2307  0.0048  0.1897  0.0449  0.3742  0.0352 -0.0003  0.0830 0 
 28.8029 -0.7266 -1.6381  0.0748  0.3723  0.0214  0.3479  0.1174 -0.0003  0.3682 1 
 20.3555  0.7648  1.5510  0.0023  0.3930  0.0497  0.2771  0.0338 -0.0003  0.1538 1 
 47.4037 -0.1761 -2.5470  0.0684  0.3907  0.0457  0.4328  0.3005 -0.0003  0.7680 0 
 31.5801  0.1659  0.6236  0.2638  0.2399  0.0246  0.3870  0.2092  0.2236  0.9918 0 
 47.5654  0.3808 -1.3855  0.0441  0.2302  0.1135  0.6054  0.0381 -0.0003  0.3248 0 
 37.0642 -0.3709  1.7392  0.0125  0.4716  0.0085  0.2774  0.0067 -0.0003  0.0891 0 
 57.4746 -0.1718 -0.0893  0.0521  0.3183  0.1070  0.3710  0.1053 -0.0003  0.4160 0 
 37.0977  0.1650  3.0465  0.0530  0.1484  0.1059  0.2311  0.1581 -0.0003  0.3985 0 
 46.1402  0.5088 -1.6409  0.2131  0.5887  0.0157  0.3487  0.1738 -0.0003  0.7946 0 
 43.3143 -0.5036  1.5109  0.0562  0.3574  0.0328  0.4875  0.0223 -0.0003  0.3409 0 
 46.5949  0.4607 -0.2872  0.0891  0.5865  0.0686  0.3478  0.1353  0.1259  0.8198 1 
 44.7517 -0.4712  2.8603  0.0415  0.4068  0.0566  0.4833  0.0464 -0.0003  0.3282 1 
 49.5094 -0.6231 -1.0211  0.0407  0.3339  0.0933  0.2996  0.0142 -0.0003  0.2651 0 
 34.3694  0.5824  2.1205  0.0178  0.7546  0.0216  0.2833  0.0250 -0.0003  0.1565 0 
 47.2450 -0.3454  1.8410  0.7145  0.5511  0.0377  0.4331  0.5235 -0.0003  0.9976 1 
 43.7598  0.3308 -1.2757  0.1410  0.3865  0.0405  0.2652  0.1166 -0.0003  0.6948 1 
 46.5614  0.5299 -1.3386  0.0131  0.1272  0.0301  0.2609  0.0742 -0.0003  0.0550 0 
 41.6938 -0.5185  1.8061  0.0140  0.0609  0.0622  0.2686  0.1226 -0.0003  0.0998 0 
 54.2275  0.7067 -1.2628  0.0671  0.2312  0.0889  0.3764  0.0960 -0.0003  0.4099 1 
 43.7964 -0.6999  1.8323  0.3070  0.4080  0.0558  0.3093  0.0589  0.4244  0.9958 1 
 48.4566 -0.0492  1.2775  0.0000  0.3640  0.0513  0.2582  0.0928 -0.0003  0.1675 0 
 36.8139  0.0549 -1.8224  0.0369  0.2322  0.0370  0.2779  0.0251 -0.0003  0.1352 0 
 46.6865  0.6426 -1.5010  0.0611  0.3773  0.0167  0.1738  0.0090 -0.0003  0.1729 0 
 45.0019 -0.6324  1.6325  0.0376  0.2725  0.1356  0.4826  0.0419 -0.0003  0.2667 0 
 42.8229  0.7258 -2.9045  0.0114  0.3769  0.0565  0.3111  0.0344 -0.0003  0.1841 0 
 13.7636 -0.7065  0.3446  0.0325  0.2693  0.0151  0.3185  0.0168 -0.0003  0.0859 0 
 46.7720 -0.4806  2.9584  0.0012  0.4182  0.0394  0.3474  0.0848 -0.0003  0.1350 0 
 43.4669  0.4631 -0.1876  0.0137  0.4614  0.0143  0.3984  0.0201 -0.0003  0.1073 0 
 46.3478 -0.1561 -1.1357  0.3742  0.4840  0.1087  0.5659  0.3920 -0.0003  0.9975 1 
 43.8483  0.1793  1.9995  0.4096  0.5114  0.1358  0.6626  0.4857 -0.0003  0.9985 1 
 49.0486 -0.1613  1.2069  0.0143  0.5708  0.0572  0.3432  0.0095 -0.0003  0.2216 0 
 45.5512  0.1646 -1.9610  0.0719  0.4356  0.0190  0.3936  0.0495 -0.0003  0.3279 0 
 51.0506  0.0233 -1.3311  0.7921  0.4017  0.1432  0.7219 -0.0200 -0.0003  0.9897 1 
 45.2247 -0.0122  1.7866  0.1041  0.3339  0.1031  0.3505  0.0421 -0.0003  0.4831 1 
 47.5532 -0.1594 -0.0275  0.0218  0.3973  0.0203  0.2162  0.1264 -0.0003  0.1579 0 
 46.3416  0.1566  3.1083  0.0780  0.4016  0.0434  0.4353  0.0449 -0.0003  0.4656 0 
 38.9349 -0.2204  1.4833  0.2366  0.8121  0.0606  0.3648  0.1132  0.3752  0.9891 1 
 37.5097  0.2065 -1.7437  0.1484  0.2725  0.0482  0.4146  0.1715 -0.0003  0.7889 1 
 48.8533  0.1919  0.4134  0.0010  0.3306  0.1443  0.4294  0.0115 -0.0003  0.1677 0 
 44.2329 -0.2025 -2.6896  0.0403  0.3459  0.0172  0.1322  0.0064 -0.0003  0.1595 0 
 50.1686  0.0703 -2.0067  0.1377  0.1978  0.0261  0.3412  0.0417 -0.0003  0.3688 0 
 37.3510 -0.0805  1.1002  0.0522  0.1923  0.0518  0.1845  0.0773 -0.0003  0.2399 0 
 47.6539 -0.6081 -2.8896  0.1110  0.5512  0.0115  0.0864  0.1793 -0.0003  0.4078 0 
 46.5370  0.6058  0.2663  0.0794  0.1659  0.0765  0.3044  0.0407 -0.0003  0.2704 0 
 46.0700 -0.3625 -0.8153  0.4650  0.4532  0.0315  0.5232  0.3233 -0.0003  0.9883 1 
 46.0548  0.3456  2.3227  0.5229  0.2077  0.0338  0.6105  0.6029 -0.0003  0.9984 1 
 53.9193 -0.3695 -2.7894  0.0047  0.4603  0.0286  0.3350  0.1054 -0.0003  0.1364 0 
 41.9104  0.3748  0.3342  0.0284  0.5746  0.0358  0.2683  0.0333 -0.0003  0.2373 0 
 47.6295  0.4444 -0.2859  0.0258  0.5093  0.0475  0.4323  0.1478 -0.0003  0.4178 0 
 36.6217 -0.4264  2.8504  0.0814  0.2220  0.1053  0.4174  0.2398  0.5388  0.9493 0 
 42.2461 -0.4500  0.5618  0.0114  0.1176  0.0093  0.3123  0.0494 -0.0003  0.0345 0 
 37.7478  0.4474 -2.5720  0.0201  0.4031  0.0129  0.1840  0.0124 -0.0003  0.1089 0 
 43.0213  0.6007  1.2528  0.0019  0.1442  0.1336  0.3995  0.0682 -0.0003  0.0906 0 
 36.7193 -0.5758 -1.8160  0.0208  0.5664  0.0357  0.2317  0.0043  0.0737  0.3727 0 
 50.8614 -0.5291 -2.0958  0.5643  0.8613  0.0491  0.3825  0.6346  0.0993  0.9983 1 
 50.5104  0.5307  1.0495  0.6109  0.7045  0.0913  0.3406  0.5540 -0.0003  0.9980 1 
 51.8410  0.0331  0.5911  0.2454  0.7988  0.1692  0.7191  0.0936 -0.0003  0.9028 0 
 35.3948 -0.0022 -2.5326  0.0077  0.5113  0.0261  0.3746  0.0446 -0.0003  0.1231 0 
 56.0250 -0.4636  3.0410  0.0055  0.6881  0.1856  0.5808  0.0612 -0.0003  0.2811 0 
 44.0711  0.4224 -0.0493  0.0252  0.3334  0.0239  0.4411  0.0347 -0.0003  0.1561 0 
 46.5095 -0.1119  0.3918  0.0020  0.5700  0.0420  0.3045  0.0843 -0.0003  0.1838 0 
 45.2094  0.1206 -2.7542  0.0198  0.0890  0.0962  0.3944  0.1270 -0.0003  0.1178 0 
 36.7620  0.3852 -1.5430  0.2937  0.6802  0.0181  0.4170  0.2359 -0.0003  0.9423 1 
 22.7085 -0.4295  1.6872  0.0737  0.2875  0.0244  0.3209  0.0391  0.3109  0.9341 1 
 46.5217 -0.3608 -1.8884  0.0113  0.3523  0.1114  0.2609  0.0545 -0.0003  0.2218 0 
 43.6347  0.3743  1.1938  0.0540  0.0605  0.0191  0.2654  0.0497 -0.0003  0.0517 0 
 45.3620 -0.0696 -0.9730  0.0185  0.1025  0.0368  0.2189  0.1436 -0.0003  0.1060 0 
 39.2798  0.0856  2.1745  0.0219  0.0861  0.0119  0.1365  0.1743 -0.0003  0.1054 0 
 49.7963 -0.5495  1.8547  0.0545  0.4425  0.0169  0.0855  0.0092 -0.0003  0.1912 0 
 29.4041  0.5724 -1.2723  0.0017  0.1731  0.0247  0.3951  0.0720 -0.0003  0.0577 0 
 48.8289  0.7905 -1.9513  0.0732  0.6840  0.0244  0.3436  0.0516 -0.0003  0.4185 0 
 40.3998 -0.8069  1.2484  0.0672  0.5475  0.0346  0.3160  0.1293 -0.0003  0.5395 0 
 45.0690 -0.3236  0.4017  0.0248  0.3413  0.0284  0.2631  0.0300 -0.0003  0.1239 0 
 40.5554  0.3330 -2.7225  0.0809  0.1232  0.0359  0.3608  0.0184 -0.0003  0.1647 0 
 45.9785 -0.2698  0.5963  0.2249  0.4635  0.0461  0.3054  0.1871  0.1188  0.9051 1 
 45.2613  0.2692 -2.5311  0.2691  0.5324  0.0569  0.4380  0.2736 -0.0003  0.9799 1 
 50.3243  0.2558 -1.6818  0.1239  0.5426  0.0215  0.3409  0.0478 -0.0003  0.5300 0 
 45.7374 -0.2543  1.4909  0.2554  0.4111  0.1415  0.6990  0.1048  0.5855  0.9960 0 
 46.7567  0.3250 -0.0580  0.0213  0.1336  0.0286  0.4778  0.1164 -0.0003  0.1386 0 
 42.8412 -0.3192  3.0716  0.0002  0.6129  0.0356  0.2667  0.1721 -0.0003  0.2696 0 
 51.2276  0.5255 -2.7988  0.2240  0.7011  0.0811  0.5940  0.3880 -0.0003  0.9927 1 
 37.5341 -0.5167  0.3752  0.1567  0.4289  0.0697  0.3225  0.2034  0.4663  0.9970 1 
 55.8450 -0.6059  1.9048  0.0899  0.1490  0.0570  0.4567  0.0648 -0.0003  0.3493 0 
 33.8537  0.6122 -1.2775  0.0229  0.5228  0.0252  0.2371  0.0406 -0.0003  0.1485 0 
 51.5541 -0.6254  1.2071  0.0154  0.5364  0.0947  0.4236 -0.0200 -0.0003  0.1893 0 
 36.0357  0.6393 -1.9309  0.0302  0.4383  0.0228  0.1864  0.0297 -0.0003  0.1479 0 
 45.2094 -0.4505  0.5613  0.4829  0.4119  0.1063  0.5696  0.0556 -0.0003  0.9738 1 
 44.3458  0.4390 -2.5733  0.2770  0.2757  0.0842  0.6166  0.3345 -0.0003  0.9919 1 
 45.1637  0.5102  1.3738  0.0373  0.3675  0.0233  0.3068  0.0082  0.0741  0.3129 0 
 37.6226 -0.5066 -1.7274  0.0443  0.2967  0.0312  0.3223  0.0246 -0.0003  0.1780 0 
 52.1187  0.3077 -2.6323  0.0265  0.1914  0.0515  0.1690  0.0123 -0.0003  0.1491 0 
 39.0204 -0.3232  0.4706  0.0401  0.3956  0.1293  0.5014  0.0230 -0.0003  0.2809 0 
 47.0375 -0.7377 -2.9756  0.0113  0.1841  0.0248  0.3903  0.0189 -0.0003  0.0673 0 
 41.5900  0.7270  0.1559  0.0262  0.5247  0.0138  0.3136  0.0845 -0.0003  0.1343 0 
 48.8350  0.1938  0.4562  0.0275  0.2801  0.0851  0.6442  0.0576  0.3854  0.5974 0 
 44.9317 -0.2076 -2.6910  0.0401  0.4974  0.0146  0.3072  0.0385 -0.0003  0.1432 0 
 58.0209 -0.5084 -0.2698  0.0172  0.2182  0.1878  0.4935  0.0246 -0.0003  0.1941 0 
 40.6043  0.5171  2.8869  0.0166  0.0996  0.0285  0.3156  0.0296 -0.0003  0.0518 0 
 44.4709  0.1540  1.2494  0.1945  0.2993  0.0426  0.4401  0.1205 -0.0003  0.7704 1 
 33.5454 -0.1618 -1.8702  0.2712  0.5134  0.0402  0.4278  0.3928  0.4395  0.9996 1 
 46.0700 -0.2792  0.5253  0.0709  0.1604  0.3175  0.4360  0.0124 -0.0003  0.2915 0 
 44.1016  0.2840 -2.6190  0.0100  0.6689  0.0254  0.5292  0.0236 -0.0003  0.1919 0 
 45.4536  0.0015  2.3696  0.0450  0.3428  0.0993  0.3501  0.0527 -0.0003  0.3127 0 
 43.1739 -0.0228 -0.7684  0.0259  0.6053  0.0192  0.3548  0.0306 -0.0003  0.1589 0 
 49.5003  0.6762  3.0854  0.0068  0.2357  0.0771  0.3852  0.0208 -0.0003  0.1293 0 
 41.7731 -0.6877 -0.0618  0.0047  0.6647  0.0680  0.3132  0.0817 -0.0003  0.2859 0 
 49.2744  0.3861 -1.8841  0.0140  0.6242  0.0130  0.2571  0.0818  0.1544  0.3251 0 
 39.2370 -0.3860  1.2222  0.0231  0.2124  0.0654  0.2731  0.0110 -0.0003  0.1547 0 
 47.6783 -0.4719  1.6313  0.0093  0.5129  0.0108  0.2593  0.0185 -0.0003  0.0918 0 
 38.9960  0.4659 -1.5050  0.0022  0.2202  0.3046  0.7750  0.0759  0.2519  0.4675 0 
 43.2959  0.0520  0.0822  0.0067  0.2729  0.0261  0.5318  0.0202 -0.0003  0.1285 0 
 37.0977 -0.0526 -3.0871  0.0528  0.7520  0.0610  0.7394  0.0485 -0.0003  0.4505 0 
 45.0599 -0.1497  2.4231  0.0328  0.1196  0.1035  0.6140  0.0644 -0.0003  0.2336 1 
 41.8280  0.1739 -0.6858  0.0366  0.3259  0.0490  0.3578  0.0323 -0.0003  0.2357 1 
 45.7008 -0.5917 -1.1718  0.1325  0.1766  0.0452  0.3058  0.1183 -0.0003  0.5277 0 
 44.7181  0.5752  1.9742  0.0296  0.2868  0.1328  0.4834  0.0377 -0.0003  0.2410 0 
 43.9490  0.0605 -1.7116  0.0323  0.1782  0.0256  0.4414  0.0873 -0.0003  0.1459 0 
 43.0304 -0.0603  1.4487  0.0172  0.4843  0.0114  0.1776  0.0117 -0.0003  0.1153 0 
 41.7365 -0.7298 -2.8857  0.1152  0.3845  0.0614  0.4476  0.1319  0.4873  0.9951 1 
 40.2197  0.7419  0.2534  0.1860  0.5397  0.1217  0.5425  0.2663 -0.0003  0.9750 1 
 51.8166 -0.1187  1.0658  0.0521  0.1099  0.1920  0.2115  0.0318 -0.0003  0.1298 0 
 43.2044  0.1019 -2.2001  0.0485  0.1327  0.1793  0.2661  0.0562 -0.0003  0.1719 0 
 45.4444 -0.2779 -0.2261  0.0556  0.1105  0.0797  0.4813  0.1083 -0.0003  0.2657 0 
 43.4028  0.2273  2.9014  0.0287  0.2519  0.0323  0.2657  0.0109 -0.0003  0.1210 0 
 49.2348  0.7567 -1.3825  0.0197  0.3318  0.0355  0.3429  0.0246 -0.0003  0.1419 0 
 44.7425 -0.7351  1.7053  0.0612  0.3262  0.1016  0.3076  0.0307 -0.0003  0.3495 0 
 49.4789  0.6937 -2.4013  0.2357  0.3254  0.0329  0.4708  0.1005 -0.0003  0.7649 1 
 41.1688 -0.6970  0.6878  0.0986  0.3834  0.0833  0.2246  0.0872 -0.0003  0.6595 1 
 46.0822 -0.6696 -1.0652  0.0843  0.3814  0.0501  0.3052  0.1140 -0.0003  0.5889 0 
 45.0538  0.6615  2.0889  0.0175  0.0547  0.2233  0.3947  0.0099 -0.0003  0.0593 0 
 47.5196  0.5707 -1.4641  0.0218  0.4193  0.1186  0.2595  0.0402 -0.0003  0.2560 0 
 43.7659 -0.5658  1.6577  0.0627  0.6110  0.0216  0.3978  0.0840 -0.0003  0.4019 0 
 48.5664 -0.5338 -1.8218  0.0693  0.2632  0.0370  0.2151  0.0451 -0.0003  0.2477 0 
 36.4508  0.5295  1.3439  0.0123  0.3480  0.0113  0.2322  0.0325  0.1770  0.3748 0 
 54.6761  0.3890  1.6059  0.0658  0.2175  0.0643  0.4173  0.0339 -0.0003  0.2997 0 
 34.3755 -0.3772 -1.5628  0.1110  0.5210  0.0273  0.4721  0.1081 -0.0003  0.7015 0 
 43.7507  0.7971  2.7116  0.0011  0.4356  0.0282  0.3978  0.0494 -0.0003  0.1045 1 
 16.5438 -0.7502 -0.2193  0.2139  0.5174  0.0254  0.5356  0.1865 -0.0003  0.9006 1 
 48.5908 -0.6765 -2.5577  0.3166  0.7009  0.0555  0.3440  0.4518 -0.0003  0.9952 1 
 45.0355  0.6733  0.6048  0.0642  0.6682  0.0542  0.4825  0.1490 -0.0003  0.6792 1 
 46.4668 -0.1446 -0.9464  0.0006  0.2734  0.0477  0.6960  0.0766 -0.0003  0.2126 0 
 44.9134  0.1417  2.1891  0.0147  0.2217  0.0627  0.3951  0.0617 -0.0003  0.1456 0 
 45.6916  0.1334 -1.2707  0.2016  0.0908  0.0733  0.3496  0.2831 -0.0003  0.8623 1 
 38.0499 -0.1540  1.8841  0.3839  0.5080  0.0303  0.4130  0.4609 -0.0003  0.9956 1 
 58.7655 -0.0150 -1.0952  0.0126  0.0819  0.0467  0.1230 -0.0200 -0.0003  0.1067 0 
 45.1240  0.0308  2.0196  0.0089  0.1242  0.0220  0.3069  0.0563 -0.0003  0.0432 0 
 52.4544 -0.2716  1.7292  0.0090  0.1688  0.1461  0.3374  0.0825  0.1237  0.2152 0 
 43.7110  0.2848 -1.4356  0.0006  0.3304  0.1232  0.3979  0.1108 -0.0003  0.2026 0 
 45.6184 -0.0572 -1.5641  0.0120  0.6873  0.0879  0.3497  0.0357 -0.0003  0.2468 1 
 35.4864  0.0639  1.5544  0.0605  0.1491  0.0076  0.2808  0.0590 -0.0003  0.0674 1 
 60.0992  0.2489 -0.7150  0.0002  0.4321  0.2614  0.5301  0.1232 -0.0003  0.3008 0 
 44.3305 -0.2367  2.3642  0.0246  0.1682  0.1940  0.3083  0.0444 -0.0003  0.1567 0 
 50.1045 -0.2553 -2.6805  0.0139  0.1152  0.0709  0.4266  0.0320 -0.0003  0.0919 0 
 45.0446  0.2602  0.4542  0.0108  0.1140  0.0380  0.2632  0.1725 -0.0003  0.1229 0 
 46.9337  0.6334 -2.7021  0.4464  0.3246  0.0575  0.3471  0.5107 -0.0003  0.9974 1 
 45.9510 -0.6236  0.5034  0.0739  0.7546  0.0745  0.3054  0.1796 -0.0003  0.8506 1 
 49.2622 -0.6914  0.5444  0.0164  0.2669  0.0351  0.3000  0.0621 -0.0003  0.1028 0 
 39.1821  0.6743 -2.6039  0.0650  0.7228  0.0063  0.3642  0.0390 -0.0003  0.2604 0 
 46.5156 -0.6967  1.2454  0.0740  0.0378  0.0589  0.1305  0.0368 -0.0003  0.0993 0 
 42.7649  0.6819 -1.9134  0.0036  0.4096  0.0176  0.2668  0.0755 -0.0003  0.0824 0 
 59.5285  0.1330  0.8003  0.0138  0.1517  0.0383  0.4904  0.0847 -0.0003  0.1278 0 
 34.7845 -0.1310 -2.3203  0.0222  0.2288  0.0335  0.1882  0.0168 -0.0003  0.1089 0 
 47.4495 -0.1172 -0.5238  0.0376  0.3085  0.0343  0.2163  0.0412 -0.0003  0.1689 0 
 39.8230  0.1127  2.6167  0.5571  0.4716  0.0190  0.4532  0.3163 -0.0003  0.9908 0 
 43.3967 -0.6040 -2.1527  0.0771  0.1487  0.2613  0.2657  0.0302 -0.0003  0.2864 0 
 42.6123  0.5865  0.9546  0.0555  0.4775  0.0374  0.5786  0.2015 -0.0003  0.6459 0 
 44.5167 -0.5101 -0.5879  0.0108  0.1670  0.0506  0.4840  0.0218 -0.0003  0.1161 1 
 30.9148  0.4862  2.5199  0.1793  0.3922  0.0303  0.1947  0.2833  0.3068  0.9926 1 
 46.4698 -0.7374 -0.3497  0.2914  0.3221  0.0541  0.3480  0.4570 -0.0003  0.9941 1 
 44.7486  0.7324  2.7888  0.2043  0.6637  0.1006  0.3515  0.1215 -0.0003  0.9339 1 
 47.0344  0.4676 -2.2930  0.4485  0.5761  0.0323  0.3469  0.3981 -0.0003  0.9955 0 
 43.0884 -0.4690  0.8244  0.0092  0.3480  0.0067  0.2219  0.0516 -0.0003  0.0665 0 
 45.2979  0.5482  0.0874  0.0322  0.1438  0.0908  0.3504  0.0207 -0.0003  0.1232 0 
 43.0701 -0.5647 -3.0436  0.0207  0.3119  0.2400  0.3550  0.0298 -0.0003  0.2407 0 
 48.6397  0.7224  2.2403  0.5324  0.1738  0.0522  0.5589  0.8514 -0.0003  0.9984 1 
 48.0415 -0.7221 -0.7891  0.2058  0.4629  0.0580  0.2157  0.2473 -0.0003  0.9412 1 
 42.9450  0.5297  1.3738  0.0684  0.2621  0.0512  0.2665  0.1757 -0.0003  0.5250 0 
 42.2492 -0.5346 -1.7796  0.0194  0.2439  0.3218  0.1784  0.0112 -0.0003  0.2059 0 
 45.8045 -0.2026  0.2656  0.0854  0.3890  0.0775  0.2620  0.1098 -0.0003  0.6466 0 
 43.3051  0.1952 -2.8607  0.1670  0.3240  0.0186  0.2659  0.0136 -0.0003  0.4560 0 
 49.7230 -0.7685  2.3871  0.0196  0.1454  0.1505  0.2137  0.0201 -0.0003  0.1083 0 
 43.2410  0.7870 -0.7845  0.0473  0.3475  0.0318  0.3990  0.0452 -0.0003  0.2560 0 
 39.8383  0.4640  1.1993  0.0022  0.2183  0.0161  0.3626  0.0141 -0.0003  0.0485 0 
 35.2026 -0.4706 -1.9732  0.0228  0.2090  0.0228  0.4221  0.0290 -0.0003  0.0957 0 
 62.3453 -0.2328 -0.1560  0.0079  0.5576  0.2600  0.3233  0.0718 -0.0003  0.3133 0 
 47.6600  0.2016  3.0306  0.0128  0.1542  0.1145  0.3458  0.0701 -0.0003  0.1085 0 
 55.3384 -0.7695  2.2631  0.0088  0.5947  0.0225  0.3329  0.0461 -0.0003  0.1200 0 
 52.5612  0.7747 -0.8761  0.0156  0.3320  0.0280  0.4637  0.0455 -0.0003  0.1492 0 
 54.5968 -0.2250  2.1653  0.0360  0.1929  0.0204  0.2087  0.0107 -0.0003  0.0783 0 
 44.8554  0.2267 -0.9734  0.0341  0.7185  0.0163  0.2634  0.1400 -0.0003  0.2520 0 
 51.4351  0.2634 -2.0504  0.0397  0.5144  0.0734  0.3391  0.0948 -0.0003  0.4276 0 
 45.4170 -0.2699  1.0558  0.0667  0.1810  0.0717  0.2626  0.1749 -0.0003  0.4765 0 
 46.6621  0.5032 -1.2380  0.0662  0.3374  0.0546  0.3042  0.1098 -0.0003  0.4879 0 
 42.9877 -0.4941  1.9033  0.0977  0.4723  0.1805  0.4440  0.0533 -0.0003  0.4542 0 
 52.7962  0.5634 -0.3714  0.0236  0.5555  0.1594  0.2947  0.0174 -0.0003  0.2561 0 
 45.2125 -0.5496  2.8293  0.0140  0.3809  0.0260  0.3067  0.1500  0.1825  0.5522 0 
 45.3040  0.5511  1.8639  0.0096  0.0793  0.3163  0.2628  0.0998 -0.0003  0.0916 0 
 45.0538 -0.5290 -1.3020  0.0009  0.6585  0.1818  0.3508  0.0139 -0.0003  0.2366 0 
 48.6213 -0.7606  0.0952  0.0760  0.1640  0.0373  0.2580  0.0182 -0.0003  0.1730 0 
 35.9503  0.7600 -3.0022  0.0293  0.3077  0.0278  0.2797  0.0095  0.1763  0.4514 0 
 49.9672  0.5238  1.6445  0.0541  0.5394  0.1175  0.5123  0.0189 -0.0003  0.3173 0 
 47.6936 -0.5207 -1.5290  0.1305  0.2974  0.0526  0.2161  0.0823 -0.0003  0.6117 0 
 53.1289  0.2464  1.0000  0.0192  0.3214  0.0959  0.3783  0.0237 -0.0003  0.1886 0 
 45.2918 -0.2408 -2.1436  0.0850  0.7751  0.0178  0.3504  0.0154 -0.0003  0.4655 0 
 50.7607  0.7750  1.1410  0.0643  0.6883  0.0177  0.2126  0.0447 -0.0003  0.2534 0 
 48.3986 -0.7661 -2.0175  0.0158  0.2234  0.0428  0.2152  0.0318 -0.0003  0.1052 0 
 48.3284 -0.4708  2.4381  0.0116  0.3452  0.1271  0.6460  0.0082 -0.0003  0.2256 0 
 34.7601  0.4786 -0.7309  0.0436  0.2860  0.0302  0.2824  0.0258 -0.0003  0.1572 0 
 49.9214 -0.7982 -0.0967  0.0221  0.3825  0.2268  0.3416  0.0198  0.3883  0.4945 0 
 44.3153  0.7865  2.9901  0.0336  0.4151  0.0307  0.2643  0.0071 -0.0003  0.2054 0 
 51.8441 -0.2926  0.4821  0.0231  0.3104  0.2601  0.6345  0.0541 -0.0003  0.3279 0 
 46.8635  0.2818 -2.6803  0.0091  0.0546  0.0284  0.3039  0.1254 -0.0003  0.0662 0 
 45.3590  0.4870 -0.4061  0.0163  0.1557  0.0164  0.1751  0.0128 -0.0003  0.0506 0 
 44.6082 -0.4723  2.7288  0.0356  0.3887  0.1326  0.5277  0.0566 -0.0003  0.3005 0 
 44.7089 -0.3543  2.8735  0.0537  0.1234  0.0930  0.4395  0.0767 -0.0003  0.2218 0 
 44.4404  0.3485 -0.2634  0.0813  0.5369  0.0323  0.3081  0.1640 -0.0003  0.6310 0 
 48.0476 -0.5975 -2.7628  0.0896  0.2105  0.0808  0.3450  0.0413 -0.0003  0.3690 0 
 46.8788  0.5842  0.3747  0.1069  0.4635  0.1102  0.6945  0.1053 -0.0003  0.7152 0 
 46.7170 -0.6900 -2.0653  0.0017  0.2063  0.0131  0.2172  0.0919 -0.0003  0.0498 0 
 44.5136  0.7257  1.0911  0.0202  0.2449  0.0209  0.2640  0.0085 -0.0003  0.0760 0 
 66.0533  0.2532 -1.1715  0.0202  0.1645  0.0244  0.3587  0.0483 -0.0003  0.0657 0 
 41.9806 -0.2681  2.0155  0.0157  0.2352  0.0641  0.4022  0.0213 -0.0003  0.1478 0 
 43.0610  0.3312 -1.8178  0.5809  0.2613  0.0883  0.5770  0.3819 -0.0003  0.9918 1 
 32.7214 -0.2731  1.3022  0.3373  0.5950  0.0266  0.2394  0.2670 -0.0003  0.9727 1 
 49.3660 -0.3757 -1.3253  0.0060  0.4864  0.0266  0.2570  0.0172  0.1254  0.3123 0 
 47.6722  0.3680  1.8352  0.0161  0.1866  0.3351  0.1729  0.0626 -0.0003  0.2510 0 
 46.5370  0.6175 -0.7365  0.0083  0.1518  0.0356  0.3044  0.0236 -0.0003  0.0602 0 
 43.1373 -0.6065  2.4004  0.0081  0.5563  0.0131  0.1331  0.0817 -0.0003  0.1249 0 
 48.6915 -0.2539 -3.0500  0.0075  0.4929  0.1302  0.5158  0.1674 -0.0003  0.3339 1 
 42.7680  0.2409  0.0782  0.1543  0.3587  0.0542  0.4446  0.1684 -0.0003  0.8425 1 
 49.7566  0.6724  2.4320  0.0099  0.3399  0.0365  0.2564  0.0021 -0.0003  0.1460 0 
 43.8819 -0.6741 -0.7609  0.0030  0.1728  0.0482  0.2208  0.0202 -0.0003  0.0794 0 
 41.0986  0.3838 -2.1135  0.0211  0.3573  0.0345  0.2696  0.1135  0.2590  0.6757 0 
 40.9094 -0.3893  1.0238  0.0070  0.2323  0.0168  0.1350  0.0412 -0.0003  0.0710 0 
 49.9275  0.1396 -2.7547  0.0837  0.2456  0.0681  0.4271  0.1606 -0.0003  0.5965 0 
 48.2124 -0.1844  0.3910  0.0644  0.3629  0.0295  0.3447  0.0320 -0.0003  0.2848 0 
 45.0263 -0.1351  2.8289  0.2181  0.2022  0.0276  0.4825 -0.0200 -0.0003  0.5920 0 
 43.9094  0.1433 -0.3245  0.0279  0.3178  0.0294  0.4857  0.0132  0.0760  0.3109 0 
 45.4597  0.5599  0.7733  0.1030  0.6064  0.0824  0.3500  0.1306  0.4400  0.9870 1 
 45.0080 -0.5290 -2.3173  0.1844  0.5905  0.0839  0.5264  0.2513 -0.0003  0.9697 1 
 54.9538  0.3579  0.0841  0.0633  0.3506  0.1007  0.5002  0.1179 -0.0003  0.4954 0 
 46.5095 -0.3456 -3.0401  0.0723  0.3030  0.0959  0.2610  0.0231 -0.0003  0.3918 0 
 50.9468  0.2798  1.4316  0.0078  0.5514  0.0256  0.5523  0.0283  0.0943  0.3127 0 
 45.5421 -0.2968 -1.7021  0.0110  0.3477  0.0788  0.4373  0.0617 -0.0003  0.1902 0 
 47.9500  0.1775 -2.5972  0.0876  0.7799  0.0760  0.8630  0.0882 -0.0003  0.7235 0 
 44.1505 -0.1740  0.5299  0.0167  0.5139  0.0886  0.6614  0.0869 -0.0003  0.2970 0 
 41.2451 -0.3706  1.3278  0.8403  0.6918  0.0726  0.4939  0.6939 -0.0003  0.9981 1 
 27.1641  0.3329 -1.8527  0.3037  0.0321  0.0417  0.2529  0.2358 -0.0003  0.8998 1 
 44.5777  0.3883  0.5765  0.1311  0.2436  0.0524  0.4838  0.0176  0.0315  0.5446 0 
 43.4852 -0.3943 -2.5892  0.0421  0.1972  0.0601  0.4427  0.0557 -0.0003  0.2269 0 
 56.4187 -0.0595  0.5609  0.0097  0.3621  0.2021  0.2899  0.0098 -0.0003  0.2070 0 
 42.1210  0.1010 -2.6230  0.0086  0.1081  0.0407  0.2232  0.0287 -0.0003  0.0585 0 
 44.8096  0.2804 -1.7224  0.0922  0.2614  0.0736  0.2635  0.0942 -0.0003  0.5324 0 
 43.0365 -0.3050  1.4252  0.0750  0.3870  0.0719  0.3995  0.0302 -0.0003  0.4245 0 
 47.9438 -0.4067  2.2914  0.0250  0.4391  0.0198  0.2589  0.0562 -0.0003  0.1194 0 
 47.4983  0.4297 -0.8199  0.0627  0.1983  0.0720  0.2163  0.0453 -0.0003  0.2805 0 
 46.0548 -0.6063  2.0667  0.0214  0.4304  0.0485  0.4361  0.0080 -0.0003  0.2198 0 
 44.4312  0.5803 -1.0504  0.0360  0.1291  0.0216  0.1761  0.0095 -0.0003  0.0624 0 
 55.7382  0.2224  1.6686  0.0149  0.1057  0.0302  0.3323  0.3543 -0.0003  0.3470 0 
 48.8106 -0.2602 -1.4797  0.0568  0.5966  0.0467  0.3866  0.0051 -0.0003  0.4002 0 
 48.5634  0.6423  3.1092  0.0254  0.1641  0.0879  0.4731  0.0413 -0.0003  0.1563 0 
 43.4058 -0.6700 -0.0192  0.0118  0.2328  0.0160  0.1329  0.0046 -0.0003  0.0862 0 
 42.9816  0.6872 -2.5595  0.0994  0.2761  0.0840  0.3108  0.0709  0.1658  0.7091 1 
 41.3367 -0.6752  0.6168  0.2945  0.2807  0.0323  0.4038  0.2476  0.1085  0.9599 1 
 48.0171  0.5348  2.7295  0.0058  0.1200  0.0833  0.3019  0.0690 -0.0003  0.0836 0 
 43.0701 -0.5096 -0.3648  0.0055  0.3563  0.0222  0.1775  0.0182 -0.0003  0.1053 0 
 53.6049 -0.6153 -0.8394  0.0248  0.7834  0.0887  0.5872  0.0873 -0.0003  0.3813 0 
 34.8943  0.6483  2.3231  0.0012  0.1934  0.0228  0.2821  0.0577 -0.0003  0.0443 0 
 46.6560 -0.0779 -1.6409  0.1894  0.1599  0.0329  0.2607  0.1788 -0.0003  0.7095 0 
 42.2095  0.0437  1.4761  0.0417  0.0959  0.1755  0.3570  0.0070 -0.0003  0.1002 0 
 45.4414 -0.4042 -0.7817  0.3958  0.1731  0.0399  0.3938  0.3872  0.2632  0.9994 1 
 28.8945  0.4080  2.3515  0.3770  0.2470  0.0293  0.2482  0.4190  0.2636  0.9990 1 
 50.2998  0.3877  2.6300  0.2151  0.3772  0.1169  0.7246  0.3676 -0.0003  0.9922 1 
 42.9755 -0.4330 -0.5209  0.2317  0.5345  0.0572  0.4441  0.3115  0.0843  0.9756 1 
 47.0985 -0.3666 -1.0244  0.0208  0.1579  0.0742  0.3468  0.0198 -0.0003  0.1142 0 
 38.2788  0.3788  2.1017  0.0515  0.3216  0.0218  0.3207  0.0655 -0.0003  0.1743 0 
 48.1788 -0.2356  0.9343  0.4535  0.3112  0.1081  0.3879  0.6223 -0.0003  0.9984 1 
 42.8748  0.2505 -2.1850  0.4310  0.4032  0.0973  0.2666  0.2978 -0.0003  0.9953 1 
 47.9316  0.2701  0.2738  0.0722  0.1727  0.0661  0.3884  0.0983 -0.0003  0.3473 0 
 45.2918 -0.2435 -2.8732  0.0101  0.8134  0.0233  0.4379  0.0980 -0.0003  0.2097 0 
 47.3335 -0.6422 -1.6143  0.0150  0.4492  0.1693  0.5628  0.1002 -0.0003  0.2957 0 
 44.1627  0.6645  1.4713  0.0034  0.5529  0.0131  0.2645  0.0760 -0.0003  0.0975 0 
 51.3344 -0.6060 -0.4642  0.0009  0.0837  0.0140  0.3392  0.0309 -0.0003  0.0352 0 
 45.9510  0.6120  2.6557  0.0231  0.1569  0.0407  0.3491  0.0480  0.1579  0.2791 0 
 45.7954  0.0146 -1.3583  0.2111  0.6836  0.0697  0.4804  0.2896 -0.0003  0.9826 0 
 41.5320 -0.0296  1.7653  0.0262  0.4824  0.0610  0.4930  0.0403 -0.0003  0.2583 0 
 50.5287 -0.1470  0.1111  0.0317  0.7399  0.1472  0.8089  0.1423 -0.0003  0.5446 0 
 44.5411  0.1362 -2.9774  0.0302  0.2377  0.1472  0.3519  0.0591 -0.0003  0.2200 0 
 55.3872 -0.4999  2.4263  0.1645  0.1022  0.0709  0.3744  0.1523  0.0419  0.7093 0 
 41.4160  0.4896 -0.7316  0.1144  0.2396  0.0290  0.2691  0.1429  0.2180  0.8705 0 
 59.7543 -0.1618  1.0015  0.0152  0.5777  0.2837  0.2450  0.0081 -0.0003  0.2216 0 
 47.4617  0.2383 -2.1910  0.0316  0.2003  0.2919  0.2163  0.1741 -0.0003  0.5825 0 
 46.6468 -0.2312 -1.3921  0.1754  0.2500  0.0109  0.3042  0.0689 -0.0003  0.3559 0 
 42.8260  0.2146  1.7811  0.1525  0.6793  0.0379  0.3111  0.2233 -0.0003  0.9010 0 
 51.7800 -0.7054 -2.0834  0.0162  0.6612  0.1213  0.8039  0.0263 -0.0003  0.2893 0 
 42.8107  0.7102  1.0162  0.0087  0.3353  0.0244  0.4001  0.0019 -0.0003  0.1121 0 
 49.6040  0.0906 -1.0910  0.0179  0.2163  0.0529  0.4705  0.0709 -0.0003  0.1714 0 
 40.2533 -0.0847  2.0816  0.0086  0.5594  0.0995  0.5875  0.0097 -0.0003  0.2139 0 
 44.5655 -0.3594 -0.7116  0.0204  0.2341  0.0508  0.3518  0.1798 -0.0003  0.2857 0 
 35.9838  0.3399  2.4599  0.0446  0.2716  0.0203  0.5593  0.0808  0.0816  0.4467 0 
 47.7363 -0.5161  0.2352  0.0097  0.2688  0.0534  0.4320  0.0512 -0.0003  0.1462 0 
 43.2013  0.5159 -2.9756  0.0555  0.3539  0.0207  0.2217  0.0475  0.0692  0.3035 0 
 47.3152 -0.6839 -2.5128  0.0724  0.5939  0.0656  0.4330  0.0295 -0.0003  0.4497 0 
 44.9378  0.6449  0.6962  0.1292  0.5509  0.3141  0.4389  0.0284 -0.0003  0.6144 0 
 47.4037  0.5489 -1.3740  0.0040  0.2753  0.0715  0.2597  0.0097 -0.0003  0.1603 0 
 44.7425 -0.5539  1.8118  0.0387  0.2373  0.0450  0.2636  0.0349 -0.0003  0.1666 0 
 47.5685  0.7448 -0.2041  0.1609  0.1837  0.0587  0.5189  0.1057 -0.0003  0.6922 1 
 36.0693 -0.7466  2.8923  0.2898  0.7804  0.0234  0.3726  0.3950 -0.0003  0.9880 1 
 46.2379  0.3624  0.8074  0.0540  0.2597  0.0183  0.3049  0.0661 -0.0003  0.1369 0 
 44.5686 -0.3608 -2.3325  0.1111  0.6607  0.0634  0.5278  0.0982 -0.0003  0.7398 0 
 45.4078 -0.2010 -3.0846  0.0008  0.2367  0.0242  0.1751  0.0364 -0.0003  0.0636 0 
 36.2158  0.2103  0.0904  0.0119  0.1493  0.0177  0.2791  0.1086 -0.0003  0.0558 0 
 57.8164 -0.7011 -0.5628  0.1150  0.3945  0.0424  0.3293  0.1710  0.0561  0.7966 0 
 29.1569  0.6849  2.6393  0.0839  0.2851  0.0233  0.2971  0.1671 -0.0003  0.4199 0 
 48.4993  0.1472  3.0295  0.1395  0.1843  0.0260  0.3872  0.0524 -0.0003  0.4028 0 
 41.0803 -0.1513 -0.1129  0.1808  0.6081  0.0048  0.1349  0.1230  0.1595  0.7339 0 
 38.5473  0.6819 -0.4027  0.0111  0.4422  0.0615  0.2744  0.0584 -0.0003  0.2360 0 
 33.4417 -0.6638  2.7400  0.0182  0.0649  0.0163  0.2855  0.0012 -0.0003  0.0442 0 
 47.4678  0.3420  0.1453  0.1801  0.5204  0.0617  0.3461  0.1713 -0.0003  0.9178 1 
 44.7913 -0.3898 -3.0050  0.4578  0.4977  0.0976  0.2635  0.5340  0.6844  0.9999 1 
 46.4820 -0.4558  0.6486  0.0536  0.4284  0.0987  0.4785  0.0258 -0.0003  0.3244 0 
 42.9755  0.5103 -2.4849  0.0065  0.3885  0.0181  0.4441  0.0466 -0.0003  0.0988 0 
 57.7798  0.3161  2.5599  0.0186  0.0623  0.0234  0.2058  0.0483 -0.0003  0.0442 0 
 54.5632 -0.3181 -0.6015  0.0112  0.2250  0.0636  0.3758  0.0773 -0.0003  0.1436 0 
 56.6079 -0.6329  0.6474  0.0751  0.0891  0.0129  0.1241  0.0352 -0.0003  0.0593 0 
 54.6883  0.6452 -2.5033  0.0063  0.6462  0.1278  0.6260  0.0367 -0.0003  0.2526 0 
 53.7026  0.6163  1.8042  0.0108  0.3140  0.2445  0.3773  0.0198 -0.0003  0.2152 0 
 42.3560 -0.5865 -1.2869  0.0557  0.0824  0.1314  0.3121  0.1844 -0.0003  0.2824 0 
 44.6052 -0.4283  1.2841  0.1705  0.2795  0.0474  0.2199  0.0562  0.2006  0.8402 1 
 42.7619  0.4245 -1.8971  0.3908  0.5699  0.0217  0.2223  0.2477 -0.0003  0.9772 1 
 44.7791 -0.0521 -0.8248  0.1553  0.4969  0.0734  0.6150  0.0694 -0.0003  0.7323 1 
 39.3439  0.0790  2.2983  0.3656  0.4878  0.0585  0.5457  0.2215  0.4096  0.9997 1 
 43.1495  0.5347  3.0521  0.0320  0.2804  0.2072  0.4879  0.0242 -0.0003  0.2603 0 
 41.4649 -0.5240 -0.1090  0.0131  0.1827  0.0139  0.1794  0.0212 -0.0003  0.0488 0 
 47.0558  0.7914 -2.8347  0.4448  0.4760  0.0581  0.4770  0.0805  0.3321  0.9930 1 
 42.9877 -0.8057  0.2858  0.1056  0.8313  0.0676  0.4884  0.2173 -0.0003  0.9170 1 
 43.1434  0.4276 -2.6554  0.0529  0.1641  0.0955  0.3993  0.0129 -0.0003  0.1966 0 
 40.7660 -0.4519  0.5372  0.0073  0.3572  0.0486  0.4054  0.1319 -0.0003  0.2242 0 
 44.9134  0.1223  2.3411  0.0611  0.3855  0.0261  0.3073  0.1183  0.2500  0.8174 0 
 41.6815 -0.1279 -0.8104  0.0047  0.1445  0.0747  0.2686  0.0158 -0.0003  0.0895 0 
 49.5247 -0.7058 -0.1938  0.0651  0.1777  0.0528  0.5135  0.0370 -0.0003  0.3027 0 
 43.8941  0.7250  2.8478  0.0526  0.5128  0.1379  0.5740  0.0361 -0.0003  0.3316 0 
 42.2126 -0.5734  3.1379  0.5823  0.4547  0.0573  0.3570  0.5804  0.1512  0.9984 1 
 26.1051  0.5741 -0.0781  0.1331  0.8001  0.0492  0.6143  0.2348  0.2415  0.9444 1 
 50.2693  0.6387  2.0361  0.0164  0.3078  0.0738  0.2984  0.0318 -0.0003  0.1927 0 
 47.2023 -0.6247 -1.1232  0.0231  0.5420  0.1353  1.0398  0.0577 -0.0003  0.4772 0 
 46.6438  0.7296  2.0286  0.0099  0.1901  0.0233  0.3477  0.0175 -0.0003  0.0581 0 
 33.0388 -0.7365 -1.1852  0.0487  0.7380  0.0226  0.2387  0.0256  0.1698  0.5836 0 
 45.0172  0.0160  1.0624  0.0240  0.3350  0.0786  0.3948  0.0161 -0.0003  0.2070 0 
 43.9765 -0.0365 -2.1052  0.0249  0.1642  0.0181  0.0883  0.0161 -0.0003  0.0851 0 
 43.4699 -0.0016 -0.6439  0.0573  0.2593  0.0247  0.1771  0.0145 -0.0003  0.1665 0 
 42.9877  0.0130  2.4826  0.1501  0.2766  0.0068  0.0888  0.0834 -0.0003  0.2623 0 
 28.2658  0.4594 -2.5847  0.1232  0.4863  0.0328  0.1499  0.0649 -0.0003  0.5279 1 
 18.9212 -0.4334  0.4904  0.1191  0.2375  0.0349  0.1704  0.1802 -0.0003  0.5811 1 
 43.9887  0.4920  1.3370  0.1899  0.7707  0.0367  0.2648  0.2246 -0.0003  0.9245 1 
 26.6819 -0.5113 -1.7980  0.2339  0.6275  0.0262  0.2034  0.2033  0.3207  0.9857 1 
 47.1077  0.3321  0.8885  0.0393  0.2579  0.0587  0.6069  0.1360 -0.0003  0.4181 0 
 41.5015 -0.3096 -2.3155  0.0036  0.2372  0.0658  0.3138  0.0430 -0.0003  0.1166 0 
 44.1260 -0.3005 -1.8021  0.0178  0.2158  0.0467  0.3087  0.1248  0.3018  0.6399 0 
 43.1037  0.3311  1.2923  0.0119  0.3125  0.0449  0.3106  0.0213 -0.0003  0.1387 0 
 54.5815  0.5755 -0.4701  0.0173  0.3502  0.2260  0.3340  0.0930 -0.0003  0.3139 0 
 47.4495 -0.5304  2.6795  0.0314  0.4494  0.0114  0.0433  0.0059 -0.0003  0.1687 0 
 51.2062  0.3717  2.4920  0.0246  0.4021  0.1569  0.6789  0.1531 -0.0003  0.4504 0 
 44.9165 -0.3852 -0.6465  0.0206  0.3907  0.0250  0.2634  0.0770 -0.0003  0.1260 0 
 48.4169  0.7572 -0.0133  0.1488  0.4319  0.0427  0.5165  0.2851  0.0744  0.9388 1 
 48.3223 -0.7673  3.1017  0.3487  0.4432  0.0798  0.6029  0.4154 -0.0003  0.9969 1 
 40.4608 -0.6303 -0.9531  0.0204  0.3248  0.0996  0.4965  0.0112 -0.0003  0.2030 0 
 32.5139  0.6310  2.1768  0.0264  0.3034  0.0070  0.1919  0.0065 -0.0003  0.0829 0 
 48.9601  0.7404 -0.1134  0.0191  0.3526  0.1944  0.5150  0.0187 -0.0003  0.2411 0 
 38.9319 -0.7475  3.0079  0.0486  0.1963  0.0224  0.2280  0.0322 -0.0003  0.0933 0 
 44.9134  0.6630 -1.4373  0.0570  0.0580  0.0357  0.2195  0.0104 -0.0003  0.0708 0 
 40.8209 -0.6708  1.6746  0.0276  0.3015  0.0377  0.3152  0.0353 -0.0003  0.1513 0 
 46.1158  0.0954  1.9230  0.0204  0.2858  0.0491  0.2615  0.0910 -0.0003  0.1920 0 
 42.2675 -0.1008 -1.2264  0.0008  0.0957  0.3713  0.3568  0.0516 -0.0003  0.0940 0 
 43.0823  0.6010  0.9472  0.0109  0.6117  0.1448  0.5769  0.0117 -0.0003  0.2427 0 
 26.7948 -0.6316 -2.1418  0.0353  0.1248  0.0124  0.1016  0.0081 -0.0003  0.0634 0 
 45.3010  0.5107  2.4377  0.0150  0.4119  0.0259  0.1752  0.0460 -0.0003  0.1318 0 
 38.9837 -0.4943 -0.6865  0.0150  0.2400  0.0407  0.4103  0.1457 -0.0003  0.2005 0 
 43.2105  0.4382 -3.1071  0.0886  0.2523  0.0203  0.6208  0.0483 -0.0003  0.4779 0 
 39.4171 -0.4405  0.0118  0.0725  0.3269  0.0249  0.4091  0.1148  0.1447  0.6637 0 
 47.3304 -0.7199 -0.5810  0.0273  0.3586  0.1197  0.4330  0.0091 -0.0003  0.2192 0 
 40.7568  0.7192  2.5240  0.0179  0.2860  0.0641  0.5855  0.2922 -0.0003  0.4664 0 
 48.7495 -0.1877  2.5363  0.0021  0.3577  0.0410  0.2148  0.0910 -0.0003  0.1490 0 
 48.5847  0.1908 -0.6420  0.0600  0.1500  0.0537  0.2580  0.0538 -0.0003  0.1711 0 
 45.5604 -0.5987 -0.9105  0.0046  0.1765  0.1519  0.5247  0.0556 -0.0003  0.1475 0 
 44.0009  0.5940  2.2293  0.0036  0.4423  0.0236  0.3530  0.1330 -0.0003  0.1407 0 
 54.6853 -0.3007  2.1008  0.0474  0.2337  0.0964  0.4173  0.0812 -0.0003  0.3126 0 
 46.8940  0.3044 -1.0394  0.2426  0.4735  0.0479  0.3038  0.0722 -0.0003  0.7900 0 
 56.0159  0.6607  1.8827  0.0191  0.0794  0.2878  0.5808  0.1887 -0.0003  0.3195 0 
 50.2663 -0.6786 -1.3246  0.0446  0.2383  0.0394  0.1705  0.0134 -0.0003  0.1965 0 
 49.8238  0.1367  2.0051  0.0097  0.2437  0.0379  0.2991  0.0027 -0.0003  0.1029 0 
 37.2869 -0.1124 -1.0900  0.0334  0.1861  0.0500  0.5538  0.0660 -0.0003  0.2413 0 
 53.2326 -0.7178  2.9606  0.0229  0.5332  0.0356  0.3782  0.0546 -0.0003  0.2233 0 
 45.1087  0.7079 -0.1529  0.0232  0.6586  0.0179  0.2630  0.0267 -0.0003  0.1426 0 
 45.6489 -0.3871 -0.0310  0.1997  0.2165  0.0301  0.3934  0.1618  0.2404  0.9768 1 
 35.0652  0.3955  3.1018  0.4335  0.4351  0.0260  0.2817  0.2625 -0.0003  0.9834 1 
 46.4210  0.1457  1.8308  0.0178  0.5419  0.0546  0.3481  0.0405 -0.0003  0.2398 0 
 44.7242 -0.1469 -1.2987  0.0937  0.2828  0.2852  0.2636  0.1047 -0.0003  0.6348 0 
 51.9966 -0.6750 -3.0087  0.0056  0.2117  0.1194  0.3804  0.0552 -0.0003  0.1256 0 
 44.9805  0.6538  0.1062  0.0225  0.3784  0.0182  0.2194  0.1464 -0.0003  0.1688 0 
 47.1809  0.0432  1.5594  0.4397  0.1655  0.0549  0.3900  0.2033 -0.0003  0.9590 1 
 38.4039  0.0250 -1.5811  0.1857  0.6770  0.1185  0.2747  0.2637  0.7283  0.9994 1 
 47.9988  0.2020  0.6903  0.0301  0.4714  0.1750  0.5176  0.0352 -0.0003  0.2774 0 
 37.6501 -0.2216 -2.4582  0.0258  0.2853  0.0226  0.4142  0.1196 -0.0003  0.1786 0 
 59.8550  0.6551  2.5807  0.0190  0.4014  0.0745  0.1632  0.0089 -0.0003  0.3305 0 
 50.7485 -0.6348 -0.6086  0.0156  0.3059  0.0276  0.3402  0.0733 -0.0003  0.1041 0 
 51.2612  0.0146 -2.9346  0.0315  0.6536  0.0614  0.4666  0.0214 -0.0003  0.2783 0 
 34.9371 -0.0335  0.2626  0.0473  0.1677  0.0677  0.1880  0.0276 -0.0003  0.1901 0 
 51.7464 -0.1821 -2.5955  0.0188  0.2387  0.0494  0.4232  0.0203 -0.0003  0.1497 0 
 50.3426  0.1836  0.5335  0.0870  0.3115  0.0942  0.3409  0.1015 -0.0003  0.5467 0 
 43.6042  0.5765  1.5496  0.0009  0.7137  0.0453  0.3539  0.0445 -0.0003  0.1862 0 
 40.0763 -0.5155 -1.6506  0.0165  0.3411  0.0632  0.4072  0.0165 -0.0003  0.1879 0 
 48.3741 -0.6399  2.7938  0.0128  0.6498  0.1894  0.3444  0.2198 -0.0003  0.5332 0 
 44.3519  0.6435 -0.3550  0.0296  0.0535  0.1027  0.2642  0.0884 -0.0003  0.0880 0 
 47.2816 -0.5877 -0.1274  0.0386  0.1721  0.0440  0.5197  0.0800 -0.0003  0.2375 0 
 46.7994  0.5935  2.9889  0.0323  0.3098  0.0401  0.1737  0.0075 -0.0003  0.2264 0 
 49.7780 -0.0900 -2.6963  0.0070  0.1149  0.0278  0.2137  0.0607 -0.0003  0.0465 0 
 38.2696  0.0687  0.4361  0.0425  0.4840  0.0293  0.1833  0.1613 -0.0003  0.3184 0 
 46.4881  0.2052  2.4658  0.7088  0.6907  0.0500  0.5220  0.7312 -0.0003  0.9982 1 
 27.8019 -0.1658 -0.7202  0.3528  0.5308  0.0433  0.6027  0.3973  0.4002  0.9999 1 
 54.7219  0.5728 -0.0495  0.0277  0.2053  0.0498  0.4590  0.1148 -0.0003  0.2310 0 
 39.5666 -0.5683  3.1377  0.0457  0.3629  0.0546  0.3632  0.1071 -0.0003  0.4017 0 
 52.4758 -0.4419  1.0210  0.1131  0.1624  0.0580  0.2952  0.1512 -0.0003  0.5483 0 
 37.5433  0.4892 -2.1402  0.0857  0.4518  0.0564  0.3685  0.0516  0.2679  0.7920 0 
 46.0365  0.2328  1.4680  0.0268  0.5757  0.0505  0.3489  0.0097 -0.0003  0.2678 0 
 32.8313 -0.2411 -1.6600  0.0018  0.4307  0.0167  0.2870  0.0927  0.1907  0.4148 0 
 53.0953 -0.2913 -1.2254  0.0280  0.6154  0.0589  0.2943  0.0770 -0.0003  0.3898 0 
 52.0150  0.2492  1.9075  0.1263  0.4010  0.2850  0.6339  0.0615 -0.0003  0.5905 0 
 52.1920  0.6237  1.6000  0.0623  0.2000  0.2168  0.3800  0.0339 -0.0003  0.2969 0 
 44.6876 -0.6261 -1.5496  0.0301  0.3897  0.0399  0.1758  0.0671 -0.0003  0.2274 0 
 48.8808 -0.1503  0.7110  0.0196  0.3502  0.0313  0.2576  0.0169 -0.0003  0.1354 0 
 43.0915  0.1371 -2.4408  0.0181  0.0688  0.0954  0.3550  0.1137 -0.0003  0.0931 0 
 44.3488  0.4273  0.9448  0.0568  0.5802  0.0275  0.5725  0.0145 -0.0003  0.4276 1 
 41.1688 -0.4180 -2.1759  0.1011  0.5459  0.0860  0.2246  0.0760  0.1308  0.7809 1 
 44.7456 -0.1716 -1.9095  0.0081  0.4099  0.1202  0.3954  0.2043 -0.0003  0.3797 0 
 40.3693  0.1718  1.2387  0.0045  0.1253  0.0161  0.0903  0.0261 -0.0003  0.0558 0 
 51.5358 -0.3798 -1.9864  0.0030  0.2285  0.0781  0.2542  0.0236 -0.0003  0.1323 0 
 42.1515  0.4105  1.1622  0.0283  0.5062  0.0801  0.5356  0.0322 -0.0003  0.2608 0 
 47.4586 -0.1207  2.8458  0.6472  0.4584  0.0336  0.3029  0.3956 -0.0003  0.9970 1 
 43.6774  0.1142 -0.2900  0.2877  0.2609  0.1006  0.5748  0.2590  0.4584  0.9990 1 
 50.3792 -0.0069  0.6205  0.0262  0.2427  0.0740  0.2982  0.0289 -0.0003  0.1839 0 
 45.6397  0.0300 -2.5754  0.0377  0.6158  0.0641  0.3934  0.0721 -0.0003  0.3752 0 
 51.6518 -0.7577  0.4168  0.0363  0.3339  0.0691  0.3387  0.1111 -0.0003  0.3667 0 
 37.2473  0.7493 -2.6917  0.0502  0.4624  0.0052  0.1847  0.0989 -0.0003  0.1533 0 
 45.7008 -0.6625  2.2056  0.0237  0.3853  0.0674  0.3932  0.0712 -0.0003  0.2577 0 
 45.4627  0.6269 -0.9291  0.0269  0.4896  0.1360  0.3938  0.0483 -0.0003  0.2681 0 
 47.1077  0.0370  0.0677  0.1032  0.3611  0.4204  0.3902  0.0008 -0.0003  0.3772 0 
 44.4007 -0.0589 -3.0981  0.0044  0.3684  0.0516  0.3522  0.0329 -0.0003  0.1473 0 
 46.9703  0.2797 -2.0673  0.0321  0.6625  0.0181  0.2603  0.0639 -0.0003  0.1715 0 
 46.8971 -0.2839  1.0836  0.0199  0.1434  0.0953  0.2604  0.0775 -0.0003  0.1282 0 
 45.2583  0.1944  0.8290  0.0439  0.1711  0.0086  0.2190  0.0880 -0.0003  0.0739 0 
 44.3000 -0.2118 -2.3165  0.0635  0.4464  0.0483  0.4846  0.0297 -0.0003  0.4198 0 
 44.4068 -0.5745 -2.4853  0.0115  0.5386  0.1645  0.4843  0.0477 -0.0003  0.2521 0 
 40.7874  0.5534  0.6792  0.0093  0.4647  0.0423  0.2252  0.0264 -0.0003  0.1961 0 
 51.1391 -0.6316  1.2568  0.0138  0.0853  0.0893  0.3820  0.0508 -0.0003  0.0741 0 
 46.9642  0.6580 -1.8865  0.0022  0.1312  0.0743  0.3471  0.0508 -0.0003  0.0786 0 
 45.9388  0.3514  3.0706  0.0254  0.2627  0.0717  0.0873 -0.0200 -0.0003  0.3379 0 
 44.9378 -0.3446 -0.0484  0.0120  0.4393  0.0529  0.2633  0.0172 -0.0003  0.2238 0 
 47.3945  0.2700  0.4089  0.0084  0.3322  0.0662  0.4328  0.0330 -0.0003  0.1642 0 
 41.8280 -0.2865 -2.7168  0.0049  0.4453  0.2083  0.4920  0.0046 -0.0003  0.2153 0 
 45.1087  0.6297 -2.8284  0.1016  0.1843  0.0847  0.3946  0.1945 -0.0003  0.6792 0 
 39.0143 -0.6257  0.3121  0.0004  0.6741  0.0100  0.3646  0.0334  0.1115  0.1822 0 
 41.5503 -0.5422  1.8862  0.0475  0.2163  0.0851  0.4033  0.0236 -0.0003  0.2317 0 
 38.3764  0.5742 -1.2467  0.0227  0.1569  0.0416  0.1374  0.0643 -0.0003  0.1066 0 
 51.0140  0.0486 -0.3139  0.0912  0.6212  0.0323  0.3822 -0.0200 -0.0003  0.5725 0 
 44.3549 -0.0520  2.8354  0.0039  0.3586  0.0227  0.2642  0.0153 -0.0003  0.0840 0 
 50.0710  0.1845  0.4595  0.0314  0.5228  0.1906  0.4267  0.0660 -0.0003  0.3057 0 
 42.4414 -0.2058 -2.6359  0.0208  0.3441  0.0533  0.2673  0.0856 -0.0003  0.2355 0 
 52.4514  0.0604 -1.0847  0.0577  0.2631  0.0812  0.4639  0.1939 -0.0003  0.5544 1 
 42.7832 -0.0703  2.0194  0.8116  0.3891  0.0518  0.4001  0.5303 -0.0003  0.9974 1 
 53.1899 -0.4653  2.0641  0.0270  0.6775  0.0400  0.2521  0.0197 -0.0003  0.2937 0 
 51.3008  0.4669 -1.0196  0.0653  0.4753  0.0946  0.5937  0.1976 -0.0003  0.6923 0 
 40.7080 -0.2104  0.6435  0.3429  0.5895  0.0357  0.4506  0.5113  0.1650  0.9976 1 
 32.2026  0.1692 -2.5376  0.1209  0.6061  0.0795  0.6253  0.2541 -0.0003  0.9249 1 
 73.4020  0.4709 -0.4059  0.0172  0.1715  0.1653  0.1944  0.0024 -0.0003  0.1333 0 
 44.4282 -0.4796  2.7209  0.0097  0.2033  0.0103  0.2201  0.0063 -0.0003  0.0463 0 
 51.6640 -0.5302 -0.7839  0.0058  0.5072  0.0882  0.4233  0.0950 -0.0003  0.2315 0 
 39.5361  0.5435  2.3669  0.0687  0.1594  0.0405  0.4087  0.0850  0.1576  0.5113 0 
 49.8573 -0.2172 -0.1420  0.0040  0.5756  0.0514  0.3845  0.0152 -0.0003  0.1796 0 
 39.5819  0.1834  3.0303  0.0027  0.0410  0.0558  0.2270  0.0313 -0.0003  0.0656 0 
 46.7628  0.4295  1.1420  0.0301  0.2782  0.1496  0.5212  0.1546 -0.0003  0.4053 0 
 38.5626 -0.4270 -1.9555  0.0598  0.1507  0.1797  0.3658  0.0124 -0.0003  0.2051 0 
 51.1513  0.5657 -2.5896  0.0327  0.4161  0.0311  0.5518  0.1158 -0.0003  0.3800 0 
 49.8451 -0.5781  0.5689  0.0363  0.2551  0.0568  0.4272  0.0818 -0.0003  0.2646 0 
 53.8521  0.4417  1.9760  0.6851  0.2799  0.0737  0.6284  0.9508 -0.0003  0.9990 1 
 44.3244 -0.4245 -1.2142  0.3561  0.6618  0.0223  0.5285  0.3980 -0.0003  0.9894 1 
 46.0395  0.6264 -2.1458  0.0496  0.3879  0.0395  0.5233  0.0788 -0.0003  0.4122 1 
 42.5605 -0.6348  0.9558  0.0398  0.7482  0.0187  0.4897  0.0737 -0.0003  0.3452 1 
 58.5824 -0.2482  0.8891  0.0820  0.1160  0.0814  0.5333  0.1232 -0.0003  0.4422 0 
 43.0549  0.2589 -2.2438  0.0826  0.4910  0.0516  0.3995  0.0200 -0.0003  0.4990 0 
 38.8525  0.6521 -1.9675  0.0402  0.2425  0.0597  0.5019  0.0499  0.2819  0.5385 0 
 29.2302 -0.6601  1.0972  0.0237  0.0654  0.0089  0.1485  0.1215  0.1391  0.2997 0 
 44.7944  0.5271 -0.7268  0.1068  0.4143  0.0311  0.4392  0.0859 -0.0003  0.5976 0 
 33.5851 -0.5570  2.4148  0.1234  0.6873  0.0925  0.5703  0.0318  0.1528  0.7808 0 
 50.2815 -0.7698  0.8271  0.0230  0.1498  0.0754  0.2984  0.1590 -0.0003  0.2235 0 
 45.0568  0.7703 -2.3134  0.0086  0.3843  0.1303  0.3947  0.0114  0.3388  0.4379 0 
 43.8972  0.6226  1.4830  0.1553  0.1228  0.0841  0.2208  0.1562 -0.0003  0.6713 1 
 28.6656 -0.5842 -1.5573  0.1628  0.5621  0.0627  0.4479  0.1415  0.2447  0.9357 1 
 47.6692  0.5053  1.6737  0.0400  0.2274  0.0466  0.3890  0.0689 -0.0003  0.2134 0 
 42.7344 -0.5086 -1.4650  0.0048  0.6913  0.0173  0.2224  0.0181 -0.0003  0.1247 0 
 52.5765 -0.5668  2.0014  0.0062  0.1394  0.1180  0.3793  0.0112 -0.0003  0.0836 0 
 35.5413  0.5616 -1.0918  0.0378  0.3370  0.0430  0.4209  0.1334 -0.0003  0.3656 0 
 52.5948 -0.4735  2.2518  0.0222  0.6833  0.2192  0.8007  0.0694 -0.0003  0.3397 0 
 38.0194  0.4781 -0.9373  0.0201  0.6005  0.0082  0.5049  0.1340 -0.0003  0.2429 0 
 42.1027 -0.2549 -3.0909  0.1396  0.4572  0.0154  0.1786  0.1794 -0.0003  0.5153 0 
 41.9471  0.2485  0.0584  0.0326  0.4317  0.1566  0.4470  0.0880 -0.0003  0.3140 0 
 46.2623 -0.2445 -0.1605  0.0164  0.1160  0.0852  0.2178  0.2056 -0.0003  0.2629 0 
 39.7772  0.2383  2.9751  0.1414  0.2630  0.0262  0.4987  0.1828 -0.0003  0.7689 0 
 47.1962 -0.0418  2.0173  0.0163  0.6631  0.0729  0.4766  0.0750 -0.0003  0.2796 1 
 34.3328  0.0566 -1.1846  0.2061  0.2309  0.0559  0.3778  0.2303 -0.0003  0.9083 1 
 53.1167  0.0036 -1.5131  0.0067  0.5535  0.1191  0.3363  0.0479 -0.0003  0.2330 0 
 46.9276  0.0022  1.6063  0.0097  0.5470  0.0237  0.2603  0.1472 -0.0003  0.1820 0 
 48.1849  0.2163 -0.2641  0.0226  0.0965  0.0507  0.3017  0.0395 -0.0003  0.0756 0 
 44.2084 -0.2149  2.8753  0.0264  0.3650  0.0261  0.2204  0.0949 -0.0003  0.1545 0 
 48.1147  0.4692  0.9611  0.0087  0.6109  0.0559  0.3018  0.0358  0.1842  0.5075 0 
 45.9419 -0.4617 -2.2184  0.0001  0.4860  0.0276  0.4800  0.0978 -0.0003  0.1580 0 
 45.3071 -0.7630 -1.8237  0.0387  0.5994  0.0221  0.3503  0.0389 -0.0003  0.2153 0 
 42.1027  0.7556  1.2911  0.0296  0.2870  0.0941  0.2233  0.0084 -0.0003  0.2453 0 
 45.9602 -0.4943  2.2697  0.4526  0.1415  0.0796  0.5236  0.4859  0.1321  0.9983 1 
 30.0389  0.4597 -0.8256  0.0940  0.4153  0.0434  0.4417  0.1495 -0.0003  0.6977 1 
 51.6518 -0.7085 -2.6654  0.0896  0.5249  0.0645  0.4233  0.2366 -0.0003  0.8485 0 
 40.1099  0.6922  0.4619  0.0049  0.4214  0.0081  0.1810  0.2005 -0.0003  0.1585 0 
 47.4067 -0.3891 -1.4395  0.7706  0.1616  0.0523  0.5626  0.8009 -0.0003  0.9959 1 
 37.8637  0.3593  1.7029  0.0583  0.5397  0.0202  0.4596  0.1197 -0.0003  0.4730 1 
 47.3854 -0.6713 -2.3437  0.0821  0.6586  0.0513  0.4761  0.1247 -0.0003  0.7111 0 
 34.3114  0.6870  0.7607  0.0242  0.1483  0.0401  0.2834  0.0173 -0.0003  0.0812 0 
 50.0130 -0.6670  3.0504  0.0095  0.4884  0.0761  0.4269  0.0225 -0.0003  0.1844 0 
 43.4455  0.6741 -0.1052  0.0038  0.7921  0.0257  0.2214  0.0168 -0.0003  0.1608 0 
 48.9052 -0.5548  3.1066  0.0380  0.6768  0.1432  0.5581  0.0985 -0.0003  0.3822 0 
 38.8098  0.5566 -0.0257  0.1938  0.1584  0.0236  0.2282  0.2380 -0.0003  0.7101 0 
 43.7232 -0.0496  0.9018  0.1524  0.2167  0.0455  0.3978  0.1567  0.3686  0.9898 1 
 43.2593  0.0690 -2.2314  0.5584  0.4475  0.0418  0.5763  0.6466  0.0672  0.9986 1 
 50.3883  0.0028 -0.4838  0.0045  0.1628  0.0302  0.2130  0.0081 -0.0003  0.0602 0 
 45.5940  0.0158  2.6417  0.1137  0.3535  0.0168  0.3935  0.1271 -0.0003  0.5291 0 
 46.0975 -0.3672  2.5843  0.0221  0.3649  0.0295  0.3488  0.0329 -0.0003  0.1384 0 
 42.7008  0.3476 -0.5445  0.0504  0.5861  0.0156  0.4448  0.1313  0.0992  0.5788 0 
 44.7517  0.5109 -2.3748  0.0378  0.3905  0.0318  0.3515  0.0518 -0.0003  0.2141 0 
 44.2115 -0.5150  0.7382  0.0000  0.0898  0.1359  0.2204  0.0423 -0.0003  0.0583 0 
 50.1381  0.7490 -2.5811  0.0309  0.3287  0.0370  0.2133  0.0153 -0.0003  0.1896 0 
 43.4089 -0.7396  0.6175  0.0317  0.5417  0.0273  0.2215  0.0317 -0.0003  0.1851 0 
 48.4138 -0.3471  0.0907  0.0423  0.6631  0.1364  0.4735  0.0701 -0.0003  0.3509 1 
 41.3306  0.3392 -3.0552  0.1894  0.1548  0.0297  0.3590  0.2623 -0.0003  0.8144 1 
 50.5806  0.3242  2.6605  0.0091  0.3533  0.1917  0.3831  0.0161 -0.0003  0.2063 0 
 46.4637 -0.2950 -0.4665  0.1169  0.4508  0.0160  0.2175  0.1943 -0.0003  0.5036 0 
 49.5827  0.4470 -1.1187  0.0078  0.2642  0.0396  0.3422  0.0334 -0.0003  0.0967 0 
 29.1325 -0.4160  2.0406  0.0977  0.4905  0.0355  0.4953  0.1585  0.1512  0.8359 0 
 48.9845  0.4782 -2.6299  0.0430  0.4669  0.1307  0.4292  0.0851 -0.0003  0.3415 1 
 42.0020 -0.4679  0.4999  0.1550  0.6289  0.0923  0.6702  0.1414  0.3441  0.9684 1 
 44.9043 -0.7552  2.4525  0.0201  0.1934  0.0272  0.1756  0.0045 -0.0003  0.0864 0 
 43.8941  0.7645 -0.6665  0.0008  0.3274  0.0531  0.3533  0.0886 -0.0003  0.1431 0 
 69.0349 -0.3076  2.6265  0.0171  0.0836  0.0309  0.1972  0.1169 -0.0003  0.0736 0 
 47.1473  0.3106 -0.5072  0.0609  0.3153  0.0225  0.2601  0.0355 -0.0003  0.1695 0 
 54.2763  0.5385  2.1501  0.0144  0.3150  0.1553  0.3763  0.0652 -0.0003  0.2209 0 
 39.5941 -0.5447 -0.9966  0.0322  0.3384  0.0200  0.2270  0.0263 -0.0003  0.1133 0 
 39.6185  0.7679  1.5158  0.0456  0.2264  0.0685  0.3177  0.1270 -0.0003  0.3492 0 
 29.2424 -0.7342 -1.5875  0.0003  0.7281  0.0208  0.2474  0.0745 -0.0003  0.1308 0 
 50.0038 -0.2025 -2.8499  0.1849  0.2736  0.1442  0.4696  0.4238  0.1587  0.9882 1 
 37.9309  0.2368  0.2783  0.0912  0.6854  0.0278  0.3675  0.0620 -0.0003  0.5670 1 
 42.4933 -0.6767 -0.1957  0.0175  0.4745  0.0354  0.3563  0.0325 -0.0003  0.1788 1 
 30.2739  0.6656  3.0306  0.0398  0.3132  0.0216  0.2449  0.0274  0.2598  0.8179 1 
 49.0791  0.3036 -2.2608  0.0403  0.1550  0.0519  0.3003  0.0639 -0.0003  0.1387 0 
 47.9744 -0.2990  0.8784  0.0085  0.0729  0.1454  0.3452  0.0161 -0.0003  0.0521 0 
 49.3843 -0.0795 -1.0021  0.3270  0.6201  0.0383  0.2997  0.3792  0.3323  0.9986 1 
 44.0742  0.0955  2.1359  0.4560  0.4208  0.0464  0.3970  0.2824 -0.0003  0.9877 1 
 49.5338  0.1729 -0.7170  0.3017  0.8218  0.0815  0.4707  0.3944 -0.0003  0.9947 1 
 43.2044 -0.1532  2.4280  0.0450  0.4548  0.0429  0.3548  0.0742 -0.0003  0.3580 1 
 57.4075 -0.3299  2.7084  0.0004  0.4562  0.0280  0.1649  0.0912 -0.0003  0.1397 0 
 47.8218  0.3322 -0.4371  0.0162  0.2719  0.0536  0.2159  0.1182 -0.0003  0.2408 0 
 44.8737  0.3403  2.6678  0.0002  0.1594  0.0819  0.3512  0.0700 -0.0003  0.0902 0 
 43.9002 -0.3037 -0.4668  0.0028  0.0397  0.0370  0.1325  0.1667 -0.0003  0.1068 0 
 44.6510 -0.0386  0.3565  0.3007  0.4135  0.0775  0.2638  0.2858 -0.0003  0.9859 1 
 43.4089  0.0652 -2.7731  0.2246  0.3655  0.1212  0.3986  0.1452 -0.0003  0.8891 1 
 45.5726  0.7579 -2.5554  0.0038  0.6579  0.0345  0.3498  0.1079 -0.0003  0.2006 0 
 29.3889 -0.7515  0.6112  0.0551  0.0823  0.0092  0.1482  0.0071 -0.0003  0.0468 0 
 47.2999  0.4676 -2.3183  0.0112  0.0461  0.0328  0.0866  0.0068 -0.0003  0.0793 0 
 44.7791 -0.4852  0.8655  0.0309  0.3426  0.0534  0.2636  0.0978 -0.0003  0.2996 0 
 48.1178  0.6819 -0.3902  0.0770  0.6115  0.0344  0.3449  0.1531 -0.0003  0.6648 0 
 32.4407 -0.6457  2.7970  0.0247  0.2400  0.0366  0.4320  0.1535 -0.0003  0.2479 0 
 54.1604  0.0434 -3.1340  0.0754  0.4967  0.1133  0.3765  0.0610 -0.0003  0.4297 0 
 46.2623 -0.0511 -0.0145  0.0582  0.2135  0.1086  0.3485  0.0179  0.1489  0.3940 0 
 48.8624  0.5941 -0.5839  0.0374  0.2057  0.0439  0.3435  0.0195 -0.0003  0.1504 0 
 38.7793 -0.5930  2.5341  0.0689  0.4303  0.0342  0.2283  0.1100 -0.0003  0.4047 0 
 48.6397  0.5519  0.8812  0.0037  0.2746  0.0470  0.2580  0.0788 -0.0003  0.1156 0 
 42.7893 -0.5449 -2.2948  0.0254  0.1160  0.0470  0.2667  0.0107 -0.0003  0.0820 0 
 39.7070  0.6000 -2.5080  0.0503  0.4532  0.0446  0.2722  0.1871  0.0962  0.7035 0 
 34.3389 -0.5904  0.6473  0.0000  0.1706  0.0513  0.1889  0.0316  0.1350  0.2300 0 
 43.3631 -0.1101 -2.2905  0.0877  0.4416  0.0949  0.3544  0.0803 -0.0003  0.5374 0 
 42.8595  0.1127  0.8557  0.0302  0.4175  0.0539  0.3555  0.0681 -0.0003  0.2870 0 
 44.3671  0.3278  2.5593  0.0190  0.4910  0.0303  0.3963 -0.0200  0.0144  0.2471 0 
 40.6653 -0.3876 -0.6008  0.0050  0.0736  0.0595  0.4056  0.0142  0.3463  0.3214 0 
 45.9724 -0.0770 -0.0663  0.0575  0.1078  0.0937  0.3490  0.0276 -0.0003  0.1378 1 
 43.4638  0.0849  3.0709  1.0196  0.6560  0.0552  0.6199  0.9941  0.1468  0.9985 1 
 43.9857 -0.3818  2.4892  0.0361  0.2551  0.0348  0.2207  0.0500 -0.0003  0.1412 0 
 38.8464  0.3846 -0.6531  0.0155  0.1640  0.0197  0.3651  0.1556 -0.0003  0.1062 0 
 47.4311 -0.5673 -1.0230  0.0289  0.4394  0.0069  0.1298  0.0065  0.0409  0.1352 0 
 46.5126  0.5685  2.1084  0.0138  0.0678  0.1015  0.2610  0.0054 -0.0003  0.0656 0 
 45.7221 -0.5346 -2.9196  0.0270  0.3260  0.0591  0.2621  0.0407 -0.0003  0.2327 0 
 39.9847  0.5289  0.2015  0.0346  0.1545  0.0087  0.1358  0.0482 -0.0003  0.0573 0 
 41.7060  0.5988 -1.9103  0.2778  0.2472  0.0639  0.3581  0.3287  0.5314  0.9996 1 
 38.0560 -0.6195  1.2459  0.1506  0.6262  0.0421  0.3671  0.1700 -0.0003  0.8846 1 
 46.6865  0.1543  0.6346  0.0268  0.2045  0.0585  0.4345  0.1198 -0.0003  0.2337 0 
 43.6347 -0.1683 -2.5306  0.0873  0.1578  0.0318  0.2654  0.0583 -0.0003  0.1897 0 
 61.4328  0.7105  1.0713  0.0223  0.4687  0.2207  0.4461  0.0329 -0.0003  0.2677 0 
 43.5340 -0.7066 -2.0565  0.0176  0.2420  0.0401  0.2656  0.0516 -0.0003  0.1044 0 
 49.7353  0.3441  2.9479  0.0015  0.2927  0.0594  0.5557  0.0294 -0.0003  0.1547 0 
 46.9093 -0.3341 -0.2541  0.0631  0.1775  0.1206  0.2604  0.0296 -0.0003  0.2417 0 
 44.8859  0.0378 -0.9794  0.1254  0.5359  0.0188  0.4829  0.1368 -0.0003  0.7418 0 
 35.9136 -0.0618  2.1908  0.0827  0.5249  0.1054  0.4197  0.3498  0.3177  0.9632 0 
 47.9530  0.5472  0.8938  0.0174  0.0243  0.0202  0.1726  0.0143 -0.0003  0.0473 0 
 44.6632 -0.5679 -2.2611  0.0158  0.2598  0.1112  0.3956  0.0270 -0.0003  0.1622 0 
 50.2113 -0.1747  0.3790  0.0328  0.3441  0.0816  0.6396  0.0892 -0.0003  0.3747 0 
 40.6317  0.1820 -2.7720  0.0017  0.6265  0.0403  0.3606  0.1099  0.1044  0.4205 0 
 48.6793  0.4162  1.2303  0.0077  0.5269  0.0291  0.2149  0.0391 -0.0003  0.1406 0 
 47.4952 -0.4167 -1.8949  0.1292  0.2789  0.0436  0.3893  0.1221 -0.0003  0.6470 0 
 47.3976 -0.5068 -0.9058  0.0636  0.3137  0.0742  0.6492  0.0182 -0.0003  0.4170 0 
 44.5655  0.5161  2.1856  0.0078  0.2334  0.0397  0.0880  0.0052 -0.0003  0.1815 0 
 39.7345 -0.4997  2.1401  0.0183  0.3369  0.0165  0.1814  0.0411 -0.0003  0.0950 0 
 36.5331  0.4794 -1.0117  0.0146  0.4798  0.0103  0.2785  0.0143  0.0654  0.1425 0 
 47.2389 -0.4848  1.1129  0.1668  0.6095  0.0692  0.3898  0.1544 -0.0003  0.9181 1 
 47.0588  0.4889 -2.0381  0.3125  0.3757  0.1151  0.3902  0.3660  0.2700  0.9950 1 
 46.3233 -0.7764 -0.2716  0.3173  0.6265  0.0362  0.3048  0.5473 -0.0003  0.9959 1 
 34.5891  0.7155  2.8411  0.1296  0.4759  0.1568  0.2828  0.0770 -0.0003  0.6757 1 
 39.1943  0.6150 -0.8264  0.0160  0.2769  0.0432  0.1821  0.0229 -0.0003  0.1536 0 
 36.2585 -0.6197  2.2784  0.0005  0.4191  0.0153  0.2325  0.0460 -0.0003  0.0767 0 
 44.9775 -0.3879  2.6076  0.3016  0.3726  0.0637  0.5704  0.3178 -0.0003  0.9912 1 
 33.2189  0.3392 -0.5019  0.1403  0.2998  0.0685  0.5244  0.1091 -0.0003  0.7178 1 
 40.1160 -0.5620  1.8021  0.0718  0.6033  0.0532  0.3166  0.1496 -0.0003  0.7335 1 
 29.6422  0.5674 -1.3263  0.0913  0.3253  0.0304  0.5420  0.1631  0.0951  0.7807 1 
 49.8695  0.1577 -0.6739  0.0125  0.0650  0.0828  0.3417  0.1806 -0.0003  0.1263 0 
 37.8851 -0.1226  2.4433  0.1729  0.5320  0.0256  0.2757  0.2462 -0.0003  0.8421 0 
 50.8431  0.3132  0.2746  0.0911  0.4644  0.2175  0.3826  0.0705 -0.0003  0.4843 0 
 47.2450 -0.2628 -2.8504  0.0884  0.3781  0.0515  0.4765  0.0678 -0.0003  0.5276 0 
 47.4739  0.7784 -2.8047  0.2770  0.7421  0.0299  0.4326  0.3342  0.3188  0.9978 1 
 41.3275 -0.7799  0.3823  0.2759  0.3099  0.0558  0.4038  0.2426 -0.0003  0.9633 1 
 44.9165  0.0945 -1.7928  0.4913  0.6829  0.1067  0.4828  0.3030 -0.0003  0.9934 1 
 39.8962 -0.0965  1.3705  0.6452  0.4023  0.0311  0.5436  0.7756  0.1224  0.9994 1 
 43.8087 -0.5137  2.3297  0.0029  0.2411  0.0860  0.5302  0.2021  0.0403  0.3033 0 
 41.2360  0.5152 -0.8081  0.0000  0.0234  0.0209  0.0898  0.0027 -0.0003  0.0660 0 
 54.4137  0.6673  2.0967  0.0409  0.0843  0.0255  0.2089  0.0313  0.3725  0.9670 0 
 46.2074 -0.6668 -1.0604  0.0397  0.4573  0.0481  0.1743  0.0208 -0.0003  0.3489 0 
 49.3843 -0.6293  1.9814  0.9083  0.6779  0.0267  0.3854  1.0430  0.1645  0.9989 1 
 46.0212  0.6200 -1.1924  0.0125  0.2505  0.0480  0.5670  0.0777 -0.0003  0.2058 1 
 50.4555 -0.2340  0.7300  0.0331  0.0433  0.0393  0.3407  0.0405 -0.0003  0.0695 0 
 48.7678  0.2175 -2.4096  0.0433  0.2228  0.0323  0.2578  0.0132 -0.0003  0.1345 0 
 50.5684  0.0987 -1.1201  0.0034  0.4068  0.0398  0.3831  0.1557 -0.0003  0.2345 0 
 49.2805 -0.0784  2.0025  0.0087  0.5253  0.0802  0.4713  0.0391 -0.0003  0.1975 0 
 41.2238 -0.2459 -2.8803  0.0089  0.2674  0.0565  0.3592  0.0192 -0.0003  0.1358 0 
 39.3896  0.2532  0.2503  0.0272  0.5561  0.0231  0.3182  0.1165 -0.0003  0.2117 0 
 46.0182  0.6399  2.9487  0.0064  0.1100  0.0251  0.2181  0.0192 -0.0003  0.0452 0 
 44.6998 -0.6401 -0.1933  0.0440  0.2393  0.0451  0.3955  0.0339  0.0525  0.3023 0 
 46.3172 -0.5899  0.9800  0.0082  0.4848  0.1508  0.3048  0.0226 -0.0003  0.2217 0 
 44.5686  0.5382 -2.1877  0.0459  0.2401  0.0789  0.4398  0.0312  0.1332  0.3959 0 
 46.9123 -0.5637  0.3705  0.1380  0.1036  0.0642  0.3906  0.2239 -0.0003  0.6761 0 
 45.8961  0.5684 -2.7723  0.0125  0.3399  0.0182  0.3055  0.0202 -0.0003  0.0777 0 
 50.2052 -0.7403  0.2450  0.0007  0.2597  0.0476  0.2558  0.0070 -0.0003  0.1132 0 
 49.7749  0.7438 -2.9213  0.0189  0.7060  0.0211  0.3419  0.0200 -0.0003  0.1594 0 
 45.4170 -0.7256 -2.6465  0.0566  0.3849  0.0852  0.4814  0.0731 -0.0003  0.4027 0 
 26.4561  0.7528  0.4683  0.1220  0.7205  0.0444  0.3569  0.0833 -0.0003  0.7977 0 
 45.9663 -0.4681  1.1206  0.6804  0.6409  0.0363  0.5671  0.5722 -0.0003  0.9973 1 
 37.2564  0.5030 -2.0213  0.0616  0.5222  0.0789  0.4154  0.0717 -0.0003  0.4367 1 
 50.4006 -0.3973  2.4842  0.0157  0.2917  0.1075  0.0852  0.0854 -0.0003  0.4051 0 
 45.7160  0.4008 -0.6588  0.0086  0.4026  0.0389  0.4369  0.0447 -0.0003  0.1577 0 
 46.0304 -0.7567 -0.6846  0.0663  0.4974  0.0774  0.3925  0.0342 -0.0003  0.4081 1 
 39.6765  0.7524  2.4669  0.1241  0.4690  0.0174  0.4537  0.2221 -0.0003  0.7810 1 
 46.6072 -0.6055  0.8168  0.0698  0.3239  0.1730  0.5651  0.0269 -0.0003  0.3884 0 
 42.2187  0.6205 -2.3310  0.0068  0.1582  0.0209  0.2677  0.0073 -0.0003  0.0476 0 
 46.9886 -0.0214  1.3930  0.0031  0.2148  0.0209  0.3470  0.0075 -0.0003  0.0558 0 
 44.7272 -0.0211 -1.7549  0.0301  0.5232  0.0185  0.2197  0.0092 -0.0003  0.1536 0 
 44.5930 -0.7857  0.9592  0.4212  0.4541  0.0360  0.3518  0.2313 -0.0003  0.9750 1 
 19.6567  0.8148 -2.1766  0.1469  0.6967  0.0331  0.3925  0.1354  0.3019  0.9834 1 
 48.3314 -0.6964 -0.7970  0.0013  0.2892  0.0819  0.3014  0.0417 -0.0003  0.1464 0 
 22.8000  0.6745  2.4394  0.0389  0.1534  0.0582  0.4273  0.0582 -0.0003  0.1743 0 
 43.4546 -0.7075  1.1402  0.1509  0.3391  0.0408  0.3542  0.1384 -0.0003  0.7417 1 
 36.3500  0.7410 -1.9990  0.1493  0.6734  0.0375  0.6042  0.1362  0.2615  0.9750 1 
 47.8035 -0.7131 -0.0136  0.0487  0.7472  0.0927  0.3455  0.1237 -0.0003  0.5728 1 
 45.6642  0.6844  3.0965  0.3064  0.4141  0.0754  0.3933  0.3091  0.4524  0.9995 1 
 39.7101  0.6630  1.8949  0.0321  0.5837  0.0298  0.2268  0.0749 -0.0003  0.2138 0 
 39.0936 -0.5897 -1.2587  0.0054  0.3166  0.0961  0.5466  0.0366  0.3065  0.4150 0 
 42.2827 -0.4444  2.9628  0.0421  0.6622  0.0561  0.4460  0.1009 -0.0003  0.4605 1 
 39.7192  0.4525 -0.1632  0.5610  0.4244  0.0426  0.2721  0.4842 -0.0003  0.9975 1 
 51.8807 -0.1850 -2.5826  0.0520  0.1548  0.1101  0.3383  0.0070 -0.0003  0.1691 0 
 36.3714  0.1858  0.5590  0.0674  0.2261  0.0105  0.1394  0.0118 -0.0003  0.1227 0 
 47.2267 -0.3862  1.5535  0.0396  0.1299  0.0293  0.2599  0.0092 -0.0003  0.0745 0 
 42.3560  0.3962 -1.5928  0.0545  0.0841  0.0281  0.2229  0.0682 -0.0003  0.0707 0 
 46.5736 -0.4749  1.7514  0.0025  0.4713  0.0204  0.2174  0.0253  0.1563  0.3052 0 
 41.9104  0.4778 -1.4060  0.0388  0.1858  0.0468  0.2683  0.0822 -0.0003  0.1626 0 
 46.8116 -0.6405  2.5648  0.0222  0.1604  0.0308  0.2605  0.0482 -0.0003  0.0642 0 
 45.4383  0.6255 -0.5886  0.2753  0.2684  0.1668  0.7439  0.0944  0.3993  0.9827 0 
 47.6509  0.7001 -2.9695  0.0059  0.3469  0.0485  0.3458  0.0629 -0.0003  0.1415 0 
 28.0156 -0.7015  0.2189  0.0151  0.0432  0.0255  0.4509  0.0602 -0.0003  0.0699 0 
 44.5716  0.1594 -1.7325  0.0673  0.0227  0.0282  0.2199  0.0204  0.3232  0.8639 0 
 42.5757 -0.1569  1.3970  0.0873  0.4316  0.0422  0.2671  0.0588 -0.0003  0.5000 0 
 52.0394  0.6432 -2.3027  0.0035  0.4252  0.1284  0.5071  0.1700 -0.0003  0.3043 0 
 38.8922 -0.5817  0.7521  0.0309  0.6512  0.0071  0.2281  0.0372 -0.0003  0.1312 0 
 52.5917 -0.7601  0.0844  0.0969  0.2451  0.0979  0.5900  0.1248  0.2070  0.8413 1 
 40.8606  0.7316  3.1318  0.0855  0.4003  0.1100  0.3601  0.1953  0.3584  0.9274 1 
 48.7465 -0.5047 -1.2934  0.0381  0.7473  0.1469  0.5156  0.0768 -0.0003  0.3789 0 
 45.2735  0.5305  1.9075  0.0328  0.1953  0.2359  0.5694  0.1382 -0.0003  0.4204 0 
 47.2450  0.0970 -0.9441  0.0384  0.2758  0.1569  0.6065  0.0545 -0.0003  0.3390 0 
 46.1921 -0.0989  2.1838  0.1942  0.6629  0.0235  0.4357  0.1722 -0.0003  0.8589 0 
 60.8896 -0.5190  2.3063  0.0161  0.0347  0.0266  0.2032  0.0584 -0.0003  0.0479 0 
 40.3540  0.5290 -0.7571  0.0497  0.6075  0.0320  0.2258  0.0207 -0.0003  0.3032 0 
 51.8929 -0.6247  0.4241  0.0009  0.1382  0.0432  0.2537  0.1431 -0.0003  0.0979 0 
 51.7372  0.6537 -2.7118  0.0206  0.3186  0.0358  0.5079  0.0266 -0.0003  0.1960 0 
 47.9347 -0.5361 -1.0197  0.0098  0.6383  0.0403  0.4315  0.0356  0.2182  0.5237 0 
 45.9449  0.5129  2.1322  0.0086  0.1320  0.0839  0.2618  0.0126 -0.0003  0.0893 0 
 39.5239 -0.7792 -1.2062  0.0263  0.7002  0.0372  0.4542  0.1175 -0.0003  0.4010 1 
 35.8526  0.7491  1.8518  0.0178  0.4840  0.0845  0.5599  0.1068  0.5041  0.8580 1 
 45.0172 -0.2828  0.2545  0.0057  0.1275  0.0590  0.3071  0.0224 -0.0003  0.0761 0 
 41.5595  0.3265 -2.8741  0.0062  0.3427  0.0278  0.2240  0.0848 -0.0003  0.1057 0 
 48.5664  0.6137 -2.7213  0.5302  0.8011  0.0449  0.5161  0.5521 -0.0003  0.9976 1 
 38.0896 -0.5917  0.4059  0.1396  0.1335  0.0531  0.5047  0.1276 -0.0003  0.6314 1 
 49.3294 -0.7437 -0.2736  0.0133  0.4322  0.0279  0.3855  0.0441  0.1268  0.3552 0 
 41.9440  0.7561  2.8533  0.0456  0.1078  0.0612  0.5810  0.1140 -0.0003  0.2824 0 
 46.8391  0.5116 -2.9207  0.0025  0.0233  0.0286  0.0868  0.0125 -0.0003  0.0701 0 
 41.4618 -0.5089  0.2196  0.0047  0.3784  0.0113  0.2690  0.0477 -0.0003  0.0637 0 
 51.5145  0.3205  0.9327  0.0010  0.6847  0.0802  0.2965  0.0234 -0.0003  0.2162 1 
 41.5961 -0.3079 -2.1577  0.4586  0.2671  0.0540  0.2688  0.2165  0.1111  0.9855 1 
 49.6620 -0.1300  2.1370  0.0121  0.3536  0.0476  0.4704  0.0242 -0.0003  0.1774 0 
 46.2806  0.1201 -0.9908  0.0611  0.3003  0.0530  0.4355  0.0565 -0.0003  0.3674 0 
 53.6599  0.6891  0.9077  0.0468  0.3415  0.0150  0.2516  0.0992 -0.0003  0.1505 0 
 46.1769 -0.6838 -2.2360  0.0576  0.1050  0.0422  0.4358  0.0726 -0.0003  0.1728 0 
 47.1656 -0.7426 -2.6269  0.1680  0.1775  0.1686  0.2600  0.1407  0.3336  0.9123 1 
 33.4936  0.7850  0.5026  0.4929  0.7916  0.0320  0.3805  0.4661 -0.0003  0.9971 1 
 44.8585  0.6859 -2.8931  0.0446  0.1804  0.0761  0.5708  0.0250 -0.0003  0.2637 0 
 42.6459 -0.7030  0.2439  0.1041  0.8207  0.0397  0.3560  0.0720 -0.0003  0.7496 0 
 36.9818  0.3495  2.8977  0.1275  0.4695  0.0179  0.4163  0.1122 -0.0003  0.6186 1 
 22.7207 -0.3505 -0.2767  0.1980  0.2478  0.0472  0.3743  0.2943  0.3010  0.9929 1 
 47.8340  0.3638 -0.0564  0.0061  0.3904  0.0605  0.3886  0.0925 -0.0003  0.1985 0 
 40.4974 -0.4029  3.0776  0.2560  0.0600  0.1644  0.2256  0.2347  0.1774  0.8866 0 
 44.2695 -0.5078 -0.5975  0.0413  0.5257  0.0268  0.4846  0.0294 -0.0003  0.3224 0 
 37.3968  0.5289  2.5505  0.2098  0.8117  0.0128  0.4150  0.1335 -0.0003  0.8313 0 
 49.7322 -0.7540 -1.6631  0.0158  0.2789  0.1197  0.4275  0.0092 -0.0003  0.1711 0 
 45.8991  0.7650  1.4892  0.0206  0.6048  0.0576  0.3928  0.0309 -0.0003  0.2439 0 
 47.9255  0.2627 -1.4590  0.2001  0.5105  0.0700  0.6042  0.1600 -0.0003  0.9238 1 
 42.8504 -0.2229  1.7101  0.1224  0.4340  0.1228  0.4889  0.1501  0.5467  0.9727 1 
 52.6528  0.6181  1.6041  0.2527  0.1929  0.0542  0.2949  0.3448 -0.0003  0.9596 0 
 37.1679 -0.6282 -1.5298  0.1108  0.3989  0.0081  0.1386  0.0762 -0.0003  0.2447 0 
 46.2043 -0.3492  0.5381  0.0614  0.3734  0.0356  0.2179  0.0247 -0.0003  0.2843 0 
 46.0731  0.3571 -2.6176  0.0184  0.3001  0.0570  0.4360  0.0169 -0.0003  0.1826 0 
 56.4920  0.3349 -1.3545  0.1519  0.0708  0.1207  0.1656  0.1597 -0.0003  0.5858 1 
 47.9652 -0.3267  1.7793  0.5027  0.2877  0.0302  0.3883  0.5642 -0.0003  0.9974 1 
 49.3202  0.7717 -1.1243  0.1724  0.6594  0.0946  0.5997  0.0534 -0.0003  0.7599 0 
 40.3235 -0.7671  2.0071  0.0647  0.1903  0.0205  0.1355  0.0134  0.0487  0.2348 0 
 55.2316 -0.5478  2.5615  0.0122  0.5388  0.0814  0.4996  0.0198 -0.0003  0.2030 0 
 46.9978  0.5653 -0.5212  0.0633  0.4869  0.0717  0.1301  0.0425 -0.0003  0.5655 0 
 50.9133 -0.7973  2.6588  0.0453  0.6059  0.0576  0.2549  0.0106 -0.0003  0.3992 0 
 43.9368  0.8027 -0.5244  0.0032  0.2606  0.0218  0.3090  0.0916  0.0919  0.2052 0 
 61.9821  0.2073  0.2200  0.0083  0.2806  0.1380  0.2833  0.1441 -0.0003  0.2888 0 
 43.1098 -0.1649 -2.9050  0.0121  0.2980  0.0875  0.3993  0.1430 -0.0003  0.2612 0 
 45.6764 -0.7167 -2.0341  0.0774  0.5218  0.0485  0.2185  0.2271 -0.0003  0.7640 1 
 40.7263  0.7326  1.1708  0.0953  0.8964  0.0498  0.3604  0.1315 -0.0003  0.8378 1 
 47.0710  0.4105 -1.2353  0.0008  0.3569  0.0417  0.3469  0.0850 -0.0003  0.1234 0 
 45.5909 -0.4178  1.8881  0.0103  0.2166  0.0285  0.3061  0.0215 -0.0003  0.0658 0 
 53.5317  0.5393 -1.3899  0.0248  0.2155  0.0430  0.1678  0.0139 -0.0003  0.1434 0 
 45.1179 -0.5563  1.8010  0.0121  0.4318  0.0425  0.2630  0.0229 -0.0003  0.1838 0 
 45.8350  0.2716 -3.0369  0.0372  0.7224  0.1568  0.2183  0.0059 -0.0003  0.2748 1 
 41.6266 -0.2660  0.1197  0.2910  0.7903  0.0740  0.3135  0.3516 -0.0003  0.9923 1 
 45.9083  0.0491  2.0389  0.0323  0.6023  0.0179  0.1745  0.0102 -0.0003  0.1650 0 
 44.1779 -0.0317 -1.0605  0.0088  0.4925  0.0713  0.3967  0.0224 -0.0003  0.1845 0 
 51.0903 -0.7462 -0.3624  0.0252  0.1716  0.0488  0.1698  0.0707 -0.0003  0.1302 0 
 46.4698  0.7594  2.7692  0.0257  0.4700  0.0155  0.2175  0.0775 -0.0003  0.1260 0 
 38.5901  0.7237 -1.5691  0.0094  0.4975  0.0533  0.4114  0.0672 -0.0003  0.2053 0 
 33.1273 -0.7211  1.5070  0.0555  0.2101  0.0261  0.3817  0.0441 -0.0003  0.1699 0 
 44.8341  0.5611  1.9605  0.1492  0.2245  0.0329  0.3513  0.1773 -0.0003  0.7066 0 
 36.7346 -0.5578 -1.1818  0.0832  0.3969  0.0341  0.4171  0.0455  0.1156  0.6362 0 
 45.3223  0.0201 -1.0569  0.0060  0.1826  0.1005  0.3941  0.0064  0.2545  0.2238 0 
 44.1627 -0.0318  2.0790  0.0104  0.3409  0.0222  0.4850  0.0084 -0.0003  0.1339 0 
 48.4230  0.7544  0.3112  0.0882  0.7407  0.0609  0.4735  0.1612  0.1910  0.8556 1 
 46.1616 -0.7498 -2.8707  0.1167  0.4370  0.0743  0.2615  0.0985 -0.0003  0.7265 1 
 47.9805  0.6984  1.7307  0.0660  0.3702  0.0645  0.4314  0.0579 -0.0003  0.4269 0 
 42.6307 -0.7151 -1.4666  0.0703  0.1588  0.0147  0.1335  0.0450 -0.0003  0.1038 0 
 53.3242  0.5721  1.7814  0.0458  0.2605  0.0108  0.2100  0.0372 -0.0003  0.0884 0 
 44.3397 -0.5703 -1.3749  0.0033  0.2306  0.0248  0.2202  0.0069 -0.0003  0.0663 0 
 50.0648  0.6775  1.5969  0.0520  0.5387  0.0358  0.2987  0.1246  0.1051  0.6479 0 
 49.9275 -0.6736 -1.5480  0.0082  0.3506  0.0384  0.1708  0.1830 -0.0003  0.3041 0 
 51.0262 -0.7586  2.2053  0.0116  0.2947  0.0644  0.2124  0.0037 -0.0003  0.2106 0 
 37.4945  0.7724 -0.9114  0.0187  0.5592  0.0141  0.2765  0.1777 -0.0003  0.1928 0 
 49.5918  0.5888 -1.7937  0.0639  0.3376  0.0448  0.5133  0.1794 -0.0003  0.5884 0 
 47.5593 -0.5472  1.3359  0.0121  0.2309  0.0068  0.1730  0.0278 -0.0003  0.0523 0 
 47.2389 -0.5442  0.5477  0.0584  0.7108  0.0930  0.3899  0.1913 -0.0003  0.7416 0 
 28.5252  0.5226 -2.5740  0.0204  0.6828  0.0102  0.2990  0.0676  0.0788  0.2090 0 
 47.8767  0.3608  2.8997  0.0009  0.4207  0.1187  0.3885  0.2195 -0.0003  0.3752 0 
 42.2522 -0.3874 -0.2095  0.0363  0.2884  0.0842  0.4015  0.0810 -0.0003  0.2928 0 
 48.8869  0.5129 -0.4718  0.0465  0.0815  0.0288  0.3435  0.1301 -0.0003  0.1200 0 
 47.8920 -0.5113  2.6824  0.0612  0.1462  0.0564  0.3453  0.0644 -0.0003  0.1994 0 
 49.7444 -0.1752 -0.2649  0.0171  0.4111  0.0972  0.5129  0.1141 -0.0003  0.2876 0 
 36.3989  0.1473  2.9285  0.0252  0.5124  0.0276  0.3252  0.0483 -0.0003  0.1708 0 
 44.2298 -0.2185 -0.6196  0.0144  0.1868  0.0284  0.2644  0.0865 -0.0003  0.0704 0 
 34.9340  0.2044  2.5158  0.0001  0.2255  0.0172  0.1880  0.0567 -0.0003  0.0510 0 
 49.0578  0.7606 -1.1555  0.0012  0.4632  0.0147  0.2574  0.0489 -0.0003  0.0791 0 
 44.1321 -0.7461  1.9684  0.0043  0.6564  0.0410  0.4410  0.0767 -0.0003  0.2010 0 
 57.1572 -0.1488  2.1558  0.0581  0.5919  0.0716  0.4541  0.0829 -0.0003  0.4546 0 
 32.0775  0.1329 -1.0064  0.0098  0.2347  0.0410  0.2889  0.1453 -0.0003  0.1657 0 
 48.8685 -0.4796  0.5957  0.0378  0.2018  0.1104  0.4723  0.0097 -0.0003  0.2023 0 
 48.0720  0.4775 -2.5650  0.2357  0.4939  0.0455  0.2587  0.0739 -0.0003  0.7943 0 
 53.6721 -0.0825 -1.2960  0.0540  0.3527  0.0521  0.3355  0.0252  0.5380  0.9922 0 
 41.7273  0.1091  1.8633  0.0083  0.2893  0.0176  0.2238  0.0353 -0.0003  0.0639 0 
 52.5277 -0.4578  1.4863  0.6357  0.2834  0.1803  0.5480  0.7066 -0.0003  0.9983 1 
 46.5797  0.4610 -1.7080  0.2869  0.4418  0.0358  0.3913  0.3535 -0.0003  0.9836 1 
 47.1015 -0.4070  1.5842  0.0299  0.3295  0.0268  0.3035  0.0131 -0.0003  0.1386 0 
 40.9674  0.4042 -1.5516  0.0052  0.3767  0.0193  0.2699  0.0233  0.1501  0.3013 0 
 47.9286 -0.0500  3.0906  0.0220  0.2596  0.1078  0.4315  0.0213 -0.0003  0.1807 0 
 42.2522  0.0449 -0.0482  0.0141  0.2214  0.0036  0.0892  0.0030 -0.0003  0.0834 0 
 51.3039 -0.6898  0.4462  0.0736  0.2302  0.0666  0.3393  0.0788 -0.0003  0.3805 0 
 44.6479  0.6794 -2.6762  0.0249  0.6239  0.1431  0.5715  0.1512 -0.0003  0.4212 0 
 43.9338  0.5046  2.1664  0.0336  0.2991  0.0229  0.3532  0.0953  0.0705  0.3251 0 
 43.7049 -0.5048 -0.9752  0.0146  0.4113  0.0215  0.2653  0.0148 -0.0003  0.1101 0 
 57.7005  0.4505  1.9253  0.0791  0.0696  0.0438  0.1647  0.0069 -0.0003  0.0976 0 
 45.1179 -0.4532 -1.2073  0.0668  0.1856  0.1010  0.3507  0.2101 -0.0003  0.5694 0 
 48.8685 -0.4047 -1.8892  0.0249  0.3318  0.0220  0.3435  0.0076 -0.0003  0.1222 0 
 43.0671  0.3983  1.2351  0.0208  0.4354  0.0363  0.3550  0.0150 -0.0003  0.1927 0 
 47.0924  0.7100  2.7290  0.0258  0.2659  0.2166  0.4335  0.0284 -0.0003  0.2352 0 
 44.7547 -0.7105 -0.4205  0.0202  0.5651  0.0377  0.3075  0.0379  0.0861  0.3909 0 
 44.8920 -0.3431  1.6099  0.0532  0.3150  0.1534  0.5268  0.0726 -0.0003  0.3740 0 
 41.9257  0.3193 -1.5317  0.0621  0.1679  0.0859  0.5364  0.0760 -0.0003  0.3620 0 
 44.6448 -0.0555 -2.0810  0.1057  0.1472  0.0410  0.3077  0.1795 -0.0003  0.4894 0 
 42.5330  0.0618  1.0247  0.0226  0.0358  0.0159  0.2227  0.0065 -0.0003  0.0432 0 
 46.1799 -0.4298 -2.1495  0.0301  0.1433  0.1660  0.3486  0.1093 -0.0003  0.1952 0 
 42.5422  0.4136  0.9623  0.0234  0.3760  0.0398  0.1336  0.0256 -0.0003  0.2378 0 
 47.4891 -0.3293  2.6001  0.1585  0.4940  0.0715  0.3461  0.2978 -0.0003  0.9601 0 
 46.8971  0.3081 -0.5312  0.1874  0.2311  0.0163  0.3038  0.1548 -0.0003  0.5877 0 
 52.7779  0.7058 -2.0688  0.0059  0.2741  0.0912  0.4632  0.0486 -0.0003  0.1538 0 
 42.5177 -0.6974  1.1120  0.0020  0.4109  0.0363  0.1781  0.0220 -0.0003  0.1623 0 
 47.9316  0.1185 -0.2228  0.0052  0.3829  0.0436  0.3453  0.0204 -0.0003  0.1434 0 
 38.4436 -0.0958  2.8801  0.0465  0.3544  0.0113  0.2746  0.0561 -0.0003  0.1139 0 
 45.2583 -0.1049  1.0068  0.0183  0.4954  0.0511  0.4380  0.0734 -0.0003  0.2523 0 
 42.3041  0.1318 -2.1188  0.0750  0.1126  0.0625  0.2230  0.0120 -0.0003  0.1508 0 
 48.2399 -0.2146  0.5559  0.0287  0.2233  0.0553  0.3447  0.0298 -0.0003  0.1592 0 
 44.3061  0.2214 -2.5558  0.1433  0.4499  0.0494  0.2643  0.1736 -0.0003  0.8392 0 
 48.2612 -0.6179  0.9972  0.0461  0.1792  0.0392  0.2154  0.0320 -0.0003  0.1264 0 
 47.7516  0.6179 -2.1419  0.0023  0.0134  0.0099  0.1296  0.0587 -0.0003  0.0418 0 
 46.1707 -0.5346  1.3966  0.0443  0.1921  0.0387  0.4358  0.1547 -0.0003  0.3014 0 
 44.8737  0.5469 -1.7514  0.0199  0.3946  0.0178  0.3073  0.0322 -0.0003  0.0962 0 
 48.4474 -0.7791 -1.1613  0.0173  0.5276  0.0083  0.3013  0.0253 -0.0003  0.0937 0 
 43.6286  0.7691  1.9875  0.0832  0.5572  0.0350  0.3096  0.0242 -0.0003  0.5064 0 
 45.6184  0.2918 -2.3579  0.0111  0.2308  0.0481  0.4371  0.0252 -0.0003  0.1282 0 
 38.0957 -0.2752  0.7861  0.0245  0.4756  0.0440  0.2753  0.0235 -0.0003  0.2439 0 
 44.9073 -0.5801  0.4395  0.1600  0.1044  0.2579  0.3512  0.0748  0.9984  0.9287 1 
 35.4467  0.5863 -2.7327  0.1406  0.3906  0.0218  0.1404  0.1863 -0.0003  0.5409 1 
 45.6672 -0.7042  1.7090  0.1393  0.5356  0.0404  0.3933  0.1302 -0.0003  0.8067 1 
 45.2308  0.6943 -1.4196  0.3481  0.6226  0.0720  0.4819  0.4374 -0.0003  0.9964 1 
 64.7746  0.4638  3.0998  0.0829  0.2022  0.0504  0.3604  0.0998 -0.0003  0.3888 0 
 46.0578 -0.4607 -0.0504  0.0215  0.2826  0.0891  0.4360  0.0253  0.0429  0.2255 0 
 51.2398  0.2924 -0.5081  0.0008  0.7308  0.0292  0.6363  0.0844 -0.0003  0.2442 0 
 49.5735 -0.2819  2.6195  0.0295  0.2214  0.1035  0.5134  0.0676 -0.0003  0.2471 0 
 48.4138 -0.5537  1.6314  0.0172  0.1976  0.0528  0.5596  0.1049 -0.0003  0.2206 0 
 45.7435  0.5328 -1.5145  0.0426  0.7483  0.0182  0.2621  0.0772 -0.0003  0.2366 0 
 47.0069  0.7762 -0.9083  0.1250  0.0611  0.0393  0.5205  0.0828 -0.0003  0.3603 0 
 43.3875 -0.7819  2.2387  0.0124  0.2498  0.0176  0.3544  0.0154 -0.0003  0.0643 0 
 39.6399  0.0709  2.8395  0.0052  0.5434  0.0211  0.3631  0.0482 -0.0003  0.1050 0 
 39.2248 -0.0845 -0.2807  0.1612  0.7960  0.0063  0.3186  0.1751 -0.0003  0.7574 0 
 44.1047 -0.1514  2.3886  0.4221  0.5539  0.0454  0.5292  0.3405  0.1332  0.9954 1 
 40.7691  0.1782 -0.7524  0.2203  0.3368  0.0240  0.3153  0.0801  0.2479  0.9675 1 
 48.7037 -0.7550  1.2839  0.0138  0.4058  0.0295  0.2149  0.0170 -0.0003  0.1440 0 
 39.0051  0.7364 -1.8688  0.0042  0.3151  0.0889  0.5470  0.0239 -0.0003  0.1677 0 
 51.9112 -0.4495 -3.1336  0.0219  0.2773  0.0934  0.1691  0.0036 -0.0003  0.2616 0 
 45.9693  0.4433 -0.0102  0.0003  0.1870  0.0715  0.3926  0.0422 -0.0003  0.0965 0 
 47.6875 -0.6057  2.3251  0.0342  0.3380  0.0359  0.2161  0.0152 -0.0003  0.1970 0 
 42.7558  0.6387 -0.8451  0.0181  0.2766  0.0345  0.2668  0.0898 -0.0003  0.1260 0 
 44.6113  0.7739  0.8176  0.0048  0.1969  0.0908  0.3518  0.1688 -0.0003  0.2024 0 
 41.1841 -0.7739 -2.3143  0.0235  0.3485  0.0494  0.4043  0.1588 -0.0003  0.3465 0 
 40.6134 -0.5719 -1.2248  0.2343  0.3817  0.0649  0.4959  0.2673 -0.0003  0.9738 1 
 38.2055  0.5767  1.9065  0.3551  0.5359  0.0686  0.3667  0.1517  0.3734  0.9951 1 
 60.2213 -0.7870  2.6406  0.0824  0.2470  0.0263  0.3260  0.1389 -0.0003  0.3814 0 
 51.5633  0.7992 -0.5018  0.0464  0.0645  0.2686  0.2542  0.0808 -0.0003  0.1013 0 
 49.5552 -0.6511 -1.2711  0.0783  0.2950  0.0361  0.2139  0.0506 -0.0003  0.2955 0 
 40.7324  0.6647  1.8716  0.0296  0.0209  0.1014  0.2253  0.0241 -0.0003  0.0714 0 
 47.4647 -0.7067 -1.9226  0.0006  0.2068  0.0888  0.1298  0.0444 -0.0003  0.1923 0 
 34.9126  0.7132  1.1798  0.0228  0.1262  0.0409  0.2350  0.0087  0.2172  0.3804 0 
 43.4119 -0.1508 -0.9165  0.0060  0.2099  0.0873  0.6201  0.1087 -0.0003  0.2189 0 
 42.9847  0.1049  2.2329  0.0255  0.2686  0.0543  0.6217  0.0681 -0.0003  0.2908 0 
 47.1901  0.7980 -1.7513  0.0094  0.1083  0.0830  0.3033  0.0124 -0.0003  0.0775 0 
 45.2888 -0.7647  1.3387  0.0023  0.6732  0.0164  0.3066  0.0836 -0.0003  0.1167 0 
 46.1677 -0.5209 -0.4266  0.0129  0.2563  0.0453  0.2179  0.0117 -0.0003  0.1350 0 
 45.9205  0.5341  2.6811  0.0130  0.0729  0.0678  0.1745  0.0185 -0.0003  0.0876 0 
 49.6590  0.1640 -0.9657  0.2043  0.2285  0.0305  0.4704  0.2980  0.0489  0.9355 1 
 43.4211 -0.1540  2.1975  0.2612  0.3770  0.0432  0.3100  0.3640 -0.0003  0.9800 1 
 48.4596 -0.4810  2.5342  0.1291  0.5510  0.0701  0.6025  0.0530 -0.0003  0.6542 0 
 43.7201  0.4776 -0.6347  0.0120  0.2775  0.1319  0.3536  0.1601 -0.0003  0.2971 0 
 47.8065 -0.8018  3.0901  0.0249  0.1392  0.0429  0.4318  0.0429 -0.0003  0.1126 0 
 45.4139  0.8109 -0.0698  0.0309  0.4236  0.0266  0.3501  0.1057 -0.0003  0.2175 0 
 50.4280 -0.7973 -1.6897  0.0350  0.2873  0.0709  0.5111  0.0731 -0.0003  0.3036 0 
 42.7100  0.7916  1.4971  0.0078  0.3049  0.0351  0.2224  0.0364 -0.0003  0.1027 0 
 44.6174 -0.1384  0.9053  0.0793  0.6452  0.0651  0.3078  0.1851 -0.0003  0.8343 1 
 42.4323  0.1322 -2.2630  0.1894  0.7104  0.0437  0.3119  0.1747 -0.0003  0.9156 1 
 44.3977  0.4835  3.1067  0.0213  0.3047  0.1009  0.3962  0.0115 -0.0003  0.1863 0 
 43.0549 -0.4789 -0.0320  0.0000  0.0756  0.0021  0.0000 -0.0200 -0.0003  0.0929 0 
 52.0119  0.4443  2.0412  0.0145  0.2009  0.0362  0.1691  0.0042 -0.0003  0.1057 0 
 46.5797 -0.4281 -1.1473  0.0073  0.3728  0.0598  0.5652  0.0137 -0.0003  0.1818 0 
 47.8065 -0.3589  0.9148  0.1335  0.2118  0.0955  0.4319  0.2969 -0.0003  0.9061 0 
 45.9419  0.3441 -2.2394  0.0278  0.3211  0.0248  0.1309  0.0073 -0.0003  0.1733 0 
 47.6722 -0.7404 -0.2793  0.0069  0.1456  0.1590  0.3025  0.0108 -0.0003  0.0931 0 
 44.6571  0.7155  2.9130  0.0262  0.5908  0.0351  0.3517  0.0131 -0.0003  0.2466 0 
 47.1748  0.5976  1.7090  0.0413  0.3475  0.0454  0.5200  0.1326  0.1255  0.5921 0 
 44.8646 -0.6302 -1.3546  0.0634  0.2645  0.1353  0.3951  0.0297 -0.0003  0.3148 0 
 54.3801  0.4739 -2.5046  0.1311  0.3826  0.0778  0.4179  0.0555 -0.0003  0.5776 0 
 50.4250 -0.4712  0.6296  0.0215  0.1095  0.0224  0.2130  0.0089 -0.0003  0.0507 0 
 47.9316 -0.6311  2.2197  0.7569  0.5405  0.0562  0.8200  0.7587 -0.0003  0.9976 1 
 47.3457  0.6361 -0.9646  0.0248  0.7163  0.0361  0.5195  0.1501 -0.0003  0.4788 1 
 45.1331 -0.2371  2.2632  0.0016  0.1019  0.0967  0.2630  0.0181 -0.0003  0.0696 0 
 36.1730  0.2249 -0.8600  0.0036  0.2543  0.0339  0.2792  0.0108 -0.0003  0.0817 0 
 52.6162  0.6656 -2.7556  0.0444  0.5904  0.0504  0.5900  0.1918 -0.0003  0.6104 1 
 35.7031 -0.6147  0.3764  0.2029  0.5901  0.0672  0.1869  0.4041  0.5443  0.9993 1 
 49.0669  0.0916 -2.5296  0.0264  0.0554  0.0683  0.3003  0.0360 -0.0003  0.0766 0 
 45.3437 -0.0917  0.6318  0.0004  0.3479  0.2320  0.5692  0.1569 -0.0003  0.3418 0 
 44.4465  0.4706 -1.7097  0.0930  0.4361  0.0104  0.3081  0.0864 -0.0003  0.2777 1 
 43.0976 -0.4807  1.4048  0.4527  0.3601  0.0509  0.4881  0.6862 -0.0003  0.9984 1 
 44.8859  0.3325 -1.5846  0.1487  0.2928  0.0846  0.4829  0.0818 -0.0003  0.6405 0 
 42.4079 -0.3221  1.5196  0.0002  0.4001  0.0110  0.3565  0.0715 -0.0003  0.0627 0 
 47.8523 -0.6504 -1.9013  0.0282  0.3478  0.0467  0.3454  0.0159 -0.0003  0.2119 0 
 35.2453  0.6459  1.2192  0.0086  0.5645  0.0162  0.1875  0.0067 -0.0003  0.1312 0 
 52.0516 -0.2136 -1.8623  0.0022  0.5151  0.0658  0.5071  0.0884 -0.0003  0.2049 0 
 42.2187  0.2119  1.2466  0.0010  0.1602  0.0177  0.2677  0.0455  0.1587  0.2721 0 
 46.1402 -0.5281  0.8068  0.0474  0.2971  0.0355  0.2179  0.0809 -0.0003  0.2218 0 
 42.6886  0.5250 -2.3456  0.0052  0.4175  0.0431  0.5339  0.0554 -0.0003  0.1824 0 
 47.8492 -0.0951  0.1884  0.3469  0.2679  0.0582  0.4317  0.3445  0.1650  0.9952 1 
 44.8676  0.0563 -2.9805  0.0368  0.3195  0.1691  0.7024  0.4016  0.9109  0.9857 1 
 48.8289 -0.4567 -1.2940  0.0432  0.1522  0.0384  0.3007  0.0627 -0.0003  0.1152 0 
 44.6265  0.4489  1.8254  0.0090  0.2872  0.0902  0.6155  0.0276 -0.0003  0.1984 0 
 46.6987  0.6043 -1.9955  0.1966  0.1979  0.0707  0.3910  0.1498 -0.0003  0.7970 1 
 40.3143 -0.6508  1.0630  0.3146  0.5933  0.0421  0.3162  0.3188 -0.0003  0.9854 1 
 58.4695 -0.7565 -0.4999  0.0058  0.0637  0.0358  0.1231  0.0099 -0.0003  0.0704 0 
 49.0974  0.7460  2.7521  0.0171  0.1483  0.1246  0.3002  0.0207 -0.0003  0.0974 0 
 45.0141 -0.6690 -2.9263  0.0013  0.0420  0.0233  0.3071  0.0604 -0.0003  0.0415 0 
 42.6245  0.6776  0.2580  0.0037  0.6565  0.0268  0.2670  0.0147 -0.0003  0.1495 0 
 46.4546 -0.3997  1.0018  0.0027  0.4026  0.0340  0.3916  0.0567 -0.0003  0.1168 0 
 45.6611  0.3926 -2.1379  0.0428  0.0551  0.0279  0.2185  0.1584 -0.0003  0.1127 0 
 50.5898  0.1737 -2.2304  0.0142  0.3656  0.0573  0.2979  0.0217 -0.0003  0.1963 0 
 47.3182 -0.2041  0.8797  0.0056  0.3017  0.0272  0.3031  0.1363 -0.0003  0.1242 0 
 48.4199  0.1385  1.3908  0.0004  0.1472  0.0243  0.3443  0.0700 -0.0003  0.0461 0 
 44.3458 -0.1400 -1.7581  0.0112  0.1281  0.0257  0.2202  0.0510 -0.0003  0.0462 0 
 47.8767  0.6329 -0.6330  0.0358  0.0923  0.0967  0.2590  0.1398 -0.0003  0.1733 0 
 32.2484 -0.6559  2.4942  0.0057  0.3990  0.0309  0.1923  0.0087 -0.0003  0.1525 0 
 34.7387 -0.1349  2.8952  0.0259  0.2150  0.0134  0.2824  0.0445 -0.0003  0.0559 0 
 28.6229  0.1077 -0.2282  0.0306  0.3914  0.0148  0.2987  0.0058  0.0764  0.2416 0 
 46.1433 -0.1126 -1.3757  0.4956  0.2794  0.0779  0.5666  0.5285 -0.0003  0.9975 1 
 41.3458  0.1202  1.7569  0.4992  0.4686  0.0397  0.2692  0.2686 -0.0003  0.9920 1 
 46.2928 -0.6308  0.1715  0.0146  0.4255  0.0144  0.3919  0.0401 -0.0003  0.0970 0 
 40.7507  0.6394 -2.9436  0.0045  0.4304  0.0222  0.4054  0.0856  0.0575  0.2123 0 
 48.9815 -0.7922  1.9254  0.2605  0.2286  0.0696  0.4721  0.4092 -0.0003  0.9913 1 
 44.9744  0.7989 -1.1661  0.0218  0.2420  0.0470  0.5704  0.0418  0.0949  0.3069 1 
 50.5623 -0.0425 -2.3509  0.0489  0.1997  0.1183  0.5534  0.0897 -0.0003  0.3698 0 
 47.2816  0.0433  0.7915  0.0153  0.2299  0.0220  0.3898  0.0428  0.1015  0.2293 0 
 45.4597  0.1196 -2.0895  0.0112  0.2523  0.0304  0.1312  0.0165 -0.0003  0.1226 0 
 42.9938 -0.1038  1.0415  0.0229  0.0902  0.0333  0.3552  0.0816 -0.0003  0.0751 0 
 50.0008  0.4016 -0.0638  0.0289  0.4912  0.0195  0.2988  0.0140 -0.0003  0.1479 0 
 46.1555 -0.4166  3.0915  0.0243  0.2246  0.0776  0.3922  0.0457 -0.0003  0.1737 0 
 41.6571  0.2021 -1.0176  0.3699  0.6407  0.0245  0.3582  0.3380 -0.0003  0.9888 1 
 20.7279 -0.1044  2.0376  0.0251  0.7203  0.0087  0.2204  0.0130 -0.0003  0.1329 1 
 47.5410 -0.1421  2.9076  0.0385  0.2184  0.0648  0.2595  0.0411 -0.0003  0.2010 0 
 45.3010  0.1484 -0.2127  0.0055  0.3007  0.0286  0.3066  0.0078 -0.0003  0.0890 0 
 53.8827 -0.2613  2.9290  0.1650  0.3810  0.0312  0.4608  0.1612 -0.0003  0.8194 0 
 42.4933  0.2564 -0.1957  0.0312  0.5928  0.1207  0.6236  0.0462 -0.0003  0.2990 0 
 49.4789 -0.6203  0.1879  0.0091  0.1055  0.0295  0.2568  0.1015  0.2109  0.4314 0 
 42.3865  0.6196 -2.9701  0.0187  0.5599  0.0309  0.3120  0.0735 -0.0003  0.1821 0 
 44.4068 -0.6505  2.5436  0.0723  0.0978  0.0328  0.3522  0.0634 -0.0003  0.1311 0 
 43.9948  0.6577 -0.6656  0.0162  0.1761  0.0413  0.2206  0.0203 -0.0003  0.0841 0 
 45.5451  0.4897  1.8687  0.0577  0.3931  0.2821  0.5685  0.1619 -0.0003  0.5760 0 
 36.6827 -0.4664 -1.3049  0.1124  0.1268  0.1477  0.2781  0.0850 -0.0003  0.4147 0 
 57.7249  0.5784 -1.5003  0.0184  0.3429  0.1885  0.3294  0.0201 -0.0003  0.2214 0 
 40.8789 -0.5656  1.5426  0.0414  0.3653  0.0705  0.3600  0.0681 -0.0003  0.3344 0 
 42.4201  0.7225 -1.7029  0.1415  0.4819  0.0776  0.4456  0.2156 -0.0003  0.9146 1 
 32.4620 -0.7105  1.4055  0.0101  0.2423  0.0844  0.4319  0.0034 -0.0003  0.1436 1 
 46.6194 -0.4680  1.9855  0.0620  0.0668  0.0230  0.4781  0.0640 -0.0003  0.1380 0 
 30.7286  0.4783 -1.1627  0.0189  0.1844  0.0178  0.1950  0.0054 -0.0003  0.0604 0 
 48.4260  0.2372  1.2108  0.0061  0.3440  0.1327  0.5165  0.0197 -0.0003  0.1878 0 
 44.0681 -0.2330 -1.9214  0.0078  0.8297  0.0230  0.3088  0.0095 -0.0003  0.1562 0 
 44.8066 -0.5985  2.9715  0.0924  0.2931  0.0382  0.3953  0.0960 -0.0003  0.4903 0 
 41.8647  0.5845 -0.1820  0.0081  0.6787  0.0786  0.5813  0.1341 -0.0003  0.3361 0 
 45.5299 -0.1890 -1.1563  0.0306  0.1469  0.0670  0.4811  0.0338 -0.0003  0.1570 0 
 40.8942  0.1808  1.9826  0.0386  0.3251  0.0727  0.4050  0.0987 -0.0003  0.3470 0 
 49.0303  0.1333 -1.8827  0.0511  0.2632  0.0779  0.3861  0.0704 -0.0003  0.3252 0 
 48.3253 -0.1151  1.2851  0.0324  0.6071  0.0397  0.5598  0.1392 -0.0003  0.4677 0 
 55.6985  0.1845  2.7255  0.0729  0.1654  0.0299  0.1662  0.0129 -0.0003  0.1559 0 
 44.1718 -0.1704 -0.4066  0.0173  0.4838  0.0293  0.3967  0.0246 -0.0003  0.1712 0 
 47.5502  0.6956 -1.8012  0.1037  0.6948  0.0646  0.6054  0.0596  0.2782  0.8733 0 
 43.6408 -0.6870  1.3282  0.0020  0.2467  0.0429  0.4423  0.0435  0.0571  0.1627 0 
 48.0110 -0.7569 -3.1397  0.0511  0.1800  0.0073  0.3019  0.0971 -0.0003  0.0911 0 
 44.1688  0.7392  0.0312  0.0035  0.0585  0.0157  0.1763  0.0102 -0.0003  0.0423 0 
 53.8949  0.1593  1.2817  0.0113  0.3868  0.1058  0.3351  0.0204 -0.0003  0.1855 0 
 42.6612 -0.1604 -1.8911  0.0027  0.3422  0.0150  0.2670 -0.0002 -0.0003  0.0741 0 
 50.5287 -0.0944  0.1435  0.0190  0.2214  0.0474  0.1703  0.0064 -0.0003  0.1535 0 
 46.6163  0.0626 -2.9848  0.0488  0.2983  0.1057  0.4781  0.0367 -0.0003  0.3060 0 
 36.9116  0.4509  2.2979  0.3467  0.7197  0.0859  0.3240  0.3989 -0.0003  0.9960 1 
 25.9068 -0.4690 -0.7076  0.0782  0.1481  0.0546  0.2566  0.2111  0.4378  0.9588 1 
 49.7078 -0.6378 -1.1071  0.0283  0.6346  0.0364  0.1710  0.0099 -0.0003  0.2958 0 
 47.2755  0.6094  2.0083  0.0068  0.1831  0.0937  0.3465  0.0342 -0.0003  0.1044 0 
 50.6416 -0.6571 -2.8032  0.0293  0.2489  0.0368  0.2979  0.0434 -0.0003  0.1255 0 
 49.5155  0.6653  0.3652  0.0717  0.5255  0.0973  0.3852  0.1595 -0.0003  0.6573 0 
 46.1463 -0.7710  0.4385  0.0107  0.4279  0.0117  0.2179  0.0546 -0.0003  0.0881 0 
 41.8036  0.7542 -2.7008  0.0267  0.1181  0.0301  0.3132  0.1689 -0.0003  0.1370 0 
 48.5817  0.4679  2.8919  0.0046  0.7730  0.1010  0.3441  0.0289 -0.0003  0.2514 0 
 45.6886 -0.4586 -0.2178  0.0078  0.7739  0.0518  0.6992  0.0718 -0.0003  0.3049 0 
 41.1810  0.0082  2.2152  0.1744  0.3055  0.0289  0.3144  0.1606 -0.0003  0.7256 1 
 36.5057 -0.0356 -0.9584  0.0313  0.6384  0.0218  0.2786  0.0928 -0.0003  0.2016 1 
 47.7516  0.5224 -0.0035  0.0124  0.4275  0.0274  0.3456  0.0446 -0.0003  0.1189 0 
 46.3844 -0.5375  3.1161  0.0829  0.3329  0.0554  0.4788  0.0988 -0.0003  0.5454 0 
 40.1770  0.6281  0.1663  0.0568  0.3872  0.0588  0.3617  0.0735 -0.0003  0.4206 0 
 38.0285 -0.6226 -2.9214  0.0156  0.7135  0.0832  0.4590  0.0594  0.3366  0.6982 0 
 41.5473 -0.6087  2.1903  0.1133  0.2356  0.0167  0.2240  0.0671 -0.0003  0.2209 0 
 37.6410  0.6044 -0.9436  0.0355  0.3426  0.0875  0.2762  0.0521 -0.0003  0.3028 0 
 43.7507  0.0090  0.4048  0.0396  0.2283  0.0122  0.2210  0.0130 -0.0003  0.0759 0 
 40.1190  0.0048 -2.7624  0.0084  0.3544  0.0811  0.3619  0.0190 -0.0003  0.1701 0 
 46.4607 -0.8158 -1.5495  0.0976  0.4466  0.0263  0.3915  0.0361 -0.0003  0.4833 0 
 23.2486  0.7555  1.6448  0.0009  0.1615  0.0955  0.3185  0.0386 -0.0003  0.0862 0 
 49.4148  0.0460  0.7583  0.0101  0.2207  0.0333  0.2997  0.0079 -0.0003  0.0817 0 
 44.8371 -0.0457 -2.3525  0.0038  0.5300  0.1183  0.4830  0.2209 -0.0003  0.4052 0 
 46.0822  0.7646 -0.6462  0.0716  0.2021  0.1169  0.3488  0.1707 -0.0003  0.5632 0 
 44.3183 -0.7568  2.5131  0.0330  0.3500  0.0629  0.4845  0.0737 -0.0003  0.3065 0 
 49.3080 -0.3882 -0.4741  0.1050  0.4140  0.0331  0.2999  0.1621 -0.0003  0.6624 0 
 45.0721  0.3663  2.6720  0.0323  0.0994  0.0620  0.2193  0.0635 -0.0003  0.1004 0 
 42.0264 -0.5313  1.6894  0.0899  0.2994  0.0451  0.3574  0.0670 -0.0003  0.4434 0 
 39.5880  0.5250 -1.4277  0.0306  0.6478  0.0425  0.4086  0.0217  0.1602  0.5439 0 
 46.8391  0.6941 -1.1089  0.0032  0.4023  0.0504  0.3473  0.1059 -0.0003  0.1900 0 
 44.2115 -0.6858  2.0041  0.1166  0.3863  0.0248  0.3967  0.0538 -0.0003  0.5043 0 
 56.1288 -0.0814 -0.6607  0.0654  0.4927  0.2393  0.4561  0.1746 -0.0003  0.6370 1 
 45.4109  0.0910  2.3971  0.5140  0.3610  0.0562  0.4814  0.2267 -0.0003  0.9796 1 
 46.3111 -0.4565 -1.1699  0.0633  0.5282  0.0202  0.2612  0.0466  0.0715  0.4066 0 
 44.8280  0.4590  2.0013  0.0316  0.4088  0.0625  0.3952  0.0391 -0.0003  0.2670 0 
 50.2235  0.4399 -1.9467  0.0157  0.4147  0.0391  0.2132  0.0056 -0.0003  0.2146 0 
 43.5950 -0.4345  1.1995  0.0360  0.3135  0.0216  0.3097  0.0527 -0.0003  0.1204 0 
 45.3376 -0.4161  1.3264  0.5003  0.3791  0.1232  0.4816  0.2346 -0.0003  0.9920 1 
 31.6564  0.3847 -1.8161  0.0713  0.6250  0.0284  0.3867  0.0482  0.0377  0.5520 1 
 39.7681 -0.2885 -1.6302  0.0116  0.3000  0.0910  0.5441  0.0357 -0.0003  0.1920 0 
 34.8852  0.2755  1.5330  0.0309  0.1670  0.0781  0.4231  0.0209 -0.0003  0.1514 0 
 47.0375 -0.6615 -2.7755  0.0368  0.3984  0.0431  0.4336  0.0727 -0.0003  0.3123 0 
 41.1841  0.6697  0.3625  0.0103  0.2516  0.0427  0.3593  0.0180  0.2269  0.3870 0 
 44.7974 -0.5910 -2.5606  0.0049  0.3171  0.1259  0.5271  0.0074 -0.0003  0.1755 0 
 43.0243  0.5781  0.5442  0.0264  0.1254  0.0365  0.3551  0.0102 -0.0003  0.0827 0 
 45.3437  0.7772 -1.4814  0.0038  0.1763  0.0298  0.1751  0.0096 -0.0003  0.0674 0 
 43.7598 -0.7991  1.6619  0.0037  0.5788  0.0556  0.6629  0.0279 -0.0003  0.2034 0 
 48.5389  0.4502  0.2335  0.0324  0.6020  0.0832  0.4302  0.0109 -0.0003  0.2570 0 
 43.0610 -0.4503 -2.9606  0.0519  0.5151  0.0267  0.4439  0.0346 -0.0003  0.3554 0 
 47.8584 -0.3195 -1.8929  0.4298  0.2602  0.0479  0.5181  0.2374 -0.0003  0.9763 1 
 35.5291  0.3183  1.2332  0.0905  0.5742  0.0163  0.3742  0.0357  0.1247  0.6051 1 
 51.6823 -0.7601  0.9572  0.0129  0.4902  0.0847  0.5503  0.0067 -0.0003  0.2026 0 
 48.8014  0.7243 -2.2079  0.0290  0.2233  0.0392  0.2577  0.0145 -0.0003  0.1239 0 
 45.2155 -0.2227  0.4070  0.2200  0.6085  0.0272  0.5258  0.4747 -0.0003  0.9901 1 
 44.0742  0.2294 -2.7238  0.4586  0.5559  0.0390  0.4852  0.4164 -0.0003  0.9946 1 
 43.5279 -0.2286 -0.6367  0.4032  0.6015  0.0552  0.7081  0.5031 -0.0003  0.9953 1 
 37.1832  0.2247  2.4774  0.0526  0.3520  0.0925  0.5542  0.1459 -0.0003  0.5129 1 
 40.3815  0.6950  2.2567  0.2485  0.6859  0.0324  0.4967  0.5046  0.3011  0.9978 1 
 39.2615 -0.6836 -0.9603  0.0685  0.5796  0.0361  0.6370  0.2672  0.3034  0.9513 1 
 52.6345  0.0213  0.3620  0.0533  0.2309  0.0878  0.3792  0.0234 -0.0003  0.2569 0 
 47.9500 -0.0329 -2.8257  0.0051  0.6494  0.0370  0.3020  0.0818 -0.0003  0.1849 0 
 51.1208  0.5355  1.5947  0.0562  0.2381  0.0361  0.1698  0.1179 -0.0003  0.2899 1 
 44.0955 -0.5145 -1.5367  0.8566  0.2782  0.0481  0.4851  0.7891  0.0795  0.9976 1 
 52.9213  0.2160  2.7003  0.0025  0.4948  0.0539  0.3366  0.0107 -0.0003  0.1830 0 
 42.4048 -0.3001 -0.4061  0.0105  0.4693  0.0887  0.5348  0.1264  0.2784  0.6252 0 
 46.5126 -0.6597  2.5226  0.0967  0.4312  0.0683  0.5654  0.1130  0.1141  0.8048 0 
 43.2654  0.6357 -0.5899  0.0381  0.3920  0.0241  0.3989  0.2327 -0.0003  0.4496 0 
 42.8046 -0.2307  0.3307  0.2562  0.5144  0.0435  0.4001  0.3718 -0.0003  0.9869 1 
 41.1536  0.2377 -2.7812  0.0131  0.2947  0.0640  0.3145  0.1579 -0.0003  0.3021 1 
 55.6252 -0.4979 -1.0511  0.1235  0.2264  0.0180  0.4156  0.0266 -0.0003  0.3672 0 
 38.6206  0.5117  2.0917  0.0226  0.1467  0.0715  0.1828  0.0051 -0.0003  0.1296 0 
 45.6672 -0.5384  2.8763  0.0349  0.2337  0.0331  0.2622  0.0468 -0.0003  0.1177 0 
 42.5299  0.5417 -0.2041  0.1172  0.2684  0.0207  0.3562  0.1483  0.1588  0.8105 0 
 43.8025  0.4155 -0.9615  0.0381  0.3974  0.0430  0.3093  0.0403 -0.0003  0.2557 0 
 42.7222 -0.4113  2.2217  0.0289  0.1146  0.0344  0.2224  0.0628 -0.0003  0.0670 0 
 45.3590 -0.5066  1.7261  0.0810  0.4237  0.0213  0.2189  0.1898 -0.0003  0.4301 0 
 41.0925  0.4943 -1.4247  0.0019  0.5319  0.0316  0.4045  0.1360 -0.0003  0.2054 0 
 39.0845 -0.5939 -1.3995  0.0637  0.1490  0.0177  0.2278  0.0082 -0.0003  0.0846 0 
 38.2391  0.5942  1.7339  0.0979  0.2138  0.0148  0.1833  0.0778 -0.0003  0.1781 0 
 46.4729  0.6319  0.6132  0.1420  0.2240  0.0365  0.3045  0.1430  0.1106  0.7978 0 
 40.8057 -0.6422 -2.5102  0.0245  0.5488  0.1793  0.2702  0.1183  0.0477  0.4580 0 
 46.8147 -0.2532  2.6495  0.0138  0.4467  0.0426  0.6079  0.2304 -0.0003  0.4375 0 
 40.9094  0.2301 -0.4252  0.0090  0.5162  0.0524  0.3600  0.0180 -0.0003  0.1948 0 
 54.0139  0.5543  1.4472  0.0280  0.2779  0.1093  0.3767  0.0035  0.4744  0.5881 0 
 48.0079 -0.5113 -1.6837  0.0631  0.4749  0.0417  0.3019  0.0213 -0.0003  0.4008 0 
 46.9032  0.6477  0.4140  0.0427  0.3517  0.0654  0.3472  0.0264 -0.0003  0.2885 0 
 32.4865 -0.6415 -2.7010  0.0662  0.4115  0.0201  0.1919  0.0303 -0.0003  0.1910 0 
 52.1767 -0.4584  1.2338  0.0459  0.5048  0.0750  0.4223  0.0690 -0.0003  0.3695 0 
 49.6040  0.5071 -1.9362  0.0011  0.1525  0.1497  0.2994  0.0187 -0.0003  0.0876 0 
 50.9194 -0.7174  0.4707  0.0324  0.5650  0.2020  0.5949  0.1070 -0.0003  0.3512 0 
 44.2939  0.7155 -2.6495  0.0449  0.4666  0.0138  0.3524  0.0899 -0.0003  0.1879 0 
 47.7119  0.7116  1.7431  0.0002  0.2252  0.0732  0.3889  0.0645 -0.0003  0.1147 0 
 40.9400 -0.7071 -1.4471  0.0625  0.4460  0.0977  0.3599  0.0150 -0.0003  0.3476 0 
 46.6438  0.0108 -0.0249  0.0283  0.1463  0.1348  0.3912  0.0202 -0.0003  0.1246 0 
 46.4088 -0.0328  3.1187  0.0309  0.4264  0.0496  0.2176  0.0336 -0.0003  0.2856 0 
 46.3020 -0.6118  2.1787  0.0137  0.2702  0.0160  0.0871  0.0115 -0.0003  0.1280 0 
 43.2166  0.5815 -0.9932  0.0459  0.3150  0.0302  0.1774  0.0090 -0.0003  0.2062 0 
 36.6583 -0.2709  0.6619  0.4883  0.7094  0.0596  0.5100  0.3657 -0.0003  0.9933 1 
 28.3574  0.2340 -2.4616  0.0872  0.7501  0.0447  0.1498  0.0645  0.1069  0.7468 1 
 44.7150 -0.7049 -0.3936  0.1287  0.1250  0.0368  0.2637  0.0969 -0.0003  0.3333 0 
 39.8444  0.6824  2.7715  0.0642  0.3911  0.0683  0.3626  0.0583 -0.0003  0.4321 0 
 44.7395 -0.7498 -1.6980  0.0231  0.2878  0.1945  0.4833  0.1378 -0.0003  0.3601 0 
 42.1180  0.7461  1.4467  0.0127  0.6199  0.0206  0.4018  0.0905 -0.0003  0.1620 0 
 47.8828 -0.5634 -1.2768  0.0183  0.4040  0.1374  0.5612  0.2434 -0.0003  0.5016 1 
 45.0050  0.5658  1.8908  0.4273  0.4621  0.1521  0.8774  0.4196 -0.0003  0.9982 1 
 49.7444  0.7093  2.5807  0.0819  0.1544  0.2556  0.3420  0.0956 -0.0003  0.4190 0 
 44.6662 -0.7076 -0.6222  0.0028  0.6694  0.0530  0.3956  0.1270 -0.0003  0.3049 0 
 47.1168  0.4006 -0.2324  0.0143  0.0459  0.0558  0.1734  0.1960 -0.0003  0.1491 0 
 45.1026 -0.3774  2.8815  0.0117  0.5937  0.0378  0.4385  0.0147 -0.0003  0.1940 0 
 37.0062  0.3740 -2.3216  0.0173  0.4432  0.0470  0.6012  0.0128  0.0920  0.3377 0 
 36.8566 -0.3695  0.8029  0.0671  0.2728  0.0171  0.3704  0.0778  0.0363  0.3262 0 
 47.9957 -0.4186  0.1666  0.4772  0.7961  0.0431  0.6471  0.6540 -0.0003  0.9977 1 
 44.2939  0.4325 -2.9934  0.0026  0.3166  0.0800  0.3084  0.1950  0.5486  0.8933 1 
 51.4839  0.6415 -1.3631  0.0240  0.2091  0.0587  0.5084  0.0493 -0.0003  0.1931 0 
 47.8859 -0.6245  1.7675  0.0054  0.7674  0.0335  0.3453  0.0125 -0.0003  0.1841 0 
 50.8858  0.3774  2.2313  0.2853  0.3561  0.0734  0.2975  0.2144 -0.0003  0.9652 1 
 40.1160 -0.3757 -0.9518  0.2046  0.4569  0.0500  0.3166  0.1363 -0.0003  0.8578 1 
 45.4658 -0.7846 -2.2499  0.0266  0.3656  0.0219  0.2625  0.0659 -0.0003  0.1169 0 
 41.1292  0.7619  0.9001  0.0084  0.1099  0.0440  0.0899  0.0512 -0.0003  0.0878 0 
 51.4504  0.6545 -0.9696  0.3005  0.5596  0.0927  0.7628  0.0296 -0.0003  0.8785 1 
 37.1801 -0.6010  2.0901  0.0184  0.8331  0.0488  0.4618  0.0375 -0.0003  0.2847 1 
 49.4026 -0.5835 -2.1543  0.0023  0.1366  0.2225  0.2997  0.0139 -0.0003  0.1038 0 
 48.5756  0.5754  0.9720  0.0261  0.5894  0.0351  0.5161  0.0576 -0.0003  0.2930 0 
 45.7069 -0.1456 -1.7064  0.1397  0.6187  0.0527  0.5680  0.1591 -0.0003  0.8877 1 
 37.5891  0.1829  1.4682  0.3405  0.5721  0.0194  0.2763  0.4229 -0.0003  0.9915 1 
 43.7995  0.5458  1.4806  0.0183  0.3085  0.0663  0.4418  0.0143 -0.0003  0.1872 0 
 19.0951 -0.5562 -1.5476  0.1323  0.2108  0.0241  0.3397  0.0787 -0.0003  0.4035 0 
 52.1920  0.6208  1.8365  0.0239  0.3051  0.0296  0.4645  0.2360 -0.0003  0.3843 0 
 41.5991 -0.6142 -1.2175  0.1305  0.5088  0.1666  0.6719  0.3889 -0.0003  0.9825 0 
 48.4840 -0.2251 -2.1549  0.0012  0.4838  0.0331  0.3012  0.0482 -0.0003  0.1172 0 
 47.0924  0.2253  0.9989  0.0178  0.2595  0.1102  0.3468  0.0732 -0.0003  0.1937 0 
 50.5837  0.6240 -1.5185  0.0601  0.5152  0.1321  0.5107  0.0312 -0.0003  0.3371 0 
 45.7984 -0.5972  1.6322  0.0049  0.1044  0.1898  0.2620  0.0071 -0.0003  0.0694 0 
 46.4637  0.3425 -2.6120  0.0175  0.2043  0.0244  0.3480  0.0069 -0.0003  0.0757 0 
 43.7537 -0.3151  0.5257  0.0267  0.6185  0.0066  0.1768  0.0173 -0.0003  0.1235 0 
 55.5550  0.0472  1.5374  0.0270  0.2878  0.0298  0.2494  0.0241  0.2338  0.6181 0 
 49.8421 -0.0594 -1.6547  0.0400  0.4561  0.0676  0.2991  0.0261 -0.0003  0.3268 0 
 52.0974  0.6228 -2.2103  0.1661  0.3939  0.0586  0.2957  0.2198 -0.0003  0.9030 1 
 42.7710 -0.6309  0.8977  0.1763  0.4941  0.0342  0.6225  0.3426  0.2273  0.9890 1 
 46.3172  0.5613  1.6577  0.1397  0.3393  0.0490  0.5225  0.0140 -0.0003  0.5506 0 
 35.5291 -0.5600 -1.4622  0.0057  0.4101  0.0139  0.2339  0.0093 -0.0003  0.0870 0 
 45.4780 -0.5273 -3.0765  0.0191  0.1802  0.0383  0.3500  0.0098 -0.0003  0.0946 0 
 41.9348  0.5123  0.0660  0.0331  0.3310  0.0058  0.2682  0.0297  0.0755  0.1525 0 
 49.8970 -0.1028  2.9869  0.0434  0.1780  0.0673  0.2563  0.0131 -0.0003  0.1739 0 
 44.2298  0.1044 -0.2179  0.0179  0.3820  0.0510  0.5729  0.1011 -0.0003  0.2894 0 
 40.4212  0.4949 -1.2450  0.0887  0.5495  0.0563  0.4515  0.1591  0.2228  0.8684 0 
 37.7783 -0.4934  2.0082  0.0181  0.4873  0.1449  0.2759  0.0097 -0.0003  0.2245 0 
 47.0008  0.5013  0.1885  0.0992  0.1801  0.0224  0.3904  0.2355 -0.0003  0.5280 1 
 43.3814 -0.4805 -2.9491  0.0702  0.2561  0.0348  0.3101  0.1284 -0.0003  0.3695 1 
 47.0893  0.6108 -1.4829  0.0991  0.6623  0.0114  0.2601  0.1485 -0.0003  0.4756 0 
 45.0751 -0.6101  1.6861  0.0401  0.2575  0.0557  0.2631  0.0892 -0.0003  0.2702 0 
 47.6936 -0.7535 -1.5354  0.0052  0.3209  0.0699  0.5185  0.0605 -0.0003  0.1763 0 
 30.3838  0.7467  1.5818  0.0281  0.4458  0.0074  0.4402  0.0407 -0.0003  0.1304 0 
 41.4679 -0.2147 -3.0324  0.5156  0.6748  0.0184  0.4932  0.5278 -0.0003  0.9972 1 
 35.6512  0.2238  0.0964  0.0111  0.3582  0.0336  0.3738  0.0760 -0.0003  0.1338 1 
 48.8624  0.4842  0.6702  0.0733  0.6889  0.0372  0.3006  0.1607 -0.0003  0.6750 0 
 46.2348 -0.4878 -2.4631  0.0559  0.1014  0.0555  0.7405  0.1461 -0.0003  0.4745 0 
 42.8901  0.1109  0.9076  0.0558  0.3635  0.0336  0.4443  0.1152 -0.0003  0.4295 0 
 32.7764 -0.1061 -2.2144  0.0747  0.5523  0.0190  0.1914  0.0963  0.1608  0.6000 0 
 43.7781 -0.1583 -1.2318  0.0315  0.2093  0.0491  0.6187  0.0400 -0.0003  0.2602 0 
 39.9817  0.1501  1.8926  0.0035  0.3519  0.0391  0.2716  0.0234 -0.0003  0.1185 0 
 38.9105  0.4740  2.2029  0.0214  0.3706  0.0253  0.4561  0.0311 -0.0003  0.1676 0 
 38.8861 -0.4338 -0.9775  0.0960  0.4810  0.0475  0.3193  0.0306 -0.0003  0.5655 0 
 45.4200 -0.1397 -1.0612  0.0533  0.6012  0.0599  0.5252  0.0999 -0.0003  0.4799 0 
 45.1118  0.1425  2.0438  0.0267  0.3310  0.0652  0.4823  0.0871 -0.0003  0.2848 0 
 48.1239  0.3621  2.7410  0.0060  0.1524  0.0486  0.5173  0.0709 -0.0003  0.1204 0 
 43.8361 -0.3405 -0.3947  0.0080  0.4011  0.0234  0.2650  0.0740 -0.0003  0.0979 0 
 53.1075 -0.2302  0.1505  0.0571  0.2695  0.0768  0.2522  0.0148 -0.0003  0.3092 0 
 46.5736  0.2493 -2.9983  0.0162  0.4561  0.0114  0.1739  0.0218 -0.0003  0.1074 0 
 46.1463 -0.4017 -2.6478  0.2918  0.2019  0.0613  0.2179  0.2990  0.1707  0.9690 0 
 40.9735  0.3899  0.5044  0.0208  0.5643  0.1111  0.4048  0.0353 -0.0003  0.2475 0 
 41.0376 -0.5086  1.1479  0.2020  0.4207  0.0216  0.3147  0.2612 -0.0003  0.8552 0 
 37.6471  0.4925 -1.9939  0.1197  0.0199  0.0437  0.2301  0.1092  0.0560  0.2088 0 
 46.9001  0.7163 -1.9316  0.0738  0.3480  0.0298  0.3038  0.1568 -0.0003  0.4649 1 
 44.1779 -0.7076  1.1810  0.5005  0.1361  0.0745  0.4849  0.3858 -0.0003  0.9905 1 
 52.1614 -0.7454 -2.2675  0.4813  0.3365  0.0710  0.2956  0.5477 -0.0003  0.9977 1 
 42.5818  0.7323  0.7986  0.0307  0.2778  0.0869  0.4452  0.0883  0.3865  0.6466 1 
 41.2085 -0.0961 -2.3770  0.1299  0.4627  0.0109  0.2245  0.1529 -0.0003  0.4478 0 
 39.0875  0.1125  0.6934  0.0574  0.2981  0.1140  0.5011  0.1476 -0.0003  0.5171 0 
 50.3639  0.1198  1.1532  0.1509  0.2852  0.2723  0.4687  0.2891 -0.0003  0.9737 1 
 43.4577 -0.1365 -1.9631  0.1402  0.6740  0.0351  0.3099  0.2176 -0.0003  0.8729 1 
 45.4749  0.7538  1.8333  0.0427  0.7202  0.0200  0.4375  0.1915 -0.0003  0.5120 0 
 44.5167 -0.7371 -1.3013  0.0100  0.1742  0.0190  0.3960  0.0255 -0.0003  0.0560 0 
 46.5949 -0.2736  3.1361  0.0874  0.1114  0.1387  0.3913  0.0408 -0.0003  0.2521 1 
 33.0907  0.3100 -0.0178  0.2643  0.6978  0.0242  0.3818  0.3924 -0.0003  0.9843 1 
 57.7096  0.6251 -2.6807  0.0416  0.1354  0.0360  0.2471  0.0458 -0.0003  0.0850 0 
 43.5584 -0.6234  0.4375  0.0367  0.1961  0.0286  0.0885  0.0060 -0.0003  0.1626 0 
 45.7496  0.7207  1.7810  0.1057  0.2387  0.0361  0.2184  0.0313 -0.0003  0.3238 0 
 44.3641 -0.7086 -1.3671  0.0183  0.2567  0.0611  0.3963  0.1458 -0.0003  0.2603 0 
 54.1970 -0.4400 -1.0276  0.2355  0.2202  0.0558  0.2509  0.2348 -0.0003  0.9090 1 
 30.9545  0.4207  2.1044  0.0918  0.3996  0.0393  0.2433  0.0928  0.2967  0.9210 1 
 49.0333 -0.6565 -0.3314  0.0061  0.5184  0.0124  0.5577  0.0843 -0.0003  0.1770 0 
 45.2369  0.6338  2.8148  0.0264  0.4917  0.0352  0.3505  0.0657 -0.0003  0.2253 0 
 44.9134 -0.6241 -2.2329  0.1156  0.3980  0.0533  0.2634  0.2253 -0.0003  0.8265 1 
 39.1943  0.5892  0.8887  0.9350  0.1926  0.0389  0.6373  0.8930 -0.0003  0.9958 1 
 50.2113  0.5869  0.0232  0.4230  0.7016  0.0905  0.2132  0.2455  0.2433  0.9931 1 
 42.0203 -0.5722 -3.1057  0.5474  0.7970  0.0353  0.3127  0.3919 -0.0003  0.9971 1 
 54.1482 -0.4562 -2.2855  0.0404  0.3765  0.0754  0.2928  0.0517 -0.0003  0.3326 0 
 45.7130  0.4334  0.8081  0.0599  0.4463  0.0284  0.3058  0.0955 -0.0003  0.3296 0 
 52.1462  0.2955 -2.3852  0.0080  0.2590  0.0677  0.2534  0.0861 -0.0003  0.1770 0 
 47.1839 -0.2898  0.7410  0.0592  0.2658  0.0938  0.4766  0.1855 -0.0003  0.5640 0 
 43.9551  0.4982 -0.6470  0.0114  0.1405  0.1349  0.3531  0.0118 -0.0003  0.0902 0 
 42.3621 -0.4890  2.4370  0.0616  0.1603  0.1361  0.6687  0.1057 -0.0003  0.5021 0 
 49.7078 -0.5366 -0.0562  0.0092  0.2719  0.0428  0.5130  0.1496 -0.0003  0.2344 0 
 47.9500  0.5232  3.0611  0.0024  0.3246  0.1312  0.5610  0.0229 -0.0003  0.1842 0 
 48.5389  0.2559  3.0481  0.0215  0.2006  0.0320  0.2581  0.0610 -0.0003  0.0803 0 
 47.5776 -0.2769 -0.1111  0.0558  0.3032  0.0517  0.5621  0.0400 -0.0003  0.3804 0 
 47.4525  0.1941 -3.1275  0.0411  0.7197  0.0656  0.2596  0.0463 -0.0003  0.4653 0 
 34.3755 -0.1651  0.0039  0.0161  0.3982  0.0152  0.2833  0.0211 -0.0003  0.0877 0 
 46.2287  0.3490 -2.8738  0.0331  0.5754  0.1609  0.7841  0.2228 -0.0003  0.6998 1 
 43.9612 -0.3431  0.2867  0.3790  0.4709  0.0510  0.3090  0.4500  0.0803  0.9963 1 
 50.6386  0.1369 -2.4499  0.0135  0.1517  0.1242  0.2979  0.0325 -0.0003  0.0958 0 
 49.3721 -0.1794  0.6587  0.0014  0.3375  0.0685  0.4283  0.0178 -0.0003  0.1467 0 
 48.6122  0.0613 -0.2946  0.0087  0.4153  0.1186  0.8600  0.0392 -0.0003  0.3171 0 
 43.3143 -0.0247  2.7946  0.0009  0.4425  0.0470  0.4432  0.0641 -0.0003  0.1566 0 
 50.7637  0.1875 -1.4161  0.0366  0.1615  0.1023  0.5103  0.0894 -0.0003  0.2547 0 
 37.2686 -0.1722  1.7283  0.0202  0.4220  0.0349  0.2308  0.0515 -0.0003  0.1649 0 
 43.0121 -0.7838 -0.2651  0.0018  0.2283  0.0106  0.2664  0.1295 -0.0003  0.0625 0 
 36.7956  0.7770  2.9277  0.1677  0.2985  0.0332  0.2779  0.0112 -0.0003  0.5469 0 
 48.5664 -0.2465  0.0653  0.0269  0.3269  0.0466  0.5591  0.0895 -0.0003  0.3069 0 
 44.1566  0.2393 -3.0381  0.0009  0.6734  0.0371  0.2205  0.1939 -0.0003  0.3087 0 
 50.9590  0.3182  2.8986  0.0153  0.2625  0.0149  0.1274  0.0109 -0.0003  0.0973 0 
 49.3416 -0.3186 -0.2189  0.0039  0.2406  0.0778  0.3427  0.0373 -0.0003  0.1246 0 
 51.1788  0.5737  0.0792  0.0121  0.5910  0.0397  0.2970  0.0594 -0.0003  0.1994 0 
 36.1883 -0.5898 -3.0760  0.0204  0.3371  0.0445  0.4653  0.0200 -0.0003  0.1977 0 
 59.5773 -0.1170  2.2255  0.0124  0.2227  0.0451  0.2860  0.0352  0.0499  0.1653 0 
 46.5034  0.1100 -0.9019  0.0051  0.2103  0.1613  0.5220  0.0633  0.1377  0.2671 0 
 49.2897  0.2532  0.1098  0.2110  0.4845  0.0673  0.5570  0.1138 -0.0003  0.8641 1 
 40.3082 -0.2411 -3.0399  0.1362  0.6394  0.0443  0.4066  0.0497  0.3395  0.9870 1 
 49.5583 -0.1862  2.9011  0.0162  0.2045  0.0682  0.2995  0.0656  0.2680  0.4552 0 
 45.1270  0.1924 -0.2853  0.0361  0.3591  0.0811  0.3946  0.0119 -0.0003  0.2484 0 
 44.0223 -0.6077 -2.6821  0.0277  0.3373  0.0128  0.2206  0.0107 -0.0003  0.0959 0 
 41.0071  0.5888  0.4472  0.0068  0.1903  0.0607  0.3598  0.0441 -0.0003  0.1011 0 
 42.0417  0.7943 -0.2529  0.0592  0.4923  0.0693  0.2680  0.1231 -0.0003  0.6261 1 
 37.2045 -0.7896  2.8390  0.0295  0.4850  0.0344  0.3694  0.1149 -0.0003  0.3055 1 
 49.6162 -0.2578 -1.1574  0.0063  0.1240  0.0300  0.2566  0.0086 -0.0003  0.0530 0 
 38.3154  0.2882  1.9899  0.0453  0.4098  0.0195  0.1832  0.0291 -0.0003  0.1523 0 
 51.2215  0.4780  1.6783  0.2029  0.3040  0.0826  0.3394  0.2432 -0.0003  0.9474 0 
 42.1546 -0.4829 -1.4785  0.2390  0.6008  0.0269  0.4017  0.2790 -0.0003  0.9497 0 
 49.5735 -0.5897  2.0340  0.0049  0.1761  0.0447  0.2995  0.0284 -0.0003  0.0721 0 
 45.6825  0.5689 -1.0818  0.0201  0.3683  0.0605  0.3933  0.0290 -0.0003  0.2071 0 
 47.2908 -0.3560 -2.2850  0.0003  0.5137  0.0435  0.3464  0.0125 -0.0003  0.1643 0 
 43.2563  0.3468  0.8323  0.0519  0.3552  0.0317  0.2217  0.0290 -0.0003  0.2161 0 
 45.5787  0.6999 -0.5827  0.0338  0.2967  0.0124  0.1749  0.0390 -0.0003  0.0963 0 
 45.0568 -0.7042  2.5831  0.0562  0.5300  0.0488  0.4824  0.0522 -0.0003  0.4268 0 
 47.5929  0.7314 -2.2077  0.0691  0.3937  0.0289  0.1729  0.0058 -0.0003  0.2917 0 
 44.3580 -0.7277  0.9338  0.0213  0.3487  0.1082  0.7927  0.2680 -0.0003  0.6590 0 
 56.9528  0.5488  2.2075  0.2068  0.1187  0.0381  0.2066  0.1483 -0.0003  0.6693 1 
 48.6244 -0.5684 -0.9427  0.1064  0.2848  0.0439  0.4299  0.4518 -0.0003  0.9174 1 
 48.0293  0.1667 -2.4031  0.0579  0.2965  0.1104  0.4313  0.0810 -0.0003  0.3849 0 
 45.9571 -0.1611  0.7300  0.0211  0.2754  0.0721  0.5236  0.0242  0.3265  0.4790 0 
 40.9277 -0.2955  0.8210  0.0087  0.2418  0.0913  0.4049  0.0305 -0.0003  0.1373 0 
 35.3765  0.2947 -2.3242  0.0803  0.0626  0.0268  0.3746  0.0563 -0.0003  0.1074 0 
 49.2409  0.5906 -0.6203  0.0818  0.2970  0.1982  0.2571  0.0191 -0.0003  0.3894 0 
 39.7803 -0.5737  2.4630  0.0130  0.1712  0.0219  0.2721  0.1341 -0.0003  0.0829 0 
 48.7831  0.0406 -2.8576  0.0013  0.1189  0.0418  0.5155  0.0235  0.1146  0.1323 0 
 44.7974 -0.0423  0.2837  0.0161  0.3725  0.0251  0.2635  0.1419 -0.0003  0.1747 0 
 48.0385 -0.6700 -1.1003  0.4516  0.7567  0.0934  0.3019  0.3796 -0.0003  0.9969 1 
 46.2196  0.6641  2.0589  0.6329  0.4655  0.0598  0.6099  0.8195 -0.0003  0.9985 1 
 46.0334  0.7197  0.7170  0.0490  0.1983  0.0287  0.3925  0.0798 -0.0003  0.1844 0 
 44.9470 -0.7243 -2.4096  0.0544  0.4454  0.0395  0.3072  0.0379 -0.0003  0.3350 0 
 45.2094 -0.7115 -0.6288  0.1786  0.1754  0.0414  0.3944  0.3160 -0.0003  0.8868 1 
 33.7499  0.7497  2.5031  0.2055  0.3261  0.0176  0.1898  0.1783 -0.0003  0.6112 1 
 47.4617  0.7038 -1.1587  0.0026  0.5586  0.0769  0.5192  0.1671 -0.0003  0.3095 0 
 46.5431 -0.7162  1.9535  0.0559  0.3981  0.0078  0.1305  0.0148 -0.0003  0.1363 0 
 52.9885 -0.7495 -0.5769  0.0756  0.3949  0.0368  0.2524  0.1058 -0.0003  0.4473 0 
 46.5858  0.7461  2.5437  0.0156  0.6597  0.1163  0.1304  0.0150 -0.0003  0.2724 0 
 44.2329  0.7931  0.2712  0.0091  0.2237  0.0859  0.2203  0.0049 -0.0003  0.1607 0 
 33.8872 -0.7937 -2.8209  0.1680  0.2969  0.0626  0.3792  0.0808 -0.0003  0.6509 0 
 43.6011 -0.5434  1.0223  0.0221  0.1440  0.0272  0.2212  0.0124 -0.0003  0.0604 0 
 36.4691  0.5254 -2.0809  0.0370  0.2648  0.0451  0.2322  0.0084 -0.0003  0.2000 0 
 58.6374 -0.5439 -1.2034  0.1213  0.4062  0.0655  0.2051  0.0473 -0.0003  0.6658 0 
 48.5969  0.5598  1.9425  0.0122  0.2914  0.1200  0.3870  0.0041 -0.0003  0.1632 0 
 48.0995  0.1158 -0.8390  0.4362  0.2047  0.0710  0.4312  0.3244 -0.0003  0.9921 1 
 46.9093 -0.1028  2.2554  0.0567  0.5851  0.0344  0.5208  0.1180 -0.0003  0.5658 1 
 45.5329  0.0150  2.9958  0.1050  0.6311  0.0862  0.4374  0.0146 -0.0003  0.5344 0 
 33.8567 -0.0176 -0.1825  0.0083  0.3684  0.0283  0.4267  0.0755 -0.0003  0.1298 0 
 44.0375  0.5771  0.2419  0.0264  0.4632  0.0211  0.1765  0.0093 -0.0003  0.1601 0 
 41.1017 -0.5881 -2.8949  0.0179  0.2479  0.0428  0.1798  0.0407  0.0892  0.3078 0 
 44.8463 -0.7730  0.4661  0.2585  0.3859  0.0427  0.5269  0.2700 -0.0003  0.9711 1 
 43.7385  0.7725 -2.6470  0.0604  0.6639  0.0633  0.3536  0.0192 -0.0003  0.4270 1 
 64.4541 -0.5838  2.1905  0.0660  0.3073  0.1045  0.2806  0.0267 -0.0003  0.3618 0 
 57.6913  0.5997 -0.9286  0.0054  0.0803  0.0431  0.1236  0.0833 -0.0003  0.0769 0 
 48.0110 -0.6049 -0.2607  0.1558  0.2676  0.0993  0.3882  0.3605 -0.0003  0.9638 0 
 34.0307  0.6631  2.8789  0.0864  0.0761  0.0467  0.1420  0.0362  0.1253  0.3544 0 
 41.1719 -0.1633  2.2990  0.0311  0.5025  0.0377  0.3593  0.0351 -0.0003  0.2521 0 
 38.2635  0.1390 -0.8145  0.0047  0.3438  0.0586  0.4124  0.0751  0.3478  0.6218 0 
 49.0242 -0.6716  2.0020  0.0151  0.3260  0.0326  0.3003  0.0866  0.0218  0.1680 0 
 45.2155  0.6668 -1.1331  0.0525  0.5421  0.0388  0.2629  0.0716 -0.0003  0.3760 0 
 50.4463 -0.6488 -1.6188  0.0218  0.6231  0.0725  0.2981  0.0038 -0.0003  0.2452 0 
 46.3661  0.6384  1.5122  0.0055  0.2950  0.0768  0.1741  0.0126 -0.0003  0.2312 0 
 44.6815  0.5674  3.0718  0.0071  0.6606  0.0228  0.1758  0.0649 -0.0003  0.1420 0 
 40.2716 -0.5793 -0.0682  0.0202  0.2969  0.0395  0.3615  0.0545 -0.0003  0.1459 0 
 49.9123 -0.2647 -2.7794  0.1702  0.4464  0.0247  0.2563  0.1326 -0.0003  0.6420 0 
 42.4811  0.2665  0.3412  0.0701  0.2486  0.0336  0.5791  0.0080  0.2753  0.6433 0 
 48.5267  0.2543  0.9188  0.0255  0.3925  0.1259  0.3011  0.0954 -0.0003  0.3248 0 
 47.3243 -0.2689 -2.2337  0.0088  0.1598  0.0219  0.3031  0.0046 -0.0003  0.0518 0 
 49.9886  0.2918 -0.0960  0.0745  0.6849  0.0600  0.5123  0.0930 -0.0003  0.5965 0 
 40.3998 -0.2838  3.0454  0.2246  0.3159  0.0390  0.5418  0.2097 -0.0003  0.9300 0 
 44.7791  0.7349 -1.9120  0.2714  0.3506  0.0340  0.3075  0.4533 -0.0003  0.9883 1 
 41.4771 -0.7224  1.2092  0.1241  0.5312  0.0450  0.2242  0.1931  0.4682  0.9975 1 
 42.5299 -0.1660  0.2512  0.0082  0.3247  0.1332  0.6234  0.0934 -0.0003  0.2699 0 
 40.9766  0.1327 -2.9014  0.0149  0.4721  0.0127  0.1350  0.0150 -0.0003  0.1255 0 
 64.3778  0.5784  0.6906  0.0667  0.1124  0.0552  0.2807  0.0735 -0.0003  0.1594 0 
 35.5810 -0.5926 -2.4171  0.0154  0.3377  0.0175  0.2338  0.0120 -0.0003  0.0889 0 
 47.4159  0.6897  2.8610  0.2990  0.2782  0.0311  0.5626  0.6373 -0.0003  0.9978 1 
 43.9551 -0.7055 -0.2320  0.1235  0.6799  0.0388  0.2207  0.0983  0.3540  0.9796 1 
 46.9154 -0.6207 -1.2416  0.4506  0.4993  0.1140  0.4340  0.3785  0.6554  0.9999 1 
 43.5462  0.6105  1.8873  0.1730  0.3731  0.0343  0.3983  0.4316 -0.0003  0.9673 1 
 53.5683  0.0201 -1.3535  0.0001  0.1652  0.1190  0.2937  0.0651 -0.0003  0.0929 0 
 45.2796 -0.0077  1.7950  0.0227  0.1217  0.0316  0.2628  0.1672 -0.0003  0.1326 0 
 44.6265  0.6956  0.0126  0.0630  0.2633  0.1205  0.3078  0.0406 -0.0003  0.3298 0 
 38.8342 -0.6858 -3.1352  0.0014  0.7108  0.0624  0.5933  0.0047  0.0794  0.2409 0 
 45.0904 -0.1976 -1.7926  0.0169  0.1490  0.0428  0.3946  0.1259 -0.0003  0.1338 0 
 43.8453  0.1937  1.3026  0.0125  0.3267  0.1494  0.4417  0.0810 -0.0003  0.2324 0 
 46.7872  0.6716 -2.6188  0.0336  0.2729  0.0192  0.3040  0.0338 -0.0003  0.0930 0 
 34.7906 -0.6643  0.5198  0.0360  0.1950  0.0479  0.2823  0.0212 -0.0003  0.1389 0 
 51.9600 -0.5983 -0.2370  0.0042  0.2073  0.0347  0.2959  0.0347 -0.0003  0.0630 0 
 38.9349  0.5803  2.9254  0.0289  0.5453  0.1136  0.2736  0.0148 -0.0003  0.2539 0 
 45.4902  0.5266 -1.4430  0.1025  0.4762  0.0309  0.2187  0.0432 -0.0003  0.4535 0 
 31.8822 -0.5723  1.6922  0.0471  0.5564  0.0523  0.5789  0.0986 -0.0003  0.4541 0 
 45.6733 -0.5617  0.7483  0.0195  0.1703  0.0305  0.3496  0.0043 -0.0003  0.0814 0 
 44.9683  0.5638 -2.3900  0.0091  0.3201  0.0253  0.3072  0.0197 -0.0003  0.0840 0 
 47.9133  0.6224 -0.5101  0.0209  0.8180  0.0751  0.3884  0.0222 -0.0003  0.2877 1 
 44.6998 -0.6528  2.6510  0.0328  0.4647  0.0369  0.4834  0.0252 -0.0003  0.2785 1 
 53.0892  0.7799 -1.0644  0.0765  0.5895  0.0231  0.2523  0.1430  0.1795  0.7078 0 
 44.8981 -0.7788  2.0762  0.0875  0.1647  0.0145  0.1317  0.0441 -0.0003  0.1291 0 
 51.4870 -0.3387 -2.5918  0.1523  0.5252  0.0368  0.5084  0.1758 -0.0003  0.8833 1 
 41.5412  0.3362  0.5699  0.5530  0.4949  0.1022  0.5377  0.2269 -0.0003  0.9838 1 
 49.9519  0.4455  2.3220  0.0836  0.4540  0.0024  0.1281  0.0289 -0.0003  0.1637 0 
 48.9357 -0.4470 -0.8076  0.0192  0.1174  0.0706  0.3434  0.0612 -0.0003  0.0969 0 
 50.3395 -0.7210 -2.0681  0.0098  0.3494  0.0270  0.1705  0.0052 -0.0003  0.1428 0 
 43.6072  0.7045  1.0741  0.0028  0.2654  0.0150  0.2212  0.0206  0.1655  0.3505 0 
 64.9516  0.7005 -2.7027  0.0598  0.1424  0.0179  0.1200  0.0130 -0.0003  0.0923 0 
 46.7414 -0.6916  0.4485  0.0315  0.0376  0.0262  0.3475  0.0169  0.0440  0.0924 0 
 54.3526 -0.4149 -2.7033  0.2888  0.1773  0.1401  0.3762  0.3242 -0.0003  0.9888 0 
 45.7771  0.3965  0.4329  0.0329  0.7463  0.0126  0.3494  0.0172  0.1276  0.3809 0 
 51.2581 -0.4168 -1.1182  0.0058  0.2155  0.0139  0.1273 -0.0004 -0.0003  0.0770 0 
 42.3926  0.4190  2.0133  0.0365  0.5695  0.0250  0.3120  0.0529 -0.0003  0.2039 0 
 44.4068  0.4484  0.8820  0.7789  0.7196  0.0226  0.4402  0.7303 -0.0003  0.9982 1 
 40.7752 -0.4560 -2.2376  0.0071  0.1691  0.0389  0.1801  0.0375 -0.0003  0.0708 1 
 49.4972  0.0879 -0.1851  0.0176  0.2244  0.0479  0.4280  0.0715 -0.0003  0.1537 0 
 41.7609 -0.0833  2.9007  0.0056  0.3831  0.0769  0.4475  0.1100 -0.0003  0.2169 0 
 45.0935  0.4062 -2.5556  0.2391  0.4519  0.0392  0.2631  0.0779  0.2678  0.9516 1 
 30.3136 -0.3662  0.6203  0.0915  0.6133  0.0381  0.2448  0.1097  0.1865  0.7547 1 
 45.4353 -0.0368  0.4763  0.0172  0.6005  0.1034  0.6126  0.0544 -0.0003  0.2707 0 
 39.5270  0.0597 -2.6710  0.1053  0.5111  0.0940  0.6813  0.0189 -0.0003  0.5163 0 
 48.0720 -0.7263  2.5941  0.0228  0.2373  0.0535  0.2156  0.0078 -0.0003  0.1701 0 
 43.8727  0.7220 -0.5798  0.0315  0.3246  0.0416  0.5300  0.1857 -0.0003  0.4170 0 
 45.8564 -0.1777  0.6570  0.0016  0.1738  0.0602  0.1310  0.0710 -0.0003  0.1285 0 
 45.8320  0.1907 -2.4802  0.0382  0.6978  0.1081  0.6549  0.0309 -0.0003  0.3260 0 
 48.0720 -0.3260 -0.1785  0.0246  0.3788  0.1310  0.5606  0.0618 -0.0003  0.2806 0 
 44.3397  0.3209  2.9409  0.0341  0.3272  0.0091  0.1321  0.0074 -0.0003  0.1198 0 
 46.8971 -0.4556  1.2542  0.0050  0.4260  0.0840  0.6510  0.1860 -0.0003  0.3327 0 
 43.3692  0.4525 -1.8789  0.0252  0.3166  0.0276  0.4430  0.0508 -0.0003  0.1679 0 
 42.6459 -0.5016 -0.4983  0.0174  0.1539  0.0154  0.2225  0.0193 -0.0003  0.0437 0 
 41.4862  0.4995  2.6510  0.0103  0.4816  0.0272  0.5379  0.0203 -0.0003  0.1855 0 
 46.6163  0.6608  2.4050  0.0075  0.4175  0.1035  0.5651  0.0275 -0.0003  0.2006 0 
 46.4393 -0.6918 -0.7292  0.0395  0.4606  0.0841  0.4786  0.0478 -0.0003  0.3043 0 
 47.9255  0.7289  1.8828  0.0570  0.7691  0.0102  0.2589  0.1011 -0.0003  0.2939 0 
 32.1202 -0.7161 -1.2441  0.1055  0.1037  0.0264  0.3369  0.0829 -0.0003  0.2026 0 
 36.8872 -0.7246  2.7707  0.1143  0.1236  0.0318  0.2777  0.1685  0.3999  0.9915 1 
 22.6566  0.7357 -0.3869  0.1209  0.4661  0.0287  0.2141  0.2706 -0.0003  0.7441 1 
 101.0727  0.4508 -1.6817  0.0298  0.1478  0.0449  0.3618  0.0469  0.0089  0.1196 0 
 46.3050 -0.4683  1.4684  0.0024  0.2870  0.0146  0.2177  0.0551 -0.0003  0.0570 0 
 48.5664 -0.3321  2.0742  0.3302  0.6739  0.0319  0.3871  0.1954 -0.0003  0.9430 0 
 42.4475  0.3458 -1.0817  0.1165  0.1428  0.0188  0.2228  0.0851 -0.0003  0.2034 0 
 41.6114  0.7584  2.5374  0.0091  0.1020  0.0378  0.3583  0.1212 -0.0003  0.0844 0 
 39.1028 -0.7400 -0.6742  0.0037  0.6177  0.0858  0.5466  0.0678 -0.0003  0.2318 0 
 51.9966  0.1168 -2.3484  0.0562  0.7641  0.2336  0.4227  0.0203 -0.0003  0.3396 0 
 46.5003 -0.1056  0.7945  0.0042  0.3922  0.0166  0.1740  0.0298 -0.0003  0.0952 0 
 49.8207  0.1507 -0.7388  0.0056  0.3080  0.0930  0.4273  0.0161 -0.0003  0.1516 0 
 44.6937 -0.1770  2.4167  0.0446  0.4635  0.0560  0.3077  0.1564 -0.0003  0.5642 0 
 46.4454 -0.1754 -0.0460  0.0710  0.3457  0.1582  0.2611  0.0175 -0.0003  0.3617 0 
 36.2615  0.1601  3.0715  0.0628  0.3743  0.0463  0.4651  0.1589 -0.0003  0.5715 0 
 47.0741 -0.7057  1.8135  0.0281  0.6184  0.0270  0.3035  0.0493 -0.0003  0.1914 0 
 45.3864  0.7017 -1.3309  0.0014  0.1294  0.0218  0.1751  0.0362 -0.0003  0.0431 0 
 49.4575  0.7660 -1.7890  0.0428  0.2048  0.0471  0.2141  0.0436 -0.0003  0.1666 0 
 46.0853 -0.7625  1.3946  0.0195  0.1605  0.0208  0.1308  0.1140 -0.0003  0.1032 0 
 49.1585  0.1033 -2.0103  0.1432  0.5454  0.0241  0.4716  0.0090 -0.0003  0.6736 0 
 44.9744 -0.1220  1.1319  0.0111  0.1826  0.0358  0.2194  0.0453 -0.0003  0.0674 0 
 48.7068 -0.0894 -1.0785  0.0420  0.1822  0.0488  0.2579  0.0186 -0.0003  0.1444 0 
 44.7425  0.1091  2.0656  0.0102  0.5950  0.0562  0.1318 -0.0009 -0.0003  0.3829 0 
 53.2387  0.7311 -2.5453  0.0081  0.3751  0.1192  0.5882  0.0513 -0.0003  0.2228 0 
 49.0517 -0.7095  0.5812  0.0176  0.1220  0.0329  0.2145  0.0081 -0.0003  0.0636 0 
 45.9266 -0.5351 -2.0100  0.0447  0.2051  0.0201  0.1745  0.0154 -0.0003  0.0989 0 
 44.8157  0.5064  1.1818  0.0405  0.3624  0.0492  0.4392  0.0150 -0.0003  0.2782 0 
 50.0771  0.2442 -0.4607  0.0041  0.5146  0.0649  0.2560  0.0413 -0.0003  0.2399 1 
 31.0063 -0.2333  2.6477  0.1322  0.2586  0.0479  0.6322  0.0997 -0.0003  0.7250 1 
 31.0155  0.4708  0.6882  0.0053  0.6098  0.0262  0.4376  0.1345  0.0932  0.4144 0 
 30.1213 -0.4785 -2.3716  0.2401  0.1966  0.0664  0.2452  0.1942  0.1821  0.9308 0 
 45.6367 -0.7858  0.9911  0.0100  0.5501  0.0433  0.2185  0.0809 -0.0003  0.2267 0 
 45.1850  0.7896 -2.1223  0.0093  0.2914  0.5051  0.3506  0.0703 -0.0003  0.2746 0 
 49.3721 -0.7765 -1.5184  0.0541  0.0941  0.1442  0.1713  0.0434 -0.0003  0.1223 0 
 44.7120  0.7953  1.6588  0.1378  0.3313  0.0468  0.4395  0.1008 -0.0003  0.6686 0 
 51.2917 -0.7826 -0.4001  0.3963  0.1129  0.0930  0.4241  0.2691  0.2542  0.9929 1 
 50.8034  0.7613  2.7420  0.0229  0.7817  0.0477  0.3827  0.0501 -0.0003  0.3043 1 
 43.4974 -0.1014 -0.3345  0.0723  0.2779  0.0460  0.1771  0.0490 -0.0003  0.3324 0 
 40.0885  0.0976  2.8154  0.0574  0.3100  0.0317  0.2262  0.0165 -0.0003  0.2194 0 
 48.0507 -0.2640 -0.3768  0.0616  0.3024  0.0850  0.4313  0.2868 -0.0003  0.7290 0 
 41.9226  0.2397  2.7097  0.0419  0.1734  0.0855  0.2235  0.0475 -0.0003  0.1990 0 
 48.0934 -0.0900  1.6959  0.0867  0.1864  0.0352  0.2587  0.0533 -0.0003  0.2272 0 
 40.7752  0.0800 -1.4396  0.0162  0.4585  0.0183  0.2702  0.0469 -0.0003  0.1025 0 
 48.3345 -0.4419 -1.4249  0.0052  0.5152  0.2311  0.3445  0.1436 -0.0003  0.3689 0 
 45.8473  0.4872  1.7010  0.0297  0.7390  0.0418  0.2619  0.0596 -0.0003  0.3254 0 
 52.1736 -0.4537 -3.0542  0.1042  0.6084  0.0853  0.3800  0.3129 -0.0003  0.9450 1 
 49.6590  0.4554  0.1166  0.0247  0.5133  0.1445  0.5987  0.0208 -0.0003  0.2650 1 
 45.7984 -0.3412 -1.8502  0.0169  0.1473  0.0453  0.5677  0.0361 -0.0003  0.1476 0 
 39.7742  0.3385  1.2949  0.0183  0.0540  0.0905  0.2267  0.0150 -0.0003  0.0762 0 
 45.8534  0.1996 -0.7975  0.0041  0.2119  0.0777  0.4802  0.1401 -0.0003  0.1816 0 
 45.4719 -0.1754  2.3302  0.0168  0.4169  0.0287  0.3938  0.0352  0.1270  0.3633 0 
 46.4515 -0.6441  0.8670  0.0228  0.6115  0.0204  0.3480  0.0505 -0.0003  0.1535 0 
 28.3330  0.6799 -2.3162  0.0356  0.2446  0.0297  0.3995  0.1473  0.0054  0.2671 0 
 46.9612  0.3138 -1.0430  0.0480  0.4465  0.0057  0.2169  0.0109 -0.0003  0.1194 0 
 46.8055 -0.3112  2.1162  0.0422  0.2047  0.2496  0.3040 -0.0200 -0.0003  0.1868 0 
 73.1365 -0.7278 -0.5250  0.0464  0.3934  0.0470  0.2335  0.0974 -0.0003  0.3720 0 
 49.6956  0.6995  2.6124  0.0552  0.2836  0.0811  0.3420  0.0403  0.2648  0.5753 0 
 52.2347 -0.5472  0.8501  0.5444  0.3873  0.0490  0.2955  0.3271 -0.0003  0.9950 1 
 38.7854  0.5455 -2.2602  0.3731  0.2248  0.0714  0.3652  0.4083  0.4594  0.9998 1 
 45.4047  0.2586 -1.6394  0.0054  0.1117  0.0309  0.3064  0.0280 -0.0003  0.0484 0 
 45.1087 -0.2165  1.4798  0.0162  0.2983  0.0425  0.2630  0.0202 -0.0003  0.1399 0 
 49.2348  0.0395 -0.1624  0.0569  0.3046  0.0549  0.4286  0.0770 -0.0003  0.3809 0 
 35.8526 -0.0325  3.0059  0.0018  0.2566  0.0253  0.1866  0.0242 -0.0003  0.0710 0 
 45.0721 -0.4428  0.8328  0.0099  0.3955  0.0109  0.3070  0.0229 -0.0003  0.0704 0 
 42.5483  0.4505 -2.3238  0.0388  0.2579  0.0855  0.4453  0.1193 -0.0003  0.3483 0 
 52.8298 -0.3931  0.4954  0.0154  0.3373  0.0761  0.5473  0.2166 -0.0003  0.3794 0 
 44.3091  0.4295 -2.6698  0.0329  0.2537  0.0265  0.2643  0.0742 -0.0003  0.1154 0 
 40.6775 -0.5950 -0.2782  0.0234  0.2846  0.2299  0.2253  0.0119 -0.0003  0.2153 0 
 36.1639  0.5946  2.8561  0.0443  0.1141  0.0361  0.2327  0.0082 -0.0003  0.0830 0 
 52.9824  0.4512 -1.3051  0.1032  0.3756  0.1682  0.6310  0.1260 -0.0003  0.7012 0 
 48.6549 -0.4419  1.8548  0.0025  0.1202  0.0091  0.1290  0.0241 -0.0003  0.0409 0 
 58.1064 -0.4071  1.7101  0.0182  0.1775  0.1209  0.2466  0.0554 -0.0003  0.1403 0 
 46.9459  0.4172 -1.4594  0.0067  0.4000  0.0447  0.4339  0.0598 -0.0003  0.1642 0 
 48.2307 -0.5956  2.7507  0.0160  0.3626  0.0159  0.2154  0.0737 -0.0003  0.0962 0 
 46.1463  0.5998 -0.3917  0.2299  0.2666  0.0387  0.2179  0.3010 -0.0003  0.9081 0 
 49.2348 -0.4366 -1.2088  0.5910  0.2812  0.0858  0.3429  0.5041 -0.0003  0.9970 1 
 39.5636  0.4153  1.9036  0.1193  0.1511  0.0505  0.2724  0.1265 -0.0003  0.4741 1 
 41.2207 -0.4249  2.9206  0.0281  0.5787  0.1022  0.4042  0.0184 -0.0003  0.2506 0 
 39.9115  0.4185 -0.2231  0.0770  0.4308  0.0301  0.2718  0.0244 -0.0003  0.3443 0 
 47.8798 -0.7955 -2.0794  0.0206  0.1489  0.0916  0.3453  0.0059 -0.0003  0.1074 0 
 36.5881  0.7964  1.0559  0.0200  0.6919  0.0359  0.5103  0.0263 -0.0003  0.2468 0 
 45.5268  0.4080  0.3979  0.0395  0.2041  0.0901  0.4811  0.0823 -0.0003  0.2786 0 
 44.2847 -0.4035 -2.7355  0.0073  0.1746  0.0420  0.2203  0.0201 -0.0003  0.0752 0 
 49.9031  0.3304  1.8015  0.0065  0.1547  0.1223  0.4271  0.1929 -0.0003  0.1964 0 
 40.2838 -0.3366 -1.3433  0.0313  0.6594  0.0442  0.2711  0.0746  0.0826  0.5453 0 
 46.9032  0.1719  1.5589  0.0119  0.2344  0.1776  0.5208  0.0320 -0.0003  0.1952 0 
 46.4729 -0.1930 -1.5791  0.0331  0.1261  0.0339  0.2175  0.0585 -0.0003  0.0720 0 
 46.2837  0.3979  2.9803  0.2759  0.0796  0.0373  0.2178  0.2924 -0.0003  0.8880 0 
 44.1260 -0.3940 -0.1707  0.0785  0.4940  0.0199  0.3528  0.0832 -0.0003  0.3744 0 
 48.2094  0.6725  0.6976  0.0126  0.4758  0.0421  0.3878  0.0231 -0.0003  0.1856 0 
 46.8330 -0.6779 -2.4769  0.0040  0.1672  0.0244  0.3908  0.1689 -0.0003  0.1085 0 
 48.1331  0.6061 -1.5729  0.1044  0.3646  0.1879  0.4742  0.0475 -0.0003  0.4609 0 
 45.1667 -0.5995  1.5410  0.0237  0.6160  0.0222  0.4383  0.0552 -0.0003  0.2090 0 
 52.6162 -0.8106 -0.5624  0.3501  0.4124  0.0508  0.2107  0.3007 -0.0003  0.9845 1 
 46.8086  0.7882  2.5396  0.1234  0.1747  0.0383  0.3040  0.1861 -0.0003  0.5966 1 
 49.7261  0.7232 -2.2529  0.0417  0.4202  0.1516  0.5130  0.1282 -0.0003  0.4110 0 
 43.8880 -0.7155  0.9087  0.0563  0.3557  0.1106  0.5741  0.0286 -0.0003  0.3593 0 
 49.6132  0.2860 -1.0640  0.1084  0.5445  0.0607  0.4705  0.1561 -0.0003  0.8037 1 
 46.7018 -0.2927  2.0297  0.1157  0.5345  0.0483  0.5648  0.0620  0.1904  0.8221 1 
 46.5919 -0.0777  1.9850  0.6096  0.2817  0.0770  0.4782  0.4312 -0.0003  0.9949 1 
 41.7761  0.0469 -1.1575  0.2927  0.6980  0.0517  0.1790  0.2213  0.2816  0.9682 1 
 39.7803 -0.0437  2.5017  0.2171  0.4325  0.0767  0.4987  0.1606 -0.0003  0.9135 1 
 37.2412  0.0441 -0.7032  0.1928  0.3938  0.0276  0.2308  0.3395 -0.0003  0.8927 1 
 52.7138  0.7148  1.2090  0.0319  0.6444  0.0326  0.2949  0.0092 -0.0003  0.2694 0 
 46.5797 -0.7237 -1.8949  0.0218  0.4370  0.1514  0.5217 -0.0200 -0.0003  0.2193 0 
 45.9083  0.1865 -2.4856  0.4807  0.7135  0.0582  0.5673  0.4976 -0.0003  0.9964 1 
 29.2332 -0.1846  0.6413  0.1321  0.6685  0.0636  0.5442  0.0571 -0.0003  0.7292 1 
 45.8381  0.4182 -2.9472  0.3365  0.1898  0.0537  0.3056  0.2314  0.2306  0.9857 1 
 39.3500 -0.4089  0.1794  0.3571  0.5107  0.0355  0.4092  0.3332 -0.0003  0.9870 1 
 54.9844  0.6270  3.0907  0.0083  0.8073  0.1712  0.4585  0.0090 -0.0003  0.2658 0 
 44.6815 -0.6072 -0.0845  0.0009  0.6339  0.0158  0.3077  0.0902 -0.0003  0.1106 0 
 56.4401 -0.1372 -0.4567  0.0231  0.4777  0.0760  0.4555  0.0781 -0.0003  0.2755 0 
 45.3498  0.1712  2.6515  0.0307  0.3644  0.0373  0.3502  0.0156 -0.0003  0.2029 0 
 54.7036 -0.5042  2.7616  0.0028  0.2360  0.1333  0.6260  0.0168 -0.0003  0.1782 0 
 44.6754  0.4968 -0.4001  0.0078  0.5909  0.0255  0.4396  0.0266 -0.0003  0.1516 0 
 40.6104  0.6531  0.2595  0.1285  0.1595  0.0336  0.4058  0.1755 -0.0003  0.6023 0 
 40.1526 -0.6817 -2.8762  0.0333  0.2085  0.0405  0.4522  0.0279 -0.0003  0.1719 0 
 52.3568 -0.5028 -3.0211  0.0507  0.2412  0.0522  0.2954  0.0091 -0.0003  0.2285 0 
 46.3203  0.5100  0.1437  0.0161  0.6435  0.0344  0.5225  0.0092 -0.0003  0.2180 0 
 48.8655  0.6058 -2.9192  0.0353  0.1551  0.0414  0.3435  0.0772 -0.0003  0.1271 0 
 36.9238 -0.6313  0.2734  0.0080  0.0465  0.0297  0.1388  0.0059 -0.0003  0.0628 0 
 43.4150 -0.3588  2.9714  0.3746  0.7892  0.0458  0.4429  0.2967  0.3098  0.9973 1 
 40.0519  0.3514 -0.1667  0.3791  0.5575  0.0671  0.5431  0.5504 -0.0003  0.9978 1 
 60.0290 -0.1783  2.7079  0.0139  0.1112  0.0327  0.2447  0.1060 -0.0003  0.0688 0 
 43.7049  0.1884 -0.4291  0.0255  0.5290  0.0680  0.3537  0.0693 -0.0003  0.3057 0 
 55.4147 -0.2146 -2.2894  0.0062  0.0690  0.0131  0.1664  0.0049 -0.0003  0.0432 0 
 46.6102  0.2302  0.8938  0.0647  0.1843  0.0627  0.2608  0.1175 -0.0003  0.3530 0 
 49.7169 -0.7000  2.7123  0.0024  0.2587  0.1246  0.2565  0.0118 -0.0003  0.1465 0 
 47.6875  0.6957 -0.4720  0.0050  0.3074  0.0447  0.6482  0.1085  0.0598  0.3136 0 
 47.8675  0.1597 -3.0536  0.2560  0.6083  0.0625  0.3022  0.2730 -0.0003  0.9801 1 
 46.1036 -0.1352  0.1047  0.2968  0.4848  0.0634  0.3487  0.4715  0.5469  0.9998 1 
 51.1147 -0.6788  1.8364  0.0312  0.5440  0.0309  0.5094  0.1063 -0.0003  0.3777 0 
 47.3060  0.6753 -1.3073  0.0000  0.0143  0.0265  0.0866  0.0042 -0.0003  0.0722 0 
 51.7830 -0.5484 -0.7586  0.0513  0.7622  0.0642  0.2539  0.0372 -0.0003  0.5204 0 
 45.3803  0.5698  2.4121  0.0063  0.2495  0.0095  0.2189  0.0544 -0.0003  0.0482 0 
 45.6306 -0.3757 -1.2931  0.0119  0.5187  0.0157  0.4371  0.0340 -0.0003  0.1237 0 
 39.6826  0.4035  1.8559  0.0066  0.4113  0.0416  0.2268  0.0762 -0.0003  0.1650 0 
 49.8085 -0.5261  2.1209  0.0273  0.5091  0.0434  0.5555  0.0213 -0.0003  0.2670 0 
 44.9500  0.5435 -1.0891  0.0024  0.4032  0.2107  0.4827  0.0425  0.5124  0.5269 0 
 52.9488  0.5506 -0.1039  0.0892  0.2576  0.0276  0.2945  0.1055  0.0558  0.5128 0 
 50.3059 -0.5697  3.0384  0.1017  0.4275  0.0861  0.4688  0.0439 -0.0003  0.4967 0 
 43.0243  0.7175  0.9440  0.0033  0.4161  0.0446  0.3551  0.0108 -0.0003  0.1562 0 
 27.4968 -0.7316 -2.1854  0.0078  0.3883  0.0196  0.3024  0.1693 -0.0003  0.1649 0 
 55.3170  0.2322 -2.4171  0.0250  0.3172  0.1855  0.7491  0.0117 -0.0003  0.3261 0 
 49.4118 -0.1855  0.7884  0.0087  0.3722  0.0104  0.2141  0.0219 -0.0003  0.0758 0 
 53.1594  0.7367  0.5411  0.0149  0.1263  0.0284  0.2102  0.0473 -0.0003  0.0506 0 
 40.2594 -0.7199 -2.5962  0.0000  0.2984  0.0059  0.0452 -0.0200 -0.0003  0.1863 0 
 49.0242  0.7141  0.4642  0.0146  0.5169  0.0433  0.5577  0.0251 -0.0003  0.2154 0 
 44.9836 -0.7125 -2.6817  0.0031  0.4744  0.0220  0.2633  0.0258 -0.0003  0.0988 0 
 47.6448 -0.5561  2.7044  0.2961  0.2164  0.0247  0.3025  0.1435 -0.0003  0.7318 1 
 44.2359  0.5119 -0.3880  0.4092  0.4767  0.0882  0.3525  0.2806 -0.0003  0.9933 1 
 39.1241  0.5595 -1.3004  0.2625  0.2485  0.0309  0.5465  0.2264 -0.0003  0.9422 1 
 38.1994 -0.5766  1.8319  0.1819  0.3701  0.0765  0.4585  0.1675 -0.0003  0.8862 1 
 46.0700  0.0604  2.0787  0.0629  0.2938  0.0129  0.3052  0.0521 -0.0003  0.1370 0 
 45.9968 -0.0724 -1.0718  0.0704  0.2963  0.0410  0.3053  0.0792 -0.0003  0.3517 0 
 42.5452 -0.3593 -0.8483  0.0705 -1.0000  0.0084  0.0445  0.0075 -0.0003  0.0951 0 
 41.7914  0.3540  2.2799  0.0417  0.2256  0.0397  0.3579  0.0469 -0.0003  0.1724 0 
 37.2717 -0.5389  0.3556  0.3608  0.7093  0.0194  0.3231  0.4343  0.1865  0.9959 1 
 26.9596  0.5728 -2.8123  0.5095  0.3635  0.0314  0.3041  0.3652 -0.0003  0.9949 1 
 44.9866 -0.5049  0.3256  0.4848  0.1563  0.0304  0.3071  0.5461 -0.0003  0.9938 1 
 39.6124  0.4991 -2.7797  0.3531  0.3899  0.0571  0.6809  0.2874  0.0672  0.9904 1 
 48.9662 -0.6429  1.1220  0.0061  0.1634  0.1120  0.2575  0.0201 -0.0003  0.0973 0 
 38.3490  0.6567 -2.0887  0.0702  0.3305  0.0362  0.0916  0.0546 -0.0003  0.3069 0 
 46.3233  0.0185 -0.7290  0.4540  0.2987  0.0373  0.5225  0.4167  0.1299  0.9988 1 
 45.3193  0.0004  2.4377  0.0708  0.2816  0.0226  0.3941  0.1937 -0.0003  0.4593 1 
 55.3567  0.0771  2.2045  0.0990  0.1702  0.0970  0.5825  0.1928 -0.0003  0.7521 1 
 40.8759 -0.0599 -0.9268  0.0161  0.3913  0.0175  0.2700  0.0482 -0.0003  0.0888 1 
 53.1563  0.1101  1.2905  0.1530  0.5362  0.0403  0.5464  0.1700 -0.0003  0.8910 1 
 39.5880 -0.0522 -1.8507  0.1302  0.6850  0.0321  0.6356  0.0704  0.1640  0.8191 1 
 42.3987  0.6028  0.7610  0.0868  0.5167  0.0450  0.3566  0.0950 -0.0003  0.6293 1 
 37.1862 -0.5893 -2.4075  0.5068  0.5917  0.0579  0.1848  0.2794  0.1188  0.9957 1 
 49.4057 -0.3511 -2.5788  0.2281  0.3582  0.0821  0.3854  0.2145 -0.0003  0.9532 1 
 45.0874  0.3532  0.5386  0.0390  0.2894  0.0745  0.2631  0.1369  0.4285  0.8341 1 
 45.6519  0.0550 -1.9983  0.2924  0.6695  0.0761  0.5245  0.5919 -0.0003  0.9980 1 
 44.6510 -0.0399  1.1605  0.3851  0.3686  0.0695  0.5275  0.3868 -0.0003  0.9955 1 
 51.2703  0.3867 -0.9849  0.6311  0.4683  0.0640  0.4666  0.5333 -0.0003  0.9975 1 
 48.3711 -0.3894  2.1953  0.1336  0.6202  0.1880  0.7319  0.1442 -0.0003  0.8437 1 
 48.7953 -0.0522  1.0686  0.0035  0.3539  0.0511  0.3866  0.0524  0.1018  0.2651 0 
 46.6133  0.0220 -2.1144  0.0006  0.7614  0.0392  0.2608  0.0746 -0.0003  0.1983 0 
 43.5920  0.7445 -2.7379  0.0026  0.7341  0.0297  0.4424  0.0954 -0.0003  0.1902 0 
 32.9412 -0.7105  0.4654  0.0058  0.1909  0.0770  0.1434  0.0032 -0.0003  0.1640 0 
 42.6886 -0.7005 -1.4009  0.0478  0.6125  0.0180  0.2224  0.0174 -0.0003  0.1885 0 
 40.1343  0.6956  1.7337  0.0285  0.2293  0.0404  0.4976  0.0997 -0.0003  0.2394 0 
 50.4494  0.5616 -2.4188  0.0385  0.3128  0.0617  0.7241  0.0093 -0.0003  0.3504 0 
 45.3193 -0.5544  0.7497  0.1751  0.8136  0.0380  0.5255  0.1949 -0.0003  0.9228 0 
 49.2897 -0.6880  2.9703  0.2932  0.6013  0.0612  0.2571  0.3682 -0.0003  0.9911 1 
 17.9599  0.7403 -0.1176  0.1145  0.5421  0.0199  0.4626  0.1920 -0.0003  0.7755 1 
 49.3019 -0.6808  1.0894  0.0057  0.4894  0.0435  0.4284  0.1612 -0.0003  0.3045 0 
 42.7497  0.6660 -2.0699  0.0208  0.1302  0.0109  0.3113  0.0081 -0.0003  0.0421 0 
 45.3254 -0.0615 -0.5406  0.0059  0.5930  0.0174  0.2190  0.0740 -0.0003  0.1180 0 
 42.2889  0.0733  2.6030  0.0422  0.1495  0.0453  0.1338  0.0298 -0.0003  0.1332 0 
 46.6468 -0.5209  2.4185  0.0433  0.7823  0.0443  0.3912  0.0945 -0.0003  0.4939 0 
 44.0070  0.5127 -0.7337  0.0395  0.3811  0.0568  0.2648  0.0689 -0.0003  0.3351 0 
 53.8796  0.4809  0.4812  0.0070  0.0705  0.0620  0.2094  0.0445 -0.0003  0.0731 0 
 47.5563 -0.4816 -2.6958  0.0270  0.3582  0.0245  0.1730  0.0070 -0.0003  0.1599 0 
 42.9267  0.0587 -2.1585  0.0565  0.1400  0.0365  0.3998  0.0258 -0.0003  0.1510 0 
 30.1244 -0.0481  0.9923  0.1175  0.2084  0.0356  0.2943  0.2067 -0.0003  0.6264 0 
 48.6793  0.6912 -2.3137  0.0297  0.3780  0.0210  0.2149  0.2557 -0.0003  0.3453 0 
 45.6092 -0.6976  0.8184  0.0697  0.2560  0.0781  0.3935  0.0345  0.0828  0.4653 0 
 47.3976 -0.5979  0.3372  0.1943  0.4318  0.0145  0.4328  0.1663 -0.0003  0.7512 1 
 42.0294  0.6417 -2.8291  0.1328  0.1967  0.2769  0.4467  0.1378 -0.0003  0.6524 1 
 51.5297  0.7754 -2.4697  0.0012  0.2090  0.0502  0.2118  0.1130  0.0353  0.1922 0 
 46.5858 -0.7547  0.6743  0.0411  0.1631  0.1017  0.4347  0.1700 -0.0003  0.3448 0 
 53.0770 -0.4467 -2.0420  0.0155  0.4854  0.0743  0.7148  0.0449  0.2087  0.5062 0 
 45.4597  0.4474  1.0871  0.0068  0.0643  0.0610  0.3938  0.0383 -0.0003  0.0701 0 
 44.3488  0.2306 -3.1003  0.1690  0.6644  0.1668  0.9248  0.1420 -0.0003  0.9292 1 
 37.5647 -0.2283  0.0139  0.4169  0.1986  0.0616  0.2763  0.2209 -0.0003  0.9739 1 
 48.1361 -0.0548 -1.1650  0.1779  0.4196  0.0882  0.4311  0.2469 -0.0003  0.9554 1 
 45.4627  0.0549  2.0004  1.0695  0.5266  0.0368  0.4375  0.9176 -0.0003  0.9981 1 
 54.1512 -0.7550 -0.7928  0.0350  0.2381  0.0702  0.2510  0.0263 -0.0003  0.2142 0 
 43.8727  0.7639  2.3398  0.0276  0.2335  0.0043  0.1767 -0.0001 -0.0003  0.0675 0 
 49.6407  0.5135 -2.3683  0.4117  0.5560  0.3174  0.7698  0.4936 -0.0003  0.9986 1 
 45.9571 -0.4902  0.7073  0.5715  0.6351  0.0678  0.2181  0.4571 -0.0003  0.9977 1 
 44.8127 -0.5841  0.4087  0.0051  0.2863  0.0242  0.2635  0.0103 -0.0003  0.0741 0 
 44.4862  0.5642 -2.7402  0.0067  0.1943  0.0635  0.5720  0.0119 -0.0003  0.1424 0 
 49.2012 -0.7149  1.5428  0.0526  0.1760  0.0926  0.5572  0.0412 -0.0003  0.3017 0 
 44.6387  0.7208 -1.5769  0.0124  0.0696  0.0073  0.1319  0.0186 -0.0003  0.0396 0 
 44.5228  0.6204  2.6631  0.0091  0.1861  0.0329  0.3519  0.0234 -0.0003  0.0694 0 
 32.9381 -0.6013 -0.4611  0.0031  0.5042  0.0176  0.2390  0.0388 -0.0003  0.0948 0 
 48.0964  0.3467 -0.0562  0.0087  0.3767  0.1331  0.5174  0.0552 -0.0003  0.2167 0 
 46.6712 -0.3423  3.0842  0.0296  0.4259  0.0416  0.1738  0.1357 -0.0003  0.3295 0 
 44.3793  0.3884  1.7574  0.5321  0.5039  0.0906  0.3082  0.4700 -0.0003  0.9978 1 
 37.9522 -0.4110 -1.3691  0.0845  0.2936  0.0647  0.3674  0.0486  0.4737  0.9671 1 
 51.6304  0.7677  2.1743  0.0205  0.3601  0.1323  0.5928  0.1929 -0.0003  0.4301 0 
 40.7385 -0.7348 -0.9579  0.0129  0.1559  0.0945  0.3154  0.0880 -0.0003  0.1222 0 
 47.7455  0.3680  0.8032  0.0292  0.4370  0.0532  0.3456  0.0836 -0.0003  0.3105 0 
 41.0071 -0.3833 -2.3575  0.0037  0.1624  0.0687  0.6296  0.0195 -0.0003  0.1384 0 
 48.9570  0.5437 -0.5646  0.0164  0.4102  0.1382  0.3434  0.1194 -0.0003  0.3159 0 
 41.8616 -0.5414  2.5861  0.1092  0.6318  0.0224  0.4025  0.0269 -0.0003  0.6037 0 
 43.1373  0.6898 -0.8958  0.0162  0.4105  0.0151  0.3106  0.0438 -0.0003  0.0865 0 
 39.9268 -0.6953  2.2854  0.0206  0.3730  0.0230  0.4982  0.0051 -0.0003  0.1853 0 
 57.9934  0.4892 -0.9913  0.0057  0.3650  0.0250  0.1645  0.0394 -0.0003  0.1119 0 
 47.7119 -0.5038  2.1425  0.0200  0.6360  0.0286  0.5185  0.0517 -0.0003  0.2531 0 
 44.6967 -0.3468 -2.3137  0.1256  0.3352  0.2646  0.4395  0.3200  0.6458  0.9877 1 
 40.5371  0.3373  0.8543  0.0293  0.4665  0.0727  0.1805  0.0148  0.5889  0.9934 1 
 47.5441  0.2770  1.1004  0.0074  0.3702  0.0760  0.3892  0.0262 -0.0003  0.1681 0 
 38.9380 -0.2641 -2.0266  0.0062  0.7791  0.0204  0.1824  0.0101 -0.0003  0.1544 0 
 48.6610  0.6894  0.4183  0.0300  0.1515  0.0372  0.3009  0.0283 -0.0003  0.0840 0 
 42.4720 -0.7026 -2.6656  0.0084  0.4470  0.0583  0.2673  0.0145 -0.0003  0.2235 0 
 47.0344 -0.7868 -1.4519  0.0362  0.3843  0.0505  0.3903  0.0244 -0.0003  0.2659 0 
 41.9043  0.7836  1.6777  0.0068  0.2336  0.0146  0.0894  0.0047  0.0388  0.1323 0 
 46.8940  0.0411 -2.5859  0.0239  0.2753  0.0849  0.2170  0.0486 -0.0003  0.2516 0 
 43.2380 -0.0269  0.5457  0.1392  0.5613  0.0262  0.6207  0.1723 -0.0003  0.8821 0 
 51.6060 -0.5057  2.2419  0.0389  0.7156  0.0469  0.1694  0.1751 -0.0003  0.5375 0 
 47.5380  0.4895 -0.9147  0.0187  0.3384  0.0630  0.5190  0.0620 -0.0003  0.2348 0 
 44.7883 -0.4097 -0.8771  0.0114  0.8058  0.0974  0.7028  0.1092 -0.0003  0.3914 0 
 30.5943  0.4568  2.2730  0.0122  0.3398  0.0265  0.1464  0.0203 -0.0003  0.1373 0 
 42.4628 -0.8003  2.9660  0.0219  0.2678  0.0545  0.3564  0.0977 -0.0003  0.2089 0 
 35.9106  0.7949 -0.2088  0.0029  0.2501  0.0513  0.3264  0.0816 -0.0003  0.1114 0 
 50.6233  0.4135 -0.1489  0.0186  0.1834  0.0290  0.2128  0.0153 -0.0003  0.0705 0 
 37.2564 -0.4283  3.0007  0.0346  0.3470  0.1061  0.2308  0.0163 -0.0003  0.2709 0 
 47.0253  0.7604 -0.4039  0.0411  0.1173  0.0268  0.3903  0.2029 -0.0003  0.2147 0 
 44.4923 -0.7553  2.7524  0.0051  0.7904  0.0292  0.3080  0.0977 -0.0003  0.1886 0 
 46.2623  0.4333  3.0960  0.7247  0.5227  0.0541  0.3049  0.5556 -0.0003  0.9980 1 
 45.7282 -0.3920 -0.0307  0.1577  0.3602  0.0556  0.1747  0.1757 -0.0003  0.8256 1 
 33.9117  0.7366 -1.9308  0.0760  0.4436  0.1109  0.2369  0.0800 -0.0003  0.5703 1 
 27.8447 -0.7281  1.1965  0.2436  0.8008  0.0181  0.4016  0.4063 -0.0003  0.9815 1 
 46.8666 -0.6936  0.6817  0.0323  0.4081  0.0544  0.5209  0.0367 -0.0003  0.2857 0 
 46.2715  0.6974 -2.4712  0.0088  0.4256  0.0514  0.2178  0.0792 -0.0003  0.2285 0 
 46.6499  0.3911  1.3017  0.0337  0.5317  0.0859  0.3911  0.0395 -0.0003  0.2800 0 
 41.5747 -0.3791 -1.8348  0.0227  0.4929  0.0316  0.4032  0.0408 -0.0003  0.2022 0 
 50.1625  0.5442  2.3081  0.0730  0.5396  0.0201  0.4266  0.0777 -0.0003  0.4484 0 
 40.8087 -0.5457 -0.7923  0.0076  0.2370  0.0999  0.1801  0.0806 -0.0003  0.2357 0 
 54.9325 -0.1746  2.6049  0.0619  0.0774  0.0647  0.4585  0.0136 -0.0003  0.1451 0 
 52.4269  0.1906 -0.5314  0.0007  0.4713  0.0333  0.2109  0.0154 -0.0003  0.1563 0 
 46.7720 -0.4105  2.8692  0.0024  0.0944  0.1605  0.4343  0.0131 -0.0003  0.0703 0 
 34.5617  0.4036 -0.2486  0.0000  0.1479  0.0261  0.3300  0.0777 -0.0003  0.0477 0 
 43.3387 -0.6521  2.1420  0.3139  0.4330  0.1012  0.1772  0.2639 -0.0003  0.9871 0 
 28.8212  0.6527 -0.9570  0.0427  0.3268  0.0304  0.2484  0.0829  0.1169  0.4676 0 
 51.1238 -0.6533  0.4347  0.0263  0.2992  0.1577  0.5094  0.0203 -0.0003  0.2373 0 
 50.9590  0.6399 -2.6828  0.0088  0.2290  0.0703  0.3823  0.0123 -0.0003  0.1311 0 
 46.3874  0.6021  0.4002  0.0077  0.2686  0.0675  0.3046  0.0305 -0.0003  0.1441 0 
 45.2461 -0.6068 -2.7464  0.0047  0.3716  0.0118  0.2629  0.0425 -0.0003  0.0635 0 
 47.3701  0.3656  1.0031  0.0013  0.1872  0.0364  0.1731  0.1583 -0.0003  0.1598 0 
 46.3661 -0.3521 -2.1687  0.0292  0.1378  0.0324  0.3482  0.0895 -0.0003  0.0979 0 
 55.0484 -0.6392 -1.7002  0.0144  0.2018  0.0695  0.6249  0.0025 -0.0003  0.1798 0 
 37.5952  0.6112  1.4076  0.0393  0.6189  0.0167  0.3684  0.0521 -0.0003  0.2007 0 
 45.2552  0.5208 -1.1147  0.0415  0.5249  0.0337  0.3942  0.0063 -0.0003  0.3066 0 
 39.3317 -0.5150  2.0100  0.0135  0.0837  0.0399  0.2729  0.0031 -0.0003  0.0650 0 
 50.4372  0.3206 -1.4892  0.0385  0.2296  0.0523  0.2556  0.0557 -0.0003  0.1911 0 
 46.0029 -0.2997  1.6557  0.0128  0.5350  0.0261  0.3053  0.0225 -0.0003  0.1396 0 
 55.8419  0.7676 -2.2217  0.0302  0.3605  0.0614  0.2491  0.0309 -0.0003  0.2729 0 
 47.3793 -0.7360  0.9091  0.0295  0.6818  0.0228  0.3030  0.0544 -0.0003  0.1870 0 
 48.3650 -0.4000  1.3037  0.0268  0.3791  0.0631  0.3875  0.2335 -0.0003  0.5267 1 
 39.7955  0.4066 -1.8340  0.1014  0.7185  0.0641  0.6347  0.2110 -0.0003  0.8828 1 
 56.7239 -0.7134  2.5062  0.1215  0.6129  0.1459  0.4963  0.0933 -0.0003  0.6330 0 
 40.2838  0.7103 -0.6693  0.1208  0.5470  0.0162  0.2259  0.0449 -0.0003  0.3864 0 
 57.2946  0.4394  1.8176  0.0529  0.1650  0.2407  0.5363  0.0413 -0.0003  0.3094 0 
 44.2054 -0.4471 -1.2763  0.0582  0.0887  0.0356  0.1322  0.0091 -0.0003  0.0915 0 
 44.3732  0.7370 -1.8402  0.0289  0.2286  0.0770  0.4844  0.1462  0.5331  0.8729 1 
 25.7969 -0.7531  1.1712  0.0000  0.2401  0.0127  0.1541  0.0989 -0.0003  0.0762 1 
 46.6346  0.0632 -0.5676  0.4294  0.6475  0.0721  0.4346  0.4924 -0.0003  0.9974 1 
 43.1556 -0.0344  2.5895  0.0514  0.5858  0.0476  0.5323  0.1419  0.1307  0.7237 1 
 46.5522  0.3969 -2.6724  0.0241  0.2593  0.0745  0.4348  0.0109 -0.0003  0.1859 0 
 34.5586 -0.4016  0.4791  0.0408  0.2824  0.0378  0.3300  0.1816 -0.0003  0.3756 0 
 31.1589  0.6140 -0.0065  0.1103  0.2722  0.0581  0.3885  0.1055  0.4918  0.9930 1 
 23.1418 -0.5555  3.0310  0.2502  0.4457  0.0388  0.3721  0.3552  0.3425  0.9989 1 
 45.2949 -0.0859  2.8110  0.0110  0.7093  0.1488  0.6131  0.0175 -0.0003  0.2673 0 
 22.8855  0.0833 -0.3197  0.0642  0.3107  0.0171  0.3734  0.0748 -0.0003  0.2264 0 
 48.0110 -0.5767  2.1540  0.0234  0.2066  0.0462  0.2157  0.0085 -0.0003  0.1300 0 
 35.7488  0.5896 -0.9993  0.0071  0.2583  0.0479  0.4202  0.0269 -0.0003  0.1240 0 
 49.1737 -0.2071  1.5967  0.0629  0.3762  0.0872  0.5573  0.0566 -0.0003  0.4187 0 
 48.3223  0.2325 -1.5836  0.0757  0.4183  0.0115  0.2153  0.2714 -0.0003  0.3909 0 
 45.6550 -0.3555  1.3865  0.0528  0.3060  0.0772  0.3059  0.0480 -0.0003  0.3351 0 
 45.3742  0.3322 -1.7681  0.0174  0.3500  0.0383  0.4815  0.0294 -0.0003  0.1883 0 
 48.7465  0.7849 -0.6648  0.0031  0.1803  0.0789  0.4726  0.0352 -0.0003  0.1099 0 
 42.3041 -0.7926  2.4923  0.0103  0.3818  0.0150  0.3122  0.0296  0.1193  0.2409 0 
 49.4362 -0.3528  3.0265  0.1475  0.2747  0.1317  0.3853 -0.0200 -0.0003  0.5398 0 
 49.0242  0.3040 -0.1459  0.1986  0.5206  0.0204  0.5149  0.2443 -0.0003  0.9155 0 
 53.1960  0.0115  1.8359  0.0066  0.2506  0.0480  0.4623  0.0712 -0.0003  0.1408 0 
 40.6561  0.0043 -1.3553  0.1449  0.3918  0.0841  0.3155  0.0905 -0.0003  0.7096 0 
 53.1991 -0.5003  2.9666  0.0427  0.4076  0.0644  0.4202  0.0264  0.2906  0.6232 0 
 47.9683  0.5028 -0.2396  0.0159  0.3868  0.0886  0.4314  0.0388 -0.0003  0.2007 0 
 48.5542  0.3076  1.9532  0.5316  0.7038  0.0761  0.4731  0.6048  0.2449  0.9992 1 
 45.1942 -0.3030 -1.1436  0.3060  0.3469  0.0210  0.4382  0.2448 -0.0003  0.9289 1 
 57.1481  0.3085  0.1460  0.0359  0.1496  0.0505  0.4954  0.0162 -0.0003  0.1666 0 
 39.0875 -0.2619 -2.9740  0.0016  0.3194  0.0337  0.2278  0.0172 -0.0003  0.1017 0 
 47.9744  0.1118 -0.9421  0.0306  0.2907  0.1605  0.9060  0.0987 -0.0003  0.5475 0 
 38.2330 -0.1333  2.1884  0.0221  0.5424  0.0157  0.5500  0.0068 -0.0003  0.2290 0 
 42.4475 -0.4899 -0.2935  0.0723  0.4326  0.0178  0.2673  0.0419 -0.0003  0.2124 0 
 39.5819  0.4817  2.8595  0.1075  0.4122  0.0203  0.1362  0.0903  0.2220  0.8179 0 
 48.1331  0.3872  3.0708  0.0473  0.4684  0.0186  0.2586  0.0380 -0.0003  0.1612 0 
 43.2502 -0.3911 -0.0743  0.0627  0.0495  0.0823  0.2660  0.0175 -0.0003  0.0861 0 
 40.9827  0.2759 -2.4658  0.2507  0.6118  0.0380  0.3598  0.2722 -0.0003  0.9636 1 
 38.7671 -0.2689  0.6522  0.0809  0.5860  0.0906  0.5023  0.0513  0.3912  0.8806 1 
 44.4800 -0.6834  1.8952  0.0219  0.4741  0.0288  0.2200  0.0184 -0.0003  0.1714 0 
 44.2145  0.6802 -1.2284  0.0148  0.1916  0.0548  0.4407  0.0418 -0.0003  0.1293 0 
 45.6611 -0.6270  2.0247  0.3214  0.6215  0.0903  0.5244  0.4437  0.4473  0.9998 1 
 41.6571  0.6250 -1.0877  0.4269  0.2652  0.0364  0.2687  0.4559 -0.0003  0.9950 1 
 49.4728  0.4738 -1.9974  0.0142  0.1591  0.0819  0.4281  0.0235 -0.0003  0.1122 0 
 44.6632 -0.4834  1.1439  0.0092  0.2875  0.0580  0.3077  0.0168 -0.0003  0.1497 0 
 45.0263  0.8042 -2.6652  0.2827  0.4002  0.0746  0.6141  0.3507 -0.0003  0.9940 1 
 43.3783 -0.7978  0.4800  0.1026  0.7774  0.0453  0.4873  0.3306 -0.0003  0.9449 1 
 45.9113 -0.0616  1.0015  0.2746  0.1970  0.0701  0.3928  0.5775 -0.0003  0.9965 1 
 45.7984  0.0718 -2.1376  0.6541  0.3479  0.0600  0.3930  0.3515 -0.0003  0.9945 1 
 65.9159 -0.7221 -2.5830  0.0074  0.1773  0.0148  0.0797  0.0073 -0.0003  0.0816 0 
 50.5806  0.7022  0.5505  0.0029  0.3396  0.1043  0.4682  0.1038  0.3012  0.5109 0 
 53.0129 -0.2010 -2.8000  0.0976  0.4515  0.1993  0.5888  0.1467 -0.0003  0.7062 0 
 45.7008  0.2465  0.3863  0.0402  0.2875  0.0235  0.2622  0.1266 -0.0003  0.1927 0 
 44.2969  0.6645 -0.7157  0.0565  0.4322  0.0963  0.2643  0.0060 -0.0003  0.3407 0 
 42.5269 -0.6681  2.4318  0.0317  0.2632  0.0492  0.3117  0.0482 -0.0003  0.1805 0 
 49.6620 -0.6559  2.6723  0.0142  0.2433  0.0080  0.1711  0.1155 -0.0003  0.0933 0 
 43.6774  0.6586 -0.3605  0.0290  0.4533  0.0899  0.5306  0.0178 -0.0003  0.2501 0 
 51.0628  0.1027 -2.1668  0.0002  0.3071  0.0551  0.3397  0.0556 -0.0003  0.1218 0 
 44.6998 -0.0954  0.9329  0.0916  0.0863  0.4026  0.5274  0.0854 -0.0003  0.4124 0 
 45.1484 -0.2292 -0.9413  0.0078  0.2525  0.0415  0.5260  0.0307 -0.0003  0.1463 0 
 38.6664  0.2537  2.2413  0.1029  0.3123  0.0479  0.4569  0.1270 -0.0003  0.6378 0 
 48.7099 -0.1811  0.0911  0.0186  0.2581  0.0773  0.3868  0.0162 -0.0003  0.1664 0 
 45.1453  0.1980 -3.0301  0.0229  0.4894  0.0573  0.5260  0.0623 -0.0003  0.2705 0 
 47.0008  0.5317 -0.3239  0.0098  0.4256  0.0155  0.3470  0.0612 -0.0003  0.0847 0 
 45.9663 -0.5292  2.8165  0.0061  0.4611  0.0433  0.2618  0.0099 -0.0003  0.1947 0 
 46.8605 -0.7556 -0.0025  0.0584  0.2093  0.0372  0.3473  0.0389 -0.0003  0.1949 0 
 42.2431  0.7516 -3.1309  0.0456  0.6071  0.0210  0.2677  0.0250 -0.0003  0.2040 0 
 45.7893 -0.1588  0.1778  0.0092  0.3805  0.0622  0.6987  0.0880 -0.0003  0.2759 0 
 43.6103  0.1317 -2.9306  0.0186  0.3303  0.0819  0.1327  0.0056 -0.0003  0.3272 0 
 52.3384  0.4458 -1.2119  0.4929  0.2548  0.0834  0.4220  0.2016 -0.0003  0.9796 1 
 45.0599 -0.4492  1.9475  0.5771  0.5029  0.0393  0.3508  0.5770 -0.0003  0.9980 1 
 43.6713 -0.5814 -2.7500  0.0000  0.0590  0.0290  0.1327  0.0153 -0.0003  0.0576 0 
 41.0163  0.5804  0.3755  0.0174  0.5992  0.0116  0.1349  0.0198 -0.0003  0.1296 0 
 45.1911  0.4571  2.4200  0.0262  0.1549  0.0298  0.3944  0.1622  0.1799  0.4703 0 
 40.3601 -0.4579 -0.7120  0.0090  0.2800  0.0218  0.2258  0.1089 -0.0003  0.0975 0 
 56.9986  0.4953  0.9725  0.0269  0.3742  0.0215  0.1239  0.0141 -0.0003  0.1629 0 
 47.6326 -0.4835 -2.1599  0.0654  0.1946  0.0681  0.3026  0.0252 -0.0003  0.2478 0 
 50.0465 -0.7349  2.7432  0.0385  0.4072  0.1412  0.3415  0.0477 -0.0003  0.2931 0 
 46.8818  0.7456 -0.4165  0.0012  0.2267  0.1982  0.4341  0.0467 -0.0003  0.1655 0 
 61.3687  0.5706 -1.0774  0.0172  0.2155  0.0223  0.2840  0.0274 -0.0003  0.0604 0 
 47.6417 -0.5666  2.0777  0.0032  0.1076  0.0606  0.3025  0.0170 -0.0003  0.0720 0 
 46.1280  0.1664  2.8576  0.0644  0.3535  0.0429  0.4795  0.0767 -0.0003  0.4461 0 
 41.7365 -0.1934 -0.2868  0.3582  0.1335  0.0302  0.4028  0.0850 -0.0003  0.7622 0 
 44.5655 -0.7113 -0.5354  0.0106  0.2708  0.1254  0.4398  0.0884 -0.0003  0.2000 0 
 33.8933  0.6994  2.6008  0.1102  0.0928  0.0667  0.4266  0.0972 -0.0003  0.3509 0 
 45.4505  0.7213  2.7848  0.2294  0.3435  0.1275  0.8314  0.3892 -0.0003  0.9948 1 
 43.1586 -0.7352 -0.3272  0.3141  0.2870  0.0578  0.3992  0.2200 -0.0003  0.9622 1 
 52.7504 -0.5990  2.3651  0.0344  0.4194  0.2672  0.3790  0.1426 -0.0003  0.4589 0 
 48.0873  0.6157 -0.7619  0.0006  0.2504  0.1456  0.3449  0.0301 -0.0003  0.1393 0 
 51.2612 -0.0396  1.6391  0.0387  0.7274  0.0762  0.4666  0.0892 -0.0003  0.4135 0 
 42.8840  0.0431 -1.4911  0.0045  0.2203  0.0434  0.3110  0.0411 -0.0003  0.0804 0 
 47.4403 -0.2151  2.8877  0.0232  0.1525  0.0229  0.3029  0.0978 -0.0003  0.0721 0 
 44.4709  0.2270 -0.2706  0.0009  0.0923  0.0537  0.3521  0.0353 -0.0003  0.0644 0 
 46.9459  0.6739  0.1611  0.0671  0.6387  0.0223  0.6508  0.1956 -0.0003  0.7548 0 
 46.6712 -0.6801 -2.9812  0.0721  0.1385  0.1294  0.3476  0.0572 -0.0003  0.2513 0 
 50.1900  0.7758 -0.1823  0.0091  0.3225  0.0435  0.4265  0.0674 -0.0003  0.1526 0 
 46.5797 -0.7838  2.9950  0.0085  0.6350  0.0268  0.3043  0.0034 -0.0003  0.1700 0 
 49.3965  0.3607 -2.7218  0.0079  0.3255  0.1002  0.3854  0.0368 -0.0003  0.1644 0 
 41.1719 -0.3862  0.4404  0.0218  0.1554  0.1220  0.3144  0.0445 -0.0003  0.1144 0 
 45.5604  0.0773  0.1768  0.0156  0.2257  0.0391  0.3061  0.0060 -0.0003  0.1058 0 
 40.0763 -0.0707 -2.9682  0.0213  0.1174  0.0188  0.1357  0.0391 -0.0003  0.0509 0 
 49.1615  0.0879 -2.7071  0.0680  0.3756  0.0449  0.1715  0.0849 -0.0003  0.4205 0 
 46.4881 -0.0928  0.4664  0.0071  0.0589  0.0442  0.3915  0.1169 -0.0003  0.0850 0 
 39.7803  0.7201  1.7592  0.0241  0.4330  0.1051  0.4081  0.0381 -0.0003  0.2342 0 
 37.5738 -0.8126 -1.3912  0.0136  0.4719  0.0145  0.3224  0.0123 -0.0003  0.1009 0 
 46.6224 -0.5329 -1.8781  0.0509  0.2537  0.0153  0.3043  0.1885 -0.0003  0.2627 0 
 41.4282  0.5450  1.2899  0.0055  0.5071  0.0500  0.5382  0.0109 -0.0003  0.1755 0 
 48.6213 -0.6630  1.2149  0.0332  0.2942  0.0765  0.4299  0.1011 -0.0003  0.3112 0 
 44.2267  0.6397 -1.9044  0.2335  0.1217  0.0731  0.5729  0.2165 -0.0003  0.9227 0 
 49.8238  0.4674 -1.8368  0.9529  0.4933  0.0414  0.4273  0.9016 -0.0003  0.9981 1 
 39.5239 -0.4814  1.3598  0.4905  0.2489  0.0270  0.2271  0.6121  0.2896  0.9997 1 
 48.8594 -0.5926 -1.7421  0.3841  0.4605  0.0207  0.2576  0.3225 -0.0003  0.9857 0 
 45.8412  0.5906  1.3896  0.0102  0.4988  0.0422  0.4366  0.0732 -0.0003  0.2027 0 
 42.7558 -0.0712  2.9639  0.0027  0.0375  0.0365  0.1779  0.0674  0.0236  0.0686 0 
 41.0712  0.0890 -0.1562  0.1461  0.3778  0.0417  0.2697  0.0259 -0.0003  0.5993 0 
 45.9632 -0.2317 -0.3297  0.1768  0.8241  0.1030  0.6981  0.1436 -0.0003  0.9235 1 
 43.6927  0.2264  2.8294  0.1887  0.5201  0.0233  0.4421  0.2602 -0.0003  0.9093 1 
 48.2277  0.7222  0.6255  0.0150  0.3280  0.0500  0.3447  0.0594 -0.0003  0.1673 0 
 42.6612 -0.7170 -2.5344  0.0298  0.5554  0.1662  0.4450  0.0220 -0.0003  0.2712 0 
 41.0498  0.5513  0.8521  0.0034  0.2575  0.0353  0.4496  0.0738 -0.0003  0.1105 0 
 38.1201 -0.5639 -2.3078  0.0161  0.3560  0.0165  0.2293  0.1639 -0.0003  0.1663 0 
 50.7179 -0.7893 -2.7945  0.0422  0.6390  0.0287  0.3403  0.0554 -0.0003  0.2844 0 
 38.1323  0.7874  0.3290  0.0247  0.4645  0.0301  0.3669  0.0552 -0.0003  0.1858 0 
 51.2337  0.0974  0.0367  0.0841  0.5283  0.0329  0.2970  0.0258 -0.0003  0.4722 0 
 50.0435 -0.0868 -3.1076  0.0104  0.1216  0.0400  0.2987  0.0215 -0.0003  0.0623 0 
 45.3803 -0.2312 -2.4687  0.3246  0.4369  0.0258  0.3502  0.2557 -0.0003  0.9511 1 
 34.4945  0.2274  0.6831  0.3061  0.4067  0.0244  0.4245  0.2609 -0.0003  0.9467 1 
 43.7446 -0.6775  0.0779  0.0190  0.1603  0.0053  0.0884  0.0074 -0.0003  0.0629 0 
 26.5629  0.6969 -3.0558  0.0269  0.2167  0.0758  0.4074  0.0662 -0.0003  0.1935 0 
 48.1056  0.3539  2.4218  0.0750  0.4834  0.0745  0.3449  0.0296 -0.0003  0.4615 0 
 48.0903 -0.3572 -0.7040  0.0196  0.6131  0.0150  0.0862  0.0052 -0.0003  0.1641 0 
 46.9001 -0.7893  0.0419  0.4219  0.6245  0.1210  0.5208  0.7781 -0.0003  0.9988 1 
 44.6296  0.7803 -3.0627  0.0448  0.6016  0.0314  0.3078  0.0971 -0.0003  0.3378 1 
 42.4872 -0.6016  0.0668  0.0314  0.5176  0.0595  0.6682  0.1645 -0.0003  0.4706 0 
 32.9320  0.5885 -3.0434  0.0515  0.0593  0.0037  0.0956 -0.0200 -0.0003  0.0628 0 
 61.6403  0.1885  1.8545  0.0039  0.4822  0.0679  0.2836  0.0617 -0.0003  0.2266 0 
 53.9345 -0.1508 -1.3449  0.0240  0.4540  0.2033  0.4188  0.0416 -0.0003  0.2722 0 
 46.4942 -0.6761 -1.2528  0.0015  0.1499  0.0644  0.6090  0.0242 -0.0003  0.1229 0 
 35.7580  0.6729  1.8941  0.0400  0.2860  0.0309  0.3735  0.0218 -0.0003  0.1773 0 
 44.6601 -0.0469  0.9586  0.8533  0.4603  0.0346  0.3956  0.4902 -0.0003  0.9975 1 
 31.5129  0.0627 -2.1610  0.0956  0.3551  0.0328  0.3872  0.0269 -0.0003  0.4350 1 
 57.3648 -0.1999  2.6652  0.1560  0.2441  0.0348  0.2474  0.1074 -0.0003  0.5793 0 
 46.6773  0.2050 -0.4909  0.0594  0.7481  0.0692  0.4345  0.1508 -0.0003  0.6916 0 
 54.7463  0.3476 -0.3916  0.0026  0.2095  0.0994  0.3338  0.0327 -0.0003  0.1101 0 
 46.7414 -0.3536  2.7951  0.1400  0.2480  0.0646  0.3909  0.2138 -0.0003  0.8328 0 
 57.5479 -0.5787 -1.1095  0.0001  0.2229  0.0443  0.2060  0.1777 -0.0003  0.2266 0 
 47.0924  0.6279  2.0324  0.0741  0.3113  0.0729  0.1734  0.1321 -0.0003  0.6132 0 
 49.5491 -0.0365 -1.4041  0.0225  0.2986  0.0296  0.2567  0.0750 -0.0003  0.1186 0 
 39.7955  0.0509  1.7441  0.0262  0.2017  0.0092  0.0907  0.0262 -0.0003  0.0852 0 
 62.1714 -0.2645 -0.0576  0.0150  0.0729  0.0615  0.3235  0.0142 -0.0003  0.0739 0 
 26.3890  0.2715  3.0937  0.0007  0.7866  0.0178  0.3062  0.0803 -0.0003  0.1331 0 
 44.5838  0.7573 -1.9413  0.3207  0.4889  0.0215  0.4398  0.5308 -0.0003  0.9958 1 
 37.0245 -0.7672  1.2544  0.1904  0.6506  0.0795  0.3699  0.2023  0.2477  0.9522 1 
 44.5808  0.4989  1.9973  0.1629  0.4279  0.0920  0.2199  0.2125 -0.0003  0.9264 1 
 41.5564 -0.5453 -1.0859  0.2722  0.0995  0.0194  0.3137  0.2377 -0.0003  0.8162 1 
 47.9011  0.4817 -1.3228  0.0113  0.4543  0.0714  0.5179  0.1196 -0.0003  0.2699 0 
 47.8218 -0.4919  1.8327  0.0815  0.2257  0.0490  0.2591  0.1026 -0.0003  0.3979 0 
 49.1646  0.4307  0.2205  0.0352  0.3415  0.1110  0.4716  0.1557 -0.0003  0.4172 0 
 45.8534 -0.3827 -2.9055  0.0194  0.1455  0.0703  0.3929  0.0539 -0.0003  0.1157 0 
 46.2043  0.5574  1.5643  0.0429  0.1096  0.0145  0.3050  0.0125 -0.0003  0.0530 0 
 44.9226 -0.5735 -1.5805  0.1198  0.2404  0.0301  0.2634  0.0405 -0.0003  0.3427 0 
 46.9215  0.5033  1.8521  0.1661  0.3553  0.0933  0.3905  0.2368 -0.0003  0.9369 1 
 41.1139 -0.4969 -1.2740  0.0685  0.3897  0.0753  0.3145  0.0468  0.4828  0.9572 1 
 44.6662  0.0948 -2.8071  0.1186  0.2735  0.0209  0.3517  0.1011 -0.0003  0.4434 0 
 39.6368 -0.1212  0.3493  0.0278  0.1954  0.0250  0.3631  0.0605  0.0847  0.2405 0 
 46.8605 -0.4518 -2.5239  0.1494  0.4284  0.0830  0.3907  0.1246 -0.0003  0.7942 1 
 45.7252  0.4176  0.5960  0.4523  0.5717  0.0875  0.3495  0.1735 -0.0003  0.9813 1 
 44.6143  0.5006 -0.4695  0.0087  0.5146  0.0224  0.4837  0.2687 -0.0003  0.4544 0 
 28.8273 -0.4948  2.8130  0.0000  0.2001  0.0883  0.2484  0.1223 -0.0003  0.1726 0 
 50.8644 -0.6047 -0.5541  0.0001  0.6499  0.0983  0.7225  0.0137  0.2363  0.4433 0 
 42.9053  0.5726  2.5723  0.0023  0.1506  0.1251  0.3999  0.0095 -0.0003  0.0889 0 
 50.1839  0.5404  1.1658  0.0397  0.0498  0.0425  0.4691  0.0120  0.1925  0.2017 0 
 43.9490 -0.5290 -1.9780  0.0378  0.6197  0.0209  0.2649  0.0150 -0.0003  0.1908 0 
 48.4688  0.2876  1.4399  0.0148  0.2564  0.0947  0.4303  0.0316 -0.0003  0.1615 0 
 44.5014 -0.2721 -1.6307  0.0661  0.2912  0.0784  0.3080  0.0721 -0.0003  0.4170 0 
 49.6986  0.6465  1.6837  0.2071  0.2235  0.1158  0.3848  0.3372 -0.0003  0.9771 0 
 48.3314 -0.6607 -1.4328  0.0135  0.3169  0.0415  0.1292  0.0109 -0.0003  0.2193 0 
 58.1064 -0.3423  3.0591  0.0175  0.1112  0.0532  0.2466  0.0666 -0.0003  0.0806 0 
 44.5594  0.2911 -0.1032  0.0035  0.5502  0.0345  0.2639  0.1158 -0.0003  0.1851 0 
 45.7038 -0.6035  2.8522  0.0775  0.1903  0.0335  0.4369  0.0143  0.1082  0.4513 0 
 44.9714  0.6081 -0.2947  0.0581  0.1704  0.0252  0.3949  0.0147 -0.0003  0.1505 0 
 48.0079  0.3070 -2.6253  0.0424  0.4421  0.0195  0.3882  0.0392 -0.0003  0.2017 0 
 13.4157 -0.2361  0.5487  0.1783  0.2895  0.0240  0.3216  0.0694 -0.0003  0.5165 0 
 47.8492 -0.2980  1.3713  0.0259  0.5545  0.2211  0.6044  0.0674 -0.0003  0.3052 0 
 46.5980  0.3405 -1.7417  0.0280  0.7231  0.0362  0.3478  0.1298 -0.0003  0.3954 0 
 52.0943 -0.5518  1.0314  0.1463  0.6237  0.0679  0.4225  0.0297 -0.0003  0.7375 0 
 49.1646  0.5392 -2.1305  0.0278  0.1102  0.0392  0.3859  0.0825 -0.0003  0.1021 0 
 51.9997 -0.4611  1.5655  0.0391  0.5413  0.0320  0.2959  0.0652 -0.0003  0.2561 0 
 46.9795  0.4696 -1.5490  0.0096  0.1640  0.0504  0.2169 -0.0002 -0.0003  0.0991 0 
 50.1747  0.4510 -2.4862  0.1125  0.6410  0.0379  0.3838  0.0657 -0.0003  0.7060 0 
 44.4678 -0.4356  0.6760  0.0455  0.5174  0.1147  0.5281  0.2101  0.3574  0.9079 0 
 45.7221  0.2761  0.8064  0.0318  0.3188  0.0571  0.6116  0.0789 -0.0003  0.3439 0 
 41.5290 -0.2854 -2.2845  0.2834  0.4650  0.0777  0.3585  0.3926  0.2401  0.9952 0 
 47.7363  0.2753  1.1659  0.0237  0.1248  0.0296  0.4320  0.0142 -0.0003  0.0870 0 
 35.5566 -0.2830 -1.9674  0.0663  0.1820  0.0092  0.2338  0.2296 -0.0003  0.2906 0 
 45.7862  0.0699  1.4052  0.0434  0.6021  0.0422  0.3494  0.0130 -0.0003  0.3485 0 
 35.5749 -0.0813 -1.7245  0.0155  0.4887  0.0211  0.3740  0.0490 -0.0003  0.1245 0 
 44.5319  0.0342 -2.6706  0.0229  0.3143  0.0647  0.2640  0.1890 -0.0003  0.4421 0 
 36.8872 -0.0125  0.4683  0.0023  0.2814  0.0182  0.3703  0.0609 -0.0003  0.0577 0 
 47.4647 -0.3110  3.0622  0.0678  0.3190  0.1159  0.4759  0.1290 -0.0003  0.5219 0 
 41.2543  0.2716 -0.0443  0.0000  0.0130  0.1869  0.0898  0.0145 -0.0003  0.0528 0 
 43.9857 -0.4972  0.6416  0.0026  0.1932  0.0146  0.3089  0.0174 -0.0003  0.0404 0 
 41.3855  0.4900 -2.5348  0.0026  0.1854  0.0967  0.5383  0.0120 -0.0003  0.1231 0 
 44.1993  0.0077  1.4268  0.0085  0.7295  0.0387  0.3526  0.0745 -0.0003  0.2138 0 
 38.2971 -0.0081 -1.7470  0.0730  0.0792  0.0237  0.1832  0.2311 -0.0003  0.2997 0 
 50.1900 -0.3456  0.2718  0.0409  0.0929  0.0725  0.4265  0.0522 -0.0003  0.1267 0 
 41.3764  0.3113 -2.8463  0.0866  0.0685  0.0890  0.2692  0.0132 -0.0003  0.1172 0 
 48.4138 -0.5044 -1.7462  0.0527  0.3476  0.0108  0.0861  0.1054 -0.0003  0.1618 0 
 45.9358  0.4902  1.4079  0.0172  0.4640  0.0505  0.3491  0.1038 -0.0003  0.2802 0 
 51.7098  0.5528 -1.9730  0.0815  0.2022  0.0481  0.3386  0.0875 -0.0003  0.3474 0 
 32.3369 -0.5581  1.2099  0.0340  0.2863  0.0335  0.3363  0.1418 -0.0003  0.2594 0 
 46.5461 -0.3663  0.3380  0.0178  0.3661  0.2973  0.6958  0.0247 -0.0003  0.3160 0 
 43.3814  0.3231 -2.7909  0.0395  0.6827  0.0545  0.5759  0.0455  0.2112  0.6455 0 
 42.1942  0.3948 -2.0166  0.2417  0.3255  0.0186  0.2231  0.1743 -0.0003  0.6841 1 
 29.3217 -0.4073  1.1213  0.1946  0.1219  0.0461  0.4449  0.2287  0.4096  0.9968 1 
 40.3723 -0.6955  0.7392  0.0219  0.3664  0.0219  0.2710  0.0187 -0.0003  0.1098 0 
 37.9400  0.6672 -2.4023  0.0601  0.2907  0.0183  0.3215  0.0919 -0.0003  0.1949 0 
 56.7147  0.3687 -1.7881  0.0534  0.4319  0.0441  0.4963  0.0113 -0.0003  0.3614 0 
 40.5097 -0.3779  1.3376  0.0239  0.6599  0.0297  0.4512  0.0549  0.1019  0.4392 0 
 46.7445  0.7034 -0.0954  0.0156  0.2792  0.0397  0.4344  0.0130 -0.0003  0.1483 0 
 43.9826 -0.6885  3.0777  0.0329  0.4362  0.0956  0.4855  0.2241 -0.0003  0.5330 0 
 49.4789 -0.5024  0.6728  0.0069  0.0619  0.0874  0.2996  0.1107 -0.0003  0.0852 0 
 46.6072  0.5004 -2.4454  0.0526  0.6470  0.0687  0.5216  0.0338 -0.0003  0.3638 0 
 42.9694  0.5982 -2.3369  0.1242  0.6397  0.0382  0.4441  0.0627  0.1671  0.7692 1 
 39.0173 -0.5589  0.7651  0.0429  0.3731  0.1293  0.5014  0.0235 -0.0003  0.2886 1 
 46.3752  0.5564  0.7034  0.0100  0.6567  0.0711  0.3482  0.0164 -0.0003  0.2135 0 
 40.8301 -0.5457 -2.4383  0.0394  0.3980  0.0260  0.3602  0.0467 -0.0003  0.1954 0 
 49.0639  0.1544  1.8577  0.0056  0.2915  0.1454  0.3003  0.1419 -0.0003  0.2764 0 
 38.7640 -0.1799 -1.2613  0.0086  0.5487  0.0601  0.5023 -0.0200 -0.0003  0.1783 0 
 43.9033 -0.5097 -0.8497  0.0130  0.3990  0.0306  0.3974  0.1935 -0.0003  0.3055 0 
 43.3356  0.5367  2.2839  0.0161  0.2726  0.0644  0.4874  0.0037 -0.0003  0.1768 0 
 47.6234  0.3352  1.6133  0.1589  0.4759  0.1105  0.4323  0.3083 -0.0003  0.9727 1 
 38.0224 -0.2555 -1.5112  0.1916  0.4980  0.1025  0.5967  0.4333 -0.0003  0.9930 1 
 48.8136  0.7556 -1.0504  0.0051  0.6086  0.1438  0.5154  0.0443 -0.0003  0.2466 0 
 45.5299 -0.7329  2.1160  0.0272  0.2451  0.0805  0.2624  0.0300 -0.0003  0.2012 0 
 48.4688  0.2317 -2.3519  0.0405  0.6856  0.1788  0.7745  0.1027 -0.0003  0.4403 0 
 32.4681 -0.2221  0.7720  0.0024  0.1583  0.0549  0.2399  0.0428 -0.0003  0.0761 0 
 49.6712 -0.4840 -0.6589  0.0096  0.5033  0.3568  0.3421  0.0606 -0.0003  0.2918 0 
 46.3111  0.4797  2.5228  0.0610  0.6377  0.0355  0.3483  0.0307 -0.0003  0.4396 0 
 50.3548  0.3738 -2.2665  0.0107  0.1696  0.0130  0.1704  0.0021 -0.0003  0.0524 0 
 46.6377 -0.3864  0.8169  0.0371  0.4267  0.1202  0.3477  0.0558  0.0905  0.4436 0 
 50.7759  0.6425  2.8472  0.0387  0.0641  0.0257  0.1701  0.0098 -0.0003  0.0581 0 
 33.1090 -0.6453 -0.3049  0.0000  0.1633  0.0233  0.2863  0.0203  0.0797  0.1055 0 
 53.9345  0.0626  0.2363  0.0144  0.1644  0.0742  0.5863  0.0580  0.0525  0.2098 0 
 47.6692 -0.0326 -2.9358  0.0124  0.3946  0.0206  0.3890  0.1649 -0.0003  0.1964 0 
 53.1746 -0.3926  0.2095  0.0333  0.1457  0.2473  0.2522  0.1120 -0.0003  0.2867 0 
 42.9023  0.3700 -2.9208  0.0543  0.3764  0.2214  0.4887  0.0073 -0.0003  0.3199 0 
 48.2582 -0.2946  1.1450  0.0032  0.0634  0.0890  0.2154  0.0527 -0.0003  0.0773 0 
 46.1372  0.2969 -2.0292  0.0389  0.6482  0.0413  0.6102  0.0266 -0.0003  0.3389 0 
 46.6438 -0.2957  0.2565  0.0021  0.2500  0.0251  0.2607  0.0555 -0.0003  0.0559 0 
 42.5727  0.2845 -2.9102  0.0040  0.3068  0.1085  0.5342  0.0447 -0.0003  0.1766 0 
 47.1046  0.7790  2.0875  0.1131  0.6615  0.0847  0.3902  0.1435 -0.0003  0.8355 0 
 39.4995 -0.7610 -1.0670  0.1084  0.5187  0.0820  0.2726  0.0643 -0.0003  0.6824 0 
 46.8055  0.6252 -1.8115  0.0014  0.4874  0.0718  0.5211  0.0358 -0.0003  0.1716 0 
 45.3773 -0.6242  1.3381  0.0684  0.1486  0.0578  0.3502  0.0298 -0.0003  0.1996 0 
 49.0944 -0.4500  1.1985  0.0775  0.3824  0.0469  0.4289  0.1348 -0.0003  0.6005 0 
 46.7903  0.4579 -1.9641  0.0038  0.2231  0.0692  0.3040  0.1081 -0.0003  0.1502 0 
 49.3141 -0.6028  2.4748  0.1431  0.0946  0.0349  0.2999  0.0222 -0.0003  0.2242 0 
 40.7935  0.5817 -0.6461  0.0836  0.3685  0.0246  0.3152  0.1561  0.1451  0.7274 0 
 52.6986  0.8028  0.7266  0.0028  0.4019  0.0912  0.3791  0.0230 -0.0003  0.1626 0 
 40.0854 -0.7934 -2.4380  0.0050  0.3120  0.0244  0.4072  0.0150  0.0575  0.1666 0 
 46.8788 -0.7243  2.5503  0.0094  0.0633  0.0570  0.2604  0.1420 -0.0003  0.1037 0 
 45.5451  0.7244 -0.5582  0.0153  0.7466  0.0542  0.3936  0.0244  0.2418  0.6109 0 
 51.3252 -0.2605  0.7246  0.0195  0.4815  0.1452  0.7209  0.0945 -0.0003  0.3487 0 
 50.3761  0.2663 -2.3745  0.0341  0.1747  0.0451  0.1278  0.0274 -0.0003  0.1467 0 
 47.3823 -0.6581  0.7338  0.0400  0.1964  0.0127  0.2597  0.0172 -0.0003  0.0642 0 
 43.2349  0.6581 -2.3910  0.0167  0.0570  0.1165  0.2217  0.0143 -0.0003  0.0623 0 
 40.5188 -0.1026 -1.1346  0.0305  0.5047  0.1044  0.3609  0.0429 -0.0003  0.2715 0 
 39.5972  0.0659  2.0144  0.0693  0.4479  0.0242  0.5447  0.1385 -0.0003  0.6004 0 
 50.9285  0.4806 -3.0966  0.0183  0.4107  0.0836  0.5099  0.0550 -0.0003  0.2339 0 
 41.4008 -0.4809  0.0414  0.0199  0.4461  0.0226  0.4037  0.0416 -0.0003  0.1459 0 
 50.8583 -0.1810 -0.1738  0.0076  0.4691  0.0251  0.2975  0.0549 -0.0003  0.1060 0 
 49.4545  0.1965  2.9570  0.0096  0.7986  0.0493  0.4281  0.0114 -0.0003  0.2239 0 
 40.9644 -0.0831 -0.6001  0.1075  0.3771  0.0578  0.3149  0.0812 -0.0003  0.6052 0 
 32.3522  0.0726  2.5006  0.2436  0.4326  0.0384  0.3362  0.0992  0.3870  0.9968 0 
 50.6111  0.4944  1.8243  0.0821  0.7406  0.1729  0.7235  0.1125 -0.0003  0.6286 1 
 36.9268 -0.4653 -1.3189  0.0073  0.3700  0.0444  0.3239  0.0784 -0.0003  0.1507 1 
 48.5145  0.5244 -1.1019  0.0743  0.5760  0.0955  0.8174  0.1232  0.3459  0.9081 1 
 37.0153 -0.5161  2.0127  0.1388  0.4146  0.0469  0.4162  0.2849  0.4261  0.9975 1 
 46.5156  0.6073 -1.9107  0.0575  0.1753  0.0878  0.5654  0.0600 -0.0003  0.3475 0 
 45.2583 -0.6141  1.2165  0.0011  0.1981  0.0104  0.5257  0.0661 -0.0003  0.0741 0 
 48.1910  0.3333 -2.8494  0.1018  0.0838  0.0341  0.4309  0.0740 -0.0003  0.2328 0 
 46.6773 -0.3413  0.2808  0.1137  0.6987  0.0097  0.2607  0.1024 -0.0003  0.4846 0 
 48.6580  0.6988 -2.0862  0.0507  0.1913  0.0488  0.1719  0.0058 -0.0003  0.2010 0 
 40.4822 -0.7005  1.1082  0.0101  0.3155  0.0286  0.1354  0.0110 -0.0003  0.1501 0 
 42.5147  0.2002  3.0976  0.0537  0.3083  0.0649  0.3117  0.1181 -0.0003  0.4471 0 
 39.0112 -0.1945 -0.0607  0.0058  0.0950  0.0196  0.2279  0.0391 -0.0003  0.0376 0 
 48.6915 -0.5245  2.9290  0.0211  0.1786  0.1146  0.5588  0.0558 -0.0003  0.2004 0 
 45.0446  0.4922 -0.2788  0.0042  0.3132  0.0205  0.3070  0.0231 -0.0003  0.0648 0 
 52.0455  0.3293  2.8420  0.0088  0.5490  0.1770  0.7183  0.0643 -0.0003  0.2849 0 
 43.8819 -0.3503 -0.3344  0.0083  0.2175  0.0247  0.2208  0.0309 -0.0003  0.0579 0 
 52.0699 -0.7535  1.1524  0.0092  0.5215  0.0446  0.5493  0.0123 -0.0003  0.1896 0 
 44.3488  0.7671 -1.9843  0.0092  0.8365  0.0270  0.2642  0.0078 -0.0003  0.1846 0 
 45.8686 -0.3998 -2.7524  0.0672  0.4190  0.0388  0.5238  0.0456 -0.0003  0.4573 0 
 45.2949  0.4272  0.4131  0.0093  0.2031  0.2369  0.3941  0.0076 -0.0003  0.1670 0 
 45.9754  0.1467  1.2590  0.0435  0.3741  0.0805  0.3926  0.0154 -0.0003  0.2805 0 
 45.4444 -0.1621 -1.8662  0.0849  0.2132  0.0515  0.2625  0.0054 -0.0003  0.2951 0 
 47.2572  0.3118 -2.9057  0.0855  0.2364  0.0525  0.3898  0.3006 -0.0003  0.7204 0 
 45.4414 -0.2816  0.2395  0.0347  0.4046  0.0369  0.2625  0.0130 -0.0003  0.2294 0 
 47.6143  0.1009 -2.6891  0.2222  0.5901  0.0676  0.2594  0.2492 -0.0003  0.9709 1 
 37.1344 -0.1441  0.4079  0.3877  0.4536  0.0191  0.1848  0.4536  0.0299  0.9945 1 
 54.4503  0.1141  0.5775  0.0132  0.4075  0.0131  0.1671  0.0049  0.1145  0.2175 0 
 47.7790 -0.0805 -2.5864  0.0440  0.2215  0.0633  0.2159  0.0261 -0.0003  0.2269 0 
 50.6355  0.1301 -1.1624  0.0570  0.0648  0.0361  0.2553  0.0447 -0.0003  0.0718 0 
 44.9012 -0.1280  2.0118  0.0128  0.0940  0.0182  0.1317  0.0268 -0.0003  0.0476 0 
 54.6792  0.4579  0.5733  0.0177  0.2441  0.0254  0.3339  0.0203 -0.0003  0.0805 0 
 46.0273 -0.4591 -2.5779  0.0599  0.1878  0.1282  0.5233  0.1390 -0.0003  0.4779 0 
 46.4851 -0.1950  1.9783  0.0087  0.5307  0.0266  0.3915  0.0275 -0.0003  0.1384 0 
 44.4373  0.2066 -1.1663  0.0727  0.2630  0.0212  0.2641  0.0252 -0.0003  0.1710 0 
 46.7720 -0.5976  0.5075  0.0004  0.2823  0.0308  0.4343  0.1704  0.1718  0.4517 0 
 32.9870  0.6047 -2.6235  0.2024  0.3388  0.0169  0.1911  0.0413 -0.0003  0.4398 0 
 48.0507  0.4070  1.0608  0.0476  0.4376  0.0626  0.3881  0.0646 -0.0003  0.3814 0 
 42.0844 -0.3963 -2.0891  0.1037  0.0627  0.0290  0.2679  0.0350 -0.0003  0.0889 0 
 39.4629 -0.2334 -1.3013  0.0127  0.2340  0.0127  0.1817  0.0146 -0.0003  0.0600 0 
 37.3388  0.2308  1.8777  0.0428  0.0747  0.0378  0.1384  0.0943 -0.0003  0.0970 0 
 53.2601 -0.7852  1.2264  0.2432  0.4559  0.0754  0.2520  0.3214 -0.0003  0.9830 1 
 46.2562  0.8014 -1.9596  0.1921  0.3765  0.0571  0.7840  0.4218 -0.0003  0.9909 1 
 56.8490  0.2087  0.8438  0.0121  0.2187  0.0519  0.1653  0.0086 -0.0003  0.1487 0 
 41.5351 -0.1888 -2.2944  0.0299  0.3721  0.0264  0.2689  0.0515 -0.0003  0.1358 0 
 46.8879  0.7844 -2.5881  0.0036  0.2774  0.0266  0.2604  0.0121 -0.0003  0.0736 0 
 42.9175 -0.7895  0.5318  0.0334  0.4257  0.0266  0.1777  0.0029 -0.0003  0.2072 0 
 51.7617 -0.3342 -3.0999  0.0367  0.2861  0.0247  0.4655  0.0317 -0.0003  0.1938 0 
 41.5106  0.3384  0.0401  0.0723  0.5065  0.0210  0.2241  0.0389 -0.0003  0.2456 0 
 43.5981 -0.4293 -0.1169  0.2121  0.5335  0.0921  0.4866  0.3978 -0.0003  0.9932 1 
 25.3788  0.4124  3.0300  0.3544  0.1527  0.0378  0.2582  0.3279  0.3449  0.9989 1 
 47.1565 -0.0734 -2.5550  0.1055  0.3167  0.0484  0.6501  0.0838 -0.0003  0.6516 1 
 42.2278  0.1086  0.5814  0.4123  0.4694  0.0259  0.3123  0.1594 -0.0003  0.9349 1 
 50.9224  0.7433 -0.7122  0.2307  0.6205  0.1321  0.5099  0.2453  0.5837  0.9992 1 
 35.6329 -0.7530  2.5028  0.0871  0.4379  0.0328  0.3272  0.0190 -0.0003  0.4416 1 
 48.1361  0.1114  0.2619  0.0204  0.2542  0.0173  0.4311  0.0933 -0.0003  0.1168 0 
 45.2155 -0.1164 -2.8724  0.0284  0.2822  0.0999  0.3943  0.0329 -0.0003  0.2083 0 
 47.2480  0.6256  1.5735  0.2878  0.2416  0.2470  0.6931  0.1902 -0.0003  0.9737 1 
 28.5954 -0.6470 -1.5771  0.5321  0.6858  0.0255  0.3486  0.6187  0.1996  0.9987 1 
 60.5600 -0.7258 -0.5307  0.0122  0.2418  0.1277  0.3256  0.1631 -0.0003  0.2838 0 
 47.0649  0.7120  2.5816  0.0118  0.0875  0.1066  0.2168  0.0211 -0.0003  0.0733 0 
 37.7966 -0.6428  1.4698  0.1712  0.4039  0.0516  0.2759  0.3426  0.2640  0.9797 1 
 33.2860  0.6468 -1.7061  0.3067  0.2302  0.0219  0.2382  0.1335 -0.0003  0.6946 1 
 45.0385  0.7577 -3.1088  0.0568  0.1971  0.0778  0.3070  0.0875  0.0621  0.4084 0 
 38.8800 -0.7434  0.0742  0.1577  0.3123  0.0724  0.7300  0.2758 -0.0003  0.9554 0 
 48.2521  0.0071  2.5872  0.0222  0.0896  0.0380  0.3016  0.0071 -0.0003  0.0674 0 
 44.8157 -0.0250 -0.5928  0.0318  0.7532  0.0270  0.2196  0.0273 -0.0003  0.2158 0 
 46.3600  0.3443 -1.5496  0.0296  0.3216  0.0644  0.3047  0.0025 -0.0003  0.2355 0 
 45.3101 -0.3124  1.6265  0.0577  0.0939  0.0227  0.1752  0.1758 -0.0003  0.1912 0 
 49.1646 -0.1648  1.5564  0.0002  0.0698  0.0565  0.3001  0.0798 -0.0003  0.0669 0 
 44.5441  0.1588 -1.6182  0.0271  0.1315  0.0774  0.3079  0.0558 -0.0003  0.1139 0 
 47.6478  0.2808  1.4184  0.1046  0.5247  0.1030  0.6051  0.1378 -0.0003  0.7441 1 
 43.4791 -0.2904 -1.7676  0.1637  0.2366  0.1183  0.6640  0.1663 -0.0003  0.8923 1 
 46.7140  0.7703 -1.7540  0.0186  0.7500  0.0264  0.5213  0.0644 -0.0003  0.2647 0 
 39.6704 -0.7560  1.3829  0.0464  0.0423  0.0303  0.1815  0.0862 -0.0003  0.0716 0 
 51.8349 -0.0126  0.4694  0.0367  0.2157  0.0198  0.1692  0.1572 -0.0003  0.2082 0 
 49.3935  0.0297 -2.6386  0.0124  0.4302  0.0809  0.3426  0.0140 -0.0003  0.1941 0 
 47.4189  0.4244  2.6289  0.1214  0.4440  0.1042  0.6491  0.0944 -0.0003  0.7043 1 
 43.7873 -0.4625 -0.4776  0.0283  0.5906  0.0298  0.3535  0.0714 -0.0003  0.2322 1 
 54.5815  0.0379 -1.6995  0.2632  0.4546  0.0887  0.4175  0.3133 -0.0003  0.9907 1 
 31.5923 -0.0079  1.5051  0.4582  0.3835  0.0880  0.3386  0.2017  0.3215  0.9951 1 
 52.4147  0.1719  0.2937  0.0142  0.5763  0.0999  0.4218  0.1915 -0.0003  0.4367 0 
 41.4588 -0.1681 -2.8194  0.0888  0.3367  0.0114  0.1794  0.0388  0.1003  0.3934 0 
 46.2745  0.1606  1.8653  0.0631  0.0633  0.0526  0.3049  0.0754 -0.0003  0.1081 0 
 45.1881 -0.1092 -1.2800  0.0074  0.6727  0.0352  0.2191  0.0723 -0.0003  0.1872 0 
 43.8697 -0.1672 -3.0200  0.0100  0.5074  0.0286  0.3975  0.1118 -0.0003  0.1883 0 
 35.7092  0.1736  0.1476  0.0079  0.1518  0.0205  0.3269  0.0676 -0.0003  0.0464 0 
 46.9642  0.5520 -2.7437  0.1134  0.0677  0.1682  0.3037  0.1445 -0.0003  0.3825 0 
 43.4791 -0.5705  0.4100  0.0388  0.7251  0.0358  0.4870  0.0056 -0.0003  0.3260 0 
 45.4597  0.4493 -3.0499  0.0000  0.0365  0.0248  0.0875  0.0051 -0.0003  0.0693 0 
 34.8608 -0.4124  0.1259  0.0302  0.3867  0.0227  0.2351  0.1006 -0.0003  0.1570 0 
 55.7015 -0.4643 -2.1909  0.0160  0.7220  0.0760  0.2908  0.0219 -0.0003  0.2649 0 
 43.8972  0.4691  0.9775  0.0130  0.2119  0.0244  0.2208  0.1072 -0.0003  0.0867 0 
 45.4505  0.5524 -1.5208  0.0983  0.3823  0.0234  0.3063  0.1210 -0.0003  0.4592 0 
 36.8292 -0.5458  1.6283  0.0114  0.1017  0.0352  0.3241  0.0193  0.1439  0.1627 0 
 54.6120 -0.4207  1.6411  0.2649  0.3365  0.0262  0.1670  0.2852 -0.0003  0.8870 1 
 44.8341  0.4974 -1.4493  0.1420  0.1322  0.0631  0.3952  0.1475  0.1391  0.8031 1 
 49.1859 -0.1510 -1.9957  0.1923  0.7451  0.1329  0.6002  0.1926  0.1854  0.9677 1 
 41.2512  0.1093  1.1566  0.3291  0.5178  0.1212  0.3592  0.2523  0.5895  0.9996 1 
 53.7148 -0.7848  0.1976  0.0189  0.2148  0.1412  0.4192  0.1412 -0.0003  0.2649 0 
 37.4243  0.7567 -2.9148  0.0061  0.3772  0.1264  0.4610  0.1873 -0.0003  0.3230 0 
 49.5735  0.3087  3.1216  0.0544  0.3573  0.0789  0.3850  0.0992 -0.0003  0.4396 0 
 46.4515 -0.3043 -0.0191  0.0750  0.5144  0.0251  0.3916  0.0715 -0.0003  0.4472 0 
 54.0108  0.1634  1.0986  0.0661  0.2576  0.0572  0.2930  0.0218 -0.0003  0.2977 0 
 43.5920 -0.1559 -2.0654  0.0917  0.0455  0.0147  0.1770  0.0626 -0.0003  0.0551 0 
 50.8583 -0.7889  0.9209  0.0140  0.3421  0.0345  0.2976  0.1553 -0.0003  0.2259 0 
 48.7465  0.7808 -2.1615  0.0372  0.3146  0.1885  0.5586  0.0115 -0.0003  0.2872 0 
 48.0385  0.3785  2.2374  0.0043  0.1366  0.1626  0.4744  0.0488 -0.0003  0.1082 0 
 41.8647 -0.4056 -0.8764  0.0294  0.1032  0.0521  0.2236  0.0032 -0.0003  0.0903 0 
 52.0943 -0.3480 -0.5577  0.1003  0.4011  0.0460  0.1690  0.0091 -0.0003  0.5212 1 
 44.6906  0.3844  2.5876  0.2722  0.2889  0.0551  0.4395  0.2105 -0.0003  0.9459 1 
 50.7118  0.6261  1.0476  0.0020  0.2366  0.0334  0.2127  0.0157 -0.0003  0.0776 0 
 45.4658 -0.6337 -2.0635  0.0142  0.1694  0.0282  0.2625  0.0163 -0.0003  0.0592 0 
 48.9998  0.3176  1.2015  0.2020  0.1821  0.0719  0.3433  0.0701 -0.0003  0.6040 1 
 37.8790 -0.3099 -1.9179  0.1201  0.8287  0.0353  0.5054  0.2355 -0.0003  0.9062 1 
 55.0881  0.3839  1.5808  0.0081  0.6755  0.0506  0.2499  0.0159 -0.0003  0.2723 0 
 45.4536 -0.3685 -1.5839  0.1093  0.4766  0.0648  0.3501  0.0621  0.2324  0.8089 0 
 48.2826  0.6403  2.1126  0.0343  0.5132  0.0688  0.4738  0.0285 -0.0003  0.2759 0 
 40.0244 -0.6403 -1.0353  0.0010  0.0856  0.0139  0.2263  0.0275 -0.0003  0.0340 0 
 39.1485 -0.6404  3.0846  0.0458  0.7418  0.0064  0.1366  0.0099 -0.0003  0.1635 0 
 37.2930  0.6344 -0.0412  0.0169  0.1776  0.1288  0.1846  0.0095 -0.0003  0.1402 0 
 46.1524 -0.5640  2.7355  0.0254  0.2072  0.1490  0.3922  0.1330 -0.0003  0.2804 0 
 41.0468  0.5348 -0.4271  0.0171  0.3531  0.1673  0.8092  0.3371 -0.0003  0.8183 0 
 45.8900 -0.0860  0.6671  0.0051  0.3041  0.0389  0.1746  0.0840 -0.0003  0.1423 0 
 43.5798  0.0990 -2.4588  0.0763  0.1575  0.0347  0.3539  0.0162 -0.0003  0.1867 0 
 73.1334 -0.4583 -0.0331  0.0082  0.2873  0.0079  0.1167  0.0048 -0.0003  0.0944 0 
 51.8868  0.4597  3.1328  0.0024  0.3105  0.0633  0.3806  0.0316 -0.0003  0.1386 0 
 45.6764 -0.5471  2.3588  0.0059  0.1121  0.3360  0.2622  0.1699 -0.0003  0.2925 0 
 37.1710  0.5547 -0.7841  0.0163  0.4383  0.0182  0.2771  0.0268 -0.0003  0.1008 0 
 44.9073 -0.6540 -2.3356  0.1286  0.2263  0.0207  0.3073  0.0694 -0.0003  0.3417 0 
 37.2534  0.6511  0.8267  0.0235  0.1826  0.0929  0.3693  0.0187 -0.0003  0.1352 0 
 44.9348  0.2296  0.3134  0.0365  0.2794  0.1400  0.3072  0.1053 -0.0003  0.3464 0 
 39.6551 -0.2116 -2.7854  0.0852  0.1625  0.0673  0.3176  0.0563 -0.0003  0.2901 0 
 46.7384  0.3111 -2.3436  0.0541  0.1436  0.0152  0.2606  0.1107 -0.0003  0.1055 0 
 36.4141 -0.3133  0.7736  0.0751  0.5181  0.0340  0.2323  0.1302 -0.0003  0.5023 0 
 58.5763 -0.7213 -0.4532  0.0028  0.5516  0.0391  0.2051  0.0317 -0.0003  0.1905 0 
 47.4342  0.7275  2.7108  0.0377  0.1176  0.1294  0.4327  0.0202 -0.0003  0.1279 0 
 50.8309  0.3979  1.1053  0.0110  0.2911  0.0245  0.2551  0.0501 -0.0003  0.0743 0 
 46.8360 -0.3868 -2.0349  0.0201  0.1509  0.0288  0.1737  0.0461 -0.0003  0.0630 0 
 52.7108 -0.6775 -1.3576  0.0326  0.8045  0.0578  0.5476  0.1384 -0.0003  0.5320 0 
 43.7232  0.6496  1.7931  0.0002  0.4729  0.0522  0.6189  0.1210 -0.0003  0.2370 0 
 47.8004 -0.6004 -1.1391  0.0338  0.5863  0.0395  0.2591  0.0165 -0.0003  0.3003 0 
 44.8066  0.6095  1.9828  0.0647  0.2826  0.1520  0.6149  0.2591  0.2033  0.9179 0 
 44.8096 -0.7081 -1.1292  0.0501  0.0607  0.0865  0.4392  0.1867 -0.0003  0.2180 0 
 43.9857  0.6943  2.0065  0.0747  0.1580  0.0612  0.3089  0.0588 -0.0003  0.2441 0 
 47.7943  0.4639  2.7227  0.0502  0.1114  0.1223  0.4319  0.1158 -0.0003  0.2427 0 
 45.6550 -0.4779 -0.4216  0.0457  0.2607  0.0267  0.4808  0.0840 -0.0003  0.2718 0 
 48.6549 -0.2443 -1.6888  0.0043  0.4950  0.0208  0.2149  0.0223 -0.0003  0.1126 0 
 42.9603  0.2218  1.4326  0.0198  0.3954  0.1324  0.5773  0.0502 -0.0003  0.2612 0 
 49.6315 -0.3048 -2.1368  0.1356  0.1389  0.0675  0.3849  0.1165  0.0598  0.6668 0 
 46.5309  0.3263  1.0125  0.1035  0.2249  0.0406  0.1740  0.0617 -0.0003  0.3620 0 
 45.3376  0.3803 -1.0264  0.0562  0.4356  0.0139  0.0876  0.0262 -0.0003  0.1633 0 
 45.0996 -0.3798  2.1230  0.0199  0.1979  0.0361  0.4823  0.0483 -0.0003  0.1404 0 
 49.4026  0.5437  1.3001  0.0840  0.4851  0.2659  0.4710  0.0527 -0.0003  0.4645 0 
 43.0610 -0.5538 -1.8096  0.0355  0.3402  0.0290  0.4439  0.0493  0.1935  0.5240 0 
 48.2582 -0.4585 -2.9004  0.1400  0.3030  0.0743  0.3877  0.0462 -0.0003  0.5431 0 
 39.1730  0.4685  0.2606  0.0430  0.4808  0.0517  0.2732  0.0090 -0.0003  0.3464 0 
 45.4047 -0.6859 -0.3914  0.0211  0.5857  0.0101  0.1313  0.0107 -0.0003  0.1327 0 
 42.2644  0.6778  2.8035  0.0069  0.0770  0.1734  0.2230  0.0125 -0.0003  0.0525 0 
 40.1495  0.6294  0.2727  0.0097  0.3252  0.0048  0.1357  0.0158 -0.0003  0.0858 0 
 38.9532 -0.6128 -2.8668  0.0269  0.3679  0.0692  0.3648  0.0440 -0.0003  0.2429 0 
 45.6428 -0.6963  0.3709  0.0252  0.1725  0.0263  0.4371  0.0173 -0.0003  0.1018 0 
 45.2583  0.7082 -2.7139  0.0137  0.4808  0.1552  0.4380  0.0143 -0.0003  0.2243 0 
 47.5441 -0.6715 -2.4801  0.0094  0.4908  0.1285  0.3460  0.0240 -0.0003  0.2113 0 
 46.5095  0.6744  0.6458  0.0609  0.3730  0.0296  0.4349  0.0278 -0.0003  0.3336 0 
 45.4627 -0.0529 -1.6447  0.1083  0.0464  0.0537  0.3062  0.0943 -0.0003  0.1450 0 
 38.6511  0.0730  1.4884  0.0199  0.2556  0.0504  0.7312  0.0751  0.1943  0.4854 0 
 51.4382  0.1459 -0.0445  0.0331  0.2710  0.2770  0.3814  0.0236 -0.0003  0.2536 0 
 44.2664 -0.1425  3.0703  0.0838  0.1901  0.1164  0.4847  0.0212 -0.0003  0.3553 0 
 44.3854 -0.7597 -0.7163  0.0176  0.2907  0.1577  0.5284  0.0273 -0.0003  0.2210 0 
 38.8678  0.7636  2.4140  0.0306  0.1515  0.0485  0.1825  0.0169 -0.0003  0.1108 0 
 48.1666  0.7655  1.9445  0.0066  0.1486  0.0804  0.6034  0.0357 -0.0003  0.1369 0 
 47.4189 -0.7629 -1.2108  0.0002  0.7434  0.0989  0.4327  0.0988 -0.0003  0.2939 0 
 42.4323  0.5362  0.6976  0.0926  0.3337  0.0257  0.4010  0.3487 -0.0003  0.7742 0 
 39.2676 -0.5159 -2.4388  0.2095  0.5181  0.0105  0.2275  0.3160 -0.0003  0.8438 0 
 50.1625 -0.1655 -2.4306  0.0083  0.4256  0.0600  0.5972  0.0500 -0.0003  0.2106 0 
 34.5983  0.1642  0.7205  0.1302  0.3309  0.0265  0.3299  0.1362  0.2106  0.9003 0 
 54.9844  0.1650  0.0962  0.0208  0.3945  0.0838  0.2084  0.0180 -0.0003  0.2870 0 
 47.4708 -0.1690 -3.0227  0.0524  0.2164  0.0456  0.1730  0.0173 -0.0003  0.2165 0 
 50.9712  0.5862 -3.0315  0.0309  0.4851  0.0331  0.2974  0.0644 -0.0003  0.2132 0 
 39.0845 -0.5827  0.0983  0.0483  0.7560  0.0341  0.1367  0.0084 -0.0003  0.3580 0 
 50.4860  0.0587  1.7624  0.0071  0.3452  0.2370  0.3407  0.1514 -0.0003  0.3739 0 
 47.8828 -0.0505 -1.4067  0.0061  0.1979  0.0398  0.2590  0.0687 -0.0003  0.0732 0 
 42.4811  0.1225 -0.3008  0.4547  0.2212  0.0573  0.4455  0.5472 -0.0003  0.9973 1 
 41.4282 -0.1237  2.8414  0.1125  0.4856  0.0294  0.2691  0.1972 -0.0003  0.7041 1 
 41.1749 -0.6672  2.8065  0.0295  0.7399  0.0258  0.4492  0.1105 -0.0003  0.3497 0 
 39.5605  0.6800 -0.3796  0.1136  0.0864  0.1197  0.2725  0.0723 -0.0003  0.2640 0 
 44.4099  0.2171 -1.8451  0.0031  0.1043  0.0781  0.3522  0.0629 -0.0003  0.0744 0 
 36.3195 -0.2347  1.3174  0.4317  0.5815  0.0235  0.3719  0.1752  0.1391  0.9758 0 
 50.8064 -0.7436  2.7340  0.0213  0.3332  0.0314  0.2126  0.0121 -0.0003  0.1479 0 
 43.2868  0.7479 -0.4629  0.0776  0.6715  0.0702  0.5762  0.1600 -0.0003  0.7331 0 
 45.3864  0.3378 -2.4045  0.0819  0.3989  0.0464  0.3940  0.0411  0.2955  0.8320 1 
 44.3366 -0.3426  0.7691  0.0505  0.7035  0.0484  0.5285  0.0500 -0.0003  0.4200 1 
 48.0842  0.5505  1.0196  0.0096  0.5151  0.0310  0.4312  0.0499 -0.0003  0.1621 0 
 42.7161 -0.5821 -2.1631  0.0087  0.3509  0.0723  0.4448  0.0206 -0.0003  0.1684 0 
 48.0598 -0.5042  2.5685  0.0238  0.4025  0.0372  0.4313  0.0145 -0.0003  0.2111 0 
 47.1412  0.5074 -0.5603  0.0390  0.2120  0.0193  0.2601  0.0775  0.1240  0.3729 0 
 52.7352  0.7499  2.0024  0.0107  0.1082  0.1588  0.3369  0.0151 -0.0003  0.0723 0 
 48.9357 -0.7313 -1.1143  0.0337  0.3082  0.0474  0.3005  0.0107 -0.0003  0.2140 0 
 50.8583 -0.3441  2.8979  0.0403  0.2678  0.0607  0.2550  0.0092 -0.0003  0.2426 0 
 48.0446  0.3670 -0.2327  0.0104  0.0971  0.1196  0.3019  0.0093 -0.0003  0.0628 0 
 48.1361 -0.7349  2.4147  0.0009  0.3507  0.0389  0.3880  0.0233  0.1598  0.2943 0 
 44.0558  0.7293 -0.7275  0.0431  0.1644  0.0158  0.3088  0.0222 -0.0003  0.0675 0 
 45.4597 -0.7194 -2.8088  0.0465  0.2858  0.0173  0.1312  0.0085 -0.0003  0.1511 0 
 35.0256  0.7161  0.3857  0.0258  0.4574  0.0793  0.4696  0.1704 -0.0003  0.4158 0 
 49.7047 -0.0836 -2.1765  0.0151  0.1675  0.0766  0.5130  0.0668  0.1039  0.2276 1 
 46.9215  0.0599  0.9547  0.2912  0.2229  0.1382  0.6075  0.1534 -0.0003  0.9378 1 
 53.9284 -0.6650 -2.3054  0.0291  0.3420  0.1653  0.5025  0.0266 -0.0003  0.2570 0 
 42.3713  0.6273  0.8366  0.0076  0.1359  0.1413  0.2229  0.1197 -0.0003  0.1394 0 
 49.9794  0.5818  2.4312  0.0006  0.0751  0.0497  0.2135  0.0235 -0.0003  0.0629 0 
 49.4179 -0.5747 -0.7000  0.0285  0.4208  0.0919  0.5566  0.0706 -0.0003  0.2998 0 
 42.8504 -0.3272 -1.2815  0.2569  0.4839  0.0337  0.4000  0.3185 -0.0003  0.9715 1 
 38.4405  0.3162  1.8907  0.0062  0.6856  0.0517  0.4119  0.0424 -0.0003  0.2044 1 
 53.7179  0.2293 -2.0836  0.0349  0.4185  0.0212  0.3354  0.0406 -0.0003  0.1508 0 
 45.4383 -0.2187  1.0588  0.0505  0.5016  0.0811  0.4376  0.0408 -0.0003  0.3399 0 
 53.4737 -0.4283  1.6625  0.2245  0.3231  0.1400  0.3357  0.1423 -0.0003  0.8883 1 
 47.1778  0.4476 -1.4641  0.3338  0.3341  0.1380  0.3900  0.3090 -0.0003  0.9955 1 
 50.2205 -0.0787 -0.8006  0.0681  0.2680  0.0887  0.5117  0.0513 -0.0003  0.3980 0 
 49.6742  0.0899  2.3558  0.0522  0.1818  0.0347  0.4704  0.1098 -0.0003  0.2805 0 
 49.2897  0.3351  2.0178  0.0209  0.4429  0.0359  0.2999  0.0598 -0.0003  0.1771 0 
 45.8228 -0.3090 -1.0824  0.0055  0.3261  0.0467  0.2183  0.1360 -0.0003  0.2319 0 
 46.5461 -0.0787 -1.1239  0.0119  0.3047  0.0348  0.5218  0.1414 -0.0003  0.2451 0 
 43.8666  0.0576  2.0364  0.0165  0.1511  0.0551  0.2208  0.0182 -0.0003  0.0960 0 
 51.8898  0.6243 -1.2185  0.0063  0.1338  0.0188  0.2114  0.0040 -0.0003  0.0466 0 
 47.0253 -0.6201  1.9331  0.0038  0.2997  0.0163  0.2168  0.0115 -0.0003  0.0677 0 
 56.3546 -0.0398 -2.9880  0.0622  0.6738  0.0225  0.2485  0.1840  0.1083  0.6645 0 
 43.1525  0.0591  0.1683  0.0070  0.5696  0.0655  0.4879  0.0443 -0.0003  0.1967 0 
 45.1331  0.2994  0.8544  0.0772  0.2406  0.0202  0.2192  0.0970 -0.0003  0.2067 0 
 34.9310 -0.3095 -2.2890  0.0000  0.2972  0.0064  0.0940 -0.0200 -0.0003  0.1373 0 
 44.1199 -0.3293 -1.7382  0.0362  0.1920  0.0508  0.2646  0.0074 -0.0003  0.1494 0 
 43.0640  0.3314  1.3713  0.0741  0.6676  0.0932  0.4438  0.1544 -0.0003  0.6945 0 
 52.9152  0.3983  2.4521  0.0212  0.2007  0.0400  0.3787  0.0162 -0.0003  0.1131 0 
 36.1242 -0.4192 -0.6614  0.0080  0.4374  0.0432  0.3259  0.1191 -0.0003  0.2195 0 
 45.4597 -0.7214 -1.7238  0.0365  0.1493  0.0292  0.3063  0.0422 -0.0003  0.0785 0 
 44.9897  0.7173  1.3768  0.0867  0.5841  0.0538  0.3071  0.0886 -0.0003  0.6775 0 
 42.4079  0.1334  1.7816  0.0957  0.6130  0.1053  0.4902  0.0906 -0.0003  0.5725 0 
 30.0999 -0.1089 -1.3853  0.0232  0.0573  0.0068  0.1472  0.0084 -0.0003  0.0403 0 
 49.7261 -0.6170 -2.3652  0.0428  0.4258  0.0326  0.5130  0.1367 -0.0003  0.4550 0 
 36.8383  0.5698  0.7983  0.0254  0.5102  0.0294  0.6020  0.1269 -0.0003  0.3911 0 
 51.8898  0.6276  2.8362  0.5379  0.4505  0.1189  0.5497  0.3928  0.1651  0.9971 1 
 41.0773 -0.6039 -0.3760  0.1134  0.6051  0.0152  0.2697  0.2537 -0.0003  0.6447 1 
 53.5744  0.7741  0.8542  0.2852  0.6480  0.0268  0.4195  0.4620 -0.0003  0.9925 1 
 50.1167 -0.7833 -2.2151  0.3886  0.7666  0.1116  0.6826  0.3791 -0.0003  0.9955 1 
 48.1666  0.4850  2.8032  0.0172  0.3070  0.0366  0.4310  0.0174 -0.0003  0.1546 0 
 38.2605 -0.4566 -0.3392  0.0035  0.7354  0.0336  0.2749  0.0350 -0.0003  0.1685 0 
 53.0739  0.1843 -2.7875  0.1160  0.1591  0.0508  0.0421  0.0228 -0.0003  0.4022 0 
 46.8544 -0.1845  0.3575  0.0445  0.2616  0.1210  0.4341  0.0172 -0.0003  0.2484 0 
 46.3996  0.6283 -0.2865  0.0540  0.5136  0.0268  0.4352  0.0104 -0.0003  0.3574 0 
 40.9552 -0.6420  2.8427  0.0741  0.2016  0.0446  0.3599  0.0609 -0.0003  0.2811 0 
 39.1333  0.3342 -1.0544  0.4388  0.5491  0.0386  0.4099  0.4363 -0.0003  0.9960 1 
 38.3215 -0.3538  1.9972  0.2294  0.2905  0.0906  0.5038  0.2149 -0.0003  0.9490 1 
 39.2309  0.3352  2.5122  0.0964  0.5952  0.0485  0.5006  0.0428 -0.0003  0.5934 0 
 39.1669 -0.4930 -0.6284  0.0201  0.2351  0.0461  0.3642  0.0632  0.1062  0.2893 0 
 47.6295  0.7734 -0.2833  0.0169  0.5185  0.0327  0.3890  0.0303 -0.0003  0.1840 0 
 39.0448 -0.7652  2.8275  0.0353  0.2811  0.0284  0.3190  0.0703  0.2271  0.6063 0 
 46.4637 -0.4764 -2.8770  0.0303  0.0445  0.0702  0.1740  0.0041 -0.0003  0.0935 0 
 38.6572  0.4928  0.2624  0.1162  0.5710  0.1401  0.4569  0.0506 -0.0003  0.5243 0 
 47.8798 -0.5870  0.2665  0.6129  0.4611  0.0598  0.3453  0.7166 -0.0003  0.9983 1 
 47.7485  0.5692 -2.9142  0.0179  0.4302  0.0231  0.3024  0.0460 -0.0003  0.1131 1 
 61.9913  0.6153 -0.5953  0.0026  0.4778  0.0356  0.2023  0.0037 -0.0003  0.1979 0 
 61.4298 -0.6319  2.5642  0.0183  0.3279  0.0201  0.1622  0.0704 -0.0003  0.1146 0 
 42.6856 -0.3845 -1.3483  0.0239  0.3482  0.0537  0.1779  0.0917 -0.0003  0.2945 0 
 27.6921  0.4180  1.8482  0.0102  0.4442  0.0227  0.2514  0.0058 -0.0003  0.1254 0 
 49.3690 -0.7357 -1.9504  0.0493  0.0766  0.0334  0.2569  0.1544 -0.0003  0.1384 0 
 46.7659  0.7412  1.1078  0.0886  0.5323  0.0205  0.1737  0.0673 -0.0003  0.3060 0 
 48.2734 -0.7207 -2.9098  0.4684  0.1528  0.0459  0.7323  0.6458 -0.0003  0.9990 1 
 43.1678  0.7170  0.2364  0.0251  0.6897  0.0321  0.3548  0.0287 -0.0003  0.2341 1 
 44.7425 -0.7796  1.6225  0.0083  0.6046  0.0222  0.3954  0.0136 -0.0003  0.1415 0 
 39.5850  0.8206 -1.5228  0.1040  0.1825  0.0506  0.2270  0.1822  0.1617  0.7624 0 
 49.0059 -0.2569  2.6592  0.0251  0.2623  0.0545  0.3003  0.1666 -0.0003  0.3308 0 
 44.7974  0.2823 -0.4781  0.0034  0.5252  0.0129  0.1757  0.1057 -0.0003  0.1191 0 
 42.5208  0.1583  1.7714  0.0175  0.5671  0.0780  0.3117  0.0257 -0.0003  0.2395 0 
 40.2960 -0.1333 -1.3875  0.0351  0.5528  0.0511  0.3163  0.0176 -0.0003  0.3158 0 
 51.3283  0.0097 -2.6217  0.0058  0.0830  0.1105  0.3393  0.0314 -0.0003  0.0573 0 
 50.8949 -0.0087  0.5293  0.0760  0.2073  0.0445  0.2975  0.0684 -0.0003  0.2811 0 
 51.1421 -0.5369  0.5145  0.5417  0.2603  0.1186  0.4244  0.4790 -0.0003  0.9975 1 
 31.0216  0.5386 -2.5998  0.4788  0.6200  0.0412  0.2917  0.2714  0.4105  0.9981 1 
 46.3600 -0.5944 -0.1668  0.0037  0.1728  0.1338  0.3918  0.0170  0.2155  0.1839 0 
 45.3101  0.6204  2.9467  0.2132  0.5551  0.0280  0.4817  0.1625 -0.0003  0.8698 0 
 61.7441  0.2690 -2.1790  0.0490  0.3439  0.0279  0.2835  0.0247 -0.0003  0.1885 0 
 50.7759 -0.2672  0.9962  0.0500  0.6499  0.1144  0.4678  0.0641 -0.0003  0.3638 0 
 33.9513  0.1070  1.0710  0.0026  0.4465  0.0202  0.3317  0.2028 -0.0003  0.2108 1 
 23.6637 -0.1639 -2.0459  0.1509  0.6517  0.0211  0.1583  0.0878  0.3047  0.9451 1 
 47.3671  0.6016 -0.7820  0.0250  0.0688  0.0654  0.2597  0.0184 -0.0003  0.0794 0 
 47.1534 -0.6037  2.2908  0.0406  0.1365  0.1040  0.2167  0.0726 -0.0003  0.1781 0 
 46.6072 -0.6473  3.0615  0.0445  0.4325  0.0930  0.5651  0.0361 -0.0003  0.3246 0 
 43.4394  0.6470 -0.0924  0.0081  0.4511  0.0103  0.2657  0.0186 -0.0003  0.0803 0 
 51.0048 -0.3759  1.9693  0.0318  0.4092  0.0329  0.2548  0.0507 -0.0003  0.1809 0 
 47.8950  0.3720 -1.1571  0.0124  0.4025  0.0124  0.2158  0.0285 -0.0003  0.0861 0 
 48.3497 -0.0341 -0.4244  0.0003  0.2054  0.0586  0.5167  0.0972 -0.0003  0.1424 0 
 45.1606  0.0047  2.7431  0.0320  0.1154  0.0405  0.1753  0.0593 -0.0003  0.0818 0 
 46.0029  0.1262  0.2934  0.0316  0.7384  0.0731  0.6542  0.0698 -0.0003  0.3734 0 
 27.5120 -0.1432 -2.8623  0.1120  0.0415  0.0285  0.2519  0.0226 -0.0003  0.0743 0 
 46.6835 -0.6846 -2.7702  0.0584  0.3929  0.0906  0.7387  0.0823 -0.0003  0.5253 1 
 38.6145  0.6939  0.4338  0.0576  0.4431  0.0433  0.2285  0.0964  0.3733  0.9614 1 
 47.3884 -0.2805  2.7355  0.0120  0.2300  0.0719  0.3463  0.0826 -0.0003  0.1569 0 
 45.7099  0.2778 -0.4169  0.0032  0.5196  0.0085  0.1748  0.0729 -0.0003  0.1024 0 
 41.0071  0.7278  2.9864  0.3402  0.6122  0.0454  0.5396  0.4882 -0.0003  0.9959 1 
 31.1192 -0.7204 -0.1733  0.2267  0.3478  0.0233  0.3400  0.2342  0.3363  0.9981 1 
 52.5673 -0.6646 -0.1330  0.0113  0.3957  0.1685  0.5480  0.0229 -0.0003  0.2283 0 
 46.7475  0.6611  3.0482  0.0547  0.6548  0.1147  0.6515  0.0141 -0.0003  0.3429 0 
 46.2928 -0.6245 -3.1032  0.0517  0.1780  0.0649  0.3484  0.1262 -0.0003  0.3074 0 
 42.8748  0.6324 -0.0058  0.1079  0.5921  0.0114  0.2666  0.1004 -0.0003  0.4073 0 
 51.0384  0.7382 -3.0175  0.0557  0.2109  0.0989  0.5096  0.0319 -0.0003  0.3024 0 
 45.7130 -0.7247  0.0972  0.0009  0.1680  0.0332  0.2184  0.0761  0.2352  0.5302 0 
 45.5177 -0.5687 -1.4645  0.0157  0.1053  0.2661  0.2187  0.0018 -0.0003  0.0898 0 
 45.1301  0.5642  1.6867  0.1152  0.0655  0.0346  0.1753  0.0213 -0.0003  0.1007 0 
 43.7201 -0.6687 -2.8510  0.0000  0.4607  0.0158  0.1326 -0.0200 -0.0003  0.1931 0 
 41.4984  0.6595  0.2729  0.0221  0.8095  0.0180  0.2689  0.0775 -0.0003  0.1897 0 
 49.8329  0.0837  1.7156  0.0680  0.6027  0.0769  0.5127  0.0781 -0.0003  0.4721 0 
 44.8890 -0.0608 -1.4120  0.0383  0.2896  0.0230  0.3951  0.0452 -0.0003  0.1552 0 
 52.1431 -0.6332 -1.0020  0.0106  0.3577  0.2001  0.6336  0.0368  0.0416  0.3036 0 
 40.1434  0.6575  2.1613  0.0073  0.4111  0.0060  0.2261  0.1468 -0.0003  0.1159 0 
 49.5918  0.6755 -0.0295  0.0002  0.6620  0.0156  0.2994  0.0206 -0.0003  0.1020 0 
 47.5959 -0.6600  3.1051  0.0000  0.0383  0.0067  0.1297  0.0092 -0.0003  0.0421 0 
 45.6855  0.7561 -2.2569  0.0198  0.6975  0.0256  0.2185  0.0123 -0.0003  0.1869 0 
 39.7101 -0.7592  0.8651  0.0395  0.2140  0.0310  0.3175  0.0381 -0.0003  0.1188 0 
 49.1798 -0.6295  2.2980  0.0235  0.1272  0.0363  0.1286  0.0184 -0.0003  0.0836 0 
 44.9409  0.6270 -0.8335  0.0142  0.4541  0.0083  0.2633  0.0777 -0.0003  0.0915 0 
 42.8595 -0.2785  2.1644  0.0714  0.2550  0.0135  0.2667  0.0150 -0.0003  0.1337 0 
 40.9522  0.3100 -0.9393  0.0107  0.2003  0.0594  0.3599  0.0108 -0.0003  0.1160 0 
 48.4047 -0.4307  1.8766  0.0077  0.2156  0.0374  0.2152  0.0125 -0.0003  0.0866 0 
 46.5064  0.4364 -1.2952  0.0149  0.0298  0.0630  0.2175  0.0314 -0.0003  0.0751 0 
 36.3012  0.5097 -1.1047  0.0457  0.5490  0.1035  0.2790  0.0577 -0.0003  0.3851 1 
 23.8071 -0.4392  2.1447  0.1139  0.5899  0.0519  0.6322  0.1973 -0.0003  0.8757 1 
 50.8949  0.3605 -2.6947  0.0381  0.3572  0.0312  0.4249  0.0877 -0.0003  0.2738 0 
 40.2899 -0.3469  0.4597  0.0516  0.3714  0.0425  0.3163  0.0917 -0.0003  0.3565 0 
 43.0121 -0.4615  1.6243  0.5651  0.3146  0.0648  0.3996  0.5739 -0.0003  0.9977 1 
 32.7703  0.4947 -1.5274  0.0048  0.6938  0.0493  0.1914  0.0251  0.2426  0.6366 1 
 48.9509  0.1471  1.0778  0.0335  0.5673  0.0782  0.3004  0.0274 -0.0003  0.3032 0 
 42.8565 -0.1499 -2.0524  0.0079  0.7037  0.0200  0.2222  0.0109 -0.0003  0.1428 0 
 53.8033 -0.1342  1.8796  0.0275  0.2505  0.0382  0.4190  0.0259 -0.0003  0.1593 0 
 44.3519  0.1348 -1.2711  0.0049  0.6001  0.0345  0.2642  0.0214 -0.0003  0.1726 0 
 58.0484  0.6798 -2.3745  0.0007  0.5453  0.0573  0.3701  0.0129 -0.0003  0.1726 0 
 47.5837 -0.6933  0.7704  0.0171  0.7766  0.0110  0.3891  0.0587 -0.0003  0.1462 0 
 50.9590 -0.3769  1.1266  0.0346  0.4805  0.0946  0.4673  0.0723 -0.0003  0.3085 0 
 46.2409  0.3953 -1.9925  0.0081  0.1087  0.0462  0.2613  0.0125 -0.0003  0.0671 0 
 47.1412 -0.0882  1.2278  0.0207  0.1825  0.1594  0.3034  0.0165 -0.0003  0.1376 0 
 44.8524  0.0840 -1.8984  0.0313  0.8189  0.0648  0.3512  0.0211 -0.0003  0.3316 0 
 52.7596  0.3569  0.9383  0.0166  0.2283  0.0462  0.2948  0.1241 -0.0003  0.1715 0 
 45.5970 -0.3286 -2.2004  0.0163  0.1062  0.0390  0.1749  0.0169 -0.0003  0.0683 0 
 47.5502 -0.1888  1.7218  0.0061  0.5174  0.1042  0.3892  0.0137 -0.0003  0.1880 0 
 45.4688  0.1871 -1.4115  0.0382  0.8139  0.0845  0.6563  0.1226 -0.0003  0.5411 0 
 47.4403  0.6102 -1.0395  0.0081  0.1570  0.0961  0.3894  0.0091 -0.0003  0.0961 0 
 47.0161 -0.6251  2.1079  0.0307  0.2285  0.1279  0.3903  0.0621 -0.0003  0.2158 0 
 46.3447  0.1860  3.0064  0.0168  0.5745  0.0302  0.4353  0.2436 -0.0003  0.5116 0 
 36.8566 -0.1859 -0.1703  0.0168  0.3838  0.0990  0.6019  0.0403  0.4565  0.6076 0 
 47.2145 -0.3173  2.1369  0.0878  0.2884  0.0194  0.0867  0.0451 -0.0003  0.2053 0 
 39.5575  0.2751 -0.9976  0.0615  0.5761  0.0850  0.6357  0.0794 -0.0003  0.4540 0 
 44.5380  0.7304  1.2039  0.0283  0.2979  0.0095  0.1320  0.0024 -0.0003  0.1137 0 
 42.7558 -0.7265 -1.9068  0.0205  0.3106  0.1094  0.3557  0.0275 -0.0003  0.1916 0 
 53.6446  0.5644  0.4244  0.0066  0.4555  0.0937  0.4613  0.1092 -0.0003  0.2396 0 
 50.2907 -0.5443 -2.7159  0.0062  0.4742  0.0355  0.3410  0.0416 -0.0003  0.1374 0 
 44.9653 -0.2817  1.1417  0.0108  0.5202  0.0281  0.3072  0.0329 -0.0003  0.1339 0 
 44.3915  0.2734 -2.0205  0.0707  0.2129  0.0833  0.4843  0.0096 -0.0003  0.3242 0 
 45.2033 -0.2975 -2.8652  0.0053  0.2463  0.0807  0.3944  0.0610 -0.0003  0.1369 0 
 42.7863  0.3446  0.2888  0.0367  0.1319  0.0205  0.1778  0.0537 -0.0003  0.0589 0 
 51.5389 -0.5730  3.0893  0.0357  0.5477  0.0826  0.4660  0.1138 -0.0003  0.3870 0 
 50.8003  0.5501 -0.0741  0.0005  0.2115  0.0591  0.2551  0.0203 -0.0003  0.1017 0 
 47.2786  0.5839 -2.5961  0.0068  0.1554  0.0120  0.1732  0.0494 -0.0003  0.0406 0 
 47.0191 -0.5746  0.5712  0.0073  0.3444  0.0245  0.2168  0.1556 -0.0003  0.1722 0 
 45.5390  0.6650 -0.2211  0.0313  0.4877  0.0215  0.2187  0.0753 -0.0003  0.1542 0 
 33.4630 -0.6632  2.9440  0.0102  0.2941  0.0188  0.2379  0.0638 -0.0003  0.0701 0 
 46.6377  0.3236 -2.6666  0.0562  0.1895  0.1733  0.3042  0.0806 -0.0003  0.3167 0 
 42.7039 -0.3189  0.4842  0.0428  0.5217  0.0311  0.4003  0.0057 -0.0003  0.3067 0 
 49.5521  0.5626 -0.4500  0.2272  0.6265  0.0920  0.4279  0.1884 -0.0003  0.9679 1 
 45.5390 -0.5569  2.6999  0.4365  0.5257  0.0258  0.4374  0.6612 -0.0003  0.9981 1 
 42.7985  0.5927 -0.9420  0.1267  0.2385  0.0732  0.2667  0.0917 -0.0003  0.5860 0 
 40.6104 -0.5758  2.2054  0.0688  0.3834  0.1142  0.4058  0.1406 -0.0003  0.5562 0 
 45.1362 -0.7337 -1.2490  0.0485  0.4620  0.0262  0.3068  0.0554 -0.0003  0.2272 0 
 43.8300  0.7464  1.9135  0.0268  0.3721  0.1627  0.4417  0.0311 -0.0003  0.2479 0 
 42.1820  0.0539  3.0386  0.0548  0.2304  0.1100  0.5355  0.1111 -0.0003  0.4346 1 
 34.9706 -0.0260 -0.0506  0.6365  0.2261  0.0460  0.2349  0.1656  0.3437  0.9935 1 
 46.3416  0.1843  2.4331  0.0384  0.1931  0.0248  0.2177  0.0168 -0.0003  0.0873 0 
 40.7355 -0.2279 -0.6754  0.0556  0.7899  0.0425  0.2252  0.0952 -0.0003  0.5003 0 
 41.6144  0.5946 -1.5025  0.0832  0.1735  0.1173  0.5823  0.0574  0.3679  0.7208 0 
 38.4314 -0.5854  1.6529  0.2900  0.3202  0.0481  0.4119  0.1783  0.2809  0.9943 0 
 52.7687 -0.5059 -2.4628  0.0034  0.5335  0.0653  0.2948  0.0755 -0.0003  0.2436 0 
 36.4324  0.3707  0.7564  0.0667  0.3909  0.3039  0.4645  0.0242 -0.0003  0.3824 0 
 54.9752  0.0651 -1.1171  0.0734  0.5435  0.0541  0.2084  0.0611 -0.0003  0.5867 0 
 36.6888 -0.0795  1.9777  0.1404  0.2956  0.0635  0.4636  0.1170  0.1130  0.8487 0 
 48.0476 -0.0176 -3.0055  0.0152  0.2462  0.0856  0.3019  0.1083 -0.0003  0.2226 0 
 45.7496  0.0191  0.1156  0.0036  0.5782  0.0211  0.3931  0.0086 -0.0003  0.1278 0 
 46.8849 -0.4483 -1.4551  0.5879  0.2478  0.0479  0.3906  0.4641 -0.0003  0.9956 1 
 43.8544  0.4228  1.6854  0.0267  0.4493  0.0375  0.5742  0.2267  0.1423  0.7249 1 
 47.2816  0.7392 -2.5429  0.0228  0.3841  0.0475  0.3031  0.0075 -0.0003  0.2206 0 
 43.0213 -0.7474  0.5988  0.0035  0.1155  0.0360  0.4883  0.1077 -0.0003  0.1010 0 
 44.2512  0.2170  2.2846  0.0136  0.6292  0.3083  0.3966  0.0170 -0.0003  0.2288 0 
 42.3804 -0.1970 -0.8545  0.0161  0.2753  0.0050  0.1783  0.0164 -0.0003  0.0642 0 
 48.7465  0.1214  2.4051  0.0302  0.1857  0.0339  0.3008  0.0113 -0.0003  0.0978 0 
 45.3223 -0.1259 -0.7446  0.0073  0.0943  0.3828  0.4379  0.0106 -0.0003  0.1122 0 
 46.0578 -0.6030 -0.1008  0.1785  0.1384  0.0644  0.3488  0.1590  0.2700  0.9163 0 
 41.0620  0.6113  3.0620  0.0302  0.5435  0.0291  0.4945  0.0372  0.0720  0.4126 0 
 46.8330 -0.0466 -0.9990  0.0059  0.6092  0.1368  0.3908  0.2181 -0.0003  0.4685 0 
 40.7752 -0.0062  2.1667  0.0242  0.2334  0.1114  0.2252  0.0399 -0.0003  0.2034 0 
 45.8564 -0.6442 -3.1175  0.8041  0.3577  0.0588  0.6112  0.7409  0.1118  0.9984 1 
 37.3449  0.6687 -0.0599  0.1982  0.4555  0.1558  0.5997  0.5412 -0.0003  0.9973 1 
 47.1839 -0.6386  1.3598  0.0425  0.1956  0.0273  0.2600  0.0268 -0.0003  0.0967 0 
 39.9115  0.6222 -1.7468  0.0041  0.1502  0.0254  0.2718  0.0162 -0.0003  0.0469 0 
 48.1422  0.1990 -3.0788  0.0106  0.6312  0.0413  0.3880  0.0385 -0.0003  0.1973 0 
 45.1576 -0.1828  0.0731  0.0196  0.2593  0.0257  0.2630  0.2176 -0.0003  0.2864 0 
 44.4129  0.0306  0.8294  0.0146  0.2925  0.0204  0.2201  0.0679 -0.0003  0.0826 0 
 36.1730 -0.0584 -2.3167  0.0825  0.1606  0.0152  0.1396  0.0488 -0.0003  0.1219 0 
 49.7078  0.3116  1.9083  0.0562  0.6064  0.0326  0.3848  0.0756 -0.0003  0.4371 0 
 43.7263 -0.3487 -1.2360  0.0428  0.1601  0.0275  0.3536  0.0294 -0.0003  0.1003 0 
 46.2226  0.5561  2.2599  0.0218  0.2833  0.2093  0.3921  0.1417  0.1072  0.5352 1 
 41.4588 -0.5749 -0.8348  0.0641  0.3338  0.0346  0.4035  0.0391 -0.0003  0.3274 1 
 50.0313 -0.4358 -1.5212  0.0262  0.1006  0.0437  0.2134  0.0142 -0.0003  0.0748 0 
 37.2290  0.4592  1.6697  0.0250  0.6309  0.1115  0.6464  0.0350 -0.0003  0.2856 0 
 48.2643  0.7478 -1.3167  0.0522  0.4876  0.0234  0.4308  0.1080  0.0458  0.5102 0 
 43.4546 -0.7548  1.8869  0.0671  0.6939  0.0445  0.4870  0.1295 -0.0003  0.6726 0 
 44.0620  0.5653 -0.1165  0.0085  0.4784  0.0264  0.3088  0.0071 -0.0003  0.1369 0 
 40.2899 -0.5647  3.0221  0.0175  0.5447  0.0290  0.3615  0.0384 -0.0003  0.1673 0 
 49.5125 -0.0328  2.5610  0.0022  0.6008  0.0324  0.3852  0.1108 -0.0003  0.1840 0 
 38.6847  0.0247 -0.5753  0.0027  0.2555  0.0215  0.2284  0.1052 -0.0003  0.0763 0 
 46.4485 -0.6049 -2.9349  0.0739  0.3199  0.0900  0.6091  0.0659  0.2258  0.7117 1 
 42.7161  0.6041  0.2236  0.3554  0.5606  0.0227  0.2224  0.4084 -0.0003  0.9914 1 
 55.5581  0.4451 -3.0731  0.1180  0.5016  0.0500  0.2910  0.1285  0.1693  0.8341 0 
 30.7286 -0.4268  0.1051  0.1451  0.1162  0.0266  0.1950  0.1194  0.1763  0.7621 0 
 48.5328  0.7891 -1.2996  0.0164  0.7894  0.0157  0.3442  0.0479 -0.0003  0.1471 0 
 43.2288 -0.7945  1.8536  0.0803  0.1638  0.1065  0.3547  0.1251 -0.0003  0.4463 0 
 35.3796  0.3083  1.1443  0.6759  0.7924  0.0299  0.3746  0.7014  0.1232  0.9983 1 
 33.9971 -0.3747 -2.0071  0.0563  0.6615  0.1068  0.2368  0.0513 -0.0003  0.4516 1 
 47.7699  0.4743 -0.8722  0.0267  0.2202  0.0793  0.3024  0.0235 -0.0003  0.1702 0 
 46.8788 -0.4880  2.2705  0.0067  0.2300  0.0426  0.2604  0.0115 -0.0003  0.0962 0 
 47.8340 -0.2848 -1.2418  0.1898  0.7679  0.0731  0.6045  0.3341 -0.0003  0.9837 1 
 41.7273  0.2765  1.9091  0.1428  0.6558  0.0511  0.5819  0.0773 -0.0003  0.8000 1 
 52.5582 -0.7335 -3.0414  0.0313  0.1301  0.0274  0.4215  0.1008 -0.0003  0.1222 0 
 41.0986  0.7206  0.0933  0.0808  0.3535  0.0288  0.1798  0.0547  0.1335  0.6088 0 
 45.0538 -0.3022  2.1899  0.0094  0.4954  0.0244  0.3947  0.0869  0.0349  0.2086 0 
 39.3286  0.3382 -0.9691  0.0280  0.6537  0.1222  0.4548  0.0317 -0.0003  0.2845 0 
 50.0465  0.4576 -2.3391  0.1566  0.3076  0.0490  0.3415  0.0093 -0.0003  0.5585 0 
 43.3845 -0.4882  0.8400  0.0584  0.1543  0.1446  0.3544  0.0744 -0.0003  0.2570 0 
 45.3895 -0.1761 -3.0616  0.0171  0.0998  0.0374  0.3940  0.0473 -0.0003  0.0738 0 
 38.2971  0.1683  0.1095  0.0098  0.1922  0.1156  0.3665  0.0135 -0.0003  0.1154 0 
 45.5604  0.1164  2.3944  0.0303  0.1610  0.0450  0.3498  0.1364 -0.0003  0.1842 0 
 43.9002 -0.1141 -0.7575  0.0830  0.6521  0.0182  0.1325  0.1037  0.1572  0.5989 0 
 49.9641  0.7727  2.5917  0.0573  0.6805  0.0364  0.2562  0.0537 -0.0003  0.4025 0 
 46.2196 -0.7716 -0.5137  0.1093  0.5815  0.0612  0.8277  0.0582 -0.0003  0.7115 0 
 47.7577  0.7960 -1.9711  0.0114  0.3534  0.0742  0.2592  0.0214 -0.0003  0.2141 0 
 37.6745 -0.7901  1.1066  0.0025  0.2925  0.2111  0.2301  0.2228 -0.0003  0.4649 0 
 47.4739 -0.6845  3.1333  0.0096  0.3821  0.0372  0.3028  0.0180 -0.0003  0.1390 0 
 47.2114  0.6745 -0.0583  0.0572  0.4930  0.0759  0.3466  0.0328 -0.0003  0.3868 0 
 43.1525 -0.3666 -0.4865  0.0511  0.3040  0.0438  0.2661  0.0098 -0.0003  0.2581 0 
 41.8006  0.3754  2.6477  0.0069  0.2753  0.0235  0.3579  0.0268 -0.0003  0.0697 0 
 57.8927 -0.1183  0.1092  0.0118  0.1046  0.1256  0.4938  0.0438 -0.0003  0.0944 0 
 43.9124  0.1365 -3.0386  0.1221  0.4175  0.0334  0.2208  0.0720 -0.0003  0.5319 0 
 50.1350 -0.7566  2.4748  0.0031  0.2533  0.0116  0.1280  0.0164 -0.0003  0.0735 0 
 47.3030  0.7513 -0.6264  0.0248  0.3057  0.0368  0.4331  0.1585 -0.0003  0.2982 0 
 45.9968 -0.2197 -2.4897  0.0338  0.1171  0.0619  0.3053  0.0378 -0.0003  0.1025 0 
 40.9064  0.2350  0.6026  0.0077  0.3820  0.0228  0.1800  0.0180 -0.0003  0.1155 0 
 49.9947 -0.5841  2.5101  0.1046  0.1047  0.0428  0.5123  0.2186 -0.0003  0.5642 0 
 39.6979  0.5924 -0.6423  0.0402  0.3685  0.0417  0.2268  0.0147  0.2240  0.6111 0 
 47.0405 -0.2143 -1.5448  0.0051  0.2493  0.0326  0.0867  0.0279 -0.0003  0.1462 0 
 46.6987  0.1915  1.5779  0.0992  0.6496  0.0808  0.6952  0.0899 -0.0003  0.6731 0 
 51.8105 -0.0569 -2.2549  0.0057  0.2240  0.1324  0.3384  0.0279 -0.0003  0.1288 0 
 48.3955  0.0474  0.8632  0.0266  0.3670  0.1795  0.5166  0.0062 -0.0003  0.2478 0 
 45.0019 -0.1017 -0.0462  0.0345  0.2288  0.0703  0.5703  0.0295 -0.0003  0.2575 0 
 41.7914  0.1157  3.1301  0.0183  0.7265  0.0263  0.1342  0.0080 -0.0003  0.2117 0 
 48.6946  0.5503 -1.7281  0.0403  0.4034  0.0550  0.4728  0.0136 -0.0003  0.2925 0 
 45.5177 -0.5681  1.4010  0.0092  0.3824  0.0505  0.5686  0.0555 -0.0003  0.2073 0 
 47.7974 -0.6022  2.7216  0.0657  0.0346  0.0175  0.2591  0.0809 -0.0003  0.0601 0 
 44.4343  0.5899 -0.4180  0.0049  0.3949  0.0045  0.0440  0.0035 -0.0003  0.1448 0 
 52.3964  0.5612  1.3926  0.0172  0.1455  0.0646  0.3375  0.0908 -0.0003  0.1203 0 
 48.3101 -0.5408 -1.7490  0.0041  0.3661  0.1058  0.2153  0.0081 -0.0003  0.2064 0 
 50.2693 -0.7371 -0.1527  0.1233  0.4737  0.0361  0.3410  0.1516 -0.0003  0.7560 1 
 41.4801  0.7225  2.9737  0.4422  0.3859  0.0572  0.2242  0.4288  0.4460  0.9997 1 
 44.3763 -0.1801  2.1820  0.0212  0.6312  0.0231  0.3523  0.0557 -0.0003  0.1655 0 
 33.7224  0.1337 -0.9699  0.0152  0.3089  0.1336  0.2848  0.0391 -0.0003  0.1986 0 
 48.3528 -0.5502  1.7507  0.0035  0.2327  0.1055  0.4737  0.0574 -0.0003  0.1415 0 
 30.8659  0.5754 -1.4056  0.0234  0.1968  0.0136  0.1461  0.1368 -0.0003  0.1334 0 
 46.6316  0.5224 -0.2227  0.0589  0.6855  0.0316  0.6520  0.1016  0.2125  0.7691 1 
 44.4678 -0.5235  2.9159  0.1682  0.2919  0.1010  0.3521  0.1341 -0.0003  0.7922 1 
 50.4982 -0.0529  3.0081  0.0349  0.3030  0.0486  0.4258  0.0673 -0.0003  0.2589 0 
 37.5311  0.0432 -0.1582  0.0031  0.1906  0.0183  0.2304  0.1097 -0.0003  0.0586 0 
 50.5745  0.4507 -1.0845  0.0098  0.1156  0.0569  0.2980  0.0126 -0.0003  0.0776 0 
 49.3477 -0.4647  2.0684  0.0544  0.5496  0.0153  0.2998  0.0522 -0.0003  0.1958 0 
 47.4556  0.1367  0.1474  0.0715  0.1946  0.0408  0.3029  0.0635 -0.0003  0.2350 0 
 40.0488 -0.1354 -2.9622  0.0249  0.1957  0.0269  0.3621  0.0491 -0.0003  0.0864 0 
 45.3925 -0.1307 -2.3764  0.0079  0.5998  0.0489  0.2626  0.0141 -0.0003  0.2462 0 
 43.5615  0.1187  0.8172  0.0034  0.1629  0.1993  0.5752  0.0096 -0.0003  0.1569 0 
 49.0791 -0.4758 -0.9187  0.0275  0.3114  0.2314  0.3860  0.0214 -0.0003  0.2451 0 
 46.0945  0.4942  2.1816  0.0140  0.3177  0.0634  0.3051  0.0143 -0.0003  0.1842 0 
 50.0954 -0.5123 -0.6881  0.1234  0.5172  0.0977  0.5547  0.0904  0.1292  0.8371 1 
 39.3774  0.5032  2.4457  0.0381  0.3082  0.1266  0.4092  0.0572  0.4818  0.6583 1 
 48.6793 -0.4105 -1.3751  0.0069  0.1864  0.0210  0.3869  0.0716 -0.0003  0.0591 0 
 44.7639  0.4082  1.7796  0.0409  0.2921  0.0121  0.1318  0.0104 -0.0003  0.1249 0 
 42.2370  0.4790 -0.7970  0.0230  0.5966  0.0356  0.4015  0.0770 -0.0003  0.2646 0 
 35.1751 -0.4743  2.3434  0.0074  0.1204  0.0314  0.2345  0.0910 -0.0003  0.0570 0 
 48.8746 -0.0441 -1.3771  0.0670  0.7317  0.0767  0.4723  0.1744 -0.0003  0.7448 0 
 34.1619  0.1262  1.7293  0.0552  0.1993  0.0414  0.0473  0.0102 -0.0003  0.2964 0 
 49.0272  0.2241  0.3758  0.0327  0.0724  0.0594  0.3003  0.0154 -0.0003  0.0816 0 
 42.6886 -0.2087 -2.7472  0.0346  0.3774  0.0488  0.3114  0.0541 -0.0003  0.2605 0 
 48.9387  0.6262  0.1402  0.0037  0.4911  0.0825  0.3434  0.0590 -0.0003  0.1996 0 
 40.5188 -0.6295 -3.0031  0.0349  0.7502  0.0453  0.3609  0.0158 -0.0003  0.3322 0 
 49.5674 -0.1981  1.9269  0.0258  0.1123  0.0237  0.1711  0.0463 -0.0003  0.0521 0 
 44.9012  0.1967 -1.1960  0.0117  0.1810  0.0220  0.3073  0.0989 -0.0003  0.0634 0 
 48.7922 -0.3784 -1.0628  0.0549  0.2268  0.1462  0.4725  0.0779  0.6000  0.7965 0 
 47.5441  0.3681  2.0465  0.0502  0.2931  0.0237  0.2595  0.1909  0.0498  0.4456 0 
 43.1403  0.0291  0.7631  0.0265  0.2214  0.1153  0.4436  0.0453 -0.0003  0.1924 0 
 38.9075 -0.0415 -2.4037  0.0094  0.1605  0.0343  0.2737  0.1227 -0.0003  0.0877 0 
 48.3619  0.5075  2.0208  0.0071  0.2852  0.0603  0.2153  0.0356 -0.0003  0.1660 0 
 45.1087 -0.5295 -1.1089  0.0190  0.2412  0.1011  0.2192  0.0078 -0.0003  0.1897 0 
 40.8423 -0.2846 -0.9138  0.5839  0.2316  0.0591  0.2701  0.4559 -0.0003  0.9949 1 
 30.4692  0.2633  2.2197  0.3656  0.2447  0.0674  0.3421  0.4385  0.6524  0.9999 1 
 44.4343 -0.2816 -2.4230  0.0067  0.5495  0.0302  0.3081  0.0488 -0.0003  0.1326 0 
 43.2715  0.2785  0.6902  0.1407  0.3871  0.0153  0.2217  0.0497  0.1102  0.6147 0 
 47.3823 -0.0723  2.7391  0.8089  0.5738  0.0954  0.3896  0.3391  0.5804  0.9984 1 
 44.8127  0.0800 -0.3657  0.7154  0.5547  0.0429  0.5709  0.3930 -0.0003  0.9927 1 
 49.9947  0.7862  1.7616  0.0221  0.6064  0.0451  0.5550  0.0250 -0.0003  0.2502 0 
 46.2531 -0.8112 -1.3406  0.0392  0.1099  0.0856  0.2178  0.0186 -0.0003  0.1122 0 
 54.1634  0.6830  1.4118  0.0129  0.2194  0.0922  0.4184  0.0755 -0.0003  0.1590 0 
 42.2461 -0.6796 -1.6984  0.0689  0.2679  0.0227  0.1784  0.1562 -0.0003  0.2970 0 
 47.3243  0.0974  2.9625  0.0396  0.4448  0.0709  0.3897  0.0650 -0.0003  0.3393 1 
 43.6774 -0.0477 -0.1684  0.3449  0.2976  0.2878  0.6190  0.1414  1.1351  0.9987 1 
 47.3823 -0.0285 -0.8802  0.0083  0.3385  0.0331  0.4328  0.0402 -0.0003  0.1270 0 
 39.0173  0.0384  2.2764  0.0048  0.2952  0.0374  0.2735  0.0270 -0.0003  0.0948 0 
 48.2704  0.7547 -2.3754  0.0092  0.0593  0.0186  0.3015  0.1328 -0.0003  0.0590 0 
 44.5991 -0.7562  0.7744  0.0168  0.4038  0.0657  0.4837  0.0704 -0.0003  0.2353 0 
 43.9979  0.6797  2.8442  0.0081  0.2617  0.0587  0.2648  0.0773 -0.0003  0.1484 1 
 43.3234 -0.6964 -0.3625  0.0830  0.6563  0.0367  0.3545  0.2266 -0.0003  0.8086 1 
 40.7080 -0.6211  1.8410  0.0233  0.5071  0.0204  0.3154  0.0071 -0.0003  0.1527 0 
 39.3774  0.6236 -1.3170  0.0034  0.1614  0.0861  0.5001  0.1805  0.5051  0.7318 0 
 41.6938 -0.3782  1.0453  0.0361  0.0914  0.0445  0.3582  0.1069  0.1119  0.2451 0 
 40.5676  0.3830 -2.0960  0.2920  0.6961  0.0536  0.1804  0.3057 -0.0003  0.9834 0 
 48.0598  0.3354 -0.2479  0.0103  0.3353  0.0708  0.2587  0.0312 -0.0003  0.2013 0 
 44.9195 -0.3321  2.8734  0.0351  0.1152  0.2107  0.2634  0.0266 -0.0003  0.1113 0 
 47.3762 -0.7647 -1.8015  0.0235  0.2637  0.0738  0.4329  0.0567 -0.0003  0.2051 0 
 44.0650  0.7675  1.3290  0.0315  0.3792  0.0101  0.3529  0.0406 -0.0003  0.0999 0 
 48.8014 -0.7402 -0.3253  0.1841  0.2845  0.0651  0.5584  0.1685 -0.0003  0.8841 0 
 38.8891  0.7425  2.8610  0.1025  0.3016  0.0132  0.2737  0.1801 -0.0003  0.3867 0 
 44.9500  0.2129 -1.5980  0.0031  0.2335  0.0384  0.3950  0.0383 -0.0003  0.0863 0 
 40.1160 -0.2073  1.5337  0.0120  0.0803  0.0061  0.1810  0.0195 -0.0003  0.0341 0 
 37.5433 -0.1592  2.7555  0.0143  0.6819  0.0382  0.5067  0.0118  0.1285  0.3810 1 
 24.3595  0.2297 -0.3394  0.6204  0.4014  0.0641  0.3661  0.2632  0.3199  0.9969 1 
 46.9703  0.4260  0.7753  0.2396  0.1291  0.0267  0.3904  0.1280 -0.0003  0.6836 0 
 36.1578 -0.4234 -2.2995  0.1003  0.2297  0.0759  0.3724  0.0130 -0.0003  0.3954 0 
 39.0051 -0.4731 -1.6528  0.0578  0.5570  0.0606  0.2279  0.1490  0.3594  0.9243 1 
 29.2393  0.4883  1.5116  0.5330  0.3029  0.0408  0.3463  0.4145  0.2735  0.9989 1 
 44.3000  0.5420 -2.4930  0.0561  0.4273  0.0552  0.3524  0.1219  0.4425  0.9757 1 
 31.9188 -0.5095  0.6252  0.0537  0.3597  0.0399  0.3376  0.0507  0.2955  0.7975 1 
 49.0578 -0.6280  2.6716  0.0831  0.6772  0.0221  0.1716  0.0121 -0.0003  0.3448 0 
 43.7568  0.6190 -0.5235  0.0631  0.6597  0.0244  0.4419  0.2520 -0.0003  0.7328 0 
 54.3038 -0.1653 -2.5767  0.0087  0.1773  0.0320  0.4599  0.0534 -0.0003  0.0922 0 
 44.1291  0.1768  0.5412  0.0397  0.3281  0.0739  0.3528  0.0803 -0.0003  0.3287 0 
 49.7627 -0.5179  0.7247  0.0598  0.2534  0.1835  0.4701  0.1508 -0.0003  0.5264 0 
 41.4252  0.5313 -2.4011  0.0899  0.5896  0.0465  0.3588  0.0698 -0.0003  0.6375 0 
 44.1077 -0.6962 -0.5685  0.0719  0.6217  0.0222  0.3528  0.1187 -0.0003  0.4613 0 
 26.7613  0.6494  2.5575  0.0547  0.1689  0.0677  0.2540  0.0540 -0.0003  0.2072 0 
 53.9590 -0.1972  1.5377  0.7023  0.7228  0.0710  0.4187  0.7593 -0.0003  0.9983 1 
 51.4534  0.2162 -1.6272  0.4459  0.3479  0.0616  0.2966  0.4172 -0.0003  0.9963 1 
 47.5685 -0.7423  0.9009  0.0258  0.3025  0.0337  0.1729  0.0027 -0.0003  0.1838 0 
 41.7823  0.7386 -2.2435  0.0633  0.2720  0.0253  0.4474  0.0882  0.2202  0.6896 0 
 51.4107 -0.6363  2.4392  0.0026  0.1470  0.0609  0.5934  0.0970 -0.0003  0.1502 0 
 47.7394  0.6333 -0.6750  0.0113  0.5571  0.0722  0.5616  0.0568 -0.0003  0.2308 0 
 44.1016  0.4500 -0.1674  0.0331  0.3846  0.1609  0.4411  0.0501 -0.0003  0.2775 0 
 42.0264 -0.4889  2.9282  0.0217  0.2588  0.0979  0.3127  0.0767 -0.0003  0.2154 0 
 48.0049  0.7064 -1.2503  0.0158  0.0336  0.0429  0.1725  0.1026 -0.0003  0.0799 0 
 42.9633 -0.7231  1.8946  0.0766  0.6879  0.0522  0.4885  0.0677 -0.0003  0.5762 0 
 40.1923 -0.0646  2.8664  0.0754  0.1615  0.0326  0.4521  0.0118 -0.0003  0.2352 0 
 40.1434  0.1738 -0.2591  0.0105  0.1643  0.0958  0.3166  0.0715 -0.0003  0.1123 0 
 42.3255  0.5017  2.8692  0.1419  0.1378  0.1135  0.4013  0.1218 -0.0003  0.5915 0 
 27.3198 -0.4655 -0.3129  0.0538  0.3703  0.0276  0.1515  0.0097 -0.0003  0.2341 0 
 40.8881 -0.0193 -2.8682  0.2053  0.3201  0.0420  0.3150  0.3185  0.1860  0.9700 0 
 33.7133  0.0147  0.2590  0.0568  0.2466  0.0280  0.2848  0.0530  0.0421  0.2763 0 
 47.2755  0.1681  2.5085  0.0013  0.5794  0.0168  0.3465  0.0172 -0.0003  0.0986 0 
 46.3081 -0.1708 -0.6394  0.0184  0.1376  0.0296  0.1742  0.0468  0.0255  0.0793 0 
 44.7578 -0.7662 -1.6753  0.3034  0.4698  0.1365  0.7469  0.2914  0.3569  0.9968 1 
 37.5494  0.7782  1.4107  0.4419  0.5360  0.0279  0.4606  0.5126 -0.0003  0.9969 1 
 55.5154 -0.5768  1.5472  0.0045  0.3896  0.0484  0.2911  0.0622  0.1766  0.4209 0 
 41.2848  0.5743 -1.6050  0.0311  0.2152  0.0197  0.3142  0.0258 -0.0003  0.0756 0 
 39.5026 -0.7544  3.0964  0.0261  0.5383  0.0283  0.4542  0.0779  0.2546  0.6842 0 
 38.0224  0.7698 -0.0986  0.0141  0.5146  0.0174  0.2754  0.0084 -0.0003  0.1202 0 
 45.5055  0.5572  2.1066  0.2316  0.4042  0.0668  0.4374  0.2773  0.4665  0.9992 1 
 30.4631 -0.5182 -0.9953  0.3751  0.5002  0.0669  0.4399  0.4144  0.2161  0.9984 1 
 41.6083  0.6047 -1.5510  0.0158  0.4534  0.0437  0.3583  0.0333 -0.0003  0.1926 0 
 41.1353 -0.5921  1.6116  0.0191  0.6919  0.0693  0.4493  0.0106 -0.0003  0.2354 0 
 37.4640  0.6688  0.2769  0.0018  0.2272  0.0945  0.2765  0.0270 -0.0003  0.1256 0 
 36.5759 -0.6524 -2.8137  0.0239  0.1859  0.1098  0.4176  0.0087 -0.0003  0.1432 0 
 44.2329  0.5295  0.3743  0.3073  0.3940  0.0423  0.3526  0.3433 -0.0003  0.9853 0 
 36.7254 -0.5034 -2.7887  0.0033  0.6288  0.0189  0.2780  0.0384  0.1216  0.2438 0 
 38.6481 -0.0883 -2.1048  0.0455  0.5703  0.0611  0.2285  0.0179  0.3429  0.8969 0 
 38.1109  0.0838  0.9895  0.0026  0.0895  0.0228  0.1835  0.0200  0.0498  0.0687 0 
 44.3671  0.5114 -1.7164  0.0223  0.4614  0.0924  0.5284  0.0242 -0.0003  0.2337 0 
 42.8290 -0.4961  1.4076  0.0178  0.1998  0.0169  0.3111 -0.0200 -0.0003  0.0795 0 
 50.1534  0.2547  1.1460  0.0072  0.1341  0.0462  0.3412  0.0256 -0.0003  0.0706 0 
 36.4233 -0.2419 -1.9758  0.0879  0.3550  0.0177  0.2323  0.1485 -0.0003  0.3366 0 
 46.3416  0.7228  2.7309  0.0196  0.1909  0.0266  0.1741  0.0047 -0.0003  0.0836 0 
 43.8453 -0.7338 -0.3164  0.0846  0.3774  0.0514  0.3976  0.1148 -0.0003  0.5918 0 
 40.3265  0.7083  0.9203  0.0634  0.6641  0.0329  0.1807  0.1812  0.2039  0.7641 0 
 34.7875 -0.7100 -2.2485  0.0096  0.2010  0.0100  0.0941  0.0038 -0.0003  0.0795 0 
 48.3864  0.2728 -3.0309  0.0486  0.2952  0.0619  0.5596  0.0334 -0.0003  0.3414 0 
 46.4332 -0.2790  0.1013  0.0012  0.6160  0.1016  0.3481  0.0906 -0.0003  0.2628 0 
 44.7791 -0.4552  0.5125  0.0079  0.1956  0.1212  0.3075  0.0158 -0.0003  0.1146 0 
 37.3144  0.4525 -2.6430  0.0086  0.3408  0.0324  0.3230  0.0627 -0.0003  0.1028 0 
 58.3169 -0.2197  1.8505  0.0609  0.5839  0.0795  0.4108  0.1263 -0.0003  0.5626 0 
 44.8402  0.2145 -1.3263  0.0083  0.2080  0.0479  0.2634  0.0626 -0.0003  0.0920 0 
 45.7282  0.6311  2.1434  0.2259  0.3072  0.0430  0.2184  0.2523 -0.0003  0.8996 1 
 44.5258 -0.6562 -0.9528  0.2658  0.3673  0.0475  0.5279  0.3994 -0.0003  0.9919 1 
 37.8637 -0.3221 -0.8809  0.1998  0.3563  0.0266  0.4136  0.1024 -0.0003  0.6950 1 
 35.5413  0.3035  2.2947  0.1537  0.2247  0.0705  0.2338  0.0748  0.5261  0.9960 1 
 48.3223  0.8115 -2.0829  0.0146  0.0994  0.0386  0.3445  0.0247 -0.0003  0.0643 0 
 41.7182 -0.7762  1.0287  0.0128  0.7208  0.0416  0.3133  0.0208 -0.0003  0.2338 0 
 50.9194  0.2425 -0.6482  0.1406  0.7692  0.1133  0.2549  0.1308 -0.0003  0.9194 1 
 36.2341 -0.2902  2.4892  0.3452  0.4898  0.0588  0.3256  0.5458  0.2539  0.9990 1 
 41.3733  0.1392  2.5329  0.0264  0.3664  0.0416  0.4486  0.0309 -0.0003  0.2223 0 
 36.9635 -0.1365 -0.6462  0.0078  0.6026  0.0364  0.2313  0.0078 -0.0003  0.2219 0 
 49.1249 -0.7808 -2.6498  0.0510  0.4967  0.0162  0.2573  0.0185 -0.0003  0.1699 0 
 45.9815  0.7790  0.5287  0.0020  0.2172  0.0493  0.3926  0.1053 -0.0003  0.1176 0 
 38.8678 -0.2558  1.1360  0.1826  0.4482  0.0770  0.5931  0.1218 -0.0003  0.8515 1 
 38.3917  0.2192 -1.9479  0.1397  0.6970  0.0634  0.4120  0.0396  0.4623  0.9965 1 
 46.7231 -0.7484  2.9661  0.0783  0.3711  0.1506  0.4344  0.1237 -0.0003  0.5328 1 
 37.2229  0.7583 -0.1891  0.1230  0.3428  0.0323  0.4156  0.1269  0.1237  0.8062 1 
 46.6133  0.5365  3.0177  0.0369  0.1136  0.0329  0.2173 -0.0200 -0.0003  0.0952 0 
 46.1952 -0.5436 -0.1367  0.0499  0.2239  0.0387  0.3050  0.0700 -0.0003  0.1928 0 
 45.7465  0.8125  2.3563  0.0026  0.1471  0.1753  0.3058  0.0226  0.1713  0.1477 0 
 42.7649 -0.8039 -0.7571  0.0244  0.0510  0.0404  0.1778  0.0035 -0.0003  0.0726 0 
 42.7253 -0.1045  0.5351  0.0258  0.2463  0.0362  0.4003  0.0244 -0.0003  0.1413 0 
 37.5006  0.0880 -2.6193  0.0270  0.1275  0.0150  0.2764  0.0159 -0.0003  0.0448 0 
 54.3099 -0.4237 -1.7447  0.0939  0.5129  0.0444  0.2927  0.2324 -0.0003  0.8149 0 
 46.0487  0.3482  1.4166  0.0460  0.1002  0.0594  0.3924  0.0696 -0.0003  0.1389 0 
 51.4565  0.6408  2.2641  0.3073  0.4719  0.1077  0.5509  0.3415 -0.0003  0.9960 1 
 28.5893 -0.6886 -0.8162  0.2979  0.2885  0.0417  0.2988  0.4429  0.2086  0.9967 1 
 48.1147  0.2394 -0.9966  0.0403  0.0270  0.0263  0.2587  0.0195 -0.0003  0.0530 0 
 36.9055 -0.2383  2.1635  0.0000  0.1465  0.0092  0.0463  0.0003 -0.0003  0.0787 0 
 48.0781  0.5147 -2.7937  0.5247  0.1964  0.0509  0.5606  0.9064  0.0949  0.9993 1 
 47.7089 -0.5343  0.3691  0.0215  0.5957  0.0451  0.3889  0.0397 -0.0003  0.2481 1 
 35.9533 -0.2628 -1.1735  0.5534  0.6392  0.0496  0.6060  0.3153 -0.0003  0.9876 1 
 33.6706  0.1927  1.9431  0.3984  0.3574  0.0215  0.5224  0.5106 -0.0003  0.9962 1 
 51.1055  0.1615 -0.5687  0.2632  0.3828  0.0645  0.3821  0.2172 -0.0003  0.9593 1 
 44.2267 -0.1728  2.5505  0.4882  0.3256  0.0424  0.4848  0.2067  0.1584  0.9907 1 
 47.6326  0.1342 -1.5176  0.0732  0.5799  0.0122  0.1297  0.0828 -0.0003  0.2447 0 
 46.3325 -0.1201  1.6404  0.0354  0.0672  0.0331  0.2177  0.0046 -0.0003  0.0649 0 
 40.4913 -0.7062  1.0273  0.3952  0.3624  0.0423  0.6317  0.3831 -0.0003  0.9932 1 
 32.0439  0.6973 -2.0972  0.1073  0.3694  0.0743  0.4817  0.2193  0.2451  0.9285 1 
 44.9470 -0.6253  1.6923  0.0288  0.5476  0.0255  0.2633  0.0777 -0.0003  0.1788 0 
 39.9084  0.6201 -1.4501  0.0012  0.0782  0.0124  0.1359  0.1735 -0.0003  0.0836 0 
 47.3457 -0.5525 -0.6618  0.1107  0.5593  0.0627  0.1732  0.0093 -0.0003  0.6888 1 
 40.6256  0.5464  2.4818  0.6168  0.4676  0.0377  0.4057  0.4244  0.2250  0.9979 1 
 48.0049  0.1661  2.8720  0.0420  0.1044  0.0279  0.3882  0.1955 -0.0003  0.1975 0 
 37.4395 -0.1450 -0.2756  0.0455  0.6450  0.0431  0.3227  0.0300 -0.0003  0.3839 0 
 43.1098  0.5788 -2.6739  0.0117  0.5262  0.0142  0.1331  0.0032 -0.0003  0.1440 0 
 39.6582 -0.5528  0.4882  0.0201  0.0492  0.0278  0.2269  0.0273 -0.0003  0.0481 0 
 47.7852 -0.4142 -3.1358  0.0493  0.4601  0.1380  0.4751  0.0905 -0.0003  0.3655 0 
 46.9306  0.4521 -0.0342  0.0150  0.4076  0.0264  0.2169  0.2228 -0.0003  0.3047 0 
 47.0558 -0.3963  2.4559  0.0295  0.0936  0.0378  0.3035  0.0596 -0.0003  0.0712 0 
 46.2470  0.3826 -0.6689  0.0419  0.3746  0.0055  0.2613  0.0045 -0.0003  0.1019 0 
 44.4892 -0.5250  1.0075  0.0172  0.3400  0.0482  0.4840  0.0522 -0.0003  0.2059 0 
 39.7101  0.5538 -2.1406  0.0021  0.5902  0.0674  0.4536  0.0191  0.0463  0.2087 0 
 45.7832 -0.0038 -0.0613  0.0445  0.1697  0.0475  0.4804  0.0755 -0.0003  0.2348 0 
 45.6672  0.0004  3.0700  0.0829  0.1659  0.0481  0.5244  0.0825 -0.0003  0.4079 0 
 36.2127  0.2869  2.9039  0.1195  0.5885  0.0795  0.3257  0.1234 -0.0003  0.8209 1 
 34.4701 -0.3110 -0.2356  0.2477  0.5186  0.0322  0.5661  0.1337 -0.0003  0.8739 1 
 45.2430 -0.7833 -1.1645  0.0026  0.2979  0.0871  0.3943  0.0828 -0.0003  0.1603 0 
 43.9796  0.7714  2.0176  0.0101  0.3408  0.1115  0.4414  0.0414 -0.0003  0.1837 0 
 47.0832 -0.5630 -2.8726  0.2173  0.3823  0.0560  0.4336  0.2620 -0.0003  0.9607 1 
 37.2412  0.5448  0.2656  0.2387  0.6500  0.0344  0.2770  0.1822 -0.0003  0.9043 1 
 47.7974  0.3202  0.6684  0.0267  0.2133  0.1525  0.1295  0.0053 -0.0003  0.2018 0 
 43.4730 -0.3240 -2.5039  0.0088  0.4461  0.1018  0.5313  0.0236 -0.0003  0.1983 0 
 45.6642  0.5748  2.3023  0.3732  0.2426  0.0579  0.3059  0.3275 -0.0003  0.9890 1 
 41.6205 -0.5862 -0.8291  0.3921  0.4769  0.0414  0.1792  0.3066  0.3629  0.9978 1 
 47.0069  0.1146 -1.4652  0.0727  0.2531  0.0458  0.6940  0.0524 -0.0003  0.4981 0 
 40.5432 -0.1030  1.7053  0.1122  0.5000  0.0999  0.3157  0.0367 -0.0003  0.5832 0 
 42.2217  0.7081 -1.1833  0.4182  0.4990  0.0583  0.4016  0.0659  0.1625  0.9424 1 
 41.8311 -0.6997  1.9497  0.3668  0.6942  0.0214  0.3578  0.7094 -0.0003  0.9978 1 
 48.3772 -0.0964  2.7650  0.0211  0.5313  0.1208  0.2583  0.0101 -0.0003  0.2314 0 
 41.2787  0.1406 -0.3501  0.0431  0.0775  0.0485  0.1347  0.0101 -0.0003  0.0962 0 
 46.7567 -0.5482  2.3671  0.0709  0.4117  0.0948  0.3909  0.0446 -0.0003  0.4063 0 
 43.2715  0.5638 -0.8034  0.0898  0.1917  0.0956  0.4433  0.1220  0.4017  0.8503 0 
 52.0516  0.5951  0.5617  0.0056  0.3401  0.1081  0.5071  0.0405 -0.0003  0.1801 0 
 44.4312 -0.5558 -2.6263  0.0224  0.1582  0.0816  0.3522  0.0928 -0.0003  0.1515 0 
 46.3630  0.4693 -0.6318  0.0226  0.3381  0.0638  0.2612  0.0065 -0.0003  0.2376 0 
 43.1250 -0.4915  2.5085  0.0184  0.6011  0.0433  0.6211  0.0699 -0.0003  0.2883 0 
 41.2238 -0.3922 -1.8548  0.1521  0.3484  0.0188  0.4041  0.1507  0.0217  0.7153 1 
 35.9289  0.4450  1.2535  0.0840  0.7209  0.0561  0.2797  0.1725  0.3142  0.9207 1 
 51.7006 -0.0055 -2.6181  0.0421  0.3294  0.0428  0.2963  0.0666 -0.0003  0.2481 0 
 42.0142  0.0022  0.5040  0.0000  0.0813  0.0732  0.1340  0.0541 -0.0003  0.0943 0 
 46.6407 -0.2476  1.0845  0.0071  0.3617  0.0170  0.3912  0.0496 -0.0003  0.0778 0 
 42.9297  0.2769 -2.0558  0.0169  0.0820  0.0613  0.3554  0.0098 -0.0003  0.0781 0 
 53.8582 -0.4916  1.1214  0.1049  0.7315  0.1683  0.4608  0.1467 -0.0003  0.7775 1 
 42.7222  0.5171 -1.9310  0.1237  0.7638  0.1069  0.5337  0.2071  0.2279  0.9407 1 
 46.3508 -0.0303 -0.4941  0.0315  0.7935  0.0208  0.6094  0.1165 -0.0003  0.4774 1 
 43.8575  0.0198  2.6371  0.6633  0.2654  0.0568  0.2650  0.5895  0.1464  0.9974 1 
 55.6832  0.3853 -2.1590  0.0284  0.3766  0.0663  0.3739  0.0059 -0.0003  0.2340 0 
 43.7903 -0.4063  0.9605  0.0429  0.5517  0.0314  0.4861  0.0363 -0.0003  0.3497 0 
 42.7710  0.1058 -0.0989  0.3175  0.4251  0.0535  0.3112  0.4079 -0.0003  0.9935 1 
 42.7619 -0.0920  3.0635  0.1325  0.3012  0.0784  0.3113  0.1484 -0.0003  0.7636 1 
 48.0323 -0.6964  2.2119  0.0072  0.1300  0.0477  0.3451  0.0682 -0.0003  0.0743 0 
 43.9216  0.7125 -0.9041  0.0070  0.2258  0.0042  0.1324  0.0065 -0.0003  0.0604 0 
 50.0740  0.8032  2.0329  0.0040  0.1841  0.1578  0.2560  0.0048 -0.0003  0.1176 0 
 46.4637 -0.7957 -1.1051  0.0012  0.3506  0.0208  0.3046  0.0574 -0.0003  0.0658 0 
 40.3906  0.5674  0.4582  0.0119  0.1148  0.0217  0.3612  0.0631  0.1679  0.2649 0 
 39.7131 -0.5655 -2.6887  0.0442  0.3536  0.0169  0.3175  0.0803  0.1119  0.4109 0 
 45.1118 -0.1808  1.2781  0.0240  0.2018  0.0279  0.2192  0.0112 -0.0003  0.0823 0 
 42.7344  0.1743 -1.8976  0.0104  0.1242  0.0232  0.2224  0.1041 -0.0003  0.0566 0 
 53.6477 -0.2271  0.1710  0.0235  0.1407  0.1585  0.3355  0.0952 -0.0003  0.1485 0 
 41.8494  0.1915 -2.9606  0.0054  0.1902  0.0149  0.3131  0.0701 -0.0003  0.0427 0 
 50.4402  0.4431  2.6853  0.3803  0.1170  0.0529  0.1704  0.2658 -0.0003  0.9633 1 
 45.0751 -0.4459 -0.4600  0.6868  0.6723  0.0375  0.5262  0.5107 -0.0003  0.9970 1 
 47.5929  0.7724  3.0361  0.0401  0.2094  0.0485  0.4323  0.0148 -0.0003  0.1941 0 
 47.3823 -0.7650 -0.0808  0.0013  0.3500  0.0486  0.3030  0.0276 -0.0003  0.1315 0 
 44.4465 -0.2981  2.1128  0.1222  0.2083  0.0296  0.3961  0.1815 -0.0003  0.6258 0 
 27.2862  0.3007 -1.0675  0.0116  0.0949  0.0098  0.3030  0.0219  0.0938  0.1104 0 
 48.3528  0.7393 -2.5319  0.0169  0.3412  0.1729  0.2584  0.0068 -0.0003  0.2045 0 
 33.6675 -0.7746  0.5973  0.0411  0.2587  0.0534  0.1900  0.0695 -0.0003  0.2631 0 
 57.2763 -0.1945 -0.4511  0.0829  0.5339  0.1497  0.5363  0.2009 -0.0003  0.7859 0 
 47.3487  0.2056  2.6281  0.0162  0.0765  0.1286  0.3463  0.1360 -0.0003  0.0952 0 
 32.4804 -0.0637  0.3344  0.3464  0.4619  0.0567  0.3838  0.4230  0.3054  0.9994 1 
 27.5059 -0.0175 -2.7850  0.5061  0.4115  0.0455  0.4535  0.5806  0.1314  0.9989 1 
 43.5187 -0.2622  3.1102  0.0092  0.2027  0.0304  0.3098  0.0185  0.1704  0.2966 0 
 38.3795  0.2479 -0.0443  0.0817  0.6466  0.0201  0.2747  0.1904  0.1877  0.7710 0 
 42.7436  0.5747  1.4000  0.3241  0.3792  0.0257  0.3558  0.2042 -0.0003  0.9028 1 
 41.3092 -0.5747 -1.7622  0.1968  0.2090  0.0554  0.4937  0.1450 -0.0003  0.8167 1 
 49.7536 -0.7250  1.5050  0.0658  0.5599  0.0419  0.2992  0.1008 -0.0003  0.5420 0 
 41.7792  0.7121 -1.6313  0.0544  0.1952  0.0269  0.2237  0.1310 -0.0003  0.2176 0 
 55.5947  0.4797 -2.6334  0.6653  0.3415  0.0695  0.3325  0.5809 -0.0003  0.9976 1 
 46.9612 -0.4688  0.5244  0.2521  0.1312  0.0293  0.2603  0.2270 -0.0003  0.8194 1 
 40.7904  0.7139 -0.1811  0.0078  0.7095  0.0554  0.4053  0.0327 -0.0003  0.2140 0 
 40.1160 -0.7086  2.9259  0.0014  0.1965  0.0608  0.2262  0.0074 -0.0003  0.1103 0 
 47.4769 -0.3595 -1.5021  0.0472  0.7153  0.0107  0.3028  0.0703 -0.0003  0.2159 0 
 47.2847  0.3452  1.6505  0.0377  0.1801  0.0802  0.4331  0.1570 -0.0003  0.3176 0 
 43.5248  0.7572 -0.2581  0.0272  0.1520  0.0057  0.2213  0.0894 -0.0003  0.0502 0 
 38.8830 -0.7434  2.9580  0.0213  0.5523  0.1214  0.5019  0.0506 -0.0003  0.2623 0 
 52.0882 -0.2306 -1.9292  0.4458  0.3950  0.0445  0.3802  0.4289 -0.0003  0.9960 1 
 36.8872  0.2148  1.1964  0.3350  0.4685  0.0208  0.5555  0.2916 -0.0003  0.9723 1 
 38.8586  0.6355  2.2739  0.1805  0.3132  0.0291  0.5475  0.1774  0.1009  0.9068 0 
 35.2972 -0.6480 -0.8595  0.0246  0.6505  0.0138  0.4217  0.0994  0.0629  0.3231 0 
 41.3886 -0.0713 -2.2701  0.1699  0.4238  0.0156  0.3588  0.1159 -0.0003  0.5807 0 
 35.0011  0.0666  0.8752  0.1429  0.1493  0.0213  0.2818  0.1509 -0.0003  0.4536 0 
 48.0964  0.2145  1.9439  0.0387  0.1907  0.0479  0.2587  0.0446 -0.0003  0.1418 0 
 45.1240 -0.2053 -1.2032  0.0925  0.6636  0.0175  0.3507  0.1666 -0.0003  0.5867 0 
 46.8452 -0.3733  1.0480  0.0494  0.3153  0.0186  0.3039  0.0305 -0.0003  0.1361 0 
 41.6144  0.3708 -2.1012  0.0504  0.1062  0.0432  0.4479  0.0408 -0.0003  0.1466 0 
 51.9203 -0.3454  1.1453  0.0503  0.0715  0.0927  0.5919  0.0174 -0.0003  0.1815 0 
 40.9155  0.3570 -1.9576  0.0462  0.2660  0.0392  0.3149  0.0113 -0.0003  0.2009 0 
 44.8310  0.3313  1.7582  0.0303  0.1367  0.0371  0.1756  0.0311 -0.0003  0.0794 0 
 44.3915 -0.3153 -1.3883  0.0198  0.6314  0.0108  0.3082  0.0650 -0.0003  0.1229 0 
 47.7058  0.3760  2.6968  0.0060  0.3273  0.0323  0.4321  0.0789 -0.0003  0.1266 0 
 44.5136 -0.3663 -0.4708  0.0217  0.3840  0.0396  0.3520  0.0555 -0.0003  0.1832 0 
 46.1616  0.3802  1.8667  0.0563  0.6156  0.0335  0.5230  0.0815 -0.0003  0.5070 0 
 34.1558 -0.3970 -1.2507  0.0490  0.5584  0.0090  0.2365  0.1092  0.0977  0.3292 0 
 50.8919 -0.6700 -3.0191  0.0288  0.2851  0.1494  0.3825  0.0507 -0.0003  0.2351 0 
 46.6743  0.6764  0.1101  0.0174  0.3146  0.0406  0.3042  0.0938 -0.0003  0.1645 0 
 51.3008 -0.4790  0.7114  0.0025  0.2756  0.1779  0.3393  0.0985 -0.0003  0.2175 0 
 44.2237  0.4898 -2.4401  0.0291  0.4414  0.0761  0.3967  0.0305 -0.0003  0.2497 0 
 40.2319 -0.7171 -1.3129  0.0777  0.2302  0.0777  0.3616  0.0755 -0.0003  0.4033 1 
 37.0245  0.6980  1.8438  0.4534  0.4558  0.0777  0.4624  0.5804 -0.0003  0.9982 1 
 44.0925 -0.6896  2.7268  0.0200  0.1027  0.0516  0.3088  0.0189 -0.0003  0.0775 0 
 41.7884  0.6928 -0.4114  0.0035  0.1682  0.0197  0.1789  0.0797 -0.0003  0.0517 0 
 47.7272  0.3973  1.0729  0.0080  0.4041  0.0363  0.3456  0.0622 -0.0003  0.1318 0 
 37.4395 -0.3993 -2.0094  0.0177  0.2573  0.0150  0.1844  0.0295 -0.0003  0.0701 0 
 42.8199 -0.2867  1.1238  0.0154  0.3971  0.0158  0.0889  0.0082 -0.0003  0.1584 0 
 38.7823  0.2760 -2.0330  0.0139  0.3461  0.0236  0.3652  0.0065 -0.0003  0.1124 0 
 44.8524 -0.7052  1.0283  0.2817  0.6910  0.1067  0.4391  0.2621 -0.0003  0.9914 1 
 34.5891  0.6524 -2.1164  0.3488  0.7097  0.0498  0.3770  0.2767  0.5139  0.9996 1 
 47.3152 -0.3710  1.3039  0.0005  0.6683  0.0744  0.2598  0.0688 -0.0003  0.2959 0 
 46.2226  0.3241 -1.8322  0.0078  0.0699  0.0433  0.3485  0.0893 -0.0003  0.0701 0 
 56.3912  0.4894 -0.7730  0.4870  0.7926  0.0958  0.5384  0.3909 -0.0003  0.9952 1 
 49.6712 -0.4921  2.3018  0.3327  0.4384  0.0338  0.5559  0.4638  0.1019  0.9970 1 
 46.2837 -0.1059  1.8130  0.0527  0.1693  0.0304  0.1306  0.0399 -0.0003  0.1312 0 
 43.5096  0.0956 -1.3384  0.0525  0.6111  0.0625  0.5312  0.0190 -0.0003  0.3504 0 
 43.8209  0.4543  0.2123  0.1252  0.4081  0.0824  0.5743  0.1147 -0.0003  0.7404 1 
 26.1234 -0.4196 -2.9048  0.0903  0.4767  0.0857  0.2559  0.0804  0.4709  0.9704 1 
 46.6194  0.4591  2.8932  0.0287  0.1860  0.0130  0.1739  0.0128 -0.0003  0.0609 0 
 40.9247 -0.4458 -0.2453  0.0138  0.6181  0.0269  0.3599  0.1094 -0.0003  0.1995 0 
 39.4873 -0.5486  0.2695  0.0181  0.3980  0.0181  0.2726  0.0030 -0.0003  0.1131 0 
 33.8720  0.5274 -2.8559  0.0208  0.0990  0.0139  0.1897  0.0047 -0.0003  0.0443 0 
 49.8024  0.3269 -0.7036  0.0198  0.0698  0.1780  0.3419  0.0135 -0.0003  0.0580 0 
 46.7170 -0.3139  2.3833  0.0396  0.2355  0.0529  0.1738  0.0356 -0.0003  0.2219 0 
 37.8698  0.6532  1.8471  0.0258  0.3212  0.0155  0.3676  0.0360  0.0329  0.1464 0 
 37.7295 -0.6527 -1.3362  0.1519  0.5193  0.0161  0.3220  0.1433 -0.0003  0.6205 0 
 45.0629 -0.7361  2.3721  0.1969  0.7623  0.0246  0.3070  0.1564 -0.0003  0.8522 1 
 36.7712  0.7321 -0.7696  0.0889  0.1376  0.0193  0.3706  0.2712 -0.0003  0.4561 1 
 46.6438 -0.6457  2.0614  0.0617  0.1913  0.1307  0.4780  0.0206 -0.0003  0.2843 0 
 37.3632  0.6361 -1.0324  0.0457  0.3106  0.1396  0.3690  0.0087 -0.0003  0.2538 0 
 47.6143  0.7539  2.4626  0.0166  0.0938  0.0377  0.2162  0.0336 -0.0003  0.0576 0 
 46.9306 -0.7543 -0.6694  0.0166  0.3984  0.0258  0.3471  0.0262 -0.0003  0.1225 0 
 45.0874  0.6691 -2.8540  0.0048  0.1453  0.0295  0.1754  0.0405 -0.0003  0.0529 0 
 43.4607 -0.6334  0.2985  0.0200  0.3465  0.0629  0.1328  0.0002 -0.0003  0.3320 0 
 51.1513  0.5475  2.0866  0.0400  0.5173  0.0617  0.2971  0.0871  0.1190  0.6234 0 
 45.8412 -0.5492 -1.0585  0.0287  0.1298  0.0540  0.2619  0.0289 -0.0003  0.0938 0 
 51.7220 -0.6885 -1.1575  0.0535  0.8297  0.0409  0.6348  0.0257 -0.0003  0.4595 1 
 32.7337  0.7091  2.0097  0.2904  0.5577  0.0495  0.3830  0.4024  0.2714  0.9978 1 
 46.1067  0.0729  2.9473  0.0133  0.6249  0.0139  0.1308  0.0081 -0.0003  0.1422 0 
 46.0395 -0.0691 -0.1878  0.0354  0.1381  0.0203  0.3053  0.0455 -0.0003  0.0598 0 
 44.8646  0.2236  0.2615  0.0641  0.5277  0.0783  0.4829  0.0295 -0.0003  0.3794 0 
 38.4405 -0.2432 -2.8506  0.0061  0.3466  0.0280  0.4119  0.0809 -0.0003  0.1140 0 
 44.9775  0.7971 -1.3095  0.0363  0.3955  0.0436  0.5265  0.0513 -0.0003  0.3193 0 
 31.0521 -0.7958  1.8107  0.0197  0.5586  0.0216  0.2916  0.0649 -0.0003  0.1379 0 
 51.6030 -0.1323 -3.1019  0.0457  0.5135  0.0238  0.2117  0.0180 -0.0003  0.2023 0 
 46.4302  0.1535  0.0271  0.0212  0.3389  0.0339  0.4786  0.0648 -0.0003  0.2061 0 
 48.4199 -0.7639 -2.3522  0.0995  0.1261  0.0253  0.2583  0.0714  0.2326  0.7604 0 
 45.9358  0.7590  0.7932  0.0541  0.2926  0.0285  0.1309  0.0524 -0.0003  0.1972 0 
 47.5105  0.7002  0.6527  0.0111  0.1300  0.0518  0.3460  0.0790 -0.0003  0.0872 0 
 38.7976 -0.7069 -2.5205  0.0609  0.5371  0.0223  0.4565  0.0904 -0.0003  0.4547 0 
 49.3477  0.0815  2.1992  0.2887  0.5164  0.0903  0.2998  0.1799 -0.0003  0.9704 0 
 46.6499 -0.0869 -0.9503  0.2697  0.6728  0.0527  0.4780  0.2817  0.1000  0.9721 0 
 42.0233  0.3385  3.1104  0.0822  0.1635  0.0300  0.3574  0.0711 -0.0003  0.2290 1 
 40.6500 -0.3396 -0.0218  0.6304  0.6237  0.0352  0.4507  0.4958  0.0201  0.9974 1 
 44.9866  0.7092 -0.3121  0.0530  0.2463  0.0347  0.3949  0.0543  0.0863  0.4058 0 
 37.6165 -0.6883  2.8417  0.0210  0.0522  0.0112  0.1381  0.0020 -0.0003  0.0475 0 
 53.4279 -0.2409  1.2779  0.0379  0.4877  0.0439  0.1679 -0.0027 -0.0003  0.3639 0 
 45.1545  0.2303 -1.8824  0.0071  0.4265  0.0707  0.5698  0.0804 -0.0003  0.2217 0 
 47.0039  0.4672  0.0527  0.0242  0.4315  0.0156  0.4771  0.0418 -0.0003  0.1725 0 
 45.1453 -0.4681 -3.0888  0.0283  0.0507  0.0395  0.2630  0.0936 -0.0003  0.0756 0 
 46.8513  0.6434 -1.2707  0.0054  0.2419  0.0713  0.6946  0.0714 -0.0003  0.2286 0 
 42.0783 -0.6531  1.8589  0.0025  0.3912  0.0240  0.2679  0.0103 -0.0003  0.0964 0 
 50.8919 -0.0108 -1.5079  0.0625  0.1831  0.1755  0.5100  0.1158 -0.0003  0.4381 0 
 41.9684 -0.0112  1.6490  0.0326 -1.0000  0.0059  0.0894  0.0490 -0.0003  0.1509 0 
 44.6326 -0.5204 -0.4834  0.0320  0.5273  0.0359  0.4396  0.1763 -0.0003  0.4902 0 
 38.1933  0.5286  2.6695  0.0239  0.5530  0.0783  0.5501  0.0400 -0.0003  0.2583 0 
 52.8145  0.7354 -2.5904  0.1400  0.3742  0.0555  0.2526  0.0958 -0.0003  0.7066 0 
 47.7516 -0.7354  0.5847  0.0104  0.0944  0.1291  0.3456  0.0263 -0.0003  0.0613 0 
 47.7943 -0.6523 -0.4381  0.0110  0.5776  0.0452  0.1728  0.0220 -0.0003  0.2825 0 
 47.0619  0.6407  2.7262  0.0064  0.4715  0.0494  0.3035  0.0473 -0.0003  0.1822 0 
 51.1818  0.5454  2.3407  0.0074  0.2925  0.0387  0.3395  0.2210 -0.0003  0.3095 0 
 44.7150 -0.5419 -0.7918  0.0100  0.2888  0.0409  0.3516  0.1793 -0.0003  0.2495 0 
 47.4037 -0.7773  2.3567  0.2120  0.2085  0.0493  0.3030  0.3174 -0.0003  0.9257 1 
 45.1606  0.7802 -0.7523  0.1398  0.5095  0.0439  0.3507  0.1992 -0.0003  0.8750 1 
 61.0422  0.4836 -0.0795  0.0007  0.5230  0.2921  0.4468  0.0825 -0.0003  0.2896 0 
 45.8778 -0.5344  3.0413  0.0114  0.5203  0.0716  0.5675  0.0281 -0.0003  0.2091 0 
 51.9173  0.7631 -3.0973  0.1276  0.2518  0.1395  0.5074  0.1863 -0.0003  0.8406 0 
 40.1251 -0.7351  0.1374  0.0295  0.6067  0.0364  0.2262  0.0146 -0.0003  0.2747 0 
 46.5064 -0.3380  0.0847  0.1507  0.2255  0.0558  0.3045  0.2150 -0.0003  0.8103 0 
 40.3723  0.3352 -3.0498  0.3633  0.1305  0.0285  0.3613  0.1164  0.1655  0.9225 0 
 51.6609 -0.5026 -2.4638  0.1110  0.3124  0.0439  0.2117  0.1165 -0.0003  0.5947 0 
 41.9318  0.4955  0.7150  0.0242  0.5668  0.1319  0.5811  0.1154 -0.0003  0.3454 0 
 46.0792 -0.7942 -2.2219  0.1174  0.5275  0.0604  0.4360  0.1509  0.2589  0.9204 0 
 43.2990  0.8110  0.9204  0.0572  0.1548  0.0648  0.1773  0.1832 -0.0003  0.4266 0 
 45.0904  0.4303  0.9097  0.4821  0.2124  0.0443  0.5262  0.4619 -0.0003  0.9955 1 
 43.3143 -0.3769 -2.1903  0.3925  0.1959  0.1186  0.4875  0.8764 -0.0003  0.9986 1 
 42.9358 -0.6533  2.6091  0.0194  0.2939  0.0254  0.3554  0.0059 -0.0003  0.1119 0 
 42.5147  0.6170 -0.5459  0.1122  0.2789  0.0575  0.3563  0.1497 -0.0003  0.6791 0 
 60.4105 -0.6052 -2.5087  0.6011  0.6933  0.0343  0.5294  0.6448 -0.0003  0.9980 1 
 37.3877  0.5953  0.5573  0.1006  0.6975  0.0532  0.5073  0.1136 -0.0003  0.7655 1 
 45.4078  0.7982 -2.6476  0.0204  0.2466  0.0287  0.3501  0.0772 -0.0003  0.1049 0 
 42.8412 -0.7957  0.4779  0.0573  0.1270  0.0419  0.3556  0.0550 -0.0003  0.1431 0 
 45.7923  0.7791  0.0816  0.0681  0.2338  0.0359  0.3930  0.1254 -0.0003  0.3763 0 
 25.2903 -0.7641 -3.0336  0.0755  0.7582  0.0171  0.3102  0.0789 -0.0003  0.3901 0 
 46.5888  0.1956 -0.7857  1.1153  0.1998  0.0407  0.3478  0.7762 -0.0003  0.9829 1 
 35.3368 -0.2041  2.3625  0.6227  0.4222  0.0099  0.4216  0.5214  0.1001  0.9978 1 
 49.0150 -0.7033  1.3643  0.1366  0.4197  0.0299  0.3003  0.0416 -0.0003  0.5456 0 
 46.2348  0.7096 -1.7214  0.0440  0.0602  0.0703  0.2613  0.1177 -0.0003  0.1281 0 
 47.4556 -0.5164  1.8897  0.0051  0.2338  0.1018  0.2163  0.0045 -0.0003  0.1580 0 
 38.6328  0.5609 -1.2822  0.0070  0.4864  0.0192  0.2285  0.0787 -0.0003  0.1095 0 
 45.4597 -0.7756 -1.9842  0.0351  0.2551  0.0397  0.3063  0.0494 -0.0003  0.1569 0 
 44.5930  0.7864  1.1103  0.0386  0.1585  0.0420  0.2639  0.0948 -0.0003  0.1400 0 
 51.9936  0.6858  1.7443  0.3034  0.6039  0.0421  0.3381  0.1955 -0.0003  0.9419 1 
 47.6967 -0.6633 -1.3613  0.0984  0.6383  0.0607  0.4321  0.0882  0.3915  0.9875 1 
 46.6285  0.7568  1.7494  0.0265  0.3732  0.0632  0.3912  0.0440 -0.0003  0.2402 0 
 44.9409 -0.7459 -1.3797  0.0417  0.3151  0.0051  0.1756  0.0518 -0.0003  0.0985 0 
 50.1656  0.2241  1.5364  0.0040  0.0347  0.1957  0.2559  0.0919 -0.0003  0.0465 0 
 49.6834 -0.1928 -1.6342  0.0172  0.3052  0.0420  0.4704  0.1276 -0.0003  0.2483 0 
 44.8890  0.3699 -0.2549  0.3498  0.8393  0.0436  0.6585  0.3327 -0.0003  0.9823 1 
 20.3281 -0.2775  2.8587  0.2475  0.4148  0.0188  0.2772  0.3159  0.2240  0.9894 1 
 43.7476  0.1880 -1.1127  0.0928  0.5745  0.0383  0.2652  0.0808 -0.0003  0.5892 0 
 41.6999 -0.2144  2.0387  0.0243  0.4558  0.0552  0.2686  0.0478 -0.0003  0.2771 0 
 45.3986 -0.3608 -1.4110  0.1556  0.3833  0.0542  0.2626  0.1522 -0.0003  0.8185 1 
 39.0204  0.3608  1.7161  0.5274  0.3036  0.0372  0.2735  0.5003 -0.0003  0.9969 1 
 57.9141  0.4232 -2.4561  0.0209  0.2619  0.0857  0.2057  0.0087 -0.0003  0.2247 0 
 45.1179 -0.4297  0.6838  0.0013  0.0883  0.0112  0.2630  0.0241 -0.0003  0.0322 0 
 47.9164 -0.0977 -2.4935  0.0116  0.3781  0.0844  0.3884  0.0262 -0.0003  0.1806 0 
 43.1312  0.0918  0.6420  0.0021  0.3715  0.0333  0.3993  0.0353  0.0999  0.2453 0 
 49.9123 -0.1589 -2.5986  0.0574  0.2009  0.0742  0.3844  0.0775 -0.0003  0.3020 0 
 40.8576  0.1546  0.5335  0.0140  0.8260  0.0220  0.1800  0.0856 -0.0003  0.1882 0 
 51.0018  0.7174 -1.4851  0.0009  0.4677  0.0394  0.2973  0.0948 -0.0003  0.1551 0 
 47.2480 -0.6742  1.7106  0.0180  0.3169  0.1755  0.4331  0.0289 -0.0003  0.2186 0 
 45.8869  0.5107  2.9361  0.0016  0.1518  0.0194  0.3492  0.0557 -0.0003  0.0417 0 
 42.4262 -0.5081 -0.1851  0.0134  0.4317  0.1002  0.3119  0.1083 -0.0003  0.3003 0 
 44.8127 -0.4015 -1.4733  0.4640  0.6510  0.0523  0.2635  0.7017 -0.0003  0.9981 1 
 38.2086  0.3879  1.6914  0.6508  0.2226  0.0246  0.5042  0.7714 -0.0003  0.9982 1 
 44.0711 -0.5767 -0.8277  0.0267  0.1470  0.1225  0.2206  0.0786 -0.0003  0.1589 0 
 43.4424  0.5960  2.2808  0.1812  0.2353  0.0238  0.3542  0.2176 -0.0003  0.7767 0 
 38.1415 -0.3324 -1.3953  0.1098  0.2530  0.0299  0.1834  0.0125 -0.0003  0.3176 0 
 34.7448  0.3408  1.7375  0.0171  0.2025  0.0167  0.2824  0.0130 -0.0003  0.0534 0 
 45.7557  0.7674  2.1212  0.0116  0.4093  0.0376  0.2184  0.1358 -0.0003  0.2317 0 
 38.5260 -0.7636 -0.9625  0.0023  0.2258  0.0223  0.4574  0.0670 -0.0003  0.0776 0 
 45.7954 -0.0332 -0.1103  0.1146  0.2057  0.0744  0.3494  0.2112 -0.0003  0.7459 0 
 44.7700  0.0344  3.0688  0.1063  0.4844  0.0376  0.3514  0.1046 -0.0003  0.6580 0 
 44.4434 -0.6674  2.7997  0.0704  0.1406  0.0496  0.3961  0.1540 -0.0003  0.3482 0 
 35.4437  0.6571 -0.3485  0.0570  0.7338  0.0253  0.2340  0.1158  0.1311  0.6022 0 
 44.0497 -0.7815  0.9107  0.5291  0.3822  0.0612  0.4853  0.5444  0.4819  0.9999 1 
 41.4282  0.7865 -2.2071  0.1678  0.2252  0.0303  0.2242  0.2530 -0.0003  0.7552 1 
 38.6481  0.7153 -2.8148  0.0270  0.1823  0.2271  0.4113  0.1487  1.1220  0.9269 1 
 34.6075 -0.7390  0.4721  0.1114  0.3040  0.0654  0.4712  0.2117  0.1689  0.9042 1 
 47.8431 -0.6446 -2.4106  0.3366  0.5110  0.0629  0.4749  0.4648 -0.0003  0.9967 1 
 37.2412  0.6276  0.7332  0.2945  0.3816  0.0660  0.4617  0.3879 -0.0003  0.9942 1 
 46.4515 -0.1403  1.1317  0.0079  0.4715  0.0322  0.3046  0.0186 -0.0003  0.1425 0 
 41.9684  0.1195 -1.9996  0.0000  0.4198  0.0678  0.2681  0.0828 -0.0003  0.2212 0 
 47.4159  0.0778 -1.7771  0.0095  0.2209  0.0728  0.2164  0.0107  0.1095  0.2279 0 
 45.7435 -0.1208  1.4030  0.0666  0.2155  0.0442  0.3931  0.2072 -0.0003  0.4931 0 
 46.8605  0.0206  3.0401  0.1172  0.2788  0.0168  0.1736  0.1251 -0.0003  0.3239 0 
 45.7740 -0.0129 -0.1325  0.0319  0.3825  0.0431  0.2620  0.0768 -0.0003  0.2446 0 
 47.7638  0.1604  3.0070  0.1168  0.1948  0.0346  0.2160  0.3371 -0.0003  0.6664 0 
 45.6428 -0.1505 -0.1537  0.0330  0.5323  0.0289  0.4371  0.0270 -0.0003  0.2627 0 
 59.3118  0.3020  1.9292  0.0028  0.2407  0.0793  0.4499  0.0327 -0.0003  0.1278 0 
 52.1431 -0.3072 -1.1589  0.0290  0.2377  0.0988  0.1690  0.0182 -0.0003  0.2526 0 
 42.7588 -0.3146  2.2366  0.0250  0.6253  0.0257  0.5336  0.0384 -0.0003  0.2698 0 
 39.9939  0.3120 -0.9170  0.0561  0.5782  0.1168  0.3622  0.1544 -0.0003  0.5758 0 
 51.7128 -0.7167  0.2597  0.0179  0.3499  0.2012  0.4233  0.0212 -0.0003  0.2296 0 
 36.7803  0.7135 -2.8458  0.0078  0.0704  0.0644  0.2780  0.0027 -0.0003  0.0753 0 
 50.8431  0.4523  0.1259  0.0175  0.2461  0.0863  0.4251  0.0264 -0.0003  0.1626 0 
 41.9837 -0.4251 -2.9843  0.0035  0.3575  0.1267  0.3128  0.1998 -0.0003  0.3745 0 
 44.6418  0.6169  0.4368  0.0556  0.1015  0.0688  0.3517  0.0081 -0.0003  0.1259 0 
 38.7488 -0.6168 -2.6867  0.0050  0.2231  0.0580  0.2283  0.0079 -0.0003  0.1263 0 
 57.7646 -0.3577  1.2196  0.0271  0.2479  0.0555  0.2882  0.0724 -0.0003  0.1879 1 
 39.6124  0.3208 -1.9308  0.0056  0.6954  0.0320  0.4539  0.0959  0.1756  0.4926 1 
 45.9846  0.6561  2.1014  0.0033  0.2916  0.0356  0.3926  0.0786 -0.0003  0.1039 0 
 44.7730 -0.6420 -1.0469  0.0008  0.1139  0.0139  0.3954  0.0624  0.0482  0.0733 0 
 49.6529  0.2317  0.2161  0.0168  0.2494  0.0602  0.5132  0.0743  0.0677  0.2754 0 
 44.0955 -0.2347 -2.9439  0.0000  0.5532  0.0465  0.3969  0.2388 -0.0003  0.4792 0 
 54.3923 -0.5822  1.5854  0.0032  0.2869  0.0240  0.3761  0.0107  0.1538  0.2748 0 
 44.8127  0.5953 -1.5273  0.0366  0.4872  0.0476  0.2635  0.1462 -0.0003  0.4725 0 
 52.3445  0.1907 -2.4690  0.0345  0.5444  0.0488  0.2531  0.0286 -0.0003  0.3342 0 
 51.9783 -0.2090  0.6330  0.0860  0.0928  0.0479  0.2959  0.1013 -0.0003  0.1930 0 
 46.9673 -0.4472 -0.7421  0.0103  0.5208  0.0542  0.3037  0.0158 -0.0003  0.2218 0 
 43.8636  0.4520  2.4124  0.0527  0.1611  0.0859  0.2650  0.0091 -0.0003  0.1831 0 
 49.6071  0.8042 -2.8791  0.1407  0.5461  0.0527  0.3850  0.0600 -0.0003  0.7296 0 
 25.8946 -0.7933  0.2490  0.0039  0.3645  0.0097  0.2566  0.0068 -0.0003  0.0670 0 
 46.2806  0.1007  1.0683  0.3867  0.5221  0.0516  0.3919  0.2928  0.1258  0.9896 1 
 36.6705 -0.1332 -2.0767  0.3429  0.5473  0.0265  0.1854  0.2420 -0.0003  0.9609 1 
 51.5511 -0.5860  2.7907  0.0559  0.4404  0.0171  0.2965  0.0665 -0.0003  0.1876 0 
 41.2482  0.5921 -0.4014  0.0356  0.2492  0.0412  0.5388  0.0574 -0.0003  0.2659 0 
 42.1759  0.1865  1.3379  0.0750  0.3721  0.0704  0.2232  0.1169 -0.0003  0.6249 0 
 31.8669 -0.1771 -1.8097  0.0864  0.3034  0.0363  0.3859  0.1153 -0.0003  0.5011 0 
 38.1476  0.1244 -0.6038  0.0529  0.2659  0.0173  0.2752  0.0378 -0.0003  0.1155 0 
 37.6989 -0.1151  2.5703  0.0110  0.0451  0.0952  0.2300  0.0163 -0.0003  0.0712 0 
 42.3896 -0.7199  2.5997  0.0046  0.1626  0.0216  0.2674  0.0228 -0.0003  0.0431 0 
 36.2799  0.7477 -0.4477  0.0025  0.2249  0.0252  0.2325  0.0303 -0.0003  0.0542 0 
 45.2522 -0.4252 -1.9370  0.0001  0.5664  0.0994  0.3067  0.0523 -0.0003  0.2169 0 
 40.2502  0.4469  1.2060  0.0782  0.3715  0.0799  0.4067  0.0327 -0.0003  0.4243 0 
 48.7068  0.6384 -0.6361  0.0373  0.4380  0.0492  0.5587  0.0693 -0.0003  0.3595 1 
 44.3091 -0.6249  2.5218  0.3072  0.2488  0.0699  0.3524  0.2873 -0.0003  0.9822 1 
 47.4708 -0.1823 -2.7179  0.0015  0.1513  0.0555  0.1730  0.0522 -0.0003  0.0853 0 
 42.3468  0.2161  0.4070  0.0047  0.5277  0.0807  0.6242  0.0347 -0.0003  0.2082 0 
 42.5360  0.5793 -2.4984  0.0399  0.6348  0.0659  0.4453  0.0532 -0.0003  0.3431 0 
 41.2940 -0.5918  0.6232  0.0148  0.6585  0.1237  0.2693  0.0320 -0.0003  0.2679 0 
 47.1199  0.7672  2.0497  0.1810  0.6258  0.0569  0.4335  0.3642 -0.0003  0.9824 1 
 42.5574 -0.7469 -1.1316  0.0443  0.4152  0.1146  0.5788  0.0641 -0.0003  0.3526 1 
 51.1757 -0.1339  0.9105  0.1629  0.6314  0.0927  0.3819  0.3350  0.1121  0.9787 0 
 41.0040  0.1254 -2.2932  0.0902  0.1125  0.0333  0.4047  0.1240 -0.0003  0.2945 0 
 48.1422  0.3325 -0.5891  0.0181  0.1243  0.0492  0.3880  0.0407 -0.0003  0.0896 0 
 47.0069 -0.3206  2.5436  0.0508  0.5256  0.1088  0.4771  0.0363 -0.0003  0.3187 0 
 47.7729 -0.4588 -2.4446  0.0426  0.5901  0.0933  0.3887  0.1254 -0.0003  0.4625 0 
 42.9145  0.4720  0.6463  0.0017  0.2357  0.0254  0.4887  0.0336 -0.0003  0.0889 0 
 45.1576  0.0545  1.6476  0.0043  0.2189  0.1823  0.5698  0.0182 -0.0003  0.1802 0 
 44.5472 -0.0604 -1.4815  0.0433  0.3786  0.0714  0.5718  0.0450 -0.0003  0.3473 0 
 46.0121  0.5509 -2.7014  0.1305  0.5472  0.0728  0.4798  0.1433 -0.0003  0.8304 1 
 44.7364 -0.5459  0.4469  0.2820  0.4991  0.0602  0.4833 -0.0200 -0.0003  0.8368 1 
 55.1461  0.1216 -0.5081  0.0198  0.3180  0.0361  0.4997  0.0095 -0.0003  0.1902 0 
 38.9380 -0.0895  2.6109  0.1253  0.2319  0.0118  0.1824  0.1456 -0.0003  0.3056 0 
 42.9694  0.6323 -0.2236  0.0303  0.5775  0.0151  0.1332  0.0858 -0.0003  0.1595 0 
 37.3236 -0.6329  2.9163  0.0243  0.5210  0.0173  0.1846  0.0112 -0.0003  0.1432 0 
 51.7647 -0.1173 -1.6353  0.1283  0.2178  0.0609  0.4655  0.1004 -0.0003  0.6010 1 
 51.4443  0.1260  1.4788  0.0639  0.3875  0.0779  0.2119  0.2266 -0.0003  0.7315 1 
 52.5765  0.7126 -2.4066  0.0626  0.2911  0.0514  0.4636  0.2282 -0.0003  0.6058 0 
 47.4708 -0.7123  0.6916  0.0262  0.4628  0.0638  0.4326  0.0139  0.2328  0.5140 0 
 45.0324 -0.1190  0.8030  0.0009  0.4335  0.0096  0.2632  0.0170  0.1779  0.3081 0 
 39.2309  0.1321 -2.3288  0.0023  0.0913  0.0232  0.4096  0.1096 -0.0003  0.0636 0 
 47.5898 -0.0343  2.2199  0.0219  0.4492  0.0354  0.4324  0.0872 -0.0003  0.2467 0 
 43.7018  0.0378 -0.9210  0.0048  0.5370  0.0299  0.3095  0.0815 -0.0003  0.1355 0 
 49.8634  0.4345 -0.8964  0.0002  0.1348  0.0772  0.3845  0.0264 -0.0003  0.0781 0 
 47.3396 -0.4393  2.2401  0.0049  0.1159  0.0328  0.3897  0.2343 -0.0003  0.1592 0 
 52.1492 -0.7295  1.6778  0.0888  0.7878  0.0491  0.4646  0.0242 -0.0003  0.6252 1 
 40.2441  0.7136 -1.4461  0.0187  0.0413  0.2253  0.2260  0.0464 -0.0003  0.0478 1 
 44.9256 -0.5306  0.7025  0.0035  0.3692  0.0635  0.5267  0.0479 -0.0003  0.1718 0 
 44.7517  0.5313 -2.4492  0.0059  0.5718  0.0605  0.3515  0.0213 -0.0003  0.1946 0 
 49.0517  0.5807 -3.1302  0.0166  0.2370  0.0696  0.3003  0.0124 -0.0003  0.1549 0 
 47.8492 -0.5832 -0.0279  0.0263  0.3295  0.0526  0.3886  0.2022 -0.0003  0.4242 0 
 51.4748  0.5569  3.0653  0.0303  0.3929  0.0310  0.5085  0.0482 -0.0003  0.2636 0 
 33.8048 -0.5536 -0.0908  0.1469  0.1783  0.0183  0.2372  0.0869 -0.0003  0.3095 0 
 55.0912  0.7877  0.1276  0.0258  0.6228  0.0340  0.3333 -0.0200 -0.0003  0.2811 0 
 51.3100 -0.7797 -2.9723  0.0025  0.2780  0.0758  0.2544  0.0646 -0.0003  0.1652 0 
 46.6987 -0.0222  2.7007  0.0389  0.2281  0.1582  0.5214  0.0521 -0.0003  0.2838 0 
 44.4465  0.0566 -0.4336  0.1737  0.4276  0.0164  0.3521  0.1242 -0.0003  0.6034 0 
 40.5219 -0.4608  1.3096  0.0061  0.4562  0.0457  0.4060  0.0313 -0.0003  0.1642 0 
 39.2584  0.4445 -1.8295  0.0376  0.1863  0.0096  0.1820  0.0099  0.0299  0.0856 0 
 47.7882  0.1468  0.4743  0.0900  0.2241  0.0758  0.5615  0.0532  0.1359  0.6352 0 
 44.5533 -0.1646 -2.6827  0.0044  0.4754  0.0553  0.3519  0.0397 -0.0003  0.1764 0 
 46.6102 -0.4275 -2.4260  0.4272  0.5206  0.0337  0.3043  0.2861  0.0689  0.9902 1 
 41.1963  0.4001  0.6912  0.2197  0.3837  0.0371  0.3593  0.2656 -0.0003  0.9330 1 
 46.7811 -0.6566  1.8090  0.0072  0.4102  0.1371  0.6080  0.0407 -0.0003  0.2287 0 
 45.9022  0.6601 -1.3682  0.0189  0.7067  0.0377  0.4364  0.1395  0.2170  0.6573 0 
 48.8930 -0.7592  1.8278  0.0272  0.4729  0.0177  0.3005  0.0196 -0.0003  0.1289 0 
 45.4932  0.7546 -1.3011  0.0255  0.2617  0.1003  0.1312  0.0495 -0.0003  0.3281 0 
 45.0599 -0.0119 -2.9380  0.2183  0.3665  0.0504  0.5701  0.3841 -0.0003  0.9876 1 
 42.1454  0.0161  0.2030  0.0644  0.2407  0.0419  0.3125  0.0622 -0.0003  0.2618 1 
 45.7099  0.2331  1.1299  0.0096  0.1552  0.0649  0.2622  0.0053 -0.0003  0.0999 0 
 41.2573 -0.2510 -1.9981  0.0122  0.1311  0.0155  0.2245  0.0374 -0.0003  0.0380 0 
 49.6284  0.5179  2.2299  0.0196  0.2084  0.0372  0.4705  0.0616 -0.0003  0.1469 0 
 46.9947 -0.5585 -0.9246  0.0126  0.0714  0.2122  0.2602  0.0123 -0.0003  0.0550 0 
 35.6146 -0.7346  1.4448  0.0051  0.3906  0.0471  0.3740  0.0338 -0.0003  0.1480 0 
 30.4906  0.7300 -1.6565  0.0247  0.2420  0.0293  0.1466  0.0157 -0.0003  0.1273 0 
 46.6163 -0.5106  1.5320  0.1442  0.6683  0.0510  0.7824  0.1072 -0.0003  0.8731 1 
 43.5859  0.5156 -1.5609  0.5071  0.1665  0.0986  0.3097  0.4945 -0.0003  0.9939 1 
 54.8592  0.5962  1.0043  0.0976  0.0709  0.1018  0.4170  0.0256 -0.0003  0.1971 0 
 43.0671 -0.5727 -2.1372  0.0666  0.0762  0.0460  0.4882  0.1144 -0.0003  0.2301 0 
 45.8137 -0.0497  1.6520  0.0065  0.3782  0.0579  0.4367  0.0650 -0.0003  0.1760 0 
 42.0661  0.0405 -1.5089  0.0858  0.3708  0.0966  0.3573  0.1293  0.1793  0.8060 0 
 45.5634 -0.4392  2.4842  0.1902  0.6995  0.0407  0.2186  0.0848 -0.0003  0.8392 1 
 42.6062  0.4484 -0.6733  0.1289  0.4976  0.0776  0.4451  0.1420 -0.0003  0.8101 1 
 47.9347 -0.6743  2.9278  0.0460  0.1927  0.0293  0.1726  0.0165 -0.0003  0.1207 0 
 40.7507  0.6957 -0.1917  0.0047  0.3429  0.0650  0.3153  0.0125 -0.0003  0.1685 0 
 52.1431  0.4508 -0.3466  0.0543  0.1636  0.0588  0.1690  0.0898 -0.0003  0.2571 0 
 41.3916 -0.4556  2.8293  0.1941  0.3339  0.0354  0.1794  0.0652 -0.0003  0.6296 0 
 45.3834 -0.6160  2.5715  0.0369  0.4127  0.0157  0.2626  0.3681  0.2020  0.8392 1 
 43.5767  0.6294 -0.5742  0.0000  0.2228  0.0430  0.3539  0.2850 -0.0003  0.3482 1 
 44.6510  0.0868 -2.4071  0.0027  0.1551  0.0498  0.4396  0.0026 -0.0003  0.0926 0 
 43.6408 -0.1097  0.7001  0.0157  0.0406  0.0046  0.0884  0.0089 -0.0003  0.0473 0 
 47.7394 -0.1712  0.9692  0.0011  0.7640  0.0226  0.3456  0.0958 -0.0003  0.1491 0 
 42.1363  0.1627 -2.1561  0.0927  0.5291  0.1062  0.3572  0.0150 -0.0003  0.4568 0 
 46.7201 -0.2076  1.3708  0.0139  0.1248  0.0396  0.3475 -0.0200  0.0510  0.1191 0 
 39.4873  0.2142 -1.7657  0.0053  0.5109  0.0161  0.4543  0.0008 -0.0003  0.1315 0 
 43.6225 -0.4306  2.6420  0.3174  0.7066  0.0541  0.6192  0.4152 -0.0003  0.9924 1 
 21.8692  0.3794 -0.5074  0.3435  0.2872  0.0310  0.1624  0.3464 -0.0003  0.9729 1 
 44.6693 -0.3669  1.3845  0.0426  0.4903  0.0154  0.2637  0.0478 -0.0003  0.1444 0 
 35.0225  0.3722 -1.7105  0.0741  0.2823  0.0975  0.4696  0.0743 -0.0003  0.4369 0 
 47.1107  0.2648 -0.5768  0.1589  0.4529  0.0323  0.5635  0.1464  0.0546  0.8730 1 
 43.3082 -0.2840  2.5736  0.3131  0.6397  0.0685  0.3545  0.3349  0.5911  0.9997 1 
 45.6672 -0.3809 -2.7735  0.0013  0.1107  0.0302  0.5681  0.1047 -0.0003  0.1150 0 
 40.1556  0.3746  0.3690  0.0258  0.6153  0.0171  0.1809  0.0854 -0.0003  0.1595 0 
 50.0130 -0.7831  0.7891  0.1379  0.2322  0.0746  0.6403  0.1308 -0.0003  0.8014 1 
 41.7639  0.7729 -2.3807  0.2273  0.5671  0.0447  0.4475  0.4882 -0.0003  0.9936 1 
 44.6326 -0.3906  0.9785  0.1772  0.5351  0.0492  0.4836  0.3367 -0.0003  0.9737 1 
 44.3305  0.4179 -2.2085  0.6881  0.7876  0.0284  0.4404  0.6080 -0.0003  0.9980 1 
 41.4588  0.1556 -2.3319  0.0005  0.5540  0.1220  0.4932  0.0477 -0.0003  0.2161 0 
 41.2482 -0.1395  0.8422  0.0039  0.3792  0.0311  0.1796  0.0263 -0.0003  0.1301 0 
 41.8189  0.6893 -1.1933  0.2202  0.6731  0.0334  0.4026  0.1580 -0.0003  0.8838 1 
 35.9991 -0.7025  1.8831  0.1026  0.3414  0.0703  0.4660  0.1767 -0.0003  0.7541 1 
 50.5318  0.7444 -2.1889  0.0157  0.1154  0.0492  0.2554  0.1746 -0.0003  0.1579 0 
 45.5207 -0.7511  0.9439  0.0769  0.3730  0.0446  0.3062  0.0207 -0.0003  0.4011 0 
 45.8930 -0.2856  1.9670  0.8138  0.3837  0.0352  0.3928  0.9924 -0.0003  0.9983 1 
 44.6387  0.2767 -1.1712  0.5437  0.2400  0.0774  0.4396  0.7805 -0.0003  0.9982 1 
 47.2602 -0.2997  2.4101  0.2300  0.4536  0.0412  0.6064  0.0992 -0.0003  0.8506 1 
 32.6299  0.3315 -0.7720  0.0284  0.3483  0.0210  0.3354  0.0801  0.1131  0.3751 1 
 46.2318  0.7254 -2.8235  0.0363  0.3583  0.0602  0.3920  0.0235 -0.0003  0.2621 0 
 45.4963 -0.7236  0.3111  0.0277  0.3579  0.1622  0.3937  0.0233 -0.0003  0.2386 0 
 53.3272  0.2711 -1.2402  0.0017  0.4855  0.0569  0.1680  0.0919 -0.0003  0.2927 0 
 50.5959 -0.2531  1.9271  0.0208  0.0815  0.1426  0.1702  0.0643 -0.0003  0.0818 0 
 40.9186 -0.0164 -2.1395  0.1965  0.2635  0.0537  0.2699  0.2364 -0.0003  0.8916 0 
 39.7009 -0.0091  1.0449  0.1303  0.3459  0.0696  0.3176  0.0775  0.1425  0.7969 0 
 46.5614  0.6961 -1.9851  0.0107  0.2147  0.0310  0.3044  0.0368 -0.0003  0.0668 0 
 44.1688 -0.7146  1.1649  0.0522  0.4210  0.0245  0.2645  0.0115  0.1788  0.5894 0 
 43.8819  0.2583  0.1789  0.1183  0.6708  0.0610  0.2208  0.1633 -0.0003  0.8828 0 
 43.4241 -0.2394 -2.9235  0.0666  0.4589  0.0315  0.3986  0.2847 -0.0003  0.7320 0 
 46.5309 -0.3134  2.1892  0.1231  0.0918  0.0685  0.1305  0.0783 -0.0003  0.2972 0 
 39.8840  0.3256 -0.9162  0.0754  0.3705  0.0523  0.4078  0.1487 -0.0003  0.6133 0 
 28.9219 -0.4114  0.1210  0.2723  0.4090  0.0285  0.3971  0.0963  0.1797  0.9070 1 
 26.2303  0.4917 -3.0488  0.1065  0.3160  0.0318  0.3578  0.2205  0.2994  0.9730 1 
 46.4729 -0.3498 -2.4092  0.0646  0.7291  0.0468  0.4785  0.0462 -0.0003  0.5034 1 
 31.4519  0.3831  0.7034  0.2929  0.3560  0.0735  0.3390  0.3057  0.2460  0.9923 1 
 49.2744 -0.5490  1.7753  0.0042  0.4316  0.0290  0.2999  0.1165 -0.0003  0.1392 0 
 42.0783  0.5479 -1.3448  0.0872  0.1371  0.0684  0.2233  0.0095 -0.0003  0.2230 0 
 46.1128 -0.5749  2.0879  0.1448  0.4318  0.1060  0.2179  0.1688  0.0931  0.9078 1 
 43.1922  0.5628 -1.0803  0.1729  0.4571  0.0258  0.2661  0.4139 -0.0003  0.9232 1 
 50.6416 -0.6334  1.3381  0.0219  0.0751  0.0270  0.2553  0.0900 -0.0003  0.0576 0 
 45.9449  0.6238 -1.8108  0.0173  0.5151  0.0262  0.3054  0.0124 -0.0003  0.1584 0 
 45.9388  0.5571 -1.9319  0.0097  0.3630  0.1727  0.3054  0.0207 -0.0003  0.2070 0 
 39.4598 -0.5804  1.2188  0.0025  0.1692  0.0378  0.3635  0.0615 -0.0003  0.0662 0 
 58.2650  0.5473  0.3167  0.0537  0.0842  0.0634  0.3287  0.0942 -0.0003  0.1402 0 
 42.6917 -0.5279 -2.8500  0.1037  0.3836  0.0523  0.3114  0.0074  0.2215  0.7326 0 
 53.4188 -0.4678 -0.0886  0.0248  0.6172  0.0878  0.2099  0.0080 -0.0003  0.2828 0 
 44.0040  0.4766  3.0240  0.0992  0.1965  0.1122  0.3972  0.0198 -0.0003  0.3745 0 
 47.1473  0.0047 -1.6470  0.0496  0.1661  0.2667  0.3467  0.0284 -0.0003  0.2300 0 
 44.9500  0.0066  1.4969  0.0113  0.2915  0.0192  0.3072  0.0650 -0.0003  0.0678 0 
 45.2277  0.1860 -1.9096  0.0074  0.3670  0.0294  0.4819  0.0840 -0.0003  0.1599 0 
 41.1048 -0.1731  1.2289  0.1072  0.2685  0.0724  0.5393  0.0648 -0.0003  0.5358 0 
 48.8624 -0.6104 -1.4939  0.7148  0.1041  0.1224  0.2576  0.6762 -0.0003  0.9813 1 
 37.2656  0.6101  1.6258  0.3170  0.4160  0.0882  0.5077  0.4199 -0.0003  0.9970 1 
 45.1728  0.5223  3.0246  0.0545  0.2570  0.0863  0.3944  0.1308 -0.0003  0.4392 0 
 39.2554 -0.5294 -0.1324  0.1164  0.4407  0.0688  0.3640  0.2141 -0.0003  0.8656 0 
 51.8257 -0.3515  0.4846  0.0048  0.5529  0.0200  0.2961  0.0093 -0.0003  0.1169 0 
 51.1391  0.3169 -2.6673  0.0084  0.4128  0.1294  0.6367  0.0242 -0.0003  0.2274 0 
 53.7026 -0.0843  1.3103  0.0178  0.1742  0.0213  0.2515  0.0871 -0.0003  0.0613 0 
 42.1088  0.0947 -1.8091  0.2208  0.5366  0.0403  0.3572  0.3437 -0.0003  0.9747 0 
 47.3640 -0.2108  1.0250  0.0588  0.6972  0.1507  0.3896  0.0692 -0.0003  0.4190 0 
 44.8249  0.2289 -2.0999  0.0927  0.1182  0.0137  0.2196  0.0421 -0.0003  0.0864 0 
 54.7280 -0.2077 -1.7954  0.0370  0.6826  0.2123  0.6676  0.0255 -0.0003  0.3211 0 
 41.2390  0.2187  1.3826  0.0020  0.3250  0.0179  0.1796  0.0745 -0.0003  0.0854 0 
 47.6753 -0.6968 -3.0799  0.0667  0.2145  0.0605  0.3889  0.0463 -0.0003  0.2974 0 
 42.7771  0.6911  0.0795  0.2668  0.1365  0.0210  0.2223  0.1706 -0.0003  0.6940 0 
 45.1698 -0.6741 -1.8119  0.0023  0.0616  0.0151  0.3068  0.1508  0.1213  0.1885 0 
 36.6857  0.6617  1.3261  0.0563  0.5144  0.0088  0.0927  0.0318 -0.0003  0.1566 0 
 51.4778 -0.7875 -2.1119  0.0818  0.1423  0.0196  0.3390  0.0643 -0.0003  0.1534 0 
 47.3091  0.7657  0.9849  0.0530  0.6894  0.0637  0.5196  0.0449 -0.0003  0.3965 0 
 49.0272 -0.2338 -1.6645  0.0255  0.1655  0.0486  0.2574  0.0729 -0.0003  0.1115 0 
 45.6275  0.2496  1.4757  0.0662  0.5289  0.0288  0.3934  0.0783 -0.0003  0.4500 0 
 46.9703 -0.3841 -1.8166  0.0323  0.3324  0.0240  0.4338  0.0467 -0.0003  0.1795 0 
 45.8839  0.3696  1.3426  0.0016  0.6805  0.1312  0.4365  0.1761 -0.0003  0.3958 0 
 63.6454  0.6076 -1.6812  0.0797  0.4603  0.0411  0.2815  0.0519 -0.0003  0.4763 0 
 51.8502 -0.5974  1.4564  0.0013  0.1462  0.0682  0.2961  0.0173 -0.0003  0.0828 0 
 45.8839 -0.5556 -1.0671  0.0015  0.1217  0.0369  0.2182  0.1173 -0.0003  0.0714 0 
 45.5421  0.5443  2.0649  0.0289  0.3730  0.0928  0.3499  0.0119 -0.0003  0.2252 0 
 46.8971 -0.0827  1.7812  0.0252  0.1882  0.0382  0.2170  0.1819 -0.0003  0.2663 0 
 46.1097  0.0445 -1.3562  0.0270  0.2393  0.1410  0.6539  0.0400 -0.0003  0.2942 0 
 46.1555  0.1255  2.8740  0.0593  0.6303  0.2066  0.6973  0.0731 -0.0003  0.4053 1 
 37.6318 -0.1284 -0.2774  0.2153  0.2244  0.1428  0.3683  0.3377 -0.0003  0.9824 1 
 51.1696 -0.4233 -1.4785  0.2735  0.4741  0.0968  0.4668  0.0800 -0.0003  0.8557 1 
 46.7231  0.4179  1.6547  0.0384  0.5413  0.0325  0.3475  0.0561  0.1058  0.5118 1 
 45.4780 -0.7816 -2.4869  0.0508  0.4068  0.0177  0.2188  0.0472  0.0984  0.3363 0 
 41.8708  0.7826  0.6165  0.0712  0.3230  0.0263  0.3130  0.0912 -0.0003  0.2982 0 
 43.8575 -0.2772 -2.4452  0.3942  0.5555  0.0338  0.4859  0.6477 -0.0003  0.9980 1 
 33.1304  0.3054  0.6806  0.1111  0.2890  0.0130  0.1908  0.2148  0.1435  0.7443 1 
 46.2837  0.1994  0.8062  0.0142  0.5885  0.0712  0.3048  0.0075 -0.0003  0.2255 0 
 40.3143 -0.1916 -2.3835  0.0759  0.2715  0.0598  0.4066  0.1241 -0.0003  0.5122 0 
 50.6050 -0.5467 -1.6441  0.8803  0.3678  0.1159  0.6809  0.9591 -0.0003  0.9983 1 
 31.7632  0.5172  1.4670  0.0474  0.5512  0.0101  0.0966  0.0217 -0.0003  0.1534 1 
 48.8869 -0.5076  2.0457  0.0383  0.1316  0.1245  0.4293  0.0466 -0.0003  0.1537 0 
 43.7507  0.4389 -1.1879  0.0508  0.3147  0.0547  0.4862  0.1589 -0.0003  0.4883 0 
 51.5175 -0.7463 -1.9037  0.1735  0.1567  0.1071  0.3813  0.1725 -0.0003  0.7957 1 
 32.3339  0.6560  1.2453  0.0864  0.2351  0.1101  0.6245  0.2021  0.1763  0.8870 1 
 54.5327  0.7671 -1.4931  0.0134  0.7436  0.0562  0.3341  0.0195 -0.0003  0.2510 0 
 46.0365 -0.7647  1.5872  0.0607  0.1680  0.0497  0.2617  0.2224 -0.0003  0.4492 0 
 52.0211 -0.4544  1.6525  0.0646  0.2507  0.0763  0.3381  0.0225 -0.0003  0.3060 0 
 45.5299  0.4666 -1.4996  0.1158  0.2885  0.0130  0.2624  0.0855 -0.0003  0.2644 0 
 46.6102 -0.5701 -2.8070  0.0894  0.1373  0.0436  0.4347  0.0280 -0.0003  0.2599 0 
 44.8249  0.5491  0.3251  0.0086  0.2206  0.0743  0.2635  0.0705 -0.0003  0.1457 0 
 49.7597 -0.1833 -0.7645  0.1183  0.2246  0.0522  0.5129  0.0950 -0.0003  0.5905 0 
 43.5950  0.1821  2.3410  0.0109  0.3368  0.0890  0.3982  0.0174 -0.0003  0.1694 0 
 48.7861  0.6296 -2.0679  0.0556  0.1965  0.0237  0.3437  0.0126  0.2629  0.7267 0 
 47.7760 -0.6134  1.0680  0.0370  0.0838  0.0405  0.4751  0.0966 -0.0003  0.1452 0 
 44.2054 -0.3432 -0.9125  0.1992  0.6159  0.0488  0.5730  0.1954 -0.0003  0.9495 1 
 43.5920  0.3540  2.2004  0.2819  0.4264  0.0573  0.2655  0.2073 -0.0003  0.9508 1 
 45.9693 -0.0546  2.1018  0.0472  0.2143  0.0590  0.3054  0.0847 -0.0003  0.2546 0 
 42.4018  0.0235 -1.0759  0.0387  0.5447  0.0425  0.4011  0.1328 -0.0003  0.4745 0 
 46.7994  0.6737 -1.8922  0.0105  0.5554  0.0790  0.3474  0.0563 -0.0003  0.2306 0 
 41.7792 -0.6754  1.2734  0.0182  0.1754  0.0108  0.0895  0.0018 -0.0003  0.0796 0 
 45.5146  0.6910 -1.0371  0.1926  0.5320  0.0671  0.5249  0.2986 -0.0003  0.9777 1 
 41.9837 -0.7012  2.0386  0.0017  0.5765  0.0591  0.4916  0.0916  0.1278  0.3790 1 
 51.3313  0.7237 -0.4910  0.0275  0.2596  0.0559  0.5089  0.0919 -0.0003  0.2690 0 
 38.2452 -0.7121  2.6287  0.0019  0.7352  0.0443  0.5041  0.0223 -0.0003  0.1889 0 
 49.3721 -0.0252  0.6428  0.1133  0.4893  0.1292  0.8565  0.2932  0.0470  0.9637 1 
 42.4353 -0.0195 -2.5278  0.3207  0.4458  0.1089  0.2673  0.4456  0.5692  0.9998 1 
 42.6978 -0.5391 -1.7867  0.0402  0.3510  0.0216  0.2224  0.0103 -0.0003  0.1493 0 
 39.8657  0.5221  1.3231  0.0447  0.0434  0.0356  0.1360  0.0095 -0.0003  0.0752 0 
 49.9336  0.1247 -0.3931  0.0113  0.2563  0.1818  0.4697  0.0408 -0.0003  0.1969 0 
 48.8167 -0.1157  2.7395  0.0184  0.4822  0.0313  0.3436  0.0136 -0.0003  0.1790 0 
 50.2022 -0.2513 -0.4840  0.0104  0.3815  0.0265  0.4265  0.0479 -0.0003  0.1248 0 
 48.3131  0.2571  2.6432  0.0126  0.1494  0.0606  0.3015  0.0972  0.2620  0.4404 0 
 49.7078 -0.6631  1.3472  0.0265  0.4335  0.0487  0.3420  0.0070 -0.0003  0.2455 0 
 42.3621  0.6701 -1.8061  0.0515  0.3547  0.0118  0.2675  0.0269 -0.0003  0.1186 0 
 45.9754  0.6191  2.0269  0.0190  0.1980  0.0843  0.4799  0.1335 -0.0003  0.2336 0 
 44.6296 -0.6259 -1.1093  0.0051  0.7496  0.0931  0.6155  0.0375 -0.0003  0.2638 0 
 50.3304 -0.2336 -2.6276  0.0708  0.3583  0.0332  0.3836  0.0207  0.1084  0.5516 1 
 34.7295  0.2606  0.5094  0.2705  0.2139  0.0216  0.3766  0.1685  0.0142  0.7991 1 
 42.5299  0.0766  0.5126  0.0447  0.1956  0.0373  0.3117  0.0566 -0.0003  0.1439 0 
 36.2341 -0.0561 -2.6086  0.0302  0.2459  0.0159  0.3256  0.0364 -0.0003  0.0759 0 
 48.2277 -0.0980  1.7526  0.0205  0.4740  0.1548  0.6032  0.0474  0.1812  0.4818 0 
 41.4069  0.1214 -1.3607  0.0739  0.6212  0.0198  0.2691  0.2580 -0.0003  0.5618 0 
 52.6253 -0.3642 -0.4522  0.0069  0.0803  0.0630  0.2949  0.0397 -0.0003  0.0691 0 
 49.3477  0.3782  2.6304  0.0007  0.4665  0.1138  0.5997  0.0301 -0.0003  0.2005 0 
 45.4994  0.5552 -1.7194  0.0321  0.4574  0.0290  0.3062  0.0292 -0.0003  0.1865 0 
 41.6297 -0.4966  1.4921  0.0566  0.2498  0.2077  0.4478  0.0108  0.4586  0.5275 0 
 47.2328 -0.4297  1.9682  0.0001  0.3812  0.0320  0.3032  0.0356 -0.0003  0.0922 0 
 44.1901  0.4440 -1.1633  0.0357  0.1013  0.0396  0.2645  0.0292 -0.0003  0.0725 0 
 48.5389 -0.3644 -3.0271  0.0010  0.5240  0.0643  0.3011  0.2261 -0.0003  0.5250 0 
 47.2389  0.3707  0.1345  0.0002  0.2156  0.1183  0.5198  0.1768  0.3372  0.5836 0 
 47.0680 -0.4966 -3.0532  0.0603  0.1355  0.0369  0.3902  0.0264 -0.0003  0.1516 0 
 45.4749  0.4893  0.0636  0.0314  0.7189  0.0372  0.2625  0.0341 -0.0003  0.2884 0 
 39.6826 -0.5005  2.4107  0.0454  0.4333  0.0270  0.4083  0.3319 -0.0003  0.6661 0 
 31.9554  0.5090 -0.6720  0.0971  0.1298  0.0310  0.3856  0.0811 -0.0003  0.2632 0 
 45.7069 -0.1716 -0.8919  0.0597  0.2311  0.0158  0.3058  0.0245 -0.0003  0.1174 0 
 45.6428  0.1528  2.2781  0.0388  0.4738  0.0415  0.2623  0.0662 -0.0003  0.2949 0 
 47.2419  0.6353 -3.1064  0.1213  0.7060  0.0259  0.4332  0.1149 -0.0003  0.7519 1 
 41.4832 -0.6429  0.0428  0.1907  0.1465  0.0434  0.2690  0.2513 -0.0003  0.8102 1 
 47.1107  0.0320  0.1536  0.0364  0.5515  0.0808  0.5635  0.0266 -0.0003  0.2886 0 
 44.7517 -0.0525 -3.0035  0.0405  0.4114  0.0311  0.3954  0.0322 -0.0003  0.2482 0 
 39.9695 -0.6274 -3.0550  0.1674  0.6981  0.0379  0.3170  0.2886 -0.0003  0.9402 0 
 36.0266  0.6023  0.1066  0.2270  0.1837  0.0378  0.2796  0.1641 -0.0003  0.7764 0 
 41.5015  0.3300 -1.0688  0.0032  0.1688  0.1900  0.4034  0.0805 -0.0003  0.1374 0 
 40.5859 -0.3575  2.0867  0.0587  0.2744  0.0248  0.4059  0.0786 -0.0003  0.2615 0 
 46.7445  0.0291  1.6468  0.0151  0.0534  0.0261  0.2606  0.0076 -0.0003  0.0495 0 
 42.0233 -0.0174 -1.5111  0.0654  0.1912  0.0129  0.2234  0.0245 -0.0003  0.0904 0 
 46.5766 -0.2442  2.1027  0.0277  0.2996  0.0139  0.2609  0.0234 -0.0003  0.0792 0 
 39.6582  0.2356 -1.0195  0.0702  0.5340  0.1157  0.4084  0.0838 -0.0003  0.4403 0 
 50.8522 -0.7055  1.7290  0.0475  0.3087  0.0480  0.4676  0.0407  0.1713  0.5128 1 
 47.7119  0.7260 -1.4301  0.5286  0.5276  0.0616  0.3889  0.6528 -0.0003  0.9982 1 
 41.2024 -0.5284 -0.1053  0.0435  0.6568  0.0393  0.3593  0.0189 -0.0003  0.3563 0 
 41.1627  0.5363  3.0293  0.0313  0.1234  0.0552  0.5391  0.1462 -0.0003  0.2426 0 
 47.0558  0.6506  1.6711  0.0551  0.1300  0.0319  0.2602  0.0568 -0.0003  0.0971 0 
 46.5095 -0.6574 -1.4682  0.0162  0.1418  0.0537  0.3045  0.0307 -0.0003  0.0855 0 
 42.4170 -0.7255 -2.1554  0.0791  0.1647  0.0207  0.3119  0.1237 -0.0003  0.2322 0 
 37.3755  0.7256  1.0029  0.0193  0.6078  0.0444  0.3690  0.1088 -0.0003  0.3288 0 
 43.9643  0.6944  1.4508  0.0218  0.1173  0.0649  0.3973  0.1472 -0.0003  0.1629 0 
 28.6870 -0.7178 -1.7704  0.0097  0.0968  0.0365  0.2488  0.0556  0.0508  0.0920 0 
 48.3406  0.6108  1.2104  0.0187  0.3260  0.0724  0.3875  0.0555  0.0913  0.3143 0 
 43.6530 -0.5937 -1.9496  0.0474  0.3122  0.0379  0.3538  0.1220 -0.0003  0.3347 0 
 42.6184 -0.5300 -1.8017  0.2390  0.5551  0.0437  0.4005  0.1657  0.0701  0.8882 0 
 40.7538  0.5175  1.3938  0.0133  0.3102  0.0299  0.4504  0.0137 -0.0003  0.1369 0 
 54.1024 -0.5849  0.0706  0.0005  0.1772  0.0358  0.2092  0.0276 -0.0003  0.0601 0 
 48.3467  0.5842 -3.0646  0.0063  0.4227  0.0237  0.2153  0.0084 -0.0003  0.1235 0 
 43.7751 -0.1983 -0.2626  0.0468  0.2801  0.0270  0.3535  0.0388  0.2312  0.6285 1 
 38.8556  0.1940  2.8669  0.0707  0.5376  0.0372  0.3650  0.0552 -0.0003  0.4846 1 
 45.5451  0.4342  2.4465  0.0108  0.0242  0.0056  0.1312  0.2125 -0.0003  0.1001 0 
 44.9622 -0.4216 -0.6966  0.0027  0.3935  0.0183  0.2194  0.1099 -0.0003  0.1074 0 
 45.5482  0.6823 -2.2901  0.4652  0.3490  0.0644  0.3936  0.4932 -0.0003  0.9974 1 
 38.7304 -0.6642  0.8209  0.0716  0.2374  0.0288  0.4567  0.0812 -0.0003  0.3456 1 
 48.5115 -0.6542  0.9470  0.0169  0.1430  0.0851  0.4732  0.0209 -0.0003  0.1166 0 
 40.7568  0.6420 -2.1835  0.0000  0.0320  0.0113  0.0450  0.0080 -0.0003  0.0654 0 
 45.9663  0.3912  1.3298  0.0061  0.6396  0.0158  0.3490  0.0638 -0.0003  0.1087 0 
 45.2949 -0.3940 -1.8087  0.0294  0.1503  0.0585  0.3504  0.0848 -0.0003  0.1438 0 
 51.9203  0.4751  0.9586  0.0192  0.0792  0.0720  0.2959  0.0383 -0.0003  0.0776 0 
 43.6255 -0.4569 -2.1768  0.0352  0.4958  0.0158  0.2211  0.0184 -0.0003  0.1380 0 
 46.4515 -0.1082 -2.3262  0.0214  0.0612  0.0197  0.1740  0.0134 -0.0003  0.0469 0 
 44.6723  0.1623  0.8229  0.0359  0.3033  0.1461  0.3517  0.0213 -0.0003  0.2351 0 
 50.1473  0.6912  2.9632  0.0072  0.2315  0.0333  0.2986  0.0108 -0.0003  0.0792 0 
 44.3153 -0.6740 -0.1561  0.0314  0.3721  0.0833  0.3964  0.0407 -0.0003  0.2539 0 
 48.1727 -0.0844 -0.7438  0.0160  0.0631  0.1064  0.3017  0.0201 -0.0003  0.0590 0 
 44.2481  0.1083  2.4411  0.0885  0.5190  0.0574  0.3966  0.0556 -0.0003  0.5654 0 
 51.6335  0.7790  1.1300  0.0235  0.6803  0.0497  0.2964  0.0350 -0.0003  0.3054 0 
 48.4474 -0.7936 -2.0521  0.0616  0.5292  0.0546  0.1721  0.1264 -0.0003  0.6170 0 
 42.5086  0.2592  2.6519  0.6349  0.5421  0.0525  0.3117  0.4028 -0.0003  0.9973 1 
 41.8341 -0.2190 -0.5315  0.1416  0.1366  0.0583  0.2683  0.2133  0.3801  0.9702 1 
 43.5798 -0.5284 -2.4951  0.2604  0.5017  0.0233  0.4424  0.2812 -0.0003  0.9484 1 
 39.7803  0.5315  0.6890  0.2051  0.3644  0.0673  0.4987  0.1085  0.2155  0.9259 1 
 52.5002 -0.2382 -2.3504  0.0416  0.2588  0.0921  0.4217  0.0336 -0.0003  0.2486 0 
 34.1131  0.1954  0.7859  0.1849  0.3498  0.0298  0.2839  0.3331  0.2612  0.9891 0 
 51.5602 -0.1170  1.4463  0.0003  0.4145  0.0607  0.4236  0.1315 -0.0003  0.2223 0 
 40.5402  0.1568 -1.7115  0.0010  0.0601  0.0631  0.1804  0.1015 -0.0003  0.0890 0 
 48.4810 -0.7273 -0.0085  0.0089  0.4073  0.0135  0.1291  0.0969 -0.0003  0.1226 0 
 47.2511  0.7227  3.1183  0.0046  0.6313  0.0154  0.3032  0.0330 -0.0003  0.1010 0 
 52.2133 -0.3711  1.4393  0.0133  0.5352  0.2219  0.6333  0.0215 -0.0003  0.2650 0 
 47.5532  0.3747 -1.6801  0.0331  0.4651  0.0893  0.5189  0.0211 -0.0003  0.2634 0 
 47.0863  0.1715 -2.0759  0.0630  0.2102  0.3406  0.3902  0.1031 -0.0003  0.4626 0 
 43.1556 -0.2047  1.0912  0.0090  0.1469  0.0410  0.3105  0.0673 -0.0003  0.0682 0 
 44.2664  0.7043  1.5794  0.2261  0.1401  0.0662  0.3525  0.3222 -0.0003  0.9393 1 
 41.8372 -0.6788 -1.5691  0.1140  0.5176  0.0335  0.4025  0.1435 -0.0003  0.7538 1 
 46.2226  0.5687 -0.2875  0.1003  0.3018  0.0522  0.4357  0.0362 -0.0003  0.4635 0 
 42.9541 -0.5765  2.8497  0.0602  0.3172  0.0508  0.4885  0.1324 -0.0003  0.4991 0 
 47.9988  0.5172 -2.6270  0.0419  0.4250  0.0222  0.3451  0.0076 -0.0003  0.2030 0 
 40.0366 -0.5240  0.5310  0.0311  0.3511  0.0136  0.2715  0.0233 -0.0003  0.0947 0 
 44.7852 -0.6823 -2.0150  0.0125  0.2882  0.0800  0.4832  0.0522  0.0486  0.2278 0 
 43.3997  0.6939  1.1222  0.0421  0.1864  0.0294  0.3986  0.1227 -0.0003  0.2044 0 
 52.4514 -0.7337 -2.2087  0.0214  0.1991  0.0350  0.2531  0.0207 -0.0003  0.0854 0 
 44.1352  0.7518  0.8507  0.0044  0.2005  0.1202  0.4851  0.1581 -0.0003  0.2053 0 
 58.3658 -0.6356 -0.7723  0.0521  0.2785  0.0204  0.1642  0.0225 -0.0003  0.1434 0 
 55.2407  0.6278  2.4017  0.0117  0.8156  0.0571  0.5412  0.1662  0.1858  0.6759 0 
 48.4688  0.5404  1.0008  0.0141  0.3329  0.2207  0.1721 -0.0007 -0.0003  0.2034 0 
 47.3701 -0.5225 -2.1696  0.0099  0.5207  0.0318  0.2164  0.0416 -0.0003  0.1534 0 
 49.1707 -0.3774  0.9479  0.0166  0.5041  0.1294  0.3859  0.0390 -0.0003  0.2385 0 
 41.1017  0.3715 -2.1787  0.0415  0.6303  0.0169  0.3146  0.0385 -0.0003  0.1850 0 
 46.7231 -0.5226  1.9248  0.0004  0.1556  0.0700  0.2172  0.0960 -0.0003  0.1114 0 
 46.0395  0.5399 -1.1972  0.0142  0.2374  0.0328  0.1308  0.0750 -0.0003  0.1306 0 
 41.9898 -0.5905 -0.0136  0.0536  0.3932  0.0668  0.5362  0.2195 -0.0003  0.6267 1 
 38.9136  0.5912  3.1246  0.3659  0.5254  0.0297  0.5017  0.1834  0.2075  0.9915 1 
 45.6428  0.2457  1.3511  0.0029  0.3067  0.0324  0.4371  0.0801 -0.0003  0.1146 0 
 37.0245 -0.2509 -1.7210  0.1248  0.1270  0.0805  0.4624  0.1998 -0.0003  0.7096 0 
 47.7913  0.6310  0.1456  0.0361  0.3476  0.0143  0.3023  0.0172 -0.0003  0.1081 0 
 45.1423 -0.6267 -2.9924  0.0045  0.0612  0.0350  0.1315  0.0136 -0.0003  0.0656 0 
 47.7180 -0.6379  0.7597  0.0156  0.2271  0.0504  0.2160  0.0148 -0.0003  0.1331 0 
 40.7507  0.6261 -2.3895  0.0485  0.4937  0.0260  0.1802  0.0104 -0.0003  0.2319 0 
 45.5940  0.6994  0.8934  0.1098  0.2932  0.0839  0.3060  0.0316 -0.0003  0.4919 0 
 42.8443 -0.6845 -2.2483  0.0336  0.5779  0.0266  0.3556  0.0461 -0.0003  0.2221 0 
 38.7121  0.5613 -2.1246  0.0652  0.3799  0.0251  0.1370  0.1054  0.3135  0.9485 1 
 37.7081 -0.5633  1.0514  0.2212  0.3910  0.0276  0.4601  0.2801 -0.0003  0.9398 1 
 43.1281  0.2476  1.5335  0.0383  0.2606  0.0305  0.4880  0.0253 -0.0003  0.2141 0 
 43.0854 -0.2028 -1.5963  0.0308  0.5121  0.1484  0.3550  0.1227 -0.0003  0.3831 0 
 48.5481  0.5679 -1.8237  0.0124  0.4318  0.0496  0.4732  0.0065 -0.0003  0.1907 0 
 43.2441 -0.5742  1.3283  0.0309  0.1445  0.0998  0.1773  0.0263 -0.0003  0.1480 0 
 46.2257 -0.6798  0.9091  0.0186  0.6140  0.1491  0.6534  0.0340 -0.0003  0.2746 0 
 44.8432  0.6909 -2.2794  0.0972  0.2043  0.0396  0.2634  0.1689  0.0546  0.6127 0 
 45.6336  0.5777 -0.8146  0.0604  0.2163  0.1191  0.6557  0.1111 -0.0003  0.5249 0 
 43.4180 -0.5849  2.3233  0.0476  0.2570  0.0364  0.2214  0.0286 -0.0003  0.1774 0 
 45.6214  0.6958  0.0247  0.0380  0.3958  0.2644  0.7868  0.0637 -0.0003  0.4392 0 
 41.9471 -0.6690  3.1350  0.0164  0.6385  0.0153  0.2235  0.0162  0.0496  0.1614 0 
 48.0293 -0.2458  3.0187  0.1527  0.4818  0.0193  0.2588  0.0925 -0.0003  0.5092 0 
 43.7324  0.2138 -0.1551  0.0302  0.6631  0.0665  0.5304  0.0479 -0.0003  0.3036 0 
 38.8251 -0.7642  0.7623  0.0067  0.0889  0.0312  0.0913  0.0019 -0.0003  0.0809 0 
 36.9055  0.7392 -2.3184  0.0779  0.1117  0.0426  0.4165  0.0571 -0.0003  0.2047 0 
 44.6571 -0.4467 -2.3023  0.0045  0.3627  0.0641  0.3517  0.0042 -0.0003  0.1692 0 
 36.0388  0.4194  0.8649  0.0050  0.4198  0.0723  0.2795  0.0192 -0.0003  0.2037 0 
 45.3437  0.6178  0.1852  0.0045  0.0791  0.0269  0.2189  0.0202 -0.0003  0.0450 0 
 43.8636 -0.6252 -2.9477  0.0075  0.6947  0.0105  0.0883  0.0029 -0.0003  0.1454 0 
 51.8837 -0.0381 -3.1212  0.0130  0.1990  0.1288  0.2537  0.1481 -0.0003  0.2596 0 
 43.8056  0.0338  0.0158  0.0341  0.5874  0.0298  0.2209  0.0167 -0.0003  0.2309 0 
 41.9409  0.1282  2.4844  0.0002  0.3073  0.1071  0.4470  0.1047 -0.0003  0.1807 0 
 40.7507 -0.1350 -0.6607  0.0349  0.0680  0.0625  0.1802  0.0650 -0.0003  0.0968 0 
 53.6507 -0.6381 -1.8824  0.1096  0.2868  0.0533  0.2516  0.2385 -0.0003  0.7579 0 
 33.0571  0.6355  1.2407  0.0009  0.4501  0.0380  0.4297  0.0884 -0.0003  0.1555 0 
 46.4363  0.2685 -2.9351  0.0482  0.5305  0.0580  0.3046  0.0878 -0.0003  0.4881 0 
 44.2420 -0.2957  0.1985  0.0375  0.5605  0.0293  0.3084  0.0737  0.2149  0.6417 0 
 46.8818  0.6524 -1.3141  0.0641  0.1662  0.0395  0.2604  0.0248 -0.0003  0.1539 0 
 34.6014 -0.6448  1.8367  0.0137  0.4990  0.0172  0.1885  0.0637 -0.0003  0.1176 0 
 48.9448 -0.0899 -0.6325  0.2058  0.7138  0.1383  0.6009  0.3411 -0.0003  0.9902 1 
 46.5522  0.0990  2.5281  0.3209  0.5729  0.0377  0.3913  0.3618 -0.0003  0.9892 1 
 47.3518 -0.6820 -2.4580  0.1960  0.4331  0.0569  0.4762  0.3496 -0.0003  0.9798 1 
 44.7028  0.6515  0.7117  0.0665  0.5270  0.0164  0.2637  0.3028 -0.0003  0.5131 1 
 46.1891  0.7646 -0.3130  0.1049  0.1843  0.0113  0.2179  0.0916 -0.0003  0.1749 0 
 40.2960 -0.7445  2.8498  0.0117  0.4931  0.0171  0.3615  0.0757 -0.0003  0.1093 0 
 50.1656 -0.6774  1.8479  0.0441  0.1515  0.0405  0.2133  0.0325  0.0520  0.1989 0 
 45.5970  0.6947 -1.2712  0.0358  0.4114  0.0625  0.4809  0.0142 -0.0003  0.2723 0 
 42.4933  0.3967 -1.9805  0.1059  0.2574  0.0310  0.3118  0.2586 -0.0003  0.6661 0 
 40.5432 -0.3992  1.1641  0.0550  0.4382  0.0196  0.2255  0.0971 -0.0003  0.2067 0 
 47.2663  0.4550  2.1987  0.0190  0.6128  0.2939  0.3032  0.0215 -0.0003  0.2418 0 
 43.3295 -0.4704 -0.9055  0.0048  0.6975  0.1513  0.5760  0.1424 -0.0003  0.3624 0 
 58.0209 -0.4155 -1.6938  0.0726  0.7501  0.0955  0.4935  0.0557 -0.0003  0.4857 0 
 43.8117  0.4019  1.4371  0.1201  0.2423  0.1334  0.4418  0.2304 -0.0003  0.8736 0 
 49.6315  0.5219 -0.7052  0.0230  0.3639  0.0721  0.4705  0.0585 -0.0003  0.2433 1 
 34.8913 -0.5390  2.4092  0.1819  0.7404  0.1199  0.4701  0.1487 -0.0003  0.9280 1 
 45.4017 -0.5423  1.6258  0.2570  0.6178  0.0497  0.8316  0.6981 -0.0003  0.9978 1 
 44.4953  0.5482 -1.5176  0.1090  0.4932  0.0814  0.4840  0.1442  0.1307  0.8697 1 
 48.3803 -0.7809  0.7961  0.1003  0.6426  0.0591  0.4305  0.0617 -0.0003  0.6540 0 
 24.6159  0.7531 -2.4224  0.1610  0.1047  0.0321  0.3649  0.0441 -0.0003  0.3430 0 
 48.4932 -0.3437 -2.8594  0.0360  0.2062  0.0455  0.3012  0.0070 -0.0003  0.1496 0 
 39.6246  0.3495  0.2807  0.0219  0.5446  0.0558  0.2723  0.0578 -0.0003  0.3071 0 
 46.7872 -0.6273 -0.8945  0.0266  0.0692  0.0212  0.4342  0.0193 -0.0003  0.0680 0 
 43.5340  0.5888  2.2377  0.0297  0.0357  0.1115  0.3098  0.0339 -0.0003  0.0574 0 
 45.0050  0.6398  1.7043  0.0195  0.4249  0.0479  0.3071  0.0186 -0.0003  0.2167 0 
 43.0915 -0.6524 -1.4365  0.0030  0.0525  0.0085  0.3106  0.0067 -0.0003  0.0350 0 
 56.2203 -0.2322  3.0027  0.0892  0.3840  0.0531  0.2487  0.0604 -0.0003  0.5306 0 
 44.7456  0.2255 -0.1740  0.0287  0.0302  0.0435  0.5712  0.1370 -0.0003  0.1513 0 
 41.5747 -0.0064 -2.6439  0.3782  0.5572  0.0595  0.5824  0.3414 -0.0003  0.9905 1 
 34.6105 -0.0139  0.5276  0.2701  0.6957  0.0207  0.3298  0.3084 -0.0003  0.9677 1 
 42.4781 -0.3113  2.1387  0.0218  0.2842  0.1026  0.2673  0.0880 -0.0003  0.2678 0 
 39.9908  0.3680 -1.0422  0.0079  0.1665  0.0380  0.3169  0.1730 -0.0003  0.1433 0 
 48.5664 -0.0129 -0.3060  0.3388  0.3704  0.0808  0.5591  0.3476 -0.0003  0.9953 1 
 37.3724  0.0170  2.8218  0.3091  0.2646  0.0428  0.5534  0.3144  0.0961  0.9872 1 
 49.3385  0.6838  2.8359  0.2697  0.2792  0.0266  0.4712  0.1627 -0.0003  0.8526 1 
 45.6580 -0.6548 -0.2715  0.0698  0.5120  0.0376  0.3933  0.0991  0.3640  0.9781 1 
 47.0222 -0.3500  1.1782  0.0104  0.6263  0.1219  0.6505  0.0283 -0.0003  0.2531 0 
 41.1322  0.3784 -1.9315  0.0356  0.3158  0.1730  0.4943  0.0814 -0.0003  0.3213 0 
 47.5013 -0.4130 -2.6560  0.1450  0.4985  0.0671  0.3460  0.1162 -0.0003  0.8137 1 
 46.8025  0.4141  0.5262  0.7171  0.5254  0.0623  0.3040  0.4949  0.2184  0.9981 1 
 47.6600 -0.4738  1.0477  0.0047  0.4864  0.0581  0.4754  0.1664 -0.0003  0.3086 0 
 37.0428  0.4850 -2.0969  0.0110  0.5135  0.0351  0.2774  0.1287 -0.0003  0.2241 0 
 46.0426  0.2188  2.8666  0.0137  0.1521  0.0879  0.3925  0.0759 -0.0003  0.1178 0 
 40.9003 -0.2235 -0.2866  0.0591  0.7566  0.0211  0.1800  0.0204 -0.0003  0.2599 0 
 48.4108  0.4030  2.5466  0.0011  0.1158  0.0370  0.3443  0.1496  0.1158  0.2155 0 
 44.3488 -0.4134 -0.5672  0.0103  0.3158  0.0082  0.2642  0.1373 -0.0003  0.0969 0 
 38.7671  0.8043 -2.7008  0.2376  0.5978  0.0121  0.2283  0.3453 -0.0003  0.9303 1 
 38.1323 -0.7906  0.4705  0.1402  0.7519  0.0506  0.3211  0.1490 -0.0003  0.8977 1 
 61.1185 -0.6274 -2.0915  0.0035  0.4329  0.0542  0.3248  0.1238 -0.0003  0.2446 0 
 45.7465  0.6297  1.0261  0.1539  0.1948  0.0251  0.2621  0.0754 -0.0003  0.3965 0 
 43.0793 -0.5192  1.4875  0.3950  0.4458  0.1515  0.2219  0.4800 -0.0003  0.9983 1 
 42.1454  0.5891 -1.6397  0.4445  0.3991  0.1071  0.6249  0.3060 -0.0003  0.9946 1 
 45.2979 -0.6844 -0.7013  0.0225  0.2284  0.1996  0.4379  0.0228  0.6025  0.5199 0 
 43.3417  0.7020  2.5251  0.0448  0.4701  0.0232  0.3545  0.0842 -0.0003  0.2458 0 
 41.1933  0.3377  0.8421  0.0391  0.2945  0.0518  0.3593  0.0410 -0.0003  0.2364 0 
 38.5931 -0.2943 -2.3113  0.0144  0.3619  0.0313  0.2286  0.0198 -0.0003  0.1309 0 
 44.5258  0.6728 -0.1929  0.0081  0.3683  0.0205  0.6599  0.0714 -0.0003  0.2303 1 
 39.8108 -0.6805  2.9294  0.1699  0.6317  0.0382  0.5893  0.1216 -0.0003  0.8831 1 
 44.7822  0.7139  1.0936  0.0477  0.2185  0.0601  0.1318  0.0043 -0.0003  0.2844 0 
 42.6368 -0.7337 -2.0200  0.0042  0.6389  0.0333  0.3560  0.0704  0.1286  0.3900 0 
 49.6071 -0.3266 -0.5799  0.0250  0.4054  0.0744  0.3850  0.0380 -0.0003  0.2366 0 
 38.6816  0.3284  2.5727  0.0334  0.1340  0.0279  0.3655  0.0800 -0.0003  0.0947 0 
 51.3008  0.6105  3.1086  0.5657  0.2858  0.0337  0.3817  0.5482  0.1067  0.9982 1 
 36.9268 -0.5923 -0.0601  0.1354  0.1480  0.0133  0.1851  0.0671  0.1749  0.7505 1 
 51.1238 -0.7085  0.3801  0.0123  0.0610  0.0150  0.2971  0.0641 -0.0003  0.0390 0 
 43.7476  0.7137 -2.7819  0.0562  0.1954  0.2696  0.3094  0.0142 -0.0003  0.2452 0 
 47.0069 -0.3611 -1.6234  0.0007  0.3551  0.0547  0.4337  0.0958 -0.0003  0.1669 0 
 44.1840  0.3684  1.5415  0.0448  0.3283  0.0472  0.3527  0.1307 -0.0003  0.3899 0 
 48.7709  0.5493 -1.7459  0.0338  0.6504  0.0536  0.3437  0.0566 -0.0003  0.3629 0 
 46.7720 -0.5546  1.3756  0.0555  0.0610  0.0220  0.3040  0.0543 -0.0003  0.0618 0 
 45.5482 -0.5847 -1.1394  0.0653  0.3090  0.1825  0.4810  0.0168 -0.0003  0.3463 0 
 43.5401  0.5760  1.9415  0.0338  0.4730  0.2127  0.5311  0.0244 -0.0003  0.2911 0 
 46.6224  0.2285  1.7298  0.0343  0.1763  0.0744  0.3477  0.0820 -0.0003  0.1908 0 
 43.3326 -0.2346 -1.4268  0.0353  0.3689  0.0627  0.4874  0.0633 -0.0003  0.3106 0 
 53.0129 -0.5190 -2.0968  0.0204  0.6316  0.0625  0.3365  0.0466 -0.0003  0.2805 0 
 42.5086  0.5305  1.0806  0.0641  0.1743  0.0941  0.2227  0.0167 -0.0003  0.2441 0 
 47.1626  0.1907 -2.1759  0.0281  0.2328  0.0230  0.3034  0.0576 -0.0003  0.0843 0 
 37.9400 -0.1811  0.9807  0.0001  0.8018  0.0894  0.6889  0.0296  0.2838  0.5356 0 
 48.6641 -0.6839 -1.1400  0.0847  0.0849  0.0667  0.3009  0.0585 -0.0003  0.1519 0 
 43.0579  0.6743  2.0335  0.0099  0.4696  0.0060  0.1775  0.0230 -0.0003  0.0943 0 
 53.9925 -0.0853  1.6627  0.0931  0.5134  0.1500  0.3768  0.0535 -0.0003  0.4591 0 
 51.4076  0.0765 -1.5013  0.0083  0.4800  0.0579  0.2543  0.0054 -0.0003  0.2443 0 
 45.3864  0.1249  0.3237  0.1260  0.3809  0.1159  0.2189  0.0064 -0.0003  0.6012 0 
 41.7884 -0.0679 -2.8282  0.2645  0.1662  0.0177  0.2684  0.1895 -0.0003  0.7194 0 
 51.9844  0.6785  2.8217  0.0423  0.3151  0.0790  0.5495  0.2141 -0.0003  0.5346 0 
 44.6601 -0.6834 -0.3187  0.0142  0.4337  0.0389  0.2638  0.1725 -0.0003  0.3194 0 
 40.2899  0.6422 -2.5831  0.4591  0.4597  0.0596  0.4518  0.5406 -0.0003  0.9977 1 
 29.2515 -0.6476  0.4766  0.0893  0.0769  0.0305  0.0989  0.1266  0.4105  0.9870 1 
 47.9591  0.1473 -2.0608  0.0324  0.5352  0.0329  0.3452  0.0707 -0.0003  0.2550 0 
 44.2023 -0.1511  1.0935  0.0518  0.5023  0.0202  0.3085  0.0557 -0.0003  0.2102 0 
 50.1717 -0.4728 -1.9546  0.0074  0.3116  0.1048  0.2559  0.0670 -0.0003  0.2085 0 
 43.5615  0.4675  1.2327  0.0254  0.1805  0.0511  0.2655  0.0323  0.2511  0.4786 0 
 41.2055  0.4816 -1.3503  0.4147  0.6055  0.0395  0.4491  0.5848 -0.0003  0.9977 1 
 25.7023 -0.3902  1.8156  0.2130  0.3439  0.0167  0.3086  0.4315 -0.0003  0.9468 1 
 46.0914  0.5288 -0.5062  0.0263  0.4548  0.0407  0.3488  0.0734  0.2360  0.6217 0 
 43.1281 -0.5173  2.6728  0.0451  0.7759  0.1146  0.4437  0.0506 -0.0003  0.3881 0 
 35.4406  0.7297 -2.1232  0.0605  0.1134  0.0184  0.3745  0.1121 -0.0003  0.1413 0 
 34.8302 -0.7489  1.0221  0.0629  0.2142  0.0611  0.3763  0.0106 -0.0003  0.2597 0 
 43.7873 -0.2774 -0.3153  0.1252  0.2794  0.0708  0.4861  0.0483 -0.0003  0.5236 1 
 43.1220  0.2698  2.8112  0.2618  0.3231  0.0372  0.2662  0.3948 -0.0003  0.9759 1 
 51.7861 -0.4020 -0.8877  0.0085  0.3881  0.0368  0.2115  0.0362  0.1647  0.4135 0 
 45.3986  0.4089  2.2446  0.0163  0.1734  0.0166  0.2189  0.0346 -0.0003  0.0456 0 
 51.6182  0.5292  1.6893  0.0109  0.5294  0.0688  0.3388  0.0107 -0.0003  0.2036 0 
 41.0010 -0.5273 -1.4519  0.0642  0.1918  0.0266  0.1799  0.0615 -0.0003  0.1504 0 
 50.5928  0.2759 -2.8863  0.0013  0.1386  0.0643  0.0851  0.0181 -0.0003  0.1288 0 
 44.4038 -0.3165  0.2612  0.0100  0.3120  0.0268  0.2201  0.1386 -0.0003  0.1570 0 
 49.1341 -0.2771 -1.3782  0.0256  0.4892  0.0462  0.4717  0.0567 -0.0003  0.2728 1 
 33.3745  0.2776  1.7684  0.2128  0.4373  0.0187  0.2856  0.2736 -0.0003  0.8556 1 
 58.5122 -0.2517  0.8497  0.0107  0.3682  0.2191  0.5335  0.0296 -0.0003  0.2415 0 
 39.9817  0.2214 -2.2638  0.0592  0.4615  0.0184  0.2264  0.0627 -0.0003  0.1885 0 
 52.4697  0.7947 -1.5827  0.2718  0.1376  0.0856  0.3373  0.6018 -0.0003  0.9949 1 
 43.4363 -0.7937  1.5689  0.1973  0.3612  0.0215  0.2657  0.4940 -0.0003  0.9546 1 
 56.1288  0.3477 -2.7067  0.0093  0.3721  0.0370  0.3317  0.0568 -0.0003  0.1254 0 
 41.5290 -0.3066  0.4318  0.0371  0.3439  0.0463  0.3137  0.0208 -0.0003  0.2370 0 
 50.3639 -0.6560 -2.0990  0.0790  0.1923  0.2829  0.2557  0.0510 -0.0003  0.4151 0 
 48.9113  0.6452  1.0399  0.0432  0.1256  0.0424  0.3864  0.1403 -0.0003  0.1983 0 
 46.4729 -0.1677  1.9404  0.0095  0.3457  0.1739  0.4350  0.0068 -0.0003  0.1975 0 
 42.6978  0.1488 -1.1837  0.0298  0.5536  0.0203  0.2224  0.0358 -0.0003  0.1480 0 
 44.7883 -0.4643 -0.8217  0.0320  0.4560  0.0232  0.2635  0.0905 -0.0003  0.1684 0 
 43.8544  0.4697  2.3355  0.0431  0.0985  0.0648  0.3975  0.0423 -0.0003  0.1215 0 
 46.5461  0.1516 -1.1624  0.0638  0.2805  0.1215  0.6523  0.0637 -0.0003  0.4613 0 
 42.5849 -0.1518  1.9823  0.0273  0.5408  0.1147  0.4451  0.0112 -0.0003  0.2429 0 
 48.0079  0.1099  1.6101  0.0016  0.3218  0.0670  0.1725  0.0573 -0.0003  0.2250 0 
 47.3152 -0.1218 -1.5513  0.0021  0.1238  0.0345  0.4763  0.0878 -0.0003  0.0873 0 
 48.1178 -0.2607 -2.0626  0.0061  0.2968  0.0459  0.2587  0.0096 -0.0003  0.1349 0 
 48.0415  0.2745  1.0880  0.0023  0.5322  0.0352  0.5176  0.0726 -0.0003  0.1807 0 
 52.2499  0.2263  1.2616  0.1135  0.2115  0.1438  0.5066  0.1384 -0.0003  0.6815 0 
 46.7872 -0.2201 -1.8868  0.0542  0.7120  0.0946  0.6080  0.0385 -0.0003  0.3787 0 
 42.9175 -0.2417  0.8666  0.0759  0.2065  0.0504  0.3110  0.0146 -0.0003  0.2610 0 
 42.6215  0.2345 -2.2760  0.0134  0.5366  0.0110  0.3115  0.0048 -0.0003  0.1052 0 
 53.7606  0.0639  1.3921  0.0404  0.5470  0.0605  0.2515  0.0226 -0.0003  0.3812 0 
 49.2012 -0.0599 -1.6640  0.0785  0.2012  0.1220  0.4715  0.1151 -0.0003  0.4877 0 
 45.4994 -0.2372  1.6302  0.0108  0.3990  0.0893  0.3937  0.0200 -0.0003  0.1797 0 
 37.5708  0.2142 -1.5100  0.0475  0.6406  0.0219  0.2763  0.0225 -0.0003  0.2278 0 
 46.0060  0.0833 -3.0870  0.0276  0.0702  0.0188  0.3053  0.1981 -0.0003  0.1151 0 
 42.2278 -0.1033  0.0499  0.0018  0.6006  0.0192  0.2231  0.0408 -0.0003  0.1110 0 
 61.4206  0.7003  0.4272  0.0409  0.4157  0.0098  0.1217  0.0181 -0.0003  0.1330 0 
 38.6999 -0.6944 -2.7032  0.0086  0.2401  0.0546  0.4111  0.0395 -0.0003  0.1267 0 
 53.1258  0.6683  2.0657  0.0009  0.5443  0.0574  0.2102  0.0245 -0.0003  0.2655 0 
 41.8982 -0.6750 -1.0986  0.0757  0.7013  0.2128  0.5812  0.0159 -0.0003  0.4030 0 
 35.3399 -0.5617 -0.6440  0.0437  0.5630  0.0427  0.4684  0.0919 -0.0003  0.4363 0 
 35.1843  0.5416  2.4977  0.1239  0.2825  0.0348  0.4690  0.0484  0.1858  0.7810 0 
 46.1036  0.3001  2.7762  0.0224  0.1290  0.1426  0.3487  0.0307 -0.0003  0.0970 1 
 42.2095 -0.3053 -0.3684  0.2454  0.6580  0.0360  0.3570  0.0975  0.1889  0.8655 1 
 46.3203 -0.2485  0.0585  0.0142  0.5397  0.0964  0.3483  0.0588 -0.0003  0.2451 0 
 42.8870  0.2481 -3.1137  0.0457  0.3271  0.1160  0.4443  0.0735 -0.0003  0.3348 0 
 52.2530 -0.5898 -0.4443  0.0633  0.5004  0.0352  0.3377  0.0744 -0.0003  0.4251 0 
 45.7771  0.5998  2.7053  0.1020  0.2595  0.0354  0.3931  0.1374 -0.0003  0.5588 0 
 41.0071  0.0518  0.3637  0.0230  0.5025  0.0798  0.4047  0.0821 -0.0003  0.2866 0 
 40.2075 -0.0197 -2.8318  0.1349  0.0958  0.1928  0.2712  0.0692 -0.0003  0.3907 0 
 47.7790  0.6403 -0.4833  0.2061  0.4102  0.0339  0.4751  0.1904 -0.0003  0.8957 0 
 34.6990 -0.5897  2.7835  0.0157  0.5313  0.1501  0.7534  0.0440 -0.0003  0.2941 0 
 47.4678 -0.1908 -2.6814  0.0738  0.5256  0.0550  0.3461  0.0850 -0.0003  0.5838 0 
 44.4984  0.1922  0.4691  0.0038  0.6298  0.0422  0.3080  0.0124 -0.0003  0.2008 0 
 49.0364 -0.6702  1.7906  0.0217  0.5917  0.0412  0.2574  0.0234 -0.0003  0.2575 0 
 44.6754  0.6404 -1.2919  0.0555  0.4021  0.1594  0.5714  0.0157 -0.0003  0.3412 0 
 45.9388 -0.0093 -1.0609  0.0935  0.1276  0.0237  0.3054  0.0694 -0.0003  0.1663 0 
 34.8943  0.0001  2.0878  0.2161  0.3603  0.0194  0.3761  0.2779 -0.0003  0.8837 0 
 53.1594 -0.5404 -0.6966  0.1360  0.7482  0.0762  0.2522  0.1663 -0.0003  0.9344 1 
 30.4662  0.5592  2.4006  0.1440  0.3221  0.0287  0.3421  0.2834  0.2089  0.9517 1 
 51.4931 -0.4600 -2.7762  0.0527  0.2846  0.0392  0.1695  0.0685 -0.0003  0.2509 0 
 47.8065  0.4872  0.2992  0.1017  0.3198  0.2079  0.3886  0.1646 -0.0003  0.7365 0 
 41.3001  0.4904 -2.8687  0.0605  0.2331  0.0415  0.4937  0.0234 -0.0003  0.2971 0 
 36.7834 -0.4883  0.3146  0.0268  0.2559  0.0151  0.2780  0.0339 -0.0003  0.0680 0 
 56.2600  0.7742 -2.8804  0.1195  0.3522  0.0819  0.2486  0.1406 -0.0003  0.7651 0 
 33.1945 -0.7795  0.2337  0.1397  0.6256  0.0119  0.2384  0.0809 -0.0003  0.4928 0 
 46.1341 -0.7817  2.8238  0.0114  0.3932  0.0219  0.3923  0.0585 -0.0003  0.1066 0 
 29.9504  0.7841 -0.2761  0.0174  0.3896  0.0244  0.3439  0.0198  0.0433  0.1935 0 
 64.8631  0.4729  1.1380  0.1369  0.1683  0.2184  0.4403  0.2116 -0.0003  0.8483 0 
 45.8381 -0.4884 -1.9572  0.1044  0.0875  0.4154  0.4366  0.0174 -0.0003  0.3235 0 
 41.5198  0.7271 -0.5941  0.2237  0.2901  0.0474  0.3585  0.2801 -0.0003  0.9449 1 
 25.7755 -0.7200  2.6092  0.1120  0.7038  0.0159  0.4112  0.1544  0.2166  0.8481 1 
 52.6162 -0.7049  3.0805  0.0567  0.7757  0.1219  0.4214  0.1345 -0.0003  0.6061 0 
 44.7242  0.7131 -0.0939  0.0610  0.2261  0.0358  0.3515  0.0540  0.3444  0.8807 0 
 47.4128 -0.6684  2.9980  0.0073  0.1874  0.1378  0.3462  0.0228  0.2258  0.2208 0 
 40.1617  0.6876 -0.2206  0.0354  0.3695  0.0208  0.1809  0.0208 -0.0003  0.1412 0 
 50.8736  0.5082 -2.3641  0.0052  0.8060  0.0280  0.3400  0.0432 -0.0003  0.1519 0 
 43.0335 -0.5090  0.8296  0.0147  0.4009  0.0305  0.3551  0.0085 -0.0003  0.1498 0 
 47.5746  0.6378  1.9478  0.0373  0.5560  0.0206  0.4324  0.1125 -0.0003  0.3162 0 
 44.2420 -0.6269 -1.2107  0.0196  0.0534  0.0145  0.2203  0.0544 -0.0003  0.0382 0 
 48.5054 -0.4907 -1.1680  0.0013  0.2354  0.0470  0.3442  0.0538 -0.0003  0.0883 0 
 46.6682  0.4635  1.9810  0.0012  0.3846  0.1327  0.4780  0.0429 -0.0003  0.1870 0 
 47.4006 -0.4748  0.7619  0.0208  0.2093  0.0290  0.3895  0.0356 -0.0003  0.0942 0 
 45.2522  0.4792 -2.3792  0.0588  0.0964  0.0211  0.3067  0.0528 -0.0003  0.0723 0 
 51.5938 -0.6440 -1.6416  0.0088  0.7841  0.0248  0.3811 -0.0200 -0.0003  0.2088 0 
 45.8106  0.6562  1.4966  0.0193  0.2971  0.0469  0.2620  0.0182 -0.0003  0.1624 0 
 49.2531 -0.4075 -2.8955  0.4230  0.4352  0.0288  0.4714  0.4638 -0.0003  0.9956 1 
 47.7485  0.4027  0.2486  0.3468  0.6244  0.0417  0.2592  0.4475 -0.0003  0.9947 1 
 45.6306  0.6788  0.5071  0.5093  0.4166  0.0524  0.3497  0.6270 -0.0003  0.9981 1 
 38.6145 -0.6472 -2.6198  0.0996  0.2063  0.0433  0.4114  0.0999  0.4267  0.9819 1 
 43.6561  0.4989  0.1260  0.1855  0.7003  0.0424  0.4423  0.2514 -0.0003  0.9526 1 
 34.9859 -0.5084 -3.0268  0.2342  0.4182  0.0178  0.1879  0.1257 -0.0003  0.6062 1 
 49.1920 -0.5276  0.4002  0.0291  0.3778  0.0526  0.6001  0.1574 -0.0003  0.4162 1 
 38.8525  0.5055 -2.7378  0.3932  0.1725  0.0370  0.1825  0.3439  0.4219  0.9994 1 
 46.5492 -0.0248  2.7897  0.0228  0.5743  0.1309  0.5653  0.0993 -0.0003  0.3195 0 
 41.3916  0.0158 -0.3409  0.0369  0.1998  0.0102  0.2243  0.0120 -0.0003  0.0609 0 
 50.6386  0.5991  3.0753  0.0205  0.4227  0.2057  0.5532  0.0120 -0.0003  0.2549 0 
 46.5064 -0.5940 -0.0534  0.0573  0.3698  0.0185  0.0870  0.0367 -0.0003  0.1748 0 
 47.5593  0.1293 -1.6167  0.0052  0.0564  0.2864  0.0865  0.0084 -0.0003  0.0560 0 
 40.3021 -0.1385  1.5466  0.1871  0.1573  0.0226  0.2259  0.2261 -0.0003  0.6744 0 
 48.0140 -0.6762  2.3792  0.0052  0.6117  0.0403  0.3882  0.0224  0.1588  0.3921 0 
 47.2389  0.6427 -0.7373  0.0130  0.0491  0.0818  0.4332  0.0108  0.0811  0.0733 0 
 45.0263 -0.1892 -3.0959  0.5074  0.3414  0.0446  0.4386  0.3814 -0.0003  0.9940 1 
 44.7486  0.2177  0.0882  0.3823  0.6270  0.0605  0.1318  0.2283 -0.0003  0.9839 1 
 48.7312  0.7047 -0.9395  0.0038  0.3020  0.0563  0.3008  0.1621 -0.0003  0.2593 0 
 47.8401 -0.6801  2.1993  0.0224  0.4200  0.0228  0.2591  0.1020  0.2214  0.6154 0 
 42.6123 -0.0506  1.8794  0.2392  0.1477  0.0319  0.2671  0.1771 -0.0003  0.7641 1 
 21.8723  0.0648 -1.2172  0.1298  0.2531  0.0153  0.3248  0.3508 -0.0003  0.7206 1 
 49.9184 -0.4764  1.5871  0.0182  0.5207  0.0416  0.4698  0.0317  0.1986  0.5001 0 
 48.4779  0.4556 -1.5500  0.0119  0.0796  0.0679  0.3012  0.0275 -0.0003  0.0730 0 
 48.0079  0.1116  0.1315  0.1580  0.2818  0.1215  0.4314  0.2520 -0.0003  0.9384 0 
 41.4618 -0.1003 -2.9687  0.0742  0.6690  0.0196  0.3138  0.0124 -0.0003  0.3641 0 
 50.3944  0.3130 -1.0733  0.0717  0.7655  0.1857  0.7669  0.1176 -0.0003  0.6259 0 
 44.1108 -0.2942  2.1102  0.0387  0.1678  0.0266  0.3528  0.0153 -0.0003  0.0970 0 
 43.9063 -0.5084  1.2666  0.3274  0.3450  0.0142  0.3533  0.4477 -0.0003  0.9899 0 
 29.5567  0.4851 -1.8825  0.0446  0.1456  0.0216  0.0986  0.0328  0.0808  0.2363 0 
 46.3752  0.0400 -0.3103  0.0473  0.1815  0.0349  0.3047  0.0402 -0.0003  0.1257 0 
 43.3753 -0.0498  2.8281  0.1452  0.2794  0.0183  0.2658  0.0231 -0.0003  0.3547 0 
 49.6620  0.4393  0.7017  0.0238  0.4057  0.1083  0.3421  0.0162 -0.0003  0.2165 0 
 43.9399 -0.4024 -2.4187  0.0036  0.3544  0.0238  0.4856  0.0080 -0.0003  0.1227 0 
 47.1015 -0.3264 -0.0531  0.0397  0.2605  0.1382  0.3468  0.0098 -0.0003  0.2169 0 
 45.1820  0.3525  3.0789  0.0172  0.4147  0.0400  0.4821  0.2101 -0.0003  0.4126 0 
 46.4088  0.1230 -2.3922  0.0016  0.5132  0.0813  0.4352  0.0482 -0.0003  0.1783 1 
 42.3072 -0.1169  0.8074  0.1156  0.5145  0.1085  0.7135  0.3515 -0.0003  0.9605 1 
 49.5216  0.7405 -1.9583  0.0377  0.3356  0.1110  0.4707  0.0396 -0.0003  0.2742 0 
 41.1078 -0.7330  1.1711  0.0476  0.3371  0.0229  0.3146  0.0545 -0.0003  0.1652 0 
 49.2195  0.1742 -1.3857  0.0283  0.4280  0.1268  0.4715  0.0754 -0.0003  0.2863 0 
 44.0681 -0.1600  1.7584  0.0211  0.3545  0.0165  0.2206  0.0093 -0.0003  0.1026 0 
 43.7293  0.7015 -1.6513  0.0111  0.2039  0.0559  0.4420  0.1203 -0.0003  0.1716 0 
 35.0347 -0.7014  1.4665  0.0007  0.0782  0.1766  0.2348  0.0480 -0.0003  0.0510 0 
 49.6681 -0.2463  1.3767  0.0134  0.2914  0.0989  0.2138  0.0098 -0.0003  0.2108 0 
 46.3050  0.2453 -1.7819  0.1088  0.5281  0.0199  0.3484  0.2071 -0.0003  0.6800 0 
 57.4258  0.7041 -1.7772  0.0130  0.1232  0.0602  0.2886  0.1219 -0.0003  0.1172 0 
 54.0017 -0.6875  1.3404  0.1259  0.6707  0.0307  0.3768  0.1406 -0.0003  0.7844 0 
 37.3358  0.4983 -0.6194  0.0351  0.4415  0.0241  0.1845  0.0124 -0.0003  0.1792 0 
 27.0603 -0.4881  2.5221  0.0096  0.4815  0.0157  0.3038  0.0667 -0.0003  0.0932 0 
 46.3691 -0.5539 -2.0024  0.0101  0.2504  0.0450  0.3918  0.1867 -0.0003  0.2469 0 
 45.4109  0.5635  1.1177  0.0341  0.2272  0.0219  0.0875 -0.0200 -0.0003  0.2085 0 
 47.0527 -0.1978 -0.2527  0.0080  0.1613  0.0343  0.5203  0.1683  0.1051  0.2992 0 
 46.6468  0.2174  2.9130  0.0551  0.5176  0.0608  0.3911  0.0402 -0.0003  0.3993 0 
 47.1839 -0.5456  1.9976  0.6064  0.4325  0.0322  0.3033  0.4038 -0.0003  0.9969 1 
 46.1006  0.5406 -1.1326  0.2744  0.1757  0.0733  0.3487  0.1828 -0.0003  0.9038 1 
 44.9287 -0.6547 -1.2053  0.0327  0.3935  0.0188  0.3072  0.1484 -0.0003  0.2069 0 
 39.1089  0.6537  1.9553  0.0209  0.4055  0.0152  0.2733  0.0998 -0.0003  0.1160 0 
 46.8544  0.5321 -0.5474  0.0020  0.4705  0.0141  0.4775  0.0179 -0.0003  0.1066 0 
 44.5197 -0.5276  2.5789  0.0241  0.1127  0.0732  0.3959  0.0108  0.2492  0.2333 0 
 50.8461 -0.3259  0.6744  0.0008  0.2550  0.0165  0.2125  0.0318 -0.0003  0.0511 0 
 46.4668  0.3285 -2.4649  0.0002  0.0993  0.0258  0.3045  0.1623 -0.0003  0.0751 0 
 48.2155 -0.6726  0.7069  0.0490  0.5985  0.0381  0.6033  0.0667 -0.0003  0.4429 0 
 43.8087  0.6705 -2.4274  0.0035  0.3745  0.0097  0.2209  0.0458 -0.0003  0.0681 0 
 48.4810 -0.7236 -1.6927  0.0027  0.0442  0.0391  0.3873  0.1270 -0.0003  0.0797 0 
 46.7720  0.7279  1.4292  0.0087  0.0919  0.3138  0.3040  0.0025 -0.0003  0.0828 0 
 55.2285 -0.4306  2.4479  0.0175  0.5035  0.0197  0.1249  0.0585 -0.0003  0.1391 0 
 50.0404  0.4373 -0.7013  0.0523  0.2661  0.0463  0.1707  0.0882 -0.0003  0.3064 0 
 51.8868  0.4580 -2.0721  0.0041  0.1829  0.0437  0.2114  0.0026 -0.0003  0.0896 0 
 46.6651 -0.4661  1.0914  0.0147  0.1916  0.0211  0.1304  0.0082 -0.0003  0.0805 0 
 48.2124 -0.3868  1.2859  0.0002  0.1503  0.1355  0.3016  0.1545 -0.0003  0.1440 0 
 45.6428  0.4006 -1.8424  0.0436  0.3828  0.0275  0.3934  0.0870 -0.0003  0.2705 0 
 44.1169  0.5338 -2.8140  0.0472  0.3412  0.0073  0.2646  0.0349 -0.0003  0.0973 0 
 42.0050 -0.5092  0.3358  0.0613  0.6245  0.1674  0.7595  0.1296  0.1897  0.8453 0 
 49.4820 -0.6595 -1.0054  0.4038  0.2332  0.0724  0.4280  0.2260 -0.0003  0.9811 1 
 42.3041  0.6451  2.1440  0.4243  0.3436  0.0713  0.3567  0.5694 -0.0003  0.9980 1 
 45.2735 -0.2209  1.8357  0.0258  0.3426  0.0385  0.5694  0.0883 -0.0003  0.3039 0 
 39.9756  0.2288 -1.3000  0.0442  0.3487  0.0254  0.3622  0.1005 -0.0003  0.2398 0 
 47.8859  0.7950  0.0423  0.0152  0.2903  0.0424  0.3022  0.0956 -0.0003  0.1543 0 
 46.0273 -0.7958 -3.0848  0.0402  0.2977  0.0363  0.3053  0.1068 -0.0003  0.2434 0 
 57.9995  0.3653 -2.5289  0.0190  0.6239  0.0594  0.1645  0.0204 -0.0003  0.3866 0 
 40.4730 -0.3381  0.5755  0.0182  0.1271  0.0571  0.1805  0.1761 -0.0003  0.2217 0 
 46.2654  0.1727  1.5186  0.1997  0.3964  0.1384  0.5226  0.2945  0.4463  0.9874 1 
 45.2918 -0.2130 -1.6314  0.4521  0.5402  0.0268  0.4818  0.5745 -0.0003  0.9976 1 
 47.7974 -0.5129 -1.9106  0.2847  0.2484  0.0313  0.4319  0.1021 -0.0003  0.7570 0 
 43.3845  0.5115  1.2406  0.0700  0.1314  0.0652  0.5316  0.0306 -0.0003  0.2847 0 
 40.6500  0.5629 -0.5051  0.0357  0.2965  0.0370  0.3155  0.0322 -0.0003  0.1712 0 
 28.4977 -0.5670  2.6352  0.0127  0.5852  0.0411  0.2493  0.1564  0.2342  0.6928 0 
 37.2442 -0.3992 -0.2809  0.3831  0.4733  0.0185  0.5078  0.4217  0.1525  0.9985 1 
 30.7134  0.4211  2.9322  0.3642  0.2140  0.0306  0.3901  0.1585  0.2735  0.9954 1 
 44.4312  0.2480 -2.8663  0.0279  0.5140  0.0334  0.2201  0.0107 -0.0003  0.2359 0 
 38.5443 -0.2611  0.2770  0.0324  0.3135  0.0433  0.2744  0.1481 -0.0003  0.3273 0 
 49.8726  0.7631  1.6823  0.1322  0.2407  0.0417  0.2136  0.0557 -0.0003  0.4641 0 
 41.6175 -0.7823 -1.4326  0.1089  0.2234  0.0485  0.3135  0.0723 -0.0003  0.4309 0 
 37.3907  0.5892  2.8720  0.0173  0.1744  0.0768  0.5073  0.2169  0.5563  0.8846 1 
 28.9128 -0.5983 -0.2594  0.3865  0.4231  0.0181  0.2978  0.3388  0.0542  0.9886 1 
 51.4687  0.5771  3.0490  0.1651  0.8573  0.0828  0.4238  0.2768 -0.0003  0.9774 1 
 33.3104 -0.5502 -0.1730  0.0983  0.7138  0.0759  0.3811  0.0746 -0.0003  0.6934 1 
 48.2948 -0.4980  2.1606  0.0073  0.3767  0.0265  0.1723  0.0214 -0.0003  0.1261 0 
 47.3121  0.4879 -0.9752  0.0059  0.3039  0.0511  0.5629  0.0445 -0.0003  0.1757 0 
 45.2186  0.1549  1.2351  0.0246  0.6257  0.0242  0.2191  0.0508 -0.0003  0.1636 0 
 45.0996 -0.1408 -1.8944  0.0111  0.0607  0.0815  0.3507  0.0544 -0.0003  0.0693 0 
 54.6273 -0.2468  2.7032  0.1577  0.4649  0.0231  0.3757  0.2154 -0.0003  0.8120 0 
 38.2574  0.2602 -0.3755  0.0696  0.0842  0.0399  0.4124  0.2248 -0.0003  0.3090 0 
 49.2195  0.1049  2.0496  0.0111  0.4860  0.1318  0.4715  0.0460 -0.0003  0.2286 0 
 41.0651 -0.1421 -1.1037  0.0064  0.2231  0.0292  0.0899  0.0124 -0.0003  0.1284 0 
 41.7578  0.4088 -0.2970  0.0961  0.3336  0.0170  0.3133  0.0862 -0.0003  0.3062 1 
 39.2126 -0.4274  2.8500  0.1117  0.4496  0.0501  0.1821  0.0356  0.3683  0.9751 1 
 47.9133 -0.5421  1.1859  0.0291  0.0526  0.0395  0.1726  0.0333 -0.0003  0.0650 0 
 46.6773  0.5150 -1.9655  0.0778  0.2411  0.1338  0.1738  0.0928 -0.0003  0.5605 0 
 37.8241 -0.3450  1.5787  0.2399  0.4415  0.0587  0.4597  0.3290 -0.0003  0.9852 1 
 26.9108  0.3353 -1.5144  0.1902  0.5103  0.0443  0.5072  0.2361  0.1995  0.9657 1 
 43.3417  0.7840 -1.1742  0.0314  0.4234  0.0597  0.3545  0.0129 -0.0003  0.2610 0 
 42.3102 -0.7930  1.9646  0.0062  0.2063  0.0102  0.2230  0.0204 -0.0003  0.0411 0 
 42.9572 -0.4795 -1.6978  0.0014  0.2509  0.0231  0.3997  0.0147 -0.0003  0.0676 0 
 42.6276  0.4392  1.4380  0.0466  0.1421  0.0613  0.3560  0.0468 -0.0003  0.1550 0 
 50.3731 -0.0418  0.5916  0.0104  0.5623  0.0660  0.5965  0.0480 -0.0003  0.2266 0 
 46.1311  0.0680 -2.5264  0.0115  0.2263  0.0506  0.3487  0.0361 -0.0003  0.1120 0 
 59.4186  0.6985 -2.7700  0.0171  0.1300  0.1474  0.5724  0.0490 -0.0003  0.1623 0 
 47.1839 -0.6890  0.3709  0.0154  0.6257  0.0163  0.2600  0.0048 -0.0003  0.1353 0 
 50.8675  0.0516 -1.5090  0.0230  0.3882  0.1173  0.5100  0.0284 -0.0003  0.2351 0 
 35.7916 -0.0329  1.6277  0.0277  0.2158  0.0251  0.1400  0.0115 -0.0003  0.1104 0 
 49.6773  0.7670 -0.6420  0.0320  0.5490  0.1156  0.7696  0.0839 -0.0003  0.3888 1 
 47.6356 -0.7684  2.5105  0.2324  0.6807  0.0282  0.3458  0.4672 -0.0003  0.9868 1 
 40.6531  0.1028 -2.9377  0.1879  0.6436  0.0079  0.3155  0.1811 -0.0003  0.7474 0 
 39.5178 -0.1009  0.2519  0.0178  0.4313  0.0380  0.4542  0.0416 -0.0003  0.2026 0 
 46.3203 -0.3698 -0.1842  0.8028  0.6949  0.0387  0.4789  0.8952 -0.0003  0.9983 1 
 45.9144  0.3681  2.9815  0.2201  0.5231  0.0592  0.4364  0.2276  0.1504  0.9455 1 
 47.0466 -0.6968 -1.9879  0.0186  0.1948  0.0410  0.1734  0.0168 -0.0003  0.1080 0 
 34.3389  0.6959  1.1743  0.0045  0.1434  0.0385  0.2834  0.0169 -0.0003  0.0605 0 
 48.2063  0.5341 -1.4966  0.0072  0.3055  0.0398  0.3447  0.0517 -0.0003  0.1083 0 
 45.0050 -0.5435  1.6810  0.0033  0.1858  0.0617  0.5264  0.0809 -0.0003  0.1391 0 
 44.6479  0.6384 -0.7430  0.0321  0.3214  0.1001  0.5275  0.0384 -0.0003  0.2679 0 
 41.6236 -0.6597  2.4430  0.0162  0.8472  0.0594  0.5822  0.0152 -0.0003  0.2896 0 
 46.7201  0.3438  0.4940  0.0171  0.3759  0.1012  0.4779  0.0213  0.1090  0.3061 0 
 34.9340 -0.3644 -2.6336  0.0171  0.1394  0.0111  0.1410  0.0034 -0.0003  0.0518 0 
 46.9368  0.7973 -2.2981  0.0158  0.3803  0.0424  0.4773  0.0971 -0.0003  0.2395 0 
 42.4109 -0.7779  0.8408  0.0591  0.3578  0.0849  0.3120  0.1487 -0.0003  0.5819 0 
 48.4627  0.4168 -3.0435  0.1068  0.6440  0.1769  0.6455  0.0313 -0.0003  0.5014 0 
 47.2786 -0.3944  0.0749  0.0000  0.2371  0.0264  0.1299  0.1511 -0.0003  0.1743 0 
 43.4272 -0.7909  0.7693  0.1848  0.4397  0.0424  0.4871  0.3674 -0.0003  0.9750 1 
 37.9889  0.7874 -2.3905  0.0364  0.2948  0.0216  0.4132  0.0395 -0.0003  0.1551 1 
 42.3804  0.6513 -0.8861  0.0089  0.2671  0.0669  0.3120  0.0959 -0.0003  0.1778 0 
 39.4232 -0.6417  2.2901  0.0885  0.4473  0.0177  0.1818  0.2740 -0.0003  0.4840 0 
 46.2440 -0.2766  0.5382  0.1367  0.1464  0.0808  0.3049  0.2299 -0.0003  0.7644 0 
 44.6082  0.3204 -2.6268  0.0396  0.2692  0.1234  0.3518  0.0170 -0.0003  0.2240 0 
 47.8340  0.2999  2.4143  0.0440  0.5471  0.1675  0.6909  0.1534 -0.0003  0.5400 0 
 45.4566 -0.3119 -0.7503  0.0961  0.1389  0.0289  0.2625  0.1274 -0.0003  0.2875 0 
 47.3976 -0.6128 -0.6606  0.5819  0.3232  0.0222  0.3895  0.7008 -0.0003  0.9981 1 
 45.4505  0.6050  2.4865  0.0401  0.5517  0.0464  0.4376  0.0999  0.0250  0.4724 1 
 50.9957  0.3191 -2.4291  0.0201  0.3747  0.1341  0.4672  0.0096 -0.0003  0.2139 0 
 45.8930 -0.3252  0.7118  0.1430  0.6479  0.0370  0.3055  0.1011 -0.0003  0.7746 0 
 49.5491  0.7453 -2.5739  0.0090  0.2932  0.0480  0.2567  0.1883 -0.0003  0.3188 0 
 49.0425 -0.7278  0.5547  0.0296  0.2741  0.0825  0.3861  0.0705 -0.0003  0.2412 0 
 46.2837  0.4834 -0.0712  0.0645  0.4557  0.0987  0.2178  0.0386  0.1780  0.6747 0 
 36.3195 -0.4668  3.0575  0.0179  0.2936  0.0182  0.2789  0.1076 -0.0003  0.0998 0 
 48.8655 -0.5791  3.0810  0.0500  0.5719  0.0306  0.1718  0.0427 -0.0003  0.2568 0 
 46.8299  0.5791 -0.0741  0.0461  0.5475  0.0217  0.2605  0.0147 -0.0003  0.2063 0 
 50.7668  0.7367 -0.3325  0.0071  0.5288  0.0765  0.3827  0.0080 -0.0003  0.1808 0 
 44.1382 -0.7432  2.7823  0.0002  0.4887  0.0073  0.3528  0.0982 -0.0003  0.0793 0 
 45.9510  0.3156 -0.3881  0.0166  0.2753  0.0241  0.3054  0.0208 -0.0003  0.0809 0 
 32.4468 -0.3071  2.8013  0.0043  0.1355  0.0176  0.2400  0.0068 -0.0003  0.0423 0 
 45.6733  0.7132  1.6194  0.0436  0.2307  0.0648  0.4807  0.1407  0.1440  0.5549 0 
 40.3326 -0.7254 -1.4706  0.0693  0.0830  0.1129  0.2259  0.0157 -0.0003  0.1122 0 
 47.4311 -0.1688 -1.2088  0.0258  0.3339  0.0939  0.4327  0.0135 -0.0003  0.2101 0 
 45.6580  0.1637  1.9533  0.0260  0.1748  0.0248  0.3933  0.0178 -0.0003  0.0865 0 
 48.9845  0.1658  1.6702  0.0241  0.3163  0.1596  0.4292  0.0186 -0.0003  0.2200 0 
 45.1637 -0.1875 -1.4703  0.0094  0.6642  0.0126  0.3945  0.1203 -0.0003  0.1519 0 
 50.8003  0.3714 -1.8598  0.1107  0.1256  0.0418  0.2551  0.1605 -0.0003  0.4325 0 
 47.0039 -0.3607  1.2947  0.0486  0.0366  0.0324  0.1735  0.0450 -0.0003  0.0620 0 
 42.8962  0.0188 -1.9832  0.1371  0.3168  0.0428  0.5332  0.0911 -0.0003  0.6766 0 
 39.0509  0.0294  1.1409  0.0323  0.1850  0.0271  0.3645  0.0339 -0.0003  0.0952 0 
 43.7995 -0.4590 -1.5012  0.0804  0.5962  0.0221  0.2209  0.0923 -0.0003  0.3558 0 
 41.9471  0.4426  1.6728  0.0284  0.0897  0.0262  0.5363  0.0793 -0.0003  0.1343 0 
 47.2419 -0.3782 -2.6814  0.5442  0.1857  0.0833  0.5631  0.4525 -0.0003  0.9945 1 
 42.8168  0.3832  0.4629  0.9578  0.5518  0.0370  0.4000  0.6402 -0.0003  0.9980 1 
 42.2492  0.7878 -2.7265  0.0277  0.3915  0.0982  0.4015  0.1448 -0.0003  0.3801 1 
 33.8659 -0.7686  0.4335  0.2180  0.6441  0.1191  0.2845  0.3503 -0.0003  0.9923 1 
 49.6345  0.8008 -1.0662  0.0164  0.5730  0.1405  0.5988  0.0840 -0.0003  0.2922 0 
 42.5299 -0.8212  2.0404  0.0209  0.0673  0.0146  0.0445  0.0174 -0.0003  0.0660 0 
 50.2846  0.4975  2.0762  0.0554  0.7496  0.0110  0.2558  0.0344 -0.0003  0.2170 0 
 39.3194 -0.4877 -1.0628  0.0081  0.2443  0.0504  0.3184  0.0530 -0.0003  0.1089 0 
 47.7394 -0.2985 -2.2685  0.0808  0.1725  0.0609  0.4752  0.0362 -0.0003  0.3316 0 
 46.7140  0.3001  0.8845  0.0022  0.8069  0.0356  0.4779  0.0500 -0.0003  0.1885 0 
 46.7140  0.5145 -1.2167  0.0801  0.5800  0.0230  0.6082  0.0801 -0.0003  0.6293 0 
 42.5299 -0.5233  1.9123  0.0282  0.1330  0.0181  0.2672  0.1190 -0.0003  0.0752 0 
 43.0152 -0.7040  1.5701  0.0540  0.5382  0.0385  0.3108  0.0701 -0.0003  0.3982 1 
 42.3255  0.7029 -1.5305  0.0662  0.4082  0.0525  0.4459  0.0356 -0.0003  0.4189 1 
 47.8737  0.0738 -2.7311  0.0015  0.3663  0.0498  0.3885  0.0643 -0.0003  0.1402 0 
 37.0123 -0.0682  0.4234  0.0044  0.0952  0.0136  0.0925  0.1790 -0.0003  0.1155 0 
 49.5430  0.5238 -2.8474  0.0273  0.4251  0.0262  0.4279  0.0893 -0.0003  0.2281 0 
 44.7944 -0.5346  0.3107  0.0373  0.3036  0.0109  0.2196  0.0911 -0.0003  0.1122 0 
 44.7730  0.6175  3.1274  0.0497  0.1153  0.0403  0.2636  0.0418 -0.0003  0.0925 0 
 44.4556 -0.6129 -0.0351  0.0377  0.3782  0.0162  0.2201  0.0340  0.1181  0.3129 0 
 47.0710 -0.3622  0.1592  0.0237  0.1822  0.0299  0.1734  0.0424 -0.0003  0.0786 0 
 46.1769  0.3730 -3.0011  0.0565  0.3573  0.0286  0.2179  0.1107 -0.0003  0.2679 0 
 48.8685  0.4772  2.8732  0.0200  0.1373  0.0538  0.2576  0.0303 -0.0003  0.0870 0 
 45.7893 -0.4793 -0.3023  0.0001  0.4260  0.0467  0.3494  0.0541 -0.0003  0.1386 0 
 50.0893 -0.3047 -2.3872  0.0276  0.1288  0.0173  0.4694  0.1120 -0.0003  0.1228 0 
 37.4426  0.2991  0.7357  0.0124  0.1647  0.0686  0.3688  0.0756 -0.0003  0.1169 0 
 49.3874 -0.7586  1.2703  0.1919  0.2691  0.0938  0.5139  0.0561 -0.0003  0.6595 1 
 46.9764  0.7955 -1.8388  0.1335  0.6296  0.0823  0.4772  0.2552 -0.0003  0.9438 1 
 44.6571  0.2750 -0.7138  0.0067  0.3121  0.0592  0.3077  0.0110 -0.0003  0.1592 0 
 42.2278 -0.2512  2.3941  0.0016  0.0958  0.0294  0.2231  0.0377 -0.0003  0.0436 0 
 48.1880  0.4679  2.2089  0.0235  0.5623  0.0452  0.4309  0.0443 -0.0003  0.2558 0 
 47.5929 -0.4556 -0.8985  0.0455  0.5201  0.0478  0.3459  0.1298 -0.0003  0.5151 0 
 50.4952 -0.6569 -2.6237  0.0019  0.2410  0.0492  0.2129  0.0268 -0.0003  0.1058 0 
 38.6450  0.6648  0.4613  0.0095  0.3131  0.0520  0.2285  0.1253 -0.0003  0.2400 0 
 51.5419  0.6246 -0.5752  0.0302  0.3331  0.0789  0.5083  0.0406  0.1234  0.4047 0 
 44.3030 -0.6416  2.5262  0.0645  0.6692  0.0122  0.4405  0.0524 -0.0003  0.3565 0 
 45.5817  0.4785 -1.0331  0.0038  0.0397  0.0510  0.3935  0.0099 -0.0003  0.0675 0 
 45.4841 -0.4890  2.1060  0.1140  0.2579  0.0166  0.0875  0.0810 -0.0003  0.2396 0 
 46.9337 -0.1832 -2.2327  0.0268  0.4519  0.1095  0.6509  0.0601 -0.0003  0.3104 0 
 41.5442  0.1912  0.9120  0.0256  0.5707  0.1005  0.4929  0.0419 -0.0003  0.2636 0 
 49.3355 -0.4485  2.9666  0.0031  0.2369  0.0266  0.2570  0.0258 -0.0003  0.0582 0 
 48.7526  0.4401 -0.1721  0.0262  0.6203  0.0407  0.3437  0.0740  0.1767  0.5905 0 
 45.8228 -0.1016 -0.6844  0.0092  0.3023  0.0211  0.3057  0.1467 -0.0003  0.1263 0 
 36.3500  0.1032  2.4508  0.0161  0.6456  0.0121  0.2324  0.1058 -0.0003  0.1452 0 
 44.5319  0.6273 -1.6133  0.4496  0.2440  0.0464  0.4839  0.4572  0.1761  0.9994 1 
 31.3756 -0.6588  1.5791  0.2282  0.6833  0.0544  0.2908  0.1440  0.2824  0.9551 1 
 49.1371 -0.2609  1.6654  0.0117  0.7161  0.0255  0.5574  0.0347 -0.0003  0.2170 0 
 38.2910  0.2329 -1.4610  0.0265  0.1655  0.0275  0.3207  0.0251 -0.0003  0.0712 0 
 48.4657  0.6510 -1.6481  0.0115  0.5136  0.0307  0.3442 -0.0035 -0.0003  0.1859 0 
 38.2483 -0.6447  1.5230  0.0098  0.3979  0.0354  0.3666  0.0740 -0.0003  0.1427 0 
 47.0680 -0.6213 -1.5039  0.0230  0.1721  0.0580  0.3902  0.0084 -0.0003  0.1279 0 
 31.5740  0.6296  1.6947  0.0820  0.4868  0.0211  0.3870  0.0165 -0.0003  0.4094 0 
 46.2623  0.6694 -0.7090  0.0141  0.1855  0.0385  0.5226  0.1663 -0.0003  0.2204 0 
 40.3693 -0.6588  2.4357  0.0856  0.7059  0.0248  0.3613  0.0339 -0.0003  0.5126 0 
 62.7604 -0.4858 -0.6580  0.0613  0.2267  0.0313  0.1614  0.1111 -0.0003  0.2595 0 
 48.9326  0.4855  2.4705  0.0245  0.1953  0.0398  0.4293  0.0485 -0.0003  0.1355 0 
 45.9846  0.4073 -0.1472  0.1433  0.2814  0.1230  0.8288  0.0717 -0.0003  0.7911 1 
 42.7985 -0.4338  3.0135  0.4482  0.3981  0.0298  0.2667  0.4127 -0.0003  0.9954 1 
 49.8207  0.0311 -0.2437  0.1011  0.5973  0.0396  0.2991  0.0474 -0.0003  0.6309 0 
 48.4413 -0.0218  2.8914  0.0140  0.6550  0.0995  0.3013  0.0317 -0.0003  0.2516 0 
 61.9730  0.3925 -0.7122  0.1055  0.3043  0.0871  0.3237  0.1192 -0.0003  0.6405 1 
 46.1585 -0.3825  2.3946  0.0385  0.3256  0.0505  0.3051  0.0320 -0.0003  0.2422 1 
 46.1219 -0.4102  1.3363  0.0699  0.3371  0.0346  0.4795  0.1935 -0.0003  0.6031 0 
 42.5605  0.4185 -1.7645  0.0156  0.6055  0.0348  0.2226  0.1143 -0.0003  0.2320 0 
 49.8604 -0.4550  0.2507  0.0471  0.4540  0.0840  0.4272  0.0464 -0.0003  0.3299 0 
 41.3184  0.4555 -2.8437  0.0315  0.1251  0.0123  0.1795  0.0452 -0.0003  0.0443 0 
 48.8960 -0.5149  1.4363  0.0107  0.3841  0.0361  0.3005  0.0799  0.2170  0.5245 0 
 40.0702  0.5064 -1.6591  0.0067  0.0749  0.0396  0.2262  0.0677 -0.0003  0.0556 0 
 48.2094 -0.6583 -1.0886  0.0133  0.2091  0.0865  0.5171  0.0164 -0.0003  0.1524 0 
 39.2035  0.6261  2.0293  0.0349  0.3307  0.0605  0.2731  0.0768 -0.0003  0.3006 0 
 51.9631  0.7580  0.6892  0.0208  0.4404  0.1463  0.4650  0.0384 -0.0003  0.2440 0 
 43.0732 -0.7357 -2.4707  0.0018  0.4780  0.0680  0.3995  0.1213 -0.0003  0.2396 0 
 40.1831 -0.1064 -0.8595  0.0399  0.7083  0.0366  0.3617  0.2011  0.3085  0.8742 1 
 38.5260  0.1669  2.2915  0.0495  0.2577  0.1260  0.5031  0.0561 -0.0003  0.3259 1 
 45.3315  0.3459  2.7719  0.0071  0.1105  0.0952  0.2190  0.0259 -0.0003  0.0831 0 
 45.0507 -0.3297 -0.3482  0.0134  0.4654  0.0495  0.4386  0.0569 -0.0003  0.2083 0 
 49.3965  0.7146  0.4244  0.0303  0.6162  0.0454  0.3426  0.0128 -0.0003  0.2909 0 
 43.6774 -0.7235 -2.7368  0.0113  0.3341  0.0753  0.6190  0.0106 -0.0003  0.2039 0 
 52.7810  0.5027  0.4568  0.0017  0.1192  0.0285  0.1263  0.0308 -0.0003  0.0573 0 
 45.9236 -0.5154 -2.6997  0.0773  0.0959  0.0269  0.3055  0.0629 -0.0003  0.1077 0 
 49.7932 -0.2989  0.1052  0.0295  0.2085  0.2006  0.2137  0.0554 -0.0003  0.2371 0 
 48.4474  0.2982 -2.9814  0.0302  0.3922  0.0305  0.3443  0.0124 -0.0003  0.1877 0 
 48.8899  0.1411 -2.5271  0.0436  0.1379  0.0139  0.3435  0.0899 -0.0003  0.0830 0 
 33.2860 -0.1530  0.5986  0.0183  0.3419  0.0215  0.3811  0.0939  0.2468  0.6351 0 
 47.2328  0.4032  2.1370  0.0518  0.2462  0.0251  0.2166  0.0062 -0.0003  0.1498 0 
 46.8025 -0.3921 -1.0200  0.1387  0.6772  0.0480  0.3040  0.1392 -0.0003  0.8684 0 
 42.8565 -0.2320 -1.8501  0.0704  0.3681  0.0629  0.4889  0.0443 -0.0003  0.4320 0 
 37.2625  0.2531  1.3109  0.0095  0.5695  0.0220  0.2770  0.0463 -0.0003  0.1167 0 
 49.6834  0.4762  2.9194  0.0404  0.0964  0.0237  0.2138  0.0239 -0.0003  0.0534 0 
 42.4842 -0.4660 -0.1955  0.0028  0.4607  0.0520  0.4455  0.0783 -0.0003  0.1807 0 
 50.2388  0.5899  2.8109  0.0091  0.2387  0.0289  0.2558  0.0772 -0.0003  0.0736 0 
 42.1210 -0.5864 -0.3001  0.0344  0.3220  0.1271  0.5358  0.0289 -0.0003  0.2720 0 
 40.9461 -0.1802 -2.5071  0.0111  0.5253  0.0631  0.2249  0.0074 -0.0003  0.2832 0 
 39.2920  0.1811  0.6445  0.0624  0.3613  0.0421  0.1820  0.0723 -0.0003  0.3483 0 
 46.3508 -0.6858  1.3940  0.2269  0.6304  0.0875  0.3918  0.3697 -0.0003  0.9925 1 
 38.7427  0.7000 -1.7431  0.4022  0.2601  0.0452  0.3197  0.3189  0.0816  0.9896 1 
 47.8950 -0.1754 -2.7017  0.0568  0.4544  0.1630  0.4316  0.1398 -0.0003  0.4851 0 
 45.5726  0.1660  0.3933  0.0000  0.0498  0.0471  0.2186  0.0739 -0.0003  0.0604 0 
 52.1950  0.2018  2.7691  0.0562  0.6025  0.0795  0.5067  0.4215 -0.0003  0.9345 0 
 50.5287 -0.1952 -0.3522  0.0022  0.1764  0.0291  0.1703  0.1862 -0.0003  0.1841 0 
 47.0863  0.5573 -1.3913  0.0108  0.8360  0.0194  0.2168  0.0934 -0.0003  0.1821 0 
 46.2928 -0.5637  1.7202  0.0467  0.1359  0.0764  0.2177  0.0140 -0.0003  0.1466 0 
 52.9366  0.5852 -0.2105  0.0205  0.2612  0.0420  0.2104  0.0051 -0.0003  0.1549 0 
 35.1568 -0.6002  2.9589  0.0049  0.3917  0.0207  0.1876  0.0788  0.0416  0.1373 0 
 44.5045  0.3262  0.5680  0.1706  0.3155  0.0596  0.6600  0.4219  0.1118  0.9848 1 
 35.8526 -0.2447 -2.5410  0.7637  0.2405  0.0815  0.3733  0.3945 -0.0003  0.9915 1 
 42.2034 -0.3895 -2.0955  0.5004  0.4472  0.1567  0.5801 -0.0200 -0.0003  0.9734 1 
 39.7406  0.4060  1.0586  0.0616  0.4728  0.0367  0.3628  0.0436 -0.0003  0.3940 1 
 49.6345  0.6250  1.9840  0.0450  0.1434  0.0333  0.2138  0.0333 -0.0003  0.0866 0 
 49.1249 -0.6049 -1.0971  0.0341  0.6779  0.1944  0.3002  0.0165 -0.0003  0.2843 0 
 41.3184 -0.5964  1.8935  0.0364  0.2218  0.0684  0.3141  0.0754 -0.0003  0.2266 0 
 36.5850  0.6026 -1.2740  0.0569  0.5742  0.0168  0.2320  0.0307 -0.0003  0.1940 0 
 49.4423 -0.4308 -1.3197  0.2410  0.3701  0.0411  0.4281  0.3535 -0.0003  0.9792 1 
 47.4067  0.4280  1.8108  0.1946  0.4877  0.0917  0.3895  0.2928  0.0290  0.9785 1 
 58.0697  0.5952  2.4035  0.0229  0.3650  0.0269  0.3289  0.0250 -0.0003  0.1297 0 
 42.1454 -0.5834 -0.7630  0.0810  0.2349  0.0247  0.3571  0.0789 -0.0003  0.2776 0 
 38.0652 -0.4431  2.2670  0.0236  0.3324  0.0382  0.3212  0.0723  0.0723  0.3264 0 
 31.8944  0.4313 -0.9165  0.0356  0.2161  0.0190  0.2412  0.0092 -0.0003  0.0818 0 
 46.0182  0.5240  2.9583  0.0338  0.1473  0.0698  0.3925  0.2182 -0.0003  0.3177 0 
 38.1598 -0.5190 -0.2046  0.1512  0.5845  0.1124  0.5503  0.0654 -0.0003  0.6817 0 
 46.0243  0.1473  1.6492  0.0214  0.5706  0.0367  0.4797  0.2820 -0.0003  0.6418 1 
 41.4771 -0.1680 -1.4855  0.4636  0.1573  0.0291  0.2690  0.3317  0.0373  0.9843 1 
 49.3385 -0.7047 -2.6719  0.0462  0.2074  0.0809  0.6425  0.1854 -0.0003  0.5251 0 
 46.6926  0.6834  0.5014  0.0335  0.6266  0.0486  0.2607  0.0230 -0.0003  0.3499 0 
 45.9693 -0.6729 -2.8824  0.1076  0.2971  0.0273  0.4799  0.1870 -0.0003  0.6934 0 
 44.5808  0.6699  0.2242  0.0058  0.1143  0.0162  0.2639  0.1225 -0.0003  0.0514 0 
 58.2528  0.2782 -2.5198  0.0714  0.5871  0.1304  0.4108  0.0357 -0.0003  0.3791 0 
 55.2346 -0.2673  0.6939  0.0681  0.0153  0.1846  0.2498  0.1243 -0.0003  0.1085 0 
 51.5846  0.5415  1.9658  0.0968  0.3684  0.0639  0.3388  0.0345 -0.0003  0.5023 0 
 46.6285 -0.5048 -1.1416  0.0997  0.1691  0.0591  0.2608  0.0804 -0.0003  0.3636 0 
 49.3568 -0.3507 -2.0825  0.0661  0.4663  0.0245  0.2570  0.0849  0.0688  0.4728 0 
 35.1110  0.3007  1.1003  0.0342  0.3765  0.0381  0.5162  0.0106 -0.0003  0.2696 0 
 52.5612  0.2960 -0.1520  0.0357  0.4792  0.1232  0.2950  0.0351 -0.0003  0.2890 0 
 48.3955 -0.3250  3.0228  0.0154  0.6673  0.0563  0.0861  0.0049 -0.0003  0.4352 0 
 47.7058  0.5495 -0.5307  0.0019  0.2104  0.0343  0.3457  0.0519 -0.0003  0.0643 0 
 44.3122 -0.5421  2.6154  0.0104  0.1078  0.0309  0.2643  0.0192 -0.0003  0.0508 0 
 49.6864  0.0595  1.4497  0.0828  0.2281  0.0364  0.2565  0.0696 -0.0003  0.2825 0 
 34.8302 -0.0725 -1.7075  0.0557  0.7071  0.0110  0.2352  0.1014 -0.0003  0.2633 0 
 46.6011  0.5016  1.7616  0.0088  0.2517  0.0272  0.3478  0.0378 -0.0003  0.0710 0 
 41.5106 -0.5253 -1.4006  0.0147  0.2357  0.0397  0.2689  0.0108 -0.0003  0.1058 0 
 50.2663 -0.6871 -1.4672  0.0498  0.1328  0.0486  0.3410  0.1461  0.0299  0.2907 0 
 45.1911  0.6759  1.6272  0.0025  0.3634  0.1905  0.4820  0.0323 -0.0003  0.2095 0 
 61.4664 -0.5875  2.6746  0.4386  0.4804  0.0885  0.4461  0.4499  0.4298  0.9998 1 
 45.7099  0.6096 -0.4316  0.4858  0.6481  0.0307  0.5243  0.4675 -0.0003  0.9957 1 
 50.8888 -0.4548  2.2899  0.0052  0.4179  0.0579  0.3825  0.0620 -0.0003  0.1749 0 
 46.6377  0.4574 -0.7943  0.0751  0.4001  0.0338  0.5650  0.1302 -0.0003  0.6128 0 
 49.2897 -0.5437 -2.2090  0.0029  0.6252  0.0385  0.2142  0.0458 -0.0003  0.1870 0 
 46.9856  0.5411  0.9048  0.0136  0.3204  0.0710  0.3470  0.0113 -0.0003  0.1794 0 
 46.3050 -0.6594 -0.8349  0.0425  0.7669  0.0283  0.3484  0.0753 -0.0003  0.3258 0 
 37.9767  0.6470  2.3020  0.1021  0.4785  0.0916  0.5051  0.1545 -0.0003  0.7482 0 
 47.2816  0.7274  0.2270  0.1461  0.5721  0.0517  0.5197  0.1570  0.0578  0.8962 1 
 35.0927 -0.7317 -2.8918  0.0406  0.6976  0.0292  0.4694  0.0213 -0.0003  0.3391 1 
 48.1300  0.7754 -0.4136  0.0779  0.0451  0.0064  0.0862  0.0292 -0.0003  0.0467 0 
 38.5473 -0.7750  2.7040  0.0297  0.2414  0.0224  0.3659  0.0837 -0.0003  0.1181 0 
 47.6051 -0.7451  2.6006  0.1221  0.2174  0.0458  0.2594 -0.0200 -0.0003  0.3995 0 
 46.1830  0.7549 -0.5262  0.0068  0.5035  0.0161  0.2614  0.0508 -0.0003  0.0933 0 
 53.4829 -0.6616 -0.4814  0.0131  0.5065  0.0538  0.4197  0.0728 -0.0003  0.2290 0 
 46.2257  0.6748  2.6307  0.0512  0.3048  0.0526  0.6099  0.1671 -0.0003  0.5327 0 
 47.2175 -0.3073 -1.6731  0.0416  0.2226  0.0537  0.1300  0.0118  0.2500  0.5863 0 
 43.6957  0.2991  1.4872  0.0068  0.1558  0.0164  0.4421  0.2130 -0.0003  0.1443 0 
 51.3680 -0.2286 -2.0342  0.4933  0.7046  0.0964  0.5935  0.3328 -0.0003  0.9911 1 
 51.2947  0.2060  1.1288  0.1397  0.4120  0.0975  0.5513  0.2380 -0.0003  0.9250 1 
 47.0497 -0.0625 -2.4071  0.0162  0.1472  0.0241  0.5203  0.1795 -0.0003  0.1894 0 
 45.0843  0.0692  0.7254  0.0248  0.3200  0.0198  0.2192  0.0203 -0.0003  0.1005 0 
 45.9510  0.5186 -1.4679  0.1323  0.5362  0.0480  0.2182  0.1754 -0.0003  0.8366 1 
 40.0397 -0.5404  1.6853  0.0759  0.5659  0.0445  0.5884  0.1592 -0.0003  0.7114 1 
 49.9306 -0.2085 -2.5598  0.1302  0.2539  0.0676  0.4271  0.0889  0.1481  0.8053 0 
 45.6031  0.2068  0.5403  0.0236  0.6174  0.0332  0.2186  0.0054 -0.0003  0.2541 0 
 43.4577  0.3422  2.5450  0.0472  0.1719  0.0135  0.3542  0.0707 -0.0003  0.0931 0 
 29.2271 -0.3213 -0.5588  0.0372  0.3131  0.0560  0.1485  0.0010 -0.0003  0.3268 0 
 50.4860  0.7533 -3.0517  0.0043  0.2730  0.0618  0.2555  0.0546 -0.0003  0.1403 0 
 46.4668 -0.7430  0.0765  0.0120  0.2887  0.0603  0.4786  0.0182 -0.0003  0.1678 0 
 45.9144 -0.4113  2.0694  0.0893  0.2884  0.0290  0.3055  0.0945 -0.0003  0.3683 0 
 44.3427  0.4189 -1.0864  0.0088  0.2350  0.0803  0.3523  0.0080 -0.0003  0.1357 0 
 62.9770 -0.6217 -0.5664  0.0535  0.1283  0.0254  0.2419  0.0119 -0.0003  0.0776 0 
 45.5970  0.6328  2.5976  0.0164  0.1306  0.0814  0.3497  0.0087 -0.0003  0.0935 0 
 45.0751  0.5087 -1.0716  0.0257  0.3891  0.0493  0.3070  0.0401 -0.0003  0.2248 0 
 42.3651 -0.5069  2.0470  0.0724  0.0719  0.0263  0.3120  0.0526 -0.0003  0.0827 0 
 44.5350  0.0218 -1.6797  0.0021  0.1823  0.0311  0.2640  0.1964 -0.0003  0.1615 0 
 39.3194  0.0022  1.4385  0.0000  0.3642  0.0314  0.2274  0.1284 -0.0003  0.1471 0 
 45.9174 -0.6619  2.4728  0.0899  0.3504  0.0317  0.4364  0.1159 -0.0003  0.5603 1 
 36.6705  0.6476 -0.7476  0.1292  0.2196  0.0483  0.4173  0.1887  0.3553  0.9772 1 
 47.8737 -0.4951  2.9813  0.0132  0.2143  0.0475  0.2158  0.0853 -0.0003  0.1252 0 
 44.6479  0.4981 -0.1765  0.0433  0.3704  0.0186  0.1758  0.0444 -0.0003  0.1382 0 
 48.1910 -0.6449  2.7718  0.0186  0.1510  0.0917  0.4309  0.0607 -0.0003  0.1276 0 
 46.8788  0.6355 -0.4069  0.0015  0.1356  0.0350  0.2604  0.0541 -0.0003  0.0495 0 
 46.5431  0.4950  0.3908  0.0056  0.6207  0.0322  0.3044  0.0153 -0.0003  0.1673 0 
 35.2483 -0.4834 -2.7815  0.0236  0.0463  0.0128  0.0938  0.0604 -0.0003  0.0501 0 
 38.7427  0.2182 -1.0005  0.1838  0.5516  0.0280  0.2283  0.1223 -0.0003  0.7094 1 
 33.1151 -0.1988  2.1197  0.1683  0.5035  0.0307  0.5249  0.2974  0.1791  0.9586 1 
 53.7087 -0.0641 -2.8900  0.0112  0.2425  0.1046  0.3354  0.0248 -0.0003  0.1420 0 
 45.5055  0.0485  0.2031  0.0325  0.4264  0.0186  0.3499  0.0142 -0.0003  0.1509 0 
 45.9632 -0.5083  0.8847  0.0264  0.3012  0.0481  0.2181  0.0151 -0.0003  0.2049 0 
 43.8392  0.4897 -2.2533  0.0174  0.0709  0.0202  0.3092  0.0381 -0.0003  0.0428 0 
 50.6966 -0.3994  3.0646  0.0086  0.4987  0.0399  0.3828  0.0153 -0.0003  0.1754 0 
 45.0568  0.4053 -0.0708  0.0203  0.4161  0.1429  0.3508  0.0994 -0.0003  0.3020 0 
 44.9866  0.5316 -1.5110  0.0186  0.6346  0.1472  0.4826  0.0145 -0.0003  0.2567 0 
 44.8310 -0.5181  1.6227  0.1083  0.8190  0.0436  0.2635  0.0410 -0.0003  0.7691 0 
 53.4554  0.1003  2.4836  0.0084  0.1092  0.0299  0.2098  0.0797 -0.0003  0.0528 0 
 47.6844 -0.1033 -0.6696  0.0518  0.3024  0.0306  0.4321  0.0247 -0.0003  0.2554 0 
 58.2040  0.1610 -2.5461  0.0810  0.3193  0.0855  0.4520  0.0771 -0.0003  0.4762 0 
 42.6551 -0.1749  0.6103  0.1266  0.5315  0.0226  0.4005  0.1025  0.1532  0.7577 0 
 52.0027  0.0555 -2.6749  0.0166  0.5157  0.0115  0.2536  0.0097 -0.0003  0.1067 0 
 49.3355 -0.0611  0.4592  0.0203  0.3169  0.0492  0.5140  0.0513 -0.0003  0.2222 0 
 44.5502  0.7895 -1.4255  0.2151  0.8290  0.0440  0.5718  0.2824 -0.0003  0.9652 1 
 44.0528 -0.7756  1.6821  0.0056  0.5491  0.1708  0.4853  0.0447 -0.0003  0.2448 1 
 52.9610 -0.7437 -0.9058  0.0073  0.4476  0.0862  0.4628  0.0082 -0.0003  0.1749 0 
 39.4049  0.7755  2.3289  0.0233  0.5597  0.0191  0.4546  0.0084 -0.0003  0.2019 0 
 53.2265  0.4237 -2.9764  0.0407  0.3555  0.0667  0.3361  0.0285 -0.0003  0.2853 0 
 44.8280 -0.3887  0.1882  0.0079  0.1712  0.0901  0.4831  0.0170 -0.0003  0.1154 0 
 46.8147 -0.5509 -0.9300  0.0115  0.3925  0.0699  0.4776  0.0490 -0.0003  0.1958 0 
 45.4688  0.5454  2.2323  0.0764  0.5631  0.0161  0.1750  0.0268 -0.0003  0.2297 0 
 44.3641 -0.7749 -1.8295  0.0363  0.7935  0.0479  0.4844  0.0473 -0.0003  0.3711 1 
 29.8528  0.7754  1.2593  0.3054  0.2952  0.0698  0.2459  0.2656  0.5020  0.9993 1 
 59.9466  0.5010  0.5557  0.0094  0.1150  0.5834  0.4896  0.1069 -0.0003  0.2098 0 
 53.1716 -0.4979 -2.6429  0.0069  0.5564  0.0438  0.2942  0.0891 -0.0003  0.2149 0 
 50.7515 -0.3694 -0.9823  0.0292  0.3343  0.0961  0.5528  0.0256 -0.0003  0.2569 0 
 40.1801  0.3859  2.1031  0.0097  0.2522  0.0844  0.4521  0.0385 -0.0003  0.1510 0 
 48.7526 -0.4697 -2.5304  0.5741  0.7009  0.1683  0.7734  0.5141 -0.0003  0.9967 1 
 42.5544  0.5028  0.6132  0.1047  0.6590  0.0388  0.4007  0.2159 -0.0003  0.8661 1 
 45.4505 -0.0173  0.6254  0.0248  0.5312  0.0761  0.4813  0.0832  0.0915  0.4325 1 
 25.3635  0.0023 -2.5779  0.0854  0.0526  0.0509  0.2582  0.0569  0.3694  0.8076 1 
 46.1219  0.0785 -0.8116  0.0244  0.2928  0.0159  0.1744  0.0888 -0.0003  0.1125 0 
 43.9033 -0.0595  2.3249  0.0036  0.3519  0.0588  0.4857  0.0743 -0.0003  0.1739 0 
 44.0406  0.4053  2.1392  0.1054  0.4103  0.0149  0.3971  0.0711 -0.0003  0.4281 0 
 41.4862 -0.3652 -1.0010  0.0373  0.1523  0.0853  0.4034  0.0097 -0.0003  0.1480 0 
 44.0162  0.1583  0.1569  0.0592  0.4972  0.0340  0.5736  0.1380 -0.0003  0.5888 1 
 27.3564 -0.1872 -3.0284  0.2542  0.2321  0.0466  0.2019  0.1722 -0.0003  0.8510 1 
 58.4909  0.3415  0.0068  0.0552  0.4772  0.0229  0.3694  0.1578 -0.0003  0.4219 0 
 52.5154 -0.3265 -3.1353  0.1708  0.4209  0.1084  0.3373  0.0628 -0.0003  0.6999 0 
 49.0700  0.3132  2.4726  0.0677  0.5889  0.0877  0.5577  0.0131 -0.0003  0.3715 0 
 45.0507 -0.3226 -0.6706  0.0837  0.4800  0.0328  0.5263  0.1042 -0.0003  0.6275 0 
 52.6802 -0.4130  1.9794  0.0013  0.1890  0.0670  0.2949  0.0401 -0.0003  0.0938 0 
 43.6683  0.4072 -1.1575  0.0976  0.1294  0.0309  0.3095  0.0041 -0.0003  0.1782 0 
 55.3597 -0.4958 -1.1896  0.2854  0.3966  0.1971  0.7073  0.5308 -0.0003  0.9985 1 
 31.8456  0.4900  1.9729  0.3669  0.6141  0.0396  0.3860  0.3101  0.4023  0.9994 1 
 47.9133  0.3152  1.1625  0.1710  0.1875  0.0783  0.5611  0.2745 -0.0003  0.9334 1 
 45.9815 -0.3315 -2.0025  0.1732  0.6651  0.0457  0.3054  0.1569 -0.0003  0.8973 1 
 57.7432 -0.2592 -0.8214  0.4444  0.2926  0.1037  0.3706  0.4981 -0.0003  0.9979 1 
 42.1881  0.2451  2.2706  0.2113  0.3908  0.0543  0.2231  0.2961  0.3223  0.9944 1 
 44.2481  0.4375  0.4601  0.0359  0.0711  0.0390  0.4407  0.0612  0.1469  0.2212 0 
 42.1851 -0.4330 -2.6779  0.1136  0.5859  0.0125  0.1339  0.0276 -0.0003  0.3248 0 
 49.3782 -0.2385  1.0548  0.0594  0.5952  0.0251  0.3854  0.0317 -0.0003  0.3672 0 
 44.0864  0.2567 -2.0789  0.0424  0.6452  0.0300  0.4411  0.0322 -0.0003  0.3404 0 
 44.0894  0.5353 -1.5825  0.0946  0.4086  0.0290  0.2206  0.0768 -0.0003  0.3881 0 
 38.9899 -0.5367  1.5234  0.0709  0.6394  0.0186  0.4103  0.1104 -0.0003  0.4725 0 
 44.4404 -0.6453 -0.8464  0.0137  0.2567  0.0893  0.5282  0.2211 -0.0003  0.3407 0 
 43.5218  0.6277  2.3850  0.0074  0.2907  0.0706  0.5311  0.0276 -0.0003  0.1674 0 
 47.6875  0.3812 -1.8554  0.1549  0.5901  0.0742  0.5618  0.1440 -0.0003  0.8807 1 
 44.8249 -0.3822  1.3163  0.1990  0.7057  0.0734  0.4391  0.2805 -0.0003  0.9808 1 
 46.2501  0.2110 -0.7491  0.0066  0.6083  0.0321  0.3920  0.0585 -0.0003  0.1577 0 
 43.3722 -0.1913  2.3892  0.0508  0.1168  0.0335  0.1329  0.0173 -0.0003  0.0942 0 
 56.1074  0.1106  0.0728  0.0121  0.2948  0.1130  0.2488  0.0281 -0.0003  0.1884 0 
 34.2962 -0.1069 -3.0884  0.0766  0.6199  0.0200  0.2362  0.1028 -0.0003  0.3532 0 
 49.5735  0.7759 -2.1605  0.3393  0.7332  0.0700  0.4706  0.3414 -0.0003  0.9921 1 
 40.2075 -0.7708  0.9586  0.0875  0.7734  0.1017  0.5877  0.1584  0.2970  0.9112 1 
 56.2783 -0.6366 -1.3657  0.0574  0.1447  0.0457  0.2900  0.0884 -0.0003  0.1795 0 
 49.3263  0.6171  1.7584  0.0219  0.1095  0.0610  0.2142  0.0787 -0.0003  0.1009 0 
 53.0007  0.1428  0.7023  0.0124  0.3247  0.0547  0.3786  0.0596 -0.0003  0.1700 0 
 49.3416 -0.1587 -2.4209  0.0185  0.3584  0.0225  0.4283  0.0110 -0.0003  0.1397 0 
 49.4087 -0.5383 -0.5371  0.0624  0.3796  0.1370  0.2997  0.0203 -0.0003  0.3381 0 
 48.2795  0.5374  2.5966  0.1953  0.5205  0.0363  0.2585  0.1777 -0.0003  0.8501 0 
 44.5045 -0.0744  1.9129  0.6984  0.3621  0.1122  0.5720  0.5977 -0.0003  0.9973 1 
 32.5902  0.1175 -1.2226  0.1188  0.3785  0.0362  0.3835  0.0821  0.3797  0.9915 1 
 52.0150 -0.6630 -1.1512  0.0017  0.3219  0.0678  0.3804  0.0441 -0.0003  0.1425 0 
 43.0030  0.6574  1.9633  0.0003  0.2912  0.1367  0.2664  0.0418 -0.0003  0.1647 0 
 45.9113 -0.3505 -2.3433  0.0404  0.0449  0.0208  0.3055  0.1020 -0.0003  0.0684 0 
 44.3549  0.3565  0.7748  0.0120  0.6842  0.0500  0.3523  0.1013 -0.0003  0.3147 0 
 52.1736  0.7940  3.0615  0.0352  0.1179  0.1617  0.4223  0.1953 -0.0003  0.3226 0 
 43.8392 -0.7721 -0.0365  0.0065  0.2929  0.0982  0.2209  0.0152 -0.0003  0.1932 0 
 48.8197  0.2553 -2.1087  0.0017  0.2787  0.0239  0.1718  0.0639 -0.0003  0.0809 0 
 45.9785 -0.2676  1.0861  0.0551  0.1263  0.0385  0.1309  0.0065 -0.0003  0.1231 0 
 48.8838  0.6481  1.0603  0.5528  0.3911  0.0481  0.5582  0.5052 -0.0003  0.9963 1 
 47.4647 -0.6418 -2.0949  0.0528  0.5007  0.1265  0.3894  0.0391 -0.0003  0.3249 1 
 70.3136 -0.2516 -2.0147  0.1392  0.1393  0.0100  0.2356  0.1315  0.0398  0.3991 0 
 47.2663  0.2564  1.1309  0.0139  0.4583  0.2570  0.4764  0.1385  0.2383  0.6503 0 
 51.0567  0.5839  1.1333  0.0466  0.4596  0.1869  0.4671  0.0125 -0.0003  0.2964 0 
 49.4545 -0.5510 -1.9942  0.0137  0.2896  0.0143  0.2141  0.0488  0.0549  0.1132 0 
 47.2938  0.6987  2.6751  0.0171  0.1814  0.1041  0.3464  0.0091 -0.0003  0.1200 0 
 45.0477 -0.6795 -0.4828  0.0476  0.5576  0.0570  0.4386  0.0429 -0.0003  0.3666 0 
 40.3235 -0.3929 -0.8265  0.5120  0.4099  0.0282  0.3162  0.5743 -0.0003  0.9978 1 
 36.9970  0.3412  2.2901  0.1206  0.4285  0.0846  0.6012  0.0932  0.4219  0.9495 1 
 48.4169 -0.5447  0.7434  0.1813  0.7343  0.0270  0.3013  0.2737 -0.0003  0.9166 1 
 45.0843  0.5452 -2.3977  0.8099  0.2651  0.0521  0.4385  0.8387 -0.0003  0.9972 1 
 44.9409 -0.3537  0.0293  0.0220  0.1072  0.2086  0.6144  0.0176 -0.0003  0.1762 0 
 39.4507  0.3193 -3.1282  0.0544  0.0928  0.1201  0.4998  0.0976 -0.0003  0.2451 0 
 47.2999 -0.5943  0.3184  0.0267  0.4058  0.0634  0.6062  0.0317 -0.0003  0.2769 0 
 43.4516  0.6192 -2.8350  0.0549  0.4306  0.0973  0.5313  0.1536  0.2976  0.8403 0 
 53.2723 -0.5375 -3.0631  0.0309  0.6662  0.0610  0.2520  0.0457 -0.0003  0.4020 1 
 44.5716  0.5311  0.0713  0.5831  0.3908  0.0507  0.6597  0.3514  0.0444  0.9923 1 
 42.1912  0.7986 -1.5116  0.0138  0.3243  0.0838  0.2678  0.0042 -0.0003  0.2039 0 
 38.0682 -0.7979  1.6138  0.0414  0.4367  0.0326  0.2753  0.0760 -0.0003  0.2392 0 
 45.0904 -0.1400  1.8700  0.0066  0.3500  0.0450  0.3946  0.0652 -0.0003  0.1456 1 
 41.0285  0.1524 -1.2421  0.3076  0.5955  0.0779  0.4047  0.2127  0.5034  0.9994 1 
 52.1736  0.2723  0.3610  0.0458  0.5686  0.2079  0.3378  0.0064 -0.0003  0.2756 0 
 48.0354 -0.2852 -2.7812  0.0849  0.6539  0.0156  0.3882  0.0320  0.1410  0.6028 0 
 72.9046  0.3533 -2.0047  0.0014  0.0772  0.0439  0.1947  0.1834 -0.0003  0.1217 0 
 41.3275 -0.3565  1.1488  0.0005  0.3335  0.0438  0.4936  0.0275 -0.0003  0.1382 0 
 45.0690  0.7483 -1.6296  0.0269  0.0536  0.0422  0.2631  0.0175 -0.0003  0.0652 0 
 41.7578 -0.7160  1.4731  0.0092  0.4014  0.0637  0.2685  0.0074 -0.0003  0.2196 0 
 49.3935 -0.4226 -1.4897  0.3702  0.4405  0.0610  0.3854  0.5275  0.2304  0.9992 1 
 41.9165  0.3954  1.6684  0.0620  0.2032  0.0373  0.3129  0.0181  0.2136  0.5485 1 
 53.3486  0.7765  0.6666  0.0567  0.3773  0.0318  0.2100  0.0766 -0.0003  0.2546 0 
 46.0029 -0.7805 -2.5358  0.0766  0.2309  0.0467  0.4798  0.1279 -0.0003  0.4884 0 
 43.6286 -0.2810  1.1013  0.0431  0.4817  0.0531  0.3981  0.0289 -0.0003  0.3274 1 
 25.1347  0.3219 -2.0243  0.1578  0.7423  0.0178  0.2590  0.1928 -0.0003  0.7738 1 
 46.4454  0.0736  2.8649  0.1417  0.2421  0.0683  0.4786  0.1877 -0.0003  0.8260 0 
 44.7608  0.0114 -0.2459  0.0197  0.0659  0.2683  0.3515  0.0231 -0.0003  0.0658 0 
 44.5441 -0.2094  1.4180  0.0205  0.4463  0.0234  0.3079 -0.0200 -0.0003  0.2016 0 
 44.3641  0.2285 -1.7375  0.0340  0.2423  0.0157  0.2642  0.0895 -0.0003  0.0957 0 
 56.4981 -0.5267  1.0410  0.0405  0.2374  0.0438  0.2898  0.0567 -0.0003  0.1772 0 
 32.0958  0.5076 -2.0654  0.0650  0.2296  0.0064  0.2407  0.0320 -0.0003  0.0878 0 
 46.7384  0.7963  1.6828  0.0155  0.3063  0.0352  0.2606  0.0258 -0.0003  0.1160 0 
 40.9949 -0.7809 -1.4246  0.0679  0.5479  0.0498  0.4048  0.0975 -0.0003  0.5736 0 
 47.9774  0.6550 -2.2067  0.0359  0.5013  0.1036  0.4746  0.0246 -0.0003  0.2687 0 
 40.9613 -0.6492  0.9337  0.0006  0.2653  0.0093  0.1799  0.0537 -0.0003  0.0545 0 
 39.0967  0.5229  3.0537  0.1009  0.5322  0.0403  0.4100  0.1788 -0.0003  0.7993 1 
 33.5760 -0.5166 -0.0661  0.7207  0.5290  0.0294  0.1901  0.5264  0.3300  0.9984 1 
 45.6092  0.7970 -2.3293  0.0478  0.3649  0.0497  0.3935  0.2930 -0.0003  0.6702 1 
 38.8190 -0.7867  0.8686  0.1160  0.3317  0.0452  0.5477  0.1911  0.3346  0.9714 1 
 48.0293 -0.5123 -0.0877  0.0096  0.1305  0.0619  0.3882  0.0391 -0.0003  0.0872 0 
 47.8218  0.4924  3.0381  0.0037  0.7370  0.0269  0.3454  0.0093 -0.0003  0.1552 0 
 47.2450 -0.6015  0.9840  0.1872  0.6789  0.0949  0.6498  0.2762 -0.0003  0.9779 1 
 41.4893  0.6206 -2.1657  0.2647  0.3719  0.0675  0.5827  0.3588 -0.0003  0.9925 1 
 37.9767  0.0019  1.8151  0.0092  0.1953  0.1012  0.1837  0.0316 -0.0003  0.1570 0 
 34.8211 -0.0419 -1.3558  0.0793  0.1795  0.0147  0.0941  0.0125 -0.0003  0.1521 0 
 50.5592 -0.4134  2.3249  0.5226  0.4289  0.0933  0.5959  0.7670 -0.0003  0.9986 1 
 42.4170  0.4156 -0.8176  0.1360  0.1792  0.0638  0.4011  0.1407 -0.0003  0.6538 1 
 47.7546  0.2461 -2.6719  0.0262  0.2942  0.1565  0.6911  0.0146 -0.0003  0.2980 0 
 45.3986 -0.2447  0.4821  0.0328  0.5290  0.0236  0.3501  0.0804 -0.0003  0.2065 0 
 67.7531 -0.6172 -2.8772  0.0407  0.5291  0.2091  0.3961  0.0434 -0.0003  0.3166 0 
 46.8666  0.5856  0.3026  0.0222  0.1932  0.0400  0.3039  0.0164 -0.0003  0.0985 0 
 55.7046 -0.7603 -2.2577  0.0604  0.1773  0.0332  0.2077  0.0358 -0.0003  0.1372 0 
 46.3447  0.7734  0.8321  0.0306  0.2305  0.0194  0.3918  0.0305 -0.0003  0.0987 0 
 55.7473  0.2025  1.2504  0.0743  0.3009  0.0862  0.3322  0.0671 -0.0003  0.4397 0 
 43.1647 -0.1745 -1.8461  0.0341  0.2261  0.3118  0.3992  0.0297 -0.0003  0.2516 0 
 50.6477 -0.4037 -1.8027  0.0069  0.2684  0.2857  0.3404  0.0092 -0.0003  0.1929 0 
 40.9033  0.3825  1.3270  0.0958  0.1783  0.0660  0.4950  0.0107 -0.0003  0.3721 0 
 43.9460 -0.2376 -3.0077  0.0960  0.1022  0.0584  0.2207  0.1790  0.3323  0.8180 0 
 34.0154  0.2626  0.1279  0.1964  0.1020  0.0241  0.3315  0.2341  0.1081  0.8441 0 
 48.5908  0.0889 -1.3484  0.0117  0.3820  0.0891  0.5590  0.0229 -0.0003  0.2013 0 
 46.2104 -0.1021  1.7420  0.0443  0.5734  0.1417  0.7842  0.0432 -0.0003  0.3792 0 
 51.1238  0.5703 -0.6959  0.0349  0.2772  0.2374  0.2547  0.0081 -0.0003  0.2260 0 
 39.9359 -0.5651  2.4445  0.0063  0.2345  0.0483  0.3623  0.0040 -0.0003  0.1150 0 
 48.2063 -0.1650 -1.9186  0.0034  0.3506  0.1977  0.3447  0.1154 -0.0003  0.2850 1 
 45.7069  0.1453  1.1972  0.2478  0.4300  0.0379  0.2184  0.2235 -0.0003  0.9022 1 
 44.4251 -0.3006  1.3362  0.0070  0.1284  0.0263  0.2641  0.0908 -0.0003  0.0517 0 
 32.7092  0.2867 -1.7902  0.0413  0.1954  0.0099  0.0958  0.0871 -0.0003  0.1221 0 
 50.3456  0.6121  2.0768  0.0395  0.1451  0.0583  0.1705  0.0562 -0.0003  0.1468 0 
 46.7842 -0.6078 -1.0565  0.0446  0.1072  0.0471  0.1737  0.0261 -0.0003  0.0956 0 
 46.0487 -0.6454  2.2005  0.3992  0.7803  0.0321  0.4361  0.5670 -0.0003  0.9974 1 
 41.5167  0.6644 -0.9893  0.2975  0.2966  0.1242  0.4034  0.0589 -0.0003  0.8166 1 
 48.6213 -0.6789  1.9521  0.0107  0.3867  0.0365  0.4300  0.0522 -0.0003  0.1562 0 
 44.2939  0.6748 -1.1616  0.0343  0.1602  0.0151  0.2643  0.1580 -0.0003  0.1278 0 
 46.5461  0.7466  1.3846  0.0249  0.1157  0.1802  0.1740  0.0146 -0.0003  0.0943 0 
 42.2431 -0.7650 -1.7670  0.0015  0.5381  0.0181  0.3569  0.0058 -0.0003  0.1078 0 
 43.4516 -0.3607 -1.5842  0.2538  0.6620  0.0195  0.4871  0.4064 -0.0003  0.9829 1 
 43.2685  0.3783  1.5586  0.6054  0.4842  0.0402  0.6206  0.6351 -0.0003  0.9976 1 
 54.1665  0.3984  2.1525  0.0259  0.4685  0.0125  0.3347  0.0262 -0.0003  0.1101 0 
 45.7343 -0.3933 -0.9787  0.0565  0.4188  0.0817  0.8300  0.0760  0.0404  0.6223 0 
 46.1555  0.3499  1.7896  0.0137  0.3327  0.0505  0.5230  0.0195 -0.0003  0.1906 0 
 40.9277 -0.3470 -1.3720  0.0267  0.3223  0.0844  0.3149  0.0201 -0.0003  0.2210 0 
 55.1827  0.3086 -2.7138  0.0310  0.1881  0.2522  0.4580  0.0486 -0.0003  0.2401 0 
 41.2573 -0.3412  0.4264  0.0576  0.6555  0.0270  0.3143  0.0429 -0.0003  0.3315 0 
 47.4403 -0.3803 -0.0575  0.0391  0.1305  0.0253  0.1731  0.0963  0.1861  0.5324 0 
 38.3398  0.4015  3.1144  0.0453  0.2317  0.0209  0.1374  0.0198 -0.0003  0.1288 0 
 45.0996 -0.0433 -0.9149  0.3106  0.7680  0.0238  0.5261  0.4261 -0.0003  0.9900 0 
 45.0477  0.0434  2.2273  0.0321  0.4010  0.1027  0.3070  0.0424 -0.0003  0.2740 0 
 46.5797 -0.3527 -1.1587  0.0423  0.2022  0.0464  0.6521  0.1917 -0.0003  0.4648 0 
 46.5248  0.3578  1.9751  0.0945  0.3004  0.0164  0.3044  0.1574 -0.0003  0.3858 0 
 53.1899  0.3440  1.9090  0.0093  0.4021  0.0303  0.2521  0.0154 -0.0003  0.1287 0 
 36.9787 -0.3453 -1.2352  0.0187  0.2399  0.3511  0.6013  0.0588 -0.0003  0.3170 0 
 46.6773  0.0847 -1.9749  0.1460  0.7521  0.0456  0.5214  0.1214 -0.0003  0.8794 0 
 32.4010 -0.0702  1.1856  0.0422  0.0312  0.0835  0.2401  0.0394 -0.0003  0.0812 0 
 48.3864  0.5003 -1.3196  0.0059  0.6660  0.1504  0.6457  0.0273 -0.0003  0.2572 0 
 45.3681 -0.4907  1.8506  0.0196  0.1906  0.0243  0.2627  0.1993 -0.0003  0.2057 0 
 46.6896  0.2325  0.9728  0.0344  0.4328  0.1153  0.3041  0.0266 -0.0003  0.2658 0 
 35.3338 -0.1781 -2.1964  0.0340  0.2742  0.1122  0.5621  0.1063 -0.0003  0.3604 0 
 46.0334  0.5600 -0.5050  0.0047  0.4647  0.0826  0.5233  0.1083 -0.0003  0.2334 0 
 36.9268 -0.5335  2.5831  0.0073  0.2312  0.0913  0.2776  0.0565 -0.0003  0.1459 0 
 48.8350  0.1584 -2.4302  0.0331  0.6198  0.0653  0.4295  0.1044  0.0296  0.4392 0 
 38.4619 -0.1586  0.6641  0.0078  0.3174  0.0370  0.2745  0.0328 -0.0003  0.1048 0 
 57.9965 -0.7709 -1.0879  0.1002  0.1606  0.0557  0.2468  0.1242 -0.0003  0.4375 0 
 34.0124  0.7679  2.0433  0.0362  0.5186  0.0181  0.4262  0.0286 -0.0003  0.2168 0 
 44.9714  0.6247 -2.1064  0.0336  0.6336  0.1195  0.6143  0.0401  0.2223  0.5820 1 
 43.4546 -0.5973  1.0760  0.0329  0.5421  0.0874  0.5313  0.2299 -0.0003  0.5818 1 
 61.8326  0.1971 -1.6140  0.0007  0.3541  0.0173  0.0405  0.0148 -0.0003  0.1793 0 
 46.0670 -0.1822  1.5336  0.0652  0.4077  0.0461  0.3052  0.0179 -0.0003  0.3843 0 
 45.1026 -0.3553 -2.2467  0.3058  0.4313  0.1530  0.5261  0.2861  0.7119  0.9997 1 
 27.1641  0.3677  0.9256  0.0542  0.2827  0.0100  0.2529  0.1140 -0.0003  0.1467 1 
 54.0566 -0.1142  1.3349  0.0902  0.3523  0.0474  0.2511  0.1133  0.0784  0.6912 0 
 27.9911  0.1137 -1.7866  0.1249  0.5124  0.0214  0.4511  0.2595  0.0542  0.8642 0 
 46.8940  0.5756 -1.3441  0.0980  0.6151  0.0305  0.5208  0.0361 -0.0003  0.6258 1 
 42.5269 -0.5756  1.8114  0.1805  0.6673  0.0355  0.2672  0.3203 -0.0003  0.9419 1 
 46.7964 -0.0508  0.3499  0.0743  0.4817  0.0340  0.1737  0.0429 -0.0003  0.3565 0 
 43.4058  0.0557 -2.7857  0.0242  0.1077  0.1086  0.3543  0.0328 -0.0003  0.0841 0 
 48.1758 -0.4301 -0.6222  0.1861  0.5120  0.0630  0.2586  0.2214 -0.0003  0.9411 1 
 38.5107  0.4393  2.5479  0.6463  0.7247  0.0215  0.5031  0.5102  0.0703  0.9975 1 
 45.6367 -0.6239 -2.3256  0.2937  0.4904  0.0349  0.6119  0.4000 -0.0003  0.9910 1 
 38.6084  0.6291  0.7996  0.1934  0.2919  0.0734  0.5485  0.1223 -0.0003  0.8229 1 
 49.3751  0.1204  2.6899  0.0394  0.3862  0.0601  0.4711  0.0220 -0.0003  0.2889 0 
 41.2390 -0.1314 -0.4679  0.0025  0.2102  0.1052  0.5388  0.0110 -0.0003  0.1345 0 
 56.1776  0.4930 -1.2804  0.0631  0.5130  0.0657  0.5389  0.0926 -0.0003  0.4917 0 
 41.7639 -0.4886  1.8101  0.1857  0.5367  0.0137  0.2685  0.2430 -0.0003  0.7744 0 
 41.8189  0.5893 -2.9686  0.0520  0.4128  0.0554  0.2684  0.0103 -0.0003  0.3597 0 
 32.9839 -0.6534  0.2568  0.0390  0.3039  0.0085  0.1433  0.0103 -0.0003  0.1110 0 
 47.7607  0.3212 -0.4992  0.0001  0.2603  0.0403  0.4320  0.0567  0.1058  0.2118 1 
 47.6295 -0.3160  2.6419  0.0080  0.3614  0.1887  0.6916  0.0970  0.8449  0.8888 1 
 47.8889 -0.4939 -2.4087  0.0910  0.1662  0.0518  0.4316  0.1358 -0.0003  0.4677 0 
 44.7395  0.4981  0.7325  0.0214  0.5840  0.0060  0.1757  0.0400 -0.0003  0.1153 0 
 48.4657 -0.6487  0.2011  0.0137  0.0517  0.0272  0.1721  0.0425  0.1816  0.2991 0 
 45.5329  0.6521 -2.9327  0.0083  0.2610  0.0807  0.3499  0.0112 -0.0003  0.1451 0 
 46.5003 -0.6913 -3.0604  0.0811  0.2817  0.0212  0.3045  0.0475 -0.0003  0.2193 0 
 40.3296  0.6841  0.0826  0.0221  0.1913  0.0598  0.3162  0.1271 -0.0003  0.1987 0 
 43.8819  0.1728 -1.9202  0.0709  0.2329  0.1470  0.5300  0.0621 -0.0003  0.4004 0 
 38.4466 -0.1540  1.2250  0.0954  0.6608  0.0120  0.1831  0.0750 -0.0003  0.3466 0 
 42.4109  0.2106 -2.8477  0.6953  0.4628  0.0412  0.3565  0.5176 -0.0003  0.9977 1 
 40.9705 -0.2137  0.3070  0.3277  0.4057  0.0611  0.3149  0.5211 -0.0003  0.9970 1 
 46.9795 -0.7447  1.1053  0.0534  0.2983  0.1008  0.3904  0.0637 -0.0003  0.3423 0 
 40.7538  0.7339 -2.0562  0.0344  0.2813  0.0258  0.4054  0.1053 -0.0003  0.2028 0 
 44.3366  0.3574  2.7444  0.0787  0.1198  0.0312  0.4845  0.0423 -0.0003  0.2339 0 
 38.5382 -0.3556 -0.4470  0.0035  0.2325  0.0320  0.3659  0.0388 -0.0003  0.0704 0 
 47.8431 -0.4503  2.1555  0.0000  0.6629  0.0281  0.3454  0.0908 -0.0003  0.1430 0 
 45.9815  0.4828 -0.9813  0.0272  0.5466  0.0508  0.3054  0.0571  0.0452  0.4043 0 
 46.4820 -0.2609 -3.0895  0.2639  0.2704  0.0802  0.3480  0.1611 -0.0003  0.9084 1 
 41.0895  0.2674  0.0466  0.3297  0.4547  0.0879  0.3146  0.3631  0.3718  0.9990 1 
 55.8236 -0.6518 -1.7469  0.0460  0.0865  0.0486  0.3737  0.0668 -0.0003  0.1139 0 
 41.0651  0.6804  1.4090  0.0102  0.3495  0.0773  0.3147  0.0453 -0.0003  0.1896 0 
 45.8015  0.7553 -1.4273  0.0071  0.2912  0.1128  0.4803  0.0080 -0.0003  0.1612 0 
 41.6846 -0.7402  1.7430  0.0170  0.5915  0.1075  0.4029  0.0118 -0.0003  0.2242 0 
 54.8165  0.2809  1.5483  0.0443  0.6460  0.0212  0.2086  0.0316 -0.0003  0.1967 0 
 49.0394 -0.2629 -1.5947  0.0075  0.1900  0.1090  0.0858  0.0103 -0.0003  0.2184 0 
 48.6671 -0.1622 -1.6086  0.0013  0.1023  0.1065  0.3009  0.0443 -0.0003  0.0631 0 
 45.4871  0.1538  1.5812  0.0438  0.2014  0.0206  0.3500  0.0673 -0.0003  0.1138 0 
 44.9958  0.2319 -2.9661  0.0413  0.5971  0.1168  0.4826  0.2950 -0.0003  0.7906 0 
 40.6470 -0.2380  0.1718  0.0136  0.3740  0.0533  0.2254  0.1413 -0.0003  0.3274 0 
 46.9917 -0.6786  2.1286  0.0044  0.3096  0.0480  0.4771  0.0218 -0.0003  0.1451 0 
 44.8707  0.6844 -0.9998  0.0384  0.3706  0.0122  0.0878  0.0062 -0.0003  0.1581 0 
 45.9907 -0.5935  0.7681  0.0427  0.3244  0.0153  0.5235  0.1463 -0.0003  0.3555 0 
 44.1199  0.6187 -2.3580  0.0152  0.0610  0.0641  0.1764  0.0344 -0.0003  0.0826 0 
 39.7223 -0.6194 -1.8857  0.0855  0.2713  0.0217  0.3175  0.0745 -0.0003  0.2635 1 
 38.0957  0.6155  1.2538  0.0800  0.2517  0.0138  0.2753  0.1159  0.1104  0.5115 1 
 61.6770  0.5837 -2.5005  0.0556  0.1942  0.2016  0.5672  0.0539 -0.0003  0.3537 0 
 55.5947 -0.5841  0.7180  0.0099  0.4443  0.0677  0.2494  0.0091 -0.0003  0.2439 0 
 47.2145 -0.0808  0.0407  0.0601  0.7610  0.0480  0.4332  0.1531 -0.0003  0.7206 1 
 43.7629 -0.0042 -3.0882  0.6432  0.7011  0.0487  0.3094  0.3038  0.4767  0.9982 1 
 40.5524 -0.4236 -2.1290  0.0255  0.3802  0.1197  0.5413  0.2697 -0.0003  0.5742 0 
 40.0763  0.4450  1.0083  0.0193  0.4529  0.0242  0.3167  0.0224 -0.0003  0.1330 0 
 47.8553 -0.1723  0.3341  0.1650  0.4390  0.0745  0.3454  0.1212 -0.0003  0.8237 1 
 40.5585  0.1773 -2.8161  0.0292  0.6745  0.0304  0.4510  0.0506 -0.0003  0.2843 1 
 49.9733  0.3163  2.7649  0.1494  0.7855  0.1196  0.7258  0.1236  0.1664  0.9305 1 
 29.3584 -0.3002 -0.2755  0.0301  0.4155  0.0645  0.7412  0.0500 -0.0003  0.3596 1 
 54.5296  0.0117  1.3903  0.0014  0.1492  0.0522  0.1253  0.0130 -0.0003  0.1035 0 
 49.5430  0.0009 -1.7536  0.0321  0.2033  0.2901  0.5990  0.0474 -0.0003  0.3169 0 
 42.7192  0.2614  1.8554  0.2463  0.5283  0.0967  0.2669  0.2863 -0.0003  0.9865 1 
 38.2788 -0.3074 -1.2217  0.1304  0.6342  0.0887  0.3665  0.1614  0.2734  0.9264 1 
 59.3729 -0.6525 -2.6823  0.0186  0.4624  0.0306  0.2045  0.0750  0.2050  0.5621 0 
 48.7953  0.6284  0.4357  0.0311  0.3783  0.0188  0.3866  0.0440 -0.0003  0.1414 0 
 52.1706 -0.4351  2.1269  0.3335  0.4182  0.0475  0.2956  0.4306 -0.0003  0.9942 1 
 36.2554  0.4540 -1.0471  0.0869  0.2942  0.0437  0.4186  0.0510 -0.0003  0.4254 1 
 48.4443  0.6830 -2.3379  0.0179  0.6280  0.0526  0.5165  0.0143 -0.0003  0.2242 1 
 41.5961 -0.6691  0.8681  0.2101  0.3807  0.0282  0.3136  0.2667  0.1100  0.9180 1 
 55.7321  0.4911  1.5581  0.0522  0.1036  0.0449  0.2908  0.0297 -0.0003  0.0970 0 
 48.6824 -0.4629 -1.5708  0.0260  0.5380  0.0778  0.4728  0.0956 -0.0003  0.3169 0 
 49.7475  0.7737 -0.2825  0.0140  0.3014  0.0798  0.3420  0.0148 -0.0003  0.1736 0 
 48.3040 -0.7729  2.8626  0.0026  0.1816  0.0338  0.3446  0.0611 -0.0003  0.0606 0 
 39.5422 -0.2968 -2.7789  0.0255  0.4169  0.0399  0.2725  0.0313 -0.0003  0.2025 0 
 39.1241  0.3118  0.3445  0.0085  0.2365  0.0340  0.1822  0.0037 -0.0003  0.1060 0 
 47.6814 -0.6957  1.8631  0.2813  0.6100  0.0902  0.4321  0.2210  0.4798  0.9992 1 
 40.3937  0.6979 -1.2519  0.2175  0.7702  0.0239  0.4967  0.3370 -0.0003  0.9644 1 
 49.8146  0.3804  1.2494  0.0203  0.8183  0.0361  0.2991  0.0201 -0.0003  0.2546 1 
 47.3640 -0.3669 -1.8588  0.1103  0.2894  0.0469  0.4762  0.0494 -0.0003  0.5029 1 
 49.2378 -0.3847 -2.9595  0.1781  0.7750  0.1200  0.3857  0.2341 -0.0003  0.9761 1 
 31.4549  0.3692  0.2251  0.2059  0.6193  0.0455  0.3390  0.1752 -0.0003  0.9174 1 
 44.6540 -0.3722  1.3428  0.0490  0.1315  0.0290  0.3957  0.1512 -0.0003  0.2071 0 
 38.6755  0.3838 -1.7564  0.0046  0.3104  0.0515  0.4569  0.0456 -0.0003  0.1455 0 
 49.9367  0.5107  1.8660  0.0372  0.4791  0.0420  0.2135  0.0302 -0.0003  0.2901 0 
 48.9204 -0.5168 -1.2865  0.0042  0.4291  0.0193  0.2576  0.0451 -0.0003  0.0839 0 
 56.2631  0.2305 -0.1553  0.0121  0.3434  0.0743  0.5801  0.0562  0.0838  0.3142 0 
 44.1291 -0.2400  3.0266  0.1225  0.5759  0.0110  0.3087  0.0551 -0.0003  0.4068 0 
 50.2693 -0.7394 -0.8227  0.0480  0.4528  0.0374  0.2984  0.0484 -0.0003  0.2964 0 
 44.8524  0.7304  2.3410  0.0893  0.4171  0.0646  0.4391  0.1507 -0.0003  0.6929 0 
 47.9469 -0.2420 -0.5393  0.0738  0.2912  0.2827  0.1726  0.0554 -0.0003  0.4984 0 
 45.8747  0.2437  2.6296  0.0015  0.5504  0.0173  0.1746  0.0497 -0.0003  0.1122 0 
 46.3508 -0.4810 -0.6902  0.0460  0.0273  0.0588  0.3047  0.0530 -0.0003  0.0816 0 
 46.0487  0.4779  2.4427  0.1102  0.2313  0.1401  0.4361  0.0436 -0.0003  0.4360 0 
 45.1820  0.2215  2.0420  0.0159  0.6141  0.0429  0.3944  0.0132 -0.0003  0.2178 0 
 42.8199 -0.1503 -1.0178  0.0607  0.3293  0.0807  0.1333  0.0099 -0.0003  0.4320 0 
 45.0782  0.3912  1.5270  0.0359  0.3224  0.0205  0.3508  0.0599 -0.0003  0.1344 0 
 43.8697 -0.3992 -1.6135  0.0187  0.1833  0.1160  0.3533  0.0198 -0.0003  0.1246 0 
 45.8442 -0.3453  1.1717  0.3117  0.2064  0.0611  0.5675  0.4506 -0.0003  0.9958 1 
 45.4444  0.3319 -1.9339  0.7331  0.5539  0.0775  0.2625  0.8131 -0.0003  0.9983 1 
 47.3701  0.1753  2.1927  0.0464  0.3057  0.0660  0.5194  0.0633  0.2318  0.5751 0 
 44.9775 -0.1536 -0.9166  0.1187  0.5570  0.0905  0.3510  0.0764 -0.0003  0.6831 0 
 47.3884  0.6067 -1.5222  0.0969  0.5985  0.0920  0.2164  0.0523 -0.0003  0.6804 0 
 41.8860 -0.5987  1.6493  0.1716  0.5901  0.0070  0.2236  0.1663 -0.0003  0.6173 0 
 45.1362  0.4706 -2.8368  0.0434  0.4096  0.0887  0.3945  0.0717 -0.0003  0.3458 0 
 41.1322 -0.4293  0.3731  0.0135  0.2337  0.0902  0.2247  0.0939 -0.0003  0.2304 0 
 48.0781 -0.2046 -2.1110  0.0214  0.5248  0.0270  0.1725  0.0125 -0.0003  0.1897 0 
 47.7913  0.1973  1.0274  0.2137  0.2547  0.0645  0.5182  0.0955  0.1100  0.8867 0 
 45.9876  0.1615  0.2025  0.8298  0.6469  0.0361  0.5235  0.5552 -0.0003  0.9975 1 
 40.5982 -0.1453 -2.9266  0.7687  0.5758  0.0276  0.4960  0.3823  0.3083  0.9975 1 
 49.9519 -0.6346  3.0464  0.0081  0.6515  0.0360  0.2989  0.0436 -0.0003  0.1759 0 
 42.3804  0.6405 -0.0827  0.0972  0.3572  0.0251  0.2674  0.0211 -0.0003  0.3287 0 
 48.3741 -0.7660  1.7231  0.2450  0.3370  0.0465  0.3875  0.0328 -0.0003  0.7016 0 
 46.4088  0.7641 -1.3936  0.0142  0.1671  0.0367  0.5222  0.0339  0.1288  0.2269 0 
 44.7822  0.7700  1.9713  0.0023  0.6768  0.0332  0.2635  0.0612 -0.0003  0.1567 0 
 43.5676 -0.7845 -1.0874  0.0050  0.3355  0.1888  0.5310  0.0236 -0.0003  0.2113 0 
 51.3283 -0.6156  0.2847  0.0164  0.3984  0.0233  0.2120  0.0121 -0.0003  0.1281 0 
 47.5959  0.6160 -2.8629  0.0147  0.2798  0.0293  0.3026  0.0385 -0.0003  0.0864 0 
 40.1740 -0.2184  2.3840  0.0681  0.3568  0.0116  0.2261  0.0923 -0.0003  0.1717 0 
 40.0854  0.2233 -0.7670  0.0322  0.2614  0.0203  0.3620  0.0786 -0.0003  0.1198 0 
 57.1756  0.1578  2.6365  0.0624  0.2647  0.0773  0.4127  0.0646 -0.0003  0.3673 0 
 39.8413 -0.1243 -0.4906  0.0737  0.4598  0.0388  0.4985  0.1675 -0.0003  0.6728 0 
 50.0221  0.4862 -1.9241  0.0119  0.2144  0.0276  0.2134  0.0897 -0.0003  0.0808 0 
 43.5035 -0.4724  1.1877  0.0773  0.1798  0.0482  0.1771  0.0107 -0.0003  0.2455 0 
 38.8708  0.4718 -2.6546  0.5085  0.5389  0.0229  0.4106  0.4185 -0.0003  0.9958 1 
 22.6780 -0.4551  0.1572  0.0034  0.2715  0.0927  0.5350  0.0466 -0.0003  0.1612 1 
 42.8901  0.2526 -0.0141  0.0007  0.3991  0.1175  0.6220  0.1027 -0.0003  0.2441 1 
 30.0786 -0.2590  3.0837  0.0762  0.3316  0.0631  0.2944  0.0902 -0.0003  0.5099 1 
 48.9784  0.3700 -1.4035  0.0202  0.4497  0.1023  0.6437  0.1481 -0.0003  0.3752 0 
 47.1565 -0.3524  1.7226  0.0728  0.2327  0.0464  0.3467  0.0848 -0.0003  0.3446 0 
 43.0823 -0.6335  0.7740  0.0271  0.5191  0.0319  0.2219  0.0042 -0.0003  0.2376 0 
 40.0092  0.6546 -2.3751  0.1565  0.4167  0.1155  0.7243  0.1309 -0.0003  0.8652 0 
 48.3925  0.0350  3.0357  0.3673  0.4024  0.0459  0.4735  0.2398 -0.0003  0.9701 1 
 25.5009 -0.0600 -0.0580  0.6039  0.1840  0.0299  0.2578  0.5382  0.4091  0.9997 1 
 51.3344  0.7668  0.7011  0.0253  0.6916  0.1024  0.3816  0.0317 -0.0003  0.2833 0 
 40.8545 -0.7887 -2.4425  0.0101  0.4970  0.0350  0.3151  0.1467  0.2220  0.6361 0 
 53.9834  0.4760 -0.7283  0.1825  0.3102  0.0363  0.3350  0.1354 -0.0003  0.7404 0 
 47.5593 -0.4878  2.3863  0.0442  0.4135  0.0532  0.4757  0.1258 -0.0003  0.4529 0 
 48.7465  0.5808  0.7068  0.0385  0.1860  0.0638  0.4297  0.0598 -0.0003  0.2066 0 
 45.3895 -0.5931 -2.4235  0.0019  0.3653  0.0316  0.3502  0.0124  0.2135  0.4108 0 
 38.5229 -0.4216 -1.2437  0.1409  0.4298  0.0482  0.4116  0.1750  0.3854  0.9953 1 
 29.5415  0.3773  1.9275  0.1325  0.3147  0.0558  0.2959  0.2252  0.2693  0.9491 1 
 55.7900 -0.5285  2.0267  0.0118  0.2219  0.2370  0.4568  0.0225 -0.0003  0.1936 0 
 39.8779  0.5590 -1.0791  0.0360  0.4074  0.0351  0.1812  0.1122 -0.0003  0.2617 0 
 38.2788  0.0358 -1.7935  0.0165  0.4439  0.0371  0.3665  0.0328 -0.0003  0.1748 0 
 29.8497 -0.0203  1.3466  0.0139  0.5022  0.0213  0.1475  0.0137  0.0860  0.2299 0 
 45.4841  0.1059 -2.3821  0.0130  0.1599  0.0999  0.3062  0.0640 -0.0003  0.1109 1 
 45.0629 -0.0450  0.8067  0.1059  0.3212  0.1259  0.8771  0.1335 -0.0003  0.8620 1 
 41.3581  0.8091 -1.4436  0.0627  0.4297  0.0377  0.4487  0.1523 -0.0003  0.5761 1 
 26.7918 -0.7741  1.6707  0.1320  0.7152  0.0203  0.3047  0.1163  0.1668  0.7360 1 
 49.4820  0.6594 -2.2327  0.0605  0.3076  0.0371  0.3424  0.0740 -0.0003  0.3066 0 
 36.4630 -0.6383  0.9012  0.0075  0.0873  0.0261  0.2786  0.0320 -0.0003  0.0428 0 
 50.8339 -0.5959  2.7276  0.0767  0.6109  0.3138  0.5951  0.1209 -0.0003  0.5261 0 
 47.1015  0.5873 -0.4184  0.0126  0.4190  0.1202  0.6069  0.0447 -0.0003  0.2407 0 
 48.9723  0.6142 -1.6041  0.0095  0.3588  0.0138  0.1717  0.1216 -0.0003  0.1234 0 
 32.7367 -0.5981  1.5522  0.0351  0.3054  0.0074  0.0479  0.0068 -0.0003  0.1543 0 
 48.9479  0.2862 -2.0433  0.5379  0.1807  0.0411  0.3434  0.6455 -0.0003  0.9962 1 
 39.5361 -0.2927  1.0999  0.0467  0.6399  0.0315  0.3633  0.1962  0.1362  0.7484 1 
 48.2399 -0.7278  0.2909  0.0575  0.3450  0.0373  0.4739  0.0728 -0.0003  0.3938 0 
 41.2329  0.7443 -2.8705  0.0756  0.0641  0.0272  0.1796  0.0257 -0.0003  0.0658 0 
 43.8544 -0.3281 -0.1151  0.0187  0.3630  0.0484  0.4417  0.0151 -0.0003  0.1976 0 
 38.3673  0.3214  3.0405  0.0996  0.2970  0.0241  0.3205  0.0893 -0.0003  0.3749 0 
 47.5654 -0.5545 -2.4853  0.2045  0.2897  0.0508  0.3892  0.2569 -0.0003  0.9319 0 
 39.5056  0.5812  0.7247  0.1309  0.4678  0.0361  0.1817  0.1391  0.1433  0.7960 0 
 39.7345 -0.2320 -2.3304  0.0426  0.5625  0.1496  0.4989  0.0259 -0.0003  0.2973 0 
 31.4733  0.2134  0.8534  0.1080  0.2890  0.0134  0.1453  0.0674 -0.0003  0.2064 0 
 48.9632 -0.4982 -0.6100  0.0186  0.3440  0.0286  0.1288  0.0580 -0.0003  0.1534 0 
 46.4485  0.5058  2.5265  0.0088  0.4547  0.0543  0.3481  0.0164 -0.0003  0.1901 0 
 46.4302 -0.4786 -1.3366  0.0258  0.2854  0.0882  0.3046  0.0638 -0.0003  0.2349 0 
 45.3193  0.4671  1.8121  0.0117  0.1665  0.2020  0.1751  0.0168 -0.0003  0.1407 0 
 48.7556  0.5618 -1.6731  0.0748  0.7336  0.0402  0.2578  0.1245 -0.0003  0.6286 0 
 39.2859 -0.5625  1.4873  0.0840  0.3554  0.0805  0.5459  0.3183 -0.0003  0.8625 0 
 43.5737  0.0084  2.6567  0.0126  0.3538  0.1014  0.4424  0.0368 -0.0003  0.1878 0 
 42.3774 -0.0086 -0.4793  0.0082  0.2896  0.0130  0.2674  0.0308 -0.0003  0.0536 0 
 47.3915  0.4131  3.0731  0.0437  0.6164  0.0806  0.4328  0.0185 -0.0003  0.3025 0 
 42.4689 -0.3930 -0.1177  0.1227  0.1939  0.0681  0.1336  0.0889 -0.0003  0.5636 0 
 54.8135  0.5052 -2.5773  0.0843  0.2343  0.0352  0.4171  0.1795  0.0370  0.6048 0 
 52.0363 -0.5117  0.5183  0.0248  0.5925  0.0583  0.2113  0.0269 -0.0003  0.3600 0 
 41.1322  0.0677 -2.5646  0.0912  0.2578  0.0111  0.3594  0.3049 -0.0003  0.5362 0 
 32.6421 -0.0266  0.6002  0.0619  0.2242  0.0490  0.3833  0.0472  0.1419  0.4840 0 
 42.6856 -0.1377 -1.7341  0.0036  0.3151  0.0155  0.2224  0.0143 -0.0003  0.0673 0 
 38.4863  0.1647  1.3918  0.0020  0.6316  0.0161  0.1830  0.0093 -0.0003  0.1285 0 
 42.9816 -0.0094  0.2237  0.2354  0.3665  0.0945  0.3108  0.2903 -0.0003  0.9802 1 
 32.4681  0.0253 -2.9063  0.3409  0.3434  0.0365  0.4319  0.1398 -0.0003  0.8592 1 
 49.2195  0.4482 -2.5256  0.0615  0.2167  0.0724  0.3858  0.0867 -0.0003  0.3483 0 
 28.9097 -0.4493  0.5327  0.0006  0.0698  0.1460  0.4964  0.1089  0.2704  0.2112 0 
 51.8471 -0.2490 -0.2424  0.1555  0.8021  0.0552  0.3807  0.1638 -0.0003  0.9283 0 
 49.3294  0.2570  2.9228  0.0378  0.5968  0.0490  0.5997  0.0703 -0.0003  0.3740 0 
 50.6935  0.2728  1.9991  0.0300  0.5159  0.1297  0.2553  0.0071 -0.0003  0.2451 0 
 44.7730 -0.2828 -1.1593  0.0596  0.2574  0.0141  0.1757  0.0214 -0.0003  0.1203 0 
 53.2387 -0.6601  2.9331  0.0121  0.3938  0.0423  0.2101  0.0115 -0.0003  0.2016 0 
 39.4690  0.6715 -0.1964  0.0190  0.0611  0.0251  0.3181  0.0067 -0.0003  0.0524 0 
 44.5655  0.0827  0.4409  0.0209  0.3434  0.1983  0.4838  0.0579 -0.0003  0.2642 1 
 34.3786 -0.0921 -2.6640  0.3575  0.2163  0.0441  0.2833  0.4233  0.2240  0.9982 1 
 53.5805 -0.7215  0.2107  0.0100  0.1989  0.1696  0.4195  0.0180 -0.0003  0.1455 0 
 45.6611  0.7288 -2.9398  0.0041  0.3116  0.1228  0.4808  0.0068 -0.0003  0.1636 0 
 43.9796  0.0329 -0.6435  0.3095  0.8515  0.0418  0.7945  0.3629 -0.0003  0.9842 1 
 42.8931 -0.0150  2.4887  0.5044  0.2393  0.0396  0.5776  0.4948 -0.0003  0.9966 1 
 44.3793  0.6516  0.0225  0.0172  0.2586  0.0343  0.3082  0.0024 -0.0003  0.1155 0 
 40.0519 -0.6633 -3.1092  0.0500  0.3264  0.0212  0.2715  0.0985  0.2286  0.7246 0 
 47.8889 -0.4145 -1.1003  0.0032  0.5632  0.0279  0.2590  0.0107 -0.0003  0.1482 0 
 39.1058  0.4075  2.0348  0.0072  0.2606  0.1405  0.4555  0.0117 -0.0003  0.1597 0 
 47.6967  0.7375 -0.6451  0.0345  0.1529  0.1010  0.4321  0.0671 -0.0003  0.1790 0 
 41.8647 -0.7675  2.4944  0.0183  0.2979  0.0115  0.2683  0.0040  0.0572  0.1286 0 
 47.1199  0.6521 -0.6293  0.0195  0.1235  0.1369  0.4335  0.0058  0.6992  0.5898 1 
 41.6358 -0.6629  2.5240  0.0109  0.0730  0.0271  0.4478  0.1085  0.0612  0.1341 1 
 47.6020 -0.5507 -2.7302  0.2571  0.6107  0.0311  0.3891  0.3452 -0.0003  0.9784 1 
 45.5817  0.5702  0.3971  0.5897  0.3709  0.0724  0.3498  0.2866 -0.0003  0.9935 1 
 54.1054 -0.4915 -2.4118  0.1409  0.4968  0.0298  0.3766  0.0982 -0.0003  0.6876 0 
 27.4723  0.4895  0.7434  0.1356  0.5024  0.0309  0.3024  0.0023  0.1879  0.7986 0 
 43.1098 -0.6043  1.6819  0.1165  0.2861  0.0179  0.4881  0.1758 -0.0003  0.6690 0 
 39.8688  0.5641 -1.5001  0.0211  0.1520  0.0405  0.3625 -0.0200 -0.0003  0.1113 0 
 49.6040 -0.3582  0.8235  0.0136  0.4108  0.1256  0.5561  0.0090 -0.0003  0.2149 0 
 33.3837  0.3283 -2.3495  0.0000  0.5355  0.0198  0.1428  0.0678 -0.0003  0.1234 0 
 51.7372  0.1162 -2.5179  0.4837  0.4401  0.0835  0.5925  0.8082 -0.0003  0.9987 1 
 43.8514 -0.1555  0.5899  0.4281  0.5751  0.0143  0.4417  0.6756  0.0305  0.9982 1 
 55.1705 -0.4353 -0.8271  0.0072  0.2099  0.0743  0.4580  0.0053 -0.0003  0.1283 0 
 43.9094  0.4964  2.2543  0.0314  0.1465  0.0260  0.3091  0.1826 -0.0003  0.1763 0 
 42.6062  0.1145 -2.8974  0.0901  0.3878  0.0078  0.1780  0.0399 -0.0003  0.1684 0 
 40.8209 -0.1517  0.2410  0.0050  0.2873  0.0997  0.4502  0.0518 -0.0003  0.1563 0 
 47.5868  0.6696 -2.0233  0.0205  0.1862  0.0588  0.4756  0.0601 -0.0003  0.1629 0 
 43.8911 -0.6727  1.1145  0.0858  0.3266  0.0201  0.3533  0.0790 -0.0003  0.3232 0 
 45.5207  0.4318  1.9554  0.0731  0.4021  0.0927  0.3062  0.0955 -0.0003  0.5468 0 
 44.2512 -0.4205 -1.1986  0.0334  0.1852  0.1257  0.5288  0.1121 -0.0003  0.3080 0 
 50.6996 -0.7773  3.0547  0.0169  0.2890  0.0280  0.3403  0.0178 -0.0003  0.1010 0 
 44.0558  0.7862 -0.0619  0.0727  0.1814  0.2523  0.7500  0.0112 -0.0003  0.4577 0 
 49.7475 -0.0621 -0.1055  0.0004  0.2778  0.0496  0.2992  0.0908 -0.0003  0.1176 0 
 45.1698  0.0477  3.0282  0.0237  0.1552  0.0379  0.3945  0.0524 -0.0003  0.1010 0 
 44.4190 -0.5092 -0.4424  0.0680  0.4004  0.0663  0.3522  0.1745 -0.0003  0.6625 1 
 29.4194  0.4759  2.7180  0.2259  0.5415  0.0452  0.4444  0.1185  0.0797  0.8470 1 
 46.4057 -0.2858  2.0058  0.0315  0.4656  0.0643  0.3917  0.1505 -0.0003  0.4574 0 
 44.5136  0.2918 -1.0856  0.0095  0.2181  0.0449  0.3520  0.0615 -0.0003  0.0990 0 
 44.0284 -0.3805  3.1155  0.0337  0.2613  0.1661  0.5736  0.1179  0.5738  0.8214 1 
 37.6501  0.3496 -0.1214  0.5619  0.4215  0.0308  0.4602  0.4677 -0.0003  0.9963 1 
 45.4322 -0.0317 -2.0865  0.0015  0.6898  0.0083  0.2188  0.0434 -0.0003  0.1054 0 
 42.9236  0.0424  1.0539  0.0263  0.3366  0.0577  0.4442  0.0134 -0.0003  0.2205 0 
 43.7293 -0.3960  2.2694  0.1920  0.7078  0.0371  0.4420  0.3408  0.1301  0.9682 1 
 31.6838  0.4271 -0.8866  0.1834  0.2709  0.0339  0.4349  0.2075 -0.0003  0.8565 1 
 47.3457  0.4288 -2.3550  0.0034  0.2969  0.0123  0.0866  0.0900 -0.0003  0.1201 0 
 43.8941 -0.4467  0.7751  0.0165  0.1684  0.0562  0.2650  0.0187 -0.0003  0.1017 0 
 50.9255 -0.3318  1.0570  0.0793  0.5252  0.0408  0.0850  0.0257 -0.0003  0.4606 0 
 49.8512  0.3332 -2.0739  0.0362  0.0531  0.0077  0.1282  0.0126 -0.0003  0.0426 0 
 44.1077  0.4881 -2.0004  0.5688  0.1662  0.1014  0.3969  0.8072 -0.0003  0.9963 1 
 38.2147 -0.4904  1.1603  0.0754  0.4579  0.0203  0.1833  0.0891 -0.0003  0.2594 1 
 49.1493 -0.4424  3.0743  0.3497  0.7063  0.0471  0.3430  0.2617 -0.0003  0.9825 1 
 25.3330  0.4960 -0.0694  0.2207  0.6996  0.0376  0.4134  0.3392  0.3361  0.9970 1 
 55.8053  0.5814 -2.3263  0.0100  0.0673  0.0731  0.2906  0.0350 -0.0003  0.0710 0 
 44.5441 -0.5946  0.8226  0.0381  0.3127  0.0281  0.2640  0.0272 -0.0003  0.1442 0 
 50.2693  0.6834 -1.6827  0.5022  0.3327  0.0861  0.5116  0.6671 -0.0003  0.9984 1 
 40.9888 -0.6400  1.4741  0.0444  0.2363  0.0544  0.2249  0.1162  0.5352  0.9871 1 
 50.5074 -0.6986 -0.3598  0.0890  0.6185  0.0338  0.4683  0.1287 -0.0003  0.7236 0 
 40.1343  0.6949  2.7412  0.0641  0.2954  0.0286  0.3166  0.0082 -0.0003  0.2338 0 
 44.8646 -0.2624  1.1867  0.0162  0.1839  0.0340  0.2634  0.0134 -0.0003  0.0751 0 
 40.9186  0.2607 -1.9333  0.0685  0.1948  0.0988  0.2249  0.0589 -0.0003  0.3395 0 
 44.1413 -0.3766  1.7724  0.2432  0.4601  0.0484  0.2205  0.2925  0.2786  0.9907 1 
 43.6469  0.3924 -1.3852  0.2919  0.6098  0.0325  0.4423  0.3498 -0.0003  0.9838 1 
 41.6236  0.2059 -1.2691  0.0078  0.1195  0.0234  0.1792  0.0036 -0.0003  0.0540 0 
 35.2789 -0.1959  1.9064  0.0735  0.6360  0.0149  0.3281  0.1353 -0.0003  0.4050 0 
 51.7708  0.6239 -1.0736  0.0087  0.1839  0.0228  0.4655  0.0217 -0.0003  0.0790 0 
 45.1301 -0.6291  2.0959  0.0127  0.3684  0.1172  0.4822  0.0790 -0.0003  0.2317 0 
 51.5389 -0.2418  1.1798  0.0258  0.2263  0.1702  0.3812  0.0139 -0.0003  0.1837 0 
 44.8341  0.1565 -1.9366  0.0610  0.6511  0.0334  0.2635  0.0571  0.1362  0.6324 0 
 43.4577 -0.3433 -1.5359  0.0284  0.2979  0.0262  0.4428  0.0756  0.0527  0.2941 0 
 37.2839  0.3301  1.5942  0.0021  0.6804  0.0279  0.3692  0.0613 -0.0003  0.1347 0 
 47.1107 -0.7863 -2.6683  0.0038  0.1568  0.0898  0.4335  0.0651  0.4266  0.4648 1 
 45.8808  0.7823  0.5058  0.0934  0.4130  0.0382  0.3492  0.2392 -0.0003  0.7666 1 
 48.4138  0.7201 -2.9201  0.0109  0.4807  0.0970  0.4735  0.0279 -0.0003  0.1997 0 
 44.9226 -0.7145  0.2053  0.0431  0.2382  0.0165  0.2195  0.0850 -0.0003  0.1120 0 
 47.6265  0.1834 -3.0093  0.0069  0.3199  0.0687  0.3891  0.0179 -0.0003  0.1567 0 
 46.9001 -0.2043  0.1109  0.0387  0.3516  0.0574  0.4774  0.0225 -0.0003  0.2812 0 
 46.9062 -0.7211  1.4328  0.3309  0.6255  0.0473  0.3472  0.2925 -0.0003  0.9847 1 
 31.7296  0.7099 -1.7178  0.1266  0.7066  0.0198  0.3864  0.3520 -0.0003  0.8824 1 
 60.1267 -0.5161  0.2302  0.0154  0.3503  0.0505  0.3669  0.1580 -0.0003  0.3069 0 
 50.3792  0.5572 -2.9197  0.0092  0.4733  0.2079  0.6817  0.0767 -0.0003  0.2984 0 
 49.1035 -0.3140  2.3920  0.4031  0.6688  0.0591  0.6004  0.2969 -0.0003  0.9847 1 
 45.1514  0.2875 -0.7560  0.0772  0.6382  0.0669  0.5260  0.2740 -0.0003  0.8681 1 
 46.6865  0.7193  2.7558  0.0280  0.2411  0.0671  0.6952  0.0427 -0.0003  0.3078 0 
 44.6571 -0.7164 -0.3645  0.0012  0.1804  0.0114  0.1319  0.2668 -0.0003  0.2989 0 
 47.1901 -0.0207 -1.1210  0.0134  0.1215  0.0020  0.0867  0.0034  0.0968  0.1208 0 
 45.3529  0.0271  2.0135  0.0639  0.2103  0.0519  0.4378  0.0379 -0.0003  0.2863 0 
 42.6093 -0.7589 -2.2169  0.0002  0.2088  0.0284  0.3561  0.0822  0.0187  0.0782 0 
 42.1332  0.7674  0.9149  0.0114  0.5855  0.0225  0.4018  0.1550 -0.0003  0.2372 0 
 42.5269  0.6797 -0.8386  0.0924  0.5332  0.0509  0.5344  0.1219  0.0797  0.7840 1 
 16.9223 -0.6411  2.2606  0.4253  0.5765  0.0531  0.2952  0.0707  0.2152  0.9607 1 
 44.2786 -0.2041 -2.9608  0.0496  0.1804  0.0481  0.4846  0.1910 -0.0003  0.3902 0 
 38.0835  0.2175  0.2146  0.0087  0.2498  0.1643  0.5047  0.0350 -0.0003  0.1851 0 
 48.3467  0.1239 -1.6439  0.2799  0.5968  0.0511  0.6028  0.3773 -0.0003  0.9914 1 
 45.7496 -0.0988  1.4628  0.3553  0.3510  0.1703  0.4805  0.3785 -0.0003  0.9980 1 
 49.8116 -0.0274 -0.9145  0.0136  0.1735  0.0743  0.3419  0.0547 -0.0003  0.1147 0 
 43.2929  0.0088  2.2119  0.0056  0.3929  0.1360  0.3545  0.0334 -0.0003  0.1923 0 
 40.1434 -0.1915  0.5676  0.0157  0.3794  0.1259  0.4975  0.0042 -0.0003  0.2040 0 
 39.4537  0.2232 -2.6398  0.0031  0.2142  0.1117  0.2272  0.0274 -0.0003  0.1347 0 
 47.6326 -0.2551  1.1293  0.0140  0.4503  0.1264  0.4755  0.0189 -0.0003  0.2133 0 
 31.2108  0.2855 -1.9820  0.0225  0.2811  0.0100  0.1456  0.0485 -0.0003  0.0888 0 
 46.6651 -0.7907  2.3338  0.0964  0.0829  0.0192  0.2607  0.0776 -0.0003  0.1028 0 
 35.4467  0.7906 -0.7718  0.0108  0.4481  0.0391  0.3276  0.0209 -0.0003  0.1659 0 
 46.1341 -0.7112 -0.1510  0.0243  0.3680  0.0859  0.4358  0.0062 -0.0003  0.2097 0 
 42.9999  0.7153  2.9656  0.2025  0.3818  0.0081  0.2664  0.0287 -0.0003  0.3940 0 
 51.0842 -0.1996 -0.0732  0.0623  0.4005  0.1261  0.6369  0.0242 -0.0003  0.3891 0 
 46.5919  0.2237  3.0249  0.1495  0.2519  0.0208  0.3478  0.0364 -0.0003  0.4173 0 
 70.0175  0.6628 -0.6761  0.0253  0.6300  0.1270  0.2751  0.0312 -0.0003  0.2846 0 
 48.6824 -0.6653  2.5031  0.0196  0.4151  0.0329  0.4728  0.0759 -0.0003  0.2259 0 
 52.8359  0.3175  1.4923  0.1813  0.5676  0.0928  0.2526  0.2267 -0.0003  0.9637 0 
 45.1972 -0.3399 -1.6220  0.0222  0.4315  0.0313  0.5258  0.0325 -0.0003  0.2347 0 
 44.3977 -0.7322 -0.6609  0.0620  0.5232  0.0712  0.3082  0.0401 -0.0003  0.4571 0 
 39.3988  0.8259  2.4436  0.1550  0.2490  0.0757  0.3637  0.0273 -0.0003  0.5216 0 
 48.8411 -0.3541 -0.2837  0.2327  0.3416  0.0673  0.3436  0.4572 -0.0003  0.9920 1 
 47.5319  0.3611  2.8838  0.0390  0.3069  0.0353  0.3460  0.1662 -0.0003  0.3478 1 
 57.6730 -0.1780  1.2221  0.0073  0.2820  0.0395  0.4119  0.0560 -0.0003  0.1174 0 
 30.1335  0.1688 -1.9489  0.0139  0.7172  0.0187  0.3432  0.0131 -0.0003  0.1432 0 
 45.9358 -0.1050  2.4800  0.0352  0.1335  0.0551  0.5236  0.1961  0.2097  0.5937 0 
 43.8788  0.1145 -0.6602  0.1173  0.2481  0.0198  0.3533  0.2651 -0.0003  0.6489 0 
 45.1759  0.5382 -2.9831  0.0875  0.2837  0.0515  0.4383  0.1144 -0.0003  0.5443 0 
 44.4251 -0.4883  0.1790  0.0264  0.2875  0.1822  0.5723  0.0181 -0.0003  0.2600 0 
 48.9937  0.3433  1.9809  0.0536  0.5614  0.0208  0.2575  0.0545 -0.0003  0.2150 0 
 28.4550 -0.3459 -1.1405  0.0122  0.2615  0.0209  0.4489  0.0352 -0.0003  0.0939 0 
 47.7119 -0.5630  0.8782  0.0179  0.3693  0.0480  0.3889  0.0234 -0.0003  0.1884 0 
 45.1667  0.5616 -2.2772  0.0013  0.1859  0.2328  0.4383  0.1159 -0.0003  0.2029 0 
 51.2978  0.1620 -0.3104  0.0153  0.1438  0.0728  0.2969  0.0342 -0.0003  0.0971 0 
 44.9287 -0.1397  2.8043  0.0275  0.4675  0.0086  0.2633  0.0633 -0.0003  0.1049 0 
 44.2512  0.6032  1.7682  0.0418  0.0990  0.0269  0.3525  0.0306 -0.0003  0.0738 0 
 34.9187 -0.6084 -1.3599  0.0039  0.3291  0.0185  0.1880  0.0128 -0.0003  0.0866 0 
 46.6133 -0.1672 -0.4817  0.0217  0.4289  0.0510  0.4347  0.0512 -0.0003  0.2358 0 
 44.1474  0.1820  2.6706  0.0038  0.3257  0.0313  0.3528  0.1130 -0.0003  0.1180 0 
 55.7534  0.1351  0.0445  0.0668  0.1052  0.0200  0.1246  0.0103 -0.0003  0.0783 0 
 45.0782 -0.1508 -3.1129  0.0137  0.0822  0.1943  0.2193  0.1050 -0.0003  0.0830 0 
 48.2124 -0.3544 -1.9349  0.0076  0.2211  0.0828  0.3878  0.0228 -0.0003  0.1249 0 
 43.9216  0.3672  1.1834  0.0420  0.4599  0.0986  0.4856  0.0712 -0.0003  0.3327 0 
 49.6101 -0.2797  2.5456  0.0041  0.1507  0.4356  0.2994  0.1174 -0.0003  0.2924 0 
 41.5778  0.2624 -0.5941  0.0212  0.4214  0.0362  0.2688  0.0267 -0.0003  0.1763 0 
 48.6397 -0.0415  2.0905  0.0328  0.6491  0.0422  0.4729  0.0961 -0.0003  0.3975 0 
 46.3447  0.0430 -1.0560  0.0413  0.5765  0.0685  0.2177  0.0602 -0.0003  0.4873 0 
 55.4574  0.0295  2.3973  0.0851  0.2778  0.2140  0.4991  0.0198 -0.0003  0.4138 0 
 52.5734 -0.0441 -0.7650  0.0580  0.2690  0.0532  0.7165  0.0451 -0.0003  0.4558 0 
 44.1382  0.0183  0.4621  0.0263  0.1856  0.0245  0.4409  0.0073 -0.0003  0.1093 0 
 41.4740 -0.0160 -2.6741  0.0297  0.0967  0.2414  0.3587  0.0220 -0.0003  0.1012 0 
 30.6828  0.7718 -2.0376  0.4194  0.7306  0.0800  0.5366  0.1946  0.4047  0.9990 1 
 24.2802 -0.7719  1.1095  0.0473  0.6118  0.0186  0.3665  0.1451 -0.0003  0.3502 1 
 46.8391  0.5643  2.1499  0.0220  0.5158  0.0296  0.2605  0.0253 -0.0003  0.1729 0 
 45.6123 -0.5511 -0.9743  0.0057  0.4977  0.1234  0.6994  0.1121 -0.0003  0.2991 0 
 50.3273 -0.1012 -0.4106  0.0587  0.5893  0.0586  0.3409  0.1219 -0.0003  0.6213 0 
 24.0238  0.0439  2.8146  0.0214  0.3302  0.0349  0.3677  0.0151 -0.0003  0.1550 0 
 42.8565 -0.1764 -2.0834  0.1239  0.2727  0.1406  0.5333  0.2424  0.2083  0.9498 1 
 41.9745  0.1471  1.1149  0.6596  0.4820  0.0484  0.4916  0.7927  0.2408  0.9997 1 
 46.8360 -0.5399  2.8315  0.0592  0.3512  0.1677  0.5210  0.0798 -0.0003  0.3950 1 
 44.7730  0.5277 -0.2902  0.0719  0.3367  0.0652  0.5711  0.0905  0.2971  0.7953 1 
 45.8350 -0.2911 -1.8914  0.0087  0.2837  0.0335  0.2619  0.0574 -0.0003  0.0876 0 
 45.3040  0.3017  1.2545  0.0242  0.3991  0.0786  0.4379  0.0178 -0.0003  0.2193 0 
 54.1909  0.6882 -1.6487  0.0147  0.4174  0.0282  0.2928  0.1149 -0.0003  0.1617 0 
 45.4719 -0.6887  1.5070  0.0402  0.1834  0.0256  0.1750  0.1284 -0.0003  0.1747 0 
 51.3863 -0.4096  1.2450  0.0012  0.5422  0.0717  0.3391  0.0266 -0.0003  0.1828 0 
 46.8818  0.4178 -1.9372  0.0495  0.1266  0.0380  0.4775  0.0948 -0.0003  0.2113 0 
 53.6873  0.0810  1.7805  0.0222  0.1930  0.0918  0.2096  0.0867 -0.0003  0.2199 0 
 47.8706 -0.0960 -1.3920  0.0274  0.3038  0.0315  0.3453  0.0143 -0.0003  0.1457 0 
 36.3256  0.7494 -0.7320  0.0000  0.0667  0.0524  0.1859  0.0053 -0.0003  0.0752 0 
 25.8244 -0.7380  2.4086  0.0261  0.5919  0.0035  0.1541  0.0206 -0.0003  0.1187 0 
 47.1260  0.3153  1.8687  0.0283  0.0470  0.1242  0.2601  0.0250 -0.0003  0.0559 0 
 38.6145 -0.2756 -1.2246  0.0019  0.2015  0.0416  0.2743  0.0200 -0.0003  0.0730 0 
 53.9315  0.5244  2.1161  0.0658  0.5201  0.0942  0.5863  0.0283 -0.0003  0.3788 0 
 43.4730 -0.5131 -1.0433  0.0088  0.4070  0.0081  0.3099  0.0132 -0.0003  0.0698 0 
 47.8248  0.6848  1.2515  0.0073  0.2159  0.0461  0.3886  0.1483 -0.0003  0.1661 0 
 45.4139 -0.6752 -1.9141  0.0349  0.4290  0.0146  0.2188  0.0372 -0.0003  0.1185 0 
 45.4719  0.1642  2.3253  0.1966  0.2280  0.1285  0.2625  0.1995  0.5140  0.9781 1 
 40.0916 -0.1605 -0.8675  0.1645  0.2201  0.0459  0.4072  0.1060 -0.0003  0.6483 1 
 37.6715  0.4610  2.4176  0.0184  0.5313  0.0571  0.3681  0.1391 -0.0003  0.3933 1 
 36.6369 -0.4639 -0.7545  0.7577  0.6069  0.0192  0.3710  0.6231 -0.0003  0.9981 1 
 47.8309 -0.2794  0.7974  0.0499  0.2151  0.0443  0.4318  0.0800 -0.0003  0.2670 0 
 46.1616  0.3084 -2.3537  0.0101  0.4700  0.0468  0.3922  0.0239 -0.0003  0.1824 0 
 45.5207  0.2692 -1.4253  0.4420  0.4966  0.0581  0.5686  0.3272 -0.0003  0.9894 1 
 33.8231 -0.2335  1.6947  0.6039  0.5784  0.0661  0.3320  0.4691  0.4550  0.9996 1 
 47.2755  0.0615  1.3130  0.0304  0.2666  0.0824  0.3032  0.0932 -0.0003  0.2803 0 
 44.4800 -0.0706 -1.8396  0.0168  0.7431  0.0154  0.2640  0.0156 -0.0003  0.1369 0 
 48.1514 -0.7103 -0.9973  0.0346  0.1795  0.0772  0.5172  0.1439 -0.0003  0.3157 0 
 44.3580  0.6887  2.1492  0.0495  0.5985  0.0500  0.3963  0.1828 -0.0003  0.6755 0 
 39.6582 -0.7786 -2.7690  0.0063  0.1373  0.0329  0.4084  0.0429 -0.0003  0.0662 0 
 38.5565  0.7889  0.3237  0.0256  0.2619  0.0369  0.3201  0.1069 -0.0003  0.1717 0 
 48.5389  0.5192  2.9559  0.0034  0.3757  0.1247  0.5592  0.2109 -0.0003  0.3437 0 
 34.6258 -0.5239 -0.1728  0.0869  0.3088  0.0144  0.0942  0.0816 -0.0003  0.1968 0 
 54.9599 -0.6373  1.6050  0.1007  0.2777  0.0564  0.5002  0.0612 -0.0003  0.5058 1 
 46.5949  0.6371 -1.5177  0.2512  0.5581  0.0454  0.4782  0.3240 -0.0003  0.9825 1 
 53.5744 -0.3708 -2.6342  0.0591  0.2309  0.1641  0.5453  0.0407 -0.0003  0.3489 0 
 36.4904  0.3719  0.5282  0.0369  0.2224  0.0156  0.3250  0.0154 -0.0003  0.0816 0 
 55.5734 -0.1533  1.6367  0.0078  0.2745  0.0416  0.3741  0.0410  0.1849  0.3366 0 
 46.4027  0.1647 -1.4903  0.0140  0.4745  0.0514  0.2176  0.0760 -0.0003  0.2651 0 
 45.8839  0.0039 -1.0038  0.1076  0.1363  0.0939  0.2619  0.0867 -0.0003  0.3967 1 
 41.7975 -0.0183  2.1069  0.5232  0.3462  0.0646  0.4921  0.8929 -0.0003  0.9986 1 
 51.7220  0.1356 -0.9789  0.0261  0.4303  0.0993  0.5502  0.0276 -0.0003  0.2520 0 
 42.6001 -0.1138  2.1579  0.0262  0.0942  0.0330  0.5786  0.0181 -0.0003  0.1315 0 
 45.4200 -0.6977  2.0096  0.0427  0.6838  0.0564  0.6127  0.1661  0.1829  0.7903 1 
 43.7171  0.7001 -1.1583  0.2704  0.1923  0.1472  0.2652  0.3505 -0.0003  0.9869 1 
 51.6121  0.6673  1.7511  0.0631  0.2740  0.0794  0.3811  0.1505 -0.0003  0.5231 0 
 45.5848 -0.6423 -1.3768  0.0393  0.1939  0.0270  0.3061  0.0679  0.0982  0.3160 0 
 45.8228  0.1284  0.0795  0.0048  0.1178  0.0607  0.4366  0.0407 -0.0003  0.0837 0 
 45.1179 -0.1340 -3.0054  0.0075  0.5267  0.0567  0.1754  0.0029 -0.0003  0.3219 0 
 49.3416  0.4779 -1.1824  0.0269  0.3052  0.3020  0.5568  0.0456 -0.0003  0.3158 0 
 40.7904 -0.5209  1.9819  0.0025  0.3159  0.0193  0.4503  0.0206 -0.0003  0.0848 0 
 44.5045  0.5256  2.1191  0.0071  0.3031  0.0499  0.3080  0.0313 -0.0003  0.1297 0 
 42.2522 -0.5354 -0.9921  0.0285  0.2018  0.1091  0.2230  0.0064 -0.0003  0.1742 0 
 50.7301  0.7625  2.2233  0.0086  0.4194  0.0591  0.3828  0.0899 -0.0003  0.2142 0 
 43.7293 -0.7488 -0.9356  0.0659  0.3020  0.0142  0.3536  0.0757 -0.0003  0.1953 0 
 49.6071 -0.4049 -2.6356  0.0223  0.1600  0.1938  0.3850  0.1351 -0.0003  0.2476 0 
 42.4964  0.3930  0.5216  0.0965  0.2589  0.0098  0.2672  0.0678 -0.0003  0.1694 0 
 47.0588 -0.1466 -1.6026  0.0501  0.2778  0.0201  0.4336  0.0385 -0.0003  0.1998 0 
 46.3600  0.1479  1.5330  0.0254  0.1597  0.0286  0.3918  0.0101 -0.0003  0.0894 0 
 50.7515 -0.4625  0.5655  0.1418  0.1190  0.0378  0.2126  0.1529 -0.0003  0.4923 1 
 44.3153  0.4620 -2.5496  0.2703  0.5960  0.0717  0.3964  0.1928 -0.0003  0.9660 1 
 56.5103  0.6366  0.8779  0.0318  0.2166  0.0506  0.2898  0.1163 -0.0003  0.2228 0 
 48.0049 -0.6257 -2.2592  0.0003  0.1923  0.0292  0.1725  0.1081 -0.0003  0.0831 0 
 50.4280  0.2966 -1.5650  0.0060  0.2690  0.0931  0.1704  0.0018 -0.0003  0.2182 0 
 35.5932 -0.2881  1.5624  0.0310  0.4407  0.1298  0.2337  0.0150 -0.0003  0.2566 0 
 49.3660  0.5461  0.4722  0.0072  0.5313  0.0627  0.5996  0.0771 -0.0003  0.2325 0 
 48.4443 -0.5217 -2.6843  0.0086  0.1081  0.0588  0.3873  0.0479 -0.0003  0.0795 0 
 47.8279  0.0188 -1.7637  0.1131  0.2230  0.0995  0.4750  0.0164 -0.0003  0.4358 0 
 46.1707 -0.0215  1.3527  0.1288  0.3946  0.0750  0.5229  0.1747 -0.0003  0.8417 0 
 51.9814  0.6059  0.1320  0.1200  0.6991  0.0804  0.3804  0.1845 -0.0003  0.9096 1 
 46.6560 -0.5291 -3.0464  0.1155  0.5903  0.0231  0.3911  0.0659 -0.0003  0.5982 1 
 50.1411  0.3045  1.7558  0.0272  0.5176  0.1519  0.3839  0.1293 -0.0003  0.3746 0 
 43.6408 -0.2953 -1.3954  0.0018  0.2844  0.0089  0.2211  0.0317 -0.0003  0.0489 0 
 47.0222 -0.6177  2.0455  0.0326  0.1218  0.0512  0.4770  0.0195 -0.0003  0.1340 0 
 44.8798  0.6285 -1.0995  0.1179  0.6469  0.0423  0.3073  0.0547 -0.0003  0.7264 0 
 45.6519  0.6301  2.5244  0.1238  0.3846  0.0237  0.2185  0.0019 -0.0003  0.4343 0 
 41.4954 -0.6188 -0.6150  0.0177  0.1834  0.0405  0.4034  0.0256 -0.0003  0.1045 0 
 48.1636 -0.3238  2.7660  0.0211  0.0658  0.0250  0.3017  0.0810  0.1230  0.1843 0 
 45.2033  0.3151 -0.3851  0.0402  0.3431  0.0125  0.2191  0.0361 -0.0003  0.1042 0 
 42.8962 -0.3397  2.2391  0.2806  0.3922  0.0364  0.3555  0.2820 -0.0003  0.9610 1 
 40.9613  0.3205 -0.9011  0.1873  0.5867  0.0248  0.3149  0.2976 -0.0003  0.9139 1 
 44.7944  0.7081  1.3469  0.0650  0.4397  0.0772  0.4392  0.0234 -0.0003  0.3801 0 
 44.3061 -0.7097 -1.7335  0.0607  0.3410  0.0693  0.3084  0.0976 -0.0003  0.4752 0 
 45.6794 -0.0331  1.5390  0.0111  0.1715  0.0388  0.3496  0.0831 -0.0003  0.0852 0 
 42.9084  0.0049 -1.6057  0.0302  0.1982  0.0532  0.1777  0.1675 -0.0003  0.3425 0 
 52.4544 -0.0140 -2.9142  0.0335  0.3918  0.1521  0.4217  0.0562  0.2266  0.5354 1 
 29.4438  0.0195  0.2432  0.2640  0.0611  0.0353  0.2962  0.3405  0.1915  0.9696 1 
 47.7913 -0.7472  2.1260  0.0042  0.1901  0.0263  0.4319  0.0588 -0.0003  0.0712 0 
 46.4973  0.7468 -1.0311  0.1168  0.2297  0.1055  0.2610  0.1679 -0.0003  0.7475 0 
 44.7486  0.2586  0.1879  0.1881  0.3987  0.0220  0.2636  0.1332 -0.0003  0.6215 1 
 42.4598 -0.2371 -2.9769  0.0944  0.6413  0.0940  0.7128  0.5131 -0.0003  0.9836 1 
 48.1819  0.5492  2.9171  0.0462  0.1592  0.1180  0.2586  0.0190 -0.0003  0.1629 0 
 35.1141 -0.5458 -0.2503  0.0294  0.2851  0.0031  0.1408  0.1136  0.0970  0.1842 0 
 50.6905  0.4432  1.8689  0.0133  0.5871  0.1306  0.4679  0.0453 -0.0003  0.2521 0 
 36.9665 -0.4701 -1.2160  0.0233  0.3713  0.0264  0.2313  0.0098 -0.0003  0.1432 0 
 51.7617 -0.2449  2.5163  0.1754  0.1394  0.0246  0.3385  0.2183 -0.0003  0.6990 1 
 45.2216  0.2799 -0.6805  0.2616  0.1616  0.0548  0.3067  0.3808 -0.0003  0.9675 1 
 43.5370  0.7969 -0.2594  0.0805  0.3078  0.0168  0.1770  0.0388 -0.0003  0.1695 0 
 37.2747 -0.7939  2.8636  0.1105  0.2551  0.0156  0.3692  0.0458 -0.0003  0.3056 0 
 46.9490  0.5299 -2.1862  0.0164  0.5637  0.0493  0.3037  0.0203 -0.0003  0.2439 0 
 46.0578 -0.5073  1.0019  0.0276  0.1900  0.0844  0.3924  0.0998 -0.0003  0.2079 0 
 50.3395  0.1433 -2.0509  0.0732  0.1644  0.0413  0.1705  0.0021 -0.0003  0.2016 0 
 48.8960 -0.1458  1.1104  0.0343  0.4059  0.0253  0.3435  0.0405 -0.0003  0.1684 0 
 38.5534  0.4219 -0.0245  0.3334  0.1914  0.0371  0.5030  0.2828  0.3111  0.9994 1 
 33.9239 -0.4628 -3.1330  0.1501  0.0094  0.0549  0.0948  0.1213  0.4673  0.9855 1 
 41.2146  0.7622  1.6484  0.0048  0.2099  0.0220  0.3144  0.0294 -0.0003  0.0492 0 
 41.0193 -0.7664 -1.4937  0.0154  0.4272  0.0590  0.3148  0.0141 -0.0003  0.2186 0 
 47.0497  0.7663 -2.6485  0.0044  0.2890  0.0136  0.3902  0.0557  0.1019  0.1987 0 
 45.5604 -0.7787  0.4692  0.0506  0.2027  0.0461  0.6559  0.0810 -0.0003  0.3970 0 
 46.6011 -0.6512 -1.0884  0.0219  0.2787  0.0588  0.2608  0.0231 -0.0003  0.1866 0 
 43.5950  0.6153  2.0806  0.0005  0.5776  0.0323  0.3539  0.0403 -0.0003  0.1294 0 
 40.4883 -0.1140  0.9014  0.0087  0.5140  0.0090  0.2256  0.0190 -0.0003  0.0934 0 
 31.0979  0.0869 -2.2191  0.0464  0.4745  0.0428  0.3887  0.1293 -0.0003  0.4797 0 
 46.6987  0.7745 -2.1521  0.0228  0.1574  0.0540  0.4345  0.0716 -0.0003  0.1417 0 
 46.6468 -0.7808  1.0139  0.0865  0.2182  0.1435  0.3911  0.1581 -0.0003  0.6191 0 
 45.5055 -0.0359  0.6278  0.1390  0.5860  0.0580  0.5249  0.1343  0.0621  0.8782 1 
 41.6266  0.0543 -2.5012  0.3942  0.4286  0.0683  0.4479  0.1984 -0.0003  0.9696 1 
 45.0965  0.4680  0.0207  0.0034  0.3242  0.0348  0.2192  0.0960 -0.0003  0.1232 0 
 42.9358 -0.4583 -3.0704  0.0840  0.2865  0.1021  0.2665  0.0590 -0.0003  0.4755 0 
 45.9419 -0.5930 -3.0176  0.0301  0.2427  0.0365  0.4800  0.0961 -0.0003  0.2337 0 
 44.1596  0.5913  0.1317  0.0602  0.1821  0.0758  0.3968  0.0670 -0.0003  0.2821 0 
 45.5085 -0.7020  1.3690  0.0429  0.1943  0.0603  0.4812  0.0472 -0.0003  0.2375 0 
 40.3449  0.7087 -1.7834  0.0199  0.5773  0.0414  0.1355  0.0146 -0.0003  0.3101 0 
 44.6235 -0.2974  2.7555  0.5325  0.2931  0.0752  0.7474  0.3953 -0.0003  0.9936 1 
 38.6511  0.3017 -0.4091  0.0549  0.3517  0.1221  0.4569  0.0661  0.1212  0.5465 1 
 47.1809 -0.3168  0.3960  0.8733  0.5289  0.0480  0.5633  1.3618 -0.0003  0.9987 1 
 41.0315  0.3441 -2.7515  0.2706  0.1256  0.0412  0.3597  0.1988  0.1389  0.9220 1 
 45.4627  0.3475  0.4311  0.0042  0.2726  0.0451  0.4375  0.0621 -0.0003  0.1252 0 
 41.8524 -0.3111 -2.7243  0.2039  0.5021  0.0720  0.4472  0.1677 -0.0003  0.9269 0 
 46.6712  0.4446 -2.2479  0.1357  0.1431  0.0553  0.3476  0.0215 -0.0003  0.3567 0 
 41.5717 -0.4574  0.9225  0.0000  0.1546  0.0227  0.0448  0.1329 -0.0003  0.1458 0 
 46.8421  0.6181  2.3159  0.0284  0.3322  0.0214  0.3473  0.0108 -0.0003  0.1264 0 
 43.0976 -0.6166 -0.8066  0.0041  0.3058  0.0590  0.4438  0.1142 -0.0003  0.1872 0 
 45.4261  0.7263  0.9057  0.1604  0.1883  0.0541  0.3063  0.1524 -0.0003  0.7101 0 
 39.9847 -0.7397 -2.2788  0.0508  0.6720  0.0275  0.2716  0.0954 -0.0003  0.3250 0 
 48.4932  0.4963 -2.5611  0.0050  0.2674  0.0752  0.3012  0.0484 -0.0003  0.1444 0 
 45.3437 -0.4293  0.5966  0.0018  0.2362  0.0822  0.7005  0.0405 -0.0003  0.1957 0 
 47.6173  0.7732 -1.6839  0.0201  0.6132  0.0571  0.3458  0.0804 -0.0003  0.3182 0 
 38.8464 -0.7704  1.4848  0.0695  0.2274  0.0194  0.3194  0.0502 -0.0003  0.1602 0 
 53.2967  0.4461  0.2395  0.0000  0.0285  0.0422  0.0840 -0.0200 -0.0003  0.1075 0 
 39.2401 -0.4591 -2.9488  0.0082  0.2999  0.0316  0.3641  0.0341 -0.0003  0.0942 0 
 46.1524  0.5758  0.7434  0.0048  0.1912  0.0801  0.3051  0.0552 -0.0003  0.1092 0 
 34.5281 -0.5680 -2.4233  0.0412  0.3045  0.0164  0.2829  0.1208 -0.0003  0.1605 0 
 49.3385 -0.1689 -1.1185  0.0020  0.1182  0.2544  0.2142  0.0117 -0.0003  0.0936 0 
 41.1109  0.2175  2.0502  0.0143  0.1223  0.0980  0.4044  0.0129 -0.0003  0.0869 0 
 46.7109  0.1864 -2.2171  0.3509  0.2582  0.0868  0.5648  0.4855 -0.0003  0.9977 1 
 43.7568 -0.1539  0.9685  0.3565  0.6037  0.0602  0.3536  0.1619  0.2386  0.9718 1 
 56.1013 -0.3765 -0.3768  0.0227  0.1209  0.0628  0.1659  0.0325 -0.0003  0.1047 0 
 45.4414  0.3534  2.7782  0.0264  0.3193  0.0364  0.1751  0.0198 -0.0003  0.1825 0 
 51.2490 -0.1268 -1.8699  0.0329  0.6096  0.0415  0.3394  0.0528 -0.0003  0.3103 0 
 46.7079  0.1410  1.2251  0.0250  0.3725  0.0198  0.3041  0.0289 -0.0003  0.1068 0 
 49.1554  0.3952 -1.6907  0.0118  0.1137  0.0497  0.4287  0.1484 -0.0003  0.1346 0 
 42.0356 -0.3982  1.4107  0.0421  0.3312  0.0086  0.1787  0.0425 -0.0003  0.1041 0 
 51.0414  0.4066 -1.8802  0.0830  0.2007  0.0493  0.3822  0.0080 -0.0003  0.2911 0 
 41.1902 -0.4041  1.2865  0.0266  0.0854  0.0103  0.2246  0.0218 -0.0003  0.0362 0 
 44.2451  0.1879  1.1198  0.0298  0.6554  0.0487  0.4847  0.0441  0.0699  0.4014 1 
 39.8260 -0.1865 -2.0152  0.4378  0.6459  0.0582  0.4986  0.2557 -0.0003  0.9822 1 
 49.4118 -0.3996 -2.8633  0.0262  0.2155  0.0430  0.3425  0.0167 -0.0003  0.1285 0 
 41.8311  0.3900  0.2577  0.0083  0.0650  0.0501  0.3131  0.0380 -0.0003  0.0629 0 
 44.0101 -0.2411  1.4179  0.0026  0.2250  0.0197  0.4413  0.0074 -0.0003  0.0704 0 
 40.3876  0.2892 -1.7364  0.0003  0.1967  0.0832  0.3161  0.0917 -0.0003  0.1190 0 
 47.8614  0.2025  1.3449  0.0270  0.0738  0.0277  0.2158 -0.0200 -0.0003  0.0740 0 
 38.3032 -0.1912 -1.8163  0.0555  0.2090  0.0211  0.3207  0.0534 -0.0003  0.1267 0 
 49.4148 -0.5108  2.3281  0.0835  0.2623  0.0156  0.1713  0.0090 -0.0003  0.1703 0 
 48.0446  0.4960 -0.7917  0.0014  0.1336  0.0901  0.2588  0.0197 -0.0003  0.0821 0 
 63.3310  0.2550  3.0116  0.2863  0.1609  0.0085  0.2415  0.2684 -0.0003  0.7871 1 
 44.7059 -0.2588 -0.1008  0.0593  0.3638  0.0312  0.3955  0.0513 -0.0003  0.3173 1 
 39.1608  0.6542  0.3924  0.0785  0.8204  0.1734  0.7740  0.2846  0.3781  0.9713 1 
 33.8170 -0.6367 -2.8148  0.0177  0.4571  0.0263  0.1897  0.0045 -0.0003  0.1768 1 
 48.2765  0.4570  1.2690  0.0548  0.4556  0.0898  0.6892  0.0869  0.0828  0.6221 0 
 46.7384 -0.4173 -1.7868  0.2056  0.4900  0.0396  0.1738  0.2010 -0.0003  0.8605 0 
 47.2267 -0.2680 -2.5475  0.0335  0.4001  0.0308  0.4332  0.1371 -0.0003  0.3426 0 
 46.2501  0.2687  0.6050  0.0429  0.1878  0.0346  0.2178  0.0428 -0.0003  0.1138 0 
 46.6316  0.5233  2.4566  0.0185  0.6750  0.0216  0.3477  0.0064 -0.0003  0.1732 0 
 44.2756 -0.5247 -0.6927  0.0152  0.1122  0.0164  0.2644  0.0528 -0.0003  0.0389 0 
 45.9113  0.6412 -2.5706  0.0339  0.2737  0.0256  0.3055  0.1046 -0.0003  0.1549 0 
 38.9471 -0.6437  0.5682  0.0259  0.5863  0.0299  0.3192  0.1351 -0.0003  0.2901 0 
 47.7913  0.6019  1.9840  0.0203  0.3280  0.0509  0.3023  0.0285 -0.0003  0.1827 0 
 45.6123 -0.5741 -1.1844  0.0451  0.4963  0.0501  0.3497  0.0268  0.1137  0.5359 0 
 45.8167  0.4450 -1.9237  0.0938  0.4631  0.0561  0.2183  0.0867 -0.0003  0.6583 1 
 45.5482 -0.4825  1.2843  0.2449  0.4732  0.0513  0.4373  0.1002 -0.0003  0.8314 1 
 55.9457 -0.2527  2.3649  0.0245  0.1596  0.0747  0.2490  0.0071 -0.0003  0.1277 0 
 50.3731  0.2100 -0.7499  0.0873  0.6279  0.0908  0.3835  0.0515 -0.0003  0.5176 0 
 45.6397  0.5946 -1.4726  0.0437  0.1017  0.0248  0.3496  0.0180 -0.0003  0.0733 0 
 41.9654 -0.5810  1.7087  0.0094  0.4592  0.0317  0.0894  0.0114 -0.0003  0.2409 0 
 49.8085 -0.2559  1.9968  0.0211  0.4634  0.0177  0.5127  0.0737 -0.0003  0.2189 0 
 46.7140  0.2496 -1.1558  0.1451  0.4778  0.0330  0.4779  0.1722  0.1107  0.8680 0 
 46.9795 -0.4577  0.5397  0.0598  0.2921  0.0162  0.4338  0.1254 -0.0003  0.3130 0 
 43.8209  0.3949 -2.6070  0.1607  0.0588  0.2995  0.3093  0.0521 -0.0003  0.4486 0 
 41.3519 -0.4256  1.0640  0.1090  0.1728  0.0922  0.2244  0.0336  0.7397  0.9971 1 
 40.7568  0.3873 -2.0737  0.1123  0.5801  0.0465  0.4954  0.1277  0.1784  0.8486 1 
 51.5267 -0.0307 -0.6544  0.0382  0.3547  0.0684  0.5084  0.0540 -0.0003  0.3148 0 
 43.4821  0.0214  2.4798  0.0239  0.1093  0.0885  0.3984  0.0347 -0.0003  0.0952 0 
 43.0854  0.5291 -1.2414  0.0009  0.5052  0.0221  0.2219  0.0836 -0.0003  0.1130 0 
 40.5219 -0.5143  1.8932  0.0484  0.0884  0.0467  0.3158  0.0580 -0.0003  0.0982 0 
 46.8574  0.0044  0.3681  0.0429  0.2944  0.0508  0.1736  0.0976 -0.0003  0.3301 0 
 41.4588  0.0027 -2.7909  0.0380  0.3173  0.0331  0.3587  0.0191 -0.0003  0.1906 0 
 48.4382  0.2774 -0.4205  0.2437  0.7175  0.0425  0.6456  0.2203 -0.0003  0.9636 1 
 45.7374 -0.2809  2.7284  0.4531  0.6764  0.0363  0.5242  0.6079 -0.0003  0.9978 1 
 57.3129 -0.7549 -0.9762  0.0126  0.2850  0.0652  0.3300  0.1647 -0.0003  0.2997 0 
 38.9105  0.7415  2.1052  0.0248  0.6643  0.0186  0.4105  0.0226 -0.0003  0.1842 0 
 55.0301 -0.1491  2.5911  0.0778  0.6208  0.0964  0.5417  0.1171 -0.0003  0.5859 1 
 35.5169  0.1478 -0.6003  0.0650  0.5063  0.0954  0.3742  0.1061  0.5177  0.9616 1 
 46.5919 -0.2093  2.8313  0.4211  0.5174  0.0461  0.5652  0.3021 -0.0003  0.9854 1 
 44.8096  0.2239 -0.3060  0.1153  0.4043  0.0606  0.4831  0.1148 -0.0003  0.6988 1 
 44.1382  0.2073  1.2439  0.0000  0.3771  0.0674  0.1764  0.0899 -0.0003  0.2785 1 
 43.7507 -0.2110 -1.8859  0.5084  0.7979  0.0350  0.3978  0.3344 -0.0003  0.9947 1 
 44.7364  0.1687 -0.4971  0.0325  0.1602  0.0616  0.2197  0.0095 -0.0003  0.1361 0 
 42.0752 -0.1827  2.6251  0.0070  0.2478  0.0434  0.3573  0.0464 -0.0003  0.0991 0 
 45.8869 -0.4546 -1.7869  0.0408  0.1637  0.0920  0.3928  0.0590 -0.0003  0.1896 0 
 42.8748  0.4560  1.3505  0.0042  0.5340  0.0372  0.2666  0.0489 -0.0003  0.1536 0 
 36.1913  0.5174 -2.9089  0.1813  0.3551  0.0322  0.3257  0.0779  0.3167  0.9891 1 
 24.0848 -0.5288  0.2572  0.0044  0.0776  0.0101  0.2624  0.2213  0.1695  0.4303 1 
 45.1331  0.4335  1.4161  0.1611  0.5728  0.0227  0.3507  0.1631 -0.0003  0.7638 0 
 44.5075 -0.4294 -1.7658  0.1282  0.3239  0.1037  0.1320  0.0405 -0.0003  0.6811 0 
 50.4372 -0.7841  0.3556  0.0159  0.5714  0.0920  0.5963  0.0186 -0.0003  0.2352 0 
 39.3408  0.7951 -2.8244  0.1282  0.1995  0.0496  0.2729  0.0491  0.3240  0.9098 0 
 40.6561  0.6263  3.1032  0.0153  0.4481  0.0442  0.1352  0.0026 -0.0003  0.3097 0 
 35.4345 -0.6163 -0.0548  0.0343  0.3491  0.0121  0.2341  0.0068 -0.0003  0.1058 0 
 47.3335  0.2946  2.8080  0.0028  0.3370  0.0762  0.4763  0.1380 -0.0003  0.2222 0 
 46.8513 -0.3116 -0.3116  0.0024  0.1710  0.0663  0.3473  0.0969 -0.0003  0.1063 0 
 46.6316 -0.7634 -2.6935  0.0446  0.3882  0.0710  0.1739  0.0276 -0.0003  0.4012 0 
 43.0701  0.7624  0.4599  0.0508  0.1516  0.0351  0.2663  0.0289 -0.0003  0.1055 0 
 51.9448  0.7328  0.2182  0.0013  0.0722  0.2546  0.4650  0.0804 -0.0003  0.0756 0 
 46.0426 -0.7151 -2.9252  0.0142  0.5632  0.2069  0.4361  0.0765 -0.0003  0.2927 0 
 46.9154 -0.5824  3.1183  0.0252  0.2068  0.0339  0.5208  0.0672 -0.0003  0.1874 0 
 40.2655  0.5737 -0.0009  0.0154  0.4743  0.0807  0.3615  0.0192 -0.0003  0.2039 0 
 49.8878 -0.4937 -0.2964  0.0394  0.1120  0.2664  0.4699  0.0203 -0.0003  0.1751 0 
 40.6653  0.4861  2.8469  0.0460  0.2381  0.0956  0.2704  0.0980 -0.0003  0.3543 0 
 47.3487 -0.5864  2.2394  0.0633  0.4829  0.0649  0.3463  0.0297 -0.0003  0.4263 1 
 33.0602  0.5647 -0.9020  0.1270  0.1802  0.0596  0.1432  0.3283  0.5335  0.9985 1 
 46.1707  0.1850 -0.8690  0.0817  0.0904  0.0484  0.4358  0.0349 -0.0003  0.1872 1 
 44.6357 -0.1606  2.2669  0.2920  0.2345  0.0740  0.3078  0.3360  0.0939  0.9812 1 
 35.9930 -0.6344 -2.8176  0.1009  0.5805  0.0268  0.4195  0.2357  0.0969  0.8495 0 
 35.8343  0.6057  0.3511  0.0265  0.2661  0.0240  0.4200  0.1226 -0.0003  0.1848 0 
 45.2308 -0.3844 -2.8609  0.0350  0.2396  0.0168  0.3943  0.0637 -0.0003  0.1136 0 
 33.0083  0.3779  0.2613  0.0459  0.3541  0.0650  0.3343  0.0192  0.1949  0.5271 0 
 54.4839 -0.5782 -2.5758  0.0366  0.7159  0.0709  0.5013  0.0502 -0.0003  0.3416 0 
 47.0069  0.5588  0.6276  0.0953  0.2955  0.1004  0.4337  0.0843 -0.0003  0.5069 0 
 41.4435  0.7761  0.4538  0.0103  0.4086  0.0307  0.2690  0.0226 -0.0003  0.1252 0 
 33.8933 -0.7654 -2.6483  0.0353  0.5900  0.0372  0.3792  0.0782 -0.0003  0.3362 0 
 48.1941  0.4721  2.7307  0.0445  0.3311  0.0538  0.2585  0.0475 -0.0003  0.2904 0 
 42.3255 -0.5061 -0.3236  0.0105  0.0330  0.1529  0.2675  0.0916 -0.0003  0.0524 0 
 48.8655 -0.6364 -0.5856  0.1332  0.3465  0.0607  0.5583  0.1801 -0.0003  0.8484 1 
 40.4852  0.6525  2.5564  0.4394  0.6723  0.0403  0.3159  0.6396 -0.0003  0.9979 1 
 43.6652 -0.6992 -2.3388  0.0213  0.5266  0.0077  0.2211  0.0823 -0.0003  0.1164 0 
 33.7163  0.6921  0.7882  0.0138  0.4448  0.0125  0.1424  0.0046 -0.0003  0.1289 0 
 46.2196  0.1051 -2.0613  0.0106  0.3152  0.0164  0.2178  0.0087  0.2419  0.7590 0 
 32.7123 -0.1131  1.0962  0.0772  0.1014  0.0209  0.4309  0.0812 -0.0003  0.1805 0 
 44.5777 -0.3721  0.8492  0.0168  0.6971  0.0626  0.3958  0.2507 -0.0003  0.7001 0 
 40.8240  0.3577 -2.3014  0.0716  0.1240  0.0838  0.1801  0.0193 -0.0003  0.1909 0 
 48.0964  0.7101 -2.6284  0.0988  0.4043  0.1431  0.7761  0.0571 -0.0003  0.6019 0 
 39.6521 -0.6931  0.5857  0.0310  0.4064  0.1068  0.3630  0.0313 -0.0003  0.2473 0 
 51.7861  0.4262 -1.0773  0.0221  0.2847  0.1122  0.3808  0.0390  0.6911  0.8592 0 
 48.2551 -0.4347  2.0514  0.0130  0.6704  0.0077  0.1723  0.0020 -0.0003  0.1242 0 
 45.2216  0.6548  0.9363  0.0118  0.7546  0.0319  0.3067  0.0499 -0.0003  0.1822 0 
 43.7201 -0.6413 -2.2293  0.1374  0.1193  0.0422  0.3536  0.1315  0.0357  0.5774 0 
 44.0864  0.4603  1.4846  0.0171  0.3737  0.0127  0.3088  0.0643 -0.0003  0.0809 0 
 40.1312 -0.4623 -1.6686  0.0088  0.2173  0.0553  0.6332  0.0110 -0.0003  0.1727 0 
 56.6995  0.5237 -1.4905  0.0735  0.2420  0.0377  0.3309  0.0522 -0.0003  0.2740 0 
 51.1879 -0.5314  1.6363  0.0180  0.3627  0.0384  0.2546  0.0421 -0.0003  0.1504 0 
 43.9704  0.4789 -3.0073  0.7957  0.4086  0.0502  0.5738  0.8122 -0.0003  0.9982 1 
 40.8270 -0.4726  0.1314  0.1250  0.1703  0.0201  0.2701  0.2658  0.2817  0.9782 1 
 52.9397 -0.1643 -2.5914  0.0126  0.5087  0.0422  0.3366  0.0360 -0.0003  0.1888 0 
 46.9642  0.1752  0.5216  0.0117  0.2152  0.0509  0.3037  0.0240 -0.0003  0.1065 0 
 44.5228  0.3526  2.5116  0.0460  0.7026  0.0638  0.3959  0.0466 -0.0003  0.3925 0 
 41.8738 -0.3508 -0.6305  0.0313  0.2016  0.0382  0.3130  0.0103 -0.0003  0.1197 0 
 48.2582  0.7639  2.6160  0.0135  0.2582  0.0222  0.3447  0.0983 -0.0003  0.0887 0 
 42.8779 -0.7923 -0.5655  0.0056  0.2246  0.0366  0.2222  0.0634 -0.0003  0.0771 0 
 47.9713  0.1703 -1.6671  0.0618  0.1155  0.0831  0.4314  0.0237 -0.0003  0.1843 0 
 42.2614 -0.1602  1.4309  0.0420  0.1401  0.0256  0.1784  0.2064 -0.0003  0.2854 0 
 44.5106  0.3415  1.4628  0.0569  0.4029  0.0164  0.2200  0.0395 -0.0003  0.1521 0 
 44.2176 -0.3239 -1.6555  0.0000 -1.0000  0.0151  0.1322  0.0815 -0.0003  0.2103 0 
 52.3354 -0.4716 -2.1001  0.0541  0.5753  0.0649  0.3376  0.0482  0.0763  0.5645 0 
 51.4412  0.4645  1.0445  0.0428  0.0668  0.0713  0.4238  0.1523 -0.0003  0.1738 0 
 48.8075 -0.7284  2.9891  0.0308  0.2346  0.2735  0.4295  0.1223 -0.0003  0.3722 0 
 45.1576  0.7194 -0.1545  0.0103  0.3289  0.0356  0.3945  0.0672 -0.0003  0.1300 0 
 53.7789 -0.3040 -1.6405  0.6754  0.3549  0.0762  0.5029  0.8680 -0.0003  0.9985 1 
 48.0476  0.3021  1.5408  0.3715  0.2797  0.1158  0.3881  0.5109 -0.0003  0.9981 1 
 45.7252  0.7565  2.5187  0.0004  0.0637  0.0314  0.2184  0.0939 -0.0003  0.0522 0 
 44.4221 -0.7617 -0.5915  0.0085  0.7629  0.0295  0.4402  0.0107 -0.0003  0.1848 0 
 48.2765  0.0110 -0.3597  0.0700  0.5984  0.1428  0.6031  0.0826 -0.0003  0.4367 0 
 43.9826 -0.0238  2.7300  0.0655  0.1519  0.0240  0.2207  0.0829 -0.0003  0.1288 0 
 43.1281  0.3724  0.3057  0.2856  0.4107  0.0792  0.4880  0.1645  0.3160  0.9929 1 
 41.3550 -0.3753 -2.9046  0.1421  0.5716  0.0642  0.5384  0.1590  0.4570  0.9974 1 
 40.1251 -0.0418 -2.4192  0.1469  0.2972  0.1320  0.5428  0.0972 -0.0003  0.6860 1 
 35.8160  0.0158  0.5847  0.1831  0.6342  0.1071  0.7000 -0.0200  0.5093  0.9905 1 
 43.5920  0.6536 -1.5282  0.0837  0.3811  0.0446  0.2654  0.0219 -0.0003  0.4330 1 
 40.4212 -0.6670  1.6546  0.1505  0.5075  0.1727  0.4966  0.0755  0.7499  0.9855 1 
 54.1878 -0.7437  2.6385  0.0255  0.4268  0.1171  0.5019  0.1148  0.2572  0.6305 0 
 40.8331  0.7465 -0.4813  0.0033  0.8784  0.0167  0.3602  0.1207 -0.0003  0.1881 0 
 41.9104  0.3992  0.7925  0.0219  0.1499  0.0284  0.3129  0.0059 -0.0003  0.0690 0 
 33.7591 -0.4031 -2.3140  0.0214  0.2697  0.0262  0.2847  0.0026 -0.0003  0.1045 0 
 44.5716  0.3897  1.1252  0.0255  0.5188  0.0183  0.1759  0.0156 -0.0003  0.1458 0 
 39.9725 -0.3772 -2.0136  0.0017  0.2930  0.0412  0.2717  0.0056  0.0896  0.2257 0 
 41.6785 -0.6603 -0.0086  0.3254  0.4974  0.0353  0.2686  0.1710 -0.0003  0.9068 1 
 26.6850  0.6389 -3.1012  0.3330  0.4115  0.0243  0.3051  0.3675  0.2620  0.9982 1 
 47.9225 -0.6694  1.1825  0.0057  0.6513  0.1475  0.3884  0.0266 -0.0003  0.2490 0 
 40.1343  0.6953 -1.9555  0.0000  0.1391  0.0132  0.1809  0.0900 -0.0003  0.0434 0 
 39.9939  0.7527  0.6894  0.3224  0.5239  0.0596  0.3622  0.3703  0.4478  0.9996 1 
 39.7925 -0.7637 -2.4566  0.0537  0.3557  0.1227  0.4080  0.0245  0.4601  0.6588 1 
 46.6712 -0.0255  0.7645  0.1126  0.4442  0.0305  0.3911  0.1674 -0.0003  0.7343 0 
 46.6316  0.0330 -2.3737  0.0493  0.3363  0.0438  0.3912  0.1813 -0.0003  0.4925 0 
 46.7597 -0.6115  2.5534  0.3137  0.4459  0.0388  0.6515  0.4067 -0.0003  0.9932 1 
 44.1108  0.6069 -0.5940  0.1205  0.8929  0.0251  0.3528  0.3599  0.2798  0.9520 1 
 48.9021  0.7718  1.6439  0.0155  0.4586  0.0861  0.5581  0.0775 -0.0003  0.2559 0 
 41.0864 -0.7728 -1.5367  0.0404  0.2373  0.0605  0.3146  0.0836 -0.0003  0.2531 0 
 45.6764  0.0761  0.6966  0.0276  0.1304  0.0261  0.3496  0.1075 -0.0003  0.0921 0 
 30.8049 -0.0559 -2.4556  0.0393  0.1448  0.0230  0.1949  0.0745 -0.0003  0.0759 0 
 50.4280  0.7133 -1.4237  0.1761  0.7121  0.0682  0.2982  0.2084 -0.0003  0.9598 1 
 39.9939 -0.7227  1.7452  0.2830  0.6327  0.0434  0.4075  0.3249  0.3200  0.9983 1 
 57.9629 -0.6611  1.0821  0.0297  0.1344  0.2567  0.2879  0.0031 -0.0003  0.1361 0 
 55.1247  0.6510 -1.9736  0.0269  0.3205  0.0290  0.2499  0.0168 -0.0003  0.1324 0 
 32.4102 -0.7535  2.5904  0.1463  0.2333  0.0400  0.1440  0.1774  0.2143  0.8942 1 
 31.4000  0.7297 -0.4415  0.2127  0.3964  0.0528  0.3876  0.1641  0.4112  0.9980 1 
 54.4228  0.4805  1.2912  0.0690  0.4874  0.0878  0.3761  0.0052 -0.0003  0.3710 1 
 45.6519 -0.4974 -1.8749  0.0044  0.2182  0.0420  0.4370  0.0346 -0.0003  0.1004 1 
 45.8534  0.7838  1.7935  0.1160  0.4575  0.0743  0.4802  0.2969  0.2731  0.9584 1 
 34.5678 -0.7743 -1.3830  0.2164  0.7451  0.0226  0.3771  0.1680 -0.0003  0.8726 1 
 54.2397  0.2168  0.9455  0.0343  0.5413  0.2240  0.5855  0.0134 -0.0003  0.2940 0 
 48.4901 -0.1733 -2.1795  0.0327  0.6634  0.0242  0.4733  0.0201 -0.0003  0.2799 0 
 43.3997 -0.6920 -2.2745  0.0096  0.2795  0.0712  0.4872  0.0672 -0.0003  0.1789 0 
 42.5483  0.6814  0.9138  0.0568  0.2205  0.0745  0.3562  0.0651 -0.0003  0.2971 0 
 51.6243 -0.2631  1.7632  0.0642  0.4553  0.0829  0.2964  0.0366 -0.0003  0.4341 0 
 44.3946  0.2416 -1.3921  0.0037  0.3469  0.0166  0.3082  0.0274  0.0982  0.1823 0 
 46.6957  0.3890  2.9074  0.0321  0.3250  0.0446  0.2173  0.0092 -0.0003  0.2306 0 
 46.0670 -0.4191 -0.2056  0.0388  0.0498  0.4236  0.3052  0.0170 -0.0003  0.0730 0 
 45.4536  0.4358 -2.0316  0.0298  0.3391  0.1139  0.5688  0.0777 -0.0003  0.3171 0 
 36.2005 -0.4759  1.0562  0.0112  0.6600  0.0820  0.4653  0.0107  0.4555  0.9066 0 
 48.6702  0.6914 -0.8296  0.0672  0.4649  0.1556  0.3869  0.0855 -0.0003  0.4140 1 
 41.8463 -0.6716  2.3085  0.1291  0.4544  0.1219  0.6261  0.1881 -0.0003  0.8862 1 
 43.3204 -0.4926  0.6806  0.0885  0.2588  0.1005  0.6204  0.0414 -0.0003  0.4778 1 
 38.6206  0.5404 -2.4942  0.2967  0.1583  0.0380  0.2285  0.1800 -0.0003  0.8470 1 
 39.6185 -0.0955  1.2332  0.0071  0.7672  0.0132  0.4085  0.1575  0.0902  0.3636 0 
 37.1038  0.1215 -1.9046  0.0471  0.1209  0.1048  0.3697  0.1130  0.2272  0.4399 0 
 46.3966 -0.3505  2.1245  0.1880  0.2368  0.0332  0.5658  0.1242 -0.0003  0.7998 0 
 44.4648  0.3205 -0.9888  0.0000  0.2468  0.0182  0.1760  0.1511 -0.0003  0.1257 0 
 46.9398  0.6063  1.1713  0.0188  0.1108  0.1284  0.2603  0.0134 -0.0003  0.0745 0 
 43.7873 -0.5833 -1.9447  0.0004  0.1805  0.0597  0.3535  0.0281 -0.0003  0.0867 0 
 45.6794  0.7558 -0.8809  0.0662  0.5209  0.0182  0.2622  0.0715  0.0861  0.4390 0 
 42.4109 -0.7515  2.2289  0.0604  0.5551  0.0224  0.2674  0.0848 -0.0003  0.2765 0 
 56.4767  0.6412 -2.0188  0.0990  0.7838  0.0390  0.2898  0.0665 -0.0003  0.6917 0 
 50.6203 -0.6493  1.1077  0.1282  0.6491  0.1008  0.7660  0.1502  0.0885  0.9207 0 
 37.7569 -0.2220 -3.0887  0.0093  0.2445  0.0251  0.4139  0.1514 -0.0003  0.1445 0 
 36.3500  0.2273  0.0536  0.0131  0.2048  0.0389  0.5112  0.0320 -0.0003  0.1360 0 
 51.3252  0.3180  0.3277  0.0174  0.2188  0.0070  0.2968  0.1807 -0.0003  0.1176 0 
 49.9306 -0.2959 -2.8037  0.0439  0.3076  0.0436  0.3416  0.0507 -0.0003  0.2423 0 
 47.2786  0.6811 -1.8913  0.0041  0.7091  0.0293  0.3465  0.0311 -0.0003  0.1455 0 
 44.3549 -0.6836  1.2669  0.0047  0.0544  0.0672  0.1321  0.0034 -0.0003  0.0981 0 
 51.7830  0.6359  0.5046  0.0016  0.5554  0.0446  0.2115  0.0390 -0.0003  0.2083 0 
 51.2795 -0.6420 -2.6314  0.0175  0.3072  0.0872  0.3817  0.0184 -0.0003  0.1798 0 
 48.6152  0.5845 -0.2920  0.0422  0.4174  0.0460  0.6450  0.1574  0.2047  0.7677 0 
 41.0925 -0.5557  2.8283  0.0284  0.2991  0.0824  0.4045  0.1113  0.2018  0.5384 0 
 44.5350 -0.2886  0.2459  0.0037  0.2993  0.0162  0.4839  0.1592  0.0629  0.2809 0 
 44.5228  0.2821 -2.8948  0.0592  0.3918  0.0271  0.3079  0.1179 -0.0003  0.3284 0 
 47.3457 -0.0714  2.8444  0.5279  0.2395  0.0427  0.5628  0.4903 -0.0003  0.9961 1 
 38.2513  0.0807 -0.3257  0.4156  0.3769  0.0603  0.5499  0.5493  0.5142  0.9999 1 
 36.4874 -0.7222 -1.1175  0.0042  0.1991  0.0707  0.2786  0.0207 -0.0003  0.1098 0 
 28.6595  0.7372  2.0105  0.0256  0.6391  0.0280  0.1991  0.0041 -0.0003  0.2280 0 
 48.6976 -0.0829  1.7327  0.0871  0.3664  0.0145  0.3438  0.0726 -0.0003  0.2806 0 
 45.6733  0.1108 -1.3975  0.0154  0.2707  0.0480  0.4370  0.0799 -0.0003  0.1763 0 
 47.5532 -0.6607  1.9762  0.0043  0.5217  0.0141  0.2595  0.0092 -0.0003  0.0992 0 
 46.4637  0.6709 -1.1630  0.0299  0.2289  0.0287  0.3480  0.0228 -0.0003  0.1080 0 
 43.4943 -0.1438  0.9506  0.0134  0.6105  0.0179  0.3541  0.0908  0.0569  0.2257 0 
 37.2076  0.1428 -2.1617  0.0443  0.5458  0.0606  0.3232  0.0399 -0.0003  0.3786 0 
 45.3956 -0.6167  0.9926  0.0108  0.2133  0.1102  0.3064  0.0164 -0.0003  0.1285 0 
 40.9766  0.5613 -2.1922  0.0316  0.4178  0.0546  0.5397  0.1417 -0.0003  0.4096 0 
 44.8218  0.7800  0.7865  0.0085  0.6089  0.0439  0.3513  0.0546  0.0528  0.2925 0 
 28.5100 -0.7736 -2.3294  0.1107  0.7583  0.0085  0.1496  0.0952 -0.0003  0.4469 0 
 51.2245 -0.2084 -2.9104  0.0000  0.3056  0.0041  0.0849  0.0512 -0.0003  0.0952 0 
 48.2918  0.1892  0.2253  0.0009  0.3304  0.0152  0.3015  0.0089 -0.0003  0.0619 0 
 46.1860  0.1321  3.0036  0.0097  0.5271  0.0451  0.3922  0.0114 -0.0003  0.1902 0 
 40.2716 -0.1493 -0.1319  0.1199  0.6963  0.0220  0.1808  0.0319 -0.0003  0.5107 0 
 40.5035  0.0126  0.3046  0.0855  0.1579  0.0802  0.1805  0.0335 -0.0003  0.2978 0 
 37.1923 -0.0315 -2.8293  0.0714  0.7116  0.0417  0.4157  0.1763 -0.0003  0.7748 0 
 48.9265 -0.0296  2.4408  0.1411  0.3489  0.0729  0.2146  0.2228 -0.0003  0.8686 1 
 48.0812  0.0358 -0.7645  0.0457  0.3177  0.0580  0.5174  0.1047  0.3200  0.7385 1 
 48.8808  0.0423 -1.1861  0.0026  0.3412  0.0273  0.3435  0.0032 -0.0003  0.0984 0 
 47.1351 -0.0565  1.9637  0.0120  0.3002  0.0209  0.2601  0.0158 -0.0003  0.0765 0 
 48.1239  0.7208  1.7397  0.0078  0.1829  0.0358  0.3449  0.1779 -0.0003  0.1540 0 
 44.6967 -0.7062 -1.4164  0.0380  0.5664  0.0482  0.2637  0.0317 -0.0003  0.3527 0 
 46.8025 -0.4176  2.8012  0.0027  0.5086  0.1182  0.5211  0.0512 -0.0003  0.2131 0 
 45.6580  0.4091 -0.3726  0.0308  0.0379  0.0216  0.1748  0.0694 -0.0003  0.0511 0 
 48.3741  0.1229 -1.7371  0.0386  0.5382  0.0148  0.3444  0.0668 -0.0003  0.1685 0 
 46.6163 -0.1231  1.4112  0.0228  0.1443  0.0534  0.3043  0.0200 -0.0003  0.0959 0 
 48.8563 -0.3147  2.0657  0.0771  0.1717  0.1154  0.3436  0.0140 -0.0003  0.2666 0 
 46.1311  0.2936 -1.0590  0.0624  0.2467  0.0344  0.0872  0.1796 -0.0003  0.3898 0 
 37.7173  0.6380  0.3671  0.0071  0.5135  0.0741  0.5520  0.0435 -0.0003  0.2015 0 
 36.0754 -0.6196 -2.6728  0.0208  0.2485  0.1652  0.3726  0.0400 -0.0003  0.1944 0 
 48.6580 -0.7454 -1.7323  0.0566  0.8054  0.0406  0.3439  0.0405 -0.0003  0.4851 0 
 35.6847  0.7620  1.4383  0.0292  0.2085  0.0385  0.6073  0.0655  0.0280  0.2913 0 
 50.1900 -0.0153  0.1311  0.0325  0.5487  0.1364  0.3838  0.0316 -0.0003  0.2777 0 
 39.7040 -0.0160 -3.0532  0.0503  0.0619  0.0104  0.1815  0.0247 -0.0003  0.0397 0 
 40.5402 -0.0866 -0.6337  0.0739  0.3571  0.1116  0.6766  0.0829 -0.0003  0.5451 0 
 37.0672  0.0860  2.4734  0.0358  0.6868  0.0107  0.2774  0.1614 -0.0003  0.2472 0 
 45.4261 -0.2229 -2.1825  0.0891  0.1007  0.0149  0.3501  0.0786 -0.0003  0.1342 0 
 43.8422  0.2271  0.9740  0.0616  0.6626  0.0091  0.2650  0.0825 -0.0003  0.2445 0 
 44.7974 -0.2658  1.7399  0.4127  0.6196  0.1679  0.5710  0.2321 -0.0003  0.9935 1 
 37.1618  0.2349 -1.3704  0.4755  0.3309  0.0842  0.3696  0.1954  0.3643  0.9972 1 
 47.0649  0.6297 -3.0613  0.0371  0.1369  0.0322  0.3902  0.0611 -0.0003  0.1101 0 
 45.3223 -0.6340  0.0738  0.0279  0.2478  0.0291  0.3065  0.0656 -0.0003  0.1082 0 
 39.5666  0.6253  0.8853  0.0390  0.6242  0.0367  0.4541  0.0980 -0.0003  0.4250 0 
 36.8475 -0.6214 -2.2429  0.0157  0.2510  0.0189  0.3704  0.0090 -0.0003  0.0770 0 
 42.1302  0.5468 -1.9812  0.6780  0.6262  0.0275  0.3125  0.5148 -0.0003  0.9979 1 
 35.5627 -0.5693  1.1851  0.2261  0.4316  0.0660  0.2806  0.0236  0.5197  0.9980 1 
 48.0140 -0.1563 -0.0549  0.0104  0.1884  0.1360  0.1725  0.0070 -0.0003  0.1426 0 
 44.1291  0.1877  3.0940  0.0301  0.1456  0.0209  0.1323  0.0054 -0.0003  0.0744 0 
 48.2734 -0.7212  1.3984  0.0316  0.2174  0.0544  0.1723  0.0418 -0.0003  0.1874 0 
 45.9754  0.7257 -1.7592  0.0383  0.4721  0.0221  0.2181  0.0358 -0.0003  0.1579 0 
 45.8778 -0.7331  2.4827  0.0063  0.3634  0.0097  0.2619  0.0114 -0.0003  0.0661 0 
 30.9087  0.7259 -0.6667  0.0252  0.1273  0.0396  0.4867  0.0728 -0.0003  0.1372 0 
 51.5114 -0.4611  2.6419  0.0683  0.6459  0.0681  0.2965  0.0974 -0.0003  0.6568 0 
 42.2675  0.4578 -0.5255  0.0224  0.3352  0.1741  0.6691  0.1367 -0.0003  0.4293 0 
 47.4678 -0.3465  0.8566  0.4495  0.5839  0.0296  0.5624  0.7160 -0.0003  0.9983 1 
 32.6360  0.3043 -2.2313  0.0336  0.2403  0.0579  0.4791  0.1689  0.2929  0.7220 1 
 46.1097  0.7247 -0.3956  0.0016  0.1786  0.1004  0.6103  0.1249 -0.0003  0.1957 0 
 43.1098 -0.7428  2.7408  0.0389  0.5433  0.0176  0.2662  0.1192 -0.0003  0.2055 0 
 45.0446  0.7851 -2.1605  0.1493  0.1763  0.0918  0.3070  0.0673 -0.0003  0.5093 1 
 42.5940 -0.7804  1.0373  0.1635  0.4345  0.0482  0.4006  0.1871 -0.0003  0.8839 1 
 44.9622 -0.0145  0.0012  0.0478  0.6621  0.1478  0.3072  0.0096 -0.0003  0.3022 0 
 37.3846  0.0030 -3.1136  0.0043  0.4876  0.0272  0.3228  0.0307 -0.0003  0.1118 0 
 47.4250 -0.5942  0.8163  0.0021  0.3536  0.0617  0.3462  0.0197 -0.0003  0.1535 0 
 41.4038  0.5835 -2.3642  0.0076  0.5205  0.0772  0.4037  0.1331 -0.0003  0.2963 0 
 48.1910 -0.7167 -1.6423  0.1619  0.3130  0.1392  0.3879  0.1697 -0.0003  0.8667 1 
 43.3600  0.7080  1.5423  0.1288  0.7581  0.0538  0.3987  0.2230 -0.0003  0.9348 1 
 45.1179  0.7841  2.9292  0.0668  0.3225  0.0207  0.2630  0.0433  0.1153  0.4756 0 
 37.2473 -0.7998 -0.2241  0.0090  0.5185  0.0401  0.3231  0.0086 -0.0003  0.1924 0 
 54.9081  0.1581  2.9391  0.0267  0.4043  0.0799  0.3752  0.0146 -0.0003  0.2274 0 
 51.7342 -0.1363 -0.1970  0.0340  0.4473  0.0339  0.3386  0.1158 -0.0003  0.2983 0 
 52.3354  0.0430 -3.1214  0.0936  0.3127  0.1176  0.2954  0.0306 -0.0003  0.4544 0 
 46.5522 -0.0644  0.0547  0.0021  0.2402  0.0052  0.1740  0.0583 -0.0003  0.0497 0 
 38.6114 -0.2311 -1.0281  0.3068  0.5001  0.0494  0.4571  0.4234 -0.0003  0.9944 1 
 23.9017  0.1503  2.1039  0.1688  0.2534  0.0329  0.5788  0.2342  0.3522  0.9958 1 
 57.0809 -0.3790  1.6689  0.3196  0.3826  0.0734  0.2477  0.3906 -0.0003  0.9936 1 
 27.2496  0.3927 -1.4775  0.8988  0.2496  0.0571  0.6569  0.7868  0.4591  0.9999 1 
 54.6334 -0.3211 -0.8509  0.2273  0.0878  0.0318  0.2922  0.2424 -0.0003  0.7897 0 
 39.9542  0.2874  2.2806  0.1851  0.5955  0.0250  0.2717  0.1769  0.1890  0.8808 0 
 51.0567  0.0819  0.0102  0.0097  0.2317  0.0483  0.4246  0.0350 -0.0003  0.1219 0 
 45.5940 -0.0954 -3.1116  0.0067  0.1390  0.0171  0.2623  0.1706 -0.0003  0.0854 0 
 45.7679  0.4439  1.1582  0.0114  0.3408  0.0381  0.2184  0.0269 -0.0003  0.1389 0 
 39.8230 -0.4302 -1.9581  0.0899  0.4207  0.0492  0.4079  0.2131 -0.0003  0.7747 0 
 45.3193  0.1605 -0.5905  0.0065  0.2918  0.0464  0.1751  0.0671  0.3101  0.7152 0 
 35.4376 -0.1159  2.5794  0.0400  0.4820  0.0247  0.5149  0.1235 -0.0003  0.4242 0 
 40.0244  0.6381  0.6682  0.0888  0.0978  0.0486  0.3169  0.0092 -0.0003  0.1491 0 
 36.5423 -0.6431 -2.4439  0.3310  0.3691  0.0147  0.3249  0.3852 -0.0003  0.9829 0 
 49.9672 -0.0174 -0.8018  0.4045  0.2183  0.0741  0.5978  0.2962 -0.0003  0.9931 1 
 44.3458  0.0187  2.3605  0.1826  0.3692  0.0355  0.3963  0.2999 -0.0003  0.9293 1 
 49.7322 -0.2315 -1.1127  0.0031  0.5192  0.0299  0.2565  0.0927 -0.0003  0.1395 0 
 42.1515  0.2419  1.9855  0.0438  0.1694  0.0361  0.4017  0.0402 -0.0003  0.1477 0 
 48.4566 -0.4933  2.2031  0.0560  0.2167  0.0717  0.4304  0.0385 -0.0003  0.2789 0 
 43.3051  0.4572 -0.9278  0.0277  0.1582  0.0317  0.3102  0.0095 -0.0003  0.0811 0 
 50.8095  0.8006  0.5364  0.0174  0.4401  0.2530  0.5102  0.0231 -0.0003  0.2588 0 
 46.9368 -0.7966 -2.5920  0.0039  0.2728  0.0196  0.3471  0.0270 -0.0003  0.0575 0 
 50.6081  0.6014  1.7635  0.0000  0.3550  0.0418  0.0851  0.1282 -0.0003  0.2505 0 
 47.3365 -0.6153 -1.3352  0.0011  0.1519  0.2849  0.3463  0.0284 -0.0003  0.1363 0 
 46.9978  0.1106  0.9526  0.3441  0.6146  0.1198  0.6073  0.6297 -0.0003  0.9987 1 
 29.6635 -0.1182 -2.1564  0.2442  0.6639  0.0289  0.1478  0.2501 -0.0003  0.9220 1 
 51.2856 -0.0539  1.4483  0.0295  0.6666  0.0617  0.5089  0.0495 -0.0003  0.3034 0 
 45.3284  0.0775 -1.6815  0.0047  0.2489  0.0471  0.7006  0.0213 -0.0003  0.1925 0 
 66.1479 -0.4869 -0.4951  0.0450  0.1754  0.0891  0.5976  0.0292 -0.0003  0.2817 0 
 52.7382  0.4641  2.5717  0.0052  0.3439  0.0645  0.2948  0.1284 -0.0003  0.2539 0 
 45.0141  0.5218  2.6802  0.0063  0.1224  0.0586  0.2632  0.0853 -0.0003  0.0832 0 
 38.1048 -0.5139 -0.4394  0.0168  0.3480  0.0148  0.3670  0.0128 -0.0003  0.0892 0 
 47.5135  0.2920 -2.2695  0.1361  0.4928  0.0329  0.3028  0.1690 -0.0003  0.7694 0 
 44.9165 -0.3053  0.8497  0.0598  0.4363  0.0403  0.5706  0.0331 -0.0003  0.4300 0 
 44.3915  0.3449  1.1306  0.0375  0.3112  0.0309  0.1761  0.0349 -0.0003  0.1668 0 
 41.4618 -0.2962 -2.0093  0.0291  0.2193  0.0446  0.2690  0.0888 -0.0003  0.1598 0 
 45.5512  0.2922  0.9573  0.0360  0.6865  0.0803  0.7434  0.0484 -0.0003  0.3576 1 
 41.5320 -0.2504 -2.0923  0.4060  0.1434  0.1231  0.4033  0.1019 -0.0003  0.9258 1 
 44.1627 -0.0350  0.2710  0.0145  0.2675  0.1266  0.1322  0.0663 -0.0003  0.2990 0 
 40.2655  0.0687 -2.8581  0.0160  0.3676  0.0701  0.3615  0.0031 -0.0003  0.1966 0 
 44.6784  0.7524  0.3313  0.0843  0.6842  0.0585  0.4396  0.0219 -0.0003  0.5349 0 
 43.7720 -0.7094 -2.8555  0.0383  0.1827  0.0568  0.3977  0.0369 -0.0003  0.1725 0 
 49.4881  0.6167 -0.7677  0.0717  0.3128  0.0756  0.6848  0.2465 -0.0003  0.7886 0 
 43.2227 -0.6121  2.4194  0.0029  0.3304  0.0478  0.3547  0.0226 -0.0003  0.1287 0 
 51.2703  0.3743  0.2280  0.0044  0.4209  0.1046  0.2969  0.0601 -0.0003  0.2088 0 
 45.1179 -0.3714 -2.9329  0.0229  0.4302  0.0173  0.4384  0.0247 -0.0003  0.1515 0 
 44.0436 -0.5846  0.7852  0.0615  0.3315  0.0629  0.1765  0.0184 -0.0003  0.3988 0 
 33.1884  0.5735 -2.4029  0.0190  0.5319  0.0111  0.0954  0.0090 -0.0003  0.1417 0 
 42.2034 -0.7653 -2.4348  0.0030  0.4653  0.0608  0.6247  0.0215 -0.0003  0.1846 0 
 37.1466  0.7783  0.7271  0.1256  0.3029  0.1385  0.4620  0.2032  0.6557  0.9767 0 
 45.3742  0.4582  2.3092  0.2382  0.5470  0.0197  0.2189  0.2940 -0.0003  0.9130 0 
 43.7842 -0.4862 -0.8423  0.0533  0.4773  0.0602  0.6628  0.0218 -0.0003  0.3907 0 
 46.6438  0.5690 -1.9654  0.2224  0.4116  0.0367  0.5215  0.4141 -0.0003  0.9877 1 
 35.3063 -0.5443  1.1774  0.5050  0.4340  0.0317  0.3280  0.1885 -0.0003  0.9784 1 
 50.7301  0.4927  0.3825  0.0825  0.7007  0.0567  0.5104  0.0694  0.0375  0.6463 0 
 43.5950 -0.5061 -2.7512  0.0042  0.2582  0.0196  0.4866  0.0829 -0.0003  0.1001 0 
 50.6752 -0.4505 -0.2813  0.1213  0.3692  0.0883  0.2553  0.1268 -0.0003  0.7543 1 
 43.7812  0.4399  2.8317  0.1790  0.2980  0.0354  0.3977  0.3041 -0.0003  0.9146 1 
 45.9998  0.4215 -0.9585  0.3849  0.6698  0.0265  0.2617  0.4899  0.1516  0.9970 1 
 45.5055 -0.4488  2.1585  0.0000  0.2212  0.0699  0.2187  0.1274 -0.0003  0.1957 1 
 49.8787 -0.4314 -0.5853  0.0131  0.4663  0.0865  0.4271  0.0048 -0.0003  0.1876 0 
 45.7710  0.4393  2.5626  0.0167  0.4322  0.0335  0.4804  0.0637 -0.0003  0.2112 0 
 47.4952  0.5129 -1.3689  0.0190  0.2978  0.1028  0.5191  0.0074 -0.0003  0.1973 0 
 44.0894 -0.5033  1.7625  0.0185  0.2192  0.0159  0.3528  0.0153 -0.0003  0.0623 0 
 39.6460  0.1629  0.9511  0.1989  0.1413  0.0405  0.4538  0.2252 -0.0003  0.8522 1 
 37.0275 -0.1110 -2.1793  0.4578  0.4448  0.0365  0.5086  0.4290 -0.0003  0.9946 1 
 47.2938 -0.1151 -1.8088  0.1229  0.4304  0.0334  0.3897  0.1563 -0.0003  0.7490 1 
 44.7883  0.1236  1.3334  0.0764  0.7267  0.0452  0.4832  0.2886  0.2921  0.9346 1 
 42.6917  0.1635  2.1985  0.1849  0.5117  0.0440  0.1334 -0.0200 -0.0003  0.7755 1 
 42.4994 -0.1614 -0.9530  0.1758  0.1968  0.0567  0.4454  0.2537  0.2974  0.9759 1 
 49.8146 -0.2612  2.7880  0.0581  0.7528  0.0840  0.4700  0.0124 -0.0003  0.3791 1 
 46.0609  0.2753 -0.3660  0.1853  0.5547  0.0372  0.6104  0.2095 -0.0003  0.9432 1 
 46.6438 -0.6867  3.1192  0.0396  0.4461  0.0533  0.4780  0.1332 -0.0003  0.4487 0 
 45.1453  0.6893 -0.0458  0.0320  0.1389  0.0149  0.1753  0.0954 -0.0003  0.0689 0 
 44.3000 -0.7131  0.2461  0.0075  0.4128  0.0505  0.2643  0.0775 -0.0003  0.1949 0 
 43.8758  0.7255 -2.8893  0.0004  0.1993  0.1146  0.6183  0.0887 -0.0003  0.1857 0 
 56.3058  0.4879 -0.4705  0.0622  0.4648  0.0836  0.4143  0.0959 -0.0003  0.4724 0 
 39.7467 -0.4637  2.6910  0.0035  0.3848  0.0170  0.2721  0.0307  0.0893  0.1659 0 
 51.2062  0.0472 -0.0407  0.0159  0.1908  0.0750  0.3819  0.0366 -0.0003  0.1277 0 
 44.6693 -0.0513  3.1196  0.0215  0.3286  0.0371  0.3517  0.0457 -0.0003  0.1503 0 
 50.0282 -0.7339  1.8257  0.0075  0.4166  0.0652  0.2561  0.0078 -0.0003  0.2269 0 
 41.3092  0.7294 -1.3017  0.0045  0.6445  0.0392  0.4488  0.0182 -0.0003  0.1743 0 
 36.4691  0.3122 -2.2539  0.4573  0.3896  0.0654  0.3715  0.4692 -0.0003  0.9973 1 
 30.5241 -0.3444  0.8439  0.1773  0.4159  0.0757  0.3420  0.3874  0.5353  0.9990 1 
 46.9520 -0.6446 -0.3818  0.0116  0.2358  0.0249  0.2603  0.0598 -0.0003  0.0639 0 
 26.3554  0.6498  2.7708  0.0049  0.0499  0.0104  0.1021  0.0180 -0.0003  0.0466 0 
 48.9845  0.6897 -0.2794  0.0481  0.1126  0.0585  0.4721  0.2189 -0.0003  0.3261 0 
 42.3102 -0.6829  2.8944  0.1429  0.1596  0.0276  0.1784  0.1756 -0.0003  0.5178 0 
 46.0761 -0.4628  0.4202  0.0108  0.2538  0.0421  0.5232  0.0535 -0.0003  0.1628 0 
 38.3185  0.4395 -2.7099  0.0788  0.6568  0.0087  0.2748  0.0937 -0.0003  0.3174 0 
 52.0027 -0.1568 -0.4387  0.0733  0.2768  0.1315  0.3804  0.0959 -0.0003  0.4492 0 
 40.7660  0.1617  2.8143  0.0517  0.0602  0.0965  0.3603  0.0771 -0.0003  0.1075 0 
 43.1037 -0.6573 -0.1022  0.0114  0.6476  0.0602  0.3994  0.0493 -0.0003  0.2291 0 
 42.7161  0.6520  3.0115  0.0196  0.1304  0.0574  0.0889  0.0036 -0.0003  0.1371 0 
 47.7516 -0.4788  0.8640  0.0156  0.4767  0.0137  0.3024  0.0886 -0.0003  0.1079 0 
 46.0639  0.4825 -2.1973  0.1026  0.5474  0.0795  0.3488  0.1822 -0.0003  0.8430 0 
 44.0040  0.0727  0.6551  0.1055  0.1334  0.1541  0.3972  0.3132 -0.0003  0.8538 0 
 43.5431 -0.0675 -2.4796  0.0450  0.5364  0.1012  0.5311  0.0491 -0.0003  0.3213 0 
 48.1910  0.7763  1.3350  0.0111  0.2434  0.0508  0.3447  0.0338 -0.0003  0.1180 0 
 36.6705 -0.7782 -1.7792  0.0937  0.3655  0.0583  0.4636  0.0464 -0.0003  0.4979 0 
 50.6600 -0.3190  2.0583  0.2582  0.3302  0.0201  0.2553  0.2911 -0.0003  0.8909 1 
 41.3092  0.3272 -1.0372  0.1990  0.1848  0.1528  0.5834  0.4003 -0.0003  0.9886 1 
 46.2287 -0.7948 -1.5280  0.0497  0.2333  0.1814  0.4792  0.0295 -0.0003  0.2878 0 
 43.7903  0.7957  1.6081  0.0129  0.2751  0.0107  0.3535  0.0103 -0.0003  0.0596 0 
 45.7038  0.2877 -2.3623  0.0245  0.2858  0.0336  0.3932  0.0136 -0.0003  0.1499 0 
 45.2033 -0.2761  0.7893  0.0210  0.2682  0.0179  0.2191  0.0095 -0.0003  0.0815 0 
 48.8869  0.6101  2.2489  0.0659  0.2567  0.2223  0.6011  0.0596 -0.0003  0.4176 0 
 47.5959 -0.6063 -0.8823  0.0436  0.2843  0.0231  0.1729  0.0213 -0.0003  0.1409 0 
 45.6764 -0.7498  0.9628  0.0159  0.4829  0.1291  0.4807  0.1183 -0.0003  0.3020 0 
 45.2186  0.7590 -2.2051  0.1374  0.1338  0.0419  0.2191  0.1547 -0.0003  0.5297 0 
 42.7008 -0.7657 -2.9001  0.1397  0.3809  0.0440  0.3114  0.2014  0.4188  0.9969 1 
 37.9492  0.7693  0.2626  0.1807  0.6693  0.0249  0.2756  0.1457 -0.0003  0.7860 1 
 41.7182 -0.4078 -0.4595  0.1368  0.3279  0.0252  0.4028  0.0777  0.1181  0.7544 1 
 27.6829  0.3478  2.5738  0.4236  0.6134  0.1632  0.3520  0.3328  0.5880  0.9997 1 
 42.4506  0.3389 -2.0297  0.0022  0.5477  0.0373  0.3564  0.0258 -0.0003  0.1503 0 
 41.6602 -0.3371  1.1124  0.1097  0.3601  0.0311  0.3134  0.1263 -0.0003  0.5779 0 
 45.9022 -0.6331  1.6933  0.0573  0.1235  0.0238  0.3491  0.0363 -0.0003  0.0965 0 
 44.3305  0.6478 -1.4441  0.1412  0.6652  0.0162  0.2643  0.1393 -0.0003  0.6376 0 
 49.2714  0.6036 -1.7930  0.0006  0.3733  0.0605  0.5571  0.0394 -0.0003  0.1651 0 
 44.7608 -0.5938  1.3577  0.0380  0.0939  0.0170  0.2196  0.0316 -0.0003  0.0441 0 
 46.0548 -0.6324 -1.9811  0.0172  0.2759  0.0499  0.3488  0.0276 -0.0003  0.1476 0 
 39.6674  0.6329  1.2021  0.0445  0.1757  0.0081  0.3630  0.1871 -0.0003  0.1808 0 
 50.1045 -0.0326 -1.6492  0.4730  0.3135  0.0299  0.1707  0.3323  0.2247  0.9956 1 
 40.1862  0.0533  1.5083  0.3285  0.6583  0.0568  0.4521  0.1052  0.3669  0.9951 1 
 45.0446 -0.6821  0.2593  0.0600  0.0916  0.0555  0.4824  0.1935 -0.0003  0.3156 0 
 37.6501  0.6925 -2.8814  0.0910  0.3812  0.0510  0.2762  0.0510 -0.0003  0.5086 0 
 47.9530 -0.4080  0.0179  0.0445  0.4562  0.0234  0.3020  0.0475 -0.0003  0.1888 0 
 44.6448  0.4238 -3.1272  0.0189  0.1428  0.0431  0.3077  0.0539 -0.0003  0.0784 0 
 46.8238 -0.2927  2.1691  0.2243  0.5979  0.0659  0.3474  0.1835 -0.0003  0.9539 1 
 42.8840  0.2769 -0.9657  0.1801  0.1498  0.0685  0.4443  0.1208  0.4365  0.9856 1 
 38.7335 -0.5975 -3.1410  0.0011  0.2408  0.0539  0.3197  0.0334 -0.0003  0.0990 0 
 32.5078  0.6304 -0.0563  0.0045  0.3063  0.1410  0.5756  0.0196 -0.0003  0.1920 0 
 45.3773 -0.3937  0.7730  0.1007  0.1396  0.0704  0.7004  0.1198  0.2325  0.8358 1 
 38.1476  0.3725 -2.3368  0.1724  0.2616  0.0586  0.3210  0.1966 -0.0003  0.8528 1 
 53.4493  0.7928  2.2462  0.0027  0.3577  0.1931  0.4197  0.0279 -0.0003  0.2046 0 
 43.5065 -0.7840 -0.8645  0.1099  0.2276  0.1245  0.2213  0.1137 -0.0003  0.6440 0 
 53.8674 -0.4798  2.4863  0.0790  0.3347  0.0801  0.2514  0.1439 -0.0003  0.6585 0 
 46.5095  0.4520 -0.5933  0.0458  0.1047  0.0143  0.1740  0.0794 -0.0003  0.0588 0 
 46.5705  0.4438 -2.1675  0.0565  0.2640  0.0535  0.3913  0.0195 -0.0003  0.2777 0 
 45.2125 -0.4569  0.9876  0.0117  0.3955  0.0501  0.5696  0.0488 -0.0003  0.2152 0 
 50.1259  0.0369  0.6792  0.4416  0.4627  0.0726  0.5546  0.4206 -0.0003  0.9956 1 
 46.6957 -0.0472 -2.4456  0.3391  0.4669  0.0639  0.5648  0.3679  0.3832  0.9998 1 
 55.6008 -0.6445  0.7225  0.0031  0.0928  0.0500  0.3325  0.1514 -0.0003  0.1005 0 
 44.0070  0.6478 -2.4082  0.0098  0.6555  0.0358  0.3089  0.0902 -0.0003  0.2057 0 
 46.7140 -0.0294  3.0796  0.1193  0.4338  0.0778  0.3475  0.1182 -0.0003  0.7326 1 
 29.7368 -0.0258 -0.0534  0.3710  0.4636  0.0309  0.5415  0.1331  0.2000  0.9848 1 
 47.6081 -0.4378 -2.7342  0.1147  0.2765  0.0565  0.5620  0.0500 -0.0003  0.5425 0 
 44.7333  0.4332  0.3978  0.0155  0.2983  0.0284  0.3515  0.0087 -0.0003  0.1105 0 
 46.0517  0.5656 -2.0165  0.0263  0.0634  0.0445  0.3488  0.0641 -0.0003  0.0776 0 
 41.3916 -0.5729  1.1149  0.0090  0.2293  0.0318  0.1794  0.0185 -0.0003  0.0873 0 
 52.5643  0.7257 -2.1113  0.2918  0.7459  0.0674  0.3372  0.1711 -0.0003  0.9624 1 
 46.7903 -0.7208  1.0478  0.0757  0.2687  0.0377  0.2171  0.0982 -0.0003  0.3448 1 
 43.4516 -0.4337 -0.9225  0.0307  0.6271  0.0629  0.7084  0.0394 -0.0003  0.3204 0 
 40.0305  0.3720  2.2393  0.0387  0.3451  0.0516  0.6336  0.1807 -0.0003  0.4984 0 
 44.0986 -0.4030 -0.3670  0.0252  0.3388  0.0769  0.3528  0.0631 -0.0003  0.2454 0 
 42.7741  0.3922  2.8025  0.0750  0.4990  0.0587  0.4446  0.1129 -0.0003  0.6000 0 
 42.7375 -0.7881 -1.2946  0.0541  0.2393  0.0849  0.2668  0.0367 -0.0003  0.2857 0 
 35.8801  0.7562  1.8989  0.0692  0.1274  0.1678  0.1866  0.0016 -0.0003  0.1718 0 
 48.5359 -0.5143 -1.2851  0.0350  0.3237  0.0186  0.2151  0.1389 -0.0003  0.1813 0 
 47.9164  0.5249  1.8343  0.1057  0.2959  0.0374  0.3884  0.2116 -0.0003  0.7112 0 
 55.7717  0.1133 -1.9225  0.0356  0.2837  0.0708  0.5399  0.0218 -0.0003  0.2658 0 
 44.7486 -0.1230  1.1849  0.0217  0.1612  0.0498  0.2636  0.0103 -0.0003  0.1004 0 
 45.7252  0.0925  0.8865  0.0032  0.4246  0.0127  0.5679  0.0383 -0.0003  0.1374 0 
 44.0711 -0.0669 -2.2608  0.0099  0.3649  0.0090  0.1765  0.0078 -0.0003  0.0894 0 
 40.5646 -0.2928  1.9990  0.4600  0.4579  0.0266  0.3608  0.3729  0.2433  0.9983 1 
 36.6064  0.3039 -1.1376  0.0372  0.4294  0.0372  0.2783  0.0334 -0.0003  0.2344 1 
 53.0739  0.2563  2.2881  0.0051  0.3231  0.0189  0.1682  0.0235 -0.0003  0.0891 0 
 43.6805 -0.2697 -0.8767  0.0983  0.1922  0.0325  0.2211  0.1584 -0.0003  0.4346 0 
 39.9603 -0.4731  1.4493  0.5791  0.6453  0.0520  0.3623  0.3936 -0.0003  0.9969 1 
 38.9410  0.4730 -1.6502  0.3336  0.5271  0.0415  0.4560  0.4202 -0.0003  0.9938 1 
 53.9681 -0.0043 -2.6894  0.0773  0.3021  0.0921  0.2931  0.0473 -0.0003  0.4314 1 
 50.3700  0.0242  0.4128  0.1240  0.4281  0.1792  0.3835  0.0949 -0.0003  0.6110 1 
 49.7932  0.4837  2.0067  0.0725  0.3789  0.0301  0.4701  0.0693  0.1388  0.6450 0 
 49.0730 -0.4698 -1.0894  0.0103  0.6894  0.0598  0.6434  0.1555 -0.0003  0.3879 0 
 50.3761 -0.6021  1.6828  0.0035  0.2325  0.0816  0.2130  0.0189 -0.0003  0.1548 0 
 37.3205  0.6054 -1.4596  0.0372  0.4741  0.0587  0.2307  0.0800  0.3955  0.9221 0 
 45.1453  0.0372  1.4106  0.0533  0.3017  0.0943  0.3507  0.1076 -0.0003  0.4285 0 
 43.4363 -0.0488 -1.7171  0.0863  0.0653  0.0213  0.2214  0.0639 -0.0003  0.0708 0 
 50.7332 -0.1326  2.1492  0.0365  0.2586  0.0459  0.1701  0.0040 -0.0003  0.2292 0 
 37.8088  0.1326 -1.0028  0.0219  0.0560  0.0830  0.2298  0.0119 -0.0003  0.0798 0 
 52.6833 -0.0149  2.0928  0.0054  0.2686  0.0671  0.2527  0.1776 -0.0003  0.3238 0 
 48.4169 -0.0136 -1.0575  0.0016  0.1226  0.0395  0.3443  0.0673 -0.0003  0.0591 0 
 48.9754  0.0874  0.8189  0.0661  0.2696  0.0731  0.3004  0.0877 -0.0003  0.4231 0 
 48.2704 -0.0828 -2.3431  0.0338  0.4602  0.0306  0.3877  0.0085 -0.0003  0.2418 0 
 42.3529  0.0348  2.2276  0.1563  0.5381  0.0260  0.7133  0.2814 -0.0003  0.9528 1 
 40.9796 -0.0390 -0.8946  0.1417  0.3169  0.1153  0.4048  0.1976  0.3114  0.9496 1 
 46.0121  0.1081 -2.0720  0.0214  0.3130  0.1028  0.2181  0.0014 -0.0003  0.2275 0 
 44.7059 -0.1337  1.0795  0.0308  0.5713  0.1597  0.6592  0.0213 -0.0003  0.2927 0 
 50.4891 -0.5284 -1.0848  0.0024  0.1734  0.1342  0.5110  0.0140 -0.0003  0.1213 0 
 46.6133  0.5512  2.0187  0.0049  0.0498  0.1292  0.3043  0.1508 -0.0003  0.0767 0 
 46.8421  0.4814 -1.6450  0.0246  0.4139  0.0108  0.3039  0.0389 -0.0003  0.0903 0 
 42.2827 -0.4683  1.4906  0.0075  0.3727  0.0269  0.2230  0.0114 -0.0003  0.1163 0 
 42.9175  0.1315 -2.0578  0.2443  0.3370  0.0533  0.4442  0.3113 -0.0003  0.9771 1 
 42.4537 -0.1214  1.0909  0.2436  0.3632  0.0196  0.3564  0.3326 -0.0003  0.9391 1 
 58.4360  0.5841  0.2968  0.0164  0.3834  0.0341  0.1642  0.0182 -0.0003  0.1838 0 
 50.9407 -0.5902 -2.8526  0.0203  0.2886  0.0165  0.1699  0.0245 -0.0003  0.0902 0 
 42.1759 -0.2631  2.7804  0.3312  0.5592  0.0739  0.5355  0.3872  0.2203  0.9984 1 
 40.7446  0.2659 -0.3572  0.0838  0.4535  0.0444  0.3153  0.0970 -0.0003  0.5812 1 
 49.2653 -0.6930  2.4585  0.0037  0.2086  0.0640  0.3000  0.0663 -0.0003  0.1079 0 
 44.3061  0.6707 -0.6863  0.0000  0.0514  0.0014  0.0881  0.1194 -0.0003  0.0520 0 
 57.5784 -0.4364  1.9134  0.0181  0.2068  0.0495  0.2472  0.0319 -0.0003  0.1111 0 
 51.9844  0.4096 -1.1442  0.0255  0.5775  0.1443  0.4227  0.1142 -0.0003  0.3504 0 
 54.6181  0.0004  2.6974  0.0300  0.1493  0.0962  0.4174  0.0349 -0.0003  0.1378 0 
 48.5359  0.0082 -0.5262  0.0093  0.5030  0.0526  0.4302  0.1159 -0.0003  0.2644 0 
 45.9358  0.6161  3.1391  0.0080  0.3141  0.0357  0.4363  0.0048 -0.0003  0.1374 0 
 45.1392 -0.5932  0.0333  0.0755  0.3195  0.0748  0.2630  0.0594 -0.0003  0.4678 0 
 51.4778  0.6542  2.7335  0.0240  0.2995  0.0670  0.2119  0.0635 -0.0003  0.2631 0 
 44.4312 -0.6656 -0.4660  0.0346  0.3652  0.0513  0.4402  0.0671 -0.0003  0.2956 0 
 46.3355  0.0500 -3.0008  0.0001  0.1695  0.1262  0.4353  0.0827 -0.0003  0.1111 0 
 45.4200 -0.0836  0.0633  0.0394  0.7197  0.0846  0.6127  0.0416 -0.0003  0.3463 0 
 51.0079 -0.4874  2.6679  0.0094  0.4166  0.0214  0.3822  0.0075 -0.0003  0.1161 0 
 40.4242  0.4826 -0.4667  0.1130  0.0444  0.0184  0.2709  0.0953 -0.0003  0.0995 0 
 54.7372 -0.5596 -2.2000  0.0612  0.2928  0.1239  0.3755  0.0928 -0.0003  0.4117 0 
 46.8391  0.5359  0.9457  0.1565  0.5414  0.0229  0.3473  0.2538  0.0755  0.8698 0 
 52.4422 -0.1144 -2.4854  0.3346  0.4485  0.1045  0.2952  0.3969 -0.0003  0.9967 1 
 51.1269  0.1414  0.6824  0.4820  0.0658  0.0721  0.6367 -0.0200 -0.0003  0.9429 1 
 43.6774 -0.5201 -1.1344  0.0113  0.3418  0.1154  0.5306  0.0209 -0.0003  0.1963 0 
 40.9949  0.5281  2.0514  0.0386  0.0878  0.2978  0.4947  0.0250 -0.0003  0.1592 0 
 43.8972  0.6214 -1.6000  0.0213  0.5363  0.0281  0.3091  0.0468 -0.0003  0.1622 0 
 39.4965 -0.6094  1.5382  0.0565  0.1534  0.0241  0.1363  0.0370 -0.0003  0.1024 0 
 44.7364 -0.4658 -0.0922  0.2442  0.4067  0.0289  0.4833  0.3276 -0.0003  0.9697 1 
 36.2982  0.3449  2.8534  0.0012  0.3192  0.4692  0.5579  0.2246  0.2573  0.7941 1 
 44.0375  0.0046  0.5739  0.0920  0.2248  0.1469  0.3971  0.2905 -0.0003  0.8716 0 
 34.3511 -0.0389 -2.5449  0.0062  0.5446  0.0256  0.2361  0.0198  0.1153  0.2963 0 
 46.3600 -0.2466 -3.1312  0.0092  0.3792  0.0251  0.4353  0.0748 -0.0003  0.1291 0 
 42.8504  0.2568  0.0161  0.0006  0.0917  0.0473  0.3556  0.0687 -0.0003  0.0635 0 
 49.4453  0.6917  2.6511  0.0059  0.7712  0.0502  0.2569  0.0113  0.3198  0.8860 0 
 45.3559 -0.6589 -0.4324  0.0076  0.5603  0.0576  0.4378  0.0524 -0.0003  0.1974 0 
 44.1718  0.3935  0.7415  0.0482  0.2154  0.0168  0.2645  0.0189 -0.0003  0.0896 0 
 38.9563 -0.4171 -2.4360  0.0884  0.1163  0.1722  0.2280  0.0425 -0.0003  0.2546 0 
 46.1433 -0.2523  2.2252  0.0201  0.1367  0.0335  0.3051  0.0919 -0.0003  0.0781 0 
 45.2155  0.2591 -0.9260  0.0438  0.2831  0.0135  0.2629  0.2383 -0.0003  0.3039 0 
 48.9387 -0.3915 -1.2606  0.2530  0.3742  0.1448  0.4293  0.3654 -0.0003  0.9950 1 
 43.4821  0.3913  1.8583  0.4318  0.4261  0.0960  0.2656  0.4612  0.0715  0.9975 1 
 54.9630 -0.6056  0.3187  0.0724  0.2909  0.2529  0.4585  0.1226 -0.0003  0.4916 1 
 30.6371  0.6224 -2.8798  0.1252  0.2484  0.0131  0.3416  0.3449 -0.0003  0.6924 1 
 45.4841 -0.2594 -3.1078  0.0440  0.3765  0.0441  0.2625  0.0853 -0.0003  0.3124 0 
 27.9820  0.3009  0.0323  0.0191  0.7017  0.0221  0.3509  0.0124 -0.0003  0.1722 0 
 48.3803  0.0078 -2.9398  0.0324  0.5951  0.1621  0.5597  0.0157 -0.0003  0.2817 0 
 41.9135  0.0209  0.1946  0.0397  0.3708  0.1216  0.6259  0.1044 -0.0003  0.4170 0 
 42.4628  0.5239 -0.5647  0.0013  0.2445  0.0671  0.3564  0.1175 -0.0003  0.1548 0 
 32.0684 -0.5009  2.5897  0.0165  0.2815  0.0290  0.2408  0.1229  0.1818  0.5004 0 
 54.7860 -0.4842  2.0224  0.0170  0.2729  0.0208  0.3337  0.0391 -0.0003  0.0737 0 
 39.4293  0.4808 -1.1078  0.0883  0.4880  0.0181  0.3182  0.0502 -0.0003  0.3285 0 
 45.8350 -0.6481  1.0631  0.3333  0.3848  0.0989  0.1746  0.2313  0.6068  0.9994 1 
 25.0889  0.6214 -2.0269  0.1335  0.2945  0.1154  0.5182  0.2172  0.2459  0.9471 1 
 50.5501  0.1541 -0.5358  0.0515  0.1528  0.0507  0.6385  0.0599  0.1454  0.4563 0 
 43.1098 -0.1422  2.6031  0.0225  0.2888  0.0223  0.2662  0.0065 -0.0003  0.0985 0 
 47.2084 -0.2331  1.6912  0.0733  0.0944  0.0258  0.2166  0.0269 -0.0003  0.0746 0 
 45.9174  0.2291 -1.4651  0.0334  0.4577  0.0286  0.1745  0.0652  0.1497  0.4947 0 
 53.7392 -0.4072 -2.7678  0.0318  0.3442  0.0396  0.2934  0.0383 -0.0003  0.1892 0 
 46.2715  0.4164  0.3855  0.0067  0.1051  0.0342  0.3919  0.0627 -0.0003  0.0634 0 
 45.8534 -0.6356 -1.3509  0.0371  0.3739  0.1332  0.6112  0.0956 -0.0003  0.3861 0 
 44.0711  0.6378  1.8318  0.0110  0.3334  0.0692  0.4411  0.0731 -0.0003  0.1937 0 
 50.1015  0.1216  1.1028  0.0183  0.0953  0.1188  0.3413  0.0485 -0.0003  0.0710 0 
 47.4891 -0.1208 -1.9803  0.0656  0.2533  0.0468  0.5624  0.0546 -0.0003  0.4062 0 
 48.6732  0.7132 -1.2570  0.0070  0.1099  0.0570  0.2149  0.0245 -0.0003  0.0755 0 
 38.2757 -0.7114  1.8665  0.0595  0.5383  0.0134  0.2291  0.0533 -0.0003  0.1828 0 
 47.0802 -0.6780  1.4932  0.0456  0.0601  0.0234  0.2168  0.0392 -0.0003  0.0503 0 
 43.1312  0.6859 -1.6471  0.0264  0.3992  0.0070  0.2218  0.0336 -0.0003  0.0893 0 
 41.8036 -0.0937 -0.0949  0.0261  0.8062  0.0355  0.4921  0.0898  0.1308  0.5348 0 
 41.7670  0.0743  3.0085  0.0390  0.2859  0.2210  0.5370  0.0263 -0.0003  0.3009 0 
 49.5491  0.7516 -2.2617  0.0114  0.3073  0.0594  0.4279  0.0932 -0.0003  0.1973 0 
 38.6542 -0.7532  0.8141  0.0182  0.7524  0.0170  0.1828  0.0021 -0.0003  0.1607 0 
 40.3571 -0.0585  0.2121  0.0316  0.3721  0.1780  0.7226  0.1733  0.2366  0.8096 0 
 39.7101  0.0639 -2.9048  0.0488  0.7097  0.0573  0.6804  0.1312  0.0661  0.6418 0 
 51.4778  0.5444 -0.1058  0.0219  0.5311  0.0542  0.3390  0.0358 -0.0003  0.2554 0 
 50.0679 -0.5191  3.0311  0.0129  0.5406  0.0307  0.2134  0.0082 -0.0003  0.1944 0 
 48.5451  0.6095  0.6544  0.0858  0.5185  0.0979  0.3871  0.0627 -0.0003  0.4884 0 
 48.2948 -0.5968 -2.5025  0.0661  0.0828  0.0956  0.3015  0.1201 -0.0003  0.1991 0 
 45.9266 -0.2483  2.4626  0.0028  0.1995  0.0250  0.3927  0.0410 -0.0003  0.0583 0 
 41.6602  0.2478 -0.6529  0.0204  0.5923  0.0448  0.3582  0.1685 -0.0003  0.4659 0 
 41.9593 -0.5413 -2.9530  0.3204  0.3144  0.0261  0.3128  0.3247 -0.0003  0.9697 1 
 30.0481  0.5011  0.2125  0.4945  0.3876  0.0575  0.4908  0.2375  0.3586  0.9994 1 
 54.6456 -0.4149 -1.9847  0.0563  0.5287  0.0242  0.2087  0.0493 -0.0003  0.2236 0 
 51.2062  0.4138  1.1754  0.0186  0.4094  0.1064  0.5940  0.0546 -0.0003  0.2601 0 
 49.5552  0.3532  2.6904  0.0352  0.1590  0.0753  0.2995  0.1288 -0.0003  0.2365 0 
 47.1229 -0.3728 -0.4908  0.0042  0.0747  0.0893  0.2167  0.0129 -0.0003  0.0772 0 
 45.5329 -0.5471 -0.5501  0.0006  0.4395  0.1486  0.5248  0.0672 -0.0003  0.2205 0 
 44.0620  0.5554  2.5885  0.0195  0.6358  0.0204  0.4412  0.0139 -0.0003  0.1887 0 
 45.8015  0.3145  0.8961  0.0012  0.0595  0.0215  0.1310  0.0615 -0.0003  0.0477 0 
 44.9043 -0.2911 -2.2695  0.0120  0.0872  0.1682  0.2195  0.0026 -0.0003  0.0591 0 
 44.8035 -0.7308  1.6237  0.2163  0.5555  0.0202  0.4831  0.0895 -0.0003  0.7336 0 
 35.1476  0.7449 -1.5096  0.0116  0.1186  0.0621  0.2815  0.0175 -0.0003  0.0814 0 
 45.9174 -0.2089 -1.1592  0.0684  0.2273  0.0360  0.3928  0.0640  0.0755  0.4478 0 
 45.2949  0.1993  1.9845  0.0060  0.3585  0.0114  0.2190  0.0161 -0.0003  0.0727 0 
 53.9651 -0.0033 -2.7754  0.0302  0.0919  0.1541  0.2512  0.1057 -0.0003  0.1135 0 
 42.2065 -0.0235  0.3763  0.0215  0.4582  0.0202  0.4462  0.1203 -0.0003  0.2270 0 
 44.0803  0.4565  0.9351  0.0029  0.5022  0.0358  0.1764  0.0047 -0.0003  0.2207 0 
 36.9543 -0.4375 -2.1609  0.0086  0.1880  0.0240  0.0925  0.0041 -0.0003  0.1016 0 
 48.2368  0.7224  1.2248  0.1151  0.1033  0.1581  0.4739  0.0659 -0.0003  0.3828 0 
 48.2094 -0.7224 -1.8944  0.0239  0.5760  0.0484  0.2585  0.0231 -0.0003  0.2946 0 
 38.1811  0.3658 -2.5072  0.4079  0.5556  0.0120  0.3668  0.4023 -0.0003  0.9935 1 
 16.6079 -0.2794  0.6369  0.1354  0.2005  0.0255  0.2971  0.2237 -0.0003  0.6349 1 
 45.8900 -0.6803  3.1268  0.0247  0.3566  0.0399  0.2182  0.2023 -0.0003  0.3961 0 
 42.5513  0.6635  0.0138  0.0090  0.5479  0.1107  0.6233  0.1929 -0.0003  0.3969 0 
 44.5838 -0.2261 -1.8065  0.1220  0.2758  0.0105  0.3958  0.1052 -0.0003  0.4195 0 
 43.0976  0.2417  1.3270  0.0136  0.0784  0.0403  0.1331  0.0067 -0.0003  0.0782 0 
 49.2897 -0.3961  0.6348  0.0217  0.0522  0.0013  0.0857  0.0004 -0.0003  0.0476 0 
 44.7547  0.3960 -2.4979  0.0086  0.2415  0.0806  0.2636  0.0181 -0.0003  0.1511 0 
 46.8208  0.2862  2.9292  0.0361  0.4489  0.0417  0.3908  0.0156 -0.0003  0.2744 0 
 41.7700 -0.2562 -0.1974  0.0077  0.4035  0.0468  0.3580  0.0073 -0.0003  0.1723 0 
 45.0935 -0.3014 -3.0815  0.0473  0.5391  0.0244  0.3946  0.0506 -0.0003  0.2929 0 
 42.0233  0.3250  0.0564  0.0097  0.1633  0.0329  0.2234  0.0147 -0.0003  0.0631 0 
 45.4658  0.6004  1.7769  0.3098  0.7187  0.0534  0.4813  0.4490 -0.0003  0.9950 1 
 42.4537 -0.6059 -1.3464  0.5157  0.3361  0.0518  0.7128  0.7783 -0.0003  0.9988 1 
 45.1911  0.7938  2.5249  0.0434  0.1661  0.0178  0.3944  0.1506 -0.0003  0.1820 0 
 45.0294 -0.7915 -0.6044  0.1183  0.1849  0.1208  0.3070  0.1276 -0.0003  0.6128 0 
 46.0792  0.2084 -0.9847  0.0248  0.0852  0.0237  0.3052  0.0173 -0.0003  0.0506 0 
 42.7008 -0.1947  2.1687  0.0451  0.6385  0.0307  0.4004  0.0449  0.1353  0.5749 0 
 47.1931  0.2311 -1.0927  0.0186  0.2055  0.0230  0.3466  0.0406 -0.0003  0.0671 0 
 42.2370 -0.2289  2.0582  0.0172  0.2336  0.0346  0.2231  0.0886 -0.0003  0.1111 0 
 47.7790  0.1882 -1.3121  0.0343  0.1615  0.0513  0.3023  0.1458 -0.0003  0.2217 0 
 47.0802 -0.1652  1.8637  0.0758  0.4123  0.1547  0.3902  0.0915 -0.0003  0.4507 0 
 49.1890 -0.4641  2.7807  0.0269  0.3284  0.1187  0.3430  0.0605 -0.0003  0.2470 0 
 36.8170  0.4696 -0.3529  0.0503  0.3754  0.0267  0.1389  0.0087 -0.0003  0.2287 0 
 50.3029 -0.1680 -1.9488  0.0212  0.5264  0.0333  0.2558  0.0865 -0.0003  0.2002 0 
 40.5188  0.1631  1.2077  0.0050  0.1994  0.0460  0.2707  0.0211  0.1658  0.2551 0 
 46.7506 -0.5017  0.9539  0.0092  0.1739  0.0605  0.3475  0.0338 -0.0003  0.0972 0 
 38.1262  0.5023 -2.1922  0.0378  0.0733  0.0342  0.2293  0.1118 -0.0003  0.0890 0 
 46.2654 -0.6548  0.3162  0.0067  0.0866  0.0174  0.3049  0.1185  0.0110  0.0575 0 
 32.1386  0.6951 -2.8052  0.0097  0.3859  0.0399  0.3850  0.0369 -0.0003  0.1468 0 
 47.1504 -0.5365 -1.2391  0.0113  0.2546  0.1068  0.3901  0.0123 -0.0003  0.1469 0 
 46.8666  0.5830  1.9201  0.0003  0.3532  0.0909  0.3039  0.0976 -0.0003  0.2071 0 
 49.3507  0.6242  1.2556  0.0065  0.5429  0.1359  0.7710  0.0345 -0.0003  0.2633 0 
 44.5869 -0.5914 -1.9035  0.0606  0.3221  0.0222  0.3518  0.0278 -0.0003  0.2097 0 
 46.8971  0.6023 -3.0445  0.0392  0.7530  0.1386  0.6944  0.1207  0.1783  0.7299 0 
 41.7609 -0.6010  0.0929  0.0091  0.4124  0.0262  0.4475  0.0673 -0.0003  0.1413 0 
 43.5706  0.2916  0.0050  0.0460  0.6275  0.0208  0.2212  0.0585  0.1135  0.4294 1 
 33.4783 -0.2877  3.0430  0.1206  0.6425  0.1005  0.6184  0.2705 -0.0003  0.9383 1 
 48.5939  0.7386  2.2446  0.2475  0.7832  0.0412  0.3870  0.3686 -0.0003  0.9855 1 
 22.9282 -0.7382 -0.8960  0.1935  0.4226  0.0089  0.3199  0.2292  0.1182  0.8479 1 
 47.7790 -0.0840  2.2580  0.0081  0.2424  0.0339  0.3887  0.0751 -0.0003  0.0965 0 
 33.0388  0.1025 -0.8541  0.0364  0.8696  0.0240  0.1910  0.0528 -0.0003  0.2408 0 
 42.0996 -0.0767 -0.9139  0.0026  0.0526  0.0323  0.2233  0.0703 -0.0003  0.0485 0 
 36.6583  0.0998  2.2484  0.0425  0.3212  0.0156  0.4637  0.1314  0.0487  0.4034 0 
 42.3438 -0.1498 -0.3732  0.0852  0.4478  0.0250  0.4904  0.2387  0.1767  0.8700 1 
 36.2280  0.1383  2.7758  0.6341  0.5730  0.0375  0.6048  0.5952 -0.0003  0.9972 1 
 45.5787 -0.1323 -0.8998  0.0054  0.2243  0.0489  0.1312  0.0030  0.1389  0.3450 0 
 42.5238  0.1236  2.2318  0.0091  0.0269  0.1354  0.3563  0.0447 -0.0003  0.0438 0 
 43.7537 -0.6159  0.2532  0.0104  0.6236  0.0403  0.4420  0.0486  0.2230  0.5395 0 
 42.7161  0.6096 -2.8791  0.0018  0.1323  0.0797  0.3114  0.1253 -0.0003  0.1104 0 
 49.3599 -0.4437 -2.6615  0.0336  0.1753  0.0219  0.5139  0.0480 -0.0003  0.1567 0 
 46.6468  0.4467  0.4885  0.1143  0.3224  0.0253  0.3912  0.0552 -0.0003  0.4565 0 
 47.3182 -0.7675  0.8785  0.0048  0.3195  0.0417  0.1732  0.0422 -0.0003  0.1426 0 
 44.2481  0.7427 -2.2486  0.0207  0.7810  0.0443  0.2644  0.0140 -0.0003  0.3103 0 
 52.7108 -0.7781  0.8367  0.0520  0.2473  0.0881  0.5054  0.0862 -0.0003  0.3778 0 
 46.2989  0.7859 -2.3042  0.0031  0.2753  0.0129  0.2612  0.1448 -0.0003  0.0908 0 
 68.1498 -0.5642 -2.7926  0.0780  0.2162  0.0746  0.4747  0.0903 -0.0003  0.4473 0 
 44.0681  0.6162  0.3002  0.0406  0.4694  0.0500  0.2647  0.0135 -0.0003  0.3326 0 
 51.1299 -0.4794  0.3141  0.0316  0.1488  0.0549  0.3396  0.1042 -0.0003  0.1586 0 
 49.7414  0.4767 -2.8927  0.0576  0.2326  0.0968  0.2565  0.0456 -0.0003  0.3090 0 
 44.8341  0.3418  1.7737  0.0314  0.3260  0.0255  0.2635  0.0692 -0.0003  0.1300 0 
 44.3488 -0.3329 -1.3472  0.0078  0.2780  0.0115  0.2202  0.0812 -0.0003  0.0647 0 
 50.3059 -0.7775  1.3301  0.0209  0.2656  0.3432  0.2984  0.0097  1.2642  0.6805 0 
 47.2755  0.7750 -1.8290  0.0335  0.4453  0.0216  0.2598  0.0252 -0.0003  0.1458 0 
 44.6662  0.5928  2.4924  0.4689  0.7226  0.0723  0.5275  0.2697 -0.0003  0.9860 1 
 38.9349 -0.6127 -0.6670  0.2197  0.2521  0.1017  0.4560  0.2322  0.3507  0.9798 1 
 49.1798  0.2916  0.9099  0.0212  0.7325  0.0917  0.3430  0.0709 -0.0003  0.3374 0 
 44.2664 -0.3035 -2.3064  0.0326  0.2724  0.2959  0.4406  0.0685 -0.0003  0.3242 0 
 44.4923  0.6427 -0.4104  0.1439  0.2278  0.0429  0.5280  0.0518 -0.0003  0.5622 1 
 42.4567 -0.6674  2.7295  0.3672  0.2057  0.0530  0.4455  0.3923 -0.0003  0.9933 1 
 49.4636 -0.2521  0.7194  0.1535  0.3418  0.0394  0.2569  0.1423 -0.0003  0.7283 0 
 46.8544  0.2420 -2.4167  0.0133  0.4021  0.0753  0.5643  0.0385 -0.0003  0.2151 0 
 51.6396 -0.1100 -1.4019  0.0000  0.0633  0.0201  0.1270  0.0114 -0.0003  0.0518 0 
 36.1669  0.1043  1.7766  0.0197  0.1396  0.1318  0.2327  0.0014 -0.0003  0.0983 0 
 41.5625  0.1993 -1.4020  0.0350  0.3777  0.0432  0.2688  0.0262 -0.0003  0.2359 0 
 40.6989 -0.1939  1.7076  0.0257  0.2524  0.0670  0.2704  0.0611 -0.0003  0.2034 0 
 49.1005 -0.1909 -2.6078  0.0153  0.2238  0.0229  0.2573  0.0037 -0.0003  0.0716 0 
 39.9390  0.1783  0.4773  0.0129  0.2061  0.0586  0.3171  0.0502 -0.0003  0.1154 0 
 43.7995 -0.7805 -2.3459  0.0618  0.1283  0.0238  0.1767  0.0397 -0.0003  0.0815 0 
 22.7115  0.7640  1.0370  0.0047  0.2167  0.0707  0.3209  0.0076  0.1630  0.1986 0 
 49.7505 -0.6671 -1.6958  0.0299  0.2216  0.1178  0.4274  0.0424 -0.0003  0.1974 0 
 45.1148  0.6662  1.4197  0.0164  0.1982  0.0969  0.4823  0.0283 -0.0003  0.1500 0 
 48.1453  0.0115  1.4219  0.0112  0.3847  0.0492  0.3448  0.0112 -0.0003  0.1790 0 
 43.5676 -0.0142 -1.7095  0.0021  0.0423  0.0989  0.1328  0.0311 -0.0003  0.0953 0 
 49.1585 -0.3033 -0.1099  0.0099  0.2684  0.0908  0.3001  0.2066 -0.0003  0.3773 0 
 46.0853  0.2905  3.0411  0.0296  0.1042  0.0755  0.4796  0.0154  0.1360  0.1759 0 
 51.4778 -0.4167  0.8491  0.0958  0.1584  0.0539  0.1695  0.0355 -0.0003  0.2792 0 
 40.1892  0.4104 -2.2976  0.0378  0.2391  0.0232  0.1356  0.0397 -0.0003  0.1250 0 
 46.3294  0.0179 -2.4587  0.0089  0.1464  0.0290  0.2177  0.0555 -0.0003  0.0508 0 
 37.2564  0.0013  0.6844  0.0208  0.4137  0.0592  0.2308  0.0057 -0.0003  0.2789 0 
 42.6062 -0.0762  2.9187  0.4967  0.4134  0.0552  0.4896  0.6884 -0.0003  0.9984 1 
 38.8586  0.0790 -0.2050  0.5056  0.6525  0.0152  0.4107  0.6182 -0.0003  0.9980 1 
 50.7912 -0.4517 -0.7671  0.0292  0.4591  0.1024  0.5102  0.0140 -0.0003  0.2456 0 
 41.8799  0.4310  2.4101  0.0680  0.4023  0.0497  0.4024  0.1536 -0.0003  0.6057 0 
 48.1147 -0.0688  2.1515  0.4277  0.3595  0.0444  0.4743  0.5103 -0.0003  0.9971 1 
 47.7485  0.0800 -0.9622  0.1930  0.4780  0.0400  0.2160  0.2839 -0.0003  0.9164 1 
 48.5908  0.4434 -2.3266  0.0102  0.3199  0.0961  0.4300  0.0244 -0.0003  0.1670 0 
 46.3386 -0.4441  0.7602  0.1751  0.6792  0.0145  0.0435  0.1301 -0.0003  0.5917 0 
 47.1015  0.8011  2.8128  0.0157  0.0641  0.0345  0.3902  0.0139 -0.0003  0.0653 0 
 25.5589 -0.8071 -0.3848  0.0078  0.1952  0.0060  0.1030  0.0091 -0.0003  0.0634 0 
 42.0935 -0.3533  0.9053  0.4166  0.6772  0.0532  0.6251  0.6627 -0.0003  0.9980 1 
 40.4913  0.3476 -2.2377  0.1134  0.5083  0.0599  0.3610  0.1916 -0.0003  0.8568 1 
 49.1341 -0.4990 -0.5578  0.0362  0.2948  0.0170  0.3002  0.0688 -0.0003  0.1066 0 
 47.6173  0.5083  2.5879  0.0079  0.1525  0.0245  0.5620  0.0515 -0.0003  0.1109 0 
 45.8289  0.0158 -0.6201  0.0294  0.1144  0.0412  0.2620  0.0854 -0.0003  0.0879 0 
 43.9185 -0.0056  2.4943  0.0346  0.1499  0.0181  0.1766  0.0153 -0.0003  0.0599 0 
 47.9072  0.3468 -2.1427  0.0129  0.1709  0.0613  0.3453  0.0192 -0.0003  0.1039 0 
 46.1494 -0.3546  1.0182  0.0026  0.5036  0.0308  0.3051  0.0724 -0.0003  0.1222 0 
 48.2948 -0.7532 -1.0923  0.0026  0.1678  0.0663  0.3446  0.0683 -0.0003  0.0927 0 
 43.7720  0.7815  2.0464  0.0189  0.6629  0.0170  0.1767  0.0185 -0.0003  0.1436 0 
 44.2237  0.7823  2.5283  0.0678  0.2374  0.0209  0.3967  0.0206 -0.0003  0.2070 0 
 43.1312 -0.7781 -0.6154  0.0204  0.1555  0.0326  0.3993  0.0137 -0.0003  0.0879 0 
 38.8281  0.5966 -1.2136  0.4681  0.6434  0.0531  0.4564  0.4760 -0.0003  0.9970 1 
 35.2819 -0.5966  1.9060  0.1060  0.7979  0.0288  0.2343  0.1722 -0.0003  0.6949 1 
 46.8177  0.0799 -2.8404  0.1061  0.6807  0.0982  0.5644  0.1852 -0.0003  0.8552 1 
 28.6534 -0.0730  0.3240  0.2249  0.2373  0.0519  0.5973  0.2330  0.3163  0.9942 1 
 41.1200  0.7394  1.1062  0.0954  0.0828  0.1066  0.2247  0.1542 -0.0003  0.3744 0 
 28.4276 -0.7655 -2.0804  0.0077  0.0342  0.0150  0.1497  0.0102 -0.0003  0.0457 0 
 50.0465 -0.0071 -2.0193  0.0281  0.3931  0.0281  0.2987  0.0306 -0.0003  0.1491 0 
 45.5329  0.0191  1.1175  0.0152  0.7133  0.0164  0.0875  0.0204 -0.0003  0.1542 0 
 28.3055 -0.7493 -2.9074  0.0653  0.2410  0.0274  0.2997  0.0114  0.2791  0.8252 0 
 15.9091  0.7708  0.4643  0.0327  0.1794  0.0170  0.3621  0.0220  0.1893  0.4438 0 
 50.4006 -0.5665  1.1484  0.0458  0.2813  0.0229  0.3834  0.0197 -0.0003  0.1671 0 
 46.0822  0.5742 -1.9995  0.0000  0.1122  0.0476  0.3052  0.1627 -0.0003  0.1057 0 
 47.9896  0.6345  0.5438  0.1503  0.4675  0.0814  0.4314  0.2022 -0.0003  0.9136 0 
 42.2217 -0.6472 -2.6424  0.1792  0.2707  0.0323  0.2231  0.1754 -0.0003  0.7283 0 
 47.8645  0.0858  1.7452  0.0309  0.4369  0.0499  0.5181  0.0602 -0.0003  0.3061 0 
 46.7414 -0.0922 -1.4031  0.0383  0.2367  0.0374  0.2172  0.0307 -0.0003  0.1446 0 
 52.9366  0.5566  0.4203  0.1290  0.4772  0.0780  0.2525  0.2005  0.4346  0.9910 1 
 32.2087 -0.6256 -2.7292  0.1105  0.3901  0.0330  0.3848  0.1642  0.2753  0.9585 1 
 53.5317  0.4137  2.0954  0.0009  0.4372  0.0312  0.2517  0.1497  0.1010  0.4023 0 
 35.3765 -0.3777 -1.1057  0.0242  0.3799  0.0897  0.6556  0.0147 -0.0003  0.2679 0 
 42.7222 -0.2944 -0.6925  0.0150  0.4089  0.0372  0.5782  0.0735 -0.0003  0.2505 1 
 28.8243  0.2597  2.4307  0.5938  0.2588  0.0466  0.4968  0.3185 -0.0003  0.9875 1 
 50.0191  0.2627 -0.3430  0.3041  0.3427  0.0862  0.2988  0.1849  0.3415  0.9907 1 
 47.5135 -0.2228  2.8075  0.3824  0.4906  0.0702  0.3893  0.2382 -0.0003  0.9831 1 
 36.2615 -0.3734 -0.0430  0.0323  0.3850  0.0316  0.3256  0.0539 -0.0003  0.1809 0 
 35.7519  0.3904  3.0840  0.0111  0.2020  0.0375  0.4202  0.0191 -0.0003  0.0996 0 
 45.0477 -0.3479  0.7871  0.0189  0.5425  0.0245  0.2193  0.0060 -0.0003  0.1736 0 
 36.2158  0.3478 -2.3100  0.0517  0.2095  0.0507  0.2326  0.0057 -0.0003  0.2080 0 
 43.5126 -0.1712  1.4797  0.6317  0.6639  0.0178  0.3984  0.5931  0.1235  0.9982 1 
 42.6093  0.1572 -1.6786  0.1011  0.2626  0.0544  0.3561 -0.0200 -0.0003  0.4064 1 
 50.4128 -0.4514 -0.1797  0.0222  0.1945  0.0857  0.1278  0.0197 -0.0003  0.2217 0 
 40.1312  0.4652  2.9830  0.0094  0.4026  0.0488  0.1809  0.0182 -0.0003  0.2356 0 
 43.4546  0.0192 -2.7492  0.1252  0.0274  0.0105  0.3100  0.0786 -0.0003  0.0812 0 
 42.1546  0.0119  0.3922  0.0418  0.3355  0.0237  0.2678  0.0468 -0.0003  0.1402 0 
 44.5319  0.3616 -2.9793  0.2349  0.6943  0.0298  0.5279  0.2891 -0.0003  0.9614 1 
 27.6890 -0.3382  0.1207  0.1842  0.2495  0.0307  0.5029  0.1710 -0.0003  0.8309 1 
 51.8898 -0.6053 -1.4661  0.0009  0.3719  0.0735  0.5497  0.0308 -0.0003  0.1642 0 
 47.8096  0.6158  1.7332  0.0287  0.1806  0.3581  0.3455  0.0187 -0.0003  0.1980 0 
 44.4831  0.4507  0.5966  0.0318  0.0729  0.0156  0.1760  0.0107 -0.0003  0.0454 0 
 36.6278 -0.4144 -2.5459  0.0363  0.3799  0.0711  0.3247  0.0234 -0.0003  0.2765 0 
 50.8278  0.4824 -0.7410  0.3758  0.3845  0.0340  0.2551  0.1502 -0.0003  0.9024 0 
 46.0914 -0.4922  2.3918  0.0454  0.1930  0.0244  0.5668  0.2032 -0.0003  0.3885 0 
 49.3874 -0.4386  0.5029  0.0245  0.1544  0.0349  0.5567  0.0661 -0.0003  0.1751 1 
 35.0561  0.4510 -2.6358  0.1322  0.6509  0.0243  0.7042  0.1419 -0.0003  0.8792 1 
 46.5492 -0.5249 -0.3271  0.0134  0.0822  0.0482  0.3479  0.0729 -0.0003  0.0747 0 
 44.8402  0.5187  2.7960  0.0393  0.5776  0.0274  0.2195  0.0325 -0.0003  0.2107 0 
 45.1881  0.6969 -0.4558  0.0432  0.3801  0.0427  0.4820  0.0494 -0.0003  0.3289 0 
 42.5452 -0.6927  2.6881  0.0413  0.1549  0.0457  0.3117  0.0043 -0.0003  0.1260 0 
 57.6303 -0.7810 -1.6533  0.0907  0.2254  0.0521  0.3707  0.0671 -0.0003  0.3939 0 
 43.4974  0.7381  1.4946  0.0403  0.3536  0.0423  0.3099  0.0266 -0.0003  0.2382 0 
 53.2357 -0.7575  2.8372  0.0446  0.5450  0.1595  0.4622  0.1170 -0.0003  0.3943 0 
 46.3813  0.7570 -0.2905  0.0130  0.6698  0.0591  0.5223  0.0526 -0.0003  0.2450 0 
 42.3255 -0.0274  1.0410  0.1907  0.2016  0.0487  0.3567  0.2282 -0.0003  0.8659 0 
 39.4110  0.0205 -2.1311  0.0442  0.5077  0.0280  0.5454  0.0319 -0.0003  0.3635 0 
 57.4014 -0.7860  0.0836  0.0067  0.3212  0.0797  0.3711  0.0472 -0.0003  0.1611 0 
 49.3965  0.7865  3.0764  0.1134  0.5955  0.0492  0.3425  0.1917 -0.0003  0.8692 0 
 38.7976  0.8032  2.0100  0.0357  0.4692  0.0621  0.2282  0.0895  0.4201  0.9341 1 
 33.7163 -0.7898 -1.1437  0.0311  0.6942  0.0276  0.4272  0.0287 -0.0003  0.2660 1 
 44.3305 -0.6436 -2.3015  0.0394  0.7245  0.0342  0.3083  0.0604 -0.0003  0.3183 0 
 29.2851  0.6361  0.8977  0.0292  0.3436  0.0430  0.3462  0.1750 -0.0003  0.3784 0 
 57.9507  0.4744 -2.0831  0.0066  0.2940  0.0466  0.2879  0.0139 -0.0003  0.1282 0 
 46.2318 -0.4815  1.0392  0.0086  0.6906  0.0138  0.1742  0.0381 -0.0003  0.1255 0 
 59.9374 -0.0753 -2.3072  0.0032  0.1942  0.0587  0.3264  0.0413  0.1743  0.2273 0 
 53.0007  0.0762  0.8273  0.0007  0.1015  0.0313  0.2524  0.1107 -0.0003  0.0570 0 
 50.6539  0.3320 -0.7104  0.0125  0.4174  0.1658  0.6382  0.1584 -0.0003  0.3783 0 
 33.5607 -0.3324  2.4164  0.0583  0.1673  0.0570  0.1901  0.0390 -0.0003  0.1983 0 
 49.2470  0.1133 -2.7564  0.0405  0.1081  0.1547  0.2571  0.1436 -0.0003  0.2342 0 
 44.2084 -0.1139  0.3762  0.1122  0.0193  0.0238  0.2204  0.1087 -0.0003  0.0942 0 
 44.3824  0.2453 -2.2027  0.0006  0.6032  0.0688  0.2642  0.0286 -0.0003  0.2336 0 
 41.5564 -0.2242  0.9347  0.0323  0.5007  0.0184  0.4481  0.0391 -0.0003  0.2139 0 
 47.5776 -0.3598  2.5020  0.0679  0.5023  0.0480  0.4756  0.0937  0.2489  0.7868 1 
 42.1180  0.3227 -0.6338  0.0169  0.2942  0.0187  0.3572  0.1447  0.2547  0.6828 1 
 49.3751 -0.4539 -0.5110  0.0519  0.1159  0.0310  0.5139  0.0483 -0.0003  0.1836 1 
 40.5951  0.4703  2.6698  0.3853  0.7865  0.0432  0.5411  0.3904  0.3973  0.9998 1 
 51.3222  0.7060  2.4571  0.0061  0.2015  0.1138  0.2120  0.0563 -0.0003  0.1498 0 
 47.5319 -0.7077 -0.7238  0.0055  0.5305  0.0109  0.2595  0.1019 -0.0003  0.1054 0 
 50.3944  0.6717 -0.3135  0.0001  0.1949  0.0409  0.3408  0.0856 -0.0003  0.0751 0 
 40.9339 -0.6639  2.7612  0.0038  0.1899  0.0541  0.4049  0.2037 -0.0003  0.2104 0 
 48.0415 -0.1831 -2.9965  0.0384  0.2360  0.0388  0.3881  0.0261 -0.0003  0.1733 0 
 34.7387  0.1802  0.1359  0.0247  0.1785  0.0214  0.1412  0.0021 -0.0003  0.0848 0 
 44.4617 -0.4676  2.0245  0.0259  0.3126  0.0296  0.2640  0.0401 -0.0003  0.1189 0 
 44.3824  0.4669 -1.1048  0.0029  0.4560  0.0294  0.2642  0.0047 -0.0003  0.1393 0 
 47.5685 -0.3808 -2.9765  0.0403  0.0397  0.0438  0.3892  0.1181 -0.0003  0.1135 0 
 42.3865  0.3845  0.1729  0.0088  0.3797  0.0176  0.2228  0.0314 -0.0003  0.0848 0 
 44.5411  0.0415 -1.7418  0.0103  0.0948  0.0506  0.2200  0.0016 -0.0003  0.0777 0 
 42.8382 -0.0374  1.3936  0.0267  0.6965  0.0277  0.4444  0.0607 -0.0003  0.2661 0 
 47.3793 -0.3670  1.1534  0.1444  0.7317  0.1473  0.2597 -0.0200  0.6548  0.9953 1 
 46.3935  0.4091 -2.0249  0.0048  0.3150  0.1099  0.2176  0.0081 -0.0003  0.1911 1 
 51.1818  0.6264 -1.0372  0.0266  0.2714  0.1025  0.2546  0.0064 -0.0003  0.2061 0 
 50.7088 -0.5979  2.0601  0.0410  0.5882  0.0487  0.4254  0.0560 -0.0003  0.3661 0 
 45.9174  0.7834 -1.2617  0.0060  0.3676  0.0982  0.1745  0.0090 -0.0003  0.2526 0 
 41.5045 -0.8045  1.9563  0.0000  0.1314  0.0576  0.4931  0.1137 -0.0003  0.1139 0 
 55.4726 -0.4251  0.7290  0.0181  0.4444  0.0211  0.2495  0.0184 -0.0003  0.1202 0 
 40.9918  0.4185 -2.4163  0.0480  0.2895  0.0161  0.2249  0.0351 -0.0003  0.1101 0 
 47.9225 -0.7339 -2.7487  0.0977  0.5084  0.0709  0.4747  0.2294  0.0799  0.8957 0 
 47.3762  0.7525  0.3731  0.0887  0.5511  0.0399  0.5194  0.0286  0.0768  0.6532 0 
 49.9550 -0.3761  1.8703  0.0203  0.2554  0.0575  0.5124  0.0107 -0.0003  0.1882 0 
 43.7934  0.3948 -1.2848  0.0194  0.3772  0.0543  0.2651  0.0112 -0.0003  0.2295 0 
 46.6407 -0.6418  1.0531  0.0196  0.5877  0.0634  0.2608  0.0259 -0.0003  0.2967 0 
 42.7008  0.6469 -2.0796  0.0559  0.2120  0.0089  0.2224  0.0352 -0.0003  0.0789 0 
 44.6601  0.3304  1.3420  0.3007  0.7455  0.0615  0.5714  0.4350 -0.0003  0.9943 1 
 41.3458 -0.3139 -1.7436  0.4912  0.3287  0.0608  0.4487  0.3644  0.0633  0.9949 1 
 52.7199  0.1468 -0.8979  0.0249  0.2708  0.0326  0.3370  0.0349 -0.0003  0.1193 0 
 47.9072 -0.1499  2.2491  0.0045  0.5116  0.0513  0.4748  0.0754 -0.0003  0.1944 0 
 45.9388 -0.1093  1.9928  0.0587  0.2764  0.1068  0.3054  0.0213 -0.0003  0.3008 0 
 41.2543  0.0877 -1.1801  0.0369  0.0519  0.0972  0.4489  0.0690 -0.0003  0.0971 0 
 44.2298 -0.7031 -2.0537  0.0544  0.6566  0.0358  0.4407  0.0978 -0.0003  0.5198 1 
 44.0040  0.7255  1.0835  0.0252  0.2377  0.1447  0.5737  0.2138  0.0588  0.5726 1 
 40.1617  0.1853 -0.8974  0.0136  0.3550  0.0090  0.2261  0.0052 -0.0003  0.0791 0 
 31.9036 -0.1336  2.1837  0.0136  0.1581  0.0471  0.2412  0.0090 -0.0003  0.0874 0 
 52.1981 -0.7061 -2.8513  0.0116  0.3018  0.0448  0.2111  0.0042 -0.0003  0.1695 0 
 46.9032  0.7016  0.2577  0.0061  0.7459  0.0315  0.3038  0.0101 -0.0003  0.1849 0 
 46.4118  0.3774 -0.3964  0.0163  0.1613  0.0281  0.5222  0.0742 -0.0003  0.1325 0 
 45.2644 -0.3741  2.7530  0.0040  0.2882  0.0162  0.1314  0.0530 -0.0003  0.0885 0 
 44.8676  0.0996 -2.2387  0.1312  0.5911  0.0225  0.2195  0.1010 -0.0003  0.5437 0 
 43.2776 -0.0965  0.8983  0.0469  0.1934  0.0555  0.4876  0.2193  0.2157  0.7514 0 
 49.5674  0.1667  0.2366  0.6242  0.4549  0.0556  0.6846  1.0107 -0.0003  0.9987 1 
 37.8668 -0.1984 -2.8522  0.2123  0.4441  0.0310  0.3676  0.1769 -0.0003  0.8450 1 
 49.0486  0.4199 -0.5070  0.0155  0.3058  0.0432  0.4290  0.1492 -0.0003  0.2557 0 
 46.1921 -0.4273  2.6711  0.0328  0.2914  0.1655  0.5229  0.0583 -0.0003  0.2913 0 
 46.4912 -0.4386 -2.4866  0.1867  0.6212  0.0168  0.2610  0.1179 -0.0003  0.6765 0 
 42.1149  0.4197  0.6099  0.0627  0.2215  0.0851  0.4465  0.1486 -0.0003  0.4823 0 
 48.9937 -0.5198  3.0285  0.0133  0.2287  0.0412  0.2575  0.0106 -0.0003  0.1044 0 
 44.8310  0.4986 -0.1055  0.0036  0.3308  0.0107  0.3952  0.1541 -0.0003  0.1056 0 
 46.0975 -0.6787 -2.6088  0.0623  0.0748  0.0446  0.3488  0.0334 -0.0003  0.1011 0 
 40.5310  0.6958  0.5414  0.0245  0.4207  0.0300  0.4060  0.0098 -0.0003  0.1962 0 
 50.8858 -0.0127 -0.5792  0.3618  0.6411  0.1050  0.4250  0.3569 -0.0003  0.9964 1 
 41.4527 -0.0110  2.5575  0.4725  0.6992  0.0727  0.2690  0.3648  0.3925  0.9986 1 
 46.4271  0.2068  0.1786  0.0397  0.0458  0.0345  0.2611  0.0276 -0.0003  0.0604 0 
 43.5737 -0.2179 -2.9538  0.0020  0.2427  0.0136  0.2655  0.1214 -0.0003  0.0648 0 
 52.8206  0.4750  1.2097  0.0677  0.5761  0.0386  0.1684  0.0888 -0.0003  0.4371 1 
 46.5492 -0.4670 -1.9465  0.1805  0.5620  0.1221  0.1740  0.1741 -0.0003  0.9495 1 
 45.8869  0.6325  1.0782  0.0525  0.0468  0.0182  0.2182  0.0147 -0.0003  0.0475 0 
 36.2493 -0.6359 -2.0842  0.0546  0.4893  0.0074  0.2325  0.0856 -0.0003  0.1620 0 
 44.3580 -0.1723  1.2667  0.0052  0.1516  0.0357  0.4404  0.0423 -0.0003  0.0779 0 
 42.6276  0.1619 -1.8598  0.0478  0.2914  0.1034  0.4005  0.0412 -0.0003  0.2884 0 
 47.2511  0.7084  1.8472  0.0074  0.0277  0.0223  0.0433  0.0151 -0.0003  0.0758 0 
 44.7669 -0.7112 -1.2990  0.0427  0.4014  0.0374  0.3954  0.0985 -0.0003  0.3456 0 
 47.4067 -0.6672  1.9330  0.0356  0.4314  0.0507  0.2164  0.0054 -0.0003  0.3262 0 
 41.6907  0.6703 -1.1828  0.0634  0.7283  0.0341  0.3134  0.0856 -0.0003  0.4817 0 
 50.4921 -0.7930  2.2908  0.2329  0.5637  0.0663  0.2981  0.3065  0.2023  0.9727 1 
 34.5800  0.8054 -0.8444  0.0435  0.0853  0.0536  0.1414  0.1069  0.4914  0.9526 1 
 45.7679 -0.6939 -1.6993  0.0145  0.2536  0.1971  0.3494  0.1959 -0.0003  0.4109 0 
 32.6177  0.7052  1.3589  0.0246  0.4190  0.0143  0.4313  0.0772  0.1388  0.4311 0 
 46.9459 -0.4873 -0.9342  0.1048  0.1792  0.0691  0.2603  0.0394 -0.0003  0.3537 0 
 39.0173  0.5706  2.2063  0.0558  0.3000  0.2077  0.5014  0.2094  0.4241  0.9292 0 
 40.6653  0.4298 -2.1086  0.0356  0.2572  0.0657  0.5409  0.0167 -0.0003  0.2528 0 
 34.8241 -0.4055  1.0462  0.0728  0.1365  0.0356  0.2822  0.0164 -0.0003  0.1370 0 
 42.9786 -0.5548 -1.3672  0.0036  0.6026  0.1045  0.8437  0.0604 -0.0003  0.2830 0 
 37.7783  0.5694  1.7867  0.0034  0.7241  0.0115  0.1839  0.0135 -0.0003  0.1212 0 
 53.4096  0.7044  2.3755  0.0323  0.6036  0.0926  0.4198 -0.0200 -0.0003  0.2261 0 
 41.0071 -0.7018 -0.8108  0.0086  0.4386  0.0080  0.2698  0.0070 -0.0003  0.0797 0 
 48.3467  0.5021 -1.3864  0.1433  0.1954  0.0903  0.3445  0.0933 -0.0003  0.5709 0 
 45.3407 -0.5795  1.7238  0.0717  0.4309  0.0650  0.3940  0.0598 -0.0003  0.4730 0 
 45.2705 -0.1605  2.9758  0.0139  0.2303  0.1132  0.2628  0.0136 -0.0003  0.1511 0 
 44.3000  0.1605 -0.1798  0.0300  0.6579  0.0333  0.1322  0.0030 -0.0003  0.3021 0 
 48.2033  0.4578  1.2463  0.0767  0.3255  0.1445  0.3016  0.0414 -0.0003  0.4052 0 
 35.2819 -0.4666 -1.8831  0.0205  0.2179  0.0923  0.5624  0.0241 -0.0003  0.1950 0 
 50.9682  0.3221 -1.8756  0.0160  0.2186  0.0425  0.3398  0.0161 -0.0003  0.1077 0 
 46.4332 -0.3200  1.2642  0.0013  0.1395  0.1123  0.2611  0.0695 -0.0003  0.0864 0 
 46.0212  0.4406 -3.0553  0.6868  0.7337  0.0315  0.4361  0.6219 -0.0003  0.9981 1 
 41.4313 -0.4199  0.0418  0.2150  0.6052  0.0410  0.3139  0.2480 -0.0003  0.9468 1 
 47.9896  0.7611  2.9977  0.0158  0.1755  0.0507  0.3020  0.2221 -0.0003  0.2897 0 
 45.5940 -0.7414 -0.1371  0.0291  0.1175  0.2675  0.2623  0.0252 -0.0003  0.1210 0 
 49.8024 -0.2039 -2.8185  0.0091  0.7252  0.0446  0.5128  0.0864 -0.0003  0.2679 0 
 39.0570  0.1854  0.3026  0.0045  0.2709  0.0237  0.1367  0.1787 -0.0003  0.2197 0 
 46.0456  0.5363 -1.9010  0.0429  0.2541  0.0183  0.3489  0.0307 -0.0003  0.1138 0 
 44.7974 -0.5579  1.2055  0.1284  0.4417  0.0732  0.6149  0.1638 -0.0003  0.8519 0 
 48.6885 -0.5462 -0.2730  0.0271  0.3890  0.0972  0.5588  0.0563 -0.0003  0.2806 0 
 45.7923  0.4837  2.8212  0.0322  0.3567  0.0750  0.3494  0.0281 -0.0003  0.2502 0 
 51.7189  0.1031  1.7447  0.0248  0.1613  0.0598  0.2539  0.0030 -0.0003  0.1213 0 
 43.0793 -0.0979 -1.4227  0.1071  0.3651  0.0394  0.3550  0.0071 -0.0003  0.4842 0 
 51.6091 -0.2185 -2.9781  0.0155  0.3126  0.0237  0.2117  0.0334 -0.0003  0.0921 0 
 50.5379  0.1809  0.1880  0.0162  0.2559  0.0781  0.4683  0.0692 -0.0003  0.1924 0 
 40.0305 -0.5593 -2.2164  0.3180  0.1729  0.0633  0.1810  0.2396  0.4701  0.9987 1 
 31.6106  0.5090  0.8749  0.1449  0.6082  0.0080  0.3385  0.1986  0.0672  0.7226 1 
 41.6693  0.5270  2.8055  0.0459  0.3270  0.0209  0.3582  0.0242 -0.0003  0.1644 0 
 31.6258 -0.5383 -0.3220  0.1642  0.5476  0.0129  0.2901  0.1777  0.1349  0.7820 0 
 44.9714  0.1840  1.3804  0.0876  0.1731  0.1912  0.3949  0.1749 -0.0003  0.6411 0 
 42.8840 -0.2032 -1.7938  0.0588  0.0478  0.0659  0.1778  0.0931 -0.0003  0.1206 0 
 51.5145  0.0757  1.1650  0.0221  0.2715  0.1690  0.5084  0.1518 -0.0003  0.3661 0 
 47.1290 -0.0564 -1.9699  0.0267  0.3154  0.0124  0.3034  0.0986  0.0388  0.1528 0 
 52.2042  0.5222 -0.1987  0.0179  0.3281  0.1813  0.4645  0.0867 -0.0003  0.2706 0 
 43.6530 -0.4831  2.9604  0.0502  0.1956  0.0503  0.2211  0.0091  0.1186  0.3692 0 
 42.2278  0.1330  2.0034  0.5924  0.5553  0.0950  0.3569  0.4808 -0.0003  0.9978 1 
 41.1414 -0.1139 -1.0460  0.1857  0.2818  0.0786  0.4043  0.2711 -0.0003  0.9473 1 
 52.7626 -0.3490 -1.4273  0.0191  0.2128  0.1317  0.5053  0.0756 -0.0003  0.2137 0 
 43.6957  0.3882  1.6819  0.0075  0.5609  0.0565  0.3979  0.0565 -0.0003  0.2021 0 
 43.8178  0.0113  2.9045  0.1027  0.2036  0.0710  0.3976  0.1227 -0.0003  0.5501 0 
 37.1954 -0.0156 -0.2328  0.0281  0.2458  0.0189  0.1847  0.0240 -0.0003  0.0857 0 
 48.4566  0.6390 -2.7290  0.0107  0.5514  0.0391  0.3013  0.0189 -0.0003  0.1946 0 
 44.4617 -0.6366  0.4011  0.0370  0.4174  0.0417  0.2201  0.0129 -0.0003  0.2771 0 
 47.2877  0.8014 -3.0501  0.0367  0.3923  0.0694  0.3031  0.0418 -0.0003  0.3056 0 
 39.7589 -0.7931  0.0855  0.0040  0.1625  0.0221  0.3174  0.0161 -0.0003  0.0461 0 
 49.6834  0.4906  0.4956  0.0927  0.2658  0.0273  0.1710  0.0301 -0.0003  0.2499 0 
 37.0001 -0.4838 -2.6065  0.0445  0.6358  0.0356  0.2775  0.0262 -0.0003  0.3268 0 
 43.7903  0.3754  1.1458  0.0308  0.5267  0.0455  0.2651  0.0626  0.0974  0.5210 0 
 39.6399 -0.3829 -1.9456  0.0125  0.3440  0.1008  0.3631  0.1193 -0.0003  0.2609 0 
 44.1932 -0.1469 -2.6971  0.0003  0.3881  0.0688  0.3526  0.0521 -0.0003  0.1591 0 
 42.1302  0.1480  0.4767  0.0453  0.2662  0.0340  0.3572  0.0082  0.2335  0.5691 0 
 48.4169 -0.1487  3.1181  0.1194  0.3017  0.0335  0.4304  0.0281 -0.0003  0.4751 1 
 40.4425  0.1591 -0.0213  0.5419  0.7455  0.0393  0.5868  0.7937  0.2471  0.9994 1 
 46.3203  0.4867 -2.2332  0.0231  0.3363  0.1444  0.5225  0.0239 -0.0003  0.2372 0 
 41.9196 -0.5037  0.8649  0.0342  0.1564  0.1693  0.4023  0.0258 -0.0003  0.1604 0 
 41.9348  0.5168  1.7531  0.0230  0.5309  0.0134  0.3129  0.0346  0.0921  0.2363 0 
 38.5260 -0.5067 -1.3845  0.0035  0.0790  0.0416  0.3659  0.0336 -0.0003  0.0592 0 
 47.1199 -0.6855  2.3721  0.0044  0.1469  0.0996  0.3034  0.0082 -0.0003  0.0852 0 
 41.0315  0.6773 -0.7748  0.1111  0.2539  0.0207  0.3147  0.0380 -0.0003  0.2896 0 
 45.7740 -0.4462  1.6451  0.0168  0.3672  0.0311  0.3494  0.0130 -0.0003  0.1413 0 
 37.7234  0.4392 -1.4876  0.0093  0.2029  0.0502  0.2760  0.0342 -0.0003  0.0931 0 
 45.2705 -0.4613  2.1736  0.0074  0.3518  0.0206  0.2628  0.0048 -0.0003  0.0908 0 
 45.0751  0.4531 -0.9707  0.0203  0.6236  0.0280  0.5262  0.0566 -0.0003  0.2598 0 
 43.6927 -0.5725 -0.4914  0.0851  0.6366  0.0865  0.5748  0.0964  0.1279  0.7828 0 
 42.4567  0.5712  2.7075  0.0398  0.2658  0.0268  0.4901  0.0272  0.0512  0.3082 0 
 47.8004 -0.2104  1.0464  0.0100  0.5923  0.0264  0.1295  0.0196 -0.0003  0.1794 0 
 46.2104  0.2156 -2.0941  0.0150  0.6496  0.0131  0.2614  0.0623 -0.0003  0.1227 0 
 45.9754  0.3211 -1.4445  0.0294  0.2333  0.0143  0.1745  0.0047 -0.0003  0.0848 0 
 36.7773 -0.3112  1.6900  0.1243  0.5811  0.0323  0.2780  0.0156 -0.0003  0.6525 0 
 50.4219 -0.1452 -3.1284  0.0383  0.3268  0.1280  0.5538  0.0676 -0.0003  0.3316 0 
 38.5992  0.1015  0.0407  0.0033  0.5947  0.0702  0.4571  0.1142 -0.0003  0.2549 0 
 46.0365 -0.4838  1.3045  0.1311  0.1831  0.0281  0.2180  0.2009 -0.0003  0.5595 0 
 38.7701  0.4618 -1.8325  0.0231  0.2632  0.0155  0.4566  0.0255  0.1203  0.3071 0 
 40.1831  0.7540  0.3004  0.0640  0.3395  0.0233  0.3165  0.1630 -0.0003  0.3726 0 
 30.5516 -0.7527 -2.8716  0.0555  0.2677  0.0260  0.2442  0.0848 -0.0003  0.1842 0 
 58.3535 -0.2383  1.0164  0.0166  0.1059  0.0526  0.1232  0.0109 -0.0003  0.0998 0 
 47.5990  0.2689 -2.1323  0.0705  0.0918  0.0872  0.3891  0.3063 -0.0003  0.5110 0 
 47.9530 -0.0479 -0.5253  0.0341  0.1686  0.0434  0.2589  0.0356 -0.0003  0.1054 0 
 45.3712  0.0372  2.5817  0.0187  0.4978  0.0511  0.5691  0.0349 -0.0003  0.2385 0 
 46.8482 -0.3825  0.0502  0.0128  0.4395  0.0489  0.3473  0.0482 -0.0003  0.1905 0 
 45.2277  0.4089 -3.1109  0.0702  0.1292  0.0768  0.2629  0.0131 -0.0003  0.1766 0 
 42.2431 -0.2380  1.1936  0.2949  0.5132  0.0332  0.3123  0.3452 -0.0003  0.9822 1 
 35.2667  0.2305 -1.9862  0.0505  0.4526  0.2316  0.5156  0.1746  1.1526  0.9805 1 
 50.6905  0.1859 -2.9903  0.1193  0.5248  0.0644  0.5105  0.0418 -0.0003  0.6017 0 
 48.1544 -0.1559  0.1467  0.0271  0.7972  0.1598  0.7759  0.0377 -0.0003  0.3406 0 
 38.2086  0.7605 -3.1299  0.0120  0.2027  0.0087  0.2292  0.0334 -0.0003  0.0407 0 
 21.4847 -0.7569 -0.0323  0.0075  0.3684  0.0143  0.2722  0.1209  0.1569  0.3785 0 
 45.4536 -0.7008 -0.1689  0.0402  0.1844  0.0588  0.3501  0.0463 -0.0003  0.1725 0 
 42.3774  0.7039  2.9627  0.0306  0.5530  0.0182  0.3120  0.0976 -0.0003  0.1755 0 
 55.2071 -0.7940  2.4798  0.1848  0.2403  0.1311  0.5829  0.1944 -0.0003  0.9161 1 
 37.5006  0.7990 -0.7214  0.0305  0.5185  0.0333  0.5529  0.1334 -0.0003  0.4234 1 
 48.5267 -0.4577 -0.1046  0.0813  0.7618  0.0522  0.5162  0.1743 -0.0003  0.8154 1 
 41.6754  0.5041  3.0179  0.0249  0.3969  0.1074  0.5373  0.0180 -0.0003  0.2389 1 
 43.9612  0.6725  2.0528  0.1552  0.2698  0.0780  0.4414  0.2275 -0.0003  0.8970 1 
 24.3931 -0.6176 -1.0835  0.3392  0.3784  0.0422  0.3137  0.2338  0.4535  0.9993 1 
 43.5248 -0.1775 -1.7856  0.0013 -1.0000  0.0041  0.0885  0.0328 -0.0003  0.1893 0 
 32.7672  0.1998  1.3678  0.0008  0.1896  0.0335  0.3350  0.0289 -0.0003  0.0585 0 
 45.6001  0.5592  0.5936  0.0565  0.6916  0.0769  0.2623  0.0233 -0.0003  0.4417 1 
 40.9735 -0.5477 -2.5688  0.1960  0.2265  0.0480  0.2699  0.2464 -0.0003  0.8727 1 
 51.4076  0.2856  1.3139  0.0001  0.6860  0.1308  0.3815  0.0336 -0.0003  0.2454 0 
 43.8788 -0.2743 -1.8003  0.0043  0.8098  0.0279  0.3975  0.0898 -0.0003  0.1822 0 
 49.2103 -0.3813 -1.0063  0.5709  0.3052  0.0736  0.2572  0.3575 -0.0003  0.9957 1 
 34.2260  0.3553  2.1075  0.4636  0.6259  0.0457  0.4254  0.2564  0.2886  0.9963 1 
 48.7709  0.1356 -1.6122  0.0379  0.2442  0.0631  0.2148  0.0092 -0.0003  0.2356 0 
 37.3266 -0.1262  1.5285  0.0422  0.6642  0.0733  0.3230  0.0068 -0.0003  0.3099 0 
 49.6315  0.4397  2.7842  0.0654  0.0313  0.0229  0.1711  0.0875 -0.0003  0.0690 0 
 45.3223 -0.4453 -0.3696  0.0359  0.5342  0.0032  0.1314  0.0045 -0.0003  0.1268 0 
 47.7272  0.2711 -0.3292  0.0054  0.2268  0.0661  0.2160  0.0280 -0.0003  0.1358 0 
 44.1108 -0.2664  2.8036  0.0057  0.0994  0.0480  0.3528  0.0090 -0.0003  0.0698 0 
 47.4769 -0.5090  0.2787  0.0149  0.1540  0.2295  0.2596  0.0010 -0.0003  0.1318 0 
 42.7619  0.5115 -2.8315  0.0722  0.4122  0.0449  0.5781  0.0842  0.1533  0.7129 0 
 51.9539  0.1904  1.9419  0.0545  0.6216  0.0624  0.4650  0.0333 -0.0003  0.3792 0 
 51.8379 -0.2011 -1.1722  0.0306  0.4075  0.0472  0.2961  0.0424 -0.0003  0.2467 0 
 46.8391 -0.7584  2.5925  0.0069  0.1036  0.0721  0.3473  0.0139 -0.0003  0.0756 0 
 44.1413  0.7578 -0.5732  0.0407  0.1612  0.0091  0.0882  0.0103 -0.0003  0.0818 0 
 46.7170 -0.1019  2.4449  0.0575  0.2350  0.1995  0.3910  0.0689 -0.0003  0.3391 0 
 43.0945  0.1379 -0.7104  0.0224  0.2550  0.0194  0.2219  0.0379 -0.0003  0.0734 0 
 45.8747 -0.6550  0.4209  0.0832  0.1361  0.0241  0.3056  0.1664 -0.0003  0.2979 0 
 39.8138  0.6633 -2.7453  0.0071  0.4817  0.0251  0.4986  0.0482  0.0970  0.3108 0 
 42.8046  0.1220 -1.7335  0.1064  0.0834  0.0235  0.3556  0.0781 -0.0003  0.1713 0 
 33.1487 -0.1192  1.4363  0.0285  0.2380  0.0176  0.0954 -0.0200 -0.0003  0.1822 0 
 47.8553  0.7238 -2.9352  0.0665  0.2651  0.0409  0.3454  0.1191 -0.0003  0.3898 0 
 47.7211 -0.7313  0.2241  0.0069  0.2715  0.0177  0.2592  0.0095 -0.0003  0.0619 0 
 48.7251  0.2728 -1.5856  0.0361  0.3536  0.1211  0.6016  0.0516 -0.0003  0.3254 0 
 47.4311 -0.2752  1.5737  0.0056  0.4112  0.0699  0.3029  0.0309 -0.0003  0.1914 0 
 46.5431  0.4315 -0.1709  0.0046  0.2730  0.0326  0.2174  0.0185  0.2430  0.5971 0 
 45.2979 -0.4105  2.9550  0.0075  0.3038  0.0607  0.3941  0.0224 -0.0003  0.1501 0 
 41.2421 -0.4241 -0.2191  0.0090  0.3665  0.0196  0.4041  0.1588 -0.0003  0.1688 0 
 39.9359  0.4327  2.9023  0.1261  0.1415  0.0241  0.4076  0.1893 -0.0003  0.5465 0 
 49.8909  0.6896 -1.0072  0.0074  0.5138  0.1483  0.4699  0.0040 -0.0003  0.2116 0 
 42.4872 -0.6825  2.1391  0.0096  0.5625  0.0379  0.4009  0.0204 -0.0003  0.1810 0 
 45.2308  0.2426  0.1417  0.1117  0.1275  0.3249  0.4819  0.0325 -0.0003  0.4690 0 
 42.4689 -0.2195 -3.0301  0.0049  0.1951  0.0738  0.4009  0.0390 -0.0003  0.1091 0 
 50.7759  0.7756 -0.2737  0.0254  0.2824  0.1380  0.6378  0.0202 -0.0003  0.2706 0 
 44.4800 -0.7592  2.8717  0.0105  0.1464  0.0663  0.2200  0.0016 -0.0003  0.1051 0 
 50.4280  0.5104 -1.3616  0.0163  0.4785  0.0516  0.3408  0.0092 -0.0003  0.2209 0 
 46.3050 -0.4880  1.8057  0.0032  0.3617  0.0587  0.4790  0.0522 -0.0003  0.1617 0 
 50.0069 -0.1939 -2.4716  0.0057  0.3208  0.0837  0.2988  0.1236 -0.0003  0.2525 0 
 47.1656  0.1953  0.7068  0.0116  0.3913  0.3089  0.6067  0.0189 -0.0003  0.2642 0 
 45.9785 -0.6045 -2.2840  0.2241  0.6005  0.0348  0.5235  0.3051  0.3285  0.9988 1 
 36.6064  0.5957  0.8594  0.2522  0.4979  0.0636  0.2320  0.1809 -0.0003  0.9421 1 
 39.1302  0.3369  2.5898  0.0475  0.3055  0.0369  0.3188  0.0349 -0.0003  0.2148 0 
 34.8821 -0.3473 -0.5497  0.0582  0.5183  0.0340  0.2351  0.0075 -0.0003  0.3505 0 
 43.4638  0.5301 -2.2381  0.0797  0.2757  0.0403  0.2656  0.0157 -0.0003  0.3060 0 
 39.4354 -0.5323  0.9261  0.0249  0.4318  0.0189  0.4090  0.0429 -0.0003  0.1472 0 
 47.5380 -0.3457  2.5550  0.0175  0.0648  0.1163  0.3892  0.0124 -0.0003  0.0582 0 
 42.2858  0.3503 -0.5715  0.0084  0.2779  0.0210  0.1784  0.0508 -0.0003  0.0781 0 
 47.3945  0.2767 -1.7038  0.0220  0.2701  0.0312  0.3463  0.0261 -0.0003  0.1119 0 
 42.7588 -0.2934  1.4006  0.0162  0.4175  0.0201  0.3113  0.0250 -0.0003  0.1031 0 
 41.4679  0.0348  2.7160  0.0118  0.2620  0.1363  0.5828  0.1817 -0.0003  0.3491 0 
 38.3551 -0.0399 -0.4189  0.0776  0.1972  0.0261  0.2290  0.1292 -0.0003  0.2782 0 
 48.8411  0.4080 -0.0932  0.0042  0.4776  0.0475  0.5583  0.1181 -0.0003  0.2425 0 
 45.6245 -0.4042  3.0280  0.0010  0.5049  0.0271  0.3934  0.0504 -0.0003  0.1108 0 
 52.5948 -0.1828  3.1386  0.0493  0.3833  0.2448  0.4636  0.0242 -0.0003  0.3253 0 
 45.0690  0.1812 -0.0299  0.0179  0.6610  0.0430  0.3947  0.1337 -0.0003  0.3856 0 
 51.0719 -0.6823 -0.9752  0.0354  0.0452  0.0506  0.0849  0.0141 -0.0003  0.1016 0 
 49.1432  0.6750  2.1777  0.0090  0.5861  0.0466  0.3859  0.0112 -0.0003  0.1949 0 
 53.8338  0.6352  0.5393  0.0390  0.4161  0.0479  0.2095  0.0245 -0.0003  0.3087 0 
 45.0813 -0.6331 -2.6516  0.0126  0.4846  0.0870  0.6578  0.0158 -0.0003  0.2279 0 
 39.7101  0.0842 -1.3586  0.6388  0.2144  0.0656  0.4082  0.5250  0.2527  0.9988 1 
 39.6857 -0.1071  1.7842  0.1823  0.8969  0.0216  0.4537  0.1859  0.0367  0.8928 1 
 47.0436  0.2615  0.9341  0.1588  0.2200  0.0877  0.3035  0.1185  0.1921  0.8790 0 
 41.8372 -0.2655 -2.2430  0.0185  0.4488  0.1213  0.5367  0.2480 -0.0003  0.5096 0 
 38.1994  0.0260  1.1818  0.0134  0.1603  0.0254  0.3668  0.0084 -0.0003  0.0650 0 
 34.8302 -0.0006 -1.9549  0.0340  0.3450  0.1487  0.4233  0.0128 -0.0003  0.2422 0 
 46.5614 -0.0901 -0.8915  0.0544  0.0736  0.0550  0.3479  0.0129 -0.0003  0.0985 0 
 39.2554  0.0634  2.2800  0.0009  0.4708  0.0889  0.5460  0.0804 -0.0003  0.2050 0 
 47.3732 -0.6213 -0.9545  0.0270  0.0956  0.1982  0.5194  0.0468 -0.0003  0.1417 0 
 44.0436  0.6217  2.1556  0.0688  0.8316  0.0239  0.2647  0.0607 -0.0003  0.3892 0 
 50.0008  0.7844  1.6740  0.0499  0.1481  0.0645  0.3842  0.0212 -0.0003  0.1686 0 
 42.0203 -0.7909 -1.5587  0.1378  0.5582  0.0850  0.9382  0.0493 -0.0003  0.7912 0 
 62.4521  0.6090  2.9347  0.0557  0.3077  0.1747  0.6867  0.0256 -0.0003  0.4031 0 
 35.7549 -0.5752 -0.1536  0.0286  0.4907  0.0082  0.1868  0.0255 -0.0003  0.1122 0 
 51.1055  0.1856  0.7478  0.0027  0.3187  0.0365  0.5519  0.0485 -0.0003  0.1554 0 
 44.7700 -0.1987 -2.3900  0.0320  0.4049  0.0607  0.3954  0.0108 -0.0003  0.2529 0 
 48.5847 -0.5476  3.0151  0.0338  0.2591  0.0433  0.3870  0.1179 -0.0003  0.2595 0 
 43.9063  0.5427 -0.1357  0.2193  0.3764  0.0208  0.3974  0.1531 -0.0003  0.7502 0 
 49.0730  0.1806 -0.9161  0.0828  0.3421  0.1359  0.5147  0.1263 -0.0003  0.5812 0 
 48.4352 -0.1928  2.2218  0.0676  0.7138  0.0124  0.4304  0.0798  0.1118  0.5358 0 
 48.3497 -0.5131 -1.6990  0.0196  0.3484  0.0476  0.4737  0.1105 -0.0003  0.2688 0 
 48.0415  0.5050  1.4234  0.0195  0.4410  0.0373  0.3450  0.0735 -0.0003  0.1938 0 
 48.5939  0.2937  2.4807  0.0349  0.3947  0.0441  0.3440  0.0493 -0.0003  0.2544 1 
 45.9602 -0.3064 -0.6631  0.5703  0.4890  0.1003  0.6108  0.5073  0.1938  0.9988 1 
 46.3294  0.4229 -2.9760  0.0207  0.2242  0.0284  0.3919  0.0529 -0.0003  0.1005 0 
 38.4558 -0.3949  0.1627  0.0707  0.0675  0.0826  0.3203  0.0475 -0.0003  0.1139 0 
 50.9895 -0.7088  2.0862  0.0265  0.3967  0.0103  0.0850  0.0047 -0.0003  0.1484 0 
 45.0996  0.7171 -1.0668  0.0132  0.4059  0.1482  0.3946  0.0268 -0.0003  0.2136 0 
 51.0018  0.5087 -1.3183  0.0806  0.1374  0.0621  0.4247  0.0590 -0.0003  0.2822 0 
 41.6083 -0.5182  1.7726  0.0108  0.3129  0.1217  0.4927  0.0517 -0.0003  0.1977 0 
 46.3691  0.4404  1.2633  0.0365  0.3644  0.0255  0.3047  0.0528 -0.0003  0.1521 0 
 44.8981 -0.4593 -1.8638  0.0501  0.1580  0.2001  0.3073  0.0484 -0.0003  0.2152 0 
 51.3985  0.5267  2.7174  0.0372  0.4277  0.1172  0.4239  0.0346 -0.0003  0.2714 0 
 41.0101 -0.5044 -0.3709  0.0029  0.2268  0.1090  0.7644  0.1630 -0.0003  0.3527 0 
 46.3539  0.4870  2.7547  0.0107  0.2269  0.0499  0.4788  0.1707  0.3564  0.7097 0 
 35.9777 -0.4429 -0.3579  0.0243  0.2178  0.1386  0.3263  0.0090  0.3878  0.4284 0 
 50.3365 -0.7434  1.3252  0.0036  0.0860  0.1708  0.2983  0.0856 -0.0003  0.0604 0 
 48.1117  0.7118 -1.8807  0.0052  0.3742  0.0302  0.2587  0.1857 -0.0003  0.2378 0 
 46.6468 -0.0639 -0.6842  0.0154  0.2895  0.0697  0.4346  0.0817 -0.0003  0.2041 0 
 44.3214  0.0661  2.4819  0.0290  0.2904  0.0863  0.4405  0.0062 -0.0003  0.2084 0 
 49.5949  0.3141 -2.1491  0.0071  0.5045  0.1067  0.4278  0.0197 -0.0003  0.1933 0 
 43.0488 -0.3530  0.9024  0.0065  0.0395  0.0441  0.2663  0.0392 -0.0003  0.0566 0 
 53.0373  0.2751  2.6796  0.0299  0.2796  0.3073  0.5046  0.1762 -0.0003  0.5107 0 
 47.7150 -0.2646 -0.4979  0.0215  0.0792  0.0340  0.4320  0.0970 -0.0003  0.0971 0 
 47.5898 -0.0404 -2.1989  0.0303  0.0543  0.1906  0.2594  0.0042 -0.0003  0.0522 0 
 43.8972  0.0581  0.9225  0.0030  0.0072  0.0164  0.0883  0.0259 -0.0003  0.0542 0 
 47.2389  0.1845 -1.8726  0.0003  0.1178  0.0331  0.2599  0.1242 -0.0003  0.0657 0 
 44.6326 -0.2236  1.2509  0.0562  0.2699  0.0512  0.6155  0.1854 -0.0003  0.5648 0 
 48.1453 -0.4118  1.5016  0.1660  0.4566  0.0634  0.4310  0.0384 -0.0003  0.6713 1 
 44.4648  0.3855 -1.6443  0.8648  0.4391  0.0333  0.5281  1.1018 -0.0003  0.9986 1 
 46.1219 -0.6575  1.7321  0.0040  0.0704  0.0484  0.2615  0.1757 -0.0003  0.1125 0 
 44.8524  0.6977 -1.4296  0.2304  0.3663  0.0254  0.2634  0.3299 -0.0003  0.9227 0 
 49.2348 -0.3502 -2.2227  0.2591  0.2135  0.0594  0.4715  0.1226 -0.0003  0.8291 0 
 46.9520  0.3369  0.9249  0.2469  0.5134  0.0746  0.4339  0.1331 -0.0003  0.9111 0 
 48.8167 -0.2286  0.4269  0.0134  0.1435  0.1396  0.3865  0.0246 -0.0003  0.0993 0 
 35.3582  0.2190 -2.7228  0.0025  0.4635  0.0651  0.3279  0.0754 -0.0003  0.2030 0 
 49.5247 -0.6577  1.6208  0.0154  0.1176  0.0479  0.2996  0.0587 -0.0003  0.0738 0 
 49.1005  0.6425 -1.5048  0.4967  0.4400  0.0402  0.3860  0.4446 -0.0003  0.9966 0 
 48.8960  0.0797 -0.8329  0.0258  0.4332  0.0456  0.6869  0.0270 -0.0003  0.3002 0 
 45.4170 -0.0757  2.2942  0.0009  0.3767  0.0497  0.5690  0.1444 -0.0003  0.2403 0 
 50.9499 -0.6110 -1.4401  0.0000  0.3111  0.2134  0.3399  0.1086 -0.0003  0.2637 0 
 38.9776  0.6052  1.7301  0.0001  0.3648  0.0276  0.2736  0.2908 -0.0003  0.3892 0 
 43.2837  0.4742  1.3117  0.3373  0.3059  0.0324  0.4876  0.6715 -0.0003  0.9980 1 
 41.1475 -0.4741 -1.8327  0.4668  0.3434  0.0991  0.3594  0.3222  0.3483  0.9988 1 
 50.6233 -0.7549  2.1071  0.0451  0.5733  0.1578  0.2979  0.0501 -0.0003  0.3487 0 
 44.2634  0.7377 -1.1166  0.0359  0.6973  0.0320  0.1762  0.0735 -0.0003  0.2546 0 
 43.9307  0.7317  0.5344  0.1183  0.1147  0.0224  0.3532  0.1794 -0.0003  0.4135 0 
 40.9827 -0.7281 -2.6008  0.0402  0.5844  0.0300  0.2249  0.1039  0.1502  0.5973 0 
 57.1603  0.3076 -3.0444  0.0833  0.5661  0.0485  0.4953  0.1162 -0.0003  0.6668 0 
 44.7364 -0.2866  0.1133  0.1216  0.5384  0.0107  0.2636  0.1246  0.0176  0.4702 0 
 50.3731 -0.3949 -2.3456  0.0005  0.7206  0.2221  0.3835  0.1935 -0.0003  0.4617 0 
 39.3957  0.4011  0.8243  0.0043  0.8179  0.0222  0.5455  0.1165 -0.0003  0.2615 0 
 45.8412  0.6870  1.5327  0.0199  0.2084  0.0750  0.3056  0.0506 -0.0003  0.1499 0 
 35.5474 -0.6861 -1.6194  0.0138  0.0565  0.0847  0.3274  0.0234 -0.0003  0.0659 0 
 47.9347  0.1891 -0.3727  0.0324  0.1238  0.0358  0.0863  0.0034 -0.0003  0.1126 0 
 42.4842 -0.1885  2.7854  0.0203  0.7179  0.0091  0.3118  0.0234 -0.0003  0.1236 0 
 49.7414 -0.7754 -2.8954  0.0723  0.6470  0.0938  0.2992  0.1064 -0.0003  0.6338 0 
 44.9531  0.7819  0.2442  0.0440  0.6150  0.0321  0.3072  0.1364 -0.0003  0.4116 0 
 45.2216 -0.5629  0.9731  0.1897  0.2033  0.0243  0.2629  0.2115  0.2556  0.9864 1 
 44.1444  0.5589 -2.1895  0.5524  0.2300  0.0277  0.3528  0.5212 -0.0003  0.9962 1 
 42.3407 -0.4022  2.9173  0.0132  0.5848  0.0554  0.4012  0.0244 -0.0003  0.2082 0 
 42.2278  0.4544 -0.2162  0.0562  0.2633  0.0275  0.3569  0.1038 -0.0003  0.2575 0 
 48.1727 -0.5987  0.6323  0.0848  0.7469  0.0453  0.3879  0.1091  0.1068  0.7745 0 
 42.6459  0.5896 -2.4711  0.0157  0.2892  0.1115  0.3560  0.0147 -0.0003  0.1686 0 
 43.0579 -0.1548  1.0113  0.0349  0.7384  0.0387  0.2663  0.0064 -0.0003  0.3405 0 
 39.0112  0.1369 -2.1426  0.0612  0.5981  0.0155  0.1823  0.0204 -0.0003  0.1980 0 
 47.0802  0.5030 -2.8415  0.0420  0.5574  0.0811  0.5203  0.1081 -0.0003  0.4058 0 
 46.6163 -0.4661  0.2980  0.0199  0.6078  0.1326  0.4781  0.1098 -0.0003  0.3302 0 
 45.7191 -0.7026 -2.4044  0.0077  0.1587  0.0636  0.3495  0.0129 -0.0003  0.0942 0 
 45.1972  0.7030  0.7512  0.0653  0.2477  0.0331  0.3506  0.1584 -0.0003  0.3976 0 
 46.7536  0.1615  1.1252  0.3143  0.2452  0.0669  0.3475  0.3841 -0.0003  0.9915 0 
 31.0216 -0.1523 -2.0406  0.1628  0.2212  0.0266  0.2431  0.1461  0.2237  0.9396 0 
 50.9224  0.0073 -0.2452  0.0022  0.7074  0.0961  0.4249  0.0173 -0.0003  0.2170 0 
 43.4211 -0.0187  2.9116  0.0041  0.5556  0.0468  0.5314  0.0541 -0.0003  0.1883 0 
 47.7363 -0.2537 -2.9641  0.3529  0.5451  0.0891  0.8208  0.2789 -0.0003  0.9947 1 
 43.9551  0.2643  0.1575  0.4597  0.3861  0.0776  0.3531  0.3204 -0.0003  0.9946 1 
 51.2917  0.4402  3.0888  0.0421  0.1899  0.0845  0.2120  0.0272 -0.0003  0.2118 0 
 46.7536 -0.4587 -0.0874  0.0361  0.4857  0.0450  0.2172  0.0158 -0.0003  0.3188 0 
 49.2500 -0.6488  1.2479  0.0033  0.0408  0.0081  0.1285  0.0134 -0.0003  0.0420 0 
 40.0244  0.6623 -1.9089  0.0406  0.2225  0.0349  0.2716  0.0528 -0.0003  0.1335 0 
 42.7649 -0.6067 -1.3839  0.0067  0.2825  0.0386  0.2668  0.0147 -0.0003  0.1052 0 
 32.7611  0.5920  1.7418  0.0066  0.2910  0.0574  0.2872  0.0284 -0.0003  0.1412 0 
 47.9316  0.7269  0.2483  0.0214  0.1053  0.0666  0.2589  0.0539 -0.0003  0.0894 0 
 47.7729 -0.7171 -2.8140  0.0141  0.1586  0.0919  0.4751  0.0366 -0.0003  0.1232 0 
 46.0426  0.2109 -0.4165  0.0818  0.5522  0.0200  0.2617  0.1702  0.2305  0.8297 0 
 45.7679 -0.2072  2.7223  0.0103  0.5612  0.0487  0.4804 -0.0200 -0.0003  0.1872 0 
 41.7670 -0.7746 -2.6899  0.1189  0.5878  0.0228  0.3133  0.1946  0.1338  0.7993 1 
 31.3420  0.7229  0.4215  0.0288  0.7343  0.1099  0.4848  0.1696  0.4365  0.9021 1 
 43.2502  0.7349  0.1340  0.0627  0.6173  0.0623  0.2660  0.1539 -0.0003  0.7392 0 
 42.0294 -0.7058 -3.0265  0.0006  0.5428  0.0968  0.4021  0.0306 -0.0003  0.1837 0 
 43.5798  0.4420  2.9543  0.0268  0.1798  0.0291  0.2212  0.0569  0.1770  0.4479 0 
 35.4894 -0.4197 -0.1732  0.0451  0.3333  0.0277  0.2808  0.0408 -0.0003  0.1676 0 
 49.6529 -0.4737  1.8382  0.0038  0.3220  0.0259  0.4704  0.0843 -0.0003  0.1219 0 
 41.8982  0.4347 -1.3247  0.0130  0.3780  0.0292  0.3130  0.1603 -0.0003  0.2146 0 
 52.0729 -0.2023  2.1204  0.0391  0.3356  0.0946  0.2113  0.0037 -0.0003  0.2953 0 
 46.3264  0.2056 -1.0232  0.0089  0.2496  0.0370  0.3048  0.0198 -0.0003  0.0896 0 
 33.6278  0.0640 -1.2599  0.0636  0.2277  0.0347  0.2851  0.0110 -0.0003  0.2006 0 
 32.1538 -0.0362  1.8791  0.0653  0.1922  0.0161  0.1444  0.0388 -0.0003  0.1154 0 
 52.6345  0.3477 -2.4944  0.1946  0.5904  0.2448  0.6320  0.1782 -0.0003  0.9303 1 
 47.3548 -0.3234  0.7393  0.0859  0.3598  0.0492  0.3463  0.0870 -0.0003  0.5252 1 
 53.6721 -0.0364  2.5662  0.0304  0.3619  0.0248  0.2516  0.0196 -0.0003  0.1353 0 
 50.6844  0.0403 -0.5473  0.0081  0.1189  0.0248  0.1276  0.0620 -0.0003  0.0560 0 
 47.0069  0.7678 -0.8292  0.0110  0.0489  0.0856  0.3470  0.0048 -0.0003  0.0633 0 
 45.4658 -0.7807  2.2889  0.0089  0.3258  0.0712  0.3062  0.0125 -0.0003  0.1779 0 
 47.3915 -0.5377  2.1122  0.0590  0.2809  0.0738  0.4328  0.0434 -0.0003  0.3408 0 
 39.3103  0.5414 -1.0467  0.0517  0.4634  0.0374  0.2274  0.0141 -0.0003  0.3191 0 
 47.7424  0.3720 -1.1814  0.4502  0.4330  0.1011  0.3888  0.2756 -0.0003  0.9942 1 
 44.7181 -0.3110  1.9073  0.4398  0.4073  0.0543  0.1758  0.2425 -0.0003  0.9876 1 
 44.8646  0.6377 -2.4141  0.0131  0.4648  0.0695  0.4390  0.2403 -0.0003  0.4916 0 
 42.4445 -0.6236  0.7565  0.0049  0.7708  0.0685  0.6238  0.0109 -0.0003  0.2408 0 
 48.8258 -0.7288 -0.1893  0.0241  0.3004  0.0825  0.4725  0.0812 -0.0003  0.2551 0 
 48.0293  0.7308  2.9274  0.0968  0.2615  0.0530  0.4313  0.0403 -0.0003  0.4314 0 
 45.9236 -0.0195 -2.4074  0.2290  0.4783  0.0605  0.6109  0.2121 -0.0003  0.9634 1 
 36.9818  0.0060  0.7308  0.0554  0.4069  0.0466  0.3238  0.1015  0.4327  0.9803 1 
 49.1646 -0.4614  1.9379  0.1010  0.2860  0.0554  0.3001  0.1374 -0.0003  0.6266 1 
 43.5187  0.4862 -1.2139  0.2744  0.4444  0.0875  0.4426  0.4246 -0.0003  0.9962 1 
 44.7059 -0.4068 -1.3247  0.0000  0.0881  0.0186  0.1318  0.0015 -0.0003  0.0544 0 
 38.4863  0.4059  1.8547  0.0082  0.0994  0.0110  0.2287  0.0229 -0.0003  0.0339 0 
 41.9776 -0.4852  1.2891  0.2598  0.6585  0.0348  0.6256  0.3088 -0.0003  0.9773 1 
 35.6817  0.4098 -1.8092  0.3687  0.7062  0.0363  0.2803  0.2863  0.2466  0.9901 1 
 59.4492 -0.0730 -2.9676  0.0050  0.5749  0.0613  0.4088  0.0109 -0.0003  0.1782 0 
 51.6396  0.0724  0.1664  0.0141  0.0242  0.0054  0.0423  0.0001 -0.0003  0.0638 0 
 42.1607  0.4599  3.1392  0.1006  0.1261  0.0609  0.2678  0.2001  0.6009  0.9967 1 
 35.8526 -0.4847  0.0378  0.3116  0.5296  0.0293  0.4666  0.2314  0.2322  0.9956 1 
 44.6235 -0.7104  1.2053  0.0002  0.6523  0.1248  0.6595  0.0460 -0.0003  0.2486 0 
 39.5300  0.7073 -1.9473  0.0313  0.4660  0.0308  0.3179  0.0720 -0.0003  0.2069 0 
 51.0262  0.3617  0.2861  0.0769  0.1850  0.0426  0.1699  0.0167 -0.0003  0.2339 0 
 44.2298 -0.3609 -2.8236  0.0458  0.3655  0.0531  0.3526  0.1223 -0.0003  0.4274 0 
 70.3990 -0.6608  1.3147  0.0276  0.1231  0.0427  0.2748  0.0005 -0.0003  0.0865 0 
 39.6033  0.6712 -1.8714  0.0076  0.2569  0.1535  0.4539  0.0014 -0.0003  0.1633 0 
 49.1005 -0.6960  2.4057  0.0047  0.6462  0.1914  0.5575  0.2055 -0.0003  0.4587 0 
 44.1718  0.7129 -0.7161  0.1147  0.2009  0.0180  0.3967  0.1601 -0.0003  0.4933 0 
 53.7667  0.2826  1.8392  0.0000  0.0288  0.0335  0.2934  0.0258 -0.0003  0.0485 0 
 51.0018 -0.2632 -1.2776  0.0258  0.2943  0.1796  0.2973  0.0065 -0.0003  0.2068 0 
 38.1476  0.3795  1.5655  0.1566  0.2262  0.0319  0.4586  0.2850  0.1024  0.9144 1 
 32.9046 -0.3552 -1.5267  0.1073  0.4173  0.0206  0.2390  0.1444  0.3142  0.9834 1 
 45.4139  0.7882 -0.9968  0.0610  0.0861  0.0351  0.3063  0.0584 -0.0003  0.0935 0 
 40.4242 -0.7722  2.1686  0.0177  0.4980  0.0321  0.1805  0.0215  0.1825  0.5020 0 
 38.9990 -0.3549 -0.9476  0.0142  0.0364  0.0793  0.2279 -0.0003 -0.0003  0.0808 0 
 38.1140  0.3050  2.1952  0.0474  0.2321  0.0429  0.3211  0.0163 -0.0003  0.1891 0 
 47.7546  0.4191 -1.6734  0.0363  0.1839  0.0671  0.3888  0.0655 -0.0003  0.1915 0 
 44.6845 -0.4043  1.4747  0.0037  0.2463  0.0188  0.2198  0.0674 -0.0003  0.0564 0 
 44.5197 -0.4563  2.5260  0.0786  0.1633  0.0419  0.3520  0.0392  0.0930  0.4112 0 
 30.7927  0.4477 -0.6051  0.0298  0.6613  0.0216  0.3898  0.0469  0.1489  0.4768 0 
 40.8057 -0.4314 -2.4300  0.0361  0.5608  0.0284  0.5404  0.1284 -0.0003  0.4559 0 
 37.6623  0.4699  0.7232  0.0171  0.0619  0.0687  0.2761  0.0121 -0.0003  0.0757 0 
 40.0824 -0.0466 -2.2192  0.0273  0.1082  0.0370  0.2715  0.0458 -0.0003  0.0655 0 
 39.0814  0.0628  0.8716  0.0411  0.3191  0.0332  0.3645  0.0517 -0.0003  0.2069 0 
 47.4769  0.1031  1.4936  0.0203  0.0730  0.0356  0.2163  0.0107 -0.0003  0.0607 0 
 45.7252 -0.1121 -1.6710  0.1079  0.2166  0.0284  0.2184  0.0622 -0.0003  0.2790 0 
 59.0707 -0.4064 -0.3019  0.0070  0.3674  0.0399  0.4094  0.0546 -0.0003  0.1406 0 
 48.5389  0.4032  2.8669  0.1026  0.4784  0.0248  0.2581  0.0816 -0.0003  0.4281 0 
 45.6397 -0.4690 -0.5981  0.0062  0.1651  0.1892  0.5245  0.0151 -0.0003  0.1478 0 
 38.4955  0.4639  2.5476  0.0032  0.2430  0.0625  0.4575  0.0297 -0.0003  0.1276 0 
 47.7272 -0.7323 -2.9976  0.0191  0.3920  0.0601  0.5184  0.0788 -0.0003  0.2600 0 
 47.1229  0.7469  0.1058  0.0193  0.2397  0.0406  0.3034  0.0292 -0.0003  0.1100 0 
 45.5604  0.4271 -1.2879  0.0280  0.5661  0.0208  0.4810  0.0153  0.1352  0.4650 0 
 39.6307 -0.4334  1.8529  0.0237  0.2665  0.0297  0.2723  0.0726 -0.0003  0.1081 0 
 51.2093  0.7259  2.4688  0.0295  0.6370  0.0408  0.4243  0.0391 -0.0003  0.2891 0 
 45.8228 -0.7334 -0.6728  0.0487  0.0991  0.0545  0.3057  0.0180 -0.0003  0.1022 0 
 51.0536  0.0952 -2.1632  0.0110  0.1033  0.0070  0.0849  0.0076 -0.0003  0.0518 0 
 49.8665 -0.1020  0.9658  0.0051  0.5096  0.0352  0.2136  0.0015 -0.0003  0.2095 0 
 48.4016 -0.0468 -2.9851  0.0027  0.1174  0.0351  0.3444  0.0401 -0.0003  0.0532 0 
 45.6733  0.0460  0.1600  0.0394  0.5135  0.0247  0.2185  0.0207 -0.0003  0.1907 0 
 48.9418 -0.7843 -2.2585  0.0255  0.3380  0.0830  0.2575  0.2529 -0.0003  0.5836 0 
 41.2665  0.7901  0.9126  0.0016  0.2737  0.0595  0.3591  0.0062 -0.0003  0.1313 0 
 44.3305 -0.0244  2.8009  0.2080  0.6134  0.0410  0.5285  0.1818 -0.0003  0.9316 1 
 44.0925  0.0149 -0.3314  1.0094  0.6042  0.0587  0.2646  0.7579 -0.0003  0.9981 1 
 44.2817  0.1334 -1.6163  0.4106  0.3476  0.0476  0.4846  0.4958 -0.0003  0.9969 1 
 40.5585 -0.1476  1.5471  0.4191  0.2662  0.0241  0.4961  0.2625 -0.0003  0.9751 1 
 43.2471 -0.4542  1.4367  0.0021  0.4376  0.0395  0.6650  0.1385 -0.0003  0.2725 0 
 42.7924  0.4698 -1.6741  0.0235  0.1755  0.0717  0.3556  0.0703 -0.0003  0.1473 0 
 45.0813 -0.1908  1.6628  0.0023  0.2423  0.0335  0.3946  0.0107  0.1053  0.1879 0 
 40.8789  0.2231 -1.4587  0.1392  0.3092  0.0420  0.4050  0.0242 -0.0003  0.5199 0 
 42.5727  0.5825 -0.5692  0.3795  0.5221  0.0955  0.5788  0.4866  0.1728  0.9986 1 
 35.6909 -0.5978  2.6131  0.1252  0.5224  0.0414  0.4672  0.1017  0.3427  0.9887 1 
 49.8817 -0.6803 -2.4757  0.0326  0.1457  0.0198  0.1708  0.0115 -0.0003  0.0623 0 
 45.4505  0.6950  0.6922  0.0108  0.6159  0.0222  0.2188  0.0668 -0.0003  0.1357 0 
 47.4861  0.7021 -1.9263  0.0131  0.2893  0.0650  0.3461  0.0080 -0.0003  0.1671 0 
 42.4964 -0.7086  1.1825  0.0324  0.4614  0.0781  0.3563  0.0172 -0.0003  0.2576 0 
 51.7494 -0.5632  0.2191  0.0111  0.4512  0.0457  0.3385  0.0335 -0.0003  0.1798 0 
 41.9043  0.5526 -2.9271  0.0692  0.1517  0.0228  0.2683  0.0375 -0.0003  0.1060 0 
 45.9876  0.7815  0.3388  0.0022  0.5331  0.0776  0.6543  0.0202 -0.0003  0.1991 0 
 45.9724 -0.7993 -2.7796  0.0056  0.6405  0.0197  0.1745  0.1291 -0.0003  0.1570 0 
 44.4038 -0.1564  0.5083  0.3965  0.3821  0.0755  0.4843  0.4749 -0.0003  0.9975 1 
 42.7161  0.1810 -2.6172  0.3783  0.1265  0.0362  0.4448  0.3576  0.3376  0.9997 1 
 58.9914 -0.7188  1.4956  0.0961  0.5924  0.0488  0.2457  0.0455 -0.0003  0.6572 0 
 45.5024  0.7226 -1.6342  0.0093  0.4680  0.0341  0.4812  0.0434 -0.0003  0.1758 0 
 45.1759  0.2070  1.1543  0.0278  0.0488  0.0807  0.2629  0.0247 -0.0003  0.0761 0 
 44.6510 -0.2012 -1.9878  0.0839  0.3433  0.0178  0.2198  0.0842 -0.0003  0.2272 0 
 47.5654 -0.6861 -1.6321  0.0815  0.2488  0.0213  0.4324  0.1010 -0.0003  0.3698 0 
 46.7353  0.6951  1.5213  0.1034  0.2304  0.0977  0.4344  0.1468 -0.0003  0.6533 0 
 44.3549  0.5133 -1.4386  0.5355  0.4540  0.0428  0.2642  0.4226 -0.0003  0.9970 1 
 37.5830 -0.5131  1.7224  0.1226  0.2667  0.0661  0.3224  0.2338 -0.0003  0.8161 1 
 47.3487 -0.6163 -2.2468  0.0459  0.5307  0.0591  0.4329  0.0110 -0.0003  0.3187 0 
 39.6643  0.6095  0.8845  0.0088  0.3045  0.2198  0.3630  0.0174 -0.0003  0.2022 0 
 41.8372  0.1676 -2.4861  0.0107  0.3632  0.1260  0.5367  0.0087 -0.0003  0.1989 0 
 40.4974 -0.1628  0.6699  0.1015  0.0469  0.0136  0.1354  0.0152 -0.0003  0.0544 0 
 47.6081 -0.0405 -2.4186  0.0077  0.7057  0.0717  0.4755  0.0103 -0.0003  0.2113 0 
 46.7445  0.0067  0.7150  0.0062  0.3591  0.0516  0.2606  0.0605 -0.0003  0.1621 0 
 46.1555  0.3538 -0.2423  0.0871  0.2155  0.0294  0.3922  0.0663 -0.0003  0.3141 0 
 41.0407 -0.3299  2.9276  0.0000  0.1098  0.0348  0.1798  0.0046 -0.0003  0.0624 0 
 46.5553  0.7287 -2.6436  0.0174  0.6203  0.0212  0.1740  0.0025 -0.0003  0.1758 0 
 43.3875 -0.7373  0.4677  0.0598  0.2294  0.0479  0.4429  0.1309 -0.0003  0.4028 0 
 51.8379  0.1569 -1.6682  0.0185  0.3937  0.1490  0.3807  0.0363  0.1191  0.3455 0 
 43.6439 -0.1722  1.5112  0.0634  0.3583  0.0442  0.3096  0.0621 -0.0003  0.3656 0 
 45.6184 -0.7875 -2.6763  0.0860  0.1033  0.0271  0.4371  0.0208  0.0765  0.3297 0 
 45.4475  0.7842  0.4508  0.0189  0.2416  0.0182  0.3501  0.0577 -0.0003  0.0700 0 
 45.2003 -0.0054 -0.0142  0.0589  0.3501  0.0152  0.4820  0.1531 -0.0003  0.4215 0 
 40.7324 -0.0105  3.1084  0.3366  0.5539  0.1004  0.4054  0.4089 -0.0003  0.9972 0 
 51.3008 -0.2156  2.2284  0.0511  0.3267  0.0749  0.5089  0.0512 -0.0003  0.3587 0 
 49.0852  0.2372 -0.9370  0.5360  0.1471  0.0621  0.5576  0.2193 -0.0003  0.9637 0 
 45.0599 -0.3830 -0.1139  0.0272  0.2284  0.0194  0.2631  0.0801 -0.0003  0.0819 0 
 43.4577  0.3915  3.0304  0.0173  0.2220  0.0354  0.2656  0.0023 -0.0003  0.1018 0 
 45.9785  0.4088  2.6199  0.0191  0.2009  0.0207  0.1745  0.0030 -0.0003  0.0764 0 
 44.6113 -0.4288 -0.5142  0.0186  0.2172  0.0081  0.0879  0.0042 -0.0003  0.0940 0 
 51.5785  0.7002 -0.3341  0.0146  0.2141  0.2016  0.4235  0.0087 -0.0003  0.1731 0 
 45.9266 -0.6976  2.8450  0.0029  0.5646  0.0580  0.5673  0.0215 -0.0003  0.1800 0 
 41.4343  0.7459 -0.6005  0.0012  0.4367  0.0464  0.2691  0.0154 -0.0003  0.1727 0 
 34.3877 -0.7512  2.5232  0.0297  0.3120  0.0415  0.2832  0.0070 -0.0003  0.1912 0 
 42.6154 -0.7817 -1.0746  0.0685  0.2491  0.0849  0.1780  0.0342 -0.0003  0.3905 0 
 41.5015  0.7874  2.0457  0.0345  0.2591  0.0391  0.3586  0.1274 -0.0003  0.2527 0 
 44.2206 -0.5820  2.6361  0.0535  0.3753  0.0326  0.2645  0.0778 -0.0003  0.2608 0 
 43.8880  0.5980 -0.4682  0.0435  0.1294  0.0262  0.1767  0.0739  0.0346  0.1317 0 
 47.1687 -0.0462 -0.2360  0.0150  0.2054  0.1748  0.4767  0.0904 -0.0003  0.2170 0 
 45.5573  0.0482  2.8911  0.1020  0.4729  0.0387  0.3935  0.0253 -0.0003  0.5551 0 
 54.9203 -0.7716 -2.8038  0.0049  0.6198  0.2141  0.3752  0.0473 -0.0003  0.2774 0 
 44.1688  0.7720  0.2967  0.0130  0.2235  0.0478  0.3968  0.0704 -0.0003  0.1288 0 
 57.3342 -0.7556  2.6752  0.0943  0.2837  0.1476  0.6599  0.1133 -0.0003  0.6672 0 
 40.1038  0.7439 -0.4966  0.1155  0.6001  0.0120  0.1810  0.0452 -0.0003  0.3540 0 
 46.0700  0.4344  2.8442  0.2161  0.1090  0.1505  0.5668  0.1667 -0.0003  0.8421 0 
 35.6146 -0.4314 -0.3210  0.0026  0.3869  0.0242  0.3272  0.0695 -0.0003  0.0834 0 
 48.7160  0.5708  1.4728  0.0105  0.3088  0.0175  0.2579  0.0247 -0.0003  0.0673 0 
 39.6643 -0.5880 -1.6588  0.0199  0.1907  0.0211  0.3630  0.0351 -0.0003  0.0657 0 
 49.8604  0.7371  2.3883  0.0038  0.3434  0.0441  0.3845  0.0931  0.2180  0.4684 0 
 37.2503 -0.7459 -0.7590  0.0287  0.3179  0.0389  0.3231  0.0768 -0.0003  0.1870 0 
 51.4321 -0.7549 -0.6057  0.0217  0.4747  0.1288  0.5510  0.0596 -0.0003  0.2683 1 
 28.0705  0.7816  2.5927  0.0413  0.2325  0.0227  0.4507  0.0189 -0.0003  0.1655 1 
 45.0751 -0.2102  0.1134  0.2410  0.1818  0.0447  0.2631  0.2967 -0.0003  0.9151 1 
 19.4736  0.2585 -3.0137  0.3524  0.6863  0.0139  0.2250  0.4271  0.1953  0.9947 1 
 42.4201 -0.3044 -1.4907  0.0195  0.4259  0.1385  0.5793  0.0189 -0.0003  0.2441 0 
 39.7040  0.2942  1.6745  0.0048  0.5157  0.0336  0.5897 -0.0200 -0.0003  0.1802 0 
 41.0040  0.7501  1.9882  0.0089  0.3306  0.0250  0.1799  0.0368 -0.0003  0.1010 0 
 40.4639 -0.7530 -1.1125  0.0116  0.6687  0.1012  0.1805  0.1516 -0.0003  0.5876 0 
 48.8014 -0.0212 -0.2562  0.4786  0.2477  0.0461  0.3866  0.2265 -0.0003  0.9751 1 
 42.8717  0.0515  2.8567  0.0349  0.2172  0.0550  0.3999  0.0677 -0.0003  0.2058 1 
 48.6061  0.1061 -1.4741  0.0487  0.1734  0.0955  0.4730  0.0853 -0.0003  0.2921 0 
 44.1321 -0.0764  1.6493  0.1760  0.2642  0.0919  0.4851  0.0563  0.3953  0.9345 0 
 58.9731  0.7163  2.6124  0.7386  0.4323  0.0630  0.3686  0.6835 -0.0003  0.9980 1 
 48.4688 -0.7249 -0.4493  0.1652  0.5142  0.0569  0.3012  0.2528 -0.0003  0.9395 1 
 45.1911  0.1984 -2.5238  0.2430  0.3211  0.0694  0.3506  0.5234 -0.0003  0.9954 1 
 30.9911 -0.2534  0.6083  0.6080  0.1778  0.0335  0.5350  0.6466  0.2074  0.9998 1 
 43.1861  0.5237  1.6730  0.0591  0.2754  0.0471  0.4435  0.0573 -0.0003  0.3376 0 
 38.2116 -0.5381 -1.4831  0.0129  0.5636  0.0251  0.2750  0.0309 -0.0003  0.1351 0 
 50.4982 -0.1314  0.4028  0.0071  0.4114  0.0616  0.2981  0.0427 -0.0003  0.1931 0 
 45.0660  0.1207 -2.7270  0.0659  0.5114  0.0248  0.3508  0.0507 -0.0003  0.3411 0 
 76.9848  0.0127  3.1307  0.0484  0.1349  0.0490  0.3076  0.0268 -0.0003  0.1218 0 
 45.4353  0.0136 -0.0566  0.0060  0.5369  0.0266  0.4813  0.0578 -0.0003  0.1597 0 
 38.2147  0.6246 -2.9992  0.2333  0.4634  0.0170  0.1833  0.1708 -0.0003  0.6989 1 
 35.3735 -0.6161  0.0939  0.4197  0.5239  0.0610  0.4683  0.3539 -0.0003  0.9930 1 
 43.7171 -0.0772 -1.9622  0.0206  0.7524  0.0559  0.5747  0.1003 -0.0003  0.3693 0 
 42.7924  0.1002  1.1633  0.0263  0.6863  0.0543  0.2223  0.1074 -0.0003  0.4696 0 
 48.7312  0.8001  1.6169  0.0014  0.5425  0.0296  0.2578  0.0137 -0.0003  0.1444 0 
 45.3254 -0.7964 -1.4863  0.0291  0.2728  0.0409  0.3503  0.0373 -0.0003  0.1595 0 
 43.5676  0.1485 -0.8817  0.0031  0.3704  0.1077  0.4867  0.0244 -0.0003  0.1702 0 
 37.3510 -0.0813  2.1954  0.0845  0.7588  0.0212  0.4613  0.0845  0.0616  0.6549 0 
 45.4170  0.1105 -0.1095  0.2822  0.3955  0.0133  0.3063  0.1910 -0.0003  0.7937 0 
 39.0112 -0.1302  3.0674  0.0625  0.2151  0.0346  0.5014  0.0323 -0.0003  0.2888 0 
 56.5682 -0.0820  1.5868  0.0350  0.7057  0.0466  0.2069  0.0496  0.2313  0.6989 0 
 48.8045  0.1007 -1.6093  0.1785  0.1281  0.0998  0.2577  0.2320 -0.0003  0.8412 0 
 48.9937  0.4280 -1.2637  0.0384  0.1562  0.0551  0.4291  0.0745 -0.0003  0.1857 0 
 45.6031 -0.4450  1.8877  0.0009  0.2332  0.0150  0.3060  0.0882 -0.0003  0.0479 0 
 38.2544 -0.4288  2.5502  0.0110  0.2615  0.0542  0.3666  0.0231 -0.0003  0.1351 0 
 36.6674  0.4306 -0.6035  0.0139  0.1947  0.0228  0.3246  0.0270 -0.0003  0.0569 0 
 49.0059 -0.2026 -1.5154  0.0226  0.3636  0.1634  0.4720  0.1513 -0.0003  0.3696 0 
 46.2531  0.2168  1.5609  0.0300  0.2474  0.1067  0.3485  0.0532 -0.0003  0.2096 0 
 48.4199  0.4477  3.0861  0.0561  0.0974  0.0780  0.1291  0.0843 -0.0003  0.1844 0 
 40.5219 -0.4266 -0.0213  0.1315  0.2316  0.2012  0.4511  0.0248  0.4335  0.7619 0 
 51.7647 -0.1194 -0.3336  0.0126  0.9332  0.0256  0.2539  0.0510  0.0402  0.2463 0 
 46.8849  0.0997  2.7989  0.0832  0.2677  0.2433  0.4774  0.0264 -0.0003  0.4168 0 
 52.9641  0.6780  2.7221  0.0003  0.0676  0.0207  0.2103  0.0573 -0.0003  0.0385 0 
 42.0020 -0.6666 -0.4487  0.0306  0.3854  0.0254  0.3574  0.0440 -0.0003  0.1564 0 
 49.1493  0.7029  2.8371  0.0043  0.1633  0.0469  0.2573  0.1079 -0.0003  0.0913 0 
 41.6236 -0.6972 -0.2601  0.0672  0.0208  0.0219  0.1792  0.0225 -0.0003  0.0524 0 
 45.7252 -0.3104  0.5135  0.0228  0.4601  0.0330  0.3932  0.0379 -0.0003  0.1961 0 
 43.0457  0.3051 -2.6241  0.2392  0.5895  0.0447  0.3107  0.3298 -0.0003  0.9779 0 
 50.5135 -0.2487 -0.0632  0.0272  0.4257  0.0920  0.5961  0.0583  0.2116  0.5304 0 
 42.4842  0.2860  3.0807  0.0235  0.8475  0.0381  0.4455  0.0242 -0.0003  0.2828 0 
 48.1117  0.7993  1.3416  0.0721  0.3666  0.0448  0.3880  0.0533  0.0767  0.5647 1 
 42.4140 -0.7808 -1.7760  0.1485  0.3289  0.1252  0.2674  0.1321 -0.0003  0.8027 1 
 47.0161 -0.3454 -0.5132  0.0531  0.4359  0.1072  0.4337  0.0215 -0.0003  0.3112 0 
 46.4271  0.3048  2.6362  0.0128  0.2705  0.0368  0.4352  0.0162 -0.0003  0.1312 0 
 48.6519 -0.7773 -1.4439  0.0843  0.3624  0.0586  0.5588  0.0430 -0.0003  0.4889 0 
 44.7364  0.7733  1.6916  0.0350  0.7254  0.0243  0.3955  0.1197 -0.0003  0.3436 0 
 58.7716  0.2767 -2.4805  0.0016  0.2320  0.1105  0.4099  0.0540 -0.0003  0.1260 0 
 48.2856 -0.2702  0.6583  0.0004  0.8224  0.0345  0.2585  0.0436 -0.0003  0.1760 0 
 45.8198 -0.3190  0.8762  0.0377  0.6295  0.0280  0.3057  0.0245 -0.0003  0.2438 0 
 40.0580  0.3099 -2.2369  0.1340  0.2576  0.0693  0.1358  0.2159 -0.0003  0.7878 0 
 47.9530  0.5505  2.6043  0.0086  0.1286  0.0472  0.2589  0.0168  0.0272  0.0900 0 
 38.5138 -0.5706 -0.5711  0.0049  0.5788  0.0534  0.3659  0.0689 -0.0003  0.2069 0 
 54.6273  0.0842 -0.9504  0.0060  0.1883  0.0884  0.2087  0.0057 -0.0003  0.1330 0 
 47.5074 -0.1105  2.1691  0.0037  0.1054  0.1861  0.1730  0.0240 -0.0003  0.0706 0 
 48.3436  0.6844  1.8567  0.2585  0.3790  0.0675  0.3014  0.2965 -0.0003  0.9784 1 
 37.2045 -0.6467 -1.2120  0.2031  0.5220  0.0246  0.3694  0.1494  0.0755  0.7971 1 
 49.7475  0.6107 -2.9079  0.0816  0.3523  0.0960  0.3847  0.0485 -0.0003  0.4350 0 
 46.1738 -0.6254  0.2156  0.0084  0.6161  0.0185  0.2179  0.0259  0.1281  0.2628 0 
 45.3376  0.4697  0.1866  0.0389  0.4094  0.0249  0.4379  0.0491 -0.0003  0.2453 0 
 42.4231 -0.4645 -2.9579  0.0539  0.3533  0.0594  0.2228  0.0159 -0.0003  0.3581 0 
 49.7536  0.6540 -0.1288  0.1962  0.4889  0.0519  0.4274  0.3139 -0.0003  0.9722 0 
 43.5767 -0.6539  3.0176  0.2126  0.2423  0.0415  0.3097  0.2408 -0.0003  0.8868 0 
 49.9855 -0.4423  2.9849  0.0131  0.3193  0.1794  0.4696  0.1798 -0.0003  0.3713 0 
 46.1555  0.4334 -0.1730  0.0208  0.1511  0.0146  0.2615  0.0402 -0.0003  0.0420 0 
 45.2796 -0.7977 -2.0422  0.0626  0.7478  0.1217  0.8760  0.2092 -0.0003  0.8491 1 
 33.8476  0.7650  1.0782  0.0162  0.7024  0.0125  0.5690  0.1424 -0.0003  0.3416 1 
 47.8218  0.3476  2.8533  0.0089  0.3912  0.1526  0.3886  0.0184 -0.0003  0.1998 0 
 45.5238 -0.3326 -0.3029  0.0208  0.1623  0.3193  0.3499  0.0150 -0.0003  0.1706 0 
 43.1312  0.4974  2.5797  0.4162  0.5339  0.0417  0.5324  0.2404  0.1042  0.9859 1 
 28.1468 -0.4377 -0.5254  0.1632  0.5579  0.0131  0.3503  0.1126 -0.0003  0.5990 1 
 43.3875  0.2116 -2.5225  0.0523  0.3767  0.0340  0.2658  0.0710 -0.0003  0.2601 0 
 43.0762 -0.2155  0.6187  0.0099  0.0758  0.0264  0.3550  0.0248 -0.0003  0.0498 0 
 47.1473  0.3281  2.0458  0.0165  0.2477  0.0165  0.3034  0.0258 -0.0003  0.0588 0 
 44.2115 -0.3370 -1.1145  0.0619  0.2620  0.0638  0.2645  0.0284 -0.0003  0.3073 0 
 41.3031  0.1370 -2.3331  0.1559  0.5030  0.0187  0.2693  0.1242 -0.0003  0.5776 0 
 38.8098 -0.1773  0.7730  0.0026  0.3172  0.0815  0.1826  0.0121 -0.0003  0.2323 0 
 48.3894 -0.4333 -2.9635  0.0082  0.5279  0.0280  0.3444  0.0734 -0.0003  0.1352 0 
 41.9257  0.4399  0.1897  0.0190  0.1639  0.1532  0.4023  0.0298 -0.0003  0.1307 0 
 47.8675 -0.7734  0.6721  0.0063  0.5663  0.0880  0.2590  0.2386  0.1313  0.7176 1 
 42.4811  0.7902 -2.4504  0.2398  0.7268  0.1104  0.2672  0.2845  0.3153  0.9843 1 
 42.8565  0.4078  1.8066  0.0180  0.3198  0.0152  0.4444  0.1024 -0.0003  0.1350 0 
 35.1263 -0.3835 -1.3617  0.0652  0.3303  0.0481  0.4223  0.0909 -0.0003  0.4441 0 
 47.1077  0.6695  1.6890  0.5624  0.3605  0.1003  0.3468  0.4293 -0.0003  0.9973 1 
 42.8931 -0.6711 -1.5062  0.1713  0.6352  0.0378  0.3110  0.0156 -0.0003  0.8052 1 
 47.6051  0.2278  1.6665  0.1900  0.4714  0.0358  0.6052  0.2562  0.0693  0.9483 1 
 41.1627 -0.2060 -1.4551  0.2899  0.7408  0.0208  0.2695  0.2830 -0.0003  0.9687 1 
 54.2763  0.3734  1.1925  0.0453  0.4895  0.0663  0.4599  0.0628 -0.0003  0.3634 0 
 53.6019 -0.3547 -1.9437  0.0210  0.3840  0.0415  0.3355  0.0190 -0.0003  0.1874 0 
 56.1166 -0.1728 -1.6748  0.0026  0.1967  0.1412  0.1244  0.0248 -0.0003  0.1699 0 
 43.5676  0.1581  1.4607  0.0087  0.0783  0.0574  0.3540  0.0110 -0.0003  0.0720 0 
 41.6114  0.4344  0.0407  0.4874  0.5034  0.0489  0.4479  0.3091  0.1865  0.9957 1 
 39.8962 -0.4461 -3.0637  0.2488  0.2874  0.0269  0.4077  0.2518  0.1892  0.9870 1 
 46.8635 -0.3983 -1.7167  0.0084  0.1953  0.0475  0.3907  0.0617 -0.0003  0.1011 0 
 43.3967  0.4008  1.3874  0.0213  0.3836  0.1846  0.3986  0.0231 -0.0003  0.2376 0 
 47.0191  0.5919  2.6665  0.0212  0.5469  0.0257  0.2168  0.1331 -0.0003  0.2038 0 
 45.5146 -0.5748 -0.4693  0.0106  0.1142  0.1703  0.4811  0.0125 -0.0003  0.1033 0 
 44.5380 -0.7688 -1.7951  0.0014  0.6204  0.1119  0.5718  0.0140 -0.0003  0.2167 0 
 43.3936  0.7740  1.3265  0.0443  0.3296  0.0929  0.5315  0.0832 -0.0003  0.3730 0 
 54.9477 -0.6846  2.1941  0.1673  0.2073  0.0531  0.3335  0.1785 -0.0003  0.7852 0 
 43.0854  0.6645 -0.9896  0.0130  0.4220  0.0281  0.3106  0.0200 -0.0003  0.1265 0 
 41.8372 -0.5943 -2.6763  0.4998  0.6575  0.0224  0.4920  0.5220 -0.0003  0.9971 1 
 33.8170  0.5612  0.5497  0.0569  0.4061  0.1105  0.4743  0.0060  0.2840  0.5677 1 
 47.2480  0.5250  1.9716  0.0025  0.2779  0.0296  0.3032  0.1281 -0.0003  0.1064 0 
 47.0436 -0.5337 -1.1728  0.0091  0.6543  0.0401  0.4770  0.0432 -0.0003  0.2010 0 
 49.5918 -0.7788  1.6735  0.0006  0.0861  0.0213  0.2139  0.0200 -0.0003  0.0402 0 
 45.9022  0.7778 -1.4546  0.0316  0.9145  0.0377  0.3491  0.0760 -0.0003  0.3582 0 
 49.3355  0.5027  2.5090  0.0187  0.6276  0.0244  0.1713  0.0143 -0.0003  0.1768 0 
 37.6928 -0.5079 -0.6434  0.0399  0.3820  0.0143  0.1841  0.0300 -0.0003  0.1221 0 
 53.4585  0.4891 -2.0722  0.0136  0.5801  0.1773  0.5876  0.0535 -0.0003  0.2693 0 
 49.3599 -0.4828  0.9926  0.0132  0.1608  0.0803  0.2998  0.0497 -0.0003  0.1070 0 
 47.8340 -0.4541  0.5733  0.0199  0.2154  0.2140  0.4749  0.0192 -0.0003  0.2014 0 
 43.3570  0.4639 -2.5922  0.0541  0.4984  0.0256  0.3544  0.1080 -0.0003  0.3539 0 
 39.1058 -0.1013  2.8852  0.1950  0.5818  0.0219  0.4099  0.2469 -0.0003  0.8973 1 
 36.9665  0.0708 -0.2637  0.3983  0.6180  0.0382  0.5551  0.5139 -0.0003  0.9963 1 
 45.9266 -0.3147  0.1342  0.0357  0.3158  0.0192  0.2618  0.0772  0.1833  0.5277 0 
 45.6306  0.3119 -2.9813  0.0041  0.3582  0.0972  0.4808  0.0677 -0.0003  0.1828 0 
 48.7800 -0.2384 -1.1618  0.0002  0.4010  0.1956  0.3866  0.1016  0.5926  0.6922 0 
 45.3071  0.2477  1.8850  0.0540  0.3605  0.0274  0.1752  0.0140 -0.0003  0.2167 0 
 42.7497 -0.3869 -2.5030  0.4043  0.5391  0.0318  0.5336  0.1541  0.0897  0.9566 1 
 40.1923  0.3746  0.6321  0.5037  0.3139  0.0198  0.3617  0.4902 -0.0003  0.9967 1 
 55.3872  0.0273  1.5517  0.9270  0.5456  0.0592  0.5824  0.6249  0.2577  0.9981 1 
 47.9164 -0.0287 -1.6231  0.1579  0.1039  0.0541  0.5179  0.1916  0.0452  0.8075 1 
 45.4841 -0.3861 -2.7161  0.0071  0.0985  0.1292  0.3500  0.0305 -0.0003  0.0612 0 
 40.5341  0.3754  0.4527  0.0844  0.4083  0.0932  0.1805  0.0204 -0.0003  0.5407 0 
 44.5869  0.5276  0.1110  0.0305  0.2353  0.0348  0.3958  0.0635 -0.0003  0.1544 0 
 44.5014 -0.5435 -3.0141  0.0160  0.1924  0.0674  0.3520  0.0801 -0.0003  0.1417 0 
 45.4322 -0.7833  0.5231  0.0200  0.5859  0.0341  0.1751  0.0052 -0.0003  0.2604 0 
 34.1588  0.7908 -2.5722  0.0285  0.0881  0.0176  0.2365  0.0252 -0.0003  0.0421 0 
 47.8157 -0.0114 -2.7114  0.4441  0.6937  0.4605  0.5182  0.4204 -0.0003  0.9991 1 
 38.5290  0.0283  0.4725  0.1344  0.2236  0.0293  0.5031  0.2125 -0.0003  0.7698 1 
 60.3494 -0.2633  1.4797  0.1277  0.0871  0.3131  0.3666  0.1124 -0.0003  0.4555 0 
 50.3151  0.2489 -1.6786  0.0015  0.2096  0.1048  0.2131  0.1047 -0.0003  0.1914 0 
 43.8636  0.1511 -0.7988  0.0004  0.2773  0.0844  0.7067  0.1725 -0.0003  0.3022 0 
 38.3154 -0.0674  2.3627  0.0073  0.4757  0.1241  0.4580  0.0123 -0.0003  0.1980 0 
 55.5734 -0.7756 -2.0041  0.3965  0.5478  0.1243  0.4572  0.2652  0.5103  0.9997 1 
 48.9906  0.7914  1.1188  0.0042  0.5291  0.0414  0.5579  0.0804 -0.0003  0.2099 1 
 52.6284  0.3676 -1.9021  0.0238  0.1409  0.0044  0.0843  0.0081 -0.0003  0.0585 0 
 33.9269 -0.3620  1.2504  0.0684  0.4367  0.0237  0.2843  0.1437 -0.0003  0.3825 0 
 51.5785  0.6151  1.5661  0.0394  0.5557  0.0341  0.2541  0.0267 -0.0003  0.2659 0 
 48.6976 -0.5863 -1.5382  0.0247  0.8192  0.1372  0.3868  0.0204 -0.0003  0.3122 0 
 50.2968  0.2932 -2.0978  0.0291  0.2957  0.0706  0.4262  0.0078 -0.0003  0.2134 0 
 46.4179 -0.2615  1.0100  0.0089  0.5181  0.2047  0.4352  0.1439 -0.0003  0.3439 0 
 51.2673 -0.2542 -0.0153  0.1783  0.2538  0.1347  0.5514  0.1758 -0.0003  0.8868 1 
 47.6234  0.2742 -3.1204  0.4052  0.7018  0.0361  0.3891  0.2812 -0.0003  0.9863 1 
 42.8290 -0.7089 -1.6713  0.1141  0.7394  0.0378  0.4000  0.0867 -0.0003  0.7677 1 
 38.5565  0.7280  1.4868  0.0508  0.6546  0.0212  0.3658  0.0471 -0.0003  0.2844 1 
 46.2226  0.2987  2.8563  0.0149  0.6374  0.0506  0.3921  0.0202 -0.0003  0.2207 0 
 39.1028 -0.2815 -0.3022  0.0301  0.4497  0.0520  0.4100  0.0251 -0.0003  0.2596 0 
 44.4251 -0.7322 -2.5038  0.2518  0.6562  0.0284  0.5282  0.2984 -0.0003  0.9660 1 
 42.0966  0.7317  0.6747  0.0621  0.4156  0.0437  0.4465  0.1444 -0.0003  0.5654 1 
 50.1320 -0.3733  0.6096  0.0052  0.6769  0.0796  0.5973  0.0858  0.2881  0.6090 0 
 46.6346  0.3417 -2.5965  0.0764  0.0863  0.0276  0.3477  0.0375 -0.0003  0.1046 0 
 53.5500  0.1523 -0.5206  0.0749  0.4078  0.0828  0.5454  0.0407 -0.0003  0.4341 1 
 43.8331 -0.1252  2.6151  0.2465  0.7432  0.0185  0.5743  0.2838 -0.0003  0.9523 1 
 48.1880 -0.0888 -0.0361  0.0058  0.3767  0.0760  0.4741  0.0269 -0.0003  0.1670 0 
 46.2684  0.0725  3.1016  0.0130  0.1499  0.0267  0.2613  0.0215 -0.0003  0.0516 0 
 51.3710  0.3695  1.8943  0.0061  0.3147  0.0728  0.5088  0.0285  0.1081  0.2481 0 
 44.3214 -0.3658 -1.2716  0.0434  0.5408  0.0234  0.3083  0.0411 -0.0003  0.2090 0 
 50.7149  0.7025 -0.2144  0.0966  0.4361  0.0416  0.2977  0.1467 -0.0003  0.6824 0 
 37.7539 -0.6984  2.8605  0.0015  0.1699  0.0313  0.1380  0.0539  0.1451  0.3235 0 
 47.2724 -0.6098 -0.8483  0.0266  0.3201  0.1492  0.3465  0.1419 -0.0003  0.3730 1 
 40.7507  0.5781  2.3499  0.2405  0.5666  0.0510  0.4504  0.4630 -0.0003  0.9940 1 
 47.5502 -0.3017 -1.1500  0.0204  0.3545  0.0664  0.6487  0.1274 -0.0003  0.3504 0 
 44.2878  0.3059  1.9787  0.0339  0.3456  0.0616  0.6168  0.1358 -0.0003  0.4212 0 
 63.3036 -0.4811  2.7234  0.0135  0.6775  0.3055  0.6442  0.0424 -0.0003  0.2933 0 
 47.6020  0.4706 -0.4043  0.0519  0.6345  0.0193  0.2162  0.0181 -0.0003  0.2088 0 
 40.5463 -0.7548 -2.8064  0.0806  0.2974  0.0287  0.2255  0.0712  0.3735  0.9857 1 
 28.9830  0.7832  0.1981  0.0823  0.6796  0.0624  0.4464  0.0623  0.3782  0.9760 1 
 52.7047 -0.6318  2.1294  0.1138  0.7362  0.1013  0.4634  0.2280 -0.0003  0.9219 1 
 46.2074  0.6077 -0.9811  0.6936  0.4984  0.0696  0.3485  0.5859 -0.0003  0.9980 1 
 48.4443 -0.5807 -3.0807  0.0099  0.4468  0.0638  0.3443  0.0745 -0.0003  0.2222 0 
 42.7985  0.5689  0.0018  0.0028  0.1957  0.1508  0.4445  0.0472 -0.0003  0.1309 0 
 49.9580 -0.6528 -2.5500  0.0034  0.5030  0.2139  0.5124  0.0090 -0.0003  0.2230 0 
 43.6103  0.6572  0.6449  0.0226  0.2226  0.0198  0.1327  0.0064 -0.0003  0.1009 0 
 52.9244 -0.2123 -0.9768  0.0022  0.3841  0.0753  0.2104  0.0740 -0.0003  0.2618 0 
 41.3001  0.2140  2.1247  0.0301  0.4580  0.0209  0.4039  0.0692 -0.0003  0.1883 0 
 50.7546  0.4424 -0.8174  0.0096  0.3122  0.0269  0.2126  0.0204 -0.0003  0.0961 0 
 30.4570 -0.4153  2.3458  0.0166  0.1106  0.0224  0.3911  0.0861 -0.0003  0.0674 0 
 47.8737 -0.2040  2.4583  0.0918  0.0967  0.1071  0.3885  0.3303 -0.0003  0.6942 0 
 43.0823  0.2015 -0.6850  0.0287  0.5349  0.0095  0.2219  0.0117 -0.0003  0.1192 0 
 49.9641  0.6101 -2.9799  0.0171  0.2699  0.1266  0.3843  0.0157 -0.0003  0.1696 0 
 43.3356 -0.6150  0.2133  0.0654  0.2967  0.0995  0.2216  0.1539 -0.0003  0.6271 0 
 46.3233 -0.0652  0.6461  0.9024  0.7412  0.0468  0.3919  0.7266 -0.0003  0.9982 1 
 40.6714  0.0827 -2.5131  0.2504  0.4569  0.0879  0.4507  0.4321 -0.0003  0.9958 1 
 55.7259 -0.0046 -0.0683  0.0078  0.2088  0.0920  0.4569  0.0259 -0.0003  0.1280 0 
 48.3284  0.0128  3.0823  0.0038  0.2287  0.0392  0.2584  0.0783 -0.0003  0.0813 0 
 47.4556 -0.2891 -2.2625  0.0337  0.3143  0.0755  0.4759  0.0181 -0.0003  0.2451 0 
 42.9664  0.2969  0.8803  0.0737  0.6069  0.0134  0.3997  0.0558  0.1212  0.5503 0 
 47.4434  0.2272  2.3380  0.0221  0.1409  0.0186  0.2596  0.0244 -0.0003  0.0459 0 
 38.4100 -0.2158 -0.8354  0.1666  0.8147  0.0522  0.5951  0.0486 -0.0003  0.8630 0 
 44.3214  0.5476  1.4269  0.0551  0.7084  0.0345  0.2643  0.0464 -0.0003  0.3791 0 
 35.1873 -0.5324 -1.7196  0.0067  0.1055  0.0616  0.3752  0.0341  0.4484  0.6757 0 
 45.3101 -0.0641  2.2703  0.0794  0.3864  0.0577  0.4379  0.1066  0.1081  0.7025 0 
 45.2094  0.0348 -0.8509  0.0114  0.5702  0.0302  0.2629  0.1107 -0.0003  0.1842 0 
 57.3342  0.1399  2.6194  0.0496  0.0732  0.0308  0.2062  0.0231 -0.0003  0.0624 0 
 46.7445 -0.1539 -0.4912  0.0822  0.4907  0.0599  0.4344  0.1569 -0.0003  0.7083 0 
 45.7130 -0.4073  2.5028  0.0395  0.7437  0.0735  0.4806  0.0327  0.3748  0.9027 0 
 45.1331  0.4046 -0.6128  0.0477  0.3388  0.0849  0.6137  0.0688 -0.0003  0.4048 0 
 49.0730  0.3960 -0.0649  0.1517  0.4969  0.0339  0.4718  0.1037 -0.0003  0.7691 0 
 45.7221 -0.3974  3.0682  0.1031  0.2450  0.0122  0.2184  0.0567 -0.0003  0.1666 0 
 43.9338  0.7662  2.7491  0.0053  0.1656  0.0146  0.3973  0.0385 -0.0003  0.0455 0 
 41.9745 -0.7692 -0.4157  0.0008  0.2749  0.0123  0.3128  0.0527 -0.0003  0.0440 0 
 45.5360  0.6506  0.2575  0.0673  0.3546  0.0453  0.2187  0.0402 -0.0003  0.3585 0 
 45.2552 -0.6619 -2.8741  0.0149  0.2116  0.0409  0.3942  0.0331 -0.0003  0.1073 0 
 50.0526  0.6306 -0.1608  0.0107  0.2476  0.0526  0.3414  0.0153 -0.0003  0.1272 0 
 42.7985 -0.6495  2.9968  0.0150  0.5362  0.0176  0.3556  0.1505 -0.0003  0.1867 0 
 43.5065 -0.6263 -1.4105  0.0811  0.2278  0.0604  0.3099  0.0069 -0.0003  0.3159 0 
 41.2116  0.6322  1.7039  0.0188  0.1924  0.1028  0.3593  0.0235 -0.0003  0.1306 0 
 48.5481 -0.0818  0.2699  0.0782  0.3731  0.0673  0.3871  0.1170 -0.0003  0.5786 0 
 42.3865  0.0781 -2.9069  0.0766  0.7593  0.0196  0.3120  0.1115 -0.0003  0.4592 0 
 50.1320 -0.5967  0.6935  0.0005  0.5229  0.0447  0.2986  0.0201 -0.0003  0.1746 0 
 49.6773  0.5703 -2.4793  0.0063  0.2104  0.0532  0.3421  0.0793 -0.0003  0.1080 0 
 51.2154 -0.2668 -0.6770  0.1033  0.6963  0.0412  0.2970  0.1202 -0.0003  0.7538 0 
 48.2795  0.2688  2.4476  0.1158  0.3261  0.0315  0.3877  0.1194 -0.0003  0.6036 0 
 51.5633 -0.2232 -2.8808  0.3121  0.8097  0.0622  0.7200  0.4152 -0.0003  0.9913 1 
 38.2940  0.2369  0.2696  0.1460  0.2451  0.0417  0.1832  0.1890 -0.0003  0.7198 1 
 49.2714 -0.2770 -1.4043  0.6564  0.6075  0.0582  0.3856  0.9288 -0.0003  0.9985 1 
 44.5106  0.2900  1.7348  0.3235  0.5749  0.0420  0.4400  0.3532  0.0767  0.9889 1 
 49.3263  0.1487 -2.9351  0.1888  0.4630  0.0709  0.3855  0.1113 -0.0003  0.8346 0 
 45.1637 -0.1440  0.2374  0.0413  0.5639  0.1583  0.3507  0.1935 -0.0003  0.5820 0 
 47.5196 -0.3753 -2.8272  0.1885  0.3753  0.0448  0.4325  0.1124 -0.0003  0.7783 1 
 41.4069  0.3758  0.3212  0.1759  0.6172  0.0592  0.3139  0.2034 -0.0003  0.9439 1 
 43.8727  0.3059 -0.1854  0.0358  0.4234  0.0097  0.1325  0.0123 -0.0003  0.1302 0 
 41.7853 -0.3195  2.9356  0.0099  0.2871  0.0446  0.2684  0.0081 -0.0003  0.1352 0 
 46.8910  0.6237  1.6548  0.0027  0.6876  0.0858  0.3472  0.1321 -0.0003  0.3558 0 
 44.2725 -0.6280 -1.5438  0.0030  0.0660  0.0409  0.3965  0.1835 -0.0003  0.1098 0 
 56.0464 -0.3435  1.4573  0.0213  0.1235  0.0793  0.1659  0.0043 -0.0003  0.1191 0 
 53.7209  0.3897 -1.7260  0.0052  0.4120  0.0629  0.4192  0.0905 -0.0003  0.1986 0 
 47.3213 -0.7494  0.6340  0.2093  0.5517  0.0746  0.3464  0.1761 -0.0003  0.9479 1 
 40.0183  0.7451 -2.4928  0.3834  0.7540  0.0232  0.5885  0.6838 -0.0003  0.9979 1 
 46.9917 -0.1900 -2.8944  0.0269  0.3532  0.0597  0.3036  0.0651 -0.0003  0.2552 1 
 45.0813  0.1651  0.2695  0.0360  0.2964  0.0877  0.3069  0.0677 -0.0003  0.2877 1 
 47.6509  0.3087  3.1291  0.0170  0.0998  0.0352  0.1729 -0.0200 -0.0003  0.0893 0 
 36.3134 -0.3021 -0.0118  0.0875  0.3847  0.0561  0.3254  0.1013  0.2663  0.8318 0 
 50.6935  0.2712  0.9815  0.0271  0.6479  0.3415  0.5956  0.0181 -0.0003  0.2707 0 
 49.2744 -0.2636 -2.1863  0.0190  0.6063  0.0443  0.2142  0.0087 -0.0003  0.3024 0 
 45.8961  0.5992 -2.6877  0.0699  0.6087  0.1533  0.5237  0.0256 -0.0003  0.3647 0 
 44.0223 -0.6435  0.4292  0.0999  0.2823  0.0926  0.6178  0.0771 -0.0003  0.5828 0 
 46.7231  0.1485 -2.3047  0.0111  0.4715  0.0157  0.2607  0.1696 -0.0003  0.1655 0 
 35.5657 -0.1211  0.8731  0.0302  0.1167  0.0490  0.1870  0.0034 -0.0003  0.0974 0 
 46.2623 -0.2260 -2.8390  0.2900  0.3092  0.0542  0.3920  0.1728 -0.0003  0.9178 1 
 42.1668  0.2069  0.2690  0.4652  0.4994  0.0389  0.4463  0.4803  0.3704  0.9998 1 
 46.9459  0.7669  0.9400  0.3254  0.3550  0.0439  0.4773  0.4421 -0.0003  0.9949 1 
 45.4963 -0.7600 -2.1575  0.2686  0.7924  0.0206  0.3062  0.4841 -0.0003  0.9896 1 
 41.0376 -0.3762 -0.1356  0.0250  0.4666  0.0271  0.2248  0.0001 -0.0003  0.1976 0 
 39.4476  0.3842  3.0166  0.0020  0.1274  0.0392  0.4090  0.0064 -0.0003  0.0714 0 
 48.2582 -0.7483  3.1129  0.1603  0.3579  0.0666  0.3447  0.3083  0.5024  0.9983 1 
 43.3356  0.7364 -0.0615  0.3057  0.4543  0.0334  0.5760  0.3810 -0.0003  0.9894 1 
 43.6408  0.0015 -2.4150  0.4938  0.4478  0.0321  0.5307  0.4280 -0.0003  0.9943 1 
 40.3998  0.0099  0.7157  0.0149  0.3155  0.0744  0.2709  0.0089 -0.0003  0.2039 1 
 40.6989 -0.6679 -0.4750  0.0155  0.6131  0.0572  0.3605  0.0521 -0.0003  0.2499 0 
 37.5830  0.6464  2.6597  0.0093  0.1164  0.0356  0.3684  0.0263 -0.0003  0.0625 0 
 59.6292  0.6053 -2.5686  0.0134  0.5535  0.0424  0.4085  0.0374 -0.0003  0.2009 0 
 45.6794 -0.6187  0.5924  0.0233  0.2722  0.0214  0.2622  0.1651 -0.0003  0.1865 0 
 48.3803  0.3164  2.9149  0.1992  0.6177  0.0298  0.4305  0.1660 -0.0003  0.8712 1 
 45.1698 -0.3192 -0.2275  0.0729  0.6023  0.1020  0.5259  0.1845  0.0722  0.8026 1 
 45.3407 -0.7814 -2.4720  0.0137  0.3866  0.1570  0.2627  0.0103 -0.0003  0.2075 0 
 27.1397  0.7535  0.5840  0.0146  0.7230  0.0205  0.1518  0.0311  0.1983  0.4983 0 
 49.7780 -0.3513  1.1065  0.0139  0.2496  0.0468  0.3419  0.0383  0.1964  0.3619 0 
 37.9644  0.3459 -2.0694  0.0078  0.5209  0.0291  0.4592  0.1747 -0.0003  0.3094 0 
 46.7964  0.2834 -0.3166  0.0188  0.2200  0.0445  0.5645  0.0356 -0.0003  0.1873 0 
 43.8270 -0.2711  2.8142  0.0836  0.1997  0.0428  0.1325  0.0433 -0.0003  0.2920 0 
 53.0709 -0.3573 -2.5076  0.0565  0.5814  0.1462  0.5887  0.0379 -0.0003  0.3417 0 
 44.0345  0.3638  0.6328  0.0354  0.4513  0.0521  0.1765  0.0283 -0.0003  0.3479 0 
 49.7108 -0.1106 -2.4537  0.0602  0.5129  0.1025  0.5130  0.1258 -0.0003  0.4961 0 
 42.0111  0.0809  0.6878  0.0158  0.2588  0.0250  0.0894  0.0139 -0.0003  0.1517 0 
 39.6887  0.1414 -2.9092  0.0279  0.0738  0.0203  0.3629  0.0375 -0.0003  0.0541 0 
 36.0327 -0.1091  0.2191  0.0484  0.4439  0.0148  0.1398  0.0084 -0.0003  0.1629 0 
 42.7192 -0.5615  2.1191  0.0756  0.1292  0.0470  0.1779  0.0058 -0.0003  0.1622 1 
 41.7060  0.5543 -1.0310  0.0757  0.4422  0.0565  0.2686  0.0460 -0.0003  0.5109 1 
 45.4475 -0.0437 -1.9700  0.1340  0.5721  0.1382  0.3501  0.2536 -0.0003  0.9545 0 
 40.2625 -0.0040  1.2062  0.0763  0.5795  0.0729  0.4519  0.0994  0.0921  0.7106 0 
 44.9531  0.0494 -0.6924  0.0847  0.1040  0.0379  0.4827  0.1130 -0.0003  0.3154 0 
 42.5025 -0.0636  2.4545  0.0102  0.6508  0.0243  0.2672  0.0148 -0.0003  0.1500 0 
 43.9887 -0.6483 -0.7567  0.2998  0.3178  0.0791  0.3531  0.3242  0.5538  0.9996 1 
 35.5383  0.6550  2.4631  0.6195  0.1475  0.0919  0.2806  0.6155  0.3508  0.9994 1 
 46.0517  0.4506  3.0525  0.0533  0.1614  0.0592  0.4361  0.0865 -0.0003  0.2597 1 
 45.5024 -0.4423 -0.0763  0.5012  0.7530  0.0329  0.4812  0.5554 -0.0003  0.9976 1 
 53.8125  0.7860 -2.2947  0.0269  0.1823  0.1417  0.5028  0.0550 -0.0003  0.2052 0 
 45.7984 -0.7796  0.8270  0.0504  0.7057  0.0153  0.1310  0.0856 -0.0003  0.2327 0 
 52.0027 -0.3806  1.1805  0.0304  0.3568  0.0711  0.3804  0.0184 -0.0003  0.2368 0 
 44.4923  0.3918 -1.9981  0.0000 -1.0000  0.0000  0.0440  0.0016 -0.0003  0.1794 0 
 48.2399  0.1961  1.8082  0.0906  0.5949  0.0560  0.3016  0.0933 -0.0003  0.7090 1 
 47.2053 -0.1865 -1.3430  0.1986  0.5929  0.0478  0.2600  0.2672  0.1938  0.9432 1 
 45.5085 -0.5502 -0.6999  0.0027  0.7548  0.1017  0.3499  0.0248  0.3749  0.6998 0 
 37.0855  0.5648  2.4439  0.0096  0.3420  0.0848  0.1387  0.0163 -0.0003  0.3076 0 
 50.4280 -0.5571 -1.3839  0.0873  0.4942  0.0221  0.1278  0.0416 -0.0003  0.2769 0 
 48.0964  0.5581  1.7585  0.0372  0.4346  0.0796  0.2156  0.0357 -0.0003  0.3718 0 
 49.8878 -0.6489  1.6480  1.0405  0.2500  0.0410  0.5980  1.0184 -0.0003  0.9965 1 
 44.4007  0.6450 -1.4807  0.2787  0.5208  0.0171  0.3522  0.4429 -0.0003  0.9871 1 
 47.4342 -0.5992 -1.2092  0.0735  0.1693  0.0456  0.6491 -0.0200 -0.0003  0.3543 1 
 45.7649  0.5871  1.9282  0.2054  0.6291  0.0339  0.2184  0.1721 -0.0003  0.8584 1 
 42.2278  0.7324  1.6718  0.0424  0.4033  0.1588  0.4016  0.0445 -0.0003  0.2972 0 
 38.4710 -0.7499 -1.4647  0.0015  0.7473  0.0310  0.3203  0.0688 -0.0003  0.1537 0 
 47.8798  0.6600  1.3642  0.0617  0.2989  0.0772  0.4317  0.0684 -0.0003  0.3935 1 
 44.8280 -0.6368 -1.7751  0.4005  0.5899  0.0267  0.4391  0.3005 -0.0003  0.9838 1 
 44.4038 -0.6591  1.8254  0.0391  0.5049  0.0137  0.1761  0.0212 -0.0003  0.1399 0 
 43.7812  0.6531 -1.3307  0.0056  0.0321  0.0181  0.2651  0.2244 -0.0003  0.1030 0 
 52.5582 -0.3944 -1.3474  0.0274  0.3473  0.0357  0.2951  0.0168  0.1300  0.3889 0 
 49.8238  0.4075  1.7591  0.0114  0.5433  0.2652  0.5127  0.0494 -0.0003  0.2752 0 
 55.3140 -0.4995  1.4018  0.0161  0.1643  0.0450  0.2913  0.0073 -0.0003  0.0898 0 
 47.4647  0.5163 -1.7331  0.0348  0.0925  0.0446  0.1730  0.0124 -0.0003  0.0838 0 
 50.5501 -0.5871  3.0195  0.0219  0.2806  0.0891  0.6385  0.1053 -0.0003  0.3308 0 
 43.0304  0.5913 -0.0945  0.0282  0.3682  0.0626  0.5771  0.0823 -0.0003  0.3231 0 
 43.4119 -0.7316 -2.5237  0.1080  0.3666  0.1030  0.5315  0.2459 -0.0003  0.8809 0 
 41.5259  0.7310  0.6242  0.0380  0.0559  0.1530  0.4482  0.0308 -0.0003  0.0793 0 
 52.1614  0.3355  1.0453  0.0356  0.2054  0.0763  0.4223  0.0202 -0.0003  0.1899 0 
 45.8015 -0.3443 -2.1085  0.0226  0.5285  0.0224  0.2620  0.0301 -0.0003  0.1398 0 
 46.5522 -0.5408 -0.6464  0.0217  0.1424  0.1491  0.3479  0.0093 -0.0003  0.1078 0 
 38.6023  0.5469  2.4829  0.0316  0.1558  0.0186  0.2743  0.0479 -0.0003  0.0551 0 
 44.5319  0.6816  3.0698  0.0367  0.6224  0.0095  0.2200  0.0475 -0.0003  0.1434 0 
 40.9522 -0.6738 -0.0855  0.0158  0.0857  0.0495  0.1799  0.0121 -0.0003  0.0779 0 
 45.0599 -0.2489  2.9397  0.1206  0.4880  0.1644  0.7455  0.2325 -0.0003  0.9378 0 
 44.8218  0.2796 -0.1681  0.1290  0.7113  0.0490  0.3074  0.1368 -0.0003  0.8661 0 
 47.4311  0.3027 -2.5436  0.0098  0.3292  0.0201  0.1731  0.0815 -0.0003  0.1057 0 
 36.4935 -0.2554  0.5935  0.0079  0.2911  0.0612  0.2321  0.0449 -0.0003  0.1660 0 
 46.5064  0.1519  1.8165  0.3930  0.4045  0.1122  0.4785  0.3027 -0.0003  0.9958 1 
 41.9409 -0.1381 -1.3241  0.2687  0.5128  0.0599  0.5810 -0.0200 -0.0003  0.8126 1 
 41.1475  0.1004  0.5853  0.5999  0.2956  0.0514  0.3594  0.4875 -0.0003  0.9968 1 
 33.2555 -0.1009 -2.5491  0.2677  0.2101  0.0361  0.4289  0.1627  0.3237  0.9971 1 
 45.2064 -0.5763  0.7856  0.1715  0.6429  0.0582  0.4820  0.1968 -0.0003  0.9428 0 
 36.8231  0.5742 -2.3298  0.0081  0.4455  0.1033  0.4631  0.0137 -0.0003  0.1850 0 
 44.3946 -0.1734 -3.0299  0.0168  0.3529  0.0181  0.3522  0.1506 -0.0003  0.1591 0 
 42.2950  0.1536  0.1164  0.0081  0.2045  0.0357  0.4905  0.1266 -0.0003  0.1584 0 
 46.2684 -0.0332  2.6835  0.5528  0.3749  0.0619  0.3920  0.4830 -0.0003  0.9973 1 
 42.2583  0.0443 -0.4746  0.0565  0.8725  0.0412  0.4015  0.0275 -0.0003  0.4909 1 
 51.5358 -0.7402  1.1054  0.0227  0.1374  0.0298  0.3389  0.0408 -0.0003  0.0661 0 
 51.3344  0.7519 -2.0389  0.2835  0.2479  0.0294  0.2968  0.0193 -0.0003  0.6657 0 
 57.8500 -0.6618 -1.9590  0.0320  0.2883  0.0537  0.3704  0.1000 -0.0003  0.2705 0 
 44.7333  0.6733  1.1800  0.0000  0.2126  0.0014  0.1318  0.0120 -0.0003  0.0493 0 
 55.3323  0.6161  1.1162  0.0615  0.2942  0.0620  0.3745  0.0745 -0.0003  0.3850 0 
 49.4850 -0.6408 -2.0246  0.0622  0.1552  0.0773  0.3852  0.0544 -0.0003  0.2377 0 
 48.6946  0.1917 -0.2526  0.1371  0.5525  0.0638  0.5158  0.1220 -0.0003  0.8146 0 
 43.3143 -0.1640  2.8545  0.0317  0.1279  0.0944  0.2659  0.0413 -0.0003  0.1137 0 
 42.5086  0.0718  0.8199  0.0135  0.1589  0.0525  0.3117  0.0268 -0.0003  0.0881 0 
 40.6897 -0.0678 -2.2787  0.0705  0.2177  0.0457  0.3605  0.0748 -0.0003  0.3080 0 
 49.8604 -0.6923 -2.2553  0.0443  0.2847  0.0422  0.0854  0.0124 -0.0003  0.3107 0 
 46.8208  0.7052  0.8480  0.0220  0.1366  0.0505  0.2171  0.0612 -0.0003  0.0908 0 
 60.0778 -0.7715  1.7026  0.0110  0.1540  0.0590  0.1223  0.0020 -0.0003  0.1332 0 
 43.4699  0.7563 -1.4607  0.0340  0.4486  0.0125  0.2214  0.0161 -0.0003  0.1200 0 
 48.0446  0.4281 -0.1747  0.0120  0.2095  0.0736  0.2588  0.0184 -0.0003  0.1360 0 
 43.2013 -0.4339  2.9293  0.0033  0.1896  0.0090  0.1774  0.0074 -0.0003  0.0452 0 
 49.2439 -0.5682 -2.4490  0.0699  0.6155  0.0405  0.4714  0.1704 -0.0003  0.7279 0 
 48.5451  0.5815  0.7309  0.0078  0.1257  0.0506  0.3011  0.0234 -0.0003  0.0709 0 
 49.2683 -0.4561 -2.0758  0.0005  0.3951  0.3213  0.4285  0.1398 -0.0003  0.3624 0 
 48.0995  0.4565  1.0869  0.0051  0.2204  0.2238  0.5174  0.0585 -0.0003  0.2035 0 
 49.9763 -0.4155 -0.3089  0.0312  0.3030  0.0417  0.1708  0.0048  0.1910  0.5023 0 
 46.6072  0.3779  2.7657  0.0955  0.2796  0.0479  0.3043  0.0517 -0.0003  0.4168 0 
 42.6215 -0.6530  3.0090  0.0568  0.2644  0.0284  0.1780  0.0208 -0.0003  0.1810 0 
 39.2584  0.6672 -0.1484  0.0116  0.2748  0.0481  0.3640  0.0350 -0.0003  0.1299 0 
 54.4442 -0.6805 -3.0878  0.0009  0.2970  0.1791  0.7102  0.0602 -0.0003  0.2661 0 
 44.6784  0.6665  0.0341  0.0042  0.2691  0.0401  0.6153  0.0831 -0.0003  0.1963 0 
 48.3558  0.4644 -2.0978  0.0062  0.2828  0.0898  0.3014  0.0330 -0.0003  0.1556 0 
 47.1534 -0.4652  1.0450  0.0495  0.1524  0.0261  0.2167  0.0231 -0.0003  0.0826 0 
 45.5238 -0.5973 -1.9647  0.0179  0.3910  0.0289  0.3936  0.0831 -0.0003  0.1630 0 
 41.3733  0.5689  1.2765  0.0154  0.5047  0.2002  0.2692  0.0374 -0.0003  0.2738 0 
 47.8340 -0.4985 -1.8838  0.3409  0.2854  0.0738  0.4749  0.3389 -0.0003  0.9937 1 
 29.9290  0.5235  1.3132  0.0936  0.4170  0.0535  0.2457  0.0864  0.4554  0.9922 1 
 42.9053 -0.1301 -2.7432  0.1416  0.1883  0.0349  0.4443  0.1408 -0.0003  0.6483 1 
 39.8383  0.1285  0.4135  0.1268  0.6392  0.0711  0.1360  0.1898 -0.0003  0.8994 1 
 46.0548 -0.1282 -0.6247  0.0093  0.1934  0.0852  0.5233  0.1765 -0.0003  0.2353 0 
 43.2166  0.0992  2.5407  0.0020  0.2980  0.1794  0.5321  0.0283 -0.0003  0.1949 0 
 47.5166 -0.0305 -2.6754  0.0086  0.3588  0.2077  0.4325  0.0035 -0.0003  0.2053 0 
 43.8758 -0.0032  0.5204  0.0426  0.0754  0.0151  0.1767  0.0090 -0.0003  0.0472 0 
 48.8228  0.3038 -0.7692  0.0142  0.2137  0.0360  0.3436  0.0212 -0.0003  0.0888 0 
 42.2675 -0.2746  2.3575  0.0112  0.2230  0.0353  0.1784  0.0842 -0.0003  0.1062 0 
 47.9835  0.5168  0.4681  0.0466  0.1383  0.0354  0.3020  0.0154 -0.0003  0.0997 0 
 47.4037 -0.5138 -2.6954  0.0472  0.3348  0.1014  0.3030  0.0230 -0.0003  0.2905 0 
 46.7628 -0.7154 -0.6169  0.0017  0.1974  0.0339  0.3040  0.0123 -0.0003  0.0646 0 
 44.8981  0.7344  2.5238  0.0534  0.7287  0.0115  0.0878  0.0281 -0.0003  0.1925 0 
 45.3590  0.7897 -2.9924  0.0273  0.0873  0.0325  0.2189  0.0269 -0.0003  0.0567 0 
 43.7110 -0.7893  0.1405  0.0297  0.2396  0.0325  0.2211  0.1049 -0.0003  0.1571 0 
 60.9262 -0.6469  3.1324  0.0000  0.2428  0.0389  0.0813 -0.0200 -0.0003  0.2143 0 
 45.8320  0.6299  0.0584  0.0179  0.1705  0.0911  0.3493  0.0134  0.0733  0.1449 0 
 52.6680  0.2813 -1.8629  0.0088  0.4282  0.0948  0.2107  0.0757 -0.0003  0.3137 0 
 42.2400 -0.2927  1.3385  0.0940  0.2221  0.1008  0.2677  0.0264 -0.0003  0.3987 0 
 46.3813 -0.6310  2.3720  0.0300  0.0501  0.0658  0.4788  0.0253 -0.0003  0.0903 0 
 27.2801  0.6350 -0.6882  0.0467  0.0933  0.0302  0.2526  0.0124 -0.0003  0.0678 0 
 46.0975  0.6250 -1.8307  0.0058  0.2538  0.0215  0.4359  0.0866  0.0819  0.2160 0 
 42.6612 -0.6246  1.2967  0.0186  0.1469  0.0368  0.2670  0.0146 -0.0003  0.0707 0 
 46.4271 -0.7846  1.2535  0.0936  0.2013  0.0927  0.2611  0.0394 -0.0003  0.3852 0 
 44.2390  0.8005 -1.9191  0.0789  0.4691  0.0826  0.4847  0.2183 -0.0003  0.7690 0 
 41.5625 -0.2714  0.4354  0.0140  0.1039  0.1674  0.3136  0.0272 -0.0003  0.0707 0 
 34.6349  0.2805 -2.7329  0.0248  0.4269  0.0729  0.4240  0.0163 -0.0003  0.2248 0 
 45.9541  0.4437  0.8910  0.4332  0.7815  0.0124  0.3491  0.2890 -0.0003  0.9893 0 
 39.4842 -0.4613 -2.2192  0.0458  0.1063  0.0245  0.4089  0.0594 -0.0003  0.1032 0 
 47.1656 -0.2103 -2.0924  0.0467  0.5192  0.0399  0.2600  0.0344 -0.0003  0.3281 0 
 44.0742  0.2135  1.0466  0.0088  0.4866  0.0183  0.3529  0.0063 -0.0003  0.1145 0 
 48.5878 -0.0162 -2.5101  0.0058  0.7618  0.1562  0.4300  0.0156 -0.0003  0.2618 0 
 33.9513  0.0032  0.6369  0.0588  0.4604  0.0584  0.1895  0.0162 -0.0003  0.4520 0 
 47.1565  0.0271 -0.7650  0.0284  0.5995  0.0330  0.2600  0.0887 -0.0003  0.2428 0 
 44.9195 -0.0070  2.3808  0.0588  0.3222  0.0363  0.2634  0.0704  0.0083  0.2970 0 
 42.1057 -0.7173 -0.9188  0.0068  0.3225  0.0940  0.3126  0.0590 -0.0003  0.1797 0 
 36.1669  0.7239  2.2007  0.0061  0.1694  0.0523  0.2792  0.0651  0.3558  0.6915 0 
 40.3082  0.5331 -0.8665  0.0494  0.0222  0.0733  0.3614  0.0297  0.0866  0.1000 0 
 32.9503 -0.5252  2.2118  0.0345  0.3938  0.0286  0.2867  0.0165 -0.0003  0.1779 0 
 46.3691  0.5286 -1.0478  0.0112  0.5527  0.0272  0.3047  0.0106 -0.0003  0.1566 0 
 29.6574 -0.5364  2.0659  0.0807  0.4260  0.0254  0.3941  0.0440 -0.0003  0.4080 0 
 45.7557 -0.6388  3.0857  0.1436  0.1814  0.0461  0.2621  0.1539  0.1670  0.8358 1 
 43.4607  0.6404 -0.0536  0.2514  0.3673  0.0614  0.3099  0.2742 -0.0003  0.9689 1 
 39.2584 -0.4787  3.1391  0.1920  0.4812  0.0382  0.4095  0.2661  0.1733  0.9519 1 
 30.8415  0.4290  0.0138  0.4100  0.2193  0.0960  0.7306  0.2289 -0.0003  0.9920 1 
 53.1777 -0.4022  1.4650  0.0464  0.4070  0.0425  0.4203  0.0501 -0.0003  0.3329 0 
 39.6338  0.4049 -1.6823  0.0118  0.1274  0.2054  0.2723  0.0146 -0.0003  0.0972 0 
 47.0619  0.2992  0.2446  0.1116  0.3518  0.1647  0.4770  0.0932 -0.0003  0.5499 0 
 41.9593 -0.2990 -2.9354  0.1600  0.3544  0.0361  0.2682  0.0540  0.1889  0.8260 0 
 42.3194  0.3221  1.1778  0.0209  0.4436  0.0341  0.4013  0.0742  0.2374  0.5983 0 
 41.2451 -0.3034 -1.9984  0.0318  0.1985  0.0345  0.3143  0.0497 -0.0003  0.1056 0 
 52.4666 -0.5036  2.0706  0.0603  0.2625  0.0080  0.2108  0.1022 -0.0003  0.1359 0 
 49.4148  0.5067 -1.0606  0.1098  0.2132  0.0236  0.6423  0.0214 -0.0003  0.4949 0 
 47.1138 -0.6329  1.8981  0.0324  0.0753  0.0293  0.1301  0.0023 -0.0003  0.0726 0 
 45.6855  0.6354 -1.2544  0.0091  0.1704  0.1678  0.3059  0.0173 -0.0003  0.1161 0 
 54.3954 -0.3407  1.5712  0.0160  0.3165  0.1367  0.4179  0.0410 -0.0003  0.2012 0 
 52.2866  0.3016 -1.5413  0.0465  0.5960  0.0333  0.3799  0.0737  0.0412  0.4810 0 
 45.6184 -0.6541 -2.0331  0.0132  0.1569  0.0170  0.1749  0.0034 -0.0003  0.0545 0 
 35.2972  0.6260  1.1340  0.0529  0.7547  0.1475  0.3280  0.0057 -0.0003  0.3242 0 
 47.1717 -0.0158 -0.1697  0.0090  0.6753  0.0553  0.4767  0.0814 -0.0003  0.2530 0 
 47.0008 -0.0016  2.9494  0.0159  0.2421  0.0963  0.3904  0.0086 -0.0003  0.1514 0 
 48.9784  0.3100 -2.7196  0.0190  0.1839  0.0886  0.3433  0.0156 -0.0003  0.1264 0 
 43.4058 -0.3152  0.4356  0.0410  0.6474  0.0478  0.6201  0.1448 -0.0003  0.5325 0 
 51.0628 -0.4931  1.7479  0.1205  0.2160  0.0852  0.4671  0.0496 -0.0003  0.4774 0 
 40.2472  0.5159 -1.4308  0.0551  0.4000  0.0592  0.2712  0.0638 -0.0003  0.4216 0 
 47.8248 -0.1079  0.3962  0.0064  0.5359  0.1810  0.4750  0.0174 -0.0003  0.2309 0 
 39.2584  0.1532 -2.7460  0.0351  0.1564  0.0209  0.1820  0.1668 -0.0003  0.1851 0 
 45.3407  0.0396  2.9983  0.0295  0.2299  0.0830  0.5254  0.0161 -0.0003  0.2127 0 
 43.0121 -0.0279 -0.1071  0.0145  0.2949  0.0306  0.2220  0.0373  0.2037  0.4924 0 
 48.5756 -0.6738 -1.7467  0.0210  0.3347  0.1657  0.7311  0.1804 -0.0003  0.5249 0 
 47.7943  0.6949  1.3475  0.0775  0.1656  0.0376  0.2591  0.0930 -0.0003  0.2413 0 
 45.8106 -0.7861 -2.5642  0.2369  0.6394  0.0423  0.3930  0.2318 -0.0003  0.9525 1 
 23.9139  0.7789  0.5890  0.0842  0.3853  0.0282  0.1578  0.0967  0.2518  0.8501 1 
 47.0069  0.6289  1.7547  0.0127  0.3080  0.0182  0.1735  0.0231 -0.0003  0.0901 0 
 41.3733 -0.6332 -1.4041  0.0095  0.7961  0.0913  0.4935  0.0701 -0.0003  0.3056 0 
 49.3629 -0.1767 -0.1621  0.0354  0.2283  0.2244  0.3854  0.0106 -0.0003  0.2197 0 
 38.4009  0.1652  3.0130  0.0595  0.4462  0.0456  0.4120  0.0281 -0.0003  0.3933 0 
 52.1187 -0.4427 -0.9853  0.0422  0.3480  0.0287  0.2112  0.0303 -0.0003  0.1717 0 
 43.6194  0.4445  2.1567  0.0574  0.2522  0.0261  0.4423  0.0109 -0.0003  0.2331 0 
 46.0029 -0.4643  0.5015  0.1975  0.1520  0.0510  0.2181  0.1768  0.2598  0.9432 1 
 38.0621  0.4812 -2.6708  0.4007  0.3754  0.0762  0.7342  0.2119  0.1420  0.9912 1 
 48.1849  0.3860 -2.5386  0.1450  0.3932  0.0914  0.6464  0.1652 -0.0003  0.8815 1 
 44.8798 -0.4263  0.6057  0.0349  0.7225  0.0428  0.3512  0.0892 -0.0003  0.4078 1 
 46.9764 -0.3283 -2.2158  0.0939  0.1209  0.0349  0.4772  0.0305 -0.0003  0.2679 0 
 41.0986  0.3616  0.9693  0.0031  0.1560  0.0678  0.2696  0.1020 -0.0003  0.1080 0 
 51.2154 -0.0335 -0.8414  0.0077  0.2448  0.0630  0.2121  0.0745 -0.0003  0.1630 0 
 48.4901  0.0449  2.3502  0.0181  0.4567  0.1010  0.6454  0.0342 -0.0003  0.2567 0 
 55.3353  0.7202  1.9512  0.0179  0.1465  0.1333  0.2497  0.0235 -0.0003  0.1006 0 
 51.2062 -0.7069 -1.2844  0.0032  0.6918  0.0342  0.3394  0.0215 -0.0003  0.1655 0 
 43.9551 -0.6209 -0.9911  0.0016  0.2628  0.0264  0.1766  0.0158 -0.0003  0.0819 0 
 40.6104  0.6143  2.1551  0.0362  0.1282  0.0381  0.4509  0.0386 -0.0003  0.1288 0 
 46.2318 -0.3749 -1.8852  0.0307  0.1087  0.0220  0.3049  0.0114 -0.0003  0.0555 0 
 40.7996  0.4034  1.2380  0.0669  0.4465  0.0743  0.6754  0.1400 -0.0003  0.6300 0 
 39.9756 -0.2971 -2.8264  0.0482  0.2133  0.0295  0.3170  0.0252 -0.0003  0.1342 0 
 35.8434  0.2863  0.3186  0.0065  0.3509  0.0612  0.4666  0.0135 -0.0003  0.1640 0 
 53.8155 -0.0308 -2.4581  0.0252  0.4126  0.1269  0.4190  0.0274 -0.0003  0.2336 0 
 47.9622  0.0248  0.6585  0.0195  0.3329  0.0230  0.4746  0.1098  0.0335  0.2735 0 
 56.0952 -0.5263  2.6955  0.0524  0.3002  0.1476  0.2903  0.0162 -0.0003  0.2784 0 
 47.4983  0.5253 -0.5031  0.0056  0.6867  0.0158  0.3461  0.0501 -0.0003  0.1096 0 
 61.0880  0.6817 -1.8377  0.0085  0.5007  0.0577  0.3249  0.0217 -0.0003  0.2038 0 
 47.2511 -0.6733  1.2665  0.0869  0.2221  0.0276  0.3032  0.0855 -0.0003  0.2794 0 
 51.8959  0.0793 -1.7073  0.0430  0.1024  0.1269  0.2960  0.0201 -0.0003  0.0939 0 
 47.2541 -0.0483  1.3705  0.0298  0.5039  0.0606  0.6064  0.1534 -0.0003  0.4306 0 
 42.2644 -0.6666 -0.7145  0.1140  0.5803  0.0822  0.4461  0.2354 -0.0003  0.9070 1 
 21.4176  0.6760  2.4325  0.3629  0.1362  0.0501  0.2725  0.5220 -0.0003  0.9907 1 
 45.6214  0.4055 -1.1515  0.0519  0.2131  0.1119  0.4808  0.0757 -0.0003  0.3315 0 
 45.4017 -0.4243  1.9686  0.0018  0.5203  0.1255  0.7441  0.1179 -0.0003  0.3036 0 
 49.8085  0.3860  2.4671  0.0041  0.2137  0.1639  0.3419  0.0219 -0.0003  0.1352 0 
 44.5075 -0.3472 -0.6574  0.0061  0.2870  0.0534  0.4840  0.0909 -0.0003  0.1755 0 
 49.5399  0.6464  2.3961  0.1276  0.2139  0.0470  0.3423  0.1059 -0.0003  0.5447 0 
 34.5251 -0.6749 -0.7800  0.0184  0.3660  0.0222  0.2358  0.0117 -0.0003  0.1138 0 
 47.7668 -0.0115 -1.4917  0.0987  0.2007  0.0442  0.3024  0.0344 -0.0003  0.3061 0 
 46.2562 -0.0106  1.6669  0.0020  0.2764  0.1058  0.3485  0.0694 -0.0003  0.1491 0 
 41.8189 -0.4490 -0.1714  0.0615  0.4816  0.0203  0.2684  0.0665 -0.0003  0.2252 0 
 35.4528  0.6155  2.9087  0.0054  0.2331  0.0506  0.3276  0.0432 -0.0003  0.0991 0 
 47.1534 -0.1356  1.4208  0.2090  0.3007  0.0923  0.4334  0.0789 -0.0003  0.7215 1 
 44.1291  0.1386 -1.7211  0.5682  0.3456  0.0522  0.3528  0.5924 -0.0003  0.9978 1 
 48.8228  0.5263 -0.5798  0.0076  0.2979  0.0310  0.4295  0.1418 -0.0003  0.1729 0 
 48.1117 -0.5179  2.5501  0.0122  0.1506  0.0345  0.2587  0.0329 -0.0003  0.0584 0 
 48.6946  0.0664  2.3670  0.0089  0.1416  0.0933  0.4298  0.0162 -0.0003  0.0936 0 
 45.5299 -0.0518 -0.7696  0.0038  0.1473  0.0405  0.2187  0.0576 -0.0003  0.0603 0 
 60.2182 -0.5119 -1.6209  0.1389  0.8651  0.2300  0.5705  0.0703 -0.0003  0.7197 1 
 37.8271  0.5339  1.5160  0.2107  0.1439  0.1525  0.3677  0.2862 -0.0003  0.9523 1 
 51.4534  0.3062 -1.8064  0.0282  0.3229  0.0320  0.2119  0.0621 -0.0003  0.1480 0 
 48.5115 -0.3142  1.3276  0.0016  0.1022  0.0872  0.4302  0.0262 -0.0003  0.0701 0 
 56.4126 -0.6459 -1.8678  0.0491  0.2409  0.0564  0.2899  0.0336  0.3771  0.8162 1 
 45.7801  0.6257  1.2725  0.1138  0.6249  0.0584  0.4804  0.1535  0.1218  0.8747 1 
 39.8077  0.3607 -2.8818  0.0309  0.3096  0.0223  0.3626  0.0816 -0.0003  0.1416 0 
 37.2015 -0.3386  0.3040  0.0275  0.3742  0.0370  0.5541  0.0219 -0.0003  0.2575 0 
 41.4801 -0.6973 -0.7179  0.0546  0.5523  0.0203  0.1793  0.0502  0.2051  0.6487 0 
 39.4171  0.6620  2.4727  0.0046  0.2515  0.0401  0.5909  0.0871 -0.0003  0.1848 0 
 50.9285  0.3381 -1.2601  0.0409  0.3829  0.0725  0.5099  0.0455 -0.0003  0.3190 0 
 41.6022 -0.3546  1.8971  0.1886  0.6318  0.0207  0.3583  0.2215 -0.0003  0.8631 0 
 50.2571 -0.7562  1.9338  0.1011  0.6085  0.1180  0.3837  0.1850 -0.0003  0.8372 1 
 45.6642  0.7449 -1.2218  0.1358  0.7164  0.0353  0.6118  0.0753 -0.0003  0.8182 1 
 47.5441 -0.7625 -2.9881  0.0020  0.3096  0.0323  0.3027  0.0141 -0.0003  0.0893 0 
 43.2227  0.7563  0.1620  0.0191  0.3551  0.0313  0.3990  0.0087 -0.0003  0.1596 0 
 49.0028  0.3067 -3.0568  0.0139  0.3961  0.0333  0.3433  0.1511 -0.0003  0.2359 0 
 44.1230 -0.3140  0.0822  0.0187  0.3064  0.1479  0.3087  0.0882 -0.0003  0.2613 0 
 44.0742  0.0962  2.8607  0.3894  0.1083  0.0099  0.1764  0.1660 -0.0003  0.8385 0 
 39.7589 -0.0928 -0.2650  0.0099  0.5279  0.0181  0.3628  0.0612 -0.0003  0.1077 0 
 46.3081 -0.0374  1.3504  0.1196  0.0632  0.0482  0.3484  0.1757 -0.0003  0.3498 0 
 43.2837  0.0381 -1.7711  0.0190  0.4543  0.0300  0.3546  0.0187 -0.0003  0.1662 0 
 46.7414  0.4775  1.9254  0.0264  0.1882  0.1122  0.4344  0.0350 -0.0003  0.1621 0 
 37.5555 -0.4748 -1.2484  0.1703  0.3900  0.0089  0.2764  0.0910 -0.0003  0.3925 0 
 52.3293  0.2984 -1.0332  0.0749  0.4565  0.0732  0.3798  0.1281 -0.0003  0.6192 1 
 17.7981 -0.2515  2.0895  0.0909  0.2689  0.0184  0.2900  0.0704  0.1360  0.6006 1 
 52.0912  0.6319 -2.5570  0.0045  0.3537  0.0573  0.2957  0.0184 -0.0003  0.1655 0 
 31.2688 -0.6194  0.5549  0.0100  0.6269  0.0175  0.3881  0.1226 -0.0003  0.1660 0 
 46.8147 -0.2984  1.0223  0.0307  0.6724  0.0252  0.2171  0.0224 -0.0003  0.1943 0 
 42.1668  0.2876 -2.1275  0.0190  0.1761  0.1201  0.3124  0.0035 -0.0003  0.1199 0 
 47.7455 -0.3927  1.3731  0.0105  0.0955  0.0286  0.2592  0.0067 -0.0003  0.0519 0 
 45.7099  0.3920 -1.7722  0.0073  0.4007  0.0352  0.2622  0.0046 -0.0003  0.1548 0 
 53.2692 -0.4347 -0.5392  0.0255  0.7163  0.0524  0.2941  0.1304 -0.0003  0.5074 1 
 40.1770  0.4135  2.6031  0.1927  0.8327  0.0240  0.5426  0.2170 -0.0003  0.9126 1 
 44.5472 -0.3038  2.9008  0.0219  0.1398  0.0323  0.1760  0.0081 -0.0003  0.0743 0 
 39.4842  0.2816 -0.2030  0.0201  0.1688  0.1023  0.4997  0.1048 -0.0003  0.2019 0 
 44.6784 -0.5921 -0.7204  0.0168  0.3032  0.1406  0.4835  0.0325 -0.0003  0.2075 0 
 42.7253  0.6175  2.4083  0.0076  0.1486  0.0462  0.3558  0.0261 -0.0003  0.0759 0 
 55.0729  0.3308  2.2247  0.0104  0.1653  0.0132  0.0417  0.0036 -0.0003  0.1007 0 
 47.8431 -0.3096 -0.9145  0.0042  0.3935  0.0249  0.2159  0.0762  0.1044  0.2556 0 
 47.4922  0.6232  0.3506  0.0088  0.0746  0.0598  0.2596  0.0292 -0.0003  0.0696 0 
 45.4353 -0.6263 -2.7832  0.0182  0.5999  0.0332  0.5251  0.0113 -0.0003  0.2239 0 
 48.6580  0.3920 -1.6490  0.0444  0.2904  0.1157  0.3869  0.0198 -0.0003  0.2528 0 
 42.7771 -0.4320  1.4536  0.0846  0.4397  0.0204  0.2223  0.0631 -0.0003  0.2660 0 
 46.9398 -0.6752 -2.9191  0.0397  0.2192  0.0775  0.1302  0.0182 -0.0003  0.2923 0 
 45.8015  0.6558  0.2020  0.0138  0.2688  0.1013  0.5677  0.1352 -0.0003  0.2853 0 
 54.3801  0.3979 -2.8253  0.0916  0.6500  0.0289  0.2508  0.0860 -0.0003  0.4966 0 
 46.1494 -0.4035  0.2908  0.0811  0.1003  0.0382  0.3922  0.1304 -0.0003  0.2564 0 
 43.1739  0.0736  1.5558  0.0083  0.3073  0.0363  0.3548  0.1138 -0.0003  0.1425 0 
 42.8717 -0.0664 -1.5968  0.0090  0.0516  0.0495  0.2222  0.1379 -0.0003  0.0958 0 
 49.8756 -0.3560 -2.4126  0.0512  0.5968  0.0524  0.4271  0.0607 -0.0003  0.4267 0 
 40.9979  0.3701  0.6672  0.1259  0.0739  0.0178  0.2698  0.1304 -0.0003  0.2112 0 
 58.5611  0.0272 -1.0373  0.0895  0.2641  0.1205  0.1231  0.0366 -0.0003  0.5339 0 
 39.4110 -0.0478  2.0773  0.0565  0.3169  0.0707  0.2273  0.0075 -0.0003  0.3492 0 
 58.6923  0.1702 -2.2071  0.1988  0.4556  0.1702  0.4511  0.1354 -0.0003  0.8588 0 
 49.8940 -0.1142  0.9378  0.1094  0.3047  0.0346  0.2990  0.1152 -0.0003  0.5356 0 
 44.8951  0.5532 -1.6074  0.1088  0.4631  0.0282  0.2634  0.1744 -0.0003  0.6389 0 
 41.4923 -0.5438  1.4456  0.0034  0.1051  0.2160  0.3586  0.0046 -0.0003  0.0831 0 
 50.6233  0.2409 -1.9536  0.0232  0.4143  0.0461  0.3830  0.0204 -0.0003  0.2179 0 
 43.5004 -0.2281  1.1766  0.0370  0.1243  0.0329  0.2656  0.0130 -0.0003  0.0748 0 
 46.4729  0.2748 -1.8767  0.0346  0.3170  0.1689  0.6526  0.0873 -0.0003  0.3967 0 
 45.7221 -0.2467  1.2697  0.0271  0.3639  0.0389  0.3495  0.0109 -0.0003  0.1991 0 
 48.1147  0.4239 -1.3293  0.0348  0.4772  0.0202  0.2587  0.0078 -0.0003  0.1649 0 
 45.1576 -0.4063  1.7971  0.1403  0.4858  0.0646  0.3945  0.0646 -0.0003  0.6884 0 
 40.3479  0.8002  2.9785  0.0560  0.2585  0.0520  0.5420  0.1675 -0.0003  0.5027 1 
 31.7205 -0.5060 -0.1823  0.0158  0.3955  0.0967  0.6763  0.1180 -0.0003  0.3345 1 
 44.9928  0.2574 -0.5568  0.0346  0.0615  0.0213  0.2632  0.0148 -0.0003  0.0482 0 
 41.3642 -0.2346  2.5766  0.0151  0.1507  0.0193  0.3140  0.0424 -0.0003  0.0459 0 
 43.7964  0.1731 -0.7130  0.0199  0.4680  0.0884  0.2209  0.0403 -0.0003  0.3058 1 
 41.5412 -0.1505  2.4184  0.2080  0.2700  0.0464  0.3137  0.2014 -0.0003  0.8733 1 
 51.5511  0.3404  2.7557  0.0238  0.1563  0.0701  0.2542  0.0193 -0.0003  0.1187 0 
 47.4159 -0.3313 -0.3989  0.0009  0.2697  0.0660  0.2596  0.0140 -0.0003  0.1430 0 
 48.6885  0.1001 -0.9644  0.0504  0.6377  0.0408  0.2579  0.0298 -0.0003  0.3974 0 
 43.1556 -0.0895  2.1504  0.0216  0.1867  0.0855  0.3105  0.0623 -0.0003  0.1487 0 
 46.6926 -0.1936  0.6117  0.4437  0.7340  0.0579  0.4345  0.5981  0.2746  0.9993 1 
 42.3011  0.1455 -2.5409  0.1275  0.5631  0.0137  0.2230  0.0631 -0.0003  0.4035 1 
 45.1301  0.5295  2.3382  0.1245  0.7299  0.1266  0.5260  0.3675  0.3414  0.9795 1 
 42.6154 -0.5431 -0.8133  0.6596  0.6146  0.0522  0.2225  0.6975  0.1792  0.9985 1 
 49.6651  0.0713  2.4564  0.0417  0.4096  0.0693  0.4704  0.0547 -0.0003  0.3298 0 
 31.6350 -0.0428 -0.6783  0.0339  0.3168  0.0182  0.1450  0.0097 -0.0003  0.1401 0 
 53.7819 -0.3952  1.8669  0.0545  0.1452  0.0719  0.2515  0.0075 -0.0003  0.1653 0 
 49.3843  0.4024 -1.2603  0.0620  0.1791  0.0261  0.1713  0.0458 -0.0003  0.1275 0 
 46.0975  0.2254  1.5213  0.0034  0.2787  0.0503  0.2180  0.0435 -0.0003  0.1243 0 
 42.7314 -0.2346 -1.6272  0.0202  0.1818  0.0172  0.3113  0.0169 -0.0003  0.0533 0 
 48.0507  0.5803 -1.2945  0.0156  0.2924  0.0576  0.4313  0.0906 -0.0003  0.2059 0 
 39.4934 -0.5752  1.8507  0.0157  0.4582  0.0154  0.1817  0.0237  0.0466  0.1399 0 
 48.9601  0.6831 -2.6025  0.0186  0.4385  0.0171  0.2146  0.0298 -0.0003  0.1081 0 
 47.3640 -0.6915  0.5875  0.0007  0.3581  0.0739  0.3896  0.0338 -0.0003  0.1488 0 
 48.2582  0.0020 -1.0275  0.0109  0.0429  0.0287  0.0862  0.0098 -0.0003  0.0727 0 
 43.4272  0.0251  2.1235  0.0385  0.1684  0.0626  0.3543  0.0316 -0.0003  0.1543 0 
 43.3204  0.5829  2.3525  0.0648  0.6005  0.1530  0.5317  0.1083 -0.0003  0.4554 0 
 42.0203 -0.6167 -0.7858  0.0384  0.1754  0.0774  0.4914  0.1263 -0.0003  0.2998 0 
 51.5572  0.5382  0.5945  0.0045  0.3619  0.1470  0.5083  0.1005 -0.0003  0.2398 0 
 46.6926 -0.5356 -2.5345  0.0248  0.2335  0.0276  0.3476  0.0775 -0.0003  0.1074 0 
 58.2101  0.6482 -1.6472  0.0574  0.1786  0.1011  0.4520  0.1426 -0.0003  0.4155 0 
 46.3630 -0.6291  1.4294  0.1901  0.3326  0.0805  0.1306  0.1740 -0.0003  0.8812 0 
 47.2450 -0.1403 -2.9134  0.0008  0.0902  0.0556  0.3898  0.0386 -0.0003  0.0678 0 
 46.5187  0.1349  0.2259  0.0339  0.4213  0.0616  0.4349  0.0468 -0.0003  0.2876 0 
 55.0393  0.6380  0.7844  0.0088  0.6314  0.0992  0.4167  0.0899 -0.0003  0.2757 0 
 46.4790 -0.6235 -2.4066  0.0396  0.0619  0.0306  0.2175  0.1017 -0.0003  0.0768 0 
 48.2795  0.3666  0.3917  0.2100  0.2282  0.1035  0.2585  0.2404 -0.0003  0.9389 1 
 40.4852 -0.3232 -2.7162  0.0958  0.5088  0.0878  0.3610  0.0871  0.6126  0.9964 1 
 60.5600 -0.5333 -2.0911  0.0037  0.2051  0.0293  0.2442  0.0379 -0.0003  0.0547 0 
 48.9143  0.5205  1.0719  0.0053  0.2060  0.0275  0.3005  0.0103 -0.0003  0.0613 0 
 45.1301 -0.5379 -2.1515  0.1042  0.3657  0.0391  0.4822  0.0557 -0.0003  0.5412 1 
 42.8656  0.5603  0.9587  0.3705  0.3310  0.0565  0.4000  0.3322  0.1298  0.9929 1 
 49.8970 -0.5732 -1.5096  0.0837  0.2701  0.0772  0.4698  0.1365 -0.0003  0.5877 0 
 46.7597  0.5557  1.6364  0.0207  0.1393  0.0308  0.3474  0.0113 -0.0003  0.0713 0 
 43.3539 -0.7055 -1.2689  0.0469  0.7431  0.0290  0.3987  0.2421 -0.0003  0.6796 1 
 42.6429  0.7028  1.9018  0.1505  0.3375  0.0691  0.5340  0.3464  0.2093  0.9693 1 
 47.8431  0.6087 -2.4553  0.3171  0.2006  0.1881  0.4749  0.3563 -0.0003  0.9958 1 
 46.8269 -0.6042  0.6974  0.8196  0.2040  0.0317  0.3039  0.7924 -0.0003  0.9921 1 
 57.3251 -0.0535  1.2290  0.0695  0.3098  0.0740  0.4125  0.0640 -0.0003  0.4186 0 
 45.8106  0.0967 -1.9131  0.0011  0.6249  0.0547  0.5240  0.0620 -0.0003  0.1953 0 
 44.0620  0.2523 -0.6068  0.0430  0.2947  0.0619  0.3970  0.0367  0.3948  0.7647 0 
 37.1862 -0.2565  2.5878  0.0337  0.6812  0.0632  0.4157  0.0283 -0.0003  0.3017 0 
 47.0375 -0.2862 -1.1783  0.0029  0.3214  0.0210  0.1301  0.0370 -0.0003  0.1055 0 
 44.5411  0.3057  1.9738  0.0350  0.0756  0.0178  0.2200  0.0053 -0.0003  0.0478 0 
 49.9672 -0.1424 -2.6791  0.0420  0.2874  0.0736  0.5978  0.1736 -0.0003  0.4902 0 
 44.7456  0.1238  0.4420  0.0242  0.3331  0.0193  0.3075  0.0331 -0.0003  0.0936 0 
 45.0202 -0.0765  2.7204  0.1136  0.2939  0.2740  0.4825  0.0147 -0.0003  0.5165 0 
 37.9065  0.0896 -0.5180  0.0013  0.3196  0.0278  0.1837  0.0020  0.1770  0.4123 0 
 47.8157  0.6306  0.9471  0.0413  0.4295  0.0716  0.4750  0.0764  0.2286  0.6232 0 
 43.9429 -0.6316 -2.2076  0.0548  0.0640  0.0313  0.1766  0.0090 -0.0003  0.0690 0 
 46.2928  0.5230 -2.5900  0.0101  0.6592  0.0672  0.3048  0.0421 -0.0003  0.2566 0 
 34.0154 -0.5283  0.5082  0.0103  0.5629  0.0323  0.2841  0.0475 -0.0003  0.1526 0 
 49.8054 -0.7552  0.8910  0.0142  0.1989  0.0378  0.2564  0.0113 -0.0003  0.0857 0 
 40.0305  0.7572 -2.2643  0.1477  0.1512  0.0792  0.4074  0.2705 -0.0003  0.8530 0 
 46.5736  0.6208  1.9157  0.0600  0.4907  0.0949  0.3913  0.1146  0.4312  0.8927 1 
 44.3458 -0.6128 -1.2391  0.2980  0.3038  0.0592  0.4845  0.2160 -0.0003  0.9630 1 
 44.0864 -0.0715  0.7187  0.0343  0.5402  0.1471  0.6175  0.0176 -0.0003  0.2887 1 
 36.7620  0.0467 -2.3774  0.3131  0.6695  0.0352  0.9266  0.4591  0.1475  0.9993 1 
 42.4567 -0.7836  1.2623  0.0039  0.5397  0.0649  0.4010  0.0172  0.1982  0.4039 0 
 41.9104  0.7805 -1.8779  0.0004  0.4477  0.0109  0.2683  0.1492 -0.0003  0.1148 0 
 49.7017  0.1063 -0.9280  0.0299  0.3807  0.0225  0.2565  0.0279  0.0983  0.3071 0 
 47.2236 -0.1019  2.2134  0.0206  0.5266  0.0202  0.5198  0.0891 -0.0003  0.2593 0 
 47.5441  0.1174 -3.1104  0.0215  0.1050  0.0648  0.2595  0.1380 -0.0003  0.1427 0 
 47.5227 -0.0969  0.0563  0.0035  0.2779  0.0468  0.2595  0.0997 -0.0003  0.1329 0 
 44.2573 -0.6576 -2.9104  0.0134  0.5244  0.1242  0.7050  0.0681  0.1921  0.5189 1 
 41.6541  0.6953  0.2178  0.0248  0.3974  0.1065  0.4926  0.0164 -0.0003  0.2280 1 
 55.1888  0.0127 -0.4778  0.0339  0.5685  0.1937  0.5829  0.0500 -0.0003  0.3044 0 
 37.7874  0.0100  2.6904  0.0180  0.2533  0.0353  0.4138  0.0389 -0.0003  0.1256 0 
 46.7048  0.7939 -1.5492  0.0285  0.2305  0.0702  0.2172  0.0104 -0.0003  0.2051 1 
 42.8504 -0.7969  1.6244  0.0191  0.6182  0.0435  0.4000  0.3060 -0.0003  0.7054 1 
 51.5846 -0.6421  0.5529  0.0648  0.2015  0.0567  0.3811  0.1536 -0.0003  0.4256 0 
 44.8798  0.6558 -2.6305  0.0291  0.3126  0.0869  0.5268  0.0588 -0.0003  0.2745 0 
 45.4109 -0.6537 -3.0902  0.0110  0.4580  0.0889  0.4377  0.0645 -0.0003  0.2130 0 
 36.7254  0.6763  0.0884  0.0000  0.2250  0.0065  0.0000 -0.0200 -0.0003  0.2024 0 
 50.9255  0.7231 -2.5126  0.2919  0.2259  0.0703  0.5099  0.2177 -0.0003  0.9625 1 
 44.3336 -0.7217  0.6808  0.2072  0.6048  0.0429  0.4404  0.1326  0.1048  0.8478 1 
 48.2185 -0.6223 -2.0878  0.5585  0.5812  0.0909  0.6894  0.3511 -0.0003  0.9889 1 
 40.4669  0.6165  1.0233  0.2910  0.5498  0.0457  0.2256  0.1894  0.2839  0.9752 1 
 49.5094  0.3795  2.7587  0.0289  0.3855  0.1178  0.4708  0.0128  0.2086  0.4339 0 
 43.9429 -0.3741 -0.3325  0.0424  0.4017  0.0330  0.2207  0.0938 -0.0003  0.2437 0 
 46.1128  0.7903  0.6611  0.0026  0.2935  0.0665  0.3051  0.0341 -0.0003  0.1408 0 
 42.7436 -0.7612 -2.4904  0.0078  0.5970  0.0142  0.3113  0.0330  0.1501  0.2848 0 
 54.4869 -0.3870 -2.5968  0.1779  0.3353  0.0514  0.3342  0.0214 -0.0003  0.6166 0 
 42.7588  0.3843  0.5493  0.0000  0.2551  0.0058  0.0889  0.0887  0.0546  0.1218 0 
 48.9235 -0.3344 -1.9880  0.0237  0.3777  0.0547  0.6010  0.0500 -0.0003  0.2792 0 
 48.3162  0.3402  1.1666  0.1568  0.8292  0.1561  0.3876  0.2160 -0.0003  0.9639 0 
 42.5818 -0.6173 -0.9442  0.0451  0.4276  0.0236  0.2671  0.0502  0.3071  0.9351 0 
 35.8221  0.5753  2.1097  0.0313  0.4969  0.0984  0.4200  0.0224  0.2564  0.5458 0 
 46.7384 -0.7528  1.7934  0.6000  0.6039  0.0462  0.5213  1.0742 -0.0003  0.9986 1 
 24.3656  0.7240 -1.3565  0.2285  0.2347  0.0140  0.2092  0.1085 -0.0003  0.4563 1 
 46.2257  0.3982 -0.7667  0.0285  0.2290  0.0586  0.5227  0.0189 -0.0003  0.2084 0 
 46.1402 -0.3850  2.3953  0.0367  0.2610  0.0346  0.3051  0.0458 -0.0003  0.1456 0 
 48.4962 -0.6192 -1.7220  0.6320  0.8726  0.0309  0.7314  0.4824  0.1252  0.9958 1 
 33.7621  0.6303  1.3933  0.1794  0.2566  0.0854  0.3796  0.2567  0.6913  0.9992 1 
 41.0529 -0.6777 -1.6103  0.2069  0.1140  0.1080  0.3596  0.2336  0.1268  0.9123 0 
 34.7265  0.6520  1.5351  0.0491  0.1396  0.0284  0.4237  0.0845 -0.0003  0.1625 0 
 41.2604 -0.4086  2.8743  0.0251  0.4312  0.0743  0.7183  0.0724 -0.0003  0.3453 1 
 38.4131  0.4672 -0.2913  0.8320  0.4092  0.0804  0.5951  0.2325 -0.0003  0.9823 1 
 47.1534 -0.1735 -2.2955  0.0433  0.5360  0.0867  0.3034  0.1927 -0.0003  0.6708 0 
 44.3580  0.1918  0.8286  0.0885  0.3451  0.0273  0.3083  0.0722 -0.0003  0.3577 0 
 42.8321 -0.0032 -1.3694  0.0246  0.3431  0.0435  0.4444  0.0866 -0.0003  0.2484 0 
 33.0571 -0.0222  1.7464  0.0755  0.3428  0.0685  0.5729  0.1014 -0.0003  0.5534 0 
 46.8330 -0.2106  2.0832  0.1795  0.4286  0.0891  0.6512  0.0688 -0.0003  0.7548 0 
 41.3092  0.2198 -0.9996  0.0313  0.6505  0.0274  0.3142  0.0080 -0.0003  0.2384 0 
 44.9104 -0.6819  1.3831  0.0005  0.1223  0.0667  0.3951  0.1412 -0.0003  0.1107 0 
 38.3185  0.7368 -1.7845  0.0299  0.6119  0.0786  0.4122  0.1495 -0.0003  0.4682 0 
 45.3590  0.2175  1.2821  0.0229  0.1090  0.0273  0.1751  0.0030  0.1920  0.4394 1 
 23.2883 -0.1821 -1.9047  0.0844  0.6548  0.0176  0.3713  0.0866  0.1510  0.6146 1 
 51.3649 -0.6284  2.2644  0.0492  0.5165  0.2997  0.4240  0.0178 -0.0003  0.2989 0 
 41.9409  0.6002 -0.8136  0.0753  0.1545  0.0623  0.3576  0.0189 -0.0003  0.2279 0 
 44.4373  0.7335  0.7899  0.0334  0.3801  0.0218  0.3521  0.1487 -0.0003  0.2440 0 
 23.9689 -0.6871 -2.2714  0.0098  0.0961  0.0280  0.1051  0.0070 -0.0003  0.0709 0 
 47.2755 -0.0516 -0.2901  0.2253  0.3747  0.0613  0.3465  0.2626 -0.0003  0.9609 1 
 36.5972  0.0293  2.8505  0.1498  0.4451  0.0311  0.3247  0.3267 -0.0003  0.8978 1 
 47.9194  0.2823  0.9064  0.2842  0.6227  0.0493  0.2590  0.4418 -0.0003  0.9923 1 
 43.3448 -0.3274 -2.2424  0.4860  0.1623  0.0559  0.2658  0.5327  0.2156  0.9989 1 
 48.4047 -0.4922  2.2527  0.0817  0.2831  0.0240  0.2583  0.0687 -0.0003  0.2352 0 
 47.4952  0.5052 -0.9072  0.0751  0.6310  0.0219  0.3461  0.0900 -0.0003  0.4250 0 
 45.5695  0.5489  0.9341  0.0128  0.1703  0.0150  0.1312  0.0060 -0.0003  0.0628 0 
 45.1240 -0.5371 -2.2223  0.0217  0.3241  0.0236  0.4822  0.1837 -0.0003  0.3011 0 
 45.6397  0.1847 -1.6319  0.0969  0.3391  0.0766  0.4371  0.0805 -0.0003  0.5358 0 
 45.2644 -0.1710  1.5268  0.0423  0.7018  0.0351  0.2628  0.1589 -0.0003  0.4644 0 
 54.0139 -0.0341  2.2454  0.0057  0.3245  0.0251  0.1256  0.0385 -0.0003  0.1225 0 
 44.1718  0.0294 -0.8876  0.0810  0.5481  0.0192  0.3086  0.0711 -0.0003  0.3409 0 
 38.3429  0.5053 -1.8611  0.0889  0.6378  0.0250  0.3206  0.1102 -0.0003  0.5287 1 
 34.7417 -0.5139  1.2034  0.1791  0.0842  0.0181  0.3295  0.1628 -0.0003  0.4961 1 
 48.3680  0.4045 -1.0719  0.6255  0.3971  0.0359  1.1194  0.6016 -0.0003  0.9998 1 
 42.7466 -0.3985  2.0252  0.1693  0.4256  0.0175  0.5337  0.2558 -0.0003  0.8966 1 
 47.3335  0.7627  1.0187  0.0320  0.0609  0.0240  0.3031  0.0457 -0.0003  0.0517 0 
 43.4943 -0.7661 -2.1101  0.0242  0.3036  0.0176  0.3984  0.0749  0.0220  0.1554 0 
 51.7922 -0.5286 -1.5764  0.0135  0.2386  0.0376  0.3385  0.0400 -0.0003  0.0947 0 
 46.7964  0.5507  1.5119  0.0104  0.8122  0.0346  0.4777  0.0836  0.0832  0.3704 0 
 37.4029  0.6817  1.9857  0.0357  0.3603  0.0435  0.5533  0.0904  0.1342  0.5315 1 
 36.9146 -0.6975 -1.1180  0.4689  0.5370  0.0388  0.5553  0.6125 -0.0003  0.9978 1 
 50.0099 -0.5116  0.5010  0.0045  0.2022  0.0631  0.3415  0.0239 -0.0003  0.1036 0 
 46.2501  0.5123 -2.6372  0.0081  0.0905  0.2937  0.4356  0.0193 -0.0003  0.0984 0 
 48.3711  0.3189  3.1025  0.0518  0.6045  0.0804  0.3014  0.0473 -0.0003  0.4214 1 
 39.2767 -0.2162 -0.0785  0.0877  0.3776  0.0755  0.3640  0.0361  0.3472  0.8048 1 
 49.3355  0.1345  0.2455  0.0192  0.6874  0.2315  0.5140  0.0223 -0.0003  0.2733 0 
 44.8463 -0.0991 -2.8353  0.1583  0.6261  0.0226  0.2634  0.1352 -0.0003  0.6964 0 
 48.3284 -0.0117 -1.7114  0.0713  0.5506  0.0397  0.4306  0.0228 -0.0003  0.4796 0 
 38.3764  0.0446  1.4121  0.0829  0.6001  0.0381  0.3663  0.0211 -0.0003  0.5518 0 
 55.8602  0.2255 -2.8423  0.1044  0.1558  0.0502  0.3321  0.0919 -0.0003  0.3672 0 
 46.8116 -0.2337  0.3071  0.0658  0.2015  0.1204  0.2605  0.0937 -0.0003  0.4036 0 
 48.6397  0.7514 -2.3970  0.0081  0.2738  0.0069  0.2150  0.0255 -0.0003  0.0510 0 
 46.7689 -0.7459  0.7421  0.0085  0.6303  0.0821  0.4343  0.0549  0.3311  0.6385 0 
 38.2635  0.7593  0.7511  0.0275  0.5758  0.0201  0.2291  0.0484 -0.0003  0.1463 0 
 34.7570 -0.7664 -2.3832  0.0556  0.0591  0.0192  0.2353  0.0264 -0.0003  0.0487 0 
 48.5695 -0.3673  1.0414  0.0338  0.4229  0.0521  0.6021  0.0688 -0.0003  0.3514 0 
 43.3814  0.3991 -2.1014  0.1164  0.5596  0.0207  0.2215  0.1273 -0.0003  0.5052 0 
 42.5818 -0.1313 -3.0048  0.0088  0.2734  0.0391  0.4452  0.0462  0.1395  0.2856 0 
 41.2787  0.1007  0.1677  0.0125  0.1294  0.0761  0.2693  0.1234 -0.0003  0.1353 0 
 46.0365 -0.6395 -2.6018  0.0234  0.3353  0.0306  0.3053  0.1502  0.3000  0.7946 0 
 42.7405  0.6507  0.5522  0.0004  0.2761  0.0224  0.3558  0.0251 -0.0003  0.0596 0 
 51.1543  0.7263  3.1332  0.0009  0.4144  0.0896  0.5093  0.0275  0.3677  0.4949 0 
 43.9246 -0.7623 -0.0163  0.0128  0.6240  0.0225  0.3090  0.0704 -0.0003  0.1383 0 
 46.3294  0.4361  2.5685  0.0465  0.2665  0.0709  0.4354  0.1826 -0.0003  0.4707 0 
 46.2470 -0.4373 -0.5619  0.1806  0.3099  0.0620  0.3485  0.1913 -0.0003  0.8818 0 
 48.7282  0.3034  0.7496  0.0195  0.4398  0.0369  0.5586  0.0693 -0.0003  0.2672 0 
 40.4028 -0.3058 -2.3803  0.0099  0.3772  0.0541  0.4515  0.0397 -0.0003  0.1773 0 
 40.3815 -0.7742 -1.6512  0.0436  0.1971  0.0368  0.3161  0.1497 -0.0003  0.2568 0 
 27.8172  0.7625  1.5560  0.0094  0.5398  0.0084  0.3515  0.0701 -0.0003  0.0908 0 
 46.0639  0.3302 -1.6667  0.0013  0.0989  0.1107  0.2180  0.0208 -0.0003  0.0696 0 
 41.3214 -0.3052  1.4675  0.0125  0.2809  0.0249  0.2244  0.0753 -0.0003  0.0872 0 
 41.9440  0.3169 -2.5330  0.0371  0.4508  0.0549  0.3129  0.0085 -0.0003  0.3005 1 
 37.7630 -0.2684  0.5318  0.1947  0.6396  0.0963  0.4139  0.3531  0.3100  0.9890 1 
 48.5817  0.1063  0.9506  0.0431  0.3911  0.0760  0.4300  0.0737 -0.0003  0.3514 0 
 44.6387 -0.1101 -2.1736  0.0065  0.4744  0.0614  0.3517  0.0418 -0.0003  0.1888 0 
 53.6019  0.6614  2.8247  0.0120  0.1859  0.1107  0.3775  0.0128  0.3470  0.3402 0 
 49.1188 -0.6758 -0.3621  0.0778  0.5185  0.0215  0.4717  0.0944 -0.0003  0.5465 0 
 49.1035 -0.4331 -1.6607  0.2424  0.6501  0.1058  0.3431  0.3128 -0.0003  0.9918 1 
 47.9316  0.4551  1.4286  0.2508  0.4544  0.0562  0.3453  0.2111 -0.0003  0.9503 1 
 55.4513 -0.6071 -1.5505  0.6023  0.5413  0.1139  0.4159  0.2731  0.0863  0.9950 1 
 32.8862  0.5571  1.5777  0.0113  0.1100  0.0613  0.4303  0.0845  0.1739  0.2089 1 
 58.0148 -0.5712  0.2354  0.0050  0.6599  0.0806  0.3290  0.1192 -0.0003  0.3466 0 
 50.1137  0.5988 -2.9350  0.0013  0.3407  0.1940  0.5546  0.0390 -0.0003  0.2164 0 
 49.8817 -0.6333 -0.3209  0.0211  0.4636  0.0264  0.5126  0.0667 -0.0003  0.2421 0 
 39.2401  0.6160  2.8667  0.0703  0.4500  0.0417  0.2276  0.0339 -0.0003  0.4116 0 
 47.4067  0.4142 -1.5214  0.0319  0.1844  0.0907  0.5626  0.0261 -0.0003  0.2175 0 
 38.3154 -0.4323  1.6184  0.1050  0.2193  0.0203  0.1832  0.0363 -0.0003  0.1976 0 
 46.9612  0.0057  2.2635  0.0097  0.2261  0.0506  0.3905  0.2409 -0.0003  0.3164 0 
 44.0345 -0.0223 -0.8821  0.0020  0.2622  0.0291  0.3089  0.0872 -0.0003  0.0719 0 
 48.3894  0.6682  0.5464  0.0189  0.2019  0.0583  0.3444  0.1926 -0.0003  0.2841 0 
 46.7994 -0.6262 -2.5699  0.0145  0.2785  0.0578  0.2171  0.0085 -0.0003  0.1888 0 
 43.6286 -0.5027  1.3099  0.1274  0.7743  0.0216  0.3981  0.0872 -0.0003  0.7041 1 
 32.1874  0.5358 -1.8726  0.2087  0.3936  0.0221  0.1443  0.2737  0.2994  0.9930 1 
 50.3273  0.4027  1.1640  0.0401  0.8057  0.0329  0.2557  0.0914 -0.0003  0.3387 0 
 45.3284 -0.3962 -2.0087  0.0672  0.4283  0.0161  0.3941  0.1505 -0.0003  0.4051 0 
 47.0436 -0.5809 -1.6599  0.0158  0.0541  0.0631  0.2602  0.0038 -0.0003  0.0773 0 
 41.8738  0.5755  1.4836  0.0182  0.3143  0.0403  0.3130  0.0268 -0.0003  0.1408 0 
 47.9805 -0.1484 -0.9477  0.0437  0.6453  0.0113  0.2157  0.0115 -0.0003  0.1579 0 
 47.1565  0.1705  2.1768  0.0059  0.0710  0.0268  0.3034  0.0034 -0.0003  0.0499 0 
 55.3536  0.2591  1.7048  0.0336  0.0351  0.0122  0.2081  0.0124 -0.0003  0.0402 0 
 48.8197 -0.2487 -1.4428  0.0263  0.1397  0.0816  0.4295  0.0246 -0.0003  0.1242 0 
 47.5959 -0.1167  1.7099  0.0490  0.2625  0.1473  0.5188  0.0081  0.4074  0.5179 0 
 44.4617  0.1447 -1.4190  0.0687  0.1640  0.1991  0.3521  0.0500 -0.0003  0.2892 0 
 46.1433 -0.6478  2.4880  0.1147  0.1152  0.0412  0.2615  0.0407 -0.0003  0.2043 0 
 37.9461  0.6193 -0.6961  0.0224  0.4967  0.0758  0.2756  0.0180 -0.0003  0.2637 0 
 44.3122  0.5750 -1.7271  0.0076  0.6089  0.0143  0.2202  0.1071 -0.0003  0.1307 0 
 37.5158 -0.5539  1.3967  0.0226  0.1679  0.0328  0.5528  0.0436 -0.0003  0.1596 0 
 48.0995 -0.2187  2.6932  0.2221  0.2452  0.0194  0.3449  0.2669 -0.0003  0.8448 0 
 46.0853  0.2173 -0.4097  0.0769  0.5435  0.0700  0.2616  0.0693 -0.0003  0.6210 0 
 49.4362 -0.1199  0.9328  0.0160  0.7701  0.0430  0.3853  0.0095 -0.0003  0.2396 0 
 40.7660  0.1156 -2.2128  0.0040  0.4766  0.0514  0.4954  0.1064 -0.0003  0.2205 0 
 47.9164  0.5588 -0.0279  0.0591  0.3721  0.0379  0.3884  0.0715 -0.0003  0.3718 0 
 46.3508 -0.5681  3.0884  0.0219  0.2601  0.0396  0.3483  0.0118 -0.0003  0.1370 0 
 48.3162 -0.4624 -2.7328  0.0506  0.2663  0.0500  0.5599  0.0449 -0.0003  0.3456 0 
 36.5118  0.4223  0.4504  0.0379  0.2164  0.0630  0.0928  0.0048 -0.0003  0.2950 0 
 52.2988  0.6546  1.6100  0.3682  0.5705  0.0780  0.6753  0.2335 -0.0003  0.9848 1 
 50.5898 -0.5806 -1.5112  0.1776  0.7288  0.0537  0.3831  0.3554 -0.0003  0.9791 1 
 48.2216  0.7493 -1.2435  0.0080  0.7297  0.0399  0.3016  0.0059 -0.0003  0.2294 0 
 45.6825 -0.7527  1.9416  0.0387  0.1911  0.0198  0.2185  0.0410 -0.0003  0.0730 0 
 45.5543  0.5045  1.7066  0.0141  0.0900  0.0185  0.1749  0.1533 -0.0003  0.0816 0 
 40.6226 -0.5100 -1.4348  0.0061  0.1578  0.2170  0.3607  0.0084 -0.0003  0.1269 0 
 50.6905  0.0041 -2.1327  0.0349  0.1340  0.0429  0.2553  0.0228  0.0711  0.1780 0 
 44.2084  0.0007  0.9872  0.1717  0.1960  0.1714  0.3526  0.0499 -0.0003  0.5582 0 
 50.6996  0.7217  0.9927  0.0288  0.5024  0.0387  0.2978  0.0241  0.2875  0.8052 0 
 46.1860 -0.7153 -2.1481  0.0198  0.6655  0.0291  0.3486  0.0334 -0.0003  0.1910 0 
 48.1239  0.2183  2.2797  0.0123  0.1083  0.0346  0.1724  0.0496 -0.0003  0.0576 0 
 47.2511 -0.2287 -0.8529  0.0294  0.1505  0.0202  0.1733  0.0087 -0.0003  0.0632 0 
 49.0700 -0.3211  0.8822  0.0232  0.4725  0.1344  0.5147  0.0543 -0.0003  0.2636 0 
 48.1727  0.3387 -2.2405  0.1196  0.1222  0.1005  0.5172  0.1064 -0.0003  0.5488 0 
 45.7923  0.6903  1.6211  0.0419  0.2120  0.0639  0.3057  0.1151 -0.0003  0.2896 0 
 37.0153 -0.6854 -1.5069  0.0498  0.0675  0.0169  0.2775  0.1453 -0.0003  0.0948 0 
 53.9315 -0.5733  0.5850  0.1173  0.2823  0.0519  0.2932  0.0971 -0.0003  0.5769 0 
 46.7689  0.5840 -2.5665  0.0777  0.5986  0.0866  0.3474  0.0285 -0.0003  0.4593 0 
 47.0832  0.7466  0.3723  0.0849  0.6358  0.0685  0.5636  0.0320 -0.0003  0.4854 0 
 43.3783 -0.7515 -2.7993  0.0228  0.2972  0.2885  0.5759  0.1766 -0.0003  0.4993 0 
 47.6509 -0.0796 -2.7464  0.1548  0.2351  0.0277  0.3025  0.2988 -0.0003  0.7924 0 
 38.0468  0.0931  0.4024  0.0628  0.4689  0.0402  0.2753  0.0344  0.2170  0.7032 0 
 46.9001 -0.1153 -1.7160  0.0400  0.0414  0.0534  0.1736  0.0165 -0.0003  0.0831 0 
 35.9564  0.1249  1.4461  0.0395  0.7323  0.0201  0.2797  0.0235 -0.0003  0.2054 0 
 48.8319 -0.4559 -1.8501  0.1378  0.6402  0.1817  0.3865  0.0345 -0.0003  0.6307 1 
 48.3619  0.4348  1.2338  0.2620  0.7835  0.0646  0.4736  0.4494 -0.0003  0.9948 1 
 43.2837  0.6566 -2.4257  0.0481  0.4851  0.0338  0.3989  0.0154 -0.0003  0.3253 1 
 26.3127 -0.6756  0.7857  0.0598  0.1182  0.0197  0.4086  0.1857  0.3131  0.8936 1 
 44.2695 -0.7527  0.1830  0.0138  0.3651  0.0243  0.3965  0.0224 -0.0003  0.1166 0 
 38.0743  0.7539 -2.9151  0.0558  0.2475  0.0248  0.3212  0.0927 -0.0003  0.1983 0 
 48.6580 -0.2432 -0.5841  0.0439  0.3965  0.0129  0.3009  0.1086 -0.0003  0.1622 0 
 43.0610  0.2294  2.5413  0.0790  0.1100  0.0348  0.3107  0.0499 -0.0003  0.1334 0 
 54.2611 -0.2968  0.5385  0.0063  0.4837  0.1415  0.5854  0.0045 -0.0003  0.2147 0 
 44.3336  0.2969 -2.6016  0.0228  0.5664  0.0287  0.4404  0.0081 -0.0003  0.2255 0 
 42.1820 -0.3796  1.6684  0.7221  0.4887  0.0416  0.2678  0.4968  0.3266  0.9983 1 
 39.7986  0.3687 -1.4568  0.4170  0.6134  0.0302  0.4986  0.4398 -0.0003  0.9946 1 
 44.0436 -0.4133 -0.7418  0.0183  0.1927  0.0316  0.1323  0.0384 -0.0003  0.0946 0 
 38.3520  0.4362  2.3932  0.0169  0.4937  0.0122  0.0916  0.0015 -0.0003  0.1551 0 
 43.6133 -0.6988 -0.8930  0.0027  0.2433  0.0298  0.3981  0.0198 -0.0003  0.0776 0 
 39.4507  0.6951  2.2117  0.0062  0.4923  0.0327  0.4090  0.0698 -0.0003  0.1514 0 
 43.4730 -0.5078 -2.7933  0.2004  0.5751  0.0239  0.5756  0.3799  0.0791  0.9749 1 
 36.7620  0.5064  0.3975  0.1560  0.2017  0.0217  0.1853  0.1514  0.2553  0.9685 1 
 49.7383  0.3614 -0.6315  0.2965  0.1171  0.0411  0.4275  0.1392 -0.0003  0.8129 0 
 43.1067 -0.3610  2.5251  0.0809  0.4647  0.0246  0.1775  0.0985 -0.0003  0.3231 0 
 54.4381 -0.4026  0.9346  0.0313  0.2471  0.0896  0.5431  0.0247 -0.0003  0.2388 0 
 44.5441  0.3964 -2.2506  0.0791  0.2577  0.0289  0.3519  0.1397 -0.0003  0.4116 0 
 54.9996 -0.2676 -1.7478  0.0124  0.3193  0.0548  0.1667  0.0742 -0.0003  0.2308 0 
 47.1717  0.2700  1.3641  0.0345  0.1233  0.1087  0.3467  0.0794 -0.0003  0.1370 0 
 52.0912  0.5916 -1.9132  0.0938  0.1567  0.0530  0.3380  0.0648 -0.0003  0.2981 0 
 31.9036 -0.5595  1.2246  0.0453  0.3793  0.0242  0.3376  0.1247 -0.0003  0.2677 0 
 52.1981  0.0430 -0.7016  0.0180  0.2499  0.0785  0.4645  0.0311  0.2013  0.3333 0 
 48.0873 -0.0629  2.4134  0.0364  0.2145  0.0563  0.6037  0.0714 -0.0003  0.3097 0 
 47.3854 -0.0771  2.4553  0.3318  0.3511  0.1091  0.4761  0.3292 -0.0003  0.9956 1 
 34.8882  0.0753 -0.6496  0.2977  0.7181  0.0439  0.2821  0.2943 -0.0003  0.9825 1 
 45.6184  0.6796  0.7209  0.0159  0.5134  0.0198  0.2623  0.0114 -0.0003  0.1292 0 
 32.3552 -0.6744 -2.4483  0.0912  0.5170  0.0281  0.0961  0.0132 -0.0003  0.3732 0 
 40.0458  0.1278 -0.5975  0.9361  0.6418  0.0379  0.3621  0.6514 -0.0003  0.9981 1 
 34.3420 -0.1292  2.5627  0.1692  0.2002  0.0326  0.4250  0.3731 -0.0003  0.9106 1 
 44.1047 -0.1451  1.2430  0.0697  0.1904  0.0390  0.3969  0.2131 -0.0003  0.4677 0 
 39.3805  0.1549 -1.9296  0.1349  0.4126  0.0481  0.3637  0.0676 -0.0003  0.6387 0 
 51.0079  0.1129  0.5927  0.0161  0.0536  0.0410  0.1699  0.0026 -0.0003  0.0729 0 
 43.0396 -0.0708 -2.5571  0.0083  0.5283  0.1532  0.4883  0.0239 -0.0003  0.2291 0 
 46.9429  0.4615  0.7554  0.0011  0.6719  0.0931  0.6508  0.1765 -0.0003  0.3777 0 
 46.4729 -0.4749 -2.3299  0.0056  0.1976  0.1321  0.4350  0.1567 -0.0003  0.2031 0 
 49.0333  0.1568  2.0970  0.0231  0.5030  0.0159  0.2574  0.0674 -0.0003  0.1204 0 
 43.8270 -0.1586 -1.0496  0.0231  0.2667  0.0320  0.2650  0.0375 -0.0003  0.1033 0 
 47.4464  0.7670  1.0550  0.0406  0.2532  0.0982  0.3894  0.0358 -0.0003  0.2373 0 
 47.1321 -0.7676 -2.1091  0.0308  0.3858  0.0280  0.5201  0.0723 -0.0003  0.2850 0 
 55.3384  0.1171  3.0503  0.0190  0.5353  0.0287  0.3745  0.0602 -0.0003  0.1771 0 
 47.4403 -0.1122 -0.0878  0.0160  0.4521  0.0405  0.2596  0.0065 -0.0003  0.2160 0 
 40.9735  0.7605  2.9287  0.3403  0.3656  0.0322  0.3149  0.3283 -0.0003  0.9815 1 
 38.6603 -0.7625 -0.1481  0.0211  0.3782  0.0803  0.3198  0.0086 -0.0003  0.2168 1 
 48.4352 -0.3149 -2.0832  0.0221  0.4133  0.0304  0.3443  0.0899 -0.0003  0.1791 0 
 40.2014  0.3152  1.0614  0.0034  0.1852  0.0269  0.4069  0.0665 -0.0003  0.0655 0 
 49.5125 -0.7325  0.0505  0.0257  0.3830  0.0910  0.5991  0.0217 -0.0003  0.2594 0 
 45.9968  0.7296 -3.0824  0.1253  0.4809  0.0276  0.3053  0.2698 -0.0003  0.8098 0 
 47.8523 -0.3287  1.7555  0.0438  0.1846  0.0844  0.6044  0.0489  0.0575  0.3641 0 
 42.0081  0.3411 -1.3797  0.0162  0.2911  0.0038  0.0447  0.0016 -0.0003  0.1413 0 
 70.0359  0.6534 -0.5897  0.0020  0.2619  0.0291  0.2751  0.0368 -0.0003  0.0628 0 
 51.8532 -0.6391  2.5293  0.0175  0.4815  0.0631  0.4652  0.0252  0.1868  0.4485 0 
 43.8758 -0.7825 -0.3054  0.0821  0.4047  0.0765  0.2208  0.0527 -0.0003  0.5692 0 
 43.5554  0.7843  2.8456  0.0161  0.1584  0.0259  0.2212  0.0457 -0.0003  0.0528 0 
 46.3111 -0.6854 -1.7276  0.0323  0.3405  0.0722  0.3919  0.0834 -0.0003  0.3002 0 
 45.7862  0.6835  1.3982  0.0697  0.5731  0.0076  0.2620  0.0640 -0.0003  0.2113 0 
 45.1118  0.6948 -1.3163  0.1218  0.2083  0.0230  0.2192  0.1209 -0.0003  0.3710 0 
 37.6379 -0.6789  1.8410  0.1989  0.6217  0.0326  0.3682  0.2459  0.1753  0.9285 0 
 46.3020 -0.0699  2.5825  0.0243  0.1129  0.0363  0.3048  0.0223 -0.0003  0.0670 0 
 45.7618  0.0615 -0.5564  0.0165  0.6905  0.0447  0.4368  0.0654 -0.0003  0.2617 0 
 48.5939  0.0807 -2.5111  0.0666  0.2473  0.1366  0.3870  0.0637  0.4679  0.7215 1 
 46.6102 -0.0429  0.6484  0.0129  0.4120  0.0805  0.7390  0.0463 -0.0003  0.2766 1 
 40.0427 -0.6545 -2.4247  0.0426  0.2972  0.0468  0.3621  0.0649 -0.0003  0.2591 0 
 36.3409  0.6729  0.6957  0.0137  0.3406  0.0311  0.2324  0.0794 -0.0003  0.1234 0 
 49.9123  0.7715 -0.5263  0.0446  0.5796  0.0509  0.4698  0.0466 -0.0003  0.3643 1 
 20.6363 -0.7685  2.5497  0.2457 -1.0000  0.0221  0.1103  0.2481  0.2950  0.2214 1 
 47.8523  0.6086 -1.6941  0.2562  0.4418  0.0474  0.5181  0.1426 -0.0003  0.8943 1 
 32.2972 -0.5812  1.4010  0.2171  0.7863  0.0405  0.3845  0.2785 -0.0003  0.9652 1 
 45.0782  0.7111 -1.5235  0.0004  0.1201  0.0728  0.2631  0.1076 -0.0003  0.0958 0 
 44.6662 -0.7045  1.6411  0.0157  0.4158  0.0166  0.2637  0.0084 -0.0003  0.1035 0 
 46.6682  0.2750  1.8939  0.0466  0.2429  0.0284  0.2607  0.0513 -0.0003  0.1349 0 
 46.6255 -0.2785 -1.2293  0.0141  0.2057  0.0265  0.3043  0.1157 -0.0003  0.0911 0 
 46.6712 -0.2399  2.8274  0.0064  0.2763  0.0850  0.4346  0.0151 -0.0003  0.1455 0 
 45.3284  0.2227 -0.2994  0.0083  0.4278  0.0653  0.6130  0.0123 -0.0003  0.1960 0 
 48.7556  0.6630  2.5451  0.0619  0.1820  0.0128  0.2578  0.0223 -0.0003  0.0832 0 
 47.8767 -0.6542 -0.5892  0.1177  0.0618  0.0749  0.2158  0.0406 -0.0003  0.1375 0 
 48.5451 -0.0490  1.5818  0.0477  0.2596  0.0282  0.5162  0.0944 -0.0003  0.3222 0 
 46.3905  0.0393 -1.5847  0.0213  0.0905  0.0655  0.3046  0.0086  0.2316  0.1992 0 
 45.5665  0.1789 -0.7658  0.8803  0.6867  0.0341  0.5247  0.8620 -0.0003  0.9983 1 
 39.0295 -0.1737  2.3688  0.1313  0.6353  0.0793  0.4102  0.1617  0.2696  0.9297 1 
 49.8543 -0.5351  0.3965  0.0360  0.3151  0.0431  0.2563  0.0569 -0.0003  0.2080 0 
 47.5074  0.5242 -2.7313  0.0518  0.4884  0.0175  0.3028  0.0186 -0.0003  0.1914 0 
 52.2011  0.6134  0.1515  0.0567  0.0755  0.0699  0.2956  0.0180 -0.0003  0.0983 0 
 44.3793 -0.6185 -2.9882  0.0136  0.0235  0.0290  0.2201  0.0074  0.1986  0.2754 0 
 45.0355 -0.2611 -1.1794  0.0571  0.4473  0.0780  0.4386  0.1702 -0.0003  0.5910 0 
 41.9440  0.2691  1.9663  0.0672  0.7039  0.0261  0.5364  0.0379  0.1061  0.6437 0 
 44.2603  0.0935  2.2451  0.0261  0.1784  0.3835  0.1322  0.0377 -0.0003  0.2413 0 
 42.7253 -0.1252 -0.9571  0.0067  0.0822  0.0869  0.2669  0.0390 -0.0003  0.0712 0 
 48.8472 -0.5235 -3.0452  0.1116  0.6552  0.0372  0.2577  0.1568  0.0888  0.8077 0 
 41.9440  0.5449  0.1030  0.0290  0.2001  0.0107  0.3129  0.0274 -0.0003  0.0538 0 
 52.1859  0.5207 -2.3235  0.0264  0.2505  0.1839  0.2956  0.0565 -0.0003  0.2366 0 
 47.4830 -0.5335  0.8226  0.0108  0.1628  0.0920  0.3461  0.1556 -0.0003  0.1815 0 
 49.0517 -0.4586 -0.5200  0.0123  0.4025  0.0666  0.4719  0.0091 -0.0003  0.1855 0 
 44.4739  0.4893  2.6109  0.0265  0.3695  0.0390  0.3961  0.1254 -0.0003  0.2895 0 
 43.8239 -0.2524  2.4913  0.3017  0.6974  0.0487  0.4418  0.2474 -0.0003  0.9712 1 
 43.2441  0.2804 -0.7111  0.0968  0.5868  0.0345  0.3547  0.0801 -0.0003  0.6212 1 
 52.9274  0.1077  3.0989  0.0725  0.1690  0.0423  0.3787  0.0601 -0.0003  0.2419 0 
 44.4526 -0.1247 -0.0636  0.0005  0.2610  0.2005  0.7482  0.0389 -0.0003  0.2647 0 
 42.1424  0.1633 -1.2143  0.0468  0.3511  0.0450  0.3571  0.0395 -0.0003  0.2834 0 
 39.9298 -0.1278  1.9093  0.0283  0.3308  0.0712  0.2717  0.0515 -0.0003  0.2643 0 
 55.2255 -0.4513  0.9365  0.0107  0.1620  0.0385  0.3330  0.0812 -0.0003  0.0780 0 
 45.4170  0.4470 -2.1927  0.0947  0.2515  0.0887  0.4376  0.1296 -0.0003  0.5961 0 
 44.4282 -0.5294  2.3994  0.0606  0.4051  0.0456  0.3522  0.2563  0.1075  0.8024 0 
 44.3122  0.5263 -0.7203  0.0204  0.5160  0.0426  0.3524  0.0267 -0.0003  0.2238 0 
 47.1290  0.3832  1.5487  0.0485  0.3362  0.0357  0.4335  0.1472 -0.0003  0.4219 0 
 42.0203 -0.3769 -1.6023  0.0115  0.5298  0.0293  0.3574  0.0495 -0.0003  0.1445 0 
 42.7466 -0.5511 -0.7718  0.0304  0.1041  0.1951  0.3113  0.1657 -0.0003  0.2356 0 
 41.6052  0.5405  2.4476  0.0018  0.1448  0.0480  0.1344  0.0037 -0.0003  0.0987 0 
 44.2908 -0.6426 -2.3103  0.2719  0.4920  0.0803  0.4846  0.4293  0.5296  0.9997 1 
 40.6500  0.6284  0.8316  0.2217  0.6113  0.0529  0.4057  0.2440 -0.0003  0.9660 1 
 50.7271  0.3740  2.5729  0.0282  0.3772  0.0269  0.2552  0.1379 -0.0003  0.2148 0 
 38.3032 -0.3916 -0.5543  0.0402  0.4015  0.0284  0.4581  0.1220  0.1149  0.5626 0 
 54.1299 -0.1063  1.6654  0.0479  0.5776  0.0721  0.2929  0.0432  0.0702  0.5297 0 
 50.7271  0.1160 -1.4858  0.0747  0.2539  0.0489  0.2127  0.0743 -0.0003  0.3559 0 
 38.3368  0.3473 -1.6032  0.1017  0.0958  0.0266  0.3206 -0.0200 -0.0003  0.1558 1 
 33.7011 -0.3804  1.5772  0.2735  0.7430  0.0157  0.4273  0.4490  0.0224  0.9906 1 
 53.7331 -0.3543 -2.8936  0.0257  0.2299  0.0377  0.2934  0.1100 -0.0003  0.1582 0 
 41.9135  0.3621  0.2873  0.1943  0.3002  0.0890  0.4471  0.0861 -0.0003  0.7186 0 
 47.8645 -0.4864  1.3695  0.0334  0.6412  0.1645  0.4749  0.0446 -0.0003  0.3069 0 
 47.1534  0.4842 -1.7625  0.1077  0.2898  0.0512  0.4334  0.0410 -0.0003  0.4755 0 
 43.6622  0.6498  2.2564  0.0033  0.6762  0.0773  0.3095  0.1962 -0.0003  0.5658 1 
 36.0235 -0.6447 -0.8301  0.1397  0.6147  0.0383  0.1864  0.1614 -0.0003  0.7770 1 
 47.6997  0.1625 -2.2221  0.7033  0.4433  0.0495  0.3024  0.3116 -0.0003  0.9961 0 
 46.8910 -0.1504  0.9203  0.0133  0.2956  0.0341  0.6076  0.0722 -0.0003  0.2276 0 
 47.8035 -0.6582  0.0535  0.0779  0.6854  0.0305  0.3023  0.1600  0.1589  0.7544 0 
 42.9175  0.6703 -3.0644  0.0945  0.2125  0.0197  0.2666  0.0579 -0.0003  0.1936 0 
 45.6031 -0.6330  0.3396  0.2313  0.2953  0.0503  0.4809  0.3643 -0.0003  0.9820 1 
 44.3488  0.6072 -2.8162  0.3449  0.6566  0.0240  0.5285  0.4204  0.0882  0.9935 1 
 48.7099 -0.4441 -0.6898  0.0499  0.8465  0.0317  0.4727  0.1585 -0.0003  0.6447 1 
 43.5065  0.4445  2.4441  0.0632  0.4400  0.0534  0.2213  0.1517 -0.0003  0.6191 1 
 52.9702 -0.5773 -1.7748  0.0273  0.3737  0.1196  0.2945 -0.0200 -0.0003  0.2010 0 
 46.1311  0.6008  1.3625  0.0190  0.3212  0.0460  0.4358  0.0610 -0.0003  0.1939 0 
 48.8991  0.4038 -2.5279  0.0331  0.1747  0.0482  0.3864  0.0550 -0.0003  0.1466 0 
 43.6103 -0.3958  0.6005  0.0815  0.7683  0.0226  0.3096  0.0551 -0.0003  0.4422 0 
 44.4007  0.2197  2.3611  0.1528  0.3231  0.0964  0.3962  0.1507 -0.0003  0.8150 1 
 30.7317 -0.2157 -0.7231  0.2588  0.7153  0.0760  0.3900  0.2573  0.3826  0.9977 1 
 40.6806  0.3432  0.3088  0.3214  0.5302  0.0718  0.6309  0.5728  0.2442  0.9994 1 
 25.5253 -0.4082 -2.8253  0.0877  0.6666  0.0356  0.3609  0.0865 -0.0003  0.6335 1 
 49.0364 -0.3098 -2.8233  0.0344  0.2215  0.0222  0.1716  0.0229 -0.0003  0.0959 0 
 39.1791  0.3019  0.2971  0.0795  0.1690  0.0135  0.3187  0.1522 -0.0003  0.2429 0 
 47.3274  0.3753 -1.1839  0.0633  0.0754  0.1521  0.2598  0.0178 -0.0003  0.0889 0 
 46.7872 -0.3699  1.9408  0.0311  0.0944  0.0341  0.3040  0.0786 -0.0003  0.0748 0 
 48.5237  0.3082  0.1753  0.0231  0.7292  0.0457  0.3442  0.0705 -0.0003  0.3200 0 
 38.0468 -0.2998 -2.9671  0.0145  0.5447  0.0428  0.4130  0.0405 -0.0003  0.2061 0 
 51.4046  0.7005 -1.0713  0.0656  0.5159  0.0651  0.3815  0.1700  0.0517  0.7337 1 
 39.4842 -0.7171  2.1189  0.3339  0.2354  0.0281  0.1817  0.3008 -0.0003  0.9458 1 
 51.5816  0.2460 -1.2970  0.0231  0.2080  0.0507  0.3812  0.0439 -0.0003  0.1384 0 
 48.4962 -0.2307  1.8436  0.1207  0.2379  0.2277  0.3012  0.0555 -0.0003  0.5470 0 
 44.9592 -0.4060 -0.2584  0.0424  0.4316  0.0490  0.3072  0.0422 -0.0003  0.3169 0 
 41.9501  0.4238  2.9020  0.0597  0.2404  0.1201  0.2235  0.0605 -0.0003  0.3719 0 
 43.7690 -0.7054 -2.4636  0.6896  0.5349  0.0388  0.5303  0.9705  0.1812  0.9996 1 
 42.4903  0.6967  0.6439  0.1395  0.2134  0.0590  0.3563  0.1763 -0.0003  0.7463 1 
 53.1319  0.6737 -1.1311  0.0517  0.2928  0.0218  0.1681  0.0406 -0.0003  0.1470 0 
 48.1178 -0.6879  2.0528  0.0088  0.2029  0.6691  0.6036  0.1234 -0.0003  0.3628 0 
 46.6926  0.6774 -0.8446  0.1075  0.3127  0.1518  0.5648  0.0866 -0.0003  0.5626 0 
 44.5075 -0.6871  2.2587  0.1210  0.6298  0.0199  0.2640  0.1159 -0.0003  0.5567 0 
 43.9094  0.7469  1.8944  0.0107  0.5343  0.1104  0.5299 -0.0200 -0.0003  0.1980 0 
 34.9493 -0.7569 -1.2276  0.0427  0.3940  0.0082  0.0940  0.0126 -0.0003  0.1384 0 
 48.8960  0.7029 -0.5298  0.0521  0.3032  0.0186  0.3435  0.0869 -0.0003  0.1831 0 
 45.5421 -0.6702  2.6160  0.0142  0.3736  0.1048  0.3499  0.0878 -0.0003  0.2416 0 
 51.2795 -0.7151  0.1094  0.0309  0.5460  0.0248  0.4666  0.0237 -0.0003  0.2552 0 
 46.6041  0.7038 -3.0134  0.0323  0.0613  0.0612  0.4347  0.0833 -0.0003  0.1111 0 
 47.5807 -0.6976 -0.4775  0.0172  0.3648  0.0353  0.4756  0.0284 -0.0003  0.1843 0 
 40.2502  0.6880  2.6957  0.0362  0.5899  0.0274  0.2712  0.0306 -0.0003  0.2124 0 
 54.1176  0.7226  0.6732  0.0130  0.2678  0.0504  0.2929  0.0152 -0.0003  0.1382 0 
 52.5978 -0.7493 -2.4264  0.0186  0.1757  0.0543  0.2950  0.0070 -0.0003  0.1110 0 
 46.4393  0.1365  2.6586  0.3642  0.7205  0.0941  0.3916  0.4581  0.2086  0.9974 1 
 45.5879 -0.1493 -0.4745  0.8534  0.4603  0.1403  0.6121  0.6343 -0.0003  0.9974 1 
 47.7058  0.0219  2.8154  0.0329  0.1001  0.0418  0.4753  0.0545  0.1178  0.2231 0 
 44.9073 -0.0118 -0.3195  0.0182  0.5810  0.0126  0.2634  0.1016 -0.0003  0.1344 0 
 32.6940  0.2618  1.2443  0.3185  0.4884  0.0405  0.2873  0.2614  0.4145  0.9989 1 
 18.3627 -0.2214 -1.9596  0.0450  0.3702  0.0761  0.6312  0.0483  0.4359  0.7547 1 
 44.9714 -0.2184 -1.1219  0.0433  0.2014  0.0298  0.2633  0.0911  0.0781  0.3312 0 
 38.1964  0.2145  2.0609  0.1562  0.5615  0.0233  0.2751  0.3437  0.2145  0.9464 0 
 49.0547  0.5312 -2.3087  0.0417  0.2969  0.0776  0.6006  0.1569 -0.0003  0.4756 0 
 43.7201 -0.5214  0.8775  0.0070  0.4928  0.0272  0.3095  0.0809 -0.0003  0.1243 0 
 45.8289 -0.2609 -2.8072  0.0080  0.3384  0.0368  0.3930  0.0054 -0.0003  0.1383 0 
 40.6165  0.2623  0.3576  0.0795  0.2674  0.0235  0.3607  0.0729 -0.0003  0.2846 0 
 44.0223 -0.3875  1.8009  0.0293  0.4077  0.0576  0.3971  0.0245  0.0402  0.3066 0 
 36.6186  0.3471 -1.4162  0.0808  0.0463  0.1774  0.2319  0.2275 -0.0003  0.3865 0 
 47.0405 -0.2602  2.0050  0.1101  0.1231  0.0991  0.4336  0.1933 -0.0003  0.6493 0 
 40.0244  0.2961 -1.1683  0.0378  0.2645  0.0427  0.2263  0.0091 -0.0003  0.1947 0 
 47.4067 -0.7127  0.9096  0.0049  0.7641  0.0446  0.3462  0.1583 -0.0003  0.4014 0 
 45.3956  0.7110 -2.2332  0.0072  0.4608  0.0758  0.5252  0.1497 -0.0003  0.2854 0 
 50.6630  0.6872 -1.8857  0.0355  0.0694  0.0512  0.2553  0.0356 -0.0003  0.0762 0 
 48.8319 -0.6904  1.2680  0.0139  0.2630  0.0264  0.3006  0.0488 -0.0003  0.0747 0 
 45.4932  0.2051  1.4251  0.0840  0.2862  0.1156  0.3937  0.1892 -0.0003  0.7050 0 
 43.8880 -0.1966 -1.6969  0.0732  0.3295  0.0113  0.2650  0.0539 -0.0003  0.1483 0 
 45.2064 -0.7639 -1.3997  0.0795  0.3184  0.0251  0.3067  0.0678 -0.0003  0.2818 0 
 34.5739  0.7884  1.7626  0.0264  0.3499  0.0414  0.1414  0.0943 -0.0003  0.2488 0 
 60.0839  0.5598  0.0496  0.0349  0.5678  0.1400  0.2446  0.1431 -0.0003  0.4980 0 
 47.3854 -0.5396 -3.0068  0.0231  0.4547  0.2347  0.6493  0.0679 -0.0003  0.3259 0 
 46.0487  0.3778  0.5418  0.0547  0.1300  0.0338  0.1744  0.0092  0.0196  0.1300 0 
 42.0874 -0.4181 -2.6635  0.0004  0.3345  0.0591  0.4466  0.0278 -0.0003  0.1410 0 
 42.0844 -0.1488  3.1228  0.0184  0.3976  0.1569  0.4466  0.1662 -0.0003  0.3734 1 
 38.0499  0.1470 -0.0069  0.3417  0.2854  0.0503  0.5048  0.2159  0.1711  0.9854 1 
 47.4586  0.4882 -0.8727  0.0077  0.4765  0.0155  0.3461  0.0600 -0.0003  0.0881 0 
 47.4281 -0.4925  2.2716  0.1114  0.5134  0.0600  0.3029  0.0910 -0.0003  0.7242 0 
 45.9144 -0.3726 -1.8083  0.0147  0.6359  0.0180  0.3491  0.0877 -0.0003  0.1451 0 
 35.8099  0.3649  1.3182  0.0455  0.4396  0.0244  0.2800  0.0497 -0.0003  0.1867 0 
 46.4027  0.2732  1.4111  0.0082  0.2126  0.0747  0.3481  0.0546 -0.0003  0.1235 0 
 43.6469 -0.2864 -1.7360  0.0463  0.2532  0.0134  0.3096  0.0696 -0.0003  0.1056 0 
 48.2887  0.7018 -2.4014  0.0164  0.3379  0.0337  0.3015  0.0677 -0.0003  0.1255 0 
 47.2297 -0.7175  0.7349  0.0934  0.2200  0.0143  0.1300  0.1284 -0.0003  0.2315 0 
 60.1053  0.1689 -0.0220  0.0461  0.0690  0.0706  0.2446  0.0369 -0.0003  0.0912 0 
 54.6273 -0.1370  3.1081  0.0850  0.3385  0.0695  0.2504  0.2134 -0.0003  0.7430 0 
 52.9793 -0.3295  1.4689  0.0169  0.1107  0.0271  0.1683  0.0632 -0.0003  0.0546 0 
 46.2593  0.3424 -1.6998  0.0749  0.7590  0.0223  0.3920  0.0648 -0.0003  0.4739 0 
 45.5573 -0.3659 -2.7860  0.1531  0.1506  0.0331  0.3061  0.3257 -0.0003  0.7593 0 
 42.3346  0.3793  0.3359  0.0972  0.6589  0.0093  0.2675  0.1644 -0.0003  0.4755 0 
 44.8432 -0.5248  3.0980  0.1220  0.4540  0.0175  0.5708  0.0993 -0.0003  0.7116 1 
 34.8638  0.5260 -0.0554  0.1738  0.5617  0.0917  0.3762  0.1724  0.5943  0.9987 1 
 40.6928 -0.3373  2.0478  0.1150  0.1089  0.0307  0.3605  0.1562 -0.0003  0.3900 0 
 32.1935  0.3384 -1.1029  0.0166  0.5632  0.0253  0.1924  0.0363 -0.0003  0.1505 0 
 48.3406 -0.3572 -0.9936  0.0240  0.0783  0.0876  0.2153  0.0031 -0.0003  0.0866 0 
 45.8015  0.3434  2.1845  0.1173  0.0918  0.0025  0.1310  0.1414 -0.0003  0.1692 0 
 45.8900 -0.4299 -1.5477  0.0090  0.1189  0.0638  0.3492  0.0894 -0.0003  0.0932 0 
 42.3011  0.4456  1.5584  0.1399  0.3776  0.0171  0.4014  0.2195 -0.0003  0.7403 0 
 55.5489  0.6437 -0.6127  0.0475  0.4494  0.0505  0.2910  0.1214 -0.0003  0.4831 0 
 47.2053 -0.6485  2.5073  0.0346  0.4546  0.0474  0.3899  0.0295  0.1104  0.4596 0 
 49.6010 -0.6136 -1.7692  0.0060  0.1980  0.0285  0.4278  0.0855 -0.0003  0.0867 0 
 35.0835  0.6117  1.3575  0.0139  0.1691  0.0122  0.2816  0.0626 -0.0003  0.0412 0 
 50.5531 -0.3504  0.5568  0.1015  0.4780  0.0111  0.3405  0.1446 -0.0003  0.4403 0 
 39.8474  0.3427 -2.5748  0.0930  0.5791  0.0235  0.3172  0.0972 -0.0003  0.4862 0 
 52.5246 -0.0996  0.5028  0.0463  0.2994  0.0348  0.4216  0.0655 -0.0003  0.2662 1 
 45.5512  0.1238 -2.6504  0.1017  0.9050  0.0410  0.4810  0.2591 -0.0003  0.9143 1 
 39.9817 -0.4632 -0.1722  0.0021  0.1377  0.0026  0.1811  0.0529 -0.0003  0.0325 0 
 37.2961  0.4820  2.9795  0.0533  0.3578  0.0110  0.3230  0.2824 -0.0003  0.3960 0 
 47.8553 -0.2055 -0.0364  0.0220  0.1997  0.0738  0.3886  0.2215 -0.0003  0.3381 0 
 47.4372  0.1974  3.0968  0.0458  0.6402  0.0334  0.5625  0.1329 -0.0003  0.5521 0 
 47.0985  0.0309 -0.3728  0.0110  0.5896  0.0864  0.3902  0.1577 -0.0003  0.3828 1 
 39.8688 -0.0704  2.7081  0.6406  0.5223  0.0213  0.4078  0.7902 -0.0003  0.9984 1 
 46.0243  0.0583 -1.5856  0.0305  0.1427  0.2124  0.5234  0.0965 -0.0003  0.2641 0 
 39.2004 -0.0056  1.5709  0.0279  0.3381  0.0335  0.4097  0.0397 -0.0003  0.1845 0 
 45.3437 -0.3606  1.4956  0.0453  0.2980  0.0264  0.3940  0.1607 -0.0003  0.3326 0 
 44.5014  0.3575 -1.6314  0.0136  0.6505  0.0344  0.5280  0.0872 -0.0003  0.2712 0 
 45.1911 -0.7100 -2.8223  0.3182  0.2444  0.0434  0.5697  0.3879 -0.0003  0.9926 1 
 36.3775  0.7175  0.2740  0.0407  0.6552  0.0690  0.5111  0.0870 -0.0003  0.3964 1 
 51.0323  0.0962  1.8594  0.0049  0.7792  0.1179  0.5521  0.1238 -0.0003  0.3617 0 
 40.0336 -0.1521 -1.2629  0.1185  0.2563  0.1181  0.4073  0.1079 -0.0003  0.5969 0 
 42.8870  0.0604 -2.4208  0.1477  0.3670  0.0200  0.3555  0.2226 -0.0003  0.7437 0 
 33.0602 -0.1026  0.7678  0.1646  0.1879  0.0312  0.3342  0.0723  0.0877  0.7081 0 
 48.4169 -0.4679 -0.7541  0.2024  0.5930  0.0206  0.2583  0.1682 -0.0003  0.7760 0 
 45.3773  0.4722  2.4244  0.0654  0.2990  0.1133  0.2626  0.1556 -0.0003  0.6145 0 
 52.6192  0.4950  2.0240  0.0323  0.2622  0.0680  0.4635  0.2058 -0.0003  0.4162 0 
 45.4414 -0.4698 -1.1049  0.0234  0.4017  0.0306  0.3063  0.0754 -0.0003  0.1591 0 
 49.3751  0.6395 -2.2442  0.3287  0.4494  0.0430  0.4711  0.3461 -0.0003  0.9884 1 
 41.4557 -0.6441  0.8903  0.2314  0.4236  0.0602  0.6726  0.3142 -0.0003  0.9869 1 
 49.1768  0.1969  1.9213  0.0116  0.7117  0.0104  0.3001  0.0721  0.1023  0.2180 0 
 45.9876 -0.1807 -1.2073  0.0037  0.6715  0.0604  0.2617  0.0272 -0.0003  0.2578 0 
 44.4648  0.5063 -1.8504  0.0567  0.1258  0.0699  0.3521  0.2331 -0.0003  0.4016 1 
 43.6896 -0.5046  1.2969  0.3100  0.4839  0.0448  0.4863  0.2012 -0.0003  0.9433 1 
 45.6977  0.0128  0.7453  0.5485  0.6498  0.0580  0.3058  0.4672  0.1834  0.9979 1 
 33.2586 -0.0489 -2.3582  0.2520  0.6018  0.0771  0.6195  0.2802 -0.0003  0.9885 1 
 42.2004 -0.3248  0.3980  0.0007  0.6209  0.0523  0.1785  0.0887 -0.0003  0.2894 1 
 39.2432  0.3175 -2.6845  0.2003  0.1727  0.0486  0.3186  0.0843 -0.0003  0.5961 1 
 49.9092 -0.4684  0.4954  0.0460  0.3117  0.0366  0.4698  0.0419 -0.0003  0.2853 0 
 39.3378  0.4538 -2.6821  0.0142  0.5740  0.0237  0.2274  0.0009 -0.0003  0.1732 0 
 47.5807 -0.6839  0.1276  0.0289  0.5582  0.0540  0.5621  0.0349 -0.0003  0.2806 0 
 45.5756  0.6617 -3.0476  0.0259  0.1056  0.0599  0.2623  0.3559 -0.0003  0.4395 0 
 47.7638 -0.1986 -3.0621  0.1858  0.1562  0.0401  0.3024  0.0261 -0.0003  0.4605 0 
 47.3182  0.1983  0.1225  0.0022  0.6152  0.1675  0.3897  0.0185 -0.0003  0.2351 0 
 46.9825 -0.2563  1.2731  0.1114  0.1621  0.0163  0.3470  0.1890  0.1079  0.6805 0 
 45.3315  0.2364 -1.8892  0.0424  0.3500  0.2764  0.3065  0.1452 -0.0003  0.5447 0 
 53.3608 -0.6503  0.7147  0.0258  0.8012  0.1350  0.6298  0.0477 -0.0003  0.3424 0 
 43.6194  0.7182 -2.3861  0.0103  0.2895  0.0625  0.4866  0.0302 -0.0003  0.1666 0 
 45.4719 -0.1644  1.2018  0.0445  0.8384  0.0308  0.3938  0.0756 -0.0003  0.3905 0 
 42.8809  0.1795 -1.9148  0.1301  0.6533  0.0240  0.2666  0.1308 -0.0003  0.6535 0 
 42.4811  0.4187  1.4678  0.7723  0.3211  0.0746  0.4455  0.4819  0.2798  0.9978 1 
 42.3438 -0.4129 -1.6947  0.2250  0.6265  0.0727  0.7133  0.2182 -0.0003  0.9768 1 
 41.8982 -0.2004  0.3734  0.0204  0.2969  0.0252  0.3130  0.1697  0.2102  0.6058 0 
 35.4345  0.2199 -2.7725  0.0038  0.3180  0.0096  0.2341  0.0902 -0.0003  0.0680 0 
 46.1646  0.1466  0.9274  0.0498  0.1997  0.0887  0.3051  0.0610 -0.0003  0.2502 0 
 44.3397 -0.1484 -2.2082  0.0190  0.2083  0.0502  0.3523  0.1732 -0.0003  0.2450 0 
 48.2368 -0.2161  1.8190  0.0212  0.1488  0.0124  0.1724  0.0034 -0.0003  0.0510 0 
 43.2563  0.1979 -1.2825  0.0043  0.2111  0.0460  0.3103  0.0363 -0.0003  0.0818 0 
 51.8166  0.7161 -0.5026  0.0047  0.4013  0.0377  0.2961  0.0220 -0.0003  0.1313 0 
 38.3001 -0.6976  2.6435  0.0317  0.5388  0.0276  0.2291  0.0248  0.2319  0.6948 0 
 43.4028 -0.6867  1.9599  0.0929  0.1867  0.0607  0.2215  0.0273 -0.0003  0.3110 0 
 27.6616  0.6897 -1.2103  0.0706  0.3567  0.0153  0.4527  0.0276 -0.0003  0.3088 0 
 48.2673 -0.6555 -0.1488  0.0269  0.1100  0.0267  0.4738  0.2291 -0.0003  0.2141 0 
 45.0904  0.6679  2.9946  0.0512  0.4270  0.0630  0.6577  0.0193  0.0489  0.4615 0 
 45.1301  0.1021  0.5573  0.0206  0.1170  0.0368  0.3068  0.0364 -0.0003  0.0645 0 
 40.2564 -0.1479 -2.5638  0.0182  0.1680  0.0409  0.2711  0.0278 -0.0003  0.0787 0 
 48.1697 -0.6210 -1.1057  0.0235  0.4723  0.0695  0.4741  0.0230  0.1532  0.4321 0 
 47.6112  0.5962  2.0661  0.0767  0.3097  0.0488  0.3458  0.1450 -0.0003  0.5540 0 
 52.0607  0.0615  1.0239  0.0849  0.2407  0.0262  0.3803  0.1047 -0.0003  0.3633 0 
 51.0506 -0.0320 -2.1028  0.0171  0.2648  0.0361  0.3397  0.0153 -0.0003  0.1153 0 
 49.1554  0.7847  1.9612  0.0127  0.5306  0.0554  0.2573  0.0036 -0.0003  0.2641 0 
 47.2969 -0.7982 -1.1866  0.0006  0.8120  0.0177  0.2165  0.0903 -0.0003  0.1504 0 
 47.0741 -0.4732 -0.9447  0.3862  0.4009  0.0928  0.6504  0.5390 -0.0003  0.9983 1 
 40.4425  0.5407  2.2582  0.1617  0.2395  0.0855  0.4514  0.2955  0.7153  0.9992 1 
 35.8404 -0.3256 -0.7235  0.2334  0.3068  0.0716  0.3733  0.1385 -0.0003  0.8599 1 
 27.7073  0.3641  2.4966  0.2361  0.2885  0.0378  0.3017  0.0497 -0.0003  0.6457 1 
 54.9569 -0.7216 -2.1099  0.0004  0.4929  0.0275  0.1251  0.0899 -0.0003  0.1502 0 
 46.5705  0.7138  1.0542  0.0425  0.0981  0.0428  0.2174  0.0709 -0.0003  0.0896 0 
 44.5197  0.5456  1.5273  0.2475  0.5963  0.0323  0.2200  0.2466  0.1356  0.9333 0 
 41.1688 -0.5556 -1.5360  0.0683  0.4118  0.1055  0.4492  0.1066 -0.0003  0.4823 0 
 38.6755  0.4266  2.1674  0.0256  0.1349  0.1618  0.6853  0.1126 -0.0003  0.3500 1 
 37.9187 -0.4427 -0.9032  0.5145  0.6344  0.0468  0.4134  0.3596  0.2910  0.9980 1 
 42.9358 -0.3521  3.0183  0.0229  0.2810  0.0768  0.3109  0.0163  0.4693  0.8129 1 
 41.6144  0.3555 -0.1161  0.6277  0.5181  0.0580  0.4927  0.7044  0.1717  0.9992 1 
 47.9896  0.1731 -1.1422  0.0263  0.2516  0.1056  0.5177  0.0560 -0.0003  0.2394 0 
 47.6539 -0.1611  1.9811  0.0040  0.3064  0.0090  0.3025  0.0107  0.0599  0.0937 0 
 43.7629 -0.1708 -0.9953  0.1235  0.5313  0.0333  0.2651  0.1877  0.1061  0.8196 1 
 34.5617  0.1832  2.1173  0.2924  0.1429  0.0241  0.5657  0.3597  0.0697  0.9853 1 
 53.4859 -0.7849 -0.2162  0.0202  0.5184  0.1431  0.5456  0.0989 -0.0003  0.3037 0 
 39.1791  0.7707  2.9695  0.0309  0.2539  0.0471  0.2276  0.0087 -0.0003  0.1821 0 
 48.7495  0.6818  1.9751  0.1508  0.5194  0.0262  0.1289  0.0211 -0.0003  0.5731 0 
 44.6479 -0.6803 -1.1575  0.0176  0.2168  0.0218  0.2638  0.0107 -0.0003  0.0656 0 
 50.0526  0.4402 -2.5434  0.0057  0.2905  0.0243  0.2987  0.0756 -0.0003  0.0710 0 
 48.4413 -0.4298  0.5881  0.0661  0.3797  0.1041  0.3013  0.0810 -0.0003  0.4754 0 
 51.2703  0.7495  2.0320  0.0208  0.5562  0.0269  0.3393  0.0722 -0.0003  0.1737 0 
 47.5196 -0.7647 -1.1539  0.0000  0.2885  0.0420  0.2163  0.0534 -0.0003  0.1007 0 
 54.5785 -0.3653  1.6501  0.0682  0.1617  0.0279  0.3340  0.0631 -0.0003  0.1617 0 
 51.6915  0.3571 -1.4883  0.0779  0.2422  0.0316  0.3386  0.1708 -0.0003  0.4526 0 
 41.2726  0.7046 -1.2094  0.1090  0.3261  0.0627  0.3591  0.1296 -0.0003  0.6705 1 
 31.9188 -0.6679  1.8067  0.3899  0.4758  0.0686  0.4822  0.5550  0.5795  0.9999 1 
 53.7667 -0.6318 -1.4601  0.1334  0.3279  0.1699  0.5030  0.0515 -0.0003  0.5230 0 
 45.1301  0.6353  1.6495  0.0300  0.0541  0.0486  0.2630  0.0253 -0.0003  0.0702 0 
 44.4862 -0.0027  2.5936  0.0378  0.6316  0.1187  0.6601  0.0662 -0.0003  0.3450 1 
 42.2492  0.0532 -0.5363  0.2045  0.1651  0.1638  0.3569  0.3835 -0.0003  0.9804 1 
 55.7168  0.4546  2.0864  0.0491  0.2016  0.1109  0.2493  0.0280  0.5317  0.6932 0 
 49.1005 -0.4565 -1.0274  0.0764  0.7102  0.0272  0.2144  0.1287 -0.0003  0.4634 0 
 42.4598  0.3101 -1.9364  0.4135  0.3484  0.0403  0.3118  0.2985 -0.0003  0.9872 1 
 33.4966 -0.3034  1.1736  0.2302  0.2216  0.0342  0.3805  0.1374  0.1549  0.9034 1 
 53.6324 -0.4224  1.4468  0.0139  0.2229  0.1443  0.2516  0.0394 -0.0003  0.1602 0 
 49.0669  0.4366 -1.7146  0.0258  0.1087  0.1393  0.3861  0.0108 -0.0003  0.0903 0 
 48.9540  0.5628  0.0729  0.0283  0.5614  0.0989  0.4721  0.2376 -0.0003  0.5871 0 
 37.8119 -0.5709 -3.1346  0.0039  0.5817  0.0324  0.3678  0.0313 -0.0003  0.1435 0 
 44.5838 -0.4410 -2.3627  0.0618  0.3759  0.0311  0.5277  0.0777  0.0646  0.5569 0 
 41.7578  0.4394  0.7790  0.0464  0.4135  0.1112  0.5370  0.0394 -0.0003  0.3213 0 
 47.3793 -0.5537 -1.7371  0.0240  0.2115  0.0258  0.4761  0.0522 -0.0003  0.1355 0 
 45.8747  0.5559  1.4028  0.0279  0.6165  0.0128  0.3056  0.0928 -0.0003  0.1578 0 
 46.1158 -0.7405  2.7798  0.0420  0.6269  0.1386  0.7846  0.0433 -0.0003  0.3631 1 
 43.2715  0.7323 -0.3872  0.1342  0.7370  0.0327  0.4876  0.1631 -0.0003  0.8690 1 
 37.3236  0.4941  0.8041  0.0987  0.5421  0.0783  0.4614  0.1299 -0.0003  0.7077 1 
 32.3491 -0.5812 -2.2437  0.1389  0.7688  0.1145  0.7205  0.1103  0.4410  0.9816 1 
 52.0394 -0.7298  1.1573  0.0075  0.6383  0.0388  0.2113  0.0085 -0.0003  0.2495 0 
 26.9169  0.7132 -2.0194  0.0120  0.1444  0.0114  0.1014  0.0068 -0.0003  0.0595 0 
 50.6996  0.6765 -2.4130  0.0630  0.3157  0.0740  0.5530  0.0927 -0.0003  0.4767 0 
 43.9887 -0.6785  0.7667  0.0109  0.7121  0.0169  0.4413  0.0139 -0.0003  0.1485 0 
 50.3578  0.4077  2.0177  0.0064  0.2884  0.1079  0.1279  0.0080 -0.0003  0.2591 0 
 46.0883 -0.4233 -1.1626  0.0986  0.1517  0.0358  0.3052  0.0668 -0.0003  0.2482 0 
 42.3163  0.7427 -1.7349  0.1659  0.3527  0.0798  0.4905  0.0065 -0.0003  0.5836 0 
 38.1750 -0.7331  1.4404  0.0310  0.5086  0.0772  0.3209  0.0710 -0.0003  0.3431 0 
 50.7515  0.4099 -0.9250  0.0221  0.2421  0.0163  0.2977  0.0087 -0.0003  0.0687 0 
 48.7556 -0.4135  2.2284  0.0111  0.2147  0.3330  0.3437  0.0101 -0.0003  0.1853 0 
 48.7037 -0.4258  2.7559  0.0772  0.5323  0.0321  0.2579  0.1249 -0.0003  0.5022 0 
 44.2756  0.4125 -0.3700  0.0057  0.2308  0.0163  0.1762  0.0864 -0.0003  0.0690 0 
 48.6030  0.6127 -2.6768  0.0362  0.4846  0.0355  0.3870  0.0843  0.0751  0.4840 0 
 40.0885 -0.5875  0.4636  0.0336  0.0462  0.0441  0.3167  0.0865 -0.0003  0.0840 0 
 43.4241 -0.6282 -0.4118  0.0807  0.2642  0.0139  0.2657  0.0291 -0.0003  0.1487 0 
 33.9605  0.6469  2.7050  0.0363  0.4474  0.0104  0.2842  0.1686 -0.0003  0.1950 0 
 51.7433 -0.7685 -1.6413  0.1114  0.2278  0.0290  0.3809  0.0460  0.0953  0.5983 0 
 47.0771  0.7738  1.4769  0.2860  0.2858  0.0651  0.3902  0.3392  0.0102  0.9871 0 
 50.4707  0.3812  2.9637  0.1203  0.2218  0.1740  0.3407  0.0740 -0.0003  0.4992 0 
 46.5553 -0.3723 -0.1692  0.1534  0.4865  0.0747  0.5218  0.0910 -0.0003  0.7519 0 
 42.2827  0.4243 -1.4561  0.0226  0.2229  0.0803  0.4460  0.0346 -0.0003  0.1727 0 
 39.5422 -0.4284  1.7149  0.0028  0.2495  0.0091  0.1362  0.0258 -0.0003  0.0634 0 
 51.8593 -0.5869 -0.9695  0.3151  0.4086  0.0618  0.4652  0.4208 -0.0003  0.9956 1 
 30.9239  0.6309  2.1071  0.0072  0.6383  0.0204  0.4380  0.0207  0.2750  0.7732 1 
 51.7647 -0.7315  1.4722  0.0086  0.6142  0.0241  0.2116  0.0339 -0.0003  0.1373 0 
 46.4698  0.7334 -1.6367  0.0063  0.5279  0.0933  0.3480  0.0464 -0.0003  0.2066 0 
 57.6364  0.7763  2.3430  0.0778  0.4750  0.1247  0.4531  0.1579 -0.0003  0.6387 0 
 45.8503 -0.7718 -0.8297  0.0734  0.0945  0.1209  0.3056  0.0832 -0.0003  0.1953 0 
 42.4994  0.7443  0.3897  0.0190  0.2709  0.0383  0.1782  0.0198 -0.0003  0.1440 0 
 38.3246 -0.6720 -2.7686  0.0232  0.2487  0.0286  0.3206  0.0386 -0.0003  0.0931 0 
 51.5236  0.3597 -2.9802  0.0016  0.5750  0.1720  0.8049  0.0161 -0.0003  0.2576 0 
 41.3611 -0.3593  0.1976  0.0267  0.2588  0.0171  0.2243  0.0349 -0.0003  0.0752 0 
 48.2551  0.6288 -0.4156  0.0153  0.6057  0.0513  0.3447  0.1944 -0.0003  0.5330 0 
 46.0395 -0.6375  2.7564  0.0044  0.1224  0.0877  0.3052  0.0932 -0.0003  0.0918 0 
 51.7586 -0.0448  2.0225  0.0788  0.3023  0.0408  0.5078  0.0279 -0.0003  0.4165 0 
 43.4699  0.0439 -1.1250  0.0020  0.5470  0.0165  0.2656  0.0060 -0.0003  0.1081 0 
 44.7852 -0.4117 -0.0192  0.0288  0.3885  0.2212  0.6589  0.1381 -0.0003  0.4589 0 
 35.5840  0.4292  3.1113  0.1130  0.1392  0.0543  0.4208  0.1547 -0.0003  0.5427 0 
 47.9408 -0.0374 -1.6805  0.0155  0.1489  0.0326  0.3021  0.0104 -0.0003  0.0661 0 
 35.2483  0.0637  1.4527  0.0227  0.1669  0.0068  0.1406 -0.0200 -0.0003  0.0736 0 
 44.0681  0.4299  1.8604  0.9995  0.4330  0.0810  0.4412  0.5238 -0.0003  0.9973 1 
 40.5249 -0.4666 -1.2472  0.2262  0.3073  0.1260  0.7218  0.0545  0.6210  0.9905 1 
 52.7352 -0.4075  1.4291  0.0080  0.5140  0.1019  0.6738  0.1231 -0.0003  0.3047 0 
 47.8859  0.4140 -1.6887  0.0158  0.4193  0.0483  0.3453  0.0190 -0.0003  0.1975 0 
 56.4981 -0.5998 -1.8521  0.3057  0.6130  0.0368  0.2070  0.3875 -0.0003  0.9878 1 
 48.1971  0.6059  1.2848  0.0880  0.3794  0.0338  0.6464  0.1527 -0.0003  0.7143 1 
 50.9957 -0.5504  0.9238  0.0042  0.0414  0.0887  0.2548  0.1536 -0.0003  0.1080 0 
 46.6255  0.5489 -2.2147  0.0165  0.6546  0.0146  0.3912  0.0231 -0.0003  0.1334 0 
 44.8280  0.1481  2.9839  0.0793  0.4102  0.0378  0.5270  0.0983  0.0816  0.6813 0 
 35.8068 -0.1213 -0.1517  0.0210  0.1329  0.0456  0.3267  0.0639 -0.0003  0.0867 0 
 46.5919 -0.7405  0.2419  0.0057  0.2153  0.0154  0.2608  0.0867 -0.0003  0.0505 0 
 43.1983  0.7481 -2.8760  0.0241  0.2079  0.1174  0.1330  0.0045 -0.0003  0.2206 0 
 48.1971 -0.6789 -1.8497  0.0762  0.4603  0.0327  0.2585  0.0543 -0.0003  0.3773 0 
 48.0201  0.6573  1.2939  0.0223  0.2340  0.0438  0.5608  0.0285 -0.0003  0.2004 0 
 52.1706  0.2473  0.4456  0.0229  0.6359  0.0670  0.4645  0.0430 -0.0003  0.2626 0 
 44.7425 -0.2354 -2.7031  0.0699  0.2145  0.0194  0.4394  0.0897 -0.0003  0.2777 0 
 35.5169 -0.6570  0.2191  0.0278  0.6527  0.0118  0.3274  0.0259 -0.0003  0.1365 1 
 34.0917  0.6558 -2.9602  0.0849  0.4208  0.0275  0.4259  0.2132 -0.0003  0.6940 1 
 47.6509  0.5762 -2.2101  0.0005  0.7624  0.0264  0.1729  0.0132 -0.0003  0.1733 0 
 40.4944 -0.5715  0.9459  0.0225  0.2978  0.0120  0.1805 -0.0001 -0.0003  0.0963 0 
 45.7557 -0.0148  1.5760  0.5512  0.6931  0.0237  0.3494  0.5776 -0.0003  0.9979 1 
 44.8463  0.0202 -1.5787  0.0598  0.5603  0.0398  0.3952  0.1715 -0.0003  0.6589 1 
 39.6613  0.6206 -2.1236  0.1408  0.6994  0.0250  0.3176  0.1575 -0.0003  0.7653 1 
 33.4325 -0.5971  1.0105  0.2675  0.3010  0.0385  0.2855  0.2910  0.3926  0.9990 1 
 48.4382  0.6140 -2.8378  0.1373  0.6253  0.1437  0.4734  0.1957 -0.0003  0.9115 1 
 45.2705 -0.6569  0.3718  0.0936  0.2212  0.0607  0.3942  0.1530 -0.0003  0.5819 1 
 45.8564  0.4771  0.7872  0.0399  0.1212  0.0468  0.4365  0.0576 -0.0003  0.1441 0 
 44.9958 -0.4808 -2.3441  0.0157  0.4339  0.0793  0.6142  0.0445 -0.0003  0.2427 0 
 54.3862 -0.1798 -0.8649  0.0135  0.3071  0.0322  0.3343  0.0578  0.0533  0.1996 0 
 51.4809  0.1296  2.2971  0.0066  0.1684  0.0266  0.2542  0.0294 -0.0003  0.0487 0 
 42.1363 -0.0542  0.9369  0.0108  0.8081  0.0462  0.3572  0.1469 -0.0003  0.4344 0 
 39.3256  0.0443 -2.2135  0.0778  0.1660  0.0470  0.3184 -0.0200 -0.0003  0.2357 0 
 42.2431  0.5395 -0.0676  0.0022  0.0261  0.0214  0.0892  0.0098 -0.0003  0.0630 0 
 36.2860 -0.5364  3.0802  0.0699  0.4231  0.0342  0.1860  0.0275 -0.0003  0.3243 0 
 46.6743  0.2301  2.4581  0.0199  0.3053  0.0261  0.1304  0.0458 -0.0003  0.1352 0 
 45.1514 -0.2184 -0.6943  0.0110  0.2584  0.0395  0.5260  0.0255 -0.0003  0.1552 0 
 48.6183  0.2704  0.6313  0.0030  0.5286  0.0501  0.3440  0.0627 -0.0003  0.1823 0 
 43.1434 -0.2758 -2.5250  0.0313  0.5048  0.0224  0.3549  0.0344 -0.0003  0.1751 0 
 60.1053  0.4188  1.5795  0.0269  0.3776  0.0548  0.2854  0.0226 -0.0003  0.2427 0 
 44.3183 -0.4060 -1.5473  0.1941  0.1551  0.0422  0.3524  0.2816 -0.0003  0.8653 0 
 48.5512 -0.6706 -2.2129  0.0136  0.5495  0.0471  0.3871  0.3290 -0.0003  0.6843 1 
 41.3336  0.6858  0.9521  0.1202  0.6316  0.0526  0.7180  0.2095 -0.0003  0.9063 1 
 51.9295 -0.2515 -0.3037  0.0261  0.2007  0.0837  0.1268  0.0043 -0.0003  0.2368 0 
 43.7171  0.2870  2.7903  0.0013  0.4686  0.0419  0.4421  0.0242  0.0528  0.2093 0 
 48.7831  0.0162  0.4931  0.0432  0.3350  0.0610  0.5155  0.0408 -0.0003  0.3222 0 
 43.5950 -0.0357 -2.6626  0.0022  0.7357  0.0622  0.3097  0.1743 -0.0003  0.5290 0 
 47.4769  0.1369 -0.0484  0.0776  0.2967  0.0438  0.3028  0.0410 -0.0003  0.3446 0 
 42.9511 -0.1444  3.0925  0.0440  0.2771  0.0802  0.3553  0.1313  0.0516  0.4819 0 
 54.0658 -0.3607  2.8014  0.0096  0.1912  0.0447  0.3348  0.0539 -0.0003  0.0854 0 
 44.1108  0.3783 -0.3783  0.0055  0.0917  0.0435  0.1323  0.0019 -0.0003  0.0837 0 
 48.3650 -0.7100 -1.1666  0.0667  0.4140  0.1132  0.7319  0.1581 -0.0003  0.7075 0 
 43.4669  0.7031  1.9565  0.0605  0.4568  0.0603  0.3984  0.0723 -0.0003  0.4590 0 
 47.2511 -0.2022 -2.5883  0.0084  0.0889  0.1068  0.4331  0.0688 -0.0003  0.0749 0 
 40.6378  0.2264  0.5497  0.0380  0.2287  0.0210  0.2254  0.0314 -0.0003  0.0881 0 
 45.5482  0.2508  0.1216  0.0247  0.2577  0.0337  0.3498  0.0412 -0.0003  0.1199 0 
 34.9981 -0.2245 -3.0272  0.1339  0.4433  0.0139  0.3288  0.2648  0.1623  0.8798 0 
 47.5685 -0.6968  2.4721  0.0425  0.6876  0.0432  0.2162  0.2156 -0.0003  0.6160 0 
 46.6041  0.6921 -0.7266  0.0617  0.4491  0.0446  0.4782  0.0822 -0.0003  0.4849 0 
 43.7476 -0.7389  0.7326  0.0973  0.5236  0.0331  0.5304  0.2372 -0.0003  0.8409 1 
 41.3947  0.7496 -2.3979  0.2946  0.6320  0.0345  0.5382  0.3331  0.2111  0.9972 1 
 54.2458 -0.5431  2.9556  0.5298  0.4217  0.0407  0.2509  0.4913 -0.0003  0.9974 1 
 41.6632  0.5381 -0.1996  0.2376  0.3188  0.0268  0.3134  0.2502 -0.0003  0.8805 1 
 48.7251  0.6565  0.0713  0.1513  0.5666  0.0358  0.3438  0.1628 -0.0003  0.8360 1 
 47.4098 -0.6541 -3.0379  0.6395  0.4100  0.0367  0.3030  0.6254 -0.0003  0.9980 1 
 48.0812 -0.1457  0.4008  0.0090  0.5553  0.1211  0.6037  0.0129 -0.0003  0.2268 1 
 44.2267  0.1801 -2.7527  0.3201  0.3699  0.1734  0.4848  0.3895  0.4055  0.9963 1 
 51.4412 -0.2678 -1.2903  0.4614  0.7125  0.1227  0.4238  0.5447 -0.0003  0.9982 1 
 31.8822  0.2035  1.9028  0.2386  0.4162  0.0465  0.3859  0.0738 -0.0003  0.7592 1 
 44.1352  0.5226  0.2566  0.0026  0.3409  0.0578  0.3968  0.1063 -0.0003  0.1798 0 
 37.2992 -0.5228 -2.9133  0.0146  0.2864  0.0176  0.2307  0.0778 -0.0003  0.0789 0 
 45.8564 -0.5407 -0.7250  0.0268  0.1458  0.1060  0.3056  0.0397 -0.0003  0.1150 0 
 44.2115  0.5405  2.4201  0.0687  0.2868  0.0070  0.2645  0.0373 -0.0003  0.1104 0 
 43.9094 -0.1358 -1.1235  0.0282  0.5509  0.0518  0.7065  0.1672 -0.0003  0.4745 0 
 43.8575  0.1383  2.0009  0.0056  0.4323  0.1043  0.2650  0.0477 -0.0003  0.2186 0 
 43.7751 -0.2048 -1.0327  0.0338  0.1742  0.0406  0.2651  0.0285 -0.0003  0.1028 0 
 39.8810  0.1969  2.0699  0.0034  0.3224  0.0190  0.2266  0.1693 -0.0003  0.1550 0 
 49.5247  0.6688  1.0216  0.0089  0.3320  0.1137  0.4279  0.1536 -0.0003  0.2770 0 
 46.3783 -0.6725 -2.1710  0.0214  0.5176  0.0230  0.2176  0.0084 -0.0003  0.1626 0 
 51.1391 -0.0978  0.1169  0.0107  0.1578  0.1588  0.3396  0.0043 -0.0003  0.1086 0 
 44.9287  0.1003 -3.0222  0.0926  0.2161  0.0545  0.3511  0.0574 -0.0003  0.3730 0 
 47.4617  0.7070 -1.7737  0.0276  0.6043  0.0476  0.6490  0.1068 -0.0003  0.3850 1 
 40.0092 -0.7102  1.3546  0.3610  0.1657  0.0429  0.4527  0.2149  0.2177  0.9937 1 
 46.7781  0.6314  0.2502  0.1509  0.3529  0.0125  0.1303  0.1680 -0.0003  0.4297 0 
 44.5258 -0.6341 -2.8771  0.0187  0.1855  0.0356  0.3959  0.1279 -0.0003  0.1469 0 
 48.9174  0.5846 -2.5222  0.1486  0.2274  0.0285  0.3864  0.2055 -0.0003  0.7389 0 
 46.7079 -0.5880  0.6297  0.0828  0.3931  0.0178  0.0869  0.0082 -0.0003  0.2295 0 
 45.5238 -0.7386 -2.7553  0.0113  0.1836  0.1199  0.3499  0.2225 -0.0003  0.2961 0 
 38.6725  0.7227  0.4095  0.0558  0.6705  0.0271  0.2284  0.0816 -0.0003  0.3093 0 
 55.5703  0.0508 -1.4141  0.7791  0.3273  0.1027  0.4572  0.8851 -0.0003  0.9980 1 
 40.8942 -0.0631  1.7207  0.6433  0.4113  0.0440  0.4500  0.4811  0.4383  0.9997 1 
 44.7974  0.2172  0.1807  0.0013  0.1326  0.0941  0.3953  0.0419 -0.0003  0.0771 0 
 39.4446 -0.2323 -2.9422  0.0098  0.1126  0.0136  0.1363  0.0062 -0.0003  0.0491 0 
 42.6612  0.8017 -0.2641  0.2228  0.1672  0.1342  0.4005  0.1715  0.0526  0.8985 1 
 31.8944 -0.7947  2.9876  0.0679  0.4924  0.0278  0.2894  0.1627  0.1273  0.7010 1 
 44.5747 -0.2102 -1.2225  0.0746  0.2368  0.0417  0.4398  0.0711 -0.0003  0.3686 0 
 42.8290  0.2159  1.9414  0.1961  0.7124  0.0330  0.4445  0.2967 -0.0003  0.9568 0 
 48.2124 -0.2874 -1.5511  0.1957  0.0990  0.3355  0.1293  0.2680 -0.0003  0.9416 0 
 45.4536  0.3218  1.4568  0.1426  0.5119  0.0340  0.3938  0.0945  0.0876  0.7737 0 
 42.7710  0.5896 -3.1131  0.0093  0.3471  0.0317  0.4446  0.0685 -0.0003  0.1413 0 
 42.4353 -0.5869  0.0275  0.0161  0.0830  0.0100  0.2228  0.0978 -0.0003  0.0427 0 
 52.9091  0.6064 -1.5925  0.0167  0.3448  0.0874  0.2946  0.0192 -0.0003  0.2044 0 
 51.7464 -0.6040  1.5234  0.0185  0.2731  0.0424  0.1693  0.0200 -0.0003  0.1642 0 
 47.4647 -0.4427  0.6120  0.2783  0.5559  0.0463  0.4759  0.2802 -0.0003  0.9765 1 
 41.7426  0.4719 -2.4769  0.3693  0.1803  0.0947  0.2685  0.3590  0.3525  0.9982 1 
 50.6539  0.3824 -2.7799  0.0696  0.4554  0.0831  0.4255  0.0414 -0.0003  0.4096 0 
 45.4841 -0.3720  0.3089  0.0761  0.4002  0.0699  0.4375  0.0939 -0.0003  0.5276 0 
 48.0934 -0.1352 -1.4385  0.1243  0.3230  0.0224  0.3449  0.0462 -0.0003  0.4198 0 
 44.2695  0.1132  1.7258  0.1085  0.3345  0.1054  0.3525  0.0723 -0.0003  0.5331 0 
 47.7333  0.1713  1.8910  0.3302  0.5125  0.0372  0.2592  0.2768 -0.0003  0.9752 1 
 43.1556 -0.1709 -1.2743  0.3576  0.5498  0.0351  0.2661  0.5668 -0.0003  0.9967 1 
 50.2113  0.2460  2.0929  0.0764  0.2529  0.0532  0.2985  0.0900  0.1474  0.6286 0 
 38.8037 -0.2346 -1.0295  0.0207  0.3198  0.0274  0.4108  0.0953 -0.0003  0.1642 0 
 49.6651  0.6228  2.2971  0.0274  0.3029  0.2997  0.5987  0.0699  0.1821  0.5156 0 
 45.9144 -0.6154 -0.8598  0.0306  0.5496  0.0594  0.3055  0.0250 -0.0003  0.3054 0 
 38.6023 -0.5464  0.7872  0.0510  0.4179  0.0064  0.3657  0.0681  0.0702  0.2916 0 
 34.5342  0.5499 -2.3323  0.0129  0.2984  0.0175  0.4244  0.1833 -0.0003  0.1924 0 
 45.7954 -0.0902  0.8243  0.1395  0.3333  0.0329  0.3057  0.0714 -0.0003  0.5396 0 
 44.2451  0.0916 -2.3362  0.0945  0.2042  0.0287  0.2644  0.0991 -0.0003  0.3018 0 
 49.0425  0.6926  2.1227  0.1348  0.3038  0.1780  0.4290  0.0493 -0.0003  0.5165 0 
 45.6733 -0.6936 -1.0345  0.1147  0.1862  0.2367  0.4807  0.1254 -0.0003  0.5785 0 
 48.8869  0.4187  2.9928  0.0327  0.0776  0.1875  0.3864  0.0942 -0.0003  0.1050 0 
 43.4058 -0.3919 -0.1869  0.0194  0.7467  0.0183  0.3543  0.0817 -0.0003  0.1771 0 
 45.6245  0.0840 -0.3769  0.3049  0.4532  0.0403  0.4371  0.1600 -0.0003  0.8866 1 
 36.2280 -0.0794  2.7511  0.3146  0.7363  0.0373  0.4652  0.3825 -0.0003  0.9899 1 
 44.8096 -0.7081 -2.5374  0.0258  0.6672  0.0604  0.5270  0.0993 -0.0003  0.3587 1 
 42.4292  0.6928  0.6215  0.3355  0.5044  0.0853  0.8466  0.3778 -0.0003  0.9973 1 
 53.0526  0.5306 -0.4424  0.0012  0.3029  0.1391  0.3785  0.1042 -0.0003  0.1997 0 
 39.7375 -0.5205  2.7016  0.0313  0.2193  0.0418  0.3628  0.0231 -0.0003  0.1432 0 
 56.8887  0.6346 -0.6976  0.0138  0.4300  0.0770  0.2480  0.1357 -0.0003  0.4133 0 
 49.9550 -0.5922  2.4046  0.0129  0.2534  0.1363  0.3843  0.0063 -0.0003  0.1568 0 
 45.0904  0.6483  1.0660  0.1594  0.5989  0.0593  0.3508  0.0495 -0.0003  0.7963 1 
 42.1180 -0.6348 -2.0744  0.1283  0.3576  0.0685  0.3572  0.1728 -0.0003  0.8125 1 
 47.6997  0.7608 -1.5474  0.0491  0.7690  0.0596  0.7778  0.1799 -0.0003  0.7214 1 
 40.3784 -0.7686  1.5764  0.4302  0.6808  0.0326  0.5419  0.9245 -0.0003  0.9986 1 
 44.7730 -0.2738  0.3819  0.0412  0.2972  0.0508  0.3075  0.0257 -0.0003  0.2341 0 
 40.2838  0.2534 -2.7727  0.0233  0.1515  0.0240  0.2259  0.0034 -0.0003  0.0628 0 
 47.4006  0.3783  0.1283  0.0089  0.1174  0.0298  0.4328  0.0569 -0.0003  0.0702 0 
 39.7406 -0.3836 -3.0150  0.0376  0.2149  0.2842  0.2267  0.0390 -0.0003  0.2585 0 
 45.2674 -0.5161 -2.6170  0.0217  0.1788  0.0566  0.2628  0.0362 -0.0003  0.1133 0 
 43.0976  0.5361  0.6072  0.0146  0.4769  0.0374  0.2662  0.0208 -0.0003  0.1856 0 
 49.9367 -0.7311 -2.5471  0.0184  0.1802  0.0352  0.4270  0.0341 -0.0003  0.1031 0 
 45.0111  0.7574  0.6036  0.0237  0.6745  0.0096  0.1755  0.0275 -0.0003  0.1319 0 
 46.9520 -0.4133  1.8236  0.0588  0.4512  0.0591  0.3037  0.0469  0.1052  0.6030 0 
 46.7262  0.4149 -1.3154  0.0629  0.5511  0.1626  0.5213  0.0579 -0.0003  0.3592 0 
 44.3915  0.6906  2.0823  0.0112  0.3081  0.0326  0.4403  0.1384 -0.0003  0.1982 0 
 38.9746 -0.6698 -1.0784  0.1212  0.1085  0.1425  0.1824  0.0762 -0.0003  0.4261 0 
 47.6539  0.5581  1.6139  0.0423  0.3415  0.0257  0.3458  0.0120  0.1147  0.4093 0 
 46.6438 -0.5700 -1.5074  0.0430  0.4268  0.0524  0.3477  0.0490 -0.0003  0.3310 0 
 50.1656 -0.7632 -0.3307  0.0229  0.5925  0.1420  0.7677  0.1235 -0.0003  0.4087 0 
 47.0130  0.7475  2.8115  0.0303  0.2714  0.1653  0.3903  0.0424  0.1944  0.4106 0 
 47.3091  0.7294 -0.6212  0.0210  0.4782  0.0098  0.3464  0.1265  0.1576  0.4432 0 
 45.4139 -0.7143  2.4985  0.0093  0.1042  0.0164  0.2626  0.0064 -0.0003  0.0408 0 
 41.7121 -0.2791 -0.7683  0.1036  0.4749  0.0687  0.4029  0.0533 -0.0003  0.5697 0 
 33.5943  0.2783  2.3599  0.1440  0.4844  0.0210  0.2851  0.0406 -0.0003  0.5013 0 
 46.0304  0.7209 -0.4455  0.0347  0.0259  0.0251  0.1308  0.0074 -0.0003  0.0623 0 
 42.2980 -0.7186  2.6690  0.0249  0.5670  0.0124  0.3568  0.0651  0.0363  0.1789 0 
 47.1687 -0.3494  1.5035  0.0053  0.2501  0.0741  0.3034  0.1550 -0.0003  0.2446 0 
 45.8137  0.3481 -1.6199  0.1350  0.1917  0.1851  0.3930  0.0132 -0.0003  0.4839 0 
 49.3233  0.5687 -0.4942  0.0011  0.1123  0.0395  0.3855  0.0502 -0.0003  0.0609 0 
 47.0436 -0.5592  2.6578  0.0384  0.3853  0.0251  0.3903  0.0851 -0.0003  0.2289 0 
 49.6345 -0.6000 -1.3031  0.0313  0.2642  0.0977  0.5133  0.0456 -0.0003  0.2516 0 
 39.6796  0.5979  1.8490  0.0361  0.3547  0.0533  0.4537  0.0120 -0.0003  0.2616 0 
 46.2104  0.2537 -0.7754  0.0204  0.3346  0.0271  0.3050  0.0143 -0.0003  0.1185 0 
 42.3346 -0.2696  2.4017  0.0111  0.3145  0.0508  0.3121  0.0873 -0.0003  0.1684 0 
 47.8798 -0.2197 -1.0561  0.0801  0.4408  0.2196  0.3022  0.1602 -0.0003  0.6992 0 
 44.8218  0.2625  2.0623  0.0613  0.5030  0.0338  0.1756  0.0300 -0.0003  0.3169 0 
 39.9695 -0.4024 -2.5709  0.0008  0.4579  0.0482  0.3622  0.0654 -0.0003  0.1549 0 
 36.5911  0.3825  0.5795  0.0104  0.0522  0.0198  0.3247  0.1623 -0.0003  0.0758 0 
 54.4503 -0.3772  2.2783  0.0085  0.1675  0.0947  0.3760  0.0241 -0.0003  0.1000 0 
 38.9654  0.4188 -0.9043  0.0411  0.1541  0.0276  0.2280  0.0361 -0.0003  0.0753 0 
 50.3883 -0.3799 -2.0137  0.1723  0.5060  0.0880  0.2130  0.3286 -0.0003  0.9711 1 
 40.9369  0.3836  1.1438  0.0234  0.1451  0.0399  0.3149  0.0134 -0.0003  0.0833 1 
 48.8472 -0.2761  2.0895  0.0300  0.2709  0.1234  0.7301  0.0152 -0.0003  0.3220 0 
 47.4586  0.2999 -1.0363  0.0655  0.3663  0.3415  0.2596  0.1131 -0.0003  0.6284 0 
 47.8309 -0.0172  2.9266  0.0104  0.1124  0.0757  0.3454  0.0079 -0.0003  0.0812 0 
 45.8503  0.0742 -0.1838  0.0253  0.2096  0.0874  0.4366  0.1329 -0.0003  0.2610 0 
 56.6476  0.7324  2.4995  0.0353  0.1642  0.0800  0.2896  0.1473  0.2384  0.5451 0 
 43.7018 -0.7303 -0.6513  0.0391  0.3997  0.0431  0.2653  0.2299 -0.0003  0.5408 0 
 48.9296  0.7698  1.1978  0.0217  0.5357  0.1087  0.3864  0.1595 -0.0003  0.4105 0 
 42.0752 -0.7637 -1.9728  0.0051  0.5900  0.0280  0.1786  0.1026 -0.0003  0.1610 0 
 46.5614 -0.6207  0.1469  0.0482  0.1005  0.0102  0.1305  0.0060 -0.0003  0.0526 0 
 43.4699  0.6338 -2.9865  0.0306  0.2944  0.0201  0.2214  0.0057 -0.0003  0.1130 0 
 57.5937  0.6458 -1.3916  0.0009  0.4140  0.1633  0.5768  0.0949 -0.0003  0.2501 0 
 45.7984 -0.6765  1.8133  0.3400  0.3607  0.0924  0.2620  0.2718 -0.0003  0.9898 0 
 49.3751  0.4357  2.9301  0.0439  0.3122  0.0855  0.5139  0.1494 -0.0003  0.4537 0 
 44.6204 -0.4555 -0.1771  0.0186  0.4723  0.0941  0.3078  0.1912 -0.0003  0.5119 0 
 48.3345  0.3839 -2.1295  0.1263  0.3920  0.0651  0.3445  0.1723 -0.0003  0.8202 1 
 47.1962 -0.3684  1.0030  0.5572  0.2065  0.0441  0.4766  0.6960 -0.0003  0.9980 1 
 96.5164 -0.0624  0.9231  0.0140  0.2278  0.0712  0.4020  0.0333 -0.0003  0.1429 0 
 45.0080  0.0640 -2.2198  0.0201  0.1568  0.0491  0.4825  0.0214 -0.0003  0.1295 0 
 32.8679 -0.7791 -0.4366  0.0894  0.5777  0.0404  0.4782  0.1163 -0.0003  0.6999 1 
 25.8946  0.8106  2.6832  0.0078  0.2892  0.0349  0.2053  0.1089  0.2106  0.5201 1 
 47.6936 -0.2653  1.0876  0.1298  0.5421  0.1442  0.4321  0.1352  0.0380  0.8263 1 
 46.4454  0.2817 -2.0525  0.0037  0.2277  0.0419  0.4351  0.1470  0.0718  0.2599 1 
 43.9643 -0.7908 -3.0973  0.0062  0.2336  0.0578  0.2649  0.0744 -0.0003  0.1235 0 
 39.8566  0.7897  0.0474  0.0255  0.4963  0.0429  0.5438  0.0889 -0.0003  0.3248 0 
 44.5838 -0.4129 -1.4498  0.0766  0.1862  0.0168  0.2639  0.1259 -0.0003  0.2087 0 
 37.7142  0.3972  1.7126  0.0404  0.2851  0.0236  0.1840  0.0341 -0.0003  0.1293 0 
 73.0846 -0.2999  2.6052  0.0746  0.1083  0.0452  0.3502  0.1345  0.0337  0.3229 0 
 41.8402  0.3296 -0.5227  0.0034  0.5036  0.0355  0.3131  0.0358 -0.0003  0.1365 0 
 40.3906 -0.3787 -1.7552  0.0009  0.4216  0.0343  0.3612  0.0328  0.0705  0.2174 0 
 36.4691  0.3465  1.3941  0.0184  0.2211  0.0130  0.2786  0.0237 -0.0003  0.0504 0 
 44.0101 -0.6148 -0.7538  0.0498  0.2223  0.0466  0.2648  0.0090  0.2788  0.6562 0 
 28.2689  0.6016  2.3473  0.0122  0.4329  0.0400  0.4997  0.0750  0.2177  0.5130 0 
 38.7976 -0.0224 -1.4380  0.0036  0.1246  0.0187  0.2739  0.0109 -0.0003  0.0405 0 
 36.6003  0.0203  1.6811  0.3460  0.2538  0.1024  0.2783  0.1248 -0.0003  0.9381 0 
 44.7456  0.5251  2.6823  0.0212  0.0610  0.0075  0.2197  0.0035 -0.0003  0.0371 0 
 35.2361 -0.5180 -0.4747  0.0167  0.3515  0.0323  0.3751  0.0032 -0.0003  0.1538 0 
 46.7994  0.6009  2.0271  0.0670  0.6712  0.1303  0.7382  0.0641 -0.0003  0.4551 0 
 40.2838 -0.5939 -1.1318  0.0000  0.0157  0.0079  0.1807  0.1433 -0.0003  0.0547 0 
 45.9358  0.2370 -1.4457  0.0414  0.1918  0.1275  0.3054  0.1592 -0.0003  0.3941 0 
 45.7099 -0.2163  1.7314  0.1440  0.3913  0.0246  0.0874  0.1407 -0.0003  0.4878 0 
 44.8859  0.6063 -2.6833  0.0223  0.3873  0.0296  0.2195  0.0423  0.1739  0.4667 0 
 44.2481 -0.5915  0.4236  0.0186  0.3060  0.0120  0.2644  0.1061 -0.0003  0.0916 0 
 49.2348  0.3273  0.8954  0.0730  0.1902  0.0417  0.2571  0.0185 -0.0003  0.2077 1 
 47.6844 -0.3620 -2.2708  0.0646  0.4312  0.2132  0.4753  0.2778 -0.0003  0.8726 1 
 49.2012 -0.0964  1.6475  0.1221  0.4358  0.1078  0.4287  0.1180 -0.0003  0.6990 0 
 34.6258  0.0896 -1.5943  0.0072  0.5640  0.1657  0.6125  0.1537 -0.0003  0.3502 0 
 61.2192 -0.5727 -1.0659  0.1925  0.2407  0.1095  0.4871  0.2636 -0.0003  0.9557 0 
 33.0938  0.4857  2.0939  0.0987  0.1334  0.0221  0.2386  0.0709 -0.0003  0.1582 0 
 42.6154 -0.6047 -0.6513  0.0464  0.4141  0.0183  0.3561  0.0257 -0.0003  0.1820 0 
 42.0722  0.6180  2.4655  0.0364  0.1170  0.0884  0.3573  0.0416 -0.0003  0.1158 0 
 53.8674 -0.3806 -1.8578  0.1490  0.3369  0.1059  0.5027  0.2040 -0.0003  0.9005 0 
 44.1657  0.3787  1.3161  0.0219  0.2175  0.0149  0.1763  0.0828 -0.0003  0.0797 0 
 42.5940  0.6799 -2.6927  0.1352  0.6385  0.0439  0.3116  0.1918  0.2570  0.9348 1 
 27.3930 -0.6563  0.3370  0.1027  0.4489  0.0336  0.2522  0.0430 -0.0003  0.4836 1 
 51.0140  0.3921 -1.9546  0.0034  0.1634  0.0391  0.2124  0.0585  0.0854  0.1641 0 
 47.7638 -0.3879  1.1846  0.0042  0.3282  0.0677  0.3456  0.1243 -0.0003  0.2191 0 
 46.7872 -0.7609 -1.1538  0.0446  0.4763  0.0359  0.3040  0.0407 -0.0003  0.2810 0 
 40.3174  0.7663  1.9838  0.0197  0.3836  0.0246  0.2259  0.0309 -0.0003  0.1175 0 
 47.1870 -0.6536  0.5101  0.0127  0.4104  0.0309  0.4766  0.0034  0.0774  0.2720 0 
 40.6104  0.6520 -2.6415  0.0788  0.2093  0.0544  0.4058  0.2130  0.1169  0.7488 0 
 46.6346  0.6989 -1.0412  0.2021  0.2317  0.0370  0.6085  0.3360 -0.0003  0.9657 0 
 45.9541 -0.6980  2.1293  0.0063  0.4130  0.0620  0.6544  0.0786 -0.0003  0.2386 0 
 49.0150 -0.5990 -2.7449  0.1378  0.3193  0.0436  0.5149  0.1507 -0.0003  0.7845 1 
 33.9544  0.6396  0.3956  0.3832  0.2066  0.0923  0.3316  0.1653  0.2044  0.9778 1 
 51.8868 -0.8032 -2.3883  0.0333  0.1003  0.0474  0.2537  0.0631 -0.0003  0.0846 0 
 45.7984  0.7892  0.7357  0.0185  0.1542  0.0748  0.3930  0.0609 -0.0003  0.1223 0 
 48.0049  0.5961 -1.9234  0.0060  0.3550  0.0408  0.3019  0.1076 -0.0003  0.1563 0 
 45.2033 -0.6034  1.2071  0.0234  0.2349  0.0340  0.3068  0.0463 -0.0003  0.1003 0 
 40.0580  0.6041  0.2532  0.0897  0.5393  0.0729  0.2263  0.0976  0.2621  0.8220 1 
 37.2808 -0.5913 -2.9565  0.3393  0.4395  0.0388  0.2308  0.4036 -0.0003  0.9914 1 
 44.4465  0.0764  0.8688  0.0721  0.6365  0.0361  0.1761  0.0537 -0.0003  0.4234 1 
 41.6144 -0.0494 -2.2176  0.0571  0.3921  0.0845  0.7166  0.1850 -0.0003  0.6776 1 
 43.2197 -0.8031  0.4534  0.0050  0.6113  0.0338  0.4878  0.1740 -0.0003  0.3505 0 
 40.2167  0.7683 -2.5303  0.0004  0.2397  0.0355  0.5877  0.1157 -0.0003  0.1786 0 
 62.4582  0.5978 -1.4018  0.0030  0.3688  0.0760  0.2828  0.0087 -0.0003  0.1868 0 
 39.7009 -0.6087  1.6815  0.0015  0.0864  0.1977  0.3629  0.0505 -0.0003  0.0599 0 
 49.9611 -0.5138 -0.1956  0.0063  0.5624  0.2466  0.6405  0.0787 -0.0003  0.2846 1 
 44.2206  0.4970  2.9826  0.0075  0.2968  0.0534  0.3085  0.0457 -0.0003  0.1338 1 
 50.2419  0.6514 -0.3361  0.0006  0.5866  0.0779  0.4690  0.0997 -0.0003  0.2281 0 
 35.8709 -0.6586  2.8072  0.0111  0.1118  0.0075  0.2332  0.2272 -0.0003  0.1283 0 
 36.1120  0.7540 -2.1173  0.0688  0.4939  0.0553  0.2794  0.0877  0.4381  0.9853 0 
 29.9748 -0.7251  1.0657  0.0095  0.0559  0.0286  0.1474  0.0206 -0.0003  0.0547 0 
 46.1036 -0.6019  2.6559  0.0304  0.3555  0.0735  0.2179  0.0689 -0.0003  0.3448 0 
 39.2279  0.6211 -0.5426  0.0049  0.4090  0.1057  0.3641  0.1006 -0.0003  0.2276 0 
 46.6468  0.5412  2.1091  0.1429  0.5197  0.0659  0.5215  0.2779 -0.0003  0.9464 1 
 38.7457 -0.5090 -0.9982  0.2007  0.4773  0.0674  0.6850  0.5362 -0.0003  0.9959 1 
 48.5512 -0.3480  0.2191  0.0186  0.3042  0.0825  0.5161  0.0174 -0.0003  0.1991 0 
 44.6784  0.3832 -2.8280  0.0079  0.4409  0.0507  0.3516  0.0190 -0.0003  0.1796 0 
 33.8018  0.3503  2.6719  0.0507  0.5242  0.0242  0.2846  0.0095 -0.0003  0.2507 0 
 24.0940 -0.3802 -0.5026  0.0378  0.5515  0.0351  0.2099  0.0464 -0.0003  0.2526 0 
 43.8483  0.5721 -2.4443  0.0035  0.1063  0.0298  0.2650  0.0073 -0.0003  0.0508 0 
 37.4090 -0.5379  0.7408  0.0085  0.4875  0.0779  0.3228  0.0042 -0.0003  0.1939 0 
 50.9468 -0.3933  1.2973  0.2364  0.2975  0.0586  0.3399  0.3515 -0.0003  0.9764 1 
 19.8215  0.3619 -1.7347  0.3837  0.4831  0.0343  0.2796  0.2484  0.2317  0.9886 1 
 47.1565 -0.1909 -2.3247  0.0530  0.1731  0.1120  0.3900  0.0607  0.0327  0.2859 0 
 41.4374  0.2368  0.8747  0.0476  0.1297  0.1714  0.3139  0.0585 -0.0003  0.1653 0 
 53.1655  0.1282 -2.6593  0.1339  0.1040  0.1562  0.2942  0.1592 -0.0003  0.6186 0 
 48.6122 -0.1410  0.5073  0.0507  0.1793  0.2871  0.3870  0.1281 -0.0003  0.4233 0 
 45.9663 -0.5323 -3.0318  0.1311  0.3810  0.0523  0.2618  0.1639 -0.0003  0.7910 1 
 42.5818  0.5517  0.1193  0.0600  0.7062  0.0521  0.6232  0.0346 -0.0003  0.4366 1 
 47.4678  0.0800  0.0816  0.2418  0.3976  0.0453  0.3461  0.4591 -0.0003  0.9904 1 
 40.7385 -0.0734 -3.0661  0.2927  0.3334  0.0234  0.3604  0.2883 -0.0003  0.9447 1 
 45.9266  0.6176 -1.8531  0.0032  0.1672  0.0827  0.3491  0.0370 -0.0003  0.0920 0 
 45.2613 -0.6106  1.2769  0.0084  0.3485  0.0475  0.5257  0.0920 -0.0003  0.2114 0 
 41.0712 -0.6487  0.2637  0.3049  0.2198  0.0361  0.3596  0.3622 -0.0003  0.9790 1 
 27.3533  0.6479 -2.8215  0.6710  0.5098  0.0150  0.4038  0.7718 -0.0003  0.9983 1 
 43.0304 -0.5425 -2.9307  0.3169  0.3930  0.0797  0.4439  0.1995  0.5338  0.9996 1 
 42.3865  0.5305  0.2689  0.0906  0.2262  0.0415  0.4011  0.0989  0.2207  0.7535 1 
 45.7618 -0.2754  2.4536  0.0594  0.8829  0.0407  0.5241  0.0971 -0.0003  0.6275 0 
 45.0294  0.2889 -0.6683  0.0415  0.4157  0.0144  0.2632  0.1710 -0.0003  0.2239 0 
 45.7557 -0.3025 -2.5648  0.0054  0.1681  0.0505  0.4368  0.0539 -0.0003  0.0981 0 
 37.8515  0.3323  0.5680  0.0356  0.2140  0.0190  0.1838  0.0264 -0.0003  0.0824 0 
 40.9430  0.5746  0.5760  0.0082  0.3258  0.0964  0.8547  0.1127 -0.0003  0.3875 0 
 37.4884 -0.5723 -2.5350  0.0312  0.8482  0.0292  0.2765  0.1580  0.1522  0.6558 0 
 47.1504 -0.4366 -3.1157  0.2847  0.3744  0.0334  0.4767  0.4163 -0.0003  0.9907 1 
 46.9368  0.4334  0.0198  0.2631  0.7698  0.0620  0.5641  0.1888 -0.0003  0.9600 1 
 58.2589  0.4908 -0.9069  0.0183  0.5851  0.0374  0.2876  0.1625 -0.0003  0.3557 0 
 49.8360 -0.5281  2.1890  0.0317  0.3228  0.1061  0.4700  0.0690 -0.0003  0.2805 0 
 45.0172 -0.6300  0.9818  0.0179  0.1482  0.0580  0.3509  0.0042 -0.0003  0.1034 0 
 44.3214  0.6311 -2.1777  0.0008  0.7989  0.0189  0.4405  0.0135 -0.0003  0.1284 0 
 48.7404  0.5746 -0.0191  0.0167  0.0305  0.2318  0.3008  0.0267 -0.0003  0.0438 0 
 43.8849 -0.5581  3.1199  0.0102  0.2588  0.0704  0.4416  0.1706 -0.0003  0.2579 0 
 43.6744 -0.4274 -1.3783  0.1563  0.6682  0.0448  0.6190  0.2225 -0.0003  0.9431 1 
 42.9908  0.4606  1.7390  0.3786  0.6687  0.0927  0.5772  0.4488 -0.0003  0.9969 1 
 50.0740 -0.2803 -2.6375  0.0103  0.3314  0.1710  0.3414  0.0262 -0.0003  0.2004 0 
 44.9805  0.3045  0.5265  0.0237  0.2298  0.0215  0.2194  0.0893 -0.0003  0.0917 0 
 46.1494 -0.0699 -2.8692  0.0002  0.7170  0.0238  0.3922  0.0458 -0.0003  0.1202 0 
 40.2991  0.0473  0.2864  0.0151  0.3088  0.0256  0.2711  0.0635 -0.0003  0.0895 0 
 47.4250  0.1623  1.6215  0.0331 -1.0000  0.0011  0.0433  0.0075 -0.0003  0.1361 0 
 46.7262 -0.1560 -1.5268  0.0827  0.1292  0.0544  0.4344  0.1326 -0.0003  0.3751 0 
 45.0080  0.1865 -3.0062  0.1709  0.7918  0.0338  0.4387  0.2263 -0.0003  0.9223 1 
 41.7090 -0.2067  0.1387  0.6475  0.4644  0.0869  0.4029  0.4909 -0.0003  0.9976 1 
 42.5116 -0.7789  1.7257  0.0814  0.5587  0.0239  0.5790 -0.0200  0.1415  0.6637 0 
 34.1497  0.7916 -1.3943  0.0084  0.4705  0.0496  0.3784  0.0692 -0.0003  0.1925 0 
 45.7801  0.6690  2.2364  0.0459  0.0874  0.0419  0.3930  0.0432 -0.0003  0.1047 0 
 42.8168 -0.6664 -0.9009  0.0131  0.4657  0.0396  0.3111  0.0723  0.1907  0.5145 0 
 36.5148  0.1363  1.7277  0.1191  0.9104  0.0132  0.3249  0.1799 -0.0003  0.7327 1 
 33.3776 -0.1450 -1.4161  0.1596  0.0647  0.0266  0.2856  0.1458 -0.0003  0.3590 1 
 42.5757 -0.6567  0.4681  0.0291  0.2609  0.0435  0.3116  0.0065 -0.0003  0.1654 0 
 38.9593  0.6502 -2.6394  0.0693  0.3429  0.0909  0.4560  0.1409 -0.0003  0.5620 0 
 49.3385  0.6106 -2.6760  0.0260  0.4030  0.0308  0.2142  0.0744 -0.0003  0.1665 0 
 47.0161 -0.6028  0.4659  0.0134  0.0805  0.0348  0.2602  0.0810 -0.0003  0.0580 0 
 49.8146 -0.2105  0.6925  0.6159  0.3243  0.3765  0.5982  0.0652  0.1595  0.9813 1 
 45.4078  0.2239 -2.5288  0.0682  0.3238  0.0618  0.5252  0.1545 -0.0003  0.5863 1 
 48.2704  0.4886  1.5910  0.0290  0.2768  0.0958  0.3877  0.0648  0.2419  0.4786 0 
 38.2147 -0.4815 -1.5332  0.0561  0.2466  0.0273  0.0458  0.0154 -0.0003  0.2548 0 
 49.6315  0.1209 -1.4031  0.0279  0.3066  0.0956  0.3421  0.0297 -0.0003  0.2148 0 
 39.6002 -0.1107  1.7360  0.0052  0.8437  0.0402  0.4086  0.0506 -0.0003  0.2052 0 
 52.5765 -0.5208  0.6000  0.0450  0.4504  0.1410  0.5058  0.0129 -0.0003  0.2906 0 
 50.2907  0.5549 -2.5390  0.0068  0.1841  0.0643  0.5967  0.0997 -0.0003  0.1874 0 
 53.2296  0.0761  2.0494  0.1071  0.6883  0.1239  0.7143  0.1661  0.4819  0.9716 0 
 30.4112 -0.0740 -1.0871  0.0585  0.1677  0.0565  0.2934  0.0195 -0.0003  0.1824 0 
 46.8666 -0.1683 -2.2310  0.2729  0.5430  0.0197  0.2170  0.3148 -0.0003  0.9510 0 
 44.4007  0.1636  0.9260  0.0498  0.5295  0.0254  0.4402  0.0298 -0.0003  0.3388 0 
 58.1369 -0.7012 -0.4197  0.0551  0.2867  0.1531  0.4932  0.1119  0.3236  0.7353 1 
 35.6329  0.6751  2.7172  0.0149  0.5536  0.0294  0.5141  0.0219  0.2872  0.7079 1 
 47.3274  0.0004  2.8480  0.5215  0.3428  0.0407  0.4763  0.5876 -0.0003  0.9978 1 
 42.1942 -0.0189 -0.3527  0.1816  0.6997  0.0466  0.6248  0.0788 -0.0003  0.8692 1 
 54.9874 -0.5603 -2.5002  0.0070  0.3162  0.0842  0.6251  0.0512 -0.0003  0.2119 0 
 43.8331  0.5673  0.6200  0.0036  0.3435  0.0265  0.3534  0.0350 -0.0003  0.0817 0 
 43.1434 -0.7575 -1.7710  0.0056  0.4179  0.0466  0.5323  0.0179 -0.0003  0.1735 0 
 39.3469  0.7728  1.4056  0.0312  0.0752  0.0202  0.1364  0.0161 -0.0003  0.0533 0 
 44.9653 -0.7315  1.3073  0.0593  0.1560  0.0445  0.4388  0.0208 -0.0003  0.2025 0 
 42.3713  0.7598 -1.8482  0.0640  0.4567  0.0328  0.4012  0.1072  0.0246  0.5433 0 
 47.2297 -0.7288 -0.3871  0.0722  0.3278  0.3214  0.3899  0.0456 -0.0003  0.4342 0 
 46.0487  0.7626  2.7851  0.0183  0.4305  0.1826  0.3924  0.1016 -0.0003  0.3056 0 
 45.8961  0.7814  2.0061  0.0400  0.5308  0.0635  0.3055  0.0899  0.1153  0.6243 0 
 38.1994 -0.7732 -1.1272  0.0067  0.3774  0.0356  0.3209  0.0233 -0.0003  0.1211 0 
 44.9989  0.4707 -0.5442  0.0298  0.1554  0.0611  0.5703  0.2039  0.0749  0.4413 0 
 36.1120 -0.4744  2.6289  0.0042  0.7808  0.0446  0.3725  0.0272 -0.0003  0.2026 0 
 38.3642 -0.1781 -1.6435  0.3834  0.5541  0.0784  0.0916  0.2830  0.5991  0.9995 1 
 20.0961  0.2525  1.5871  0.0804  0.5297  0.0553  0.3339  0.2846  0.3609  0.9712 1 
 48.5878 -0.7805 -0.9098  0.0194  0.3078  0.1320  0.4300  0.0152 -0.0003  0.1946 0 
 47.7913  0.7714  2.2195  0.0299  0.2439  0.0463  0.3887  0.0963 -0.0003  0.2140 0 
 44.6601 -0.6638  0.6428  0.0676  0.4491  0.0162  0.3517  0.2480 -0.0003  0.5130 0 
 43.7598  0.6351 -2.5339  0.0214  0.1427  0.0773  0.3535  0.1042 -0.0003  0.1453 0 
 44.0253  0.1989 -2.3852  0.0018  0.1845  0.0849  0.3971  0.0577 -0.0003  0.1025 0 
 43.8849 -0.2107  0.7566  0.0329  0.4134  0.0741  0.4416  0.0443 -0.0003  0.2746 0 
 40.4547 -0.3734  0.6343  0.0062  0.2864  0.0091  0.2257  0.0178 -0.0003  0.0537 0 
 34.9126  0.3505 -2.5095  0.0002  0.1118  0.0289  0.1880  0.0875 -0.0003  0.0519 0 
 56.5743  0.6370  2.4024  0.0227  0.1300  0.0248  0.2897  0.0464 -0.0003  0.0526 0 
 41.9623 -0.6240 -0.7446  0.0211  0.3464  0.0462  0.4022  0.0211 -0.0003  0.1913 0 
 48.8991 -0.5564  2.2147  0.0299  0.1452  0.0432  0.5152  0.0049 -0.0003  0.1507 0 
 42.0722  0.5676 -0.9155  0.0314  0.1469  0.0102  0.1340  0.0098 -0.0003  0.0564 0 
 46.4240  0.2555 -2.4833  0.0034  0.2103  0.0860  0.4352  0.0541 -0.0003  0.1206 0 
 34.9340 -0.2005  0.6620  0.0028  0.1045  0.1248  0.4699  0.0242 -0.0003  0.0748 0 
 46.4118  0.7017  2.3806  0.0947  0.3864  0.0107  0.3481  0.0568 -0.0003  0.2691 0 
 43.5248 -0.6930 -0.7027  0.0117  0.2105  0.0469  0.3540  0.0338 -0.0003  0.1013 0 
 49.4514 -0.2407  2.0466  0.0283  0.3295  0.0372  0.3853  0.1136 -0.0003  0.2490 0 
 44.7303  0.2289 -1.0897  0.0001 -1.0000  0.0074  0.0879  0.1741 -0.0003  0.1915 0 
 40.4791  0.4522  1.3892  0.0103  0.2228  0.0675  0.4061  0.1517 -0.0003  0.2132 0 
 40.0549 -0.4579 -1.7348  0.0123  0.0819  0.1105  0.2263  0.0098 -0.0003  0.0681 0 
 39.4965 -0.7518  0.4730  0.0618  0.2378  0.0793  0.4088  0.0655 -0.0003  0.3462 0 
 38.8098  0.7285 -2.6735  0.0162  0.5994  0.0507  0.4108  0.1043 -0.0003  0.3098 0 
 45.3529 -0.5064  0.2300  0.0197  0.5514  0.0888  0.4816  0.0443 -0.0003  0.2417 0 
 44.9744  0.5127 -2.9102  0.0100  0.3835  0.0310  0.3072  0.0164  0.1897  0.4161 0 
 51.6579 -0.1314  3.0590  0.0284  0.1227  0.1514  0.2117  0.0081 -0.0003  0.0959 0 
 49.1279  0.1226 -0.0733  0.0981  0.3747  0.0238  0.1286  0.0224 -0.0003  0.2915 0 
 45.7832  0.2809  1.0744  0.0280  0.0611  0.0108  0.2184  0.0206 -0.0003  0.0367 0 
 36.2921 -0.2804 -2.0761  0.0176  0.4612  0.0116  0.3720  0.0145 -0.0003  0.1034 0 
 49.7078 -0.5413  0.9574  0.0150  0.0852  0.0705  0.4275  0.0899 -0.0003  0.0992 0 
 43.4394  0.5419 -2.1940  0.0116  0.7295  0.0344  0.3543  0.0556 -0.0003  0.1931 0 
 52.5582  0.2211 -2.8341  0.0775  0.5453  0.0524  0.2951  0.0451 -0.0003  0.5610 0 
 45.3864 -0.2243  0.2996  0.0757  0.0638  0.0287  0.3502  0.0443 -0.0003  0.0925 0 
 51.6182 -0.3758 -1.5694  0.1965  0.5473  0.0478  0.2541  0.2453 -0.0003  0.9378 1 
 50.2296  0.3708  1.5790  0.0756  0.3624  0.0547  0.5117  0.0135 -0.0003  0.4254 1 
 47.3915  0.3124  1.4542  0.0113  0.4425  0.0902  0.3895  0.0139 -0.0003  0.1845 0 
 45.4658 -0.2728 -1.6056  0.0373  0.1714  0.0708  0.2625  0.0856 -0.0003  0.1989 0 
 48.4108 -0.3611 -0.4966  0.0495  0.6893  0.3006  0.5596  0.0679 -0.0003  0.3886 1 
 44.9561  0.4047  2.5917  0.0259  0.4016  0.0371  0.2633  0.1387 -0.0003  0.2835 1 
 45.3834 -0.2725 -0.1798  0.0202  0.2079  0.1877  0.7442  0.0408 -0.0003  0.3207 0 
 44.9714  0.2560  2.9725  0.0348  0.1511  0.0783  0.4827  0.0490 -0.0003  0.1827 0 
 42.3316  0.6621 -2.1395  0.1685  0.4515  0.0117  0.2229  0.1315  0.1133  0.6825 0 
 40.6622 -0.6837  1.0496  0.0147  0.6809  0.1149  0.4958 -0.0200 -0.0003  0.2199 0 
 45.0660  0.0803  3.0577  0.0326  0.5244  0.0280  0.5263  0.0952 -0.0003  0.3667 1 
 43.0610 -0.0596 -0.0880  0.1844  0.2209  0.0919  0.4882  0.2886  0.3539  0.9778 1 
 54.8653  0.7727 -1.4627  0.0016  0.2267  0.1402  0.2919  0.0132 -0.0003  0.1285 0 
 37.4884 -0.8031  1.6623  0.0087  0.2498  0.0397  0.3226  0.0023 -0.0003  0.1088 0 
 50.1411 -0.7774  2.1850  0.0456  0.0733  0.0773  0.4266  0.0688  0.0725  0.1746 0 
 33.2128  0.7725 -1.0120  0.0801  0.4466  0.0177  0.3814  0.2341 -0.0003  0.5950 0 
 52.0272  0.1339  2.7526  0.0083  0.1008  0.0443  0.5071  0.0191  0.1169  0.1337 0 
 49.3233 -0.1267 -0.3805  0.0097  0.2465  0.0354  0.2142  0.0504 -0.0003  0.0870 0 
 56.6873  0.4131 -1.8527  0.0910  0.3932  0.1234  0.3309  0.1074 -0.0003  0.5802 1 
 45.8228 -0.4171  1.2533  0.3368  0.7478  0.0602  0.3493  0.3819 -0.0003  0.9940 1 
 52.6375 -0.6216  0.8842  0.0130  0.2648  0.0388  0.2949  0.0168 -0.0003  0.1083 0 
 42.2278  0.6110 -2.2762  0.0523  0.1778  0.0994  0.4016  0.0294 -0.0003  0.2180 0 
 53.5714  0.7074 -2.1388  0.0207  0.2673  0.0609  0.2937  0.0090  0.2179  0.3904 0 
 43.7873 -0.6732  0.9804  0.0124  0.2035  0.2336  0.4861  0.0423 -0.0003  0.1991 0 
 45.7130 -0.7460 -1.0020  0.0608  0.1220  0.0399  0.3932  0.1625 -0.0003  0.2718 0 
 35.5474  0.7366  2.1351  0.0011  0.1163  0.0313  0.0468  0.0629 -0.0003  0.0860 0 
 48.9540 -0.3387 -1.4645  0.6390  0.4783  0.0490  0.2575  0.2324 -0.0003  0.9946 1 
 33.1365  0.2734  1.7685  0.1010  0.5220  0.1138  0.3816  0.0859  0.3985  0.8946 1 
 47.2297 -0.7221 -0.0200  0.1651  0.5339  0.0291  0.6065  0.1426 -0.0003  0.8781 0 
 33.9269  0.6934 -3.1378  0.0776  0.0810  0.0323  0.0948  0.0101 -0.0003  0.1037 0 
 45.4658 -0.7696  2.7787  0.1891  0.2840  0.0339  0.3500  0.1585 -0.0003  0.7738 0 
 42.0264  0.7649 -0.3725  0.0887  0.6928  0.0392  0.3574  0.1096 -0.0003  0.7019 0 
 58.8632 -0.4518  0.9604  0.6531  0.6943  0.0522  0.2459  0.6502 -0.0003  0.9981 1 
 30.4540  0.4549 -2.2162  0.4057  0.2568  0.0222  0.5377  0.1163  0.1610  0.9729 1 
 52.9305  0.4761 -2.0663  0.0017  0.4975  0.0467  0.2945  0.0307 -0.0003  0.1716 0 
 44.5045 -0.4385  1.0641  0.0187  0.5175  0.0276  0.2640  0.0283 -0.0003  0.1532 0 
 42.9511 -0.5308 -2.4344  0.8409  0.4412  0.0329  0.2221  0.5328 -0.0003  0.9978 1 
 41.3733  0.5314  0.6610  0.0423  0.5422  0.1014  0.7626  0.0482 -0.0003  0.3806 1 
 52.9397 -0.7613  1.8188  0.0028  0.4871  0.0059  0.1683  0.0158 -0.0003  0.0955 0 
 43.5340  0.7398 -1.3578  0.0141  0.4742  0.0923  0.5311  0.0179 -0.0003  0.2087 0 
 36.4691 -0.6344  2.9607  0.0049  0.3423  0.0507  0.1857  0.0690 -0.0003  0.1857 0 
 35.6756  0.6321 -0.0738  0.1274  0.4878  0.0346  0.3738  0.1121 -0.0003  0.7117 0 
 47.2023  0.6942  1.2054  0.0010  0.2126  0.1063  0.4766  0.1054 -0.0003  0.1512 1 
 30.1396 -0.6879 -2.0396  0.1097  0.3117  0.0578  0.3432  0.1359 -0.0003  0.6708 1 
 46.5370  0.1830 -2.2375  0.0330  0.1878  0.0332  0.1305  0.0159 -0.0003  0.1252 0 
 37.6745 -0.1729  0.9224  0.2186  0.3965  0.0245  0.4602  0.3045  0.1113  0.9528 0 
 50.5287  0.5331 -0.7413  0.0533  0.2838  0.0623  0.2980  0.0403 -0.0003  0.2974 0 
 46.5888 -0.5405  2.3818  0.0137  0.2325  0.0469  0.3043  0.0114 -0.0003  0.1172 0 
 54.7799 -0.1895 -2.2173  0.0072  0.2610  0.0409  0.1669  0.0082 -0.0003  0.1391 0 
 41.4832  0.1821  0.9534  0.0041  0.4125  0.0244  0.5379  0.0086 -0.0003  0.1535 0 
 50.6142 -0.6046 -1.4040  0.0858  0.5978  0.3207  0.6384  0.0875 -0.0003  0.5283 0 
 44.9989  0.6464  1.6574  0.0076  0.4413  0.1013  0.5264  0.1080 -0.0003  0.2496 0 
 52.2469 -0.3930  2.0022  0.0043  0.1540  0.0186  0.2533  0.0637 -0.0003  0.0399 0 
 45.9174  0.3831 -1.1411  0.0019  0.0499  0.0785  0.1309  0.0154 -0.0003  0.0979 0 
 46.1311  0.2590 -2.4305  0.0859  0.3113  0.0889  0.3923  0.0497 -0.0003  0.4399 1 
 41.3214 -0.2616  0.7349  0.3493  0.4481  0.0509  0.1795  0.2748 -0.0003  0.9802 1 
 46.3966 -0.6000 -1.0407  0.0264  0.1150  0.0329  0.1306  0.0156 -0.0003  0.0766 0 
 27.5975  0.6054  2.1109  0.0223  0.3298  0.0212  0.2517  0.0090 -0.0003  0.1068 0 
 45.0965 -0.1862  2.9423  0.5235  0.4014  0.0549  0.3507  0.4206 -0.0003  0.9967 1 
 36.8475  0.1795 -0.2390  0.0296  0.5836  0.0532  0.5093  0.0870  0.0850  0.4752 1 
 46.4790 -0.1823  1.0487  0.0308  0.0842  0.1026  0.3915  0.0692 -0.0003  0.0967 0 
 45.1301  0.1953 -2.0889  0.0327  0.2678  0.0519  0.4822  0.0981 -0.0003  0.2897 0 
 46.4118 -0.8031  0.0660  0.0852  0.0898  0.0294  0.3481  0.1131 -0.0003  0.1858 0 
 43.5492  0.7925 -3.0385  0.0216  0.3655  0.0111  0.3540  0.0832  0.0400  0.1491 0 
 41.5778 -0.7062  1.1658  0.0037  0.0718  0.0620  0.1344  0.0444 -0.0003  0.0856 0 
 41.2360  0.7212 -2.0873  0.1031  0.1768  0.1389  0.4490  0.0939 -0.0003  0.4801 0 
 59.6017 -0.0675  0.2409  0.0393  0.4646  0.0977  0.3268  0.0181 -0.0003  0.2755 0 
 46.3508  0.0881 -2.8774  0.0386  0.3421  0.0418  0.3483  0.0314 -0.0003  0.2305 0 
 57.1359  0.2434  1.9363  0.0422  0.1568  0.0252  0.2890  0.0275  0.1164  0.2931 0 
 45.4078 -0.2471 -1.1656  0.0372  0.6989  0.0760  0.5252  0.0222 -0.0003  0.3085 0 
 47.3365  0.6934 -2.8530  0.0024  0.5719  0.0356  0.3463  0.0427 -0.0003  0.1434 0 
 46.5309 -0.6775  0.2904  0.0499  0.3458  0.0325  0.2609  0.0298 -0.0003  0.2116 0 
 47.9377  0.7826  0.7172  0.0044  0.2974  0.0503  0.3452  0.0086  0.1334  0.2457 0 
 40.7965 -0.7862 -2.4639  0.0233  0.3004  0.1204  0.4503  0.0718 -0.0003  0.2425 0 
 53.9986 -0.7619 -1.4260  0.0330  0.1871  0.0508  0.2512  0.0749 -0.0003  0.1513 0 
 42.4781  0.7550  1.7343  0.0071  0.4280  0.0084  0.0891  0.0126 -0.0003  0.1262 0 
 46.8452 -0.2791  2.4263  0.0076  0.0495  0.0311  0.2605  0.1082 -0.0003  0.0597 0 
 37.2381  0.2846 -0.7100  0.0042  0.2421  0.0313  0.1847  0.0106 -0.0003  0.0887 0 
 46.4637  0.1846 -2.7473  0.3279  0.3578  0.0222  0.3480  0.4047 -0.0003  0.9879 1 
 46.4240 -0.1624  0.3960  0.2692  0.4778  0.1020  0.6527  0.2108  0.1704  0.9814 1 
 45.1698  0.3877 -0.0399  0.0616  0.2737  0.0562  0.3945  0.1589 -0.0003  0.4989 0 
 37.2656 -0.3859  3.1226  0.0710  0.1430  0.0315  0.4154  0.2095 -0.0003  0.3849 0 
 44.8890 -0.6481  0.7438  0.0247  0.4879  0.0370  0.3951  0.0125 -0.0003  0.2292 0 
 37.1801  0.6362 -2.3615  0.0050  0.1355  0.0404  0.2771  0.0298 -0.0003  0.0583 0 
 42.5422  0.6344  1.8578  0.2993  0.3403  0.0616  0.2226  0.4865 -0.0003  0.9943 1 
 40.8728 -0.6311 -1.2391  0.3050  0.4087  0.0350  0.1350  0.1966  0.2322  0.9579 1 
 54.1421 -0.2634  2.2329  0.0289  0.2989  0.1509  0.6276  0.0052 -0.0003  0.2714 0 
 38.6328  0.2698 -0.9008  0.0082  0.1924  0.0161  0.0914  0.0074 -0.0003  0.0848 0 
 47.6844  0.0244 -2.6650  0.0604  0.1793  0.0382  0.4321  0.0495 -0.0003  0.2279 0 
 40.5646 -0.0305  0.4928  0.1604  0.4162  0.0176  0.1804  0.1677 -0.0003  0.5490 0 
 44.9043  0.4210  1.0043  0.0195  0.1332  0.0452  0.5707  0.2841 -0.0003  0.3046 0 
 28.6046 -0.4186 -2.1474  0.0866  0.6559  0.0166  0.2490  0.1168 -0.0003  0.4097 0 
 53.4432 -0.3978  1.0664  0.0099  0.0293  0.0347  0.2519  0.0104 -0.0003  0.0554 0 
 42.2339  0.4059 -2.0646  0.0243  0.3752  0.0140  0.1784  0.0287 -0.0003  0.1055 0 
 49.0425  0.5829 -0.9867  0.0011  0.2156  0.1012  0.4290  0.0058 -0.0003  0.1162 0 
 42.9175 -0.5868  2.1470  0.0282  0.5138  0.0147  0.3554  0.0566 -0.0003  0.1348 0 
 39.7681  0.2081  0.5430  0.0461  0.1559  0.0242  0.3174  0.0248 -0.0003  0.0866 0 
 39.5239 -0.2018 -2.6162  0.0320  0.1817  0.0357  0.4542  0.0612 -0.0003  0.1590 0 
 47.8492  0.1401 -0.9023  0.0351  0.3580  0.1060  0.5613  0.1235 -0.0003  0.3941 0 
 46.5675 -0.1171  2.2043  0.0627  0.2530  0.0882  0.3044  0.0020 -0.0003  0.2910 0 
 45.3010  0.2607  2.3795  0.0982  0.2443  0.0739  0.3503  0.0938 -0.0003  0.5110 1 
 43.4546 -0.2616 -0.7728  0.3867  0.0552  0.0409  0.3542  0.3303 -0.0003  0.9717 1 
 45.5421  0.5402  0.3028  0.0081  0.2882  0.0047  0.0875  0.0156 -0.0003  0.0989 0 
 44.1199 -0.5417 -2.8425  0.0018  0.5861  0.0436  0.4851  0.0955 -0.0003  0.2087 0 
 55.3750  0.7628 -3.0286  0.0114  0.3355  0.1099  0.4576  0.1270 -0.0003  0.2591 0 
 44.8066 -0.7506  0.1313  0.0288  0.2419  0.0375  0.3074  0.0264 -0.0003  0.1257 0 
 48.6732 -0.3390  2.7702  0.9003  0.6006  0.1177  0.5588  0.5595 -0.0003  0.9974 1 
 43.2776  0.3267 -0.3680  0.0949  0.4131  0.0689  0.4433  0.1725 -0.0003  0.7461 1 
 49.1859  0.3843  2.7144  0.4369  0.5480  0.0286  0.3430  0.5539 -0.0003  0.9975 1 
 45.4292 -0.3774 -0.4131  0.1011  0.4393  0.0311  0.3939  0.1522 -0.0003  0.6846 1 
 50.2907 -0.1509 -0.7867  0.1039  0.4417  0.0595  0.1705  0.0318 -0.0003  0.6315 0 
 45.2766  0.1496  2.3266  0.0053  0.3673  0.0221  0.3066  0.0401 -0.0003  0.0760 0 
 44.5502 -0.6867 -1.8925  0.0103  0.1064  0.0104  0.1760  0.0390 -0.0003  0.0361 0 
 43.5981  0.6922  1.3326  0.0019  0.5168  0.0532  0.3539  0.1281 -0.0003  0.2654 0 
 37.6959 -0.1029  2.9061  0.0629  0.6098  0.0370  0.4601  0.1282 -0.0003  0.6186 0 
 32.3735  0.1199 -0.2307  0.0267  0.5544  0.0219  0.3362  0.0146 -0.0003  0.1731 0 
 44.6143  0.0227  0.1866  0.0061  0.4810  0.0475  0.3957  0.0374 -0.0003  0.1697 0 
 42.0142 -0.0377 -2.9515  0.0267  0.4621  0.1489  0.4468  0.1003 -0.0003  0.3140 0 
 44.1810  0.7944  1.9252  0.0226  0.1130  0.0435  0.1763  0.0151 -0.0003  0.0796 0 
 43.1098 -0.8039 -1.2082  0.0042  0.1731  0.0188  0.4437  0.0975 -0.0003  0.0730 0 
 44.2054 -0.7381  0.9699  0.0227  0.4194  0.0274  0.3085  0.0174 -0.0003  0.1497 0 
 40.6592  0.7478 -2.2113  0.1551  0.3808  0.0669  0.3606  0.0323 -0.0003  0.6138 0 
 52.0058 -0.7251  0.9369  0.0013  0.2648  0.0404  0.3804  0.1187 -0.0003  0.1245 0 
 41.4130  0.7380 -2.1964  0.0634  0.1190  0.0547  0.4037  0.2081 -0.0003  0.3622 0 
 45.5665 -0.2785 -2.3838  0.0753  0.2801  0.0297  0.3935  0.1710 -0.0003  0.4918 0 
 42.1271  0.2573  0.7318  0.1437  0.4014  0.0138  0.2679  0.1537 -0.0003  0.5057 0 
 47.5746  0.1591 -0.8562  0.0103  0.5250  0.0259  0.2594  0.0351 -0.0003  0.1268 0 
 46.3478 -0.1608  2.2802  0.0111  0.3550  0.0342  0.5224  0.0164 -0.0003  0.1746 0 
 43.2502 -0.5453  2.7169  0.1505  0.3590  0.0544  0.4433  0.1385  0.3507  0.9855 1 
 23.6637  0.5773 -0.3705  0.1441  0.3419  0.0686  0.5278  0.1011 -0.0003  0.7200 1 
 50.4433 -0.7836  2.8782  0.1273  0.6261  0.0136  0.3833  0.2121 -0.0003  0.7235 0 
 46.8544  0.7888 -0.2640  0.0628  0.2312  0.0466  0.3473  0.1592 -0.0003  0.4285 0 
 74.3114  0.4619  0.4913  0.0566  0.0540  0.3089  0.3101  0.0964  0.0235  0.1432 0 
 39.0265 -0.4861 -2.6671  0.0100  0.3648  0.0082  0.2735  0.0090 -0.0003  0.0677 0 
 50.3853  0.2273  2.8072  0.0065  0.3631  0.0123  0.2556  0.0776 -0.0003  0.0733 0 
 43.0152 -0.1837 -0.3224  0.0181  0.1625  0.1103  0.3108  0.0628 -0.0003  0.1214 0 
 42.2736  0.7797 -1.6819  0.0102  0.3458  0.0099  0.2676  0.0336 -0.0003  0.0616 0 
 35.9411 -0.7829  1.4684  0.0467  0.2012  0.0159  0.2331  0.0201 -0.0003  0.0786 0 
 51.3558 -0.3107  2.6794  0.2369  0.6067  0.0628  0.2544  0.1136 -0.0003  0.9120 0 
 45.3346  0.3028 -0.4975  0.0017  0.1997  0.1233  0.3940  0.0333 -0.0003  0.1101 0 
 50.4128 -0.2393  1.8008  0.0491  0.1923  0.0251  0.3834  0.0839 -0.0003  0.1671 0 
 39.8444  0.3193 -1.3112  0.0121  0.4258  0.0199  0.3172  0.0637  0.0981  0.2549 0 
 44.8096 -0.8250  1.0844  0.0128  0.4323  0.0685  0.6149  0.0123 -0.0003  0.2121 0 
 35.8892  0.7734 -2.0499  0.0136  0.4413  0.1076  0.2332  0.0040 -0.0003  0.2162 0 
 45.2216 -0.7386 -2.7414  0.0132  0.3414  0.1730  0.3943  0.0121 -0.0003  0.2024 0 
 40.1099  0.7512  0.3916  0.0299  0.3301  0.0350  0.1810  0.1752 -0.0003  0.3274 0 
 56.4279  0.7833  1.1434  0.0145  0.4625  0.0471  0.3313  0.0141  0.0694  0.3006 0 
 48.3131 -0.7829 -2.1094  0.0504  0.2581  0.0600  0.4307  0.0099 -0.0003  0.2657 0 
 50.6844  0.5198 -1.6059  0.3611  0.4495  0.0606  0.5105  0.4210 -0.0003  0.9957 1 
 41.6693 -0.5171  1.5155  0.2732  0.3336  0.0458  0.4477  0.3658 -0.0003  0.9871 1 
 45.8259  0.6716  0.1899  0.0070  0.4516  0.0349  0.2620  0.0226 -0.0003  0.1462 0 
 43.2532 -0.6736 -2.9424  0.0606  0.2861  0.0344  0.2660  0.0450 -0.0003  0.2236 0 
 45.1087 -0.7366  0.7509  0.0014  0.3880  0.0657  0.4384  0.0557  0.4570  0.7858 0 
 41.8219  0.7563 -2.4287  0.0429  0.3394  0.0392  0.3578  0.0093 -0.0003  0.2443 0 
 46.0975 -0.4739  3.1356  0.0817  0.2128  0.0197  0.3051  0.0740 -0.0003  0.1966 0 
 43.2868  0.5055  0.0085  0.1392  0.6939  0.0442  0.3989  0.2073  0.1617  0.8869 0 
 55.9213 -0.3017 -2.7414  0.0400  0.3543  0.1333  0.6640  0.0876 -0.0003  0.4172 0 
 44.5930  0.3364  0.3719  0.0179  0.1788  0.0276  0.3958  0.0599 -0.0003  0.0831 0 
 47.0924  0.5599  2.1164  0.0167  0.3374  0.0466  0.3035  0.0204 -0.0003  0.1680 0 
 44.8493 -0.5677 -1.0125  0.0000  0.2208  0.0296  0.0878  0.0856  0.0585  0.2071 0 
 50.5074 -0.1768  0.9298  0.0993  0.5781  0.1107  0.5535  0.0383  0.1397  0.7047 0 
 46.2287  0.1480 -2.2027  0.0304  0.2956  0.1860  0.3921  0.0263 -0.0003  0.2390 0 
 48.4993  0.2772 -2.4326  0.0046  0.6237  0.0853  0.4732  0.0097 -0.0003  0.1946 0 
 42.1485 -0.2634  0.7459  0.0482  0.3415  0.0156  0.4464  0.1525 -0.0003  0.3295 0 
 38.7182  0.0039  2.8780  0.1183  0.2236  0.0201  0.4568  0.1354 -0.0003  0.5572 1 
 36.8688 -0.0102 -0.2687  0.2487  0.4427  0.0438  0.1389  0.2121 -0.0003  0.8945 1 
 47.5563  0.7659 -0.1349  0.0215  0.5308  0.0208  0.3027 -0.0200 -0.0003  0.2128 0 
 44.4678 -0.7626  3.0300  0.0103  0.0275  0.0396  0.3080  0.0101 -0.0003  0.0604 0 
 45.6001 -0.6535  1.9614  0.0113  0.1830  0.0976  0.1312  0.1299 -0.0003  0.3070 0 
 45.0874  0.6791 -1.2001  0.0060  0.0953  0.0285  0.3069  0.0079 -0.0003  0.0506 0 
 47.0405  0.4423 -2.4221  0.0024  0.3068  0.0388  0.6071  0.1605 -0.0003  0.2549 0 
 45.5634 -0.4421  0.7127  0.0119  0.2296  0.0327  0.2623  0.0214 -0.0003  0.0779 0 
 44.0833  0.1340  1.1928  0.2683  0.4293  0.0808  0.7499  0.1722 -0.0003  0.9640 1 
 41.2848 -0.1484 -1.9372  0.0244  0.4903  0.0625  0.3591  0.1463 -0.0003  0.4353 1 
 45.8778 -0.4534  0.3722  0.0063  0.0446  0.0290  0.2183  0.0342 -0.0003  0.0454 0 
 44.2359  0.4723 -2.7775  0.0017  0.3679  0.0407  0.3525  0.0213 -0.0003  0.1228 0 
 46.4576 -0.7538 -3.0029  0.0049  0.5419  0.0580  0.5221  0.0369 -0.0003  0.1833 0 
 44.3397  0.7514  0.0956  0.0034  0.2352  0.0483  0.4845  0.0534 -0.0003  0.1264 0 
 44.5319 -0.6614 -1.4732  0.1081  0.3264  0.0265  0.3959  0.1274 -0.0003  0.5747 0 
 35.2209  0.6854  1.6778  0.0996  0.2802  0.0293  0.3751  0.0461 -0.0003  0.3783 0 
 50.7332 -0.4373  2.7122  0.3496  0.7610  0.0884  0.3828  0.3522 -0.0003  0.9950 1 
 43.5096  0.4297 -0.4369  0.5434  0.5395  0.0260  0.4426  0.4349 -0.0003  0.9961 1 
 38.1537  0.6368 -0.9623  0.4021  0.3446  0.0607  0.4586  0.8421 -0.0003  0.9986 1 
 27.8080 -0.5856  2.1873  0.0851  0.3812  0.0155  0.3516  0.0915  0.0132  0.3637 1 
 48.1086  0.2830 -1.9512  0.7334  0.2852  0.0292  0.5605  0.4854 -0.0003  0.9938 1 
 33.8872 -0.3036  1.1815  0.1998  0.6650  0.0444  0.3318  0.2690 -0.0003  0.9586 1 
 48.2612  0.2962 -1.6082  0.0388  0.1476  0.0478  0.2154  0.0533 -0.0003  0.1142 0 
 46.1707 -0.2881  1.5149  0.0046  0.3029  0.0466  0.1743  0.0455 -0.0003  0.1495 0 
 48.0201  0.0733  1.8863  0.0188  0.5158  0.0479  0.4745  0.0106 -0.0003  0.2165 0 
 44.6601 -0.0731 -1.2672  0.0601  0.1697  0.0312  0.3956  0.0528 -0.0003  0.1823 0 
 46.7567 -0.0620 -0.1330  0.0277  0.1170  0.0208  0.2172  0.0132 -0.0003  0.0502 0 
 45.4414  0.0612  3.0071  0.0217  0.7511  0.0501  0.1751  0.0042 -0.0003  0.3918 0 
 47.1504 -0.7497 -2.0291  0.3728  0.5044  0.0457  0.6067  0.4843 -0.0003  0.9957 1 
 43.3265  0.7593  1.1191  0.2913  0.2551  0.0279  0.3102  0.4060 -0.0003  0.9790 1 
 49.6864  0.2883 -0.3624  0.0092  0.1740  0.0447  0.2565  0.0309 -0.0003  0.0752 0 
 44.9012 -0.2892  2.7853  0.1036  0.6529  0.0113  0.3073  0.1315 -0.0003  0.4913 0 
 50.9957 -0.7578 -0.3588  0.0345  0.4947  0.0246  0.2548  0.0764 -0.0003  0.1778 0 
 41.9135  0.7662  2.8064  0.0121  0.4862  0.0638  0.1788  0.0097 -0.0003  0.3227 0 
 40.5158 -0.2448  0.8837  0.4604  0.2389  0.0875  0.3609  0.4278  0.6589  0.9999 1 
 36.1212  0.2775 -2.2682  0.5665  0.7726  0.0193  0.6053  0.5941 -0.0003  0.9973 1 
 44.5533  0.1020  2.6811  0.0183  0.1379  0.1097  0.1759  0.0335 -0.0003  0.1207 0 
 39.8383 -0.0558 -0.4661  0.0048  0.1042  0.1053  0.4079  0.1015 -0.0003  0.0854 0 
 46.7018  0.0164 -2.5895  0.0475  0.1820  0.0425  0.4345  0.0274 -0.0003  0.1897 0 
 34.3725 -0.0009  0.5419  0.0622  0.5018  0.0265  0.3777  0.0523  0.0877  0.5571 0 
 63.8285  0.7082 -2.8625  0.0527  0.6948  0.0463  0.2411  0.1491 -0.0003  0.6160 0 
 43.2593 -0.7068  0.3066  0.0409  0.0691  0.0254  0.3103  0.0195  0.0637  0.1199 0 
 44.2329 -0.6903  2.7395  0.1003  0.5981  0.0980  0.7051  0.1474  0.0613  0.8572 1 
 27.7104  0.6841 -0.4203  0.1112  0.3207  0.0427  0.3016  0.0644  0.4679  0.9958 1 
 51.4656 -0.3318  2.0124  0.0995  0.7456  0.1849  0.7204  0.1871 -0.0003  0.8697 0 
 45.9907  0.3124 -1.1768  0.0042  0.4157  0.0236  0.3053  0.0624 -0.0003  0.0879 0 
 49.7261 -0.6691  2.4935  0.0951  0.1746  0.0858  0.4702  0.0497 -0.0003  0.3975 1 
 44.4221  0.6652 -0.6628  0.0761  0.6060  0.0613  0.4402  0.0549 -0.0003  0.5146 1 
 46.6468  0.4308 -3.0017  0.0063  0.2046  0.0831  0.6084  0.1404 -0.0003  0.2351 0 
 37.7630 -0.4287  0.1286  0.0632  0.3943  0.0102  0.1839  0.0109 -0.0003  0.1446 0 
 57.2457  0.4035  0.9728  0.0043  0.3059  0.0734  0.3713  0.0201 -0.0003  0.1476 0 
 49.3416 -0.4720 -2.1694  0.1040  0.2443  0.0568  0.2998  0.0643 -0.0003  0.4479 0 
 51.8410  0.6735 -2.6927  0.0146  0.1068  0.0338  0.1692  0.0024 -0.0003  0.0696 0 
 45.6550 -0.6956  0.4630  0.0391  0.8262  0.0270  0.3934  0.0505  0.2599  0.7352 0 
 56.4645  0.2038  1.7275  0.0269  0.1633  0.0524  0.2484  0.1074 -0.0003  0.1543 0 
 46.7750 -0.1917 -1.4433  0.0242  0.3638  0.0489  0.2606  0.0233 -0.0003  0.2173 0 
 51.5023  0.1532 -1.2974  0.0012  0.5324  0.0171  0.2966  0.0861  0.1070  0.2232 0 
 45.6855 -0.1541  1.8262  0.0413  0.5557  0.0315  0.4807 -0.0200 -0.0003  0.3132 0 
 47.1412 -0.0957 -2.0783  0.3196  0.6974  0.0547  0.3901  0.3400 -0.0003  0.9906 1 
 44.0131  0.0896  1.0444  0.5334  0.3178  0.0456  0.5295  0.6219 -0.0003  0.9980 1 
 41.4649 -0.6589  1.3844  0.0092  0.0841  0.1414  0.2242  0.0641 -0.0003  0.0634 0 
 39.5819  0.6626 -1.7354  0.0281  0.1591  0.0242  0.2724  0.0626 -0.0003  0.0637 0 
 53.5500  0.2617 -0.5540  0.0039  0.5381  0.1347  0.6293  0.0303 -0.0003  0.2297 0 
 41.9684 -0.2691  2.5599  0.0019  0.3098  0.0786  0.5363  0.0538 -0.0003  0.1654 0 
 49.9794 -0.0328 -1.2869  0.0255  0.2773  0.1815  0.3843  0.0151 -0.0003  0.2112 0 
 49.1798  0.0449  1.8331  0.0023  0.3120  0.0181  0.3001  0.0350 -0.0003  0.0564 0 
 49.4850 -0.2171 -1.1156  0.0088  0.1168  0.0594  0.2996  0.0447 -0.0003  0.0749 0 
 43.9185  0.2572  2.0287  0.0347  0.7379  0.0134  0.1766  0.0057  0.1560  0.4577 0 
 50.6050  0.0629  1.4815  0.0116  0.4267  0.0956  0.5533  0.0241 -0.0003  0.2058 0 
 47.0283 -0.0621 -1.7060  0.0375  0.5427  0.1023  0.2168  0.0136 -0.0003  0.3013 0 
 42.6642  0.4986 -1.7641  0.5155  0.5909  0.0826  0.4005  0.3472 -0.0003  0.9956 1 
 37.2442 -0.4860  1.3235  0.1700  0.0777  0.0100  0.2308  0.0767  0.2117  0.9069 1 
 46.2287  0.1617  0.0290  0.0396  0.2188  0.0513  0.3485  0.1144  0.2584  0.6111 0 
 32.2667 -0.1565 -3.1123  0.0105  0.4212  0.0756  0.4326  0.0650 -0.0003  0.2027 0 
 42.8321 -0.7429  0.0638  0.0157  0.4466  0.0145  0.2222  0.0215 -0.0003  0.1014 0 
 33.6217  0.7463 -3.0629  0.0168  0.2372  0.0103  0.1425  0.0030 -0.0003  0.0783 0 
 38.7793 -0.3627  0.4431  0.0390  0.2543  0.0423  0.3196  0.0878 -0.0003  0.2141 0 
 38.6572  0.3682 -2.6257  0.0642  0.3598  0.1046  0.3655  0.0053  0.1441  0.5100 0 
 47.4556 -0.6269 -0.6723  0.0303  0.3083  0.0281  0.3894  0.0775 -0.0003  0.1719 0 
 37.7996  0.6031  2.4535  0.0125  0.4855  0.0398  0.2759  0.1552 -0.0003  0.3016 0 
 49.1310 -0.0233  0.2000  0.0100  0.0355  0.0370  0.3431  0.0244 -0.0003  0.0575 0 
 46.4179  0.0409 -2.9429  0.0166  0.2464  0.0127  0.2611  0.0748 -0.0003  0.0601 0 
 44.6967 -0.2448  0.9397  0.0105  0.3606  0.0367  0.2637  0.0157 -0.0003  0.1381 0 
 44.6174  0.2601 -2.2034  0.0551  0.4627  0.0468  0.3518  0.0403 -0.0003  0.3875 0 
 49.2836  0.6655  0.9590  0.0065  0.5896  0.0620  0.2571  0.0587 -0.0003  0.2772 0 
 35.5535 -0.6559 -2.2035  0.0966  0.4840  0.0365  0.1870  0.0755 -0.0003  0.5035 0 
 45.2491 -0.0971 -1.3887  0.2793  0.5233  0.0273  0.3943  0.5620 -0.0003  0.9955 1 
 38.5504  0.1126  1.7728  0.2362  0.5104  0.0349  0.3659  0.3483 -0.0003  0.9747 1 
 49.0425 -0.4262  1.4319  0.1073  0.4209  0.0502  0.2574  0.1531 -0.0003  0.7436 0 
 45.3254  0.4233 -1.7394  0.0612  0.5795  0.0386  0.3941  0.1207 -0.0003  0.5761 0 
 43.3722  0.4604  1.5550  0.0005  0.5039  0.0508  0.4430  0.1099 -0.0003  0.2086 0 
 40.5798 -0.4425 -1.5659  0.0186  0.0335  0.0640  0.3608  0.1099 -0.0003  0.0937 0 
 44.1474  0.6046 -1.6359  0.0870  0.4676  0.1639  0.4850  0.0803 -0.0003  0.4517 0 
 33.7926 -0.6033  1.5386  0.0556  0.3898  0.0234  0.1423  0.0302 -0.0003  0.1910 0 
 47.9255  0.1801 -2.4108  0.4479  0.4862  0.0234  0.3453  0.5289  0.1623  0.9984 1 
 42.2583 -0.1327  0.7179  0.3375  0.5260  0.1785  0.4015  0.9083 -0.0003  0.9991 1 
 51.7647  0.6501 -1.7648  0.0581  0.5308  0.0116  0.2539  0.0922 -0.0003  0.2026 0 
 44.1230 -0.6299  1.3503  0.0118  0.3907  0.1251  0.3528  0.0113 -0.0003  0.1882 0 
 46.4729 -0.4585  0.7252  0.0000  0.4998  0.0197  0.6090  0.4630 -0.0003  0.7477 1 
 45.5787  0.4531 -2.3961  0.2819  0.7101  0.0274  0.3498  0.2878 -0.0003  0.9704 1 
 46.6773 -0.7489 -0.0358  0.0236  0.4539  0.0336  0.2607  0.0463 -0.0003  0.1733 0 
 45.3376  0.7543  3.1286  0.0047  0.1875  0.0311  0.2627  0.0312 -0.0003  0.0550 0 
 45.5207  0.0882  2.2884  0.1593  0.3325  0.0463  0.3062  0.2517 -0.0003  0.8765 1 
 43.2685 -0.1316 -0.8237  0.1707  0.2909  0.0598  0.3103  0.1653 -0.0003  0.8268 1 
 40.4852  0.5784  0.1326  0.0568  0.0621  0.0430  0.3610  0.1259 -0.0003  0.1413 0 
 38.7274 -0.6358 -2.9402  0.0062  0.3497  0.0713  0.5024  0.0676  0.1266  0.3234 0 
 47.0436  0.2648 -1.9337  0.0723  0.5033  0.0460  0.6071  0.2325 -0.0003  0.7686 1 
 45.4047 -0.2764  1.2227  0.2682  0.7718  0.0637  0.3939  0.1738  0.3871  0.9959 1 
 45.4383  0.6810 -2.3115  0.0473  0.3922  0.0390  0.4813  0.0494 -0.0003  0.3486 0 
 34.5953 -0.6877  0.8136  0.0061  0.3376  0.0708  0.2828  0.0070 -0.0003  0.1858 0 
 41.3153 -0.0796 -3.0872  0.2174  0.3775  0.0635  0.3590  0.2404 -0.0003  0.9528 1 
 39.4903  0.1035  0.0391  0.0273  0.1860  0.0460  0.6360  0.0839 -0.0003  0.2732 1 
 42.5177 -0.3708 -0.4771  0.2463  0.1711  0.0287  0.5789  0.2397 -0.0003  0.9383 1 
 41.3428  0.3990  2.7126  0.0513  0.6016  0.1185  0.5833  0.0777  0.1779  0.6683 1 
 47.6844  0.1171  1.9369  0.0606  0.4592  0.1358  0.5618  0.0479  0.2412  0.6474 0 
 40.5707 -0.1440 -1.2099  0.2260  0.0582  0.0434  0.2706  0.1619 -0.0003  0.6577 0 
 52.9458 -0.4137 -1.2272  0.0246  0.2512  0.0357  0.2103  0.0117 -0.0003  0.1302 0 
 45.5116  0.4050  1.9274  0.0084  0.0622  0.0386  0.2624  0.0290 -0.0003  0.0533 0 
 53.4493 -0.7077  0.4299  0.0636  0.3344  0.0120  0.2099  0.0128 -0.0003  0.1373 0 
 49.6345  0.7071 -2.7691  0.0036  0.1867  0.0637  0.2994  0.0086 -0.0003  0.1018 0 
 48.0781  0.5264  2.4258  0.4116  0.4187  0.0768  0.6037  0.3070 -0.0003  0.9920 1 
 47.2541 -0.5271 -0.7105  0.0098  0.5998  0.1679  0.4331  0.0169  0.6370  0.6623 1 
 48.1056 -0.5347 -2.1635  0.1684  0.4335  0.0445  0.3881  0.2116 -0.0003  0.8992 0 
 46.4057  0.5357  0.9743  0.0143  0.1424  0.0416  0.4787  0.0283 -0.0003  0.1053 0 
 45.4994  0.6560  1.6527  0.0019  0.3007  0.0350  0.3500  0.0798 -0.0003  0.0927 0 
 44.7852 -0.6519 -1.5310  0.0756  0.7617  0.0535  0.3514  0.1605 -0.0003  0.8112 0 
 46.2531 -0.6251 -2.8711  0.0371  0.3484  0.0284  0.3920  0.1508 -0.0003  0.3177 0 
 44.0803  0.4874  0.3054  0.0425  0.5437  0.3635  0.4852  0.0308 -0.0003  0.3080 0 
 49.5430 -0.5949 -1.1179  0.0058  0.3469  0.0402  0.5135  0.1036 -0.0003  0.1982 0 
 47.6753  0.5901  2.0576  0.0289  0.7093  0.1323  0.7347  0.0412 -0.0003  0.3230 0 
 39.3133  0.6650 -3.0862  0.0039  0.0631  0.0761  0.2274  0.1317 -0.0003  0.1059 0 
 35.3460 -0.6822  0.0390  0.0105  0.1137  0.0096  0.0937  0.0057 -0.0003  0.0543 0 
 39.8047 -0.0351 -1.7138  0.2747  0.2865  0.0630  0.2266  0.2137 -0.0003  0.9412 1 
 31.7327  0.0584  1.4759  0.1804  0.2309  0.0278  0.5313  0.2593  0.3192  0.9963 1 
 54.5144  0.6549 -2.3260  0.0056  0.5255  0.0714  0.2088  0.0845 -0.0003  0.3477 0 
 47.1992 -0.6552  0.8110  0.0271  0.2079  0.0143  0.1733  0.0798 -0.0003  0.0809 0 
 46.4454  0.0208  0.5664  0.0698  0.3543  0.0473  0.9137  0.0528 -0.0003  0.6234 0 
 45.7069 -0.0308 -2.5791  0.0763  0.6571  0.0496  0.5243  0.1099 -0.0003  0.6504 0 
 59.4522 -0.6385 -1.9876  0.5769  0.5392  0.0604  0.2453  0.6614 -0.0003  0.9982 1 
 44.6876  0.6264  1.1333  0.0920  0.3518  0.0324  0.5713  0.0803 -0.0003  0.5769 1 
 41.6541  0.6148 -1.8808  0.0362  0.1718  0.0399  0.2239  0.0090 -0.0003  0.1126 0 
 34.9493 -0.5648  1.1810  0.0405  0.3910  0.0954  0.2819  0.0228 -0.0003  0.2932 0 
 48.6671 -0.6247  2.2522  0.0015  0.1776  0.0366  0.4298  0.0414 -0.0003  0.0762 0 
 43.0762  0.6139 -0.9014  0.1077  0.5347  0.0157  0.0444  0.0047 -0.0003  0.3054 0 
 44.1993 -0.4915  2.1780  0.4182  0.6332  0.1646  0.4408  0.2714 -0.0003  0.9971 1 
 36.9726  0.5433 -0.9583  0.0642  0.2876  0.0249  0.2775  0.0910 -0.0003  0.2263 1 
 57.3892 -0.0695 -1.4182  0.0179  0.2316  0.1032  0.3299  0.1339 -0.0003  0.2518 0 
 47.8462  0.0971  1.7382  0.0351  0.1906  0.0412  0.2159  0.0412 -0.0003  0.1186 0 
 46.0090 -0.7403  1.4300  0.0635  0.2642  0.0344  0.4362  0.2841 -0.0003  0.5980 1 
 43.1281  0.7485 -1.6986  0.3613  0.5483  0.0575  0.3549  0.3486 -0.0003  0.9930 1 
 44.4648  0.1453  2.3808  0.0901  0.1749  0.0080  0.2640  0.0301 -0.0003  0.1039 0 
 42.6032 -0.1369 -0.7808  0.0115  0.0869  0.0354  0.1780  0.0180 -0.0003  0.0593 0 
 57.5326 -0.0860 -3.0776  0.1077  0.2461  0.0352  0.2060  0.0972 -0.0003  0.4201 0 
 43.5126  0.0716  0.0679  0.1548  0.4985  0.0239  0.2656  0.2668 -0.0003  0.8095 0 
 42.1424 -0.2604 -1.8252  0.0109  0.6179  0.0468  0.6696  0.0374 -0.0003  0.2384 0 
 41.1322  0.2527  1.3265  0.0105  0.4734  0.0358  0.4493  0.0488  0.2430  0.5400 0 
 50.4982 -0.6260 -0.8509  0.0560  0.3704  0.0388  0.2981  0.0403 -0.0003  0.2917 0 
 32.5628  0.6454  2.3249  0.0338  0.2010  0.0138  0.2397  0.0323 -0.0003  0.0597 0 
 57.5021  0.7711  1.3464  0.0190  0.3202  0.0223  0.2473  0.0065 -0.0003  0.1045 0 
 47.8401 -0.7721 -1.8090  0.1212  0.1535  0.0194  0.2159  0.0668 -0.0003  0.2002 0 
 49.9702 -0.5321 -1.1852  0.0335  0.4586  0.0464  0.2135  0.0165 -0.0003  0.3064 0 
 45.5482  0.5034  1.9265  0.0125  0.5464  0.1031  0.2624  0.0019 -0.0003  0.2081 0 
 45.4414 -0.4818 -0.8452  0.0223  0.3060  0.1679  0.4376  0.1076 -0.0003  0.2971 1 
 35.9014  0.4971  2.3384  0.6026  0.3641  0.0676  0.3265  0.4648 -0.0003  0.9973 1 
 45.1881 -0.5521  0.9469  0.0457  0.4789  0.0144  0.3506  0.0226 -0.0003  0.1727 0 
 37.6379  0.5413 -2.1918  0.0415  0.1769  0.0489  0.5063  0.0665 -0.0003  0.2382 0 
 49.4911 -0.2311 -1.3756  0.0035  0.0422  0.0047  0.0856  0.0379 -0.0003  0.0428 0 
 46.3233  0.2584  1.7497  0.0388  0.3586  0.0864  0.2612  0.0822 -0.0003  0.3884 0 
 45.9846  0.7964  2.7076  0.1154  0.4172  0.1458  0.8288  0.0583 -0.0003  0.6817 0 
 43.1189 -0.8120 -0.4603  0.0359  0.4588  0.0410  0.3106  0.0195 -0.0003  0.2692 0 
 52.5368 -0.5477 -1.8098  0.0792  0.7755  0.0960  0.7588  0.1807 -0.0003  0.8342 1 
 45.3101  0.5307  1.2828  0.4824  0.6556  0.0339  0.3941  0.5247 -0.0003  0.9975 1 
 43.8148  0.7022  1.6990  0.0045  0.8467  0.0249  0.5744  0.0241 -0.0003  0.2054 0 
 42.9114 -0.6808 -1.4639  0.1789  0.0661  0.0404  0.4887  0.1592 -0.0003  0.6432 0 
 45.1576 -0.4488  2.9113  0.0478  0.3200  0.0160  0.4821  0.0949 -0.0003  0.2828 0 
 43.7201  0.4410 -0.2227  0.0170  0.0750  0.0170  0.3095  0.0681 -0.0003  0.0433 0 
 48.9387 -0.6954  3.1233  0.0476  0.1849  0.0506  0.1717  0.0257 -0.0003  0.1819 0 
 42.8016  0.7031 -0.0152  0.0210  0.3449  0.0145  0.2223  0.1173 -0.0003  0.1233 0 
 45.9998  0.7362  2.1797  0.0386  0.6610  0.1914  0.5234  0.0447 -0.0003  0.3198 1 
 45.3315 -0.7227 -0.9764  0.2722  0.3675  0.1625  0.2627  0.2458 -0.0003  0.9874 1 
 66.4744 -0.0019  1.0366  0.0007  0.0570  0.0685  0.4377  0.0322 -0.0003  0.0662 0 
 49.7566  0.0030 -2.1153  0.0140  0.3877  0.0123  0.2564  0.0499 -0.0003  0.0784 0 
 47.8950 -0.4793  2.4578  0.0035  0.4282  0.0769  0.3453  0.1121 -0.0003  0.2426 0 
 45.3437  0.4647 -0.6738  0.1019  0.0844  0.0095  0.3065  0.0712 -0.0003  0.0980 0 
 48.2185 -0.1374 -1.2861  0.0050  0.3858  0.0715  0.5601  0.0141  0.0665  0.2277 0 
 36.8231  0.1175  1.8655  0.0105  0.0376  0.0195  0.0926  0.0117 -0.0003  0.0598 0 
 53.1044  0.2409 -1.3336  0.0257  0.4878  0.2147  0.6726  0.0128 -0.0003  0.2963 0 
 42.9786 -0.3048  1.7711  0.1183  0.7069  0.0168  0.3553  0.0496 -0.0003  0.5595 0 
 46.6316  0.5252 -2.5966  0.0129  0.2247  0.1867  0.5216  0.0064 -0.0003  0.1873 0 
 25.6016 -0.4996  0.5294  0.1740  0.2425  0.0271  0.5150  0.3532  0.2028  0.9789 0 
 45.3407 -0.3729 -0.4451  0.0685  0.3698  0.0125  0.2189  0.1120 -0.0003  0.1974 0 
 36.8841  0.3553  2.6873  0.0028  0.3583  0.0792  0.4166  0.1457  0.1861  0.4987 0 
 51.5328 -0.7115 -1.7752  0.0303  0.2981  0.1312  0.5931  0.0191 -0.0003  0.2694 0 
 45.9754  0.7300  1.4051  0.0073  0.3688  0.0646  0.3490  0.1337  0.4158  0.7883 0 
 41.9867  0.6705  2.1689  0.0005  0.5860  0.0170  0.2681  0.0128  0.0762  0.1667 0 
 34.1436 -0.6475 -0.9601  0.0178  0.4693  0.0350  0.1892  0.0147 -0.0003  0.2115 0 
 46.8574  0.0371  2.1117  0.0021  0.0877  0.0354  0.3907  0.0158 -0.0003  0.0590 0 
 46.3325 -0.0381 -1.0186  0.0173  0.2778  0.1003  0.3047  0.0139 -0.0003  0.1744 0 
 46.8544 -0.4065 -0.8893  0.1024  0.1944  0.0905  0.3473  0.0861 -0.0003  0.4638 1 
 40.5615  0.4220  2.2477  0.1470  0.1522  0.0675  0.4059  0.1601 -0.0003  0.6975 1 
 51.9936  0.7513  1.9892  0.1817  0.7082  0.0289  0.4649  0.3469 -0.0003  0.9622 0 
 41.5839 -0.7097 -1.1580  0.1269  0.3662  0.1407  0.5376  0.0488 -0.0003  0.5238 0 
 51.2917 -0.2998  3.0681  0.0172  0.0775  0.0745  0.2969  0.0505 -0.0003  0.0778 0 
 47.6600  0.2903 -0.0839  0.0269  0.2794  0.0617  0.2161  0.0071 -0.0003  0.2331 0 
 52.8359  0.5553  1.9705  0.0052  0.6191  0.0732  0.2947  0.0174 -0.0003  0.2159 0 
 36.6735 -0.5537 -1.1622  0.0229  0.5093  0.0078  0.1391  0.0255 -0.0003  0.1175 0 
 49.1096  0.5677 -2.5977  0.0030  0.3330  0.0724  0.3431  0.0899 -0.0003  0.1803 0 
 48.3070 -0.5626  0.5097  0.0326  0.2229  0.0714  0.4307  0.0102 -0.0003  0.1915 0 
 47.0161 -0.1997 -0.2468  0.0211  0.5542  0.0490  0.6506  0.2187 -0.0003  0.5052 1 
 43.0945  0.2294  2.8660  0.1252  0.3936  0.0390  0.7100  0.1663  0.1804  0.9182 1 
 46.1158 -0.3477  0.0080  0.0866  0.2641  0.0050  0.1744  0.0529 -0.0003  0.1253 0 
 40.0000  0.3560 -3.1326  0.0685  0.3774  0.0269  0.2716  0.0236 -0.0003  0.2556 0 
 42.1759 -0.4488 -0.0621  0.1457  0.1070  0.0260  0.4017  0.1638 -0.0003  0.5251 0 
 42.0844  0.4154  3.0782  0.0588  0.7957  0.0109  0.1786  0.0438 -0.0003  0.2378 0 
 43.4546  0.5452 -1.3403  0.1760  0.4794  0.0167  0.2656  0.2307 -0.0003  0.7393 0 
 36.4996 -0.4812  1.7957  0.1126  0.1531  0.0599  0.4642  0.1340 -0.0003  0.5629 0 
 56.1959 -0.7180 -2.2524  0.0127  0.3386  0.0242  0.3731  0.0119 -0.0003  0.1068 0 
 44.3885  0.7006  0.8813  0.0263  0.3620  0.0112  0.1761  0.0242 -0.0003  0.1010 0 
 45.2186 -0.0819 -3.0386  0.0063  0.1780  0.0144  0.2629  0.0108 -0.0003  0.0417 0 
 43.7842  0.1059  0.0932  0.0655  0.6900  0.0305  0.3977  0.0766  0.1173  0.6397 0 
 45.6672 -0.6570  1.0227  0.1308  0.7097  0.0529  0.4370  0.1849 -0.0003  0.9115 0 
 41.1231  0.6901 -2.1065  0.0691  0.2666  0.0559  0.2247  0.1197 -0.0003  0.4635 0 
 48.9693  0.3823 -2.2789  0.0895  0.3620  0.0517  0.3004  0.0805 -0.0003  0.5342 0 
 46.2348 -0.3643  0.8528  0.0104  0.5310  0.0360  0.3049  0.0046 -0.0003  0.1961 0 
 47.7699 -0.5014 -1.7840  0.0272  0.0740  0.0670  0.2160  0.3162 -0.0003  0.3460 0 
 45.1514  0.4831  1.3562  0.0350  0.4763  0.0504  0.4821  0.1252 -0.0003  0.4192 0 
 54.8196  0.7908  2.8864  0.0023  0.5231  0.0635  0.1668  0.0292 -0.0003  0.3173 0 
 44.4465 -0.7951 -0.3175  0.0030  0.1811  0.0370  0.3521  0.1787 -0.0003  0.1423 0 
 38.2116  0.1062 -1.1045  0.0737  0.5984  0.0471  0.1833  0.0524 -0.0003  0.5510 1 
 28.7602 -0.0592  2.0467  0.0637  0.3850  0.0409  0.3978  0.0627  0.1405  0.6137 1 
 64.6159 -0.1088  2.2706  0.0016  0.2503  0.0233  0.1603  0.0136 -0.0003  0.0791 0 
 38.5840  0.1136 -0.8588  0.0290  0.4719  0.0191  0.1829  0.0168 -0.0003  0.1453 0 
 46.8055 -0.7414  1.7150  0.1706  0.4078  0.0797  0.5645  0.0417 -0.0003  0.6567 1 
 45.8686  0.7510 -1.4291  0.0728  0.4942  0.0231  0.3056  0.1074 -0.0003  0.3726 1 
 50.8583 -0.1180  2.5402  0.0117  0.0964  0.0454  0.2976  0.2042  0.1893  0.4312 0 
 38.9136  0.1289 -0.5846  0.0056  0.5511  0.1470  0.5474  0.0040 -0.0003  0.2191 0 
 59.0921  0.2521  1.5053  0.0000  0.2649  0.0482  0.0409  0.0042 -0.0003  0.2811 0 
 47.0344 -0.2771 -1.7128  0.0605  0.4804  0.1593  0.5204  0.0992 -0.0003  0.4127 0 
 48.2094 -0.6742 -0.3355  0.0981  0.0984  0.0232  0.2155  0.0215 -0.0003  0.0978 0 
 47.8798  0.6674  2.7803  0.0282  0.2607  0.0647  0.3885  0.0261 -0.0003  0.1937 0 
 47.6265 -0.1943  1.7707  0.1277  0.2068  0.0645  0.3891  0.0443 -0.0003  0.4540 0 
 43.6408  0.1957 -1.3569  0.0453  0.3960  0.0385  0.4865  0.0938 -0.0003  0.3976 0 
 42.3499  0.4260  1.9460  0.0347  0.6814  0.0962  0.9362  0.1321  0.0439  0.6325 1 
 40.1587 -0.4316 -1.1132  0.2798  0.6916  0.0491  0.4070  0.3227  0.1478  0.9824 1 
 47.6661 -0.7949  1.1810  0.1264  0.3087  0.0494  0.5186  0.1953 -0.0003  0.8205 1 
 44.9378  0.8093 -1.9752  0.1866  0.6751  0.0690  0.3950  0.2650 -0.0003  0.9744 1 
 40.4364 -0.7927  2.4598  0.0656  0.3786  0.0633  0.4062  0.1113 -0.0003  0.5198 1 
 39.4720  0.8045 -0.4823  0.0346  0.5513  0.0592  0.6361  0.0309  0.0761  0.4311 1 
 48.8991  0.1288  2.8424  0.0249  0.4632  0.1600  0.4293  0.0668 -0.0003  0.2791 0 
 40.2258 -0.1139 -0.3005  0.0179  0.6445  0.0143  0.4068  0.0556 -0.0003  0.1406 0 
 46.4057  0.4164 -1.2279  0.0220  0.0268  0.0240  0.2611  0.0158 -0.0003  0.0476 0 
 43.9216 -0.4033  1.9288  0.0570  0.5193  0.0133  0.2649  0.1599 -0.0003  0.2764 0 
 49.7902  0.6492 -1.8265  0.0008  0.3053  0.0915  0.5556  0.0490 -0.0003  0.1670 0 
 49.7078 -0.6717  1.3171  0.0211  0.1805  0.2313  0.3848  0.0078  0.7199  0.5104 0 
 48.0446  0.5104  1.5591  0.0151  0.2659  0.0645  0.2157  0.1032 -0.0003  0.2446 0 
 45.5970 -0.5052 -1.6149  0.0146  0.2139  0.3180  0.4372  0.0161 -0.0003  0.2021 0 
 46.0761 -0.0754  0.5021  0.3462  0.7455  0.0301  0.5668  0.4487 -0.0003  0.9926 1 
 44.7150  0.0845 -2.6185  0.0114  0.1418  0.0861  0.3955  0.1219 -0.0003  0.1354 1 
 39.9878  0.5589  2.1164  0.0664  0.3971  0.0374  0.5433  0.2209 -0.0003  0.6772 1 
 30.0969 -0.5213 -1.1016  0.0636  0.3702  0.0383  0.2943  0.0726  0.2114  0.6899 1 
 53.4676  0.0283  0.2066  0.0154  0.1952  0.0347  0.1259  0.0029 -0.0003  0.1210 0 
 42.1210 -0.0055 -2.9304  0.0564  0.2064  0.0151  0.1339  0.0344 -0.0003  0.1121 0 
 52.0851 -0.6898 -1.1105  0.0100  0.4625  0.1064  0.5070  0.0751 -0.0003  0.2324 0 
 44.0345  0.7162  2.0356  0.0214  0.4327  0.0836  0.4412  0.0759 -0.0003  0.2588 0 
 45.2888 -0.3944 -1.6804  0.1029  0.5986  0.1399  0.4818  0.1153 -0.0003  0.6318 0 
 45.0965  0.3338  1.4520  0.0211  0.3080  0.2137  0.4823  0.1315  0.2672  0.6088 0 
 47.9072  0.1013  1.3042  0.2222  0.2459  0.0665  0.3885  0.0610  0.0879  0.8024 1 
 46.9520 -0.0978 -1.8327  0.8116  0.4453  0.1552  0.3037  0.2316  0.7096  0.9984 1 
 52.6314 -0.2952  2.0546  0.0063  0.1690  0.0630  0.3371  0.2075 -0.0003  0.2272 0 
 47.3701  0.2686 -1.0797  0.2942  0.7634  0.0127  0.2597  0.2374 -0.0003  0.9504 0 
 50.9102  0.6714 -3.0135  0.0047  0.4337  0.0645  0.5099  0.0535 -0.0003  0.1814 0 
 45.2735 -0.6677  0.1440  0.0392  0.1319  0.0341  0.2190  0.0650 -0.0003  0.0834 0 
 45.4261  0.1276 -1.8375  0.0171  0.1670  0.0555  0.3501  0.0175 -0.0003  0.1052 0 
 45.3376 -0.1139  1.3141  0.0010  0.2168  0.0309  0.3940  0.2482 -0.0003  0.2390 0 
 47.9469  0.4707 -2.2059  0.0255  0.0687  0.0479  0.4747  0.1247 -0.0003  0.1347 0 
 44.7944 -0.4653  0.9356  0.0519  0.1792  0.0401  0.3953  0.0335 -0.0003  0.1790 0 
 48.5054  0.4328  1.7603  0.0269  0.4349  0.1430  0.5593  0.0312 -0.0003  0.2663 0 
 45.0599 -0.4759 -1.3992  0.0602  0.2929  0.0129  0.3508  0.0628  0.1895  0.6245 0 
 50.1076 -0.7356  1.8660  0.0107  0.2346  0.0332  0.3840  0.0539 -0.0003  0.0903 0 
 45.0996  0.7290 -1.2779  0.0058  0.3653  0.0258  0.4823  0.0568 -0.0003  0.1307 0 
 49.1585  0.3830 -2.2195  0.0237  0.4954  0.0171  0.1715  0.0034 -0.0003  0.1519 0 
 43.1434 -0.3726  0.9048  0.0046  0.4267  0.0345  0.3549  0.0082 -0.0003  0.1413 0 
 51.6670  0.7219 -1.2953  0.0779  0.0744  0.0465  0.2540  0.0325 -0.0003  0.0968 0 
 45.7160 -0.6893  1.8300  0.0303  0.2745  0.0623  0.3058  0.0063 -0.0003  0.2095 0 
 53.3272 -0.3655 -0.0352  0.0221  0.4062  0.0695  0.6299  0.0135 -0.0003  0.2507 0 
 40.4944  0.3521  3.1344  0.0101  0.3586  0.0319  0.1805  0.0602 -0.0003  0.1311 0 
 39.4720  0.7210 -1.5252  0.0038  0.7759  0.0542  0.6361  0.0833 -0.0003  0.2888 0 
 39.0784 -0.7347  1.6002  0.0612  0.3600  0.0238  0.3645  0.1137  0.1096  0.5767 0 
 47.8798 -0.6589  1.4517  0.2630  0.6862  0.0515  0.2158  0.1419 -0.0003  0.9271 0 
 43.3570  0.6508 -1.6957  0.0103  0.1270  0.0714  0.4430  0.1153 -0.0003  0.1271 0 
 51.1208 -0.4650 -2.1096  0.6870  0.6048  0.0542  0.5943  0.6850 -0.0003  0.9980 1 
 33.2799  0.4816  1.0397  0.1718  0.7433  0.0080  0.1906  0.0021 -0.0003  0.6737 1 
 39.4873 -0.6766  0.2413  0.0659  0.1891  0.1193  0.6814  0.0910 -0.0003  0.5144 0 
 38.7427  0.6913 -2.8502  0.1077  0.1715  0.0392  0.3653  0.0349 -0.0003  0.3073 0 
 49.3294 -0.6306 -0.6930  0.0137  0.4928  0.0871  0.2998  0.0087 -0.0003  0.2093 0 
 42.6978  0.5905  2.4694  0.0142  0.1894  0.0179  0.2669  0.0692 -0.0003  0.0506 0 
 53.9132 -0.3167 -1.2663  0.0107  0.2747  0.0290  0.3350  0.1020  0.0994  0.2966 0 
 36.4660  0.2951  1.9005  0.0093  0.3763  0.0645  0.5108  0.0331 -0.0003  0.1840 0 
 46.1738 -0.2946  2.2250  0.0264  0.4081  0.1114  0.1307  0.0036 -0.0003  0.3056 1 
 24.0970  0.1788 -0.8740  0.0559  0.3784  0.0558  0.3674  0.0341 -0.0003  0.3560 1 
 44.1413 -0.6909 -2.8113  0.0603  0.5543  0.0600  0.6173  0.0323 -0.0003  0.4072 1 
 42.5727  0.6866  0.2803  0.1858  0.0432  0.1225  0.2226  0.1970 -0.0003  0.6535 1 
 45.4322 -0.4790 -0.2616  0.0615  0.4522  0.0241  0.3501  0.0698 -0.0003  0.3043 0 
 44.4465  0.4925  2.8538  0.0551  0.1061  0.0524  0.2641  0.0473 -0.0003  0.1115 0 
 45.8564  0.6326 -0.0192  0.0615  0.8702  0.0893  0.5239  0.1187 -0.0003  0.6610 1 
 40.1068 -0.6259  3.1186  0.0806  0.4728  0.0468  0.3619  0.0735  0.2975  0.8842 1 
 56.5286  0.3476 -2.4356  0.0330  0.0698  0.0190  0.1656  0.0002 -0.0003  0.0544 0 
 44.2359 -0.3643  0.7118  0.0043  0.1020  0.0923  0.2644  0.0269 -0.0003  0.0722 0 
 51.2367 -0.1283  0.0765  0.0799  0.4313  0.0493  0.4667  0.0766 -0.0003  0.5374 1 
 40.8057  0.2076 -3.0343  0.0180  0.6488  0.0542  0.4953  0.1668 -0.0003  0.4452 1 
 45.9022  0.4720 -1.7028  0.0633  0.4918  0.0190  0.5237  0.1518 -0.0003  0.5799 1 
 42.4170 -0.4775  1.4414  0.3871  0.4810  0.0762  0.4902  0.3549 -0.0003  0.9946 1 
 48.0598 -0.0469  0.2723  0.0238  0.2726  0.0527  0.3019  0.0095 -0.0003  0.1762 0 
 46.7994  0.0382 -2.9105  0.0071  0.1083  0.0401  0.3474  0.0107  0.1010  0.1196 0 
 50.5348 -0.5403 -2.5849  0.0572  0.6429  0.0453  0.3406  0.0728 -0.0003  0.5072 0 
 47.2297  0.5565  0.5136  0.1918  0.4976  0.0396  0.3899  0.2084  0.0819  0.9020 0 
 53.8674 -0.2013 -0.5827  0.0341  0.5061  0.0515  0.2932  0.0441  0.3503  0.8921 0 
 50.5043  0.1981  2.5756  0.0546  0.0854  0.0339  0.3406  0.1454 -0.0003  0.1582 0 
 49.1249 -0.5257  2.4040  0.0810  0.2465  0.0710  0.5146  0.0844 -0.0003  0.4843 1 
 48.8197  0.5511 -0.7249  0.2478  0.4035  0.0896  0.3865  0.3868 -0.0003  0.9932 1 
 51.7372 -0.5516  1.5819  0.0040  0.2521  0.0450  0.3809  0.0142 -0.0003  0.1079 0 
 46.7353  0.5594 -1.5565  0.0358  0.4445  0.0596  0.0869  0.0193 -0.0003  0.4279 0 
 49.0517 -0.4054  0.0363  0.0104  0.4201  0.0265  0.0858  0.0049 -0.0003  0.2226 0 
 46.7964  0.4058 -3.1029  0.0177  0.2347  0.0238  0.2171  0.0115 -0.0003  0.0781 0 
 50.9010  0.0255  1.0275  0.0372  0.3762  0.1177  0.3399 -0.0200 -0.0003  0.2189 1 
 48.2826 -0.0366 -2.1105  0.3767  0.4067  0.1274  0.3446  0.2868  0.2513  0.9946 1 
 51.4504 -0.1421  2.5363  0.0910  0.2735  0.0756  0.5085  0.0899 -0.0003  0.5336 1 
 26.2058  0.1917 -0.5754  0.1950  0.1424  0.0210  0.2557  0.1690  0.2774  0.9899 1 
 49.6986  0.5984  1.8129  0.0000  0.5049  0.0072  0.0428  0.1141 -0.0003  0.1259 0 
 37.3144 -0.5782 -1.3487  0.0090  0.2309  0.0262  0.3230  0.0064 -0.0003  0.0722 0 
 46.6682  0.1198 -1.7104  0.0394  0.4146  0.0604  0.5649  0.0932 -0.0003  0.3930 1 
 42.8321 -0.1121  1.4433  0.2517  0.3042  0.0289  0.2222  0.3895 -0.0003  0.9528 1 
 53.5775 -0.5925  2.3053  0.0139  0.5960  0.0612  0.4614  0.0357 -0.0003  0.2160 0 
 38.6694  0.5796 -0.8124  0.1488  0.3472  0.0602  0.4112  0.1061  0.2465  0.9070 0 
 49.0730 -0.3016  1.0411  0.0301  0.2494  0.0592  0.4289  0.0902 -0.0003  0.2466 0 
 47.2816  0.3083 -2.0851  0.0148  0.3682  0.0239  0.3031  0.0560 -0.0003  0.0970 0 
 46.3294 -0.4098  1.1835  0.2883  0.7053  0.0639  0.4354  0.3091 -0.0003  0.9880 1 
 42.6215  0.3936 -1.9655  0.1051  0.0827  0.0274  0.3116  0.1749  0.0737  0.4770 1 
 50.3944  0.2205  2.0474  0.0411  0.2968  0.0537  0.4686  0.0172 -0.0003  0.2644 0 
 37.3877 -0.2234 -1.0859  0.0135  0.2240  0.0261  0.1383  0.0046 -0.0003  0.1050 0 
 43.6042 -0.4410  2.7929  0.0029  0.6157  0.1303  0.5751  0.0292 -0.0003  0.2340 0 
 38.0377  0.4280 -0.3641  0.0923  0.3938  0.0283  0.3213  0.0723 -0.0003  0.4231 0 
 46.6773  0.0830  1.3462  0.0478  0.1544  0.0489  0.3042  0.1546 -0.0003  0.2691 1 
 39.9146 -0.1027 -1.8153  0.4961  0.4907  0.0186  0.3171  0.4235 -0.0003  0.9963 1 
 48.5115 -0.3996 -0.1329  0.0074  0.5876  0.1023  0.3872  0.0071 -0.0003  0.1975 0 
 41.6419  0.3865  3.0011  0.0309  0.4892  0.0323  0.3583  0.0329 -0.0003  0.2233 0 
 51.8227  0.5055 -3.0556  0.0220  0.1264  0.0637  0.2961  0.0190 -0.0003  0.0942 0 
 45.9174 -0.5153  0.1246  0.0242  0.2944  0.0417  0.6109  0.0253 -0.0003  0.2490 0 
 46.8177  0.0514  2.9797  0.0132  0.3146  0.0263  0.3908  0.0233 -0.0003  0.1054 0 
 45.1209 -0.0318 -0.2125  0.0048  0.0649  0.0418  0.2630  0.0545  0.0782  0.1069 0 
 50.9895  0.0368 -1.9923  0.0091  0.1794  0.0936  0.2548  0.0073 -0.0003  0.1167 0 
 46.8727 -0.0598  1.2027  0.0150  0.6018  0.1301  0.8681  0.0096 -0.0003  0.2919 0 
 51.2764 -0.5685 -2.0356  0.0040  0.2556  0.0696  0.3817  0.0479 -0.0003  0.1291 0 
 47.6295  0.5623  1.1061  0.0467  0.7226  0.0930  0.3458  0.0661 -0.0003  0.4197 0 
 51.3863 -0.6607 -0.9678  0.0473  0.6758  0.0760  0.5935  0.0904 -0.0003  0.4369 0 
 44.7883  0.6526  2.1359  0.0950  0.3620  0.0598  0.4392  0.1817 -0.0003  0.7362 0 
 48.9082 -0.7251 -1.6367  0.1327  0.2149  0.0616  0.3864  0.2289  0.0211  0.8266 1 
 45.4627  0.7118  1.4636  0.6383  0.2634  0.0576  0.3500  0.8632 -0.0003  0.9979 1 
 45.4170  0.5077  2.7702  0.0466  0.0852  0.0223  0.1751  0.0554 -0.0003  0.0560 0 
 45.0935 -0.5076 -0.4020  0.0016  0.1621  0.0223  0.2631  0.0182 -0.0003  0.0434 0 
 46.5919  0.7933  2.2844  0.0058  0.4989  0.0121  0.2173  0.0045 -0.0003  0.1047 0 
 41.1048 -0.7874 -0.8701  0.0262  0.1943  0.0349  0.3146  0.0831  0.1778  0.4246 0 
 48.8411 -0.6642 -0.0989  0.0370  0.5639  0.0609  0.3006  0.0490 -0.0003  0.3718 0 
 48.7556  0.6756  3.0269  0.0365  0.2215  0.2498  0.6445  0.0162 -0.0003  0.3162 0 
 45.3407  0.0671 -1.9945  0.1347  0.2653  0.1189  0.7005  0.1226  0.4937  0.9485 1 
 40.7874 -0.0533  1.1272  0.1857  0.3843  0.0771  0.3152  0.2227 -0.0003  0.9370 1 
 48.4718 -0.6166 -2.1491  0.3561  0.4658  0.0551  0.3012  0.2276 -0.0003  0.9735 1 
 47.3701  0.6137  0.9588  0.4589  0.4729  0.0593  0.4762  0.4688 -0.0003  0.9967 1 
 58.6648 -0.4551  0.0051  0.0386  0.0584  0.1200  0.4511  0.0386 -0.0003  0.0864 0 
 45.6580  0.4727  3.1256  0.0005  0.2764  0.1968  0.3933  0.0402 -0.0003  0.1816 0 
 47.8187 -0.2430  2.2059  0.0813  0.3622  0.1153  0.3886  0.1092 -0.0003  0.5298 0 
 42.5666  0.2531 -0.9325  0.0691  0.1694  0.1312  0.4452  0.0554  0.2354  0.5111 0 
 45.1453  0.5430 -3.0574  0.0317  0.2195  0.0204  0.0877  0.0206 -0.0003  0.1314 0 
 29.9809 -0.5288 -0.0116  0.0193  0.1954  0.1573  0.4911  0.0145 -0.0003  0.1707 0 
 49.0669 -0.3696  2.6911  0.0441  0.0849  0.1471  0.2145  0.1192 -0.0003  0.1634 0 
 46.8879  0.3676 -0.4647  0.0563  0.2629  0.0590  0.2170  0.2459 -0.0003  0.5749 0 
 49.0791  0.4966  1.1811  0.1655  0.2203  0.2165  0.3860  0.1269 -0.0003  0.7183 0 
 42.3255 -0.5026 -1.9962  0.2201  0.4540  0.0226  0.2229  0.1631 -0.0003  0.7217 0 
 53.3974 -0.2767  2.6035  0.0494  0.2699  0.0396  0.3778  0.1649 -0.0003  0.3946 0 
 51.6945  0.2654 -0.5258  0.0261  0.3754  0.0533  0.3810  0.0644 -0.0003  0.2470 0 
 48.0690  0.7664  3.0838  0.0181  0.3990  0.1333  0.7331  0.2582 -0.0003  0.6117 0 
 46.0822 -0.7967  0.0068  0.0220  0.5011  0.0434  0.2180  0.0617 -0.0003  0.2458 0 
 44.9165 -0.7508 -1.1525  0.0104  0.6005  0.2155  0.5267  0.0429 -0.0003  0.2675 0 
 40.1770  0.7193  1.9403  0.0958  0.1969  0.0296  0.0905  0.0599 -0.0003  0.2672 0 
 36.7773 -0.7002  1.0872  0.3917  0.5937  0.0436  0.2780  0.3323  0.3613  0.9986 1 
 33.5698  0.7172 -1.9706  0.1580  0.4834  0.1121  0.3802  0.2095  0.5824  0.9966 1 
 42.3987 -0.2091  3.1067  0.0484  0.1415  0.0374  0.3566  0.0158 -0.0003  0.1216 0 
 41.9776  0.2273 -0.0380  0.0050  0.1256  0.0307  0.3128  0.0073 -0.0003  0.0550 0 
 44.4038  0.5194 -0.8561  0.0056  0.2455  0.0546  0.1321  0.0076 -0.0003  0.1879 0 
 44.3519 -0.5496  2.4114  0.1015  0.4918  0.0094  0.2642  0.1533 -0.0003  0.3879 0 
 44.9226 -0.4760  2.0481  0.2633  0.3228  0.0491  0.3511  0.3262  0.3044  0.9979 1 
 41.3794  0.4903 -1.1143  0.0268  0.4327  0.0477  0.2243  0.0020 -0.0003  0.2895 1 
 54.2153  0.6874 -0.0284  0.0116  0.5429  0.0624  0.2927  0.0560 -0.0003  0.2575 0 
 45.0721 -0.6780  3.1388  0.0089  0.5183  0.0097  0.1316  0.0407 -0.0003  0.1123 0 
 45.8198  0.1146 -1.1098  0.1498  0.3496  0.0201  0.4803  0.1839 -0.0003  0.7885 0 
 44.3153 -0.1161  2.0311  0.0490  0.1731  0.0587  0.1762  0.1454 -0.0003  0.3547 0 
 47.4342 -0.5581  2.7173  0.0823  0.1765  0.0609  0.2596  0.1596 -0.0003  0.4810 0 
 40.2686  0.5563 -0.4618  0.0051  0.3714  0.0216  0.3163  0.1332 -0.0003  0.1209 0 
 43.5920 -0.3115  1.0630  0.0636  0.8157  0.0373  0.6636  0.0627  0.1760  0.7270 0 
 41.1170  0.3184 -2.0815  0.0563  0.5554  0.0452  0.4493  0.1086 -0.0003  0.5349 0 
 41.9959 -0.1713  2.4882  0.4316  0.4341  0.0761  0.4022  0.3248 -0.0003  0.9940 1 
 35.2605  0.1436 -0.6199  0.0616  0.4528  0.0701  0.6093  0.1965 -0.0003  0.6665 1 
 44.0162 -0.3955  2.0507  0.0343  0.1002  0.1126  0.4854  0.0447 -0.0003  0.1326 0 
 41.7487  0.3932 -1.1016  0.0015  0.5644  0.0309  0.2685  0.0219 -0.0003  0.1418 0 
 51.0872  0.7656 -2.3762  0.0323  0.5729  0.1165  0.7218  0.0159 -0.0003  0.3017 0 
 45.2003 -0.7918  0.6955  0.0038  0.0919  0.0313  0.2191  0.0097 -0.0003  0.0522 0 
 47.2450  0.5080  0.5842  0.0528  0.0320  0.0121  0.2599  0.0151 -0.0003  0.0425 0 
 43.1952 -0.4897 -2.5679  0.0401  0.5358  0.0538  0.3991  0.0762 -0.0003  0.3859 0 
 47.1778 -0.0924 -1.9339  0.0103  0.1269  0.0523  0.6066  0.1253 -0.0003  0.1855 0 
 45.1087  0.0823  1.1908  0.0041  0.3215  0.0349  0.3507  0.0917  0.0430  0.1869 0 
 51.0506  0.7677  2.7813  0.0058  0.1687  0.1893  0.3397  0.0646 -0.0003  0.1291 0 
 41.7731 -0.7613 -0.3679  0.0859  0.5927  0.0242  0.4027  0.1065  0.1623  0.7013 0 
 48.9815  0.6882 -1.9203  0.0410  0.3718  0.0510  0.5579  0.0412 -0.0003  0.3370 0 
 44.7456 -0.6688  1.2443  0.0092  0.2310  0.0230  0.2197  0.1148 -0.0003  0.0910 0 
 50.4128  0.5413 -3.0354  0.0252  0.4575  0.0336  0.2982  0.0236 -0.0003  0.1902 0 
 48.0262 -0.5316  0.1072  0.0052  0.6842  0.0180  0.4745  0.0489 -0.0003  0.1374 0 
 50.3487 -0.5802 -0.0036  0.5447  0.2697  0.1645  0.4688  0.6090 -0.0003  0.9984 1 
 29.4255  0.6161  3.1191  0.1387  0.3947  0.0182  0.2963  0.2458  0.1329  0.8484 1 
 39.3805 -0.4936  0.7982  0.0191  0.2002  0.0144  0.2273  0.0309 -0.0003  0.0494 0 
 37.7539  0.5073 -2.3514  0.0833  0.4301  0.0212  0.1380  0.0314 -0.0003  0.2405 0 
 49.4118 -0.7568  1.2670  0.1435  0.5911  0.1002  0.3854  0.2153 -0.0003  0.9391 0 
 46.5980  0.7531 -1.9063  0.0915  0.5533  0.0561  0.2608  0.3170 -0.0003  0.8834 0 
 45.0568 -0.0841 -1.9524  0.7282  0.7680  0.0119  0.3508  0.7778 -0.0003  0.9982 1 
 42.0600  0.0743  1.1881  0.2179  0.2436  0.0597  0.2680  0.1618 -0.0003  0.8495 1 
 46.3142  0.4954 -0.4370  0.0060  0.1212  0.1137  0.2612  0.0737 -0.0003  0.0835 0 
 43.4119 -0.4957  2.6890  0.1108  0.2166  0.0396  0.3986  0.0428 -0.0003  0.3947 0 
 45.0019 -0.6454 -2.0542  0.0221  0.2326  0.0514  0.3948  0.0185 -0.0003  0.1517 0 
 29.5323  0.6327  1.1692  0.0546  0.5804  0.0294  0.1973  0.0229 -0.0003  0.2800 0 
 47.4067  0.2550 -1.5977  0.5682  0.2085  0.0399  0.3895  0.5861 -0.0003  0.9965 1 
 40.8698 -0.2585  1.5269  0.1328  0.4009  0.0719  0.3601  0.1850  0.3761  0.9796 1 
 46.4668 -0.2934  0.5080  0.0866  0.2733  0.0661  0.5220  0.2591 -0.0003  0.7720 0 
 40.2106  0.2884 -2.6676  0.0656  0.1168  0.1441  0.3616  0.0809 -0.0003  0.2319 0 
 54.0963  0.2360 -2.7391  0.3076  0.5746  0.0671  0.3766  0.4211  0.3217  0.9990 1 
 44.2298 -0.2026  0.4076  0.2808  0.2365  0.0922  0.3526  0.2906  0.4921  0.9989 1 
 43.6561  0.6187  2.3420  0.0098  0.1756  0.0422  0.2211  0.0234 -0.0003  0.0770 0 
 32.3552 -0.6185 -0.7893  0.0360  0.4104  0.0100  0.0480  0.0049 -0.0003  0.1651 0 
 42.6001 -0.3506 -0.7523  0.0087  0.2748  0.0689  0.3116  0.1413 -0.0003  0.2468 0 
 40.5280  0.3997  2.4436  0.0068  0.5996  0.0652  0.3609  0.0118 -0.0003  0.1935 0 
 46.8208  0.1522 -0.3526  0.0093  0.6095  0.0651  0.5210  0.0120 -0.0003  0.1977 0 
 46.1982 -0.1411  2.7781  0.1007  0.1240  0.0427  0.3921  0.0950 -0.0003  0.3185 0 
 56.3241 -0.1619  1.6507  0.0698  0.5244  0.0756  0.2900  0.0341 -0.0003  0.4874 0 
 42.2614  0.1598 -1.4924  0.0324  0.4722  0.0271  0.3122  0.0433 -0.0003  0.1789 0 
 42.7283 -0.6695  0.1543  0.0210  0.3376  0.0265  0.3113  0.0156  0.1859  0.4438 0 
 34.2687  0.6729 -2.9633  0.0134  0.4444  0.0260  0.3308  0.0226 -0.0003  0.1255 0 
 50.5837  0.7146 -0.4068  0.0308  0.3227  0.1122  0.5107  0.1976 -0.0003  0.4534 0 
 45.1057 -0.7184  2.6874  0.0079  0.2813  0.0136  0.2192 -0.0200 -0.0003  0.0937 0 
 44.9012 -0.1113 -2.3797  0.0972  0.4859  0.1201  0.3951  0.0289 -0.0003  0.4552 0 
 32.0897  0.0532  0.7815  0.0612  0.3503  0.0175  0.2407  0.0071 -0.0003  0.1713 0 
 43.8911 -0.7507 -1.1744  0.0025  0.1032  0.0155  0.3974  0.0967 -0.0003  0.0505 0 
 42.7131  0.7095  1.9632  0.0253  0.1212  0.1160  0.1779  0.0276 -0.0003  0.1092 0 
 45.7069 -0.7696 -1.0560  0.0243  0.4907  0.0889  0.2622  0.0103 -0.0003  0.2520 0 
 45.6764  0.7600  2.1373  0.0392  0.2171  0.0074  0.3496  0.0904 -0.0003  0.0892 0 
 46.6987 -0.6401 -0.0011  0.0031  0.3610  0.1000  0.5214  0.0275 -0.0003  0.1715 0 
 36.0174  0.6562 -3.0815  0.0042  0.5964  0.0153  0.1398  0.0892 -0.0003  0.1292 0 
 47.0680  0.5197 -0.0856  0.0617  0.2857  0.1284  0.2602  0.0590 -0.0003  0.3891 0 
 35.2972 -0.5278  3.0356  0.0847  0.2581  0.0045  0.1875  0.1118 -0.0003  0.1623 0 
 47.7394 -0.6518  1.3050  0.0557  0.4423  0.0316  0.2160  0.0490 -0.0003  0.2562 0 
 45.1698  0.6251 -1.8470  0.0392  0.0551  0.0467  0.3945  0.0098 -0.0003  0.0854 0 
 40.7660 -0.0694 -2.8542  0.2434  0.3264  0.0466  0.4504  0.2370 -0.0003  0.9484 1 
 37.2076  0.0205  0.3226  0.0624  0.3650  0.0400  0.2309  0.1133 -0.0003  0.4034 1 
 49.5369  0.0450  1.6018  0.0312  0.2863  0.0922  0.5991  0.0526 -0.0003  0.3013 0 
 38.5077 -0.0686 -1.5444  0.0163  0.6327  0.0171  0.2744  0.0486  0.1821  0.4142 0 
 49.5460 -0.3416 -2.3514  0.1140  0.5490  0.0340  0.4279  0.1578 -0.0003  0.7940 0 
 47.9072  0.3511  0.7562  0.0437  0.0954  0.0265  0.3021  0.0164 -0.0003  0.0654 0 
 39.7162  0.1573  1.7934  0.1753  0.7459  0.0847  0.2268  0.1677  0.1682  0.9230 0 
 37.7722 -0.1560 -1.3550  0.1855  0.3344  0.0212  0.3219  0.2320 -0.0003  0.7870 0 
 52.2866  0.5737 -2.9645  0.0195  0.2660  0.0898  0.2954  0.0364 -0.0003  0.1847 0 
 48.8685 -0.5921  0.1881  0.0000  0.1744  0.0636  0.3864  0.1465 -0.0003  0.1370 0 
 46.2562 -0.6124  2.2064  0.0001  0.1809  0.0632  0.4791  0.0770 -0.0003  0.1144 0 
 45.9083  0.6172 -0.9220  0.0276  0.1975  0.1372  0.3928  0.0229 -0.0003  0.1630 0 
 49.6498 -0.6692 -0.5245  0.0037  0.1254  0.0362  0.5987  0.1602 -0.0003  0.1729 0 
 38.0163  0.6667  2.6220  0.0967  0.2776  0.0237  0.3213  0.1135 -0.0003  0.3909 0 
 46.8849 -0.0782 -2.2198  0.1119  0.5871  0.0192  0.0434  0.0041 -0.0003  0.3756 0 
 40.4486  0.0135  0.9519  0.0910  0.1801  0.1276  0.4965  0.0850 -0.0003  0.4577 0 
 45.1484  0.6348  2.4559  0.0618  0.3645  0.0450  0.3945  0.0264 -0.0003  0.3556 1 
 39.8444 -0.6559 -0.6675  0.3565  0.5724  0.0461  0.4532  0.3465  0.2320  0.9978 1 
 56.1990 -0.3471 -3.1164  0.0245  0.3111  0.0657  0.3316  0.0756 -0.0003  0.2390 0 
 54.0963  0.3205  0.0019  0.0050  0.2170  0.0479  0.4603  0.0637 -0.0003  0.1205 0 
 52.0577  0.0048 -2.5705  0.0240  0.6797  0.0293  0.3380  0.0279  0.1135  0.4292 0 
 35.3857  0.0083  0.5681  0.0081  0.4526  0.0181  0.4214  0.0322 -0.0003  0.1064 0 
 47.4495 -0.8016  1.9203  0.0107  0.6145  0.1156  0.5192  0.0613 -0.0003  0.2581 0 
 44.0589  0.7684 -1.1224  0.0219  0.1766  0.0739  0.4412  0.0319 -0.0003  0.1428 0 
 49.7505 -0.7680 -2.2751  0.0096  0.3785  0.0279  0.1282  0.0981 -0.0003  0.1609 0 
 43.1678  0.7558  0.9189  0.0000  0.6046  0.2265  0.5322  0.0827 -0.0003  0.2744 0 
 38.3948  0.1171 -1.9837  0.0223  0.0923  0.0085  0.2289  0.2114 -0.0003  0.1167 0 
 38.2025 -0.0906  1.1600  0.0013  0.1192  0.0717  0.3667  0.0433 -0.0003  0.0744 0 
 49.4179  0.7008 -0.8697  0.2208  0.4319  0.0381  0.4710  0.3010 -0.0003  0.9658 1 
 34.0032 -0.6953  2.2341  0.1305  0.3579  0.0452  0.1894  0.0552 -0.0003  0.5988 1 
 53.5164 -0.7009 -1.4853  0.1175  0.2164  0.0166  0.2518  0.1314 -0.0003  0.3347 0 
 45.8045  0.6829  1.6645  0.0794  0.0328  0.0651  0.3493  0.0156 -0.0003  0.0896 0 
 46.6072 -0.4012 -1.2671  0.0763  0.0826  0.0430  0.2608  0.1236 -0.0003  0.1739 0 
 35.1171  0.3883  1.8440  0.0761  0.2796  0.0125  0.3285  0.0878 -0.0003  0.2001 0 
 44.4038 -0.5703 -1.8812  0.0140  0.2592  0.0576  0.5283  0.0146 -0.0003  0.1748 0 
 42.0325  0.5809  1.2728  0.0167  0.2789  0.0226  0.4021  0.0577 -0.0003  0.0981 0 
 55.5947 -0.3519  0.6705  0.1011  0.2044  0.0246  0.2078  0.1048 -0.0003  0.2892 0 
 54.3160  0.3781 -2.4756  0.0399  0.3559  0.0552  0.2090  0.0639 -0.0003  0.3249 0 
 45.7252  0.3376  2.9846  0.0047  0.1702  0.0267  0.4369  0.1611 -0.0003  0.1228 0 
 43.0945 -0.3361 -0.1722  0.0199  0.2284  0.1610  0.3550  0.0239 -0.0003  0.1704 0 
 68.7053 -0.7519  0.0456  0.0136  0.2474  0.1532  0.1974  0.0051 -0.0003  0.1739 0 
 46.8452  0.7226 -3.1195  0.0915  0.5960  0.0130  0.3473  0.2521 -0.0003  0.6102 0 
 50.2205 -0.3174  2.0950  0.0161  0.2689  0.0655  0.2985  0.0059 -0.0003  0.1727 0 
 44.7822  0.3209 -1.0020  0.0428  0.2123  0.0852  0.5271  0.0532 -0.0003  0.2857 0 
 56.1807  0.2004 -3.0582  0.0010  0.5635  0.0099  0.1244  0.0982 -0.0003  0.1207 0 
 42.5635 -0.2002  0.0485  0.0047  0.1357  0.0667  0.3562  0.0497 -0.0003  0.0820 0 
 46.0365 -0.7555 -2.8943  0.0631  0.3610  0.0285  0.4361  0.1087 -0.0003  0.4269 0 
 35.0713  0.7730  0.2431  0.0019  0.3362  0.0580  0.4225  0.0416 -0.0003  0.1424 0 
 45.1270  0.5164  1.1450  0.0432  0.5989  0.0556  0.6576  0.0695  0.0949  0.5623 0 
 43.2044 -0.5097 -2.0096  0.0347  0.6846  0.0134  0.3548  0.0025 -0.0003  0.1858 0 
 41.8799  0.0985  0.8695  0.3248  0.5674  0.0510  0.3577  0.2398 -0.0003  0.9722 1 
 40.8972 -0.0960 -2.2651  0.2796  0.7170  0.1016  0.7200  0.4582 -0.0003  0.9969 1 
 47.6661 -0.0345 -1.5977  0.0524  0.3754  0.0459  0.3025  0.0143 -0.0003  0.3121 0 
 44.8859  0.0566  1.5356  0.0337  0.5617  0.0406  0.5268  0.0932 -0.0003  0.3847 0 
 43.0762 -0.4610 -1.3242  0.0281  0.2087  0.0873  0.4882  0.0567  0.2132  0.3870 0 
 40.9827  0.4732  1.8478  0.0060  0.3899  0.0269  0.4498  0.0672 -0.0003  0.1287 0 
 47.4647 -0.6891  0.0525  0.0118  0.0392  0.0150  0.2163  0.0095 -0.0003  0.0406 0 
 33.4997  0.6763 -3.1053  0.0037  0.6139  0.0241  0.5707  0.0849 -0.0003  0.2110 0 
 47.5471  0.7178 -1.0824  0.4611  0.7110  0.0295  0.3027  0.5821 -0.0003  0.9976 1 
 29.2668 -0.6840  2.0296  0.1503  0.3851  0.0340  0.4946  0.2498 -0.0003  0.8948 1 
 47.3487 -0.5824  2.2300  0.0293  0.5035  0.1729  0.2597  0.0419  0.5642  0.6659 0 
 45.8930  0.5989 -0.8959  0.0785  0.0663  0.0106  0.1746  0.0456 -0.0003  0.0466 0 
 47.2877 -0.7104 -0.9924  0.0015  0.6043  0.1953  0.5197  0.0578 -0.0003  0.2598 0 
 35.7549  0.7352  2.1067  0.0267  0.2854  0.0304  0.2802  0.0164 -0.0003  0.1217 0 
 51.3802 -0.7567  2.8686  0.0367  0.2768  0.0468  0.1696  0.0087 -0.0003  0.2438 0 
 45.5817  0.7511 -0.3031  0.0332  0.4462  0.0358  0.4372  0.0972 -0.0003  0.3256 0 
 46.6896  0.5234  1.4818  0.1028  0.3117  0.0421  0.4780  0.1281 -0.0003  0.6394 0 
 44.2481 -0.5236 -1.6599  0.0061  0.3245  0.0269  0.4847  0.0264 -0.0003  0.1229 0 
 38.5290  0.7233  2.7723  0.1735  0.6114  0.0437  0.2744  0.2440 -0.0003  0.9278 1 
 38.1872 -0.6885 -0.3767  0.0526  0.3397  0.0638  0.2293  0.1795 -0.0003  0.5806 1 
 43.5767  0.0218 -2.0015  0.0095  0.2957  0.0643  0.2655  0.0064 -0.0003  0.1786 1 
 30.8019 -0.0290  1.2015  0.0380  0.1769  0.0197  0.2923  0.0478 -0.0003  0.0708 1 
 43.2959 -0.4362  1.3437  0.1941  0.3568  0.0801  0.6648  0.0806 -0.0003  0.7975 1 
 41.2665  0.4484 -1.8763  0.5696  0.8388  0.0428  0.3143  0.5368 -0.0003  0.9978 1 
 49.3294  0.4967 -2.7158  0.0783  0.5174  0.0363  0.4712  0.0670 -0.0003  0.5511 0 
 43.3906 -0.5026  0.4270  0.0266  0.1330  0.0505  0.3986  0.0286 -0.0003  0.1078 0 
 50.9255 -0.1066  1.2635  0.0201  0.1394  0.0501  0.2549  0.0097 -0.0003  0.0897 0 
 47.8920  0.1312 -1.8660  0.0678  0.3445  0.0533  0.3885  0.0971 -0.0003  0.4766 0 
 46.6224 -0.5333 -0.0253  0.0185  0.1336  0.1491  0.4781  0.1163 -0.0003  0.1808 0 
 45.0813  0.5277  3.1386  0.0162  0.3520  0.0328  0.3069  0.0735 -0.0003  0.1300 0 
 47.6020 -0.4620 -2.0528  0.0722  0.4707  0.1386  0.4755  0.0370  0.5980  0.8668 0 
 46.3539  0.4907  1.0914  0.0315  0.2844  0.1250  0.3918  0.0456 -0.0003  0.2317 0 
 48.7648 -0.4460 -0.0430  0.0361  0.5705  0.1863  0.4726  0.0274 -0.0003  0.2917 0 
 41.2421  0.4039  3.0737  0.0504  0.2009  0.0632  0.1347  0.0252 -0.0003  0.2696 0 
 49.2103  0.5217 -2.2135  0.0261  0.0703  0.0829  0.2572  0.0759 -0.0003  0.0927 0 
 39.3957 -0.4996  0.8999  0.0289  0.2157  0.0122  0.1818  0.0339 -0.0003  0.0646 0 
 45.7130  0.6013  2.4422  0.0504  0.0918  0.0337  0.2184  0.0952 -0.0003  0.0958 0 
 44.0528 -0.5980 -0.6990  0.0169  0.5032  0.0504  0.4412  0.0539 -0.0003  0.2276 0 
 45.1881  0.2570  2.2482  0.0270  0.0642  0.0273  0.2191  0.0319 -0.0003  0.0492 0 
 40.9125 -0.2246 -0.9240  0.0002  0.1653  0.0919  0.4499  0.0466 -0.0003  0.0960 0 
 42.7924  0.7139  2.2263  0.0391  0.5554  0.0466  0.6669  0.0707 -0.0003  0.3947 0 
 40.0702 -0.7166 -0.9493  0.0084  0.0733  0.0266  0.1810  0.0045 -0.0003  0.0541 0 
 43.4943 -0.7471 -1.4298  0.2354  0.4935  0.1181  0.4427  0.1829 -0.0003  0.9543 1 
 37.9675  0.7497  1.7550  0.1158  0.6488  0.0157  0.5051  0.2083 -0.0003  0.8061 1 
 47.0954  0.7366 -0.5994  0.0024  0.4040  0.0282  0.5202  0.0361 -0.0003  0.1431 1 
 35.4345 -0.7151  2.5822  0.0127  0.3364  0.0367  0.4681  0.0812  0.0916  0.3227 1 
 46.4302 -0.1509 -2.6312  0.0078  0.0773  0.3148  0.4786  0.1655 -0.0003  0.1745 0 
 45.4414  0.1634  0.5188  0.0211  0.3327  0.0966  0.7439  0.0213 -0.0003  0.2990 0 
 58.0575  0.1898  0.7550  0.1974  0.2400  0.2394  0.2467  0.0912 -0.0003  0.7933 1 
 48.5054 -0.1858 -2.3582  0.6290  0.1777  0.0735  0.4732  0.6824 -0.0003  0.9964 1 
 43.5767 -0.5917 -2.8612  0.0850  0.2267  0.1063  0.5309  0.0633  0.0453  0.5223 1 
 39.3194  0.5893  0.3093  0.3513  0.5238  0.0864  0.3639  0.2673  0.5728  0.9997 1 
 44.6876 -0.3222  2.3186  0.0110  0.3073  0.0131  0.3516  0.0091 -0.0003  0.0679 0 
 37.3755  0.3027 -0.7833  0.0557  0.1267  0.0068  0.1845  0.0181 -0.0003  0.0485 0 
 45.0019  0.2844  2.4103  0.0172  0.0815  0.0639  0.3510  0.1387 -0.0003  0.1186 0 
 44.9836 -0.2813 -0.7471  0.0028  0.4024  0.0398  0.3071  0.0522 -0.0003  0.1224 0 
 43.6561  0.5296 -0.1476  0.0676  0.1928  0.0291  0.2211  0.0292 -0.0003  0.1490 0 
 42.5238 -0.5243  2.9898  0.0457  0.0889  0.0425  0.2672  0.0927 -0.0003  0.1033 0 
 51.1391 -0.8066  2.9864  0.0239  0.1853  0.0413  0.3820  0.1285 -0.0003  0.1728 0 
 40.3876  0.7813 -0.2045  0.0564  0.4970  0.0443  0.4967  0.0622 -0.0003  0.4441 0 
 54.9264 -0.3168  1.8642  0.0130  0.0335  0.0258  0.2084  0.0818 -0.0003  0.0509 0 
 38.8586  0.3291 -1.2411  0.1336  0.6253  0.0163  0.4107  0.2095  0.1128  0.8068 0 
 46.6651  0.4061  3.0851  0.0007  0.1810  0.3149  0.2607  0.0264 -0.0003  0.1657 0 
 44.9775 -0.3696 -0.0363  0.0300  0.3136  0.0395  0.1755  0.0235 -0.0003  0.1991 0 
 39.8596 -0.7729  1.9799  0.0602  0.6328  0.0931  0.6344  0.2101  0.3527  0.9275 1 
 34.0764  0.7998 -1.2360  0.3483  0.2000  0.0452  0.2366  0.2794 -0.0003  0.9654 1 
 48.3101  0.0307 -0.2240  0.0361  0.3579  0.0925  0.4737  0.0464 -0.0003  0.2814 0 
 45.6367 -0.0255  2.9291  0.0201  0.1231  0.0367  0.3934  0.0567 -0.0003  0.0836 0 
 48.3955  0.6425  2.0510  0.0333  0.5146  0.0419  0.4305  0.0324 -0.0003  0.2866 0 
 44.9714 -0.6445 -1.0828  0.0767  0.1442  0.0216  0.2633  0.0335 -0.0003  0.1082 0 
 44.4129 -0.7719  1.6247  0.0858  0.5456  0.1470  0.4842  0.0989  0.2026  0.8080 0 
 43.6255  0.7871 -1.5397  0.0056  0.6269  0.0182  0.3539  0.0213 -0.0003  0.1124 0 
 43.5706 -0.7613 -0.1224  0.0015  0.2399  0.0893  0.4424  0.0851  0.2456  0.3643 0 
 39.0417  0.7232  3.0106  0.0499  0.2124  0.1559  0.3646  0.0263 -0.0003  0.2361 0 
 48.6244  0.1611 -2.8574  0.0043  0.2676  0.0480  0.3010  0.0167 -0.0003  0.1122 0 
 43.1403 -0.1327  0.3048  0.0503  0.4961  0.0599  0.4436  0.0201  0.0788  0.4768 0 
 49.0028  0.3187 -0.6972  0.1354  0.2922  0.0685  0.3004  0.1939 -0.0003  0.8205 1 
 38.6908 -0.3161  2.4226  0.5036  0.7156  0.0210  0.4112  0.4167 -0.0003  0.9962 1 
 42.4140  0.5123  0.6943  0.0515  0.1864  0.0472  0.2674  0.0772 -0.0003  0.1968 0 
 36.3104 -0.5359 -2.4303  0.0199  0.4329  0.0227  0.3254  0.0693 -0.0003  0.1253 0 
 47.9622  0.1069 -1.2036  0.0142  0.1454  0.0981  0.3883  0.0085 -0.0003  0.0979 0 
 39.6735 -0.1473  1.9272  0.1151  0.2841  0.0095  0.3176  0.1037 -0.0003  0.2971 0 
 32.4346  0.6410 -1.3014  0.3682  0.6887  0.0324  0.4800  0.4901  0.2149  0.9984 1 
 32.2606 -0.6469  1.9576  0.1733  0.5593  0.0895  0.3365  0.1854  0.1235  0.9384 1 
 53.5897 -0.6551  1.5323  0.0166  0.5993  0.0137  0.2517  0.0189 -0.0003  0.1170 0 
 40.4425  0.6529 -1.5979  0.0133  0.4070  0.0367  0.3160  0.0190 -0.0003  0.1548 0 
 48.0110  0.1859  2.5907  0.0368  0.1226  0.0296  0.3019  0.0485 -0.0003  0.0712 0 
 46.7475 -0.2203 -0.5426  0.0720  0.4309  0.0540  0.4343  0.0335 -0.0003  0.4450 0 
 49.9153 -0.2954  2.1540  0.1621  0.3539  0.0307  0.4271  0.0923 -0.0003  0.6670 0 
 39.6399  0.3187 -0.9976  0.0706  0.6213  0.0326  0.2269  0.0604 -0.0003  0.3978 0 
 45.4047  0.3524  0.4516  0.0178  0.2737  0.0850  0.1751  0.0920 -0.0003  0.3185 0 
 37.9950 -0.3517 -2.7168  0.0147  0.1649  0.0213  0.2755  0.0840 -0.0003  0.0552 0 
 47.8614  0.0123  1.9954  0.0114  0.1865  0.2088  0.3454  0.0034 -0.0003  0.1475 0 
 41.9928 -0.0046 -1.1151  0.0184  0.1281  0.0112  0.1787  0.0112 -0.0003  0.0424 0 
 45.7801 -0.0785 -0.6720  0.0000  0.6544  0.0361  0.1310  0.0899 -0.0003  0.1883 1 
 44.4312  0.0830  2.4781  0.0749  0.3240  0.0753  0.2201  0.1434 -0.0003  0.6390 1 
 50.5592 -0.0397 -0.7877  0.0321  0.6651  0.0503  0.2554  0.0291 -0.0003  0.3642 0 
 48.2002  0.0111  2.3485  0.0128  0.5768  0.0409  0.3878  0.0798  0.2665  0.6539 0 
 46.3630 -0.6699 -0.6705  0.2661  0.7239  0.1359  0.2176  0.4621 -0.0003  0.9966 1 
 35.5779  0.6937  2.4147  0.2831  0.4713  0.0547  0.3273  0.4464  0.2862  0.9983 1 
 58.6068  0.5711 -0.6172  0.0146  0.3293  0.0318  0.4103  0.1373 -0.0003  0.2059 0 
 42.4323 -0.5777  2.5498  0.0049  0.1630  0.0594  0.4901  0.0588 -0.0003  0.1139 0 
 44.2756 -0.2433 -1.9008  0.2328  0.2370  0.0553  0.7049  0.2661 -0.0003  0.9734 1 
 41.8830  0.2911  1.2231  0.0214  0.2787  0.0310  0.4919  0.0703 -0.0003  0.1872 1 
 55.0912  0.7408  0.5892  0.1037  0.2098  0.1047  0.3749  0.1911 -0.0003  0.7276 0 
 38.0774 -0.7532 -2.5944  0.0573  0.3224  0.0813  0.0918  0.0778 -0.0003  0.5205 0 
 45.7130 -0.6931 -0.5564  0.0393  0.0905  0.1488  0.4369  0.0650 -0.0003  0.1277 0 
 32.3583  0.6786  2.6305  0.0577  0.5170  0.0515  0.2882  0.1537 -0.0003  0.6390 0 
 50.0710  0.0277 -2.3356  0.0117  0.2336  0.1373  0.5121  0.0403 -0.0003  0.1790 0 
 42.7527  0.0248  0.7671  0.0308  0.3384  0.0276  0.2668  0.0709 -0.0003  0.1412 0 
 46.0548 -0.5250 -1.4179  0.0001  0.5068  0.1208  0.4797  0.0610 -0.0003  0.2103 0 
 45.3559  0.5132  1.7482  0.0039  0.2463  0.0235  0.3940  0.0360  0.0085  0.0730 0 
 45.8289 -0.6302  0.1638  0.1001  0.6151  0.0521  0.3056  0.0518 -0.0003  0.6859 1 
 40.0641  0.6008 -3.0141  0.1041  0.3482  0.1059  0.3168  0.1180  0.2780  0.8653 1 
 50.8125 -0.4676 -2.8797  0.0071  0.2680  0.0138  0.2126  0.0019  0.1512  0.3287 0 
 50.1259  0.4683  0.2821  0.0185  0.3597  0.0255  0.3839  0.0267 -0.0003  0.1257 0 
 51.1513  0.2395  0.9241  0.2603  0.6910  0.1056  0.5093  0.1801 -0.0003  0.9726 1 
 38.6358 -0.2602 -2.2274  0.3068  0.7813  0.0414  0.5027  0.4113 -0.0003  0.9916 1 
 36.3500  0.5913 -2.6290  0.0171  0.3369  0.0070  0.1859  0.0052 -0.0003  0.0848 0 
 34.9065 -0.6088  0.5728  0.0172  0.4321  0.0573  0.3761  0.1216 -0.0003  0.3083 0 
 39.9664 -0.2230 -1.7618  0.0052  0.0613  0.0250  0.2717  0.1666  0.2351  0.4868 0 
 37.2595  0.2272  1.3919  0.1756  0.2535  0.0267  0.2770  0.1743 -0.0003  0.6963 0 
 47.5227  0.3288  2.6539  0.0080 -1.0000  0.0157  0.0433  0.0096 -0.0003  0.1661 0 
 45.6947 -0.3045 -0.4793  0.0563  0.4075  0.0278  0.3496  0.0450 -0.0003  0.2715 0 
 48.0903  0.1353 -2.5355  0.0752  0.1323  0.0215  0.1725  0.0952 -0.0003  0.1448 0 
 46.8696 -0.1442  0.6297  0.0220  0.5706  0.0387  0.2604  0.0157 -0.0003  0.2478 0 
 47.0405  0.2014  0.0845  0.0108  0.2520  0.0193  0.3035  0.0464 -0.0003  0.0567 0 
 45.6458 -0.1981 -3.0510  0.0200  0.4213  0.0139  0.2185  0.0297 -0.0003  0.0991 0 
 47.8187  0.1097  2.0875  0.2432  0.3432  0.0378  0.4750  0.3521  0.0892  0.9767 1 
 44.6967 -0.0990 -1.0512  0.3111  0.5954  0.0497  0.3955  0.3721 -0.0003  0.9918 1 
 47.1168  0.3546  0.3603  0.0217  0.4889  0.0211  0.4768  0.0031 -0.0003  0.2049 0 
 45.9846 -0.3664 -2.7626  0.0117  0.0611  0.0304  0.1745  0.0131 -0.0003  0.0554 0 
 47.7272  0.2959  2.1597  0.0515  0.1981  0.0652  0.4752  0.1356 -0.0003  0.3789 0 
 44.1962 -0.3003 -0.9962  0.0075  0.5838  0.0309  0.4408  0.1076 -0.0003  0.2139 0 
 44.2054 -0.4688 -2.0966  0.0254  0.3527  0.0414  0.5730  0.0034 -0.0003  0.2444 0 
 41.8769  0.4612  1.0460  0.0113  0.2451  0.0492  0.5813  0.0641  0.1323  0.3186 0 
 42.6276  0.0138 -2.3555  0.4586  0.4844  0.0262  0.4450  0.6026  0.1278  0.9987 1 
 40.5249 -0.0865  0.7872  0.7233  0.1378  0.0706  0.4962  0.6716 -0.0003  0.9914 1 
 47.4281  0.6483 -1.8757  0.0102  0.3918  0.0114  0.2163  0.0289 -0.0003  0.0803 0 
 35.9655 -0.6496  1.2837  0.0034  0.0325  0.0370  0.3263  0.1137  0.0959  0.1294 0 
 45.6397  0.5111  1.2092  0.1103  0.6322  0.0604  0.6993  0.3730 -0.0003  0.9569 1 
 42.1454 -0.5156 -1.9572  0.2808  0.4049  0.1187  0.2232  0.3046 -0.0003  0.9905 1 
 44.4831  0.5097 -0.3418  0.0565  0.7146  0.0413  0.2640  0.1425 -0.0003  0.5867 0 
 38.4527 -0.4779  2.7751  0.0226  0.1330  0.0532  0.4119  0.0771 -0.0003  0.1227 0 
 49.0608 -0.4654 -1.5319  0.0018  0.4932  0.2356  0.4290  0.1144 -0.0003  0.3009 0 
 46.8238  0.4388  1.5599  0.0603  0.1894  0.0307  0.2605  0.0610 -0.0003  0.1497 0 
 45.3864 -0.7596 -3.0353  0.0389  0.0642  0.0284  0.3064  0.0038 -0.0003  0.0637 0 
 39.6643  0.7423  0.0907  0.0029  0.4855  0.0271  0.0907  0.0275 -0.0003  0.1786 0 
 48.7831  0.7260 -2.5750  0.0474  0.1469  0.0427  0.4296  0.0825 -0.0003  0.1945 0 
 38.3398 -0.7340  0.5519  0.0040  0.2706  0.0179  0.3206  0.0932  0.1945  0.4420 0 
 51.5084 -0.5404 -1.3852  0.1110  0.2162  0.0240  0.1695  0.1577 -0.0003  0.4027 0 
 43.7140  0.5420  1.7506  0.1550  0.4945  0.0139  0.2210  0.1784 -0.0003  0.5811 0 
 43.1922 -0.2501  1.7701  0.7478  0.1654  0.0373  0.4435  0.6153 -0.0003  0.9920 1 
 39.7650  0.2455 -1.3773  0.2126  0.4565  0.0327  0.2721  0.1414  0.2633  0.9740 1 
 46.5705  0.5309  1.3735  0.0765  0.4081  0.0169  0.2174  0.0546  0.1048  0.4577 0 
 45.1179 -0.5288 -1.8117  0.0085  0.0571  0.0233  0.3507  0.0247 -0.0003  0.0461 0 
 54.7982 -0.5194  0.3329  0.0299  0.1793  0.0293  0.2086  0.0931 -0.0003  0.1034 0 
 45.5634  0.5156 -2.8025  0.0897  0.4802  0.0235  0.1749  0.0284 -0.0003  0.3052 0 
 46.8727  0.5696 -1.4522  0.0074  0.4619  0.0416  0.4775  0.0640 -0.0003  0.1861 0 
 38.6114 -0.5460  1.6958  0.0182  0.1283  0.0670  0.2743  0.0086 -0.0003  0.0953 0 
 50.0526  0.2671 -0.6916  0.0290  0.4660  0.0565  0.4694  0.0643 -0.0003  0.2935 0 
 43.7934 -0.2929  2.4384  0.0102  0.1082  0.0205  0.2209  0.0895 -0.0003  0.0474 0 
 40.1160  0.3812  0.0724  0.3083  0.3932  0.0264  0.5428  0.5460 -0.0003  0.9964 1 
 40.0885 -0.3808 -3.1256  0.9339  0.6613  0.0545  0.4072 -0.0200 -0.0003  0.9943 1 
 46.0792  0.3799 -2.3354  0.0017  0.1947  0.0768  0.3052  0.0987 -0.0003  0.1253 0 
 45.7160 -0.4093  0.8217  0.0218  0.5597  0.0208  0.1311  0.0045 -0.0003  0.1830 0 
 46.9245  0.5188 -2.7272  0.0056  0.0309  0.0176  0.1302  0.0087 -0.0003  0.0513 0 
 39.3408 -0.5167  0.4034  0.0271  0.2768  0.0192  0.3183  0.1109 -0.0003  0.1224 0 
 46.0670 -0.6662  2.3315  0.0608  0.2713  0.1218  0.5668  0.1107 -0.0003  0.4868 0 
 37.4029  0.6722 -0.8464  0.0605  0.6840  0.0501  0.4611  0.1312 -0.0003  0.6413 0 
 46.3447 -0.7728  2.7533  0.0627  0.5035  0.0358  0.3047  0.0399 -0.0003  0.3816 0 
 46.2684  0.7643 -0.3798  0.0018  0.0435  0.0866  0.3920  0.1155 -0.0003  0.0750 0 
 47.2267  0.6856  1.8387  0.3134  0.3331  0.0713  0.2166  0.5423 -0.0003  0.9964 1 
 44.7364 -0.6917 -1.3048  0.1796  0.2223  0.0639  0.3076  0.2641  0.4622  0.9972 1 
 50.2113  0.2128 -1.0189  0.0891  0.2355  0.0408  0.3411  0.0546 -0.0003  0.3388 0 
 38.5016 -0.2283  2.1037  0.0055  0.3630  0.0349  0.4575  0.1318 -0.0003  0.1985 0 
 55.9792  0.6064 -1.9956  0.0043  0.1999  0.0389  0.2075  0.0399 -0.0003  0.0717 0 
 47.4586 -0.6116  1.1216  0.0071  0.2090  0.2105  0.3894  0.1354 -0.0003  0.2504 0 
 48.3650  0.6051  2.1910  0.0017  0.2558  0.0387  0.3014  0.0228 -0.0003  0.0818 0 
 45.5421 -0.5837 -0.9338  0.0077  0.1584  0.2638  0.5248  0.0108 -0.0003  0.1698 0 
 46.9093 -0.7266 -1.5891  0.0305  0.2561  0.1209  0.4774  0.0087 -0.0003  0.2104 0 
 36.6186  0.7476  1.5310  0.0385  0.4955  0.0142  0.2783  0.0125 -0.0003  0.1425 0 
 49.6345 -0.4311 -1.4060  0.2200  0.3893  0.0394  0.3849  0.3585  0.2921  0.9970 1 
 46.3661  0.4634  1.7820  0.3826  0.7251  0.0334  0.3047  0.5028 -0.0003  0.9964 1 
 51.9600 -0.4758 -3.0102  0.0024  0.0888  0.1050  0.2537  0.0362 -0.0003  0.0649 0 
 45.5329  0.4605  0.0978  0.0042  0.1969  0.0327  0.3062  0.0684 -0.0003  0.0611 0 
 47.4769  0.4943  0.7401  0.0790  0.4259  0.0310  0.3028  0.0360 -0.0003  0.3722 0 
 40.6287 -0.5102 -2.3792  0.0338  0.6677  0.0707  0.3156  0.1036 -0.0003  0.4849 0 
 52.0394  0.7157 -2.7048  0.0044  0.7474  0.0039  0.2536  0.1237  0.0318  0.1523 0 
 44.4800 -0.7299  0.4776  0.0121  0.4299  0.0470  0.4401  0.0992 -0.0003  0.2329 0 
 50.4036 -0.2827 -2.9844  0.0114  0.4852  0.1065  0.6390  0.1265 -0.0003  0.3120 1 
 35.1782  0.2708  0.1536  0.1599  0.7530  0.0933  0.2345  0.1650  0.3202  0.9445 1 
 42.6032  0.3816  3.0365  0.0248  0.4888  0.0706  0.6232  0.0198 -0.0003  0.2597 0 
 41.4954 -0.3477 -0.1406  0.0046  0.6468  0.1056  0.4034  0.0157 -0.0003  0.2124 0 
 41.9715 -0.7336 -1.6032  0.0873  0.6129  0.0335  0.4469  0.0834  0.1066  0.7147 0 
 34.0429  0.7044  1.6788  0.0281  0.1986  0.2325  0.6628  0.0560  1.0585  0.8857 0 
 48.7068 -0.6042  1.9664  0.0073  0.7551  0.0657  0.3868  0.0125  0.1955  0.4600 0 
 47.7913  0.6016 -1.1943  0.0063  0.4239  0.0598  0.4319  0.1183 -0.0003  0.2362 0 
 49.3507  0.6354  1.7658  0.0419  0.2914  0.1341  0.4283  0.1536 -0.0003  0.4402 0 
 38.0255 -0.6263 -1.3463  0.0146  0.4784  0.0149  0.4590  0.0273 -0.0003  0.1350 0 
 44.9622 -0.7476  2.0545  0.0213  0.6916  0.0141  0.3949  0.0587 -0.0003  0.1535 0 
 40.9369  0.7436 -1.1025  0.0737  0.1533  0.0269  0.3599  0.1893 -0.0003  0.3491 0 
 50.0862 -0.0577  1.3719  0.0410  0.3992  0.1403  0.4267  0.1125 -0.0003  0.3749 0 
 42.3377  0.0256 -1.7488  0.0571  0.7475  0.0713  0.4013  0.0760 -0.0003  0.5074 0 
 45.6062  0.3685 -2.5201  0.0093  0.1559  0.0518  0.3935  0.0403 -0.0003  0.0907 0 
 42.8107 -0.4064  0.6149  0.0020  0.1480  0.0965  0.3111  0.1805 -0.0003  0.1735 0 
 44.9836  0.7058 -2.2986  0.0064  0.0907  0.0723  0.3510  0.0512 -0.0003  0.0727 0 
 39.4629 -0.7083  0.9348  0.0317  0.4134  0.1613  0.6361  0.0490 -0.0003  0.3199 0 
 47.5105 -0.6904  2.5711  0.0396  0.3567  0.1321  0.3893  0.0182 -0.0003  0.2559 0 
 41.3397  0.6970 -0.5551  0.0102  0.3279  0.1605  0.4038  0.0588 -0.0003  0.2124 0 
 43.5950  0.4587 -1.5559  0.0002  0.2804  0.1229  0.3097  0.0136 -0.0003  0.1418 0 
 39.1028 -0.4512  1.5668  0.1345  0.1209  0.0294  0.3644  0.2907 -0.0003  0.6487 0 
 49.0578 -0.0478  1.1102  0.1158  0.0923  0.1981  0.3003  0.1014 -0.0003  0.3771 0 
 45.8259  0.0388 -2.0267  0.0605  0.1438  0.0453  0.3493  0.0849 -0.0003  0.1984 0 
 53.0617 -0.0067 -0.9743  0.0490  0.3624  0.0673  0.4625  0.0634  0.0535  0.4526 0 
 44.0833 -0.0086  2.1021  0.3144  0.3465  0.0587  0.3529  0.3590  0.1312  0.9897 0 
 46.2867  0.7410 -2.4221  0.0138  0.0736  0.1564  0.2177  0.0561 -0.0003  0.0580 0 
 45.0996 -0.7225  0.7088  0.0283  0.2897  0.0284  0.3946  0.1302 -0.0003  0.2176 0 
 50.8919  0.0734 -1.0890  0.0228  0.1165  0.0421  0.3400  0.0159 -0.0003  0.0789 0 
 50.0435 -0.0741  2.0508  0.0521  0.3975  0.0248  0.3415  0.0280 -0.0003  0.2247 0 
 46.1280  0.1124 -1.5547  0.0367  0.7748  0.0345  0.5230  0.0585 -0.0003  0.3846 0 
 43.7995 -0.1232  1.5930  0.0146  0.4227  0.1646  0.3977  0.0377 -0.0003  0.2340 0 
 55.5673  0.1696 -1.5746  0.0027  0.2683  0.0696  0.1663  0.0071 -0.0003  0.2039 0 
 37.4548 -0.1862  1.5924  0.0153  0.2731  0.0190  0.3687  0.0505 -0.0003  0.0747 0 
 53.8552 -0.4084 -1.0456  0.0326  0.2938  0.1289  0.5865  0.1745 -0.0003  0.4671 0 
 45.9358  0.4350  2.0550  0.1360  0.1715  0.0501  0.4800  0.2791 -0.0003  0.8271 0 
 40.7813  0.2259  1.6536  0.0406  0.5077  0.1211  0.3603  0.0629 -0.0003  0.3241 0 
 38.5382 -0.2243 -1.4580  0.1365  0.2564  0.0222  0.4116  0.0911 -0.0003  0.5243 0 
 47.6783 -0.3035  0.6669  0.0024  0.0379  0.0551  0.1729  0.0235 -0.0003  0.0729 0 
 45.8534  0.3045 -2.4756  0.0117  0.2164  0.1324  0.2619  0.1176 -0.0003  0.2206 0 
 48.0415  0.2433 -0.1958  0.0530  0.5790  0.0332  0.5176  0.0632 -0.0003  0.4522 0 
 44.7181 -0.2457  2.9394  0.0089  0.4308  0.0774  0.3076  0.2271 -0.0003  0.5173 0 
 44.8157 -0.0520 -1.3379  0.0219  0.2129  0.0407  0.3952  0.0329 -0.0003  0.1235 0 
 37.3205  0.0191  1.8083  0.0011  0.5803  0.0373  0.4614  0.0505 -0.0003  0.1572 0 
 54.8074 -0.2802 -0.6480  0.0410  0.1554  0.2968  0.4171  0.0346 -0.0003  0.2268 0 
 47.1839  0.3244  2.5452  0.0197  0.1633  0.1561  0.3900  0.0099 -0.0003  0.1287 0 
 45.3101  0.7255  1.0791  0.1559  0.3242  0.0607  0.4379  0.1097 -0.0003  0.7239 1 
 44.3610 -0.7361 -2.0793  0.1932  0.4502  0.0607  0.6165  0.2718 -0.0003  0.9699 1 
 49.9367  0.4765  1.6650  0.2513  0.5671  0.0665  0.2989  0.3820 -0.0003  0.9906 1 
 47.6570 -0.4613 -1.4895  0.0100  0.5521  0.0352  0.4754  0.0195 -0.0003  0.1842 1 
 43.8941 -0.1098 -2.2645  0.1208  0.3297  0.0840  0.5740  0.0506 -0.0003  0.5593 1 
 37.3175  0.1434  0.8699  0.4916  0.5549  0.0373  0.3230  0.5664  0.1250  0.9982 1 
 49.0303  0.4379 -2.1180  0.6347  0.4759  0.0550  0.3003  0.4456  0.1763  0.9978 1 
 44.9683 -0.4385  1.0094  0.1220  0.0982  0.0119  0.3072  0.0808 -0.0003  0.1613 1 
 45.8747 -0.5516 -1.6582  0.0431  0.3024  0.0952  0.5238  0.0460  0.0489  0.3821 0 
 44.2176  0.5683  1.5539  0.0760  0.3639  0.1133  0.3967  0.0230 -0.0003  0.3797 0 
 43.2044  0.5867 -2.0372  0.0532  0.4213  0.0296  0.4434  0.1566 -0.0003  0.4951 1 
 42.0111 -0.5646  1.0948  0.0580  0.2378  0.0196  0.3127  0.1984  0.0268  0.3930 1 
 48.6610  0.1020 -1.8506  0.0361  0.0750  0.0436  0.5159  0.0773 -0.0003  0.1449 0 
 41.8433 -0.0846  1.3333  0.0030  0.4138  0.0702  0.3578  0.0717 -0.0003  0.1843 0 
 46.9184  0.6751  2.8191  0.0219  0.1666  0.0735  0.2170  0.0287 -0.0003  0.1321 0 
 39.4415 -0.6718 -0.3605  0.0297  0.1244  0.0303  0.3181  0.0330 -0.0003  0.0671 0 
 43.4333  0.2446 -2.3503  0.1111  0.3316  0.0669  0.3543  0.1846 -0.0003  0.7769 1 
 38.1964 -0.2286  0.8320  0.5678  0.3787  0.0483  0.2751  0.5340  0.0514  0.9978 1 
 50.8125 -0.6374 -1.7201  0.0075  0.2497  0.0503  0.4677  0.1027 -0.0003  0.1685 0 
 47.3671  0.6359  1.3853  0.0244  0.3274  0.0285  0.3463  0.0411 -0.0003  0.1275 0 
 45.7557  0.1803 -2.1674  0.0084  0.5948  0.0808  0.6552  0.0892 -0.0003  0.2749 0 
 43.2105 -0.1660  1.0029  0.0365  0.2558  0.0201  0.2217  0.0306 -0.0003  0.0942 0 
 43.4791 -0.5353  3.1042  0.7293  0.3511  0.0347  0.3099  0.4223 -0.0003  0.9968 1 
 40.2106  0.5527 -0.0664  0.3887  0.3012  0.1134  0.3616  0.2156 -0.0003  0.9894 1 
 40.7965  0.5215  0.8796  0.2714  0.5828  0.0335  0.3152  0.2283 -0.0003  0.9401 1 
 37.4121 -0.4747 -2.2904  0.2192  0.4544  0.0206  0.3227  0.0812  0.0763  0.6920 1 
 45.4383  0.5125 -2.7120  0.3573  0.5206  0.0463  0.3063  0.6263 -0.0003  0.9976 1 
 34.7295 -0.5353  0.4595  0.1849  0.2228  0.0520  0.3295  0.2087  0.3459  0.9915 1 
 48.1422 -0.2253  0.6118  0.0377  0.6240  0.0537  0.2155  0.0385 -0.0003  0.4192 0 
 46.9093  0.2316 -2.4912  0.0312  0.6438  0.0937  0.2604  0.0801 -0.0003  0.4182 0 
 50.2205  0.6220 -1.8181  0.0881  0.4853  0.0555  0.5117  0.0637 -0.0003  0.5506 0 
 46.9184 -0.6069  1.3257  0.0900  0.6502  0.0181  0.3038  0.1660 -0.0003  0.5372 0 
 48.3131  0.6590 -2.5558  0.0461  0.6125  0.0895  0.2153  0.0590 -0.0003  0.4852 0 
 45.2888 -0.6506  0.5562  0.0081  0.3434  0.1286  0.5256  0.0806 -0.0003  0.2269 0 
 48.6824 -0.6728  3.0493  0.0368  0.1537  0.0234  0.2579  0.0301 -0.0003  0.0642 0 
 45.2552  0.6709 -0.0907  0.0852  0.2202  0.1684  0.3942  0.0517 -0.0003  0.3812 0 
 47.4495 -0.0105  2.2872  0.0031  0.1827  0.0554  0.3029  0.1293 -0.0003  0.1262 0 
 45.4749  0.0020 -0.8578  0.0034  0.3499  0.0447  0.3937  0.0854 -0.0003  0.1454 0 
 46.7140 -0.3270 -0.1265  0.0124  0.3153  0.0757  0.5213  0.0506 -0.0003  0.1975 0 
 39.0021  0.3533  2.9841  0.0254  0.3478  0.2054  0.4103  0.0034 -0.0003  0.2282 0 
 60.6882 -0.5834 -2.5760  0.0886  0.5030  0.0430  0.3254  0.0823 -0.0003  0.5967 0 
 47.9408  0.6085  0.5626  0.0407  0.0751  0.0716  0.3452  0.0517 -0.0003  0.0968 0 
 39.9512  0.6703 -1.1625  0.0185  0.1819  0.0428  0.6340  0.0286 -0.0003  0.1929 0 
 39.5392 -0.6997  1.9804  0.0423  0.3079  0.0297  0.1362  0.0764 -0.0003  0.1951 0 
 48.7770 -0.5500  1.3981  0.0387  0.4839  0.0351  0.4726  0.2708 -0.0003  0.6514 1 
 46.6438  0.5594 -1.7494  0.6687  0.5104  0.1232  0.3042  0.5743 -0.0003  0.9981 1 
 51.9326  0.0597 -0.3612  0.0282  0.2775  0.0429  0.2114  0.0084 -0.0003  0.1844 1 
 48.9052 -0.0357  2.7943  0.5522  0.5224  0.0946  0.3864  0.2069  0.3349  0.9960 1 
 45.8320  0.4782  2.0695  0.0525  0.3870  0.0169  0.3056  0.0869 -0.0003  0.1826 0 
 41.8128 -0.4329 -1.0729  0.0193  0.3845  0.0214  0.5368  0.0187 -0.0003  0.1947 0 
 52.0485  0.1143 -1.2232  0.0331  0.6024  0.0495  0.2958  0.1182 -0.0003  0.4644 0 
 49.3385 -0.0810  1.9145  0.0596  0.3170  0.1188  0.5140  0.0952 -0.0003  0.4348 0 
 46.2501  0.5303  3.0552  0.0005  0.3661  0.1446  0.4791  0.0356 -0.0003  0.1857 0 
 31.7052 -0.5347 -0.0671  0.0560  0.6536  0.0402  0.0966  0.0934 -0.0003  0.3793 0 
 39.1577 -0.7800  1.8818  0.0391  0.2683  0.0124  0.1821 -0.0200 -0.0003  0.1398 0 
 34.2626  0.7818 -1.2592  0.0539  0.2472  0.0296  0.2835  0.0316 -0.0003  0.1595 0 
 48.2734 -0.3670  0.3561  0.0503  0.6657  0.0403  0.6461  0.1022 -0.0003  0.5232 1 
 47.3976  0.3508 -2.7816  0.3161  0.7620  0.0955  0.6492  0.2864 -0.0003  0.9916 1 
 49.8054  0.7213 -0.4596  0.4564  0.6454  0.0462  0.3419  0.6984 -0.0003  0.9982 1 
 45.9663 -0.7316  2.6778  0.2896  0.2852  0.0656  0.3490  0.4008 -0.0003  0.9918 1 
 46.6194 -0.1582 -1.6616  0.0988  0.7134  0.0352  0.4781  0.0562 -0.0003  0.6878 0 
 44.4709  0.1604  1.4614  0.0193  0.2508  0.0759  0.3080  0.1343 -0.0003  0.2754 0 
 48.7587  0.4543 -0.7292  0.6211  0.4407  0.1254  0.8593  0.8209 -0.0003  0.9989 1 
 35.1690 -0.4518  2.4011  0.1621  0.5401  0.0464  0.3284  0.1209 -0.0003  0.8304 1 
 41.3642 -0.0643 -2.1547  0.0869  0.2225  0.0391  0.4486  0.1362 -0.0003  0.5011 1 
 32.8832  0.0295  1.0513  0.3688  0.6701  0.0446  0.3825  0.5111  0.3850  0.9997 1 
 45.6611  0.3886  0.5755  0.0330  0.4960  0.0138  0.2185  0.0486 -0.0003  0.1258 0 
 32.2240 -0.3688 -2.5624  0.2158  0.3224  0.0492  0.2885  0.1147 -0.0003  0.7797 0 
 44.8646  0.2607  1.2874  0.0880  0.5921  0.2442  0.4829  0.0126 -0.0003  0.4216 0 
 43.8727 -0.2538 -1.8675  0.0112  0.0606  0.0484  0.3091  0.1277 -0.0003  0.0897 0 
 45.7771 -0.3640 -2.2853  0.0078  0.0795  0.0254  0.2184  0.0060 -0.0003  0.0490 0 
 45.4719  0.3709  0.8459  0.0708  0.2226  0.0616  0.1312  0.0452 -0.0003  0.3626 0 
 49.9855 -0.0960 -3.1092  0.0670  0.1350  0.0537  0.1281  0.0650 -0.0003  0.2138 0 
 44.0772  0.1020  0.0965  0.0130  0.1355  0.0642  0.3529  0.0206 -0.0003  0.0905 0 
 52.5124 -0.1560  3.1011  0.1407  0.6593  0.0602  0.4216  0.0954 -0.0003  0.8318 0 
 52.0912  0.1494 -0.0734  0.0729  0.7563  0.0370  0.3380  0.1280 -0.0003  0.6519 0 
 56.6293 -0.4278 -1.6806  0.0072  0.6960  0.0952  0.2482  0.0110 -0.0003  0.2268 0 
 50.8400  0.4401  1.4164  0.0121  0.5541  0.0393  0.2976  0.0418 -0.0003  0.1877 0 
 43.2166 -0.1972  0.2712  0.0738  0.5301  0.1292  0.5321  0.0950  0.2029  0.7734 0 
 37.8759  0.1613 -2.8733  0.0164  0.3887  0.0354  0.3217  0.0130 -0.0003  0.1592 0 
 45.9998  0.7297  0.3720  0.0388  0.4835  0.0146  0.2181  0.0330 -0.0003  0.1328 0 
 44.3671 -0.7331 -2.7865  0.0111  0.6175  0.0193  0.3083  0.0722  0.0553  0.1897 0 
 51.5724  0.6729  0.9851  0.0061  0.2779  0.0454  0.3812  0.0572 -0.0003  0.1167 0 
 43.8605 -0.6762 -2.1745  0.0746  0.4741  0.1924  0.4858  0.0252 -0.0003  0.3836 0 
 46.5187  0.8000  2.1086  0.0216  0.6257  0.0311  0.3480  0.0721 -0.0003  0.2143 0 
 36.7376 -0.7936 -1.0557  0.0078  0.6760  0.0293  0.1390  0.0087 -0.0003  0.2161 0 
 49.8085 -0.4589 -2.9642  0.1971  0.0962  0.0752  0.2564  0.0828 -0.0003  0.5090 0 
 41.5076  0.4670  0.1881  0.0809  0.2411  0.0576  0.2241  0.0036 -0.0003  0.3380 0 
 45.3346  0.0432 -1.4549  0.0061  0.1505  0.0325  0.4379  0.2337 -0.0003  0.1911 0 
 42.9389 -0.0409  1.6656  0.1810  0.3419  0.0216  0.3109  0.2399 -0.0003  0.7884 0 
 51.6457  0.2755  2.5058  0.0108  0.1813  0.0884  0.4234  0.0290 -0.0003  0.1166 0 
 45.3834 -0.2599 -0.6825  0.0205  0.1738  0.0071  0.1751  0.0234 -0.0003  0.0446 0 
 47.6783  0.1380 -0.2632  0.4091  0.3433  0.0703  0.6914  0.4841 -0.0003  0.9973 1 
 45.0568 -0.1447  2.8877  0.1328  0.1543  0.1096  0.3070  0.2813  0.6941  0.9946 1 
 46.6041 -0.3227  1.1145  0.0090  0.6217  0.0995  0.5651  0.0848 -0.0003  0.2714 0 
 45.2644  0.3147 -2.0168  0.0167  0.0609  0.0603  0.3504  0.0113 -0.0003  0.0738 0 
 47.9316  0.0413 -2.6227  0.0605  0.3229  0.0536  0.3021  0.0604 -0.0003  0.3595 0 
 44.3122 -0.0069  0.5115  0.0102  0.1262  0.0590  0.5726  0.0140 -0.0003  0.1198 0 
 48.8472 -0.7834  1.1551  0.0132  0.2438  0.0395  0.2147  0.0134 -0.0003  0.1122 0 
 36.5057  0.7582 -2.0042  0.0126  0.1686  0.0293  0.2321  0.0090 -0.0003  0.0635 0 
 50.3395  0.5328  2.6237  0.1330  0.4182  0.0606  0.2557  0.0816 -0.0003  0.7094 1 
 43.5096 -0.5594 -0.5318  0.3887  0.6431  0.0298  0.4426  0.5895  0.1601  0.9983 1 
 43.4180  0.4778  1.5105  0.0173  0.1923  0.0114  0.1328  0.0090 -0.0003  0.0649 0 
 36.6308 -0.4753 -1.6123  0.0394  0.2299  0.0395  0.4174  0.0543 -0.0003  0.1974 0 
 43.9124 -0.3788 -1.6598  0.0505  0.3517  0.0527  0.3532  0.0176 -0.0003  0.3053 0 
 43.1220  0.3662  1.5153  0.0215  0.1155  0.0256  0.1775  0.0146 -0.0003  0.0560 0 
 49.2592 -0.3202  0.8390  0.1193  0.2111  0.0772  0.3857  0.1433  0.4757  0.9715 1 
 44.4678  0.3309 -2.3006  0.2675  0.3050  0.0674  0.1320  0.3360 -0.0003  0.9689 1 
 42.8077 -0.6580  0.7136  0.0163  0.2390  0.0572  0.1778  0.0081 -0.0003  0.1816 0 
 42.0905  0.6730 -2.4447  0.0484  0.0726  0.0497  0.3572  0.0136 -0.0003  0.0929 0 
 47.3243 -0.0278 -1.6449  0.2394  0.6470  0.0779  0.4330  0.3526 -0.0003  0.9918 1 
 31.5038  0.0064  1.4980  0.0439  0.2595  0.0416  0.3388  0.0432  0.4483  0.9706 1 
 46.6712  0.0356 -0.8892  0.0425  0.5695  0.0403  0.3476  0.1064 -0.0003  0.4302 0 
 38.8403 -0.0404  2.2414  0.0196  0.6448  0.0863  0.4564  0.0587 -0.0003  0.2724 0 
 46.7414 -0.1331 -0.5417  0.1287  0.2000  0.0046  0.2606  0.0638 -0.0003  0.1622 0 
 43.0671  0.1409  2.6096  0.0187  0.3996  0.0400  0.2219  0.0069 -0.0003  0.2140 0 
 40.2747  0.1327 -2.0514  0.0066  0.6647  0.0401  0.4970  0.0408 -0.0003  0.1943 0 
 39.0723 -0.1262  1.0906  0.0149  0.6251  0.1003  0.3645  0.0900 -0.0003  0.3044 0 
 51.5633 -0.0150 -0.9377  0.0178  0.2921  0.0126  0.3388  0.0075 -0.0003  0.0719 0 
 42.6886  0.0248  2.2044  0.0026  0.3617  0.0163  0.2224  0.0219 -0.0003  0.0747 0 
 57.3922  0.3391 -0.0443  0.0956  0.6683  0.0144  0.0825  0.0776 -0.0003  0.3354 0 
 47.3732 -0.3247  3.1074  0.0053  0.3108  0.0331  0.1299  0.0820 -0.0003  0.1505 0 
 49.1554 -0.7397 -1.5623  0.0891  0.2309  0.0502  0.3430  0.0572 -0.0003  0.3663 0 
 41.7548  0.7562  1.6475  0.0086  0.3809  0.0210  0.2685  0.0089 -0.0003  0.0967 0 
 49.3843  0.1714 -1.0229  0.0260  0.2978  0.2357  0.2998  0.0412 -0.0003  0.2630 0 
 49.3629 -0.2241  2.0609  0.1132  0.4766  0.1777  0.5996  0.0777 -0.0003  0.5576 0 
 45.7527 -0.4813 -2.7061  0.0074  0.4629  0.0515  0.3495  0.1271 -0.0003  0.2697 1 
 43.6316  0.4663  0.4529  0.4043  0.3832  0.0966  0.3096  0.4290 -0.0003  0.9974 1 
 46.5095  0.1506  3.0211  1.0302  0.4384  0.0594  0.5219  1.1359 -0.0003  0.9983 1 
 41.1658 -0.1557 -0.1463  0.0673  0.3375  0.0301  0.4043  0.0720  0.1777  0.6445 1 
 43.8331  0.5370 -1.5667  0.1144  0.5000  0.0223  0.4417  0.1545  0.0471  0.7594 1 
 37.0184 -0.5494  1.6652  0.0790  0.5628  0.0866  0.4624  0.0464 -0.0003  0.4418 1 
 51.5267  0.4266 -2.5721  0.0031  0.0992  0.2332  0.3389  0.0185 -0.0003  0.0767 0 
 43.5187 -0.4398  0.5368  0.0193  0.2016  0.0310  0.4868  0.0511 -0.0003  0.1343 0 
 48.7434 -0.6954 -2.6719  0.0002  0.2603  0.0229  0.2578  0.0402 -0.0003  0.0529 0 
 43.0152  0.7169  0.4803  0.0047  0.5232  0.1091  0.5772  0.0263 -0.0003  0.2102 0 
 48.2490  0.6895  1.8911  0.0062  0.4774  0.1445  0.6032  0.0186  0.4058  0.4896 0 
 43.0762 -0.6700 -1.2479  0.0049  0.3341  0.0378  0.3550  0.0818 -0.0003  0.1185 0 
 47.2694  0.5540 -0.2811  0.0090  0.2810  0.1356  0.5197  0.0527 -0.0003  0.1970 0 
 44.1260 -0.5571  2.8237  0.0074  0.6532  0.0536  0.1323  0.0031 -0.0003  0.3828 0 
 46.2715  0.2097 -0.8848  0.0447  0.4266  0.0351  0.4355  0.1254 -0.0003  0.4235 0 
 44.1444 -0.1969  2.2696  0.0240  0.4713  0.0322  0.2205  0.0086  0.0639  0.3214 0 
 45.8564  0.3365  0.7659  0.1271  0.4280  0.1228  0.4802  0.2336 -0.0003  0.9136 1 
 42.9877 -0.2929 -2.3743  0.4229  0.3622  0.0676  0.4440  0.5037  0.2848  0.9997 1 
 50.9590 -0.0252 -2.5981  0.0006  0.3448  0.0398  0.2549  0.0357 -0.0003  0.1082 0 
 50.5623  0.0073  0.5616  0.0038  0.4515  0.0868  0.4257  0.0764  0.2267  0.4784 0 
 51.3466 -0.4195  0.4484  0.0590  0.3186  0.0309  0.3392  0.0198 -0.0003  0.2445 0 
 38.7976  0.4164 -2.7345  0.0108  0.4109  0.0314  0.4565  0.1015  0.0728  0.3315 0 
 45.1728 -0.5699  0.2463  0.0344  0.5388  0.0873  0.5697  0.2978 -0.0003  0.7211 1 
 43.9643  0.5563 -2.8699  0.0161  0.7247  0.0422  0.2649  0.0392  0.0951  0.4481 1 
 50.6172  0.0846 -0.9031  0.0295  0.1424  0.0218  0.4255  0.1011 -0.0003  0.1145 0 
 36.2921 -0.1161  2.2340  0.0001  0.4095  0.0431  0.3720  0.1268  0.2950  0.6499 0 
 48.9906  0.5936 -0.7899  0.2806  0.2640  0.0473  0.4721  0.3885 -0.0003  0.9895 0 
 38.1781 -0.6291  2.4067  0.1012  0.2503  0.1507  0.4126  0.2050  0.1079  0.8839 0 
 46.0761 -0.3937  1.4624  0.0000  0.4154  0.0091  0.1744  0.0004 -0.0003  0.0972 0 
 44.1718  0.3618 -1.6640  0.0340  0.6189  0.0179  0.3527  0.0319 -0.0003  0.1786 0 
 45.6092 -0.6081  2.2127  0.0753  0.1710  0.0393  0.1749  0.0640 -0.0003  0.2180 0 
 45.0080  0.6200 -0.8922  0.0345  0.2290  0.2683  0.3509  0.0090 -0.0003  0.2170 0 
 50.7424 -0.2661 -2.4179  0.0150  0.1589  0.0167  0.1701  0.0233 -0.0003  0.0491 0 
 45.4383  0.2746  0.7091  0.1182  0.2472  0.0216  0.3501  0.2917 -0.0003  0.6888 0 
 45.3071 -0.7297 -2.3820  0.0102  0.5913  0.0850  0.4379  0.2119 -0.0003  0.4642 0 
 37.9858  0.7373  0.7539  0.0229  0.1648  0.0388  0.3214  0.1165  0.1169  0.3233 0 
 46.4515 -0.1326  2.9731  0.0069  0.1414  0.0141  0.1740  0.0064 -0.0003  0.0457 0 
 41.3947  0.1180 -0.1788  0.0245  0.1290  0.0291  0.2243  0.0779 -0.0003  0.0648 0 
 47.8645  0.6322 -2.6027  0.0076  0.0592  0.0706  0.1295  0.0410 -0.0003  0.0944 0 
 42.3774 -0.6233  0.5342  0.0260  0.1590  0.0470  0.2674  0.0585 -0.0003  0.0988 0 
 45.6184  0.0144  0.1043  0.0267  0.2819  0.3358  0.4371  0.0154 -0.0003  0.2384 0 
 33.0602 -0.0346 -3.0478  0.0421  0.6729  0.0166  0.2387  0.0718 -0.0003  0.1998 0 
 47.3243 -0.0789 -3.1134  0.1155  0.3452  0.0403  0.4763  0.1248 -0.0003  0.6845 0 
 31.7052  0.0612 -0.1330  0.0554  0.2647  0.0750  0.5315  0.1473 -0.0003  0.4954 0 
 50.2174 -0.0201  2.4616  0.0093  0.4102  0.1010  0.6823  0.0539 -0.0003  0.2528 0 
 47.4037  0.0064 -0.7168  0.0086  0.3661  0.3725  0.3030  0.0085 -0.0003  0.2068 0 
 44.7578  0.5447 -0.3530  0.0050  0.5036  0.0673  0.4833  0.0131 -0.0003  0.1716 0 
 35.0042 -0.5538  2.8485  0.1145  0.3366  0.0212  0.0939  0.0464 -0.0003  0.2873 0 
 48.0659 -0.4343 -1.0067  0.0049  0.4512  0.0655  0.3881  0.0059 -0.0003  0.1731 0 
 43.2166  0.4771  2.1306  0.0752  0.2125  0.0174  0.2217  0.0229 -0.0003  0.1300 0 
 47.7943  0.1979  1.5752  0.0021  0.7694  0.0512  0.3023  0.0789 -0.0003  0.2668 0 
 35.7122 -0.2027 -1.5720  0.0443  0.1124  0.0535  0.3269  0.1498  0.2030  0.4937 0 
 45.8564  0.5802 -0.9268  0.0258  0.5958  0.0371  0.4802  0.0760  0.0523  0.4008 0 
 44.4129 -0.5733  2.2536  0.0219  0.1843  0.0399  0.4402  0.0444 -0.0003  0.1267 0 
 53.9315 -0.1298 -0.0094  0.0369  0.1735  0.0679  0.5863  0.1382 -0.0003  0.3465 0 
 49.7200  0.1275  3.1050  0.0059  0.7078  0.0540  0.3420  0.0217  0.2451  0.5834 0 
 52.5856 -0.6425  2.6559  0.0030  0.2604  0.0218  0.1686  0.0241 -0.0003  0.0730 0 
 43.8056  0.6485 -0.4879  0.0030  0.2859  0.0415  0.2651  0.0129 -0.0003  0.1082 0 
 39.6735  0.5349  0.0335  0.5108  0.3318  0.0404  0.4537  0.4348  0.2334  0.9993 1 
 38.1720 -0.4912  3.1265  0.2166  0.6103  0.0391  0.4127  0.1852 -0.0003  0.9157 1 
 52.2896  0.1002 -0.7684  0.0110  0.2499  0.0673  0.3377  0.0618 -0.0003  0.1475 0 
 42.1607 -0.0709  2.3674  0.0112  0.4471  0.0211  0.3124  0.0429 -0.0003  0.0981 0 
 46.8360 -0.3346  0.6223  0.0295  0.6108  0.0734  0.4775  0.0987 -0.0003  0.3530 0 
 31.1254  0.3073 -2.5040  0.2026  0.0745  0.0194  0.3886  0.0451  0.0433  0.5298 0 
 45.3498 -0.6485  0.6378  0.0716  0.2435  0.0219  0.2627  0.1142 -0.0003  0.2375 0 
 43.2288  0.6334 -2.5097  0.0171  0.5174  0.0421  0.1773  0.1332 -0.0003  0.2998 0 
 42.2004  0.1256  1.9302  0.0168  0.1656  0.0234  0.2231  0.0125 -0.0003  0.0564 0 
 40.2228 -0.1223 -1.2169  0.0297  0.0527  0.0890  0.1356  0.0141 -0.0003  0.1032 0 
 48.1758 -0.6049 -0.3166  0.0192  0.1276  0.0621  0.2155  0.0091 -0.0003  0.0990 0 
 44.8035  0.6034  2.8248  0.0079  0.1293  0.0824  0.2196  0.0334 -0.0003  0.0932 0 
 47.8675  0.6103 -0.4802  0.0051  0.6718  0.1038  0.4748  0.1467 -0.0003  0.3454 0 
 34.4915 -0.5474  2.6431  0.0003  0.2183  0.0438  0.0943  0.0421 -0.0003  0.1379 0 
 45.7160  0.4857  0.3365  0.6697  0.7073  0.0248  0.4369  0.7108  0.0280  0.9983 1 
 45.6886 -0.4827 -2.8094  0.0544  0.5029  0.0793  0.3496  0.0501  0.4260  0.8986 1 
 49.1737 -0.7648 -1.0283  0.0057  0.1869  0.0526  0.3001  0.1173 -0.0003  0.1196 0 
 43.7598  0.7576  2.1356  0.1418  0.2760  0.0173  0.2652  0.0179 -0.0003  0.3377 0 
 56.9406  0.6920 -0.1084  0.0043  0.1695  0.0338  0.2066  0.0124  0.2044  0.4157 0 
 56.5255 -0.7059  3.0550  0.0618  0.3440  0.0156  0.2897  0.0898 -0.0003  0.1848 0 
 48.7099  0.5685 -1.4654  0.0320  0.2556  0.0748  0.3438  0.0546 -0.0003  0.2206 0 
 43.4180 -0.5787  1.6892  0.0692  0.4517  0.0068  0.1772  0.0689 -0.0003  0.1673 0 
 47.1321 -0.1394  2.9572  0.2006  0.6303  0.0174  0.3034  0.2247 -0.0003  0.8494 1 
 38.6542  0.1268 -0.2186  0.0112  0.2952  0.0891  0.4113  0.0593 -0.0003  0.1743 1 
 48.8228  0.1847 -1.8326  0.0156  0.0987  0.0338  0.3865  0.0158  0.1068  0.1376 0 
 43.8453 -0.1939  1.3260  0.0290  0.5232  0.0140  0.3092  0.1104 -0.0003  0.1587 0 
 47.0619  0.1637 -0.8131  0.0076  0.4582  0.0232  0.3035  0.2418  0.0303  0.3826 0 
 41.1353 -0.1414  2.3424  0.0244  0.0518  0.3627  0.3145  0.0093  0.6422  0.4043 0 
 42.2248 -0.0243 -1.8488  0.0133  0.3948  0.0177  0.2677  0.0157 -0.0003  0.0928 0 
 39.1669  0.0207  1.2845  0.0366  0.3189  0.0210  0.2732  0.1502 -0.0003  0.2115 0 
 49.7719  0.4727 -0.1305  0.0363  0.1066  0.0276  0.2564  0.0878 -0.0003  0.0728 0 
 46.1128 -0.4741  3.0120  0.0140  0.5252  0.0180  0.2179  0.0204 -0.0003  0.1204 0 
 45.5848 -0.4171  1.7779  0.0261  0.6337  0.0272  0.3498  0.0589 -0.0003  0.2049 0 
 39.1211  0.4257 -1.4006  0.0256  0.2526  0.0397  0.1366  0.1490 -0.0003  0.2940 0 
 46.1891 -0.0794  0.8904  0.2742  0.2571  0.0443  0.3922  0.2545 -0.0003  0.9524 1 
 41.3031  0.1128 -2.2656  0.4358  0.7801  0.0239  0.4488  0.2683 -0.0003  0.9838 1 
 49.4881  0.7777  0.9611  0.0000  0.2016  0.0665  0.3852  0.0062 -0.0003  0.1053 0 
 42.3682 -0.7696 -2.1320  0.0223  0.7341  0.0313  0.4012  0.0457 -0.0003  0.2336 0 
 49.5552 -0.7643 -2.1644  0.0489  0.5438  0.0286  0.2139  0.0157 -0.0003  0.2580 0 
 44.7211  0.7617  0.9605  0.0188  0.2483  0.0217  0.3076  0.0130 -0.0003  0.0754 0 
 49.2256 -0.0247  0.5291  0.0125  0.2259  0.0285  0.4286  0.0660 -0.0003  0.1004 0 
 42.0386  0.0570 -2.6423  0.0285  0.2788  0.0352  0.3573  0.0392 -0.0003  0.1457 0 
 45.0324  0.7489 -1.4038  0.0605  0.3859  0.0659  0.4386  0.1425 -0.0003  0.5500 0 
 41.2604 -0.7506  1.7585  0.0110  0.5324  0.0457  0.4489  0.0135 -0.0003  0.1904 0 
 50.3334  0.0278 -2.3379  0.0267  0.0604  0.0221  0.2983  0.0280 -0.0003  0.0470 0 
 44.5594 -0.0270  0.8098  0.0662  0.1005  0.0983  0.1320  0.0335 -0.0003  0.1708 0 
 45.9632  0.6088 -1.3316  0.0224  0.3580  0.1547  0.3490  0.0278 -0.0003  0.2264 0 
 42.5757 -0.6282  1.8115  0.0076  0.4448  0.0167  0.4006  0.0226 -0.0003  0.0972 0 
 47.4830  0.0197 -0.8129  0.0585  0.2747  0.0239  0.2163  0.1138 -0.0003  0.2204 0 
 46.5492 -0.0236  2.3383  0.0143  0.5343  0.0289  0.4783  0.0215 -0.0003  0.1918 0 
 44.1657  0.3162  0.6876  0.0280  0.3890  0.1181  0.5731  0.0131 -0.0003  0.2560 0 
 36.7559 -0.3411 -2.4863  0.0193  0.0607  0.0440  0.0927  0.0013 -0.0003  0.0964 0 
 49.6468  0.7171 -0.3032  0.1017  0.6129  0.0348  0.5132  0.1796 -0.0003  0.8281 1 
 34.7478 -0.6919  2.8856  0.1534  0.1261  0.0411  0.2353  0.1758  0.4562  0.9971 1 
 47.0497 -0.4838  1.5042  0.4781  0.6151  0.1570  0.6071  0.3290 -0.0003  0.9965 1 
 44.4831  0.4794 -1.5429  0.2193  0.3540  0.0678  0.4840  0.2728 -0.0003  0.9699 1 
 65.1133 -0.3328  1.6765  0.1112  0.2345  0.0605  0.3199  0.1266 -0.0003  0.5956 0 
 44.5167  0.3236 -1.4911  0.0193  0.5666  0.0246  0.1760  0.0107 -0.0003  0.1788 0 
 49.1157  0.3832 -1.9536  0.1038  0.3273  0.3394  0.4288  0.0923 -0.0003  0.5813 0 
 32.9717 -0.3830  1.1602  0.0633  0.5871  0.0210  0.3344  0.0921  0.1905  0.6485 0 
 48.1849  0.5375  1.8137  0.5770  0.5844  0.0396  0.3447  0.6494 -0.0003  0.9982 1 
 47.8889 -0.5477 -1.3168  0.3327  0.5426  0.1519  0.3453  0.6169 -0.0003  0.9988 1 
 47.9316  0.4768 -3.1208  0.0635  0.6611  0.0428  0.3021  0.0993 -0.0003  0.5699 0 
 47.1199 -0.4708  0.0189  0.0103  0.2670  0.0362  0.2601  0.0235 -0.0003  0.0948 0 
 44.6571  0.3803  1.5721  0.0270  0.1099  0.0367  0.3077  0.0628 -0.0003  0.0725 0 
 41.5015 -0.3820 -1.5859  0.0644  0.2581  0.0092  0.2689  0.0316 -0.0003  0.1039 0 
 45.3986 -0.7591  0.2041  0.0053  0.2215  0.0295  0.2626  0.1827 -0.0003  0.1703 0 
 35.5627  0.7559 -2.8858  0.0075  0.1856  0.0798  0.4209  0.0744 -0.0003  0.1247 0 
 49.1707 -0.5883  2.7516  0.0278  0.1151  0.0314  0.3001  0.1269 -0.0003  0.1010 0 
 43.5798  0.5879 -0.3535  0.0258  0.3401  0.0453  0.3539  0.0507 -0.0003  0.1978 0 
 44.5869  0.0452 -1.1732  0.0950  0.4616  0.0483  0.4838  0.1277 -0.0003  0.6925 0 
 42.3041 -0.0257  1.9641  0.0088  0.0970  0.0971  0.1338  0.1722 -0.0003  0.2067 0 
 40.9155 -0.6298 -0.7249  0.0176  0.6460  0.0415  0.3599  0.0030 -0.0003  0.2358 0 
 33.3806  0.6439  2.4267  0.0153  0.2935  0.0179  0.2856  0.0038 -0.0003  0.0796 0 
 29.6269 -0.8034 -2.9749  0.1026  0.7259  0.0176  0.3942  0.1165 -0.0003  0.6132 1 
 28.3452  0.7865  0.1554  0.2446  0.5895  0.0482  0.4494  0.2000 -0.0003  0.9458 1 
 44.8432 -0.5787  2.7831  0.0087  0.6987  0.0301  0.3074  0.0275 -0.0003  0.1627 0 
 44.2786  0.5229 -0.3917  0.0035  0.1359  0.0653  0.9252  0.0268 -0.0003  0.2489 0 
 45.9236 -0.7065 -1.6567  0.0122  0.1250  0.0506  0.3491  0.0093 -0.0003  0.0817 0 
 45.7313  0.7084  1.4743  0.0562  0.2205  0.0244  0.3495  0.0196 -0.0003  0.1536 0 
 51.2703  0.7452 -1.3385  0.0776  0.1617  0.0786  0.3393  0.0076 -0.0003  0.2479 0 
 43.7598 -0.7315  1.8143  0.0234  0.4530  0.0154  0.1326  0.0071 -0.0003  0.1477 0 
 43.3173 -0.4012  0.0518  0.0204  0.5153  0.1040  0.7090  0.0218 -0.0003  0.2714 0 
 42.4933  0.3790  3.1395  0.0257  0.3376  0.0375  0.1782  0.0535 -0.0003  0.1794 0 
 45.4932  0.6079  1.3799  0.0723  0.6752  0.1302  0.3937  0.0224 -0.0003  0.3926 0 
 38.9715 -0.6180 -1.7755  0.0009  0.0762  0.0374  0.0912  0.0473 -0.0003  0.0704 0 
 46.7292  0.3049  0.7921  0.0297  0.1428  0.1307  0.3041  0.0106 -0.0003  0.1113 0 
 31.2016 -0.3024 -2.4030  0.0099  0.5682  0.0367  0.3398  0.0276 -0.0003  0.1759 0 
 48.9967 -0.4821  0.9502  0.0518  0.7777  0.0338  0.1717  0.0960 -0.0003  0.3613 1 
 26.8498  0.4542 -2.2112  0.3814  0.2135  0.0119  0.2030  0.5079  0.2393  0.9992 1 
 49.9550 -0.2683 -2.6768  0.0303  0.0921  0.0343  0.2989  0.0294 -0.0003  0.0636 0 
 48.2185  0.2743  0.4597  0.0011  0.4092  0.1775  0.4740  0.0818 -0.0003  0.2351 0 
 43.7537  0.6625 -2.1575  0.6996  0.8036  0.0417  0.7071  0.6844 -0.0003  0.9975 1 
 34.1070 -0.6602  0.9760  0.2253  0.2207  0.0053  0.1420  0.1566  0.1167  0.7544 1 
 47.7516  0.3330 -0.7445  0.0033  0.4742  0.0182  0.2592  0.1422 -0.0003  0.1356 0 
 42.1271 -0.2951  2.3847  0.0721  0.2597  0.0501  0.4911  0.0663 -0.0003  0.4145 0 
 50.1259 -0.7935 -0.7480  0.0550  0.3316  0.0273  0.2133  0.0179 -0.0003  0.1962 0 
 45.7130  0.8036  2.4238  0.0492  0.6020  0.0519  0.2184  0.0646 -0.0003  0.4838 0 
 39.5087 -0.7765  1.6185  0.0155  0.3809  0.0374  0.2271  0.0037 -0.0003  0.1887 0 
 23.1235  0.7851 -1.5442  0.0239  0.7325  0.0078  0.3190  0.0744 -0.0003  0.1522 0 
 47.0314  0.6872 -2.9734  0.0026  0.0507  0.0285  0.2602  0.0063 -0.0003  0.0490 0 
 39.7559 -0.6877  0.1615  0.0250  0.5111  0.0464  0.3628  0.1453 -0.0003  0.4122 0 
 49.9825  0.2482 -2.1696  0.1171  0.3127  0.0360  0.4696  0.0373 -0.0003  0.5048 0 
 49.9519 -0.2404  0.9616  0.0396  0.5309  0.0174  0.2989  0.0196 -0.0003  0.1650 0 
 44.4160  0.5829  3.1333  0.0334  0.6444  0.0236  0.3522  0.0539  0.0756  0.3842 1 
 35.2758 -0.5972  0.0130  0.1768  0.2690  0.1727  0.2812  0.2542  0.9049  0.9982 1 
 45.5940 -0.7149 -1.9561  0.0524  0.3267  0.0072  0.3060  0.0595 -0.0003  0.1111 0 
 44.4953  0.7256  1.1940  0.0569  0.5489  0.0184  0.2640  0.1533 -0.0003  0.3164 0 
 48.9082 -0.7561 -0.3837  0.1252  0.1455  0.0301  0.1717  0.1933 -0.0003  0.4901 0 
 45.6580  0.7407  2.7675  0.0070  0.1354  0.1422  0.3059  0.0401 -0.0003  0.0805 0 
 46.2348  0.5063 -1.8302  0.0309  0.1591  0.2359  0.3485  0.0130 -0.0003  0.1651 0 
 45.7282 -0.5036  1.3252  0.0291  0.3242  0.0490  0.4369  0.0322 -0.0003  0.2245 0 
 49.3843  0.6938  0.7792  0.0237  0.3656  0.0230  0.3426  0.0283 -0.0003  0.1196 0 
 37.6532 -0.6931 -2.3758  0.0633  0.2553  0.0483  0.1841  0.0640 -0.0003  0.3083 0 
 45.4780 -0.0892  1.3396  0.0115  0.3636  0.0641  0.1750  0.0737 -0.0003  0.2854 0 
 37.0947  0.0381 -1.8108  0.0034  0.1201  0.0258  0.1387 -0.0008 -0.0003  0.0657 0 
 51.1086 -0.7821 -2.0852  0.0033  0.6639  0.0681  0.5518  0.0234 -0.0003  0.2037 0 
 43.7476  0.7992  1.0983  0.0096  0.5126  0.0198  0.2652  0.0449 -0.0003  0.1047 0 
 58.0026  0.6481  1.6191  0.0400  0.4691  0.1264  0.6580  0.0314 -0.0003  0.3263 0 
 42.0569 -0.6455 -1.5571  0.0589  0.2722  0.0985  0.4913  0.0245 -0.0003  0.3278 0 
 48.1331 -0.4518  0.3377  0.0039  0.3547  0.0417  0.4742  0.0113 -0.0003  0.1498 0 
 42.9877  0.4275 -2.7946  0.0086  0.1597  0.0222  0.2664  0.0106 -0.0003  0.0488 0 
 45.9480  0.7697 -1.0307  0.0448  0.1111  0.0264  0.3927  0.0507 -0.0003  0.0971 0 
 40.8087 -0.7539  2.1113  0.1734  0.6519  0.0169  0.1801  0.1332 -0.0003  0.6605 0 
 48.6976 -0.3961  0.9589  0.0039  0.2566  0.0224  0.2149  0.0135 -0.0003  0.0664 0 
 47.2816  0.3941 -2.1475  0.0019  0.5376  0.1701  0.3464  0.1162 -0.0003  0.3134 0 
 50.4768  0.5762 -0.3742  0.3585  0.6324  0.0956  0.6813  0.1110 -0.0003  0.9602 1 
 36.3500 -0.5628  2.7705  0.1834  0.4960  0.0395  0.4183  0.2971  0.2080  0.9711 1 
 45.3559 -0.4989 -1.9463  0.0248  0.3640  0.0208  0.2627  0.0473 -0.0003  0.1045 0 
 44.6754  0.4889  1.1520  0.0067  0.3760  0.0477  0.6153  0.0135 -0.0003  0.1905 0 
 50.1320  0.3632 -1.3020  0.0072  0.6849  0.0800  0.5973  0.0344 -0.0003  0.2401 0 
 44.1077 -0.3691  1.8327  0.0084  0.6339  0.0179  0.2205  0.0526 -0.0003  0.1212 0 
 46.8482  0.3664 -0.1989  0.0656  0.2765  0.0659  0.4775  0.1285 -0.0003  0.5016 0 
 46.0212 -0.3735  2.9292  0.1710  0.5815  0.0208  0.3925  0.2457  0.1640  0.9040 0 
 47.0253 -0.1459 -2.4238  0.0090  0.4999  0.0945  0.6072  0.0499 -0.0003  0.2292 0 
 44.7211  0.1038  0.7575  0.0111  0.0580  0.0225  0.0879  0.0059 -0.0003  0.0673 0 
 47.2999 -0.0255  2.4146  0.0005  0.5063  0.0142  0.2598  0.0657 -0.0003  0.0867 0 
 45.6947  0.0246 -0.7153  0.0303  0.3599  0.0533  0.3496  0.0084 -0.0003  0.2372 0 
 45.0996 -0.5858  2.0316  0.0107  0.1627  0.0153  0.3507  0.0390 -0.0003  0.0438 0 
 32.8588  0.5876 -1.1005  0.0444  0.4021  0.0618  0.3826  0.0958 -0.0003  0.4055 0 
 45.9541 -0.5523 -1.4614  0.6584  0.4236  0.1064  0.6108 -0.0200 -0.0003  0.9881 1 
 41.1963  0.5611  1.7497  0.0733  0.6253  0.1431  0.4042  0.0214 -0.0003  0.3774 1 
 71.8303 -0.3108  1.5234  0.0178  0.0503  0.0293  0.2344  0.0010 -0.0003  0.0563 0 
 47.7363  0.3161 -1.6301  0.0658  0.7202  0.0788  0.6912  0.0347 -0.0003  0.4375 0 
 53.0404 -0.1742 -1.3704  0.0017  0.5459  0.1900  0.5467  0.0328 -0.0003  0.2377 0 
 44.5899  0.1339  1.6838  0.0577  0.4448  0.0280  0.3518  0.0347 -0.0003  0.2966 0 
 47.6570  0.6706  1.1264  0.0102  0.0684  0.0395  0.3458  0.0499 -0.0003  0.0598 0 
 47.5837 -0.6751 -2.0209  0.0600  0.2794  0.0341  0.2162  0.0351 -0.0003  0.2130 0 
 45.3712  0.0462  0.7429  0.0452  0.3542  0.0327  0.3064  0.0305 -0.0003  0.2102 0 
 45.2369 -0.0354 -2.4166  0.0738  0.1476  0.0146  0.3943  0.0786 -0.0003  0.1686 0 
 39.0875  0.3181  2.5123  0.0525  0.5011  0.0417  0.7289  0.1663 -0.0003  0.6184 1 
 31.1589 -0.2708 -0.6494  0.0611  0.8339  0.0333  0.3399  0.0944 -0.0003  0.5092 1 
 49.3385 -0.4492 -0.4421  0.0078  0.2726  0.0464  0.2570  0.0241 -0.0003  0.1175 0 
 44.8524  0.4449  2.6977  0.0155  0.1811  0.0530  0.3073  0.0076 -0.0003  0.1073 0 
 42.2156  0.5068  3.0628  0.2133  0.2682  0.0340  0.4462  0.3187 -0.0003  0.9478 1 
 37.9187 -0.5179 -0.0964  0.2917  0.1523  0.0779  0.1837  0.1834 -0.0003  0.9114 1 
 47.4342 -0.6562 -1.6330  0.0095  0.5422  0.0337  0.3029  0.0364 -0.0003  0.1546 0 
 46.0578  0.6516  1.5227  0.0081  0.6831  0.0228  0.4797  0.0624 -0.0003  0.1714 0 
 37.5708  0.4974 -1.1778  0.0147  0.7457  0.0716  0.5987  0.2587  0.3786  0.9139 1 
 26.7796 -0.5423  1.9978  0.0974  0.4969  0.0444  0.5079  0.1511  0.3805  0.9898 1 
 49.6010 -0.2341 -1.9520  0.1141  0.6976  0.0645  0.2994  0.1623 -0.0003  0.8937 1 
 43.7018  0.2235  1.2028  0.7717  0.4780  0.0649  0.5305  0.6669 -0.0003  0.9979 1 
 61.4054 -0.3764 -3.1304  0.0434  0.1113  0.0937  0.2839  0.0579 -0.0003  0.1250 0 
 44.1413  0.4065  0.0094  0.0856  0.3021  0.0104  0.3528  0.1943 -0.0003  0.3841 0 
 46.7292 -0.3866  1.1828  0.0113  0.2353  0.0283  0.3475  0.0626 -0.0003  0.0758 0 
 45.6886  0.3706 -1.9397  0.0277  0.4483  0.0744  0.3496  0.1141 -0.0003  0.3765 0 
 50.2174  0.2489 -2.4806  0.0285  0.5726  0.0390  0.1279  0.0129 -0.0003  0.3159 0 
 49.5308 -0.2427  0.6302  0.0438  0.0161  0.0229  0.5563  0.0256 -0.0003  0.1060 0 
 60.3311 -0.4562 -0.3390  0.0738  0.5590  0.3915  0.3666  0.0273 -0.0003  0.3609 0 
 42.5696  0.4796  2.9115  0.0143  0.5035  0.0213  0.3117  0.0169 -0.0003  0.1247 0 
 46.2348 -0.6324  1.1711  0.0020  0.5919  0.0351  0.2613  0.0342 -0.0003  0.1563 0 
 40.5097  0.6498 -1.9386  0.0524  0.0677  0.1746  0.2256  0.0709 -0.0003  0.0931 0 
 48.5664  0.3510 -0.1642  0.0226  0.2720  0.0425  0.2580  0.0372 -0.0003  0.1366 0 
 43.3722 -0.3402  2.9960  0.0088  0.5785  0.0659  0.1772  0.0327 -0.0003  0.3456 0 
 47.0497 -0.7836 -1.5329  0.0003  0.0632  0.0086  0.3035  0.0567 -0.0003  0.0318 0 
 43.6225  0.7629  1.6213  0.0704  0.1012  0.0522  0.2211  0.0892 -0.0003  0.1619 0 
 51.4900  0.5494 -0.1424  0.0414  0.4783  0.0290  0.3390  0.0222 -0.0003  0.2429 0 
 44.0803 -0.5336  3.0229  0.0188  0.2706  0.0213  0.2646  0.0270 -0.0003  0.0741 0 
 43.2349  0.0207 -1.9219  0.0010  0.0388  0.0508  0.0887  0.1324 -0.0003  0.1104 0 
 42.0142 -0.0153  1.1819  0.0153  0.1406  0.0510  0.5361  0.1612  0.0726  0.2756 0 
 51.5267 -0.5318 -0.8971  0.0511  0.1933  0.0566  0.2965  0.1575 -0.0003  0.3616 0 
 45.5451  0.5375  2.2201  0.0390  0.4491  0.0149  0.2187  0.0572 -0.0003  0.1317 0 
 44.3214 -0.7296 -2.5463  0.0201  0.7444  0.0156  0.3964  0.0174 -0.0003  0.1573 0 
 29.0318  0.7124  0.5597  0.0390  0.2913  0.0598  0.4462  0.0572 -0.0003  0.2801 0 
 40.8209 -0.6073 -1.6771  0.0385  0.2706  0.0515  0.3602  0.0151 -0.0003  0.2148 1 
 37.9797  0.5924  1.4399  0.1607  0.1134  0.0478  0.2296  0.2707 -0.0003  0.7074 1 
 50.9621 -0.1608 -0.3581  0.3912  0.4271  0.1995  0.7647  0.2460 -0.0003  0.9918 0 
 43.4241  0.1583  2.7728  0.0835  0.7376  0.0328  0.3100  0.2222 -0.0003  0.7585 0 
 47.0100 -0.4694  2.2349  0.0709  0.3827  0.0606  0.4771  0.0605  0.0402  0.5276 0 
 46.6499  0.4657 -0.9233  0.0425  0.7929  0.0159  0.2173  0.0778 -0.0003  0.2374 0 
 45.1850 -0.7634 -1.3019  0.1028  0.3316  0.0237  0.3068  0.0175 -0.0003  0.3433 0 
 45.1667  0.7587  1.8341  0.0467  0.4317  0.0581  0.3068  0.0142 -0.0003  0.3374 0 
 43.9979  0.7429  2.9676  0.0519  0.5581  0.1878  0.3972  0.0889 -0.0003  0.3805 0 
 43.7263 -0.7336 -0.2793  0.0333  0.2821  0.2021  0.3978  0.0080 -0.0003  0.2313 0 
 45.2674 -0.5040  2.9061  0.0860  0.5226  0.1242  0.5694  0.0327 -0.0003  0.4193 0 
 43.2044  0.5253 -0.2638  0.0233  0.1766  0.0035  0.0887  0.0678 -0.0003  0.0753 0 
 47.1351 -0.0857  1.4712  0.2085  0.4466  0.1004  0.4768  0.1276 -0.0003  0.8629 1 
 42.9358  0.1116 -1.7024  0.3827  0.3979  0.1427  0.7995  0.5694 -0.0003  0.9988 1 
 48.3558 -0.1873  0.0045  0.0094  0.4027  0.3861  0.3875  0.0182 -0.0003  0.2179 0 
 46.7292  0.2060 -3.0875  0.0693  0.1819  0.0584  0.2172  0.0452 -0.0003  0.2473 0 
 43.6744 -0.7967 -1.3928  0.0493  0.5529  0.0305  0.2211  0.0938 -0.0003  0.2914 0 
 41.8830  0.8029  1.7167  0.0244  0.2138  0.0867  0.3130  0.0058 -0.0003  0.1594 0 
 59.6689 -0.1891 -2.9904  0.0186  0.0498  0.2286  0.3268  0.0356 -0.0003  0.0498 0 
 48.1819  0.2288  0.1222  0.0017  0.7507  0.2422  0.4741  0.2058 -0.0003  0.5016 0 
 48.7373 -0.7694  2.6318  0.0052  0.6493  0.0329  0.4297  0.0458 -0.0003  0.1632 0 
 32.1141  0.7721 -0.5300  0.0605  0.8147  0.0219  0.2407  0.0248  0.1898  0.6511 0 
 47.4861 -0.2282 -2.6606  0.0562  0.5178  0.0191  0.4326  0.1354 -0.0003  0.4376 0 
 45.4109  0.2322  0.4830  0.0470  0.1529  0.0627  0.4377  0.2200 -0.0003  0.3814 0 
 50.3395  0.5697 -0.3497  0.0206  0.2305  0.1426  0.5114  0.2481 -0.0003  0.4524 0 
 46.5339 -0.5851  2.8023  0.0438  0.1954  0.0809  0.2609  0.0651 -0.0003  0.2342 0 
 46.6621 -0.0188  0.1351  0.0365  0.3378  0.0974  0.4346  0.0168 -0.0003  0.2464 0 
 33.3013  0.0542 -3.0040  0.0125  0.4109  0.0498  0.3335  0.1082 -0.0003  0.2394 0 
 52.2530  0.6811 -1.4138  0.0514  0.2146  0.1782  0.3377  0.0181 -0.0003  0.2380 0 
 48.6915 -0.6787  1.7992  0.0786  0.2269  0.0229  0.2579  0.0595 -0.0003  0.1818 0 
 42.0630  0.3332  1.2214  0.6201  0.3453  0.3648  0.4020  0.7287 -0.0003  0.9989 1 
 35.9808 -0.2900 -1.9006  0.3421  0.2886  0.0392  0.3263  0.5223  0.1423  0.9974 1 
 47.3304  0.4183 -2.5378  0.0280  0.4241  0.1125  0.5196  0.0402 -0.0003  0.2609 0 
 38.1140 -0.3638  0.6234  0.0034  0.3384  0.0292  0.2752  0.0278  0.1258  0.2789 0 
 39.1760  0.5224 -1.2751  0.0722  0.5480  0.0433  0.4098  0.0555 -0.0003  0.5189 1 
 35.0408 -0.5170  1.9221  0.0015  0.0705  0.1160  0.2348  0.0788  0.6067  0.5952 1 
 47.4464 -0.2422 -0.2607  0.0566  0.3794  0.1207  0.3894  0.1070 -0.0003  0.4345 0 
 45.3071  0.2046  2.8636  0.0577  0.3013  0.1350  0.6131  0.0264 -0.0003  0.3741 0 
 47.0100  0.4514 -0.3855  0.0874  0.3068  0.1220  0.3470  0.1080  0.1882  0.7645 1 
 45.5085 -0.4311  2.7663  0.2412  0.6289  0.0482  0.5249  0.1669 -0.0003  0.9325 1 
 51.0536 -0.1349  2.5146  0.3042  0.1483  0.0600  0.3397  0.1741 -0.0003  0.8939 0 
 47.3610  0.1384 -0.6246  0.0869  0.6240  0.0122  0.1732  0.0512 -0.0003  0.2768 0 
 39.6002  0.2254 -1.9175  0.3654  0.6794  0.0610  0.3631  0.3615  0.4634  0.9996 1 
 39.5239 -0.2389  1.1552  0.2708  0.4192  0.0717  0.3633  0.3518  0.4627  0.9994 1 
 53.0037  0.2566 -1.6245  0.4682  0.5293  0.0352  0.4206  0.3485 -0.0003  0.9926 1 
 51.0536 -0.2612  1.4906  0.2780  0.5923  0.0530  0.4671  0.4537 -0.0003  0.9950 1 
 49.5308 -0.3975 -0.5591  0.0211  0.4000  0.0500  0.3423  0.0755 -0.0003  0.2345 0 
 37.5738  0.4162  2.5661  0.0988  0.6619  0.0087  0.2763  0.1223  0.0212  0.4600 0 
 43.6072  0.6457  1.4195  0.1689  0.1983  0.0779  0.3539  0.1367  0.2622  0.9128 1 
 43.1250 -0.6479 -1.7416  0.4799  0.1666  0.0631  0.2218  0.1065  0.5107  0.9975 1 
 46.2013  0.1355  3.0398  0.0808  0.3759  0.0215  0.3485  0.1885 -0.0003  0.5131 0 
 41.9959 -0.1310 -0.1006  0.0266  0.4408  0.1090  0.1787  0.0067 -0.0003  0.2754 0 
 48.8319  0.6873 -0.9258  0.0164  0.4618  0.0273  0.5154  0.0541 -0.0003  0.2124 0 
 42.2766 -0.6587  2.2245  0.0180  0.3190  0.0451  0.4460  0.2246 -0.0003  0.3868 0 
 44.8310  0.1172  0.5466  0.1401  0.3928  0.2785  0.4391  0.2873  0.7735  0.9894 1 
 41.1658 -0.0997 -2.6333  0.2276  0.5919  0.0387  0.4492  0.1916  0.1371  0.9035 1 
 44.1535  0.7213 -0.7023  0.0813  0.2760  0.0184  0.3527  0.1307 -0.0003  0.3407 0 
 43.0701 -0.7204  2.4695  0.0409  0.4609  0.0429  0.2663  0.0853 -0.0003  0.3335 0 
 55.6863 -0.0564 -0.5619  0.3057  0.5559  0.0319  0.4986  0.3769 -0.0003  0.9875 1 
 45.3895  0.0520  2.5655  0.2148  0.5714  0.0978  0.2189  0.2158 -0.0003  0.9709 1 
 50.5714 -0.0731 -0.8092  0.0021  0.4703  0.0925  0.5534  0.0914 -0.0003  0.2201 0 
 44.4038  0.0567  2.3002  0.0131  0.4792  0.0843  0.3522  0.0971 -0.0003  0.2748 0 
 45.4536  0.7172  1.2387  0.0658  0.2504  0.0496  0.3501  0.0703 -0.0003  0.3251 0 
 34.9523 -0.7071 -1.8652  0.0036  0.0629  0.1165  0.1880  0.1169 -0.0003  0.0972 0 
 48.0934 -0.7812 -2.9925  0.0701  0.7208  0.0229  0.1294  0.0344  0.3057  0.9147 0 
 32.1141  0.7825  0.1054  0.0000  0.3616  0.0327  0.2407  0.0582 -0.0003  0.0955 0 
 46.6621  0.7628 -0.3743  0.0112  0.5173  0.0113  0.2173  0.0025 -0.0003  0.1117 0 
 43.3204 -0.7579  2.7700  0.0743  0.4383  0.0243  0.2659  0.0923 -0.0003  0.3180 0 
 49.0639  0.6867 -2.0209  0.0032  0.1243  0.0465  0.4290  0.0714 -0.0003  0.0822 0 
 44.6113 -0.6977  1.1014  0.0258  0.2846  0.0176  0.2638  0.1232 -0.0003  0.1272 0 
 52.4147 -0.5433  1.2567  0.0334  0.6786  0.0966  0.2953  0.0584 -0.0003  0.3612 0 
 32.4651  0.5250 -1.9664  0.0005  0.2495  0.0206  0.0960  0.0892 -0.0003  0.1166 0 
 46.0182 -0.3571  3.0465  0.0390  0.1859  0.0154  0.2181  0.1806 -0.0003  0.2018 0 
 44.9409  0.3616 -0.1021  0.0359  0.2920  0.1763  0.6144  0.2391 -0.0003  0.6625 0 
 56.2966 -0.1283 -1.5849  0.0580  0.2171  0.2058  0.4972  0.0775 -0.0003  0.3671 0 
 46.5156  0.1535  1.5332  0.0070  0.1168  0.0662  0.5654  0.0074 -0.0003  0.1065 0 
 44.3030  0.5603 -1.3227  0.0093  0.2795  0.0398  0.3084  0.0189 -0.0003  0.1080 0 
 43.2319 -0.5708  1.8128  0.0273  0.0436  0.0008  0.1330  0.0097 -0.0003  0.0374 0 
 46.3325 -0.1587  1.8140  0.0260  0.1646  0.1476  0.4789  0.0659 -0.0003  0.1892 0 
 37.7386  0.1696 -1.2938  0.0194  0.4471  0.0114  0.2300  0.0176 -0.0003  0.0989 0 
 39.4415  0.7078  3.0319  0.0141  0.4003  0.0254  0.4999  0.1603 -0.0003  0.2838 1 
 36.6888 -0.6957 -0.0944  0.0278  0.1384  0.0485  0.4636  0.1534  0.1395  0.3773 1 
 42.7955 -0.2393  1.0289  0.4204  0.6852  0.0242  0.3556  0.4352  0.3542  0.9994 1 
 33.1029  0.2287 -2.1040  0.3396  0.4279  0.0421  0.3340  0.4174  0.1828  0.9964 1 
 45.8747 -0.4502  1.6007  0.0916  0.2255  0.0584  0.3492  0.1502 -0.0003  0.5623 0 
 45.8289  0.4448 -1.5677  0.1557  0.4156  0.1078  0.3930  0.0817  0.2150  0.8842 0 
 42.0783 -0.1142  2.6238  0.1253  0.5986  0.0574  0.3126  0.2009  0.4179  0.9953 1 
 39.2248  0.0694 -0.4893  0.4339  0.4145  0.0631  0.3186  0.1693  0.3286  0.9928 1 
 50.6905 -0.6204  0.3620  0.0692  0.2637  0.0834  0.2553  0.0806 -0.0003  0.4444 0 
 46.4363  0.6109 -2.8036  0.0367  0.0771  0.0163  0.1740  0.0076 -0.0003  0.0483 0 
 50.7271 -0.0999 -1.5195  0.2065  0.2309  0.1018  0.2552  0.2624 -0.0003  0.9448 0 
 38.5260  0.1707  1.7046  0.0854  0.3183  0.1548  0.4116  0.1163  0.4602  0.8901 0 
 52.2408  0.6385  0.3736  0.0241  0.1078  0.1006  0.2111  0.0182 -0.0003  0.0933 0 
 48.1514 -0.6408 -2.6810  0.0457  0.5835  0.1882  0.6897  0.0226 -0.0003  0.3396 0 
 46.8635 -0.2614  1.4365  0.0182  0.3153  0.0667  0.3039  0.0015 -0.0003  0.2025 0 
 45.9693  0.2618 -1.6565  0.0411  0.5500  0.0496  0.0873 -0.0200 -0.0003  0.4498 0 
 41.2390 -0.5644  0.3338  0.0002  0.1706  0.0606  0.4041  0.0163 -0.0003  0.0908 0 
 40.1495  0.5950 -2.7715  0.0007  0.6620  0.0354  0.5427  0.0290 -0.0003  0.1714 0 
 51.5846  0.4176  0.2575  0.0140  0.3251  0.0305  0.2965  0.0090 -0.0003  0.1169 0 
 48.4443 -0.4169 -2.8537  0.0290  0.0188  0.0179  0.2152  0.0140 -0.0003  0.0444 0 
 45.4749  0.6281 -1.8124  0.0062  0.3050  0.0504  0.3062  0.0259 -0.0003  0.1314 0 
 42.9572 -0.6376  1.3211  0.0045  0.2519  0.0614  0.3109  0.0484 -0.0003  0.1206 0 
 42.7192 -0.1113  0.9553  0.0762  0.5785  0.0663  0.4893  0.1080  0.1112  0.7463 1 
 41.8372  0.1308 -2.1920  0.0799  0.5526  0.0534  0.3131  0.0845  0.4911  0.9952 1 
 47.6417 -0.3997 -0.7642  0.0118  0.2132  0.0314  0.3458  0.0390 -0.0003  0.0738 0 
 45.4414  0.4103  2.3957  0.0240  0.4199  0.0630  0.6126  0.0709  0.2378  0.5634 0 
 45.3651 -0.7354 -2.0608  0.0320  0.2973  0.1019  0.3502  0.1135 -0.0003  0.3312 0 
 35.2331  0.7270  1.0960  0.0254  0.3403  0.0387  0.2344  0.0223 -0.0003  0.1752 0 
 56.2142  0.0510 -2.7592  0.0129  0.1160  0.1638  0.2072  0.0770 -0.0003  0.0964 0 
 48.2643 -0.0094  0.4378  0.0111  0.3036  0.0211  0.2154  0.0572  0.1809  0.4272 0 
 33.1975 -0.5856 -2.6082  0.0087  0.1212  0.0467  0.0477  0.0052 -0.0003  0.1278 0 
 31.7174  0.6180  0.5531  0.0019  0.6941  0.0188  0.2899  0.0253 -0.0003  0.1133 0 
 47.6295 -0.7771  0.5906  0.0324  0.2512  0.0384  0.3026  0.0043 -0.0003  0.1552 0 
 46.9612  0.7699 -2.5220  0.0013  0.2612  0.0537  0.3471  0.1252 -0.0003  0.1534 0 
 49.7902  0.4332 -2.8205  0.0038  0.0760  0.0261  0.2137  0.0125 -0.0003  0.0465 0 
 38.8525 -0.4473  0.3639  0.0019  0.7200  0.0501  0.5476  0.0312  0.1417  0.3375 0 
 41.7853 -0.3127 -2.2433  0.1198  0.5925  0.0847  0.6264  0.0804 -0.0003  0.6827 0 
 41.7121  0.2749  0.8784  0.0114  0.4506  0.0955  0.6267  0.0123 -0.0003  0.2169 0 
 45.7527 -0.0018  0.8224  0.0379  0.6564  0.1422  0.8299  0.0756  0.1752  0.6823 1 
 35.9472  0.0004 -2.3074  0.1448  0.5904  0.0294  0.1865  0.0998  0.0999  0.7289 1 
 49.8177  0.5138  0.9347  0.1204  0.3316  0.0359  0.2564  0.0615 -0.0003  0.4889 0 
 39.3256 -0.4836 -2.2263  0.0136  0.3262  0.0822  0.5458  0.0117 -0.0003  0.1925 0 
 44.0009 -0.0522 -0.0726  0.0417  0.8358  0.0177  0.1324  0.1131  0.1216  0.4379 0 
 39.4202  0.0322  3.0883  0.0076  0.3054  0.0407  0.5000  0.0648 -0.0003  0.1624 0 
 45.1667  0.5917 -0.5734  0.0158  0.6876  0.0677  0.4821  0.0521 -0.0003  0.2593 0 
 44.5716 -0.5946  2.5752  0.0047  0.4449  0.0521  0.4398  0.0317 -0.0003  0.1651 0 
 45.1484 -0.0044  0.2607  0.1905  0.2835  0.0951  0.4822  0.0107  0.2048  0.8224 0 
 41.5106 -0.0610 -2.8600  0.0281  0.4876  0.0370  0.4034  0.0264 -0.0003  0.2417 0 
 45.7191  0.7284  3.0046  0.0579  0.1428  0.0287  0.3058  0.0613  0.2752  0.7421 0 
 42.1271 -0.7340 -0.1043  0.0118  0.6733  0.0673  0.3125  0.1262  0.4146  0.9112 0 
 46.0578  0.0353  2.4518  0.6088  0.4639  0.0445  0.5232  0.8260 -0.0003  0.9985 1 
 45.0782 -0.0252 -0.7007  0.1026  0.3483  0.1225  0.5262  0.1501 -0.0003  0.7264 1 
 48.0171 -0.4193  1.3775  0.0407  0.7696  0.1132  0.3451  0.0771 -0.0003  0.4233 0 
 45.6458  0.4370 -1.7166  0.0807  0.4176  0.0757  0.4808  0.1169 -0.0003  0.5855 0 
 52.0912 -0.5132 -2.3590  0.0453  0.3885  0.1234  0.5070  0.0712 -0.0003  0.3424 0 
 36.6308  0.5020  0.8075  0.1024  0.1725  0.0343  0.2319  0.0383 -0.0003  0.2345 0 
 48.5573 -0.5803  1.2754  0.1363  0.3171  0.0298  0.2151  0.1122 -0.0003  0.5390 0 
 47.3487  0.5736 -1.8451  0.0116  0.3429  0.0556  0.3463  0.0673 -0.0003  0.1775 0 
 49.2317 -0.6635  3.1299  0.0163  0.7130  0.0245  0.2571  0.0258 -0.0003  0.1606 0 
 48.3955  0.6692 -0.0037  0.0142  0.3199  0.0444  0.3444  0.0162 -0.0003  0.1513 0 
 35.5993 -0.4322 -1.7436  0.5584  0.2860  0.0491  0.2805  0.5238 -0.0003  0.9970 1 
 25.5741  0.4002  1.3891  0.2350  0.4717  0.0313  0.1030  0.1579  0.3461  0.9874 1 
 46.6468 -0.7484  0.7775  0.0191  0.0976  0.0855  0.3477  0.0062 -0.0003  0.0795 0 
 43.8605  0.7467 -2.3637  0.0138  0.3456  0.0249  0.3092  0.0425 -0.0003  0.0916 0 
 41.5625  0.6731  1.2289  0.0000  0.3109  0.0298  0.1792  0.0749 -0.0003  0.1012 1 
 36.4538 -0.7050 -1.9698  0.1605  0.7455  0.0060  0.2322  0.0897  0.1254  0.6956 1 
 44.7547 -0.7067  0.0615  0.0231  0.5766  0.0840  0.3954  0.0384 -0.0003  0.2503 0 
 39.7070  0.6758 -3.0475  0.0251  0.2139  0.1317  0.4990  0.0527  0.1340  0.3257 0 
 48.5908  0.0547 -1.3650  0.0469  0.3806  0.0970  0.5160  0.0886 -0.0003  0.3858 0 
 44.9897 -0.0462  1.7826  0.0052  0.1820  0.0241  0.3949  0.0175 -0.0003  0.0603 0 
 47.5227  0.3215 -0.0422  0.0158  0.3837  0.0430  0.3460  0.0005  0.2657  0.5751 0 
 37.9614 -0.3275  3.1268  0.0499  0.7090  0.0214  0.0918  0.0192 -0.0003  0.2207 0 
 43.9185 -0.4026  0.7966  0.0060  0.3867  0.0651  0.3532  0.0699 -0.0003  0.1846 0 
 39.1760  0.5089 -2.2946  0.0018  0.3478  0.0595  0.5463  0.0673  0.1842  0.3723 0 
 40.2594 -0.0459  1.4289  0.0483  0.1953  0.0327  0.1356  0.0108 -0.0003  0.1608 0 
 31.6625  0.0789 -1.7321  0.0486  0.6257  0.0195  0.3383  0.0346 -0.0003  0.2358 0 
 45.0172 -0.3652  2.4063  0.0266  0.2853  0.0499  0.3948  0.0069 -0.0003  0.1919 0 
 35.5016  0.3649 -0.7271  0.0223  0.5766  0.0529  0.2339  0.0014 -0.0003  0.3180 0 
 51.0811  0.2188 -2.8101  0.3842  0.4366  0.0959  0.3821  0.5244 -0.0003  0.9982 1 
 47.2969 -0.1806  0.3240  0.0334  0.4575  0.0427  0.2165  0.0558 -0.0003  0.2674 1 
 49.0944 -0.1985 -0.9960  0.0338  0.1945  0.0586  0.3002  0.0263 -0.0003  0.1525 0 
 49.0547  0.2091  2.1391  0.0276  0.2163  0.0378  0.5148  0.0513 -0.0003  0.1937 0 
 47.7241  0.2496 -2.0967  0.6603  0.2639  0.0762  0.6481  0.4785 -0.0003  0.9933 1 
 44.9348 -0.2121  1.0215  0.1462  0.3137  0.0759  0.4389  0.1013 -0.0003  0.6830 1 
 53.5195  0.6676  2.8377  0.0177  0.6694  0.0478  0.2937  0.0223 -0.0003  0.2701 0 
 47.7180 -0.6654 -0.2851  0.0075  0.5500  0.1001  0.5617  0.0308 -0.0003  0.2163 0 
 56.2509  0.7364 -1.5628  0.0296  0.1773  0.0474  0.4144  0.0748  0.1115  0.2972 0 
 40.2594 -0.6893  1.6959  0.0088  0.3838  0.2708  0.4971  0.0366 -0.0003  0.2522 0 
 48.0507  0.4326  0.3536  0.1243  0.2591  0.1030  0.3450  0.1037 -0.0003  0.6083 0 
 45.9113 -0.4084 -2.7604  0.0691  0.5743  0.0245  0.3055  0.0817 -0.0003  0.3598 0 
 44.8768 -0.4873  2.1466  0.0178  0.3763  0.0809  0.6146  0.0137 -0.0003  0.2301 0 
 42.1607  0.4848 -1.0001  0.0041  0.0947  0.0161  0.1785  0.0704 -0.0003  0.0402 0 
 44.8798 -0.0029  0.4646  0.2091  0.3151  0.1161  0.4829  0.1280 -0.0003  0.8319 1 
 42.4750  0.0038 -2.6814  0.2290  0.3974  0.0497  0.1336  0.1798 -0.0003  0.8674 1 
 44.5899 -0.8140 -0.1747  0.0822  0.5000  0.0619  0.3518  0.0563 -0.0003  0.5498 0 
 41.7243  0.8016  2.9533  0.0027  0.6164  0.1024  0.4028  0.0180 -0.0003  0.2014 0 
 51.1208  0.5665  2.9350  0.2211  0.8001  0.0676  0.2971  0.1048 -0.0003  0.9403 1 
 45.9052 -0.5920 -0.2170  0.2301  0.3768  0.0678  0.7419  0.3865 -0.0003  0.9931 1 
 41.0468  0.4817 -1.1488  0.1705  0.2320  0.1002  0.5395  0.1240 -0.0003  0.7838 0 
 37.9461 -0.4597  1.9735  0.0164  0.4148  0.0219  0.3674  0.0771  0.1172  0.3577 0 
 44.9165  0.6214  2.1751  0.0588  0.1770  0.0673  0.3512  0.0717 -0.0003  0.2552 0 
 44.4556 -0.6063 -0.9862  0.0280  0.1535  0.1637  0.5281  0.0457 -0.0003  0.1972 0 
 66.1845  0.0893  2.7723  0.0274  0.2950  0.0459  0.1593  0.0191  0.1088  0.4010 0 
 47.6783 -0.0815 -0.3969  0.0689  0.1141  0.0126  0.2161  0.0301 -0.0003  0.0576 0 
 55.4910 -0.5301  1.4050  0.0174  0.1269  0.3069  0.2911  0.0461 -0.0003  0.1365 0 
 50.1534  0.4989 -1.7455  0.0127  0.0802  0.0648  0.1706  0.0069 -0.0003  0.0914 0 
 47.8065  0.5415 -2.6506  0.0372  0.2875  0.0809  0.3455  0.0828 -0.0003  0.2999 0 
 44.4739 -0.5377  0.4779  0.0082  0.1556  0.0069  0.2640  0.0132 -0.0003  0.0343 0 
 47.6204  0.2305  0.7351  0.0679  0.1026  0.0416  0.3458  0.1849 -0.0003  0.2809 0 
 43.6652 -0.2337 -2.3886  0.0501  0.4094  0.0134  0.1327  0.0124 -0.0003  0.1528 0 
 53.3516 -0.1615  2.1958  0.0714  0.6355  0.0638  0.3779  0.0482 -0.0003  0.5127 0 
 42.0569  0.1716 -0.9539  0.1046  0.2816  0.0837  0.4466  0.0565 -0.0003  0.4831 0 
 41.9898 -0.1280  0.5213  0.2216  0.3389  0.2163  0.3575  0.1331  0.4546  0.9743 1 
 38.8159  0.1667 -2.5497  0.3178  0.2732  0.0327  0.5934  0.6013 -0.0003  0.9976 1 
 46.2043 -0.5250  2.4599  0.0189  0.1287  0.1321  0.3050  0.0121 -0.0003  0.0867 0 
 45.1850  0.5631 -0.6915  0.0143  0.4274  0.0362  0.4382  0.1083 -0.0003  0.2312 0 
 45.1148  0.0507  2.3300  0.0246  0.0361  0.0181  0.1754  0.0683 -0.0003  0.0464 0 
 39.2523 -0.0341 -0.8151  0.0269  0.4638  0.0149  0.2275  0.0329 -0.0003  0.1141 0 
 46.3905 -0.2582  1.1193  0.0146  0.1452  0.0596  0.5658  0.0378 -0.0003  0.1444 0 
 37.2381  0.3076 -2.0186  0.0171  0.1975  0.0388  0.2770  0.1094 -0.0003  0.1174 0 
 51.2581  0.1850  0.9758  0.0016  0.3947  0.1073  0.5090  0.1180 -0.0003  0.2275 0 
 48.8319 -0.2006 -2.1541  0.0503  0.2015  0.0315  0.2577  0.0154 -0.0003  0.1317 0 
 46.7140  0.7553  0.7898  0.0175  0.1975  0.0498  0.4779  0.0231 -0.0003  0.1428 0 
 45.8381 -0.7395 -2.3438  0.0304  0.7482  0.0348  0.2619  0.0129 -0.0003  0.2883 0 
 46.8666  0.0499 -0.7715  0.1359  0.5347  0.1098  0.3907  0.0703 -0.0003  0.6616 0 
 38.4710 -0.0419  2.4259  0.0065  0.2451  0.0605  0.2288  0.0738 -0.0003  0.1459 0 
 44.1657 -0.1147  0.0971  0.1978  0.6979  0.0635  0.6172  0.2929  0.3096  0.9972 1 
 38.8159  0.1497 -3.0289  0.4818  0.6415  0.0276  0.4108  0.6336 -0.0003  0.9980 1 
 49.0730  0.6088 -0.3529  0.0051  0.3073  0.2600  0.3431  0.0466 -0.0003  0.2325 0 
 42.8534 -0.5838  2.7302  0.0615  0.2172  0.0235  0.2667  0.0464 -0.0003  0.1352 0 
 47.0710 -0.0835  2.7054  0.0140  0.2363  0.1930  0.3902  0.0379 -0.0003  0.1862 0 
 44.9470  0.0552 -0.4442  0.0268  0.2703  0.1323  0.4388  0.0626 -0.0003  0.2358 0 
 50.1137 -0.6849 -2.8417  0.0528  0.1289  0.1848  0.3413  0.0504 -0.0003  0.1800 0 
 28.5740  0.6990  0.2690  0.0913  0.1796  0.0562  0.3487  0.1126  0.5270  0.9914 0 
 46.9215  0.5350  2.7311  0.1334  0.4402  0.0586  0.4773  0.1269 -0.0003  0.7775 0 
 43.2959 -0.5332 -0.3548  0.1089  0.2421  0.1548  0.3989  0.1210 -0.0003  0.5927 0 
 46.7323  0.1307  0.7633  0.0202  0.0833  0.0219  0.2607  0.0098 -0.0003  0.0468 0 
 45.1301 -0.1528 -2.3819  0.0162  0.4313  0.0248  0.1315  0.0038 -0.0003  0.1908 0 
 45.8045  0.1397  0.0970  0.0032  0.1523  0.0380  0.2184  0.0753 -0.0003  0.0616 0 
 37.1405 -0.0964 -3.0122  0.0373  0.1669  0.0993  0.3696  0.0184 -0.0003  0.1534 0 
 48.4169 -0.6130  2.8146  0.0154  0.0620  0.0436  0.3874  0.0081 -0.0003  0.0716 0 
 39.6826  0.6273 -0.3236  0.0270  0.7827  0.0305  0.2722  0.0233 -0.0003  0.2357 0 
 49.3355 -0.1912 -0.0051  0.1023  0.4470  0.1270  0.4283  0.1093 -0.0003  0.5955 0 
 26.4652  0.2166  3.0904  0.0455  0.4771  0.0221  0.4588  0.0186  0.1372  0.5288 0 
 57.5906 -0.7141  1.4280  0.0065  0.3958  0.0730  0.3296  0.0722 -0.0003  0.2023 0 
 36.0204  0.7295 -1.6850  0.0107  0.7064  0.0260  0.3728  0.0102 -0.0003  0.1698 0 
 46.8544  0.1985 -2.7647  0.0869  0.0820  0.0337  0.1302  0.0399 -0.0003  0.1014 0 
 46.6468 -0.1892  0.3794  0.0057  0.0812  0.0277  0.2173  0.0176 -0.0003  0.0467 0 
 44.0223  0.1497  2.5631  0.0096  0.3539  0.0649  0.3971  0.0341 -0.0003  0.1711 0 
 43.8666 -0.1467 -0.5997  0.0031  0.3085  0.0350  0.3533  0.1103 -0.0003  0.1189 0 
 50.0496 -0.3050  3.1269  0.0215  0.3824  0.0135  0.1280  0.0065 -0.0003  0.1342 0 
 31.3176  0.3053 -0.0125  0.0500  0.5205  0.0146  0.2909  0.0091  0.1535  0.5074 0 
 45.4505 -0.6120  3.1147  0.0576  0.4174  0.1235  0.5251  0.1249 -0.0003  0.4780 1 
 36.9390  0.6543 -0.0122  0.3525  0.4920  0.0899  0.5552  0.3464  0.1117  0.9946 1 
 44.8493  0.6299 -2.1800  0.1045  0.7599  0.1145  1.0099  0.0534 -0.0003  0.7352 0 
 32.6299 -0.5872  0.9140  0.0236  0.1949  0.1246  0.1917  0.0091 -0.0003  0.1659 0 
 52.7138 -0.4689  2.4569  0.0160  0.0594  0.0533  0.2106  0.0383 -0.0003  0.0699 0 
 44.0345  0.4756 -0.6922  0.0455  0.2568  0.0029  0.1765  0.0032 -0.0003  0.0861 0 
 54.5968 -0.5024  0.5095  0.0024  0.4691  0.0263  0.3340  0.1848 -0.0003  0.2229 0 
 45.7008  0.5058 -2.6458  0.0419  0.1321  0.0265  0.4369  0.1346 -0.0003  0.1837 0 
 43.3875 -0.0419  1.6513  0.0511  0.5223  0.0579  0.5758  0.0366 -0.0003  0.3749 1 
 30.6889  0.0388 -1.4540  0.0071  0.2232  0.0389  0.3414  0.0231 -0.0003  0.0844 1 
 41.8647  0.7007 -2.9523  0.1277  0.8350  0.0267  0.4472  0.0687 -0.0003  0.7682 1 
 29.9901 -0.6630  0.1617  0.0056  0.6382  0.0364  0.3929  0.1660  0.3771  0.9213 1 
 50.3059 -0.3078  0.6320  0.0499  0.1597  0.0638  0.2131  0.0430 -0.0003  0.1765 0 
 40.5280  0.2907 -2.5084  0.0710  0.2564  0.0353  0.2255  0.1247 -0.0003  0.3515 0 
 47.3518 -0.2638  1.3804  0.0522  0.3584  0.0684  0.5195  0.1590 -0.0003  0.5244 0 
 44.9256  0.2526 -1.7650  0.0232  0.2183  0.1144  0.4828  0.1025 -0.0003  0.2455 0 
 53.5653 -0.3291  1.8067  0.3598  0.3561  0.1118  0.7551  0.4072 -0.0003  0.9979 1 
 37.9309  0.3099 -1.3252  0.2816  0.2848  0.0309  0.8268  0.3251  0.1693  0.9960 1 
 50.1198  0.6316 -0.2033  0.0774  0.5034  0.1913  0.3840  0.0129 -0.0003  0.3716 0 
 44.4007 -0.6377  2.9137  0.0161  0.2165  0.0180  0.1761  0.0648 -0.0003  0.0683 0 
 62.4216 -0.5452 -1.0101  0.0201  0.6347  0.0772  0.1616  0.0651 -0.0003  0.4731 0 
 48.1727  0.5350  2.0512  0.0255  0.2418  0.0115  0.2155  0.0065 -0.0003  0.0682 0 
 44.4923  0.7792  1.0947  0.0211  0.4317  0.1020  0.5720  0.0364 -0.0003  0.2480 0 
 30.1427 -0.8010 -2.0108  0.0027  0.1345  0.0315  0.1961  0.0101 -0.0003  0.0574 0 
 45.6245  0.7463  0.3287  0.0410  0.1312  0.0668  0.3497  0.1653 -0.0003  0.2558 0 
 40.7630 -0.7415 -2.8640  0.0249  0.1118  0.0125  0.2252  0.1522 -0.0003  0.0809 0 
 53.6538  0.7008  1.6881  0.0145  0.5469  0.0529  0.2097  0.0115 -0.0003  0.3039 0 
 51.4229 -0.6883 -1.5188  0.0014  0.3734  0.2126  0.5510  0.1004 -0.0003  0.2670 0 
 47.2999  0.6888 -0.8546  0.0142  0.3212  0.1839  0.6063  0.0701 -0.0003  0.2830 0 
 37.2229 -0.6929  2.2890  0.0455  0.1194  0.0598  0.3694  0.0152 -0.0003  0.1274 0 
 49.6956 -0.4317 -0.9424  0.1428  0.4398  0.0445  0.3848  0.0815 -0.0003  0.6888 0 
 47.5502  0.4431  2.1889  0.0878  0.5080  0.0557  0.5189  0.0518 -0.0003  0.5346 0 
 66.6453 -0.3331 -3.0606  0.1808  0.2009  0.0693  0.3182  0.2586  0.1518  0.9338 1 
 40.5524  0.3266  0.0772  0.1808  0.7460  0.0342  0.4060  0.2246  0.0367  0.9267 1 
 45.5604 -0.1783 -1.0521  0.0035  0.2353  0.0405  0.3498  0.1448 -0.0003  0.1410 0 
 43.7049  0.2272  2.0952  0.0065  0.4427  0.0636  0.7073  0.0605 -0.0003  0.2430 0 
 42.7619  0.5603  1.7154  0.0469  0.2787  0.0880  0.4447  0.0753 -0.0003  0.3352 0 
 40.4974 -0.5233 -1.4361  0.1885  0.7090  0.0271  0.2707  0.1892  0.2001  0.8855 0 
 45.9846 -0.6824  2.3693  0.0026  0.5517  0.0580  0.2618  0.0855 -0.0003  0.2648 0 
 40.7904  0.6945 -0.7985  0.0552  0.1347  0.1360  0.2702  0.0839 -0.0003  0.2249 0 
 44.2329 -0.2141  2.8239  0.0256  0.2360  0.0957  0.3966  0.0831 -0.0003  0.2190 0 
 43.8972  0.2454 -0.2697  0.0754  0.2240  0.0935  0.3974  0.1509 -0.0003  0.5445 0 
 48.5328  0.4215 -3.0202  0.0443  0.6893  0.1062  0.7743  0.0715 -0.0003  0.4186 0 
 43.3875 -0.4358  0.1648  0.0105  0.3306  0.0688  0.3544  0.0186 -0.0003  0.1716 0 
 49.1463 -0.2652  0.6313  0.3650  0.1857  0.0403  0.3002  0.2861  0.1721  0.9875 1 
 47.9835  0.2547 -2.4989  0.2137  0.6049  0.0353  0.4314  0.1556 -0.0003  0.8804 1 
 51.7556 -0.1229  0.9120  0.6041  0.5687  0.0357  0.2539  0.5888 -0.0003  0.9980 1 
 40.7141  0.1749 -2.2401  0.2370  0.7838  0.0421  0.4505  0.3314  0.3206  0.9963 1 
 44.2298  0.0847 -1.7992  0.0199  0.6834  0.0278  0.3085  0.1182 -0.0003  0.2373 0 
 31.2230 -0.0770  1.3272  0.1043  0.4157  0.0495  0.4853  0.1888  0.0625  0.8397 0 
 50.0221  0.7182 -1.2128  0.0000  0.2003  0.0328  0.1707  0.0001  0.2338  0.5970 0 
 40.3815 -0.7131  1.9698  0.0002  0.5509  0.0414  0.2258  0.1118 -0.0003  0.2122 0 
 48.7434  0.4035  0.5534  0.0497  0.2941  0.1491  0.9453  0.0486 -0.0003  0.5528 0 
 38.4985 -0.4105 -2.6006  0.0429  0.0894  0.0884  0.2287  0.0198 -0.0003  0.0987 0 
 53.1807 -0.5664 -0.3199  0.0065  0.6248  0.0406  0.3362  0.0269 -0.0003  0.1856 0 
 40.1251  0.5373  2.8065  0.1939  0.5360  0.0627  0.3166  0.2475 -0.0003  0.9599 0 
 50.6539 -0.5669 -2.3672  0.0043  0.3313  0.2813  0.4680  0.1334 -0.0003  0.3311 0 
 44.7456  0.5849  0.7194  0.0057  0.0715  0.1431  0.2197  0.0032 -0.0003  0.0528 0 
 49.6559 -0.3757 -1.3765  0.0570  0.4241  0.0207  0.2138  0.0543 -0.0003  0.1805 0 
 36.2737  0.3757  1.7543  0.0467  0.4532  0.0330  0.4650  0.0229 -0.0003  0.3309 0 
 42.5238 -0.1812 -2.3642  0.1507  0.4762  0.0267  0.3117  0.0961 -0.0003  0.6214 0 
 41.2085  0.0877  0.7183  0.0029  0.5454  0.1074  0.4940  0.1039  0.2005  0.5105 0 
 47.6936  0.2327  1.5879  0.0114  0.4114  0.0280  0.3457  0.1173 -0.0003  0.1578 0 
 45.4749 -0.2189 -1.5458  0.0479  0.0538  0.3241  0.3500  0.0351 -0.0003  0.0855 0 
 49.7017  0.5686 -0.3988  0.0321  0.8042  0.0803  0.2993  0.0230 -0.0003  0.3333 1 
 38.1353 -0.5673  2.7409  0.2527  0.6472  0.0239  0.3210  0.3321 -0.0003  0.9686 1 
 50.7851  0.0123 -0.0585  0.0063  0.3424  0.0368  0.2126  0.0136 -0.0003  0.1381 0 
 34.2962  0.0223  3.0979  0.0093  0.1647  0.0459  0.4252  0.0163 -0.0003  0.0960 0 
 44.9165  0.1934  2.8457  0.1026  0.6148  0.1911  0.5706  0.0065 -0.0003  0.4752 0 
 40.1251 -0.1586 -0.3171  0.0820  0.4267  0.0266  0.3166  0.1684 -0.0003  0.5413 0 
 47.0222 -0.3793  2.5594  0.0966  0.4097  0.0378  0.4337  0.0360 -0.0003  0.5109 0 
 45.3956  0.3875 -0.5966  0.1746  0.1665  0.0673  0.4815  0.1841 -0.0003  0.8322 0 
 47.8187 -0.4799  2.3505  0.0570  0.0785  0.0619  0.3023  0.0556 -0.0003  0.1080 0 
 38.7793  0.4882 -0.8109  0.0317  0.4817  0.0278  0.4565  0.1447 -0.0003  0.3807 0 
 44.5991 -0.6173  2.9048  0.1048  0.8283  0.0475  0.3957  0.0823 -0.0003  0.7932 1 
 43.3204  0.5969 -0.2380  0.2248  0.4611  0.1007  0.4431  0.3063  0.1636  0.9804 1 
 52.6284  0.3938 -2.7718  0.0233  0.1223  0.0550  0.2528  0.0248  0.2128  0.2948 0 
 44.7364 -0.3925  0.3732  0.0128  0.4881  0.0446  0.5273  0.0723  0.1107  0.3969 0 
 49.2500 -0.2162  0.5816  0.0224  0.6286  0.0748  0.3000  0.0364 -0.0003  0.2872 0 
 36.2493  0.1843 -2.5399  0.0078  0.3417  0.0354  0.1860  0.0130 -0.0003  0.1489 0 
 48.6061 -0.0840  0.7062  0.0028  0.0881  0.0820  0.3870  0.0223  0.1570  0.0983 0 
 45.1057  0.1047 -2.4335  0.0245  0.2223  0.0295  0.3507  0.0267  0.1137  0.2746 0 
 47.5471  0.4921  2.5877  0.0108  0.1775  0.0430  0.1730  0.0010 -0.0003  0.1041 0 
 45.5207 -0.5236 -0.5439  0.0294  0.2461  0.0376  0.2624  0.1442 -0.0003  0.2369 0 
 49.7414  0.7404  2.6246  0.0000  0.0425  0.0522  0.0428  0.0003 -0.0003  0.1154 0 
 47.4311 -0.7581 -0.4701  0.0190  0.2448  0.0412  0.2163  0.0104 -0.0003  0.1310 0 
 44.2634 -0.3932 -1.4261  0.0308  0.2392  0.0754  0.4847  0.0126 -0.0003  0.2076 0 
 39.9298  0.4012  1.7306  0.0312  0.1752  0.0452  0.0453  0.0010 -0.0003  0.2222 0 
 42.9755  0.5940  2.7732  0.3436  0.7330  0.0561  0.3109  0.4639 -0.0003  0.9958 1 
 32.3278 -0.5745 -0.4180  0.3722  0.6600  0.0696  0.2883  0.3487  0.4830  0.9996 1 
 43.2471  0.3846 -0.0877  0.0282  0.3400  0.0798  0.5763  0.1199 -0.0003  0.3587 0 
 42.9725 -0.3782  3.0538  0.0435  0.2537  0.0483  0.2665  0.0165 -0.0003  0.2074 0 
 49.3751  0.3169  2.2139  0.0244  0.0724  0.1246  0.2998  0.1209  0.0959  0.1558 0 
 45.5360 -0.2686 -0.9011  0.0551  0.2565  0.0387  0.2187  0.0552 -0.0003  0.2152 0 
 55.2987  0.4011  1.0642  0.0075  0.2063  0.1671  0.2081  0.0024 -0.0003  0.1445 0 
 42.0752 -0.3742 -2.1199  0.0053  0.4444  0.0090  0.5359  0.1411 -0.0003  0.1867 0 
 57.7493  0.7423 -1.1620  0.0963  0.3005  0.0695  0.4117  0.0660 -0.0003  0.4927 0 
 35.2178 -0.7264  1.9706  0.1202  0.2089  0.0584  0.4689  0.2308 -0.0003  0.7877 0 
 49.8940  0.7408 -1.4865  0.0592  0.1440  0.0533  0.2990  0.0645 -0.0003  0.1748 0 
 40.8270 -0.7239  1.6429  0.0748  0.5756  0.0787  0.3602  0.0496 -0.0003  0.4885 0 
 51.8532 -0.2680 -1.9166  0.0754  0.2814  0.1292  0.2961  0.0156 -0.0003  0.3515 0 
 40.3021  0.2598  1.2133  0.0530  0.7258  0.0466  0.2711  0.0737 -0.0003  0.5137 0 
 48.5267  0.5900 -2.0579  0.0395  0.6295  0.0703  0.4732  0.0137 -0.0003  0.2910 0 
 43.2105 -0.5852  1.1116  0.1690  0.2233  0.0184  0.3991  0.0507 -0.0003  0.4743 0 
 43.7324  0.4619 -1.7231  0.0654  0.3828  0.0763  0.6188  0.0753 -0.0003  0.4874 0 
 42.8382 -0.4536  1.4495  0.0218  0.3681  0.0365  0.5333  0.0134 -0.0003  0.2224 0 
 42.4323  0.1652 -3.1318  0.0146  0.5624  0.0279  0.3565  0.0319 -0.0003  0.1567 0 
 39.5941 -0.1859 -0.0054  0.0125  0.5551  0.0404  0.3632  0.0860  0.1838  0.5386 0 
 49.8848 -0.8006 -0.1605  0.5071  0.2391  0.1943  0.4699  0.4531 -0.0003  0.9983 1 
 46.2837  0.7773  3.0098  0.1407  0.4624  0.0390  0.3048  0.1304 -0.0003  0.7525 1 
 52.9030 -0.4240  0.7484  0.0433  0.0769  0.0293  0.2525  0.2348 -0.0003  0.2134 0 
 38.8037  0.4318 -2.3777  0.0218  0.2904  0.0111  0.1826  0.0131 -0.0003  0.0818 0 
 53.7881  0.7988  2.3542  0.1267  0.7814  0.0327  0.4191  0.1081 -0.0003  0.7995 0 
 33.8079 -0.7805 -0.7559  0.0221  0.6263  0.0194  0.3320  0.0164  0.0686  0.2662 0 
 51.4290  0.7961 -0.6311  0.0329  0.7931  0.1771  0.3815  0.0872 -0.0003  0.4163 0 
 49.8024 -0.8006  2.5697  0.0053  0.6446  0.0087  0.3419  0.1157 -0.0003  0.1208 0 
 51.0353  0.5341  2.7088  0.0118  0.6337  0.0768  0.3397  0.0472 -0.0003  0.2448 0 
 45.5329 -0.5216 -0.5094  0.0429  0.2717  0.0777  0.3062  0.0095 -0.0003  0.2475 0 
 53.4524  0.7784 -0.3904  0.0151  0.1994  0.0523  0.3778  0.0257 -0.0003  0.1159 0 
 42.1118 -0.7763  2.7079  0.0022  0.1445  0.0284  0.1339  0.1085 -0.0003  0.0798 0 
 41.8891  0.5056 -2.1536  0.0069  0.5009  0.1299  0.4024  0.0103 -0.0003  0.2005 0 
 39.0600 -0.5023  0.9941  0.0228  0.0738  0.0440  0.2734  0.0157 -0.0003  0.0673 0 
 36.8353  0.7281  2.8359  0.0196  0.2686  0.0516  0.3704  0.0107  0.1254  0.2778 1 
 27.8050 -0.7187 -0.3141  0.2553  0.5539  0.0157  0.4520  0.3430  0.1111  0.9719 1 
 47.1473 -0.0839  1.8980  0.0293  0.2234  0.0176  0.2601  0.0954 -0.0003  0.0902 0 
 41.4954  0.0807 -1.2266  0.0186  0.2201  0.0501  0.4482  0.0117 -0.0003  0.1487 0 
 40.3357 -0.1325 -0.2800  0.1893  0.5374  0.0615  0.6775  0.2233 -0.0003  0.9619 1 
 35.5474  0.1406  2.8496  0.6676  0.5363  0.0497  0.2806  0.6168  0.4113  0.9997 1 
 42.2126 -0.2813  2.8928  0.0349  0.7462  0.0688  0.6247  0.0245 -0.0003  0.3296 0 
 35.0378  0.2695 -0.2241  0.0753  0.4683  0.0228  0.2818  0.0355 -0.0003  0.2867 0 
 48.5695  0.5640  2.2457  0.0659  0.4300  0.0749  0.5161  0.0292 -0.0003  0.3963 1 
 40.3296 -0.5667 -0.8836  0.2669  0.1637  0.1052  0.5872  0.4746 -0.0003  0.9958 1 
 42.0844 -0.2049 -2.5514  0.0020  0.2519  0.0902  0.3572  0.1016 -0.0003  0.1563 0 
 38.9044  0.1729  0.5940  0.0338  0.5263  0.0457  0.3193  0.0200 -0.0003  0.2965 0 
 44.5197  0.0389 -1.7143  0.0441  0.2404  0.0190  0.2200  0.0421 -0.0003  0.0977 0 
 43.7873 -0.0119  1.4512  0.0566  0.2032  0.0178  0.1767  0.0963 -0.0003  0.1458 0 
 50.3243 -0.4533 -0.3621  0.0333  0.3691  0.1530  0.5114  0.0771 -0.0003  0.3122 0 
 49.2439  0.4490  2.8002  0.0456  0.6605  0.0791  0.4286  0.0349 -0.0003  0.3380 0 
 43.1403  0.7175 -2.5489  0.1010  0.4903  0.0279  0.4436  0.1097 -0.0003  0.6522 1 
 43.0579 -0.7246  0.6028  0.0090  0.2750  0.0610  0.4883  0.1011 -0.0003  0.1965 1 
 49.5186 -0.5502  1.5609  0.1159  0.2250  0.1501  0.4279  0.0681 -0.0003  0.4716 0 
 48.6000  0.5371 -1.5640  0.0582  0.1781  0.1032  0.2580  0.1436 -0.0003  0.4335 0 
 45.0477 -0.1284 -1.4555  0.0372  0.4581  0.0214  0.2193  0.0368 -0.0003  0.1500 0 
 42.0874  0.1187  1.6738  0.0107  0.3515  0.0267  0.2233  0.0073 -0.0003  0.1190 0 
 45.8412  0.1382 -1.5922  0.0334  0.2952  0.0668  0.3056  0.0659 -0.0003  0.2606 0 
 45.0416 -0.1250  1.5731  0.0189  0.1216  0.0562  0.2193  0.0076 -0.0003  0.0916 0 
 45.6550  0.4927  0.6233  0.0506  0.3735  0.0852  0.4808  0.0366 -0.0003  0.3326 0 
 41.0254 -0.4519 -2.4791  0.0546  0.6553  0.0586  0.5845  0.0129 -0.0003  0.3650 0 
 45.6611  0.0278 -1.4379  0.1900  0.1224  0.0537  0.2185  0.2227 -0.0003  0.7766 1 
 43.5676 -0.0201  1.6955  0.3599  0.5100  0.0861  0.3539  0.4261 -0.0003  0.9970 1 
 43.9399 -0.4138  1.8333  0.3271  0.1449  0.0424  0.3532  0.1979 -0.0003  0.9105 1 
 42.2156  0.4258 -1.2872  0.0541  0.4747  0.0764  0.3570  0.0921 -0.0003  0.4687 1 
 42.5299 -0.6123  1.3051  0.1329  0.3976  0.0540  0.4008  0.1616 -0.0003  0.8096 1 
 37.8119  0.6279 -1.8145  0.2930  0.6638  0.0639  0.2759  0.2524  0.0131  0.9812 1 
 56.0983 -0.0087  1.5984  0.0037  0.1228  0.0394  0.3317  0.0380 -0.0003  0.0572 0 
 16.9955 -0.0866 -1.4941  0.0233  0.4675  0.0387  0.3537  0.0146 -0.0003  0.2185 0 
 48.4047 -0.1829 -1.1242  0.0028  0.2777  0.0451  0.4304  0.1386 -0.0003  0.1758 0 
 45.5085  0.1809  2.0134  0.0345  0.7069  0.0245  0.5249  0.0123 -0.0003  0.3102 0 
 42.6856 -0.6860  0.8240  0.0499  0.4029  0.0829  0.5783  0.0388 -0.0003  0.3599 0 
 40.7843  0.7106 -2.3522  0.0566  0.2420  0.0278  0.3603  0.1277 -0.0003  0.2831 0 
 42.4384 -0.4745 -1.8562  0.3019  0.4006  0.0764  0.8466  0.2066 -0.0003  0.9860 1 
 38.3307  0.5106  1.2999  0.0299  0.5846  0.0769  0.1832  0.0617 -0.0003  0.4704 1 
 44.4953  0.2603 -2.9009  0.0362  0.5254  0.0173  0.3520  0.1109  0.1089  0.4602 0 
 41.1383 -0.2440  0.2564  0.0279  0.6712  0.0599  0.4493  0.0633  0.1837  0.6000 0 
 46.5400  0.6904  1.8297  0.0217  0.2926  0.1669  0.5653  0.0672 -0.0003  0.2807 0 
 44.2329 -0.6815 -1.2110  0.0848  0.2122  0.0201  0.3526  0.0269 -0.0003  0.2054 0 
 46.2348 -0.0830 -0.2624  0.0056  0.4554  0.0117  0.3049  0.0705  0.0679  0.1336 0 
 40.6226  0.0705  2.8953  0.0131  0.0765  0.0152  0.1352 -0.0200 -0.0003  0.0678 0 
 52.3598 -0.1483  1.4856  0.0901  0.2372  0.0325  0.3797  0.0269  0.0120  0.3455 0 
 37.5677  0.1419 -1.6465  0.1875  0.1322  0.0065  0.0461  0.1800 -0.0003  0.2993 0 
 45.8991  0.2468 -1.1003  0.0289  0.1142  0.2051  0.3055 -0.0200 -0.0003  0.1063 0 
 33.1823 -0.2552  1.9853  0.0231  0.0497  0.0088  0.1908  0.0164 -0.0003  0.0367 0 
 47.1839  0.8025 -0.4887  0.0290  0.0848  0.0794  0.1300  0.0016 -0.0003  0.1155 0 
 46.3081 -0.7957  2.6433  0.0172  0.2963  0.0456  0.4354  0.1745 -0.0003  0.2986 0 
 47.6112  0.0404 -0.4136  0.0308  0.5001  0.0379  0.3891  0.0347 -0.0003  0.2575 0 
 46.9825 -0.0301  2.7210  0.0843  0.2167  0.1280  0.3036  0.0850 -0.0003  0.4480 0 
 48.5206 -0.1614  2.8161  0.0043  0.2894  0.1902  0.5162  0.0197 -0.0003  0.1960 0 
 45.2491  0.1777 -0.3165  0.0135  0.1658  0.0200  0.2190  0.1715 -0.0003  0.1271 0 
 56.7971 -0.5619  2.0832  0.1725  0.3152  0.0646  0.3307  0.0704 -0.0003  0.6526 0 
 50.2205  0.5549 -1.0286  0.0195  0.1267  0.3836  0.7249  0.0302 -0.0003  0.2802 0 
 50.8980 -0.3199 -1.8140  0.1936  0.3591  0.1163  0.5949  0.1223 -0.0003  0.8384 1 
 46.9459  0.2975  1.2803  0.2119  0.5547  0.0397  0.1735  0.3163 -0.0003  0.9400 1 
 48.1178 -0.1094  2.2180  0.0228  0.2589  0.1042  0.6898  0.0969 -0.0003  0.3554 0 
 42.5330  0.1309 -0.8774  0.0266  0.1579  0.0823  0.5344  0.1428 -0.0003  0.2662 0 
 46.8421  0.6173  2.0139  0.0035  0.1281  0.0200  0.2171  0.0159 -0.0003  0.0418 0 
 41.7304 -0.6001 -1.1597  0.0766  0.7616  0.0441  0.2685  0.0440 -0.0003  0.6114 0 
 45.3254 -0.4823 -1.9232  0.0893  0.5377  0.0256  0.2190  0.0672 -0.0003  0.3735 0 
 45.2461  0.4955  1.2026  0.0860  0.3780  0.0370  0.2629  0.0963 -0.0003  0.4712 0 
 51.6701 -0.5071 -2.7474  0.0263  0.3111  0.1191  0.6773  0.0593 -0.0003  0.3328 0 
 43.9185  0.5508  0.4261  0.0075  0.6516  0.0122  0.3974  0.0662 -0.0003  0.1112 0 
 46.5095  0.2315  1.1388  0.0306  0.5559  0.1204  0.2610  0.0190 -0.0003  0.2675 0 
 43.1678 -0.2527 -2.0202  0.0042  0.2183  0.0115  0.3548  0.0143 -0.0003  0.0439 0 
 40.0641 -0.6653  0.8671  0.0976  0.5592  0.0315  0.4073  0.2637 -0.0003  0.8409 1 
 37.6654  0.6096 -2.1860  0.1697  0.6288  0.1130  0.5983  0.3522  0.1093  0.9878 1 
 44.1474 -0.4391  2.2664  0.0040  0.3023  0.0585  0.3968  0.0583 -0.0003  0.1409 0 
 43.2776  0.4719 -0.9082  0.0233  0.4526  0.0982  0.5762  0.0117 -0.0003  0.2402 0 
 47.3915  0.4849  1.2733  0.0291  0.1250  0.1317  0.3030  0.2040 -0.0003  0.2982 0 
 43.2105 -0.4793 -1.8813  0.0301  0.1995  0.0252  0.3547  0.0209 -0.0003  0.0908 0 
 45.4719 -0.5989 -0.8610  0.0042  0.1496  0.0537  0.5687  0.0197 -0.0003  0.1174 0 
 44.3763  0.6005  2.3227  0.1047  0.1339  0.1492  0.2201  0.0656 -0.0003  0.3992 0 
 54.2062  0.4015 -2.3809  0.0068  0.2945  0.0378  0.2509  0.0768 -0.0003  0.1068 0 
 46.2013 -0.3854  0.7680  0.0329  0.0990  0.0212  0.2179  0.0180 -0.0003  0.0491 0 
 46.6773 -0.6985 -0.2867  0.0062  0.1304  0.0307  0.3042  0.0134 -0.0003  0.0534 0 
 44.9897  0.6997  2.8317  0.0115  0.5626  0.0122  0.2194  0.0434 -0.0003  0.1055 0 
 48.8472 -0.3936  0.8642  0.0656  0.2177  0.0763  0.3006  0.1595 -0.0003  0.5015 0 
 45.6397  0.3622 -2.2818  0.0822  0.3397  0.1253  0.5245  0.2161 -0.0003  0.7840 0 
 47.2114 -0.7463  0.7441  0.0254  0.3065  0.0122  0.2600  0.1210 -0.0003  0.1153 0 
 35.5779  0.7334 -2.3269  0.0135  0.5552  0.0280  0.3273  0.0091 -0.0003  0.1688 0 
 47.8706  0.7963  1.1944  0.1713  0.4236  0.0443  0.4317  0.3113 -0.0003  0.9508 1 
 41.1841 -0.7995 -1.8973  0.1883  0.6097  0.0500  0.3144  0.1972 -0.0003  0.9319 1 
 49.7993  0.7313  1.4642  0.0156  0.2955  0.2927  0.2564  0.0141 -0.0003  0.2123 0 
 49.1279 -0.7316 -1.6440  0.0077  0.2859  0.0305  0.1715  0.0197  0.0756  0.2241 0 
 51.3375 -0.7256 -0.5972  0.0034  0.4561  0.0768  0.5936  0.2297 -0.0003  0.3723 0 
 45.1606  0.7432  2.4943  0.0574  0.5520  0.0411  0.4383  0.0764 -0.0003  0.4797 0 
 45.6245 -0.7457  2.4826  0.0044  0.1278  0.1675  0.2623  0.0493 -0.0003  0.0802 0 
 44.8768  0.7780 -0.5837  0.0100  0.2825  0.0085  0.3073  0.0698 -0.0003  0.0527 0 
 51.8379 -0.5532  3.1279  0.6551  0.7075  0.0372  0.2961  0.6232 -0.0003  0.9981 1 
 45.8289  0.5320 -0.0363  0.6139  0.8509  0.0272  0.5676  0.8907 -0.0003  0.9984 1 
 45.0324 -0.3624 -2.1324  0.0015  0.1913  0.0703  0.3509  0.0110 -0.0003  0.1016 0 
 33.8689  0.3358  1.0323  0.0367  0.2012  0.1191  0.3793  0.1479 -0.0003  0.3387 0 
 40.7355  0.5378 -0.3452  0.2918  0.6678  0.0672  0.4054  0.3369  0.4271  0.9994 1 
 36.3561 -0.5091  2.7748  0.2857  0.2357  0.0383  0.2324  0.2899  0.2115  0.9859 1 
 47.2084 -0.4176 -1.5613  0.0031  0.3379  0.0791  0.3033  0.0264 -0.0003  0.1666 0 
 39.4476  0.3847  1.5939  0.0453  0.3938  0.0659  0.1818  0.0402 -0.0003  0.4044 0 
 45.5940 -0.1282  0.5263  0.0134  0.3572  0.0974  0.4372  0.1371 -0.0003  0.2810 0 
 43.3509  0.0735 -2.6246  0.0021  0.1905  0.0197  0.2658  0.0638 -0.0003  0.0427 0 
 45.7771 -0.5405 -2.2289  0.0215  0.3687  0.0179  0.3057  0.0067 -0.0003  0.1072 0 
 45.3468  0.5379  0.9352  0.0177  0.2392  0.0358  0.1313  0.0051 -0.0003  0.1554 0 
 48.2094 -0.5882  2.8813  0.0179  0.1034  0.1316  0.3447  0.0405 -0.0003  0.0729 0 
 45.9724  0.5897 -0.2622  0.0025  0.4218  0.0253  0.4363  0.0114 -0.0003  0.1208 0 
 45.4932  0.1807  2.6053  0.0322  0.2984  0.0206  0.3937  0.0259 -0.0003  0.1306 0 
 34.1344 -0.1980 -0.5090  0.0136  0.3213  0.0689  0.6150  0.0425  0.1928  0.4038 0 
 49.0822 -0.4262  2.9784  0.0196  0.4222  0.1249  0.4718  0.1055 -0.0003  0.2908 1 
 40.2502  0.4040 -0.2025  0.1661  0.4830  0.0264  0.3615  0.0926 -0.0003  0.6652 1 
 44.9378  0.7301  1.0062  0.0992  0.6547  0.0315  0.3950  0.0264  0.1173  0.6996 0 
 30.7042 -0.7322 -2.1114  0.0064  0.3908  0.0139  0.0488  0.0204 -0.0003  0.1543 0 
 43.5065  0.5924  0.1074  0.5297  0.5491  0.0381  0.3541  0.4406  0.3599  0.9994 1 
 38.9471 -0.6242 -3.0772  0.0753  0.6098  0.0779  0.7296  0.0810 -0.0003  0.5632 1 
 57.0352  0.2309 -2.2041  0.0404  0.2797  0.1245  0.2478  0.0363 -0.0003  0.2677 0 
 51.7739 -0.2510  0.9146  0.0208  0.1439  0.1426  0.4654  0.0276 -0.0003  0.1308 0 
 49.6040 -0.0738 -0.2852  0.0291  0.1902  0.0717  0.3850  0.0360 -0.0003  0.1589 0 
 41.4557  0.0447  2.8383  0.0024  0.7062  0.0540  0.4483  0.0987 -0.0003  0.2515 0 
 47.5990 -0.5280  0.0236  0.0178  0.2956  0.0868  0.4323  0.0211 -0.0003  0.1804 0 
 45.0629  0.5271  3.1128  0.0397  0.3235  0.0160  0.1754  0.0168 -0.0003  0.1230 0 
 45.2247 -0.7820  2.9519  0.0108  0.0973  0.0361  0.3505  0.0121 -0.0003  0.0623 0 
 40.9155  0.7754 -0.2137  0.0571  0.2753  0.0107  0.3599  0.0302 -0.0003  0.1291 0 
 51.3252 -0.6389 -1.5915  0.1073  0.1587  0.0386  0.2544  0.0837 -0.0003  0.3076 1 
 36.9848  0.6612  1.5182  0.6968  0.2594  0.0356  0.4625  0.5223  0.3875  0.9997 1 
 39.1760 -0.6183  1.1780  0.6332  0.3077  0.1870  0.6829  0.1881  0.7434  0.9999 1 
 32.9168  0.6176 -1.8649  0.1238  0.6099  0.0685  0.2868  0.1574 -0.0003  0.8846 1 
 41.2482  0.7687 -3.1331  0.0141  0.5164  0.0171  0.2245  0.0019 -0.0003  0.1332 0 
 37.9065 -0.7512 -0.0277  0.0294  0.2496  0.0472  0.3216  0.0497 -0.0003  0.1614 0 
 41.1505  0.2392 -1.4417  0.1008  0.2464  0.0333  0.2246  0.1252 -0.0003  0.4396 0 
 38.8373 -0.2597  1.6958  0.1957  0.2273  0.1210  0.3651  0.1096 -0.0003  0.7318 0 
 48.1392 -0.4821 -2.6093  0.0258  0.6039  0.0627  0.7328  0.0269 -0.0003  0.2962 0 
 44.3214  0.4826  0.5328  0.0790  0.2094  0.0713  0.3964  0.0258 -0.0003  0.3257 0 
 43.8239  0.0444  0.4970  0.1665  0.4422  0.1548  0.4418  0.0847 -0.0003  0.6900 0 
 42.6795 -0.0398 -2.6379  0.0364  0.4643  0.0262  0.5339  0.0198  0.0644  0.4122 0 
 48.6122 -0.1266  2.0629  0.0471  0.0791  0.0645  0.4300  0.1359 -0.0003  0.1866 0 
 47.6814  0.1569 -1.0550  0.1027  0.4837  0.0758  0.1729  0.0380 -0.0003  0.6787 0 
 41.5045  0.3644 -1.9227  0.3401  0.6057  0.0969  0.5379  0.0247  0.1816  0.9288 1 
 37.4823 -0.3304  1.2200  0.0268  0.4935  0.0713  0.5069  0.0269  0.3346  0.6263 1 
 52.0607  0.4160 -2.4428  0.0304  0.6853  0.1263  0.4648  0.0154 -0.0003  0.2848 0 
 43.1312 -0.4314  0.7113  0.0680  0.2908  0.0927  0.3993  0.0468 -0.0003  0.3722 0 
 45.1942 -0.7025  1.4989  0.0636  0.2377  0.0544  0.5258  0.0222 -0.0003  0.3401 0 
 43.7842  0.6870 -1.6032  0.0045  0.3494  0.1367  0.1767  0.0377 -0.0003  0.2286 0 
 45.5665  0.2679  0.4684  0.1041  0.3434  0.0800  0.5685  0.0671  0.2177  0.8050 0 
 43.4485 -0.2573 -2.6851  0.1387  0.4007  0.0235  0.1771  0.0844  0.0511  0.5691 0 
 49.0547 -0.0882  2.1172  0.0090  0.2880  0.0529  0.3003  0.0070 -0.0003  0.1488 0 
 45.9388  0.0975 -1.0066  0.1006  0.2495  0.0453  0.1745  0.1580 -0.0003  0.5742 0 
 43.7018  0.0685 -0.5886  0.0141  0.2766  0.0493  0.3537  0.0049 -0.0003  0.1503 0 
 42.8199 -0.0296  2.5691  0.1127  0.1874  0.0247  0.0889  0.0756 -0.0003  0.2696 0 
 48.3406 -0.2243 -0.3760  0.0302  0.4741  0.0186  0.3014  0.0273 -0.0003  0.1350 0 
 42.6642  0.2602  2.7380  0.0518  0.1524  0.0727  0.0890  0.0690 -0.0003  0.2848 0 
 41.5320 -0.3038 -2.4349  0.0023  0.4050  0.0520  0.2241  0.1199 -0.0003  0.2489 1 
 31.7296  0.3581  0.7831  0.4989  0.4238  0.0807  0.2898  0.3531  0.5020  0.9997 1 
 51.9905 -0.6301  0.5010  0.0005  0.1019  0.0215  0.2114  0.0871 -0.0003  0.0436 0 
 45.7771  0.6369 -2.6487  0.0149  0.2114  0.0500  0.3057  0.0213 -0.0003  0.1102 0 
 50.2022  0.5386  2.1289  0.0120  0.2883  0.0878  0.2558  0.1152 -0.0003  0.2777 0 
 46.6377 -0.5080 -1.0057  0.0102  0.5542  0.0309  0.3477  0.0540 -0.0003  0.1489 0 
 44.0589  0.1651  2.0972  0.2068  0.4710  0.0148  0.3529  0.0991  0.1120  0.7356 0 
 43.2990 -0.1489 -1.0276  0.2567  0.3787  0.0164  0.3545  0.2685 -0.0003  0.8917 0 
 44.5747  0.1664 -2.5382  0.0082  0.1208  0.0730  0.3958  0.0030 -0.0003  0.0855 0 
 38.3001 -0.1445  0.6049  0.0099  0.6019  0.0071  0.1832  0.0566 -0.0003  0.1100 0 
 53.9437  0.3933 -1.4794  0.3056  0.3995  0.1827  0.7119  0.5330 -0.0003  0.9986 1 
 39.4141 -0.3635  1.6778  0.3987  0.2912  0.0522  0.5909  0.6256 -0.0003  0.9982 1 
 52.6558  0.4552  2.9982  0.0221  0.2779  0.1028  0.2107  0.0383 -0.0003  0.2407 0 
 38.5565 -0.4559 -0.1504  0.0368  0.1910  0.1210  0.4573  0.0093 -0.0003  0.1890 0 
 30.1122  0.6912 -1.5645  0.0306  0.4660  0.0082  0.1962  0.0458 -0.0003  0.1104 0 
 27.5151 -0.7194  1.5551  0.1669  0.0798  0.0126  0.2519  0.1780 -0.0003  0.3811 0 
 56.4157 -0.7120  2.2652  0.0435  0.3894  0.2018  0.7454  0.0076 -0.0003  0.3793 0 
 45.7282  0.6959 -0.9491  0.0202  0.7600  0.0687  0.4806  0.1146 -0.0003  0.3896 0 
 48.3101  0.5998  2.3541  0.0051  0.5530  0.1226  0.6460  0.0865 -0.0003  0.2669 0 
 46.4851 -0.6058 -0.7749  0.0064  0.6053  0.0349  0.1740  0.0089 -0.0003  0.2337 0 
 45.8991 -0.6191 -2.8003  0.0064  0.5462  0.0202  0.2182  0.0757 -0.0003  0.1191 0 
 44.1138  0.6342  0.3653  0.0201  0.5083  0.0533  0.5292  0.1506 -0.0003  0.3747 0 
 42.7893  0.0819  2.1341  0.4331  0.1281  0.0700  0.2223  0.5183  0.5952  0.9998 1 
 33.3104 -0.1414 -1.0022  0.3454  0.5400  0.0198  0.3811  0.4158 -0.0003  0.9919 1 
 52.2560  0.4778  2.7315  0.0222  0.4498  0.0338  0.2533  0.1323 -0.0003  0.2466 0 
 47.8553 -0.4492 -0.4110  0.0072  0.4326  0.1275  0.6044  0.0853 -0.0003  0.2556 0 
 49.5003 -0.6913  0.1692  0.0122  0.2395  0.0992  0.2996  0.0407  0.1147  0.2328 0 
 43.8300  0.7258 -2.8994  0.0265  0.3760  0.0561  0.3976  0.0576 -0.0003  0.2481 0 
 52.8206 -0.4368 -2.7625  0.0490  0.6760  0.0401  0.2526  0.0716 -0.0003  0.4072 0 
 46.9123  0.4612  0.3666  0.0262  0.2175  0.0678  0.3038  0.0165 -0.0003  0.1622 0 
 48.9204  0.4965 -2.4945  0.0658  0.2689  0.0596  0.2576  0.1137 -0.0003  0.4495 0 
 46.1463 -0.4807  0.6179  0.0508  0.4572  0.0709  0.5666  0.0654  0.2451  0.6688 0 
 45.8381 -0.5397 -2.3678  0.0804  0.7268  0.0058  0.3056  0.0202 -0.0003  0.2839 0 
 39.0417  0.5398  0.7657  0.0357  0.0288  0.0178  0.3190  0.0129 -0.0003  0.0492 0 
 45.6672  0.1869 -1.9489  0.0094  0.2220  0.0621  0.4807  0.0143 -0.0003  0.1395 0 
 43.5859 -0.1665  1.2304  0.0150  0.3051  0.1187  0.4424  0.1668 -0.0003  0.3154 0 
 47.8462 -0.2244  1.2772  0.0035  0.2174  0.0622  0.2159  0.0616 -0.0003  0.1220 0 
 45.0904  0.2244 -1.8636  0.0446  0.1983  0.0108  0.3069  0.1837 -0.0003  0.1915 0 
 50.4891 -0.0327 -2.8454  0.0132  0.3133  0.0423  0.2555  0.1108  0.1135  0.4106 0 
 45.2125  0.0721  0.3051  0.0051  0.3065  0.0865  0.3067  0.0811 -0.0003  0.1857 0 
 49.4240  0.5165  1.1077  0.0136  0.6467  0.0766  0.4710  0.0169 -0.0003  0.2193 0 
 46.7079 -0.5308 -2.0314  0.0095  0.6104  0.0339  0.3910  0.0251 -0.0003  0.1744 0 
 46.3539 -0.6665  2.3568  0.1574  0.0503  0.0774  0.2177  0.0441 -0.0003  0.1792 0 
 45.0050  0.6161 -0.7306  0.0241  0.5520  0.1169  0.6142  0.1116 -0.0003  0.3443 0 
 63.8376  0.3174 -2.8385  0.0272  0.1381  0.0518  0.2411  0.0723 -0.0003  0.1045 0 
 50.8797 -0.2644  0.2996  0.0245  0.6050  0.2139  0.7650  0.0571 -0.0003  0.3316 0 
 48.8930 -0.6016  2.7234  0.0581  0.5034  0.1129  0.6869  0.0678 -0.0003  0.4330 0 
 41.1963  0.6015 -0.4648  0.0520  0.1525  0.0699  0.5389  0.0397 -0.0003  0.2613 0 
 47.5685 -0.4085  0.7648  0.0105  0.6937  0.1823  0.8648  0.0789 -0.0003  0.3394 0 
 41.8860  0.3554 -2.3564  0.0730  0.5412  0.0716  0.4472  0.0189 -0.0003  0.4181 0 
 48.9815 -0.4309  1.5750  0.0528  0.3509  0.0639  0.3433  0.1426  0.0735  0.6106 1 
 39.8352  0.4186 -1.5461  0.5733  0.0974  0.0637  0.3626  0.6610  0.5661  0.9998 1 
 43.8117  0.7627  1.6798  0.2164  0.2055  0.0502  0.3534  0.2498 -0.0003  0.9094 1 
 22.2843 -0.7957 -1.4545  0.1645  0.5918  0.0223  0.1614  0.0926 -0.0003  0.5890 1 
 51.0658  0.4460  0.2447  0.1946  0.3133  0.1469  0.4671  0.0411 -0.0003  0.6324 0 
 42.1363 -0.4520 -2.9072  0.0086  0.2027  0.0126  0.2232  0.0613 -0.0003  0.0447 0 
 51.2917  0.1732 -2.8907  0.3096  0.2163  0.0590  0.4241  0.4130 -0.0003  0.9926 1 
 45.4505 -0.1902  0.2736  0.2063  0.6256  0.0819  0.3063  0.2117 -0.0003  0.9697 1 
 40.1862  0.1675  0.3635  0.0178  0.2273  0.0295  0.3617  0.0294 -0.0003  0.0878 0 
 38.9624 -0.1662 -2.7871  0.0169  0.7345  0.0231  0.1824  0.0883 -0.0003  0.1806 0 
 46.3905 -0.3436 -3.1281  0.2632  0.6929  0.0329  0.5223  0.1481 -0.0003  0.8899 1 
 37.0947  0.3142  0.0294  0.2986  0.5922  0.0458  0.2773  0.2197 -0.0003  0.9592 1 
 50.8492  0.2590 -0.3893  0.0055  0.2572  0.1126  0.5101  0.0120 -0.0003  0.1535 0 
 47.4098 -0.2512  2.7475  0.0624  0.7422  0.0537  0.2596  0.0152 -0.0003  0.5328 0 
 45.8717  0.7843  2.3311  0.0508  0.6470  0.0360  0.3492  0.0496 -0.0003  0.3930 0 
 44.8127 -0.7917 -0.8012  0.0421  0.3232  0.0257  0.3953  0.1402  0.0728  0.4684 0 
 43.6713 -0.7585 -1.5599  0.0042  0.2163  0.1802  0.5749  0.0207 -0.0003  0.1803 0 
 43.3539  0.7544  1.5287  0.0049  0.2568  0.0469  0.3545  0.0124 -0.0003  0.1123 0 
 43.2990  0.4438  0.5425  0.4838  0.2686  0.0624  0.3989  0.4086 -0.0003  0.9955 1 
 37.7508 -0.4379 -2.5611  0.1288  0.4194  0.0622  0.3680  0.1649  0.4272  0.9936 1 
 49.1432 -0.3517 -2.9499  0.0101  0.6831  0.1719  0.5574  0.0303 -0.0003  0.2693 0 
 46.3081  0.3631  0.1814  0.0170  0.2103  0.0735  0.4354  0.0843 -0.0003  0.1751 0 
 55.9976  0.0120  0.6010  0.0164  0.1808  0.0898  0.6223  0.0384 -0.0003  0.1954 0 
 43.7293 -0.0182 -2.5663  0.0146  0.6535  0.0167  0.3094  0.1773 -0.0003  0.2147 0 
 44.3946  0.2175 -0.3321  0.0451  0.2344  0.0320  0.2642  0.0585 -0.0003  0.1441 0 
 41.8616 -0.2747  2.7791  0.0043  0.3064  0.0465  0.2683  0.1152 -0.0003  0.1641 0 
 44.4404 -0.2640  1.3510  0.0501  0.3961  0.0154  0.2641  0.0508 -0.0003  0.1394 0 
 44.1047  0.2837 -1.7766  0.0077  0.1125  0.0473  0.3087  0.0234 -0.0003  0.0661 0 
 47.5013 -0.5593 -1.3325  0.1589  0.3596  0.1037  0.5191  0.1068  0.2226  0.9157 1 
 25.2689  0.5909  1.7825  0.1840  0.1755  0.0198  0.2068  0.1954 -0.0003  0.6020 1 
 35.6695  0.5636 -0.1320  0.0018  0.3281  0.0220  0.1402  0.0488 -0.0003  0.1025 0 
 33.0510 -0.5968  2.9920  0.0063  0.0744  0.0741  0.3342  0.0341 -0.0003  0.0683 0 
 42.2583 -0.7618  2.4428  0.0276  0.6054  0.0326  0.6245  0.0732 -0.0003  0.3481 1 
 32.6360  0.7610 -0.6590  0.2809  0.2588  0.0212  0.3833  0.2386  0.0871  0.9321 1 
 47.3579 -0.3857 -0.9112  0.0389  0.4949  0.0729  0.2164  0.0034 -0.0003  0.3524 0 
 46.0548  0.3718  2.2388  0.0759  0.5398  0.0206  0.2616  0.0715 -0.0003  0.3002 0 
 48.4962 -0.7068 -0.5253  0.0362  0.2731  0.0485  0.3012  0.1450 -0.0003  0.3317 0 
 38.1140  0.7222  2.6007  0.0022  0.3033  0.0189  0.2752  0.0988 -0.0003  0.0716 0 
 45.5634 -0.6129 -0.7670  0.0060  0.0750  0.0270  0.3935  0.0764 -0.0003  0.0576 0 
 42.6673  0.6033  2.3483  0.0058  0.4887  0.0189  0.3115  0.0511 -0.0003  0.0909 0 
 50.8675  0.2814 -1.3932  0.0215  0.3704  0.0767  0.6800  0.1027 -0.0003  0.3481 0 
 45.3315 -0.2876  1.7453  0.0374  0.3997  0.0139  0.2190  0.0319 -0.0003  0.1154 0 
 47.2450  0.4229  3.0324  0.0226  0.4347  0.0346  0.2599  0.0485 -0.0003  0.1702 0 
 46.3325 -0.4217 -0.1377  0.0034  0.1668  0.0815  0.4354  0.0475 -0.0003  0.1007 0 
 49.0669  0.5787 -0.9155  0.0810  0.5318  0.0456  0.3003  0.0954 -0.0003  0.6143 1 
 47.1687 -0.5770  2.2242  0.0950  0.5179  0.0435  0.2600  0.0576 -0.0003  0.5917 1 
 45.9541 -0.3326 -2.8684  0.3414  0.2227  0.0933  0.3927  0.4302 -0.0003  0.9961 1 
 34.0520  0.3133  0.2470  0.1246  0.7356  0.0371  0.3787  0.0908  0.2121  0.7991 1 
 50.0771 -0.2159  2.4602  0.0004  0.2117  0.0382  0.5974  0.0739  0.2413  0.3785 0 
 37.4121  0.2386 -0.7001  0.0231  0.4098  0.0115  0.3227  0.0267 -0.0003  0.0911 0 
 48.9662  0.4852 -1.4507  0.0386  0.4358  0.0503  0.2146  0.0578 -0.0003  0.3327 0 
 46.7292 -0.4810  1.7158  0.0299  0.1919  0.0331  0.4779  0.0587 -0.0003  0.1641 0 
 53.5866 -0.1345 -0.6400  0.0640  0.6037  0.0807  0.2936  0.0777 -0.0003  0.5533 1 
 36.2310  0.1277  2.5183  0.3016  0.1556  0.0956  0.3257  0.1606  0.3631  0.9820 1 
 50.8644 -0.3053 -1.7674  0.0034  0.3799  0.1314  0.2975  0.0103 -0.0003  0.1770 0 
 41.7975  0.3123  1.3934  0.0413  0.5352  0.0356  0.2237  0.0189 -0.0003  0.2863 0 
 57.9019 -0.2297  2.5069  0.0020  0.4390  0.0509  0.3703  0.2082 -0.0003  0.3826 0 
 46.3630  0.2323 -0.6123  0.1228  0.6886  0.1331  0.6094  0.1641 -0.0003  0.8531 0 
 54.5602 -0.2367  1.4805  0.0281  0.1890  0.0303  0.2505  0.0345 -0.0003  0.0781 0 
 47.1412  0.2688 -1.7015  0.0441  0.5050  0.0430  0.2601  0.0287 -0.0003  0.3318 0 
 42.7893  0.7937  2.5710  0.3155  0.1593  0.0301  0.5335  0.3990  0.0328  0.9893 1 
 41.5381 -0.7899 -0.5495  0.2055  0.6788  0.0797  0.7170  0.2192 -0.0003  0.9736 1 
 48.3345 -0.5957 -3.0507  0.0218  0.4251  0.0673  0.3875  0.0891 -0.0003  0.2827 0 
 48.1147  0.6153  0.0579  0.0077  0.4945  0.0335  0.4311  0.0607 -0.0003  0.1619 0 
 42.8992 -0.4690  0.1686  0.0333  0.1291  0.0293  0.3110  0.0316 -0.0003  0.0690 0 
 42.3682  0.4200 -2.9774  0.0097  0.0924  0.0884  0.3120  0.0079 -0.0003  0.0711 0 
 46.8879 -0.6288 -2.0836  0.0000  0.4681  0.0042  0.0434 -0.0200 -0.0003  0.1914 0 
 37.3907  0.6293  1.0852  0.0095  0.1780  0.0443  0.1844  0.0264 -0.0003  0.0863 0 
 52.2286  0.1222  1.0528  0.1746  0.4363  0.1081  0.4644  0.0541 -0.0003  0.6624 1 
 44.9134 -0.0528 -2.0487  0.3388  0.2199  0.0916  0.4389  0.2549 -0.0003  0.9853 1 
 49.9306 -0.5842 -0.0157  0.0561  0.4358  0.0836  0.8968  0.0367 -0.0003  0.5237 1 
 47.4006  0.5844  3.0926  0.3295  0.5613  0.0323  0.4328  0.3149 -0.0003  0.9809 1 
 42.8382 -0.5610  2.9804  0.0265  0.1810  0.1008  0.4889  0.1159 -0.0003  0.2455 0 
 41.7365  0.5996 -0.1735  0.1596  0.0657  0.1624  0.3133  0.1896 -0.0003  0.6416 0 
 52.6955  0.2674  2.9782  0.0104  0.2838  0.0522  0.2949  0.1693 -0.0003  0.2805 0 
 48.5420 -0.2724 -0.1937  0.0534  0.3438  0.1548  0.3871  0.0169 -0.0003  0.2952 0 
 51.3924  0.2554  2.1075  0.0377  0.4957  0.0586  0.1696  0.0135 -0.0003  0.4021 0 
 41.7273 -0.2510 -1.0765  0.0558  0.6632  0.0609  0.4028  0.0535 -0.0003  0.4453 0 
 42.5299  0.5581  2.2226  0.2756  0.8026  0.1001  0.5789  0.3163  0.4195  0.9995 1 
 34.9554 -0.5346 -0.8711  0.2883  0.3357  0.0233  0.2349  0.3712 -0.0003  0.9646 1 
 47.7394  0.6795  1.5473  0.0644  0.6774  0.0427  0.3024  0.0432 -0.0003  0.5112 0 
 32.7550 -0.6640 -1.5147  0.0933  0.2891  0.2000  0.3350  0.0152 -0.0003  0.4143 0 
 47.0161 -0.1485 -0.7031  0.0112  0.3871  0.0215  0.2168  0.0147 -0.0003  0.1078 0 
 45.7710  0.1366  2.4341  0.0179  0.3972  0.0157  0.3494  0.0607 -0.0003  0.0953 0 
 48.6946 -0.7432  0.0711  0.2250  0.8082  0.1316  0.4298  0.3572 -0.0003  0.9940 1 
 44.0223  0.7747 -3.0936  0.2364  0.7614  0.0349  0.4854  0.3028 -0.0003  0.9686 1 
 58.1674  0.6270 -1.2479  0.0113  0.6433  0.0450  0.2466  0.0193 -0.0003  0.2586 0 
 51.1543 -0.6243  1.8682  0.0000  0.0017  0.0127  0.0849  0.0139 -0.0003  0.0550 0 
 47.8981  0.3495  2.5514  0.0608  0.1973  0.0250  0.2158  0.0180 -0.0003  0.1270 0 
 44.6082 -0.3391 -0.5722  0.0273  0.2400  0.0866  0.1319  0.0654 -0.0003  0.3255 0 
 54.1329 -0.0597 -0.4388  0.0123  0.1619  0.0580  0.3347  0.0163 -0.0003  0.0967 0 
 50.4982  0.0631  2.6489  0.0060  0.4127  0.0099  0.0851  0.0228 -0.0003  0.1238 0 
 45.5024 -0.4670  1.1657  0.0527  0.1272  0.0233  0.3062  0.2425 -0.0003  0.3054 0 
 45.0843  0.4744 -2.0126  0.0295  0.3836  0.1114  0.2192  0.0042 -0.0003  0.2504 0 
 40.9979 -0.4468 -2.3167  0.0876  0.5099  0.0268  0.4497  0.0759 -0.0003  0.5642 0 
 39.4781  0.4343  0.8011  0.0215  0.2111  0.1305  0.3180  0.0123 -0.0003  0.1478 0 
 44.5289 -0.3880  1.4091  0.1999  0.3214  0.0479  0.4399  0.0075 -0.0003  0.6269 0 
 41.7273  0.3751 -1.7330  0.0510  0.2906  0.0358  0.4923  0.1077 -0.0003  0.3805 0 
 51.7067  0.4793  2.8899  0.0435  0.3987  0.0998  0.4656  0.1508 -0.0003  0.4600 0 
 46.2928 -0.4701 -0.2550  0.0244  0.3890  0.0152  0.2613  0.0162 -0.0003  0.1011 0 
 45.4170  0.2489 -3.1083  0.0066  0.1819  0.1294  0.5252  0.0197 -0.0003  0.1356 0 
 44.2878 -0.2466  0.0457  0.0560  0.3573  0.0757  0.2643  0.0974 -0.0003  0.4924 0 
 43.0152 -0.3598 -1.7707  0.0538  0.2693  0.0745  0.5328  0.0399 -0.0003  0.3465 0 
 42.0905  0.3769  1.3600  0.0183  0.5005  0.0472  0.5805  0.0368 -0.0003  0.2417 0 
 41.8311  0.5592 -0.7231  0.0787  0.1731  0.0549  0.1342  0.0124 -0.0003  0.2812 0 
 37.5280 -0.5676  2.4449  0.0171  0.3713  0.0434  0.2764  0.2629 -0.0003  0.4860 0 
 54.2824  0.2670  1.6043  0.0083  0.7142  0.1580  0.4181  0.1008 -0.0003  0.3375 0 
 42.8351 -0.2590 -1.5022  0.0652  0.1192  0.0511  0.2222  0.0753 -0.0003  0.1588 0 
 38.0255 -0.7222  1.0214  0.0770  0.2802  0.0105  0.2295  0.1258 -0.0003  0.1981 0 
 35.6878  0.7476 -2.1132  0.0138  0.1569  0.0153  0.4205  0.0181 -0.0003  0.0582 0 
 41.2604 -0.5341 -0.0543  0.0433  0.1210  0.0499  0.2694  0.0179 -0.0003  0.1026 0 
 38.4833  0.5268  3.0678  0.0085  0.8120  0.0123  0.3203  0.0095 -0.0003  0.1229 0 
 49.5583  0.0721 -1.2912  0.0277  0.4176  0.1029  0.3423  0.0391  0.4153  0.6486 0 
 48.5328 -0.0959  1.7921  0.0804  0.1495  0.0694  0.6883  0.1299 -0.0003  0.6038 0 
 53.4890 -0.1235  2.4754  0.0429  0.3514  0.1745  0.6295  0.0440 -0.0003  0.3548 0 
 37.2717  0.1247 -0.6836  0.0199  0.4508  0.0344  0.3231  0.0136 -0.0003  0.1860 0 
 49.2500  0.4852 -0.8048  0.0058  0.4836  0.1247  0.5571  0.0115 -0.0003  0.2063 0 
 46.2715 -0.4623  2.4080  0.0059  0.5191  0.0418  0.4791  0.0136 -0.0003  0.1725 0 
 43.1586 -0.1099 -1.4145  0.1715  0.1895  0.0434  0.3105  0.1249 -0.0003  0.6472 0 
 41.9562  0.1137  1.6990  0.0545  0.3431  0.0343  0.3576  0.0646 -0.0003  0.2872 0 
 47.1260  0.1564 -1.2612  0.0349  0.1822  0.0126  0.2167  0.0247 -0.0003  0.0555 0 
 46.9947 -0.1709  1.8818  0.0116  0.0861  0.1719  0.3904  0.0154 -0.0003  0.0674 0 
 48.3009 -0.6723 -2.9745  0.0598  0.3838  0.0452  0.3446  0.0289 -0.0003  0.3507 1 
 48.2185  0.6824  0.1642  0.0335  0.2398  0.0464  0.3447  0.1419 -0.0003  0.2787 1 
 45.0355 -0.5622 -0.1208  0.1342  0.4091  0.1016  0.5263  0.2783 -0.0003  0.9395 1 
 39.9146  0.5167  3.1151  0.0085  0.4369  0.1917  0.2718  0.0678  0.9178  0.8520 1 
 45.7984 -0.2196  2.7908  0.0133  0.4608  0.0749  0.6550  0.0223 -0.0003  0.2301 0 
 45.4017  0.2151 -0.3560  0.1220  0.4397  0.0116  0.2626  0.0871 -0.0003  0.3431 0 
 46.7720 -0.2665  2.0320  0.0095  0.3225  0.0441  0.6080  0.0394 -0.0003  0.2028 0 
 45.8808  0.2744 -1.0657  0.0982  0.5191  0.0284  0.4365  0.0273 -0.0003  0.5581 0 
 42.9175  0.5493 -2.1455  0.1696  0.5601  0.0283  0.3554  0.2056 -0.0003  0.8559 1 
 40.4913 -0.5484  0.9802  0.4194  0.5404  0.0472  0.3159  0.2769  0.4353  0.9992 1 
 49.0150  0.3190 -0.4182  0.0271  0.0856  0.0377  0.4720  0.1246 -0.0003  0.1401 0 
 41.9715 -0.3133  2.7083  0.0000  0.1576  0.0556  0.0894 -0.0200 -0.0003  0.1491 0 
 59.1623 -0.5997 -2.6687  0.0015  0.6781  0.3317  0.3684  0.0344 -0.0003  0.2350 0 
 38.9349  0.5935  0.5804  0.0049  0.4709  0.0815  0.4104  0.0331 -0.0003  0.1751 0 
 48.2429  0.6217 -2.1006  0.0007  0.8236  0.0287  0.2585  0.0410 -0.0003  0.1536 0 
 48.1727 -0.6266  1.0658  0.0103  0.7175  0.0362  0.3448  0.0468 -0.0003  0.1913 0 
 45.9754 -0.5292 -2.1441  0.0337  0.4825  0.0208  0.3490  0.0222 -0.0003  0.1725 0 
 43.7995  0.5475  0.9889  0.0218  0.4513  0.0309  0.4418  0.0745 -0.0003  0.2225 0 
 45.1514  0.2727 -2.5344  0.0251  0.7274  0.0479  0.6136  0.0679 -0.0003  0.3415 0 
 44.9104 -0.2914  0.6204  0.0363  0.2711  0.0370  0.4390  0.0179 -0.0003  0.2032 0 
 48.0232  0.5904 -1.3666  0.0246  0.1253  0.0482  0.3451  0.0446 -0.0003  0.0900 0 
 44.1718 -0.5537  1.7953  0.0247  0.4687  0.0367  0.3967  0.0335 -0.0003  0.2193 0 
 44.9775  0.5451  2.0042  0.0145  0.1825  0.0129  0.0878 -0.0004 -0.0003  0.0870 0 
 36.0815 -0.5103 -1.0924  0.0058  0.2897  0.1758  0.6520  0.0193 -0.0003  0.2270 0 
 42.0600 -0.6162  0.7000  0.0940  0.6175  0.0279  0.2680  0.0182 -0.0003  0.4991 0 
 37.6318  0.6266 -2.4120  0.0107  0.1515  0.0629  0.5064  0.1577 -0.0003  0.1879 0 
 42.1210 -0.6274 -2.8127  0.0156  0.3613  0.0068  0.0893  0.0016 -0.0003  0.1316 0 
 39.4293  0.6311  0.2980  0.0076  0.6469  0.0839  0.3182  0.0469 -0.0003  0.2423 0 
 35.9014 -0.7696 -1.8719  0.2094  0.6768  0.0268  0.4664  0.0430  0.0795  0.7452 0 
 28.8457  0.7673  1.3470  0.0302  0.4065  0.0188  0.5961  0.0356 -0.0003  0.2842 0 
 46.4179  0.3553  2.8875  0.0072  0.2234  0.0357  0.3481  0.0064 -0.0003  0.0883 0 
 46.0487 -0.3726 -0.2512  0.0065  0.1484  0.0529  0.5669  0.1961 -0.0003  0.2124 0 
 44.5899 -0.7124 -2.7903  0.0076  0.0489  0.0181  0.1759  0.0146 -0.0003  0.0435 0 
 43.2593  0.7134  0.3133  0.0017  0.4756  0.0708  0.4876  0.0742 -0.0003  0.1863 0 
 40.7538 -0.0204  3.0255  0.7369  0.6604  0.0323  0.4504  1.0465 -0.0003  0.9985 1 
 33.0083 -0.0080 -0.0798  0.5461  0.4049  0.0555  0.4298  0.2963  0.3363  0.9985 1 
 50.8034  0.2456 -2.9764  0.0170  0.3207  0.1229  0.5952  0.0589  0.1291  0.3944 0 
 43.0213 -0.2272  0.1431  0.1457  0.4212  0.0680  0.3551  0.1805 -0.0003  0.8733 0 
 63.4165 -0.0567  0.5877  0.1243  0.0566  0.0404  0.3220  0.0971 -0.0003  0.1877 0 
 56.4828  0.0422 -2.5634  0.0019  0.1098  0.0268  0.2484  0.0103 -0.0003  0.0467 0 
 45.1576 -0.2805 -1.2390  0.2358  0.7205  0.0375  0.4383  0.2694 -0.0003  0.9623 1 
 30.9545  0.3155  1.8973  0.3080  0.1549  0.0130  0.1946  0.1793 -0.0003  0.7033 1 
 55.6802 -0.4198 -0.3956  0.0035  0.3686  0.0669  0.3739  0.0396 -0.0003  0.1583 0 
 42.6123  0.3668  2.7321  0.0724  0.4226  0.0192  0.4005  0.0569 -0.0003  0.3389 0 
 44.5930 -0.7060 -2.9504  0.0306  0.3889  0.2227  0.5277  0.0403 -0.0003  0.2963 0 
 42.1729  0.7028  0.2084  0.0015  0.3807  0.0503  0.4463  0.1437 -0.0003  0.2257 0 
 60.4196  0.1558 -3.0402  0.0368  0.2517  0.2453  0.4072  0.0363 -0.0003  0.2692 0 
 47.3243 -0.1304  0.1266  0.0123  0.2486  0.0358  0.3031  0.0074 -0.0003  0.1007 0 
 48.9448 -0.3746 -0.2529  0.0160  0.3696  0.1067  0.5151  0.0466  0.4336  0.5776 0 
 44.6021  0.3662  2.8930  0.0559  0.2519  0.0321  0.3957  0.0244 -0.0003  0.2215 0 
 45.7435 -0.1117  2.9317  0.1053  0.3708  0.1725  0.3058  0.2956  0.2124  0.9636 1 
 44.1718  0.1569 -0.2184  0.6310  0.3050  0.2155  0.6613  0.6479 -0.0003  0.9987 1 
 49.0547  0.0379 -2.7219  0.0250  0.7433  0.0876  0.6864  0.0422 -0.0003  0.3228 0 
 43.2166 -0.0246  0.4108  0.0172  0.4211  0.0225  0.2217  0.0635 -0.0003  0.1173 0 
 42.3041 -0.0067  1.2487  0.0254  0.2449  0.0898  0.3567  0.0074 -0.0003  0.1751 0 
 34.0124 -0.0289 -1.8573  0.0040  0.3830  0.0323  0.1894  0.1462 -0.0003  0.1993 0 
 49.7200  0.6637  0.9278  0.7870  0.3307  0.0430  0.6840  0.6926 -0.0003  0.9971 1 
 31.8059 -0.6098 -2.2746  0.3882  0.5368  0.0357  0.4344  0.4732  0.3219  0.9997 1 
 44.1444 -0.5628 -2.3189  0.1585  0.6132  0.0978  0.6614  0.4282 -0.0003  0.9876 1 
 37.8271  0.5610  0.8242  0.0001  0.4961  0.0435  0.3218  0.1423 -0.0003  0.2439 1 
 59.4339  0.1171  0.0661  0.0554  0.5539  0.0994  0.3680  0.1104  0.1975  0.7416 1 
 49.4453 -0.1111 -3.0571  0.0893  0.4119  0.0391  0.2569  0.0186 -0.0003  0.4500 1 
 34.9706 -0.4534  2.7629  0.0679  0.2472  0.0582  0.4698  0.2396 -0.0003  0.6210 1 
 32.3888  0.4250 -0.4037  0.5239  0.5633  0.0615  0.2401  0.4374  0.3922  0.9993 1 
 48.6671  0.7108  2.0427  0.0224  0.7073  0.1173  0.3009  0.0150 -0.0003  0.2637 0 
 40.2045 -0.6957 -1.1085  0.0001  0.0827  0.1122  0.3165  0.0463 -0.0003  0.0554 0 
 38.3948  0.6161  0.9955  0.0746  0.4708  0.0352  0.5951  0.2982  0.1129  0.8959 1 
 31.8364 -0.5891 -2.2112  0.7067  0.1979  0.0497  0.3860  0.8813  0.3059  0.9998 1 
 45.4994  0.3469 -0.8525  0.0176  0.2678  0.0715  0.4374  0.1445 -0.0003  0.2707 0 
 42.6825 -0.3457  2.3562  0.0094  0.5245  0.0493  0.4894  0.0351 -0.0003  0.1912 0 
 44.1199 -0.6847  1.7502  0.0188  0.2438  0.0682  0.1764  0.0153 -0.0003  0.2111 0 
 40.4639  0.6728 -1.4002  0.0005  0.1814  0.0270  0.2708  0.0366  0.1726  0.2974 0 
 46.2562 -0.6979 -1.4901  0.1220  0.1569  0.0343  0.2613  0.1507 -0.0003  0.4753 0 
 44.8249  0.7219  1.7018  0.0148  0.1698  0.2632  0.4831  0.0235 -0.0003  0.1833 0 
 48.4504  0.1600  1.7698  0.1801  0.7115  0.0569  0.3443  0.2233  0.2820  0.9701 1 
 43.1250 -0.1515 -1.4129  0.8534  0.3863  0.0464  0.4437  0.6975  0.3579  0.9993 1 
 46.7597 -0.3708 -2.5744  0.0055  0.4775  0.0991  0.3909  0.0118 -0.0003  0.1777 0 
 44.0162  0.4218  0.5918  0.2326  0.5079  0.1603  0.3089  0.0532 -0.0003  0.8365 0 
 41.6815  0.2727  1.9975  0.1671  0.5632  0.0250  0.3582  0.1866 -0.0003  0.8164 1 
 32.7123 -0.2646 -1.1448  0.4633  0.1840  0.0693  0.5267  0.2537  0.0769  0.9871 1 
 47.7302 -0.0913 -2.0816  0.1303  0.2408  0.0786  0.3024  0.0504 -0.0003  0.5072 0 
 44.2145  0.0986  1.0647  0.0582  0.1895  0.0366  0.3967  0.1553 -0.0003  0.3351 0 
 46.7964  0.6871  0.2579  0.0004  0.1015  0.0410  0.2171  0.0334 -0.0003  0.0541 0 
 41.8433 -0.6702 -2.9341  0.0169  0.5671  0.0291  0.3131  0.0333 -0.0003  0.1626 0 
 46.9245 -0.5808 -2.3298  0.0902  0.3941  0.0464  0.3471  0.1076 -0.0003  0.5960 0 
 43.6561  0.5918  0.8122  0.0247  0.1644  0.0488  0.3980  0.1252 -0.0003  0.1760 0 
 42.4262 -0.7167  2.8718  0.1977  0.2994  0.0563  0.4901  0.4106 -0.0003  0.9838 1 
 38.3642  0.7152 -0.2765  0.2797  0.3070  0.0189  0.3663  0.3201  0.2538  0.9981 1 
 46.9734  0.6357  0.4025  0.1509  0.3861  0.0294  0.3037  0.0120 -0.0003  0.5667 0 
 46.3661 -0.6453 -2.7412  0.0059  0.0547  0.0258  0.3482  0.2382 -0.0003  0.1233 0 
 43.6774 -0.6057  1.5892  0.0251  0.4859  0.0205  0.6633  0.1229 -0.0003  0.3969 0 
 35.5077  0.5844 -1.4342  0.0090  0.1700  0.1412  0.2807  0.0408 -0.0003  0.1078 0 
 52.8573  0.4436  2.0369  0.0476  0.2944  0.1281  0.4630  0.0738 -0.0003  0.3379 0 
 49.6071 -0.4092 -1.1430  0.0299  0.4257  0.0640  0.3422  0.1457 -0.0003  0.4437 0 
 41.6571  0.6940 -2.4451  0.0078  0.7065  0.2178  0.4030  0.0195 -0.0003  0.2549 0 
 35.0469 -0.7034  0.7477  0.0804  0.6265  0.0127  0.2348  0.0661 -0.0003  0.2843 0 
 43.7049 -0.5603 -2.3962  0.2817  0.1031  0.0399  0.4421  0.3244  0.1072  0.9683 1 
 35.0408  0.5264  0.7206  0.0280  0.2509  0.0744  0.3756  0.0894  0.1396  0.4084 1 
 47.4617  0.7726  2.8406  0.3140  0.5103  0.0789  0.2596  0.4324 -0.0003  0.9957 1 
 33.6339 -0.7914 -0.2865  0.0273  0.6923  0.0296  0.3800  0.0444 -0.0003  0.2376 1 
 46.8147 -0.6085 -0.4363  0.4411  0.3669  0.0708  0.3039  0.2606 -0.0003  0.9905 1 
 32.8557  0.5550  2.7278  0.0991  0.3062  0.1028  0.3348  0.0123  0.6508  0.9857 1 
 47.8920 -0.0598  2.4855  0.1544  0.4572  0.1692  0.3885  0.0406 -0.0003  0.6210 0 
 40.5005  0.0635 -0.7306  0.0458  0.2191  0.0165  0.3158  0.3110  0.1301  0.6504 0 
 44.3153 -0.6266 -2.3176  0.0198  0.2749  0.0546  0.2643  0.0157 -0.0003  0.1718 1 
 40.5097  0.6160  0.8210  0.4803  0.7737  0.0149  0.4963  0.5565 -0.0003  0.9974 1 
 52.8511  0.6534  2.8373  0.1123  0.4067  0.0653  0.5893  0.2736  0.0732  0.9263 1 
 37.9400 -0.6683 -0.2928  0.0986  0.4323  0.0302  0.3215  0.0521  0.3300  0.9770 1 
 49.9519  0.1928  1.5676  0.0915  0.7304  0.0240  0.2135  0.1290 -0.0003  0.5099 0 
 42.4262 -0.1867 -1.5728  0.0480  0.5288  0.0304  0.3565  0.0016 -0.0003  0.3222 0 
 47.7699  0.1298  2.3864  0.0391  0.1142  0.1588  0.3455  0.0944 -0.0003  0.1579 0 
 42.6673 -0.1255 -0.7637  0.0161  0.6295  0.0152  0.2225  0.0206 -0.0003  0.1254 0 
 47.7913  0.2463 -2.2875  0.4824  0.5842  0.0992  0.3887  0.7978 -0.0003  0.9985 1 
 44.0528 -0.2316  0.8333  0.0309  0.4329  0.0809  0.3971  0.0560 -0.0003  0.2787 1 
 46.1891  0.2936 -1.0718  0.3870  0.6993  0.0387  0.4357  0.3142 -0.0003  0.9877 1 
 45.3925 -0.2819  2.0720  0.4635  0.8206  0.0592  0.3064  0.3723 -0.0003  0.9963 1 
 44.4434 -0.5846  2.2767  0.6438  0.4247  0.0271  0.5282  0.8562 -0.0003  0.9985 1 
 34.0093  0.5427 -0.8465  0.4649  0.7085  0.0240  0.3789  0.3691 -0.0003  0.9948 1 
 57.0138 -0.3170 -2.5035  0.0550  0.5608  0.1214  0.3717  0.0286 -0.0003  0.3306 0 
 44.4434  0.3142  0.5822  0.0856  0.2459  0.0197  0.1761  0.1423 -0.0003  0.2850 0 
 43.8117 -0.5776  0.3297  0.0314  0.1846  0.0756  0.3093  0.0222 -0.0003  0.1529 0 
 40.1801  0.5796 -2.8107  0.0243  0.3374  0.0814  0.3165  0.0053 -0.0003  0.2165 0 
 46.9520  0.3105 -2.0635  0.0734  0.5689  0.0311  0.2603  0.0263 -0.0003  0.3999 0 
 31.2444 -0.2865  1.0963  0.0726  0.4721  0.0056  0.1456  0.1440 -0.0003  0.2332 0 
 56.6903 -0.5060 -1.2610  0.0086  0.3842  0.0789  0.2895  0.0750 -0.0003  0.2306 0 
 42.1241  0.4955  1.9053  0.0543  0.1874  0.0786  0.3125  0.0161 -0.0003  0.2125 0 
 47.9286  0.1659 -0.0614  0.0759  0.1056  0.2271  0.3884  0.0311 -0.0003  0.2230 0 
 44.9653 -0.1774  3.0645  0.0200  0.1899  0.0399  0.2194  0.0120 -0.0003  0.0970 0 
 53.0861  0.4390  3.0733  0.0827  0.1624  0.0259  0.3784  0.1448  0.0223  0.3934 0 
 46.4210 -0.4255 -0.0999  0.0178  0.4660  0.0684  0.5222  0.0164 -0.0003  0.2124 0 
 46.7506 -0.0735 -1.4551  0.0437  0.3307  0.0551  0.5212  0.0320 -0.0003  0.3165 0 
 44.6571  0.0585  1.7008  0.0027  0.4200  0.0376  0.1319  0.0274 -0.0003  0.1977 0 
 50.0984  0.7452 -1.1093  0.0718  0.0819  0.0279  0.2560  0.0495 -0.0003  0.0771 0 
 42.0264 -0.7418  2.0293  0.0071  0.4454  0.0143  0.1787  0.0091 -0.0003  0.1112 0 
 42.9999 -0.2204 -0.0030  0.0040  0.4668  0.1177  0.5328  0.0468 -0.0003  0.2079 0 
 41.0101  0.2357 -3.1082  0.0085  0.6939  0.0856  0.3597  0.0612 -0.0003  0.2631 0 
 43.9704 -0.7005  0.9478  0.0299  0.4588  0.0327  0.3531  0.0933 -0.0003  0.2475 0 
 36.6705  0.6728 -2.2033  0.0108  0.6929  0.0406  0.3246  0.1019 -0.0003  0.2643 0 
 46.2379 -0.2065  2.3195  0.0692  0.5659  0.0397  0.4791  0.0182 -0.0003  0.4672 0 
 35.9258  0.2399 -0.8106  0.0712  0.1971  0.0120  0.1399  0.1556 -0.0003  0.2218 0 
 47.6051 -0.4011  1.2652  0.0645  0.2112  0.0782  0.5188  0.1270 -0.0003  0.4716 0 
 45.2155  0.4028 -1.8665  0.1288  0.2381  0.0097  0.1753  0.1367 -0.0003  0.2839 0 
 47.8309  0.2937  1.9635  0.1683  0.4037  0.0293  0.3454  0.1186 -0.0003  0.6938 0 
 46.1891 -0.3317 -1.1711  0.0475  0.0978  0.0631  0.3921  0.0540 -0.0003  0.1314 0 
 48.8960  0.0806  2.7763  0.0561  0.3676  0.1029  0.5152  0.0269 -0.0003  0.3403 0 
 47.7272 -0.0477 -0.3672  0.0530  0.1685  0.0134  0.1296  0.0324 -0.0003  0.0849 0 
 44.8371  0.0934  0.3787  0.0190  0.4365  0.0302  0.3952  0.0137 -0.0003  0.1756 0 
 41.3916 -0.0929 -2.7819  0.1131  0.4497  0.0423  0.4037  0.2023 -0.0003  0.8220 0 
 47.9957  0.6342 -0.8648  0.0334  0.1847  0.0146  0.2157  0.0125 -0.0003  0.0608 0 
 31.5221 -0.6458  2.2893  0.0806  0.2628  0.0141  0.2420  0.0248  0.0464  0.2530 0 
 61.4786  0.4809 -0.0061  0.0202  0.2048  0.3796  0.4054  0.0350 -0.0003  0.2220 0 
 45.0050 -0.5215  3.1383  0.0886  0.2429  0.0292  0.3510  0.0157 -0.0003  0.2811 0 
 51.3008 -0.6146  1.9218  0.0947  0.3413  0.1069  0.4665  0.0798  0.0791  0.6509 0 
 39.4415  0.6553 -1.1187  0.0502  0.2373  0.0422  0.2272  0.0776 -0.0003  0.2243 0 
 46.2867  0.6502 -2.6926  0.0004  0.1767  0.0313  0.1306  0.1564 -0.0003  0.1602 0 
 46.2196 -0.6329  0.3808  0.0173  0.4929  0.1971  0.4792  0.0838 -0.0003  0.2861 0 
 46.4485 -0.6230 -0.9474  0.0522  0.6205  0.0171  0.3916  0.0472 -0.0003  0.2742 0 
 46.1402  0.6357  2.1845  0.1096  0.4855  0.0562  0.4358  0.0556  0.0851  0.7110 0 
 40.5982  0.5977 -0.2062  0.0017  0.4136  0.0609  0.1353  0.0772 -0.0003  0.2959 0 
 40.0275 -0.5994  2.8822  0.0235  0.4187  0.0294  0.2263  0.0112 -0.0003  0.1719 0 
 47.8859  0.4433 -0.8731  0.0634  0.3140  0.0550  0.5611  0.1818  0.0370  0.6567 0 
 44.0284 -0.4617  2.2546  0.0709  0.1933  0.0307  0.4412  0.1531  0.0910  0.5612 0 
 50.5623  0.1891  2.0631  0.0170  0.1585  0.0648  0.1703  0.0071 -0.0003  0.1291 0 
 46.4759 -0.1614 -1.0622  0.0553  0.5718  0.0219  0.3915  0.0934 -0.0003  0.3617 0 
 48.1331  0.4591  1.4758  0.1462  0.7770  0.0511  0.4311  0.0959  0.2202  0.8405 0 
 46.3264 -0.4608 -1.6574  0.0570  0.2406  0.0435  0.5225  0.2042 -0.0003  0.5100 0 
 39.8871  0.7816  0.3264  0.0122  0.5094  0.0393  0.4984  0.1533 -0.0003  0.3333 0 
 21.7655 -0.7835 -2.8168  0.0070  0.2703  0.0209  0.3253  0.1285 -0.0003  0.0942 0 
 49.6345 -0.6379  2.3016  0.0003  0.2479  0.1852  0.3421  0.0185  0.0218  0.1626 0 
 46.6621  0.6375 -0.8274  0.0358  0.1501  0.0254  0.3042  0.0657 -0.0003  0.0770 0 
 46.6835 -0.8033 -0.9719  0.2092  0.3022  0.0558  0.3911  0.1420  0.3504  0.9933 1 
 38.3124  0.7560  2.1589  0.3630  0.3375  0.0264  0.3207  0.5908 -0.0003  0.9969 1 
 42.6429  0.2558 -1.5324  0.0229  0.4126  0.0318  0.1780  0.0899 -0.0003  0.1840 0 
 41.1872 -0.2746  1.6312  0.0541  0.5959  0.0749  0.4492  0.0982 -0.0003  0.4637 0 
 44.3305  0.7690  2.7324  0.1684  0.6798  0.1119  0.4404  0.3227  0.3693  0.9885 1 
 44.0467 -0.7759 -0.4317  0.0353  0.2336  0.0244  0.3971  0.0169 -0.0003  0.1287 1 
 45.4902 -0.5053 -2.1188  0.0427  0.4567  0.0390  0.5250  0.1179 -0.0003  0.4518 1 
 44.7486  0.4924  1.0317  0.0923  0.5964  0.0665  0.2636  0.0181 -0.0003  0.6180 1 
 45.0690 -0.4119  2.0840  0.3400  0.2021  0.0960  0.2631  0.1918  0.1038  0.9708 1 
 44.0955  0.3983 -1.0030  0.0103  0.3634  0.1241  0.4851  0.0840 -0.0003  0.2302 1 
 46.0121 -0.6391  0.9908  0.0070  0.4264  0.0902  0.2617  0.0045 -0.0003  0.2050 0 
 44.8005  0.6324 -2.1482  0.0004  0.0804  0.0269  0.1757  0.1147 -0.0003  0.0595 0 
 53.6263  0.6848  0.5066  0.0053  0.2437  0.0260  0.4613  0.0273 -0.0003  0.0905 0 
 43.7842 -0.6766 -2.6432  0.0213  0.7730  0.0753  0.5302  0.0202 -0.0003  0.2837 0 
 52.8420  0.0687  1.6411  0.0051  0.3943  0.1711  0.2526  0.0988 -0.0003  0.3007 0 
 45.3437 -0.0804 -1.4908  0.0239  0.4674  0.0162  0.3940  0.0309 -0.0003  0.1346 0 
 44.8218  0.7625  1.9210  0.0197  0.5611  0.0797  0.5709  0.0985 -0.0003  0.3052 0 
 42.4872 -0.7784 -1.2903  0.0314  0.4978  0.0569  0.4009  0.0386 -0.0003  0.2820 0 
 46.7536 -0.3938 -2.6003  0.0296  0.2314  0.0477  0.4343  0.0125 -0.0003  0.1774 0 
 42.5544  0.4035  0.5010  0.0026 -1.0000  0.0028  0.0890  0.0316 -0.0003  0.1879 0 
 39.9664  0.5487  2.5876  0.0114  0.4187  0.0728  0.4528  0.1568 -0.0003  0.3115 0 
 34.8821 -0.5452 -0.5279  0.0045  0.5783  0.0219  0.2351  0.0643 -0.0003  0.1177 0 
 47.3732  0.2195 -3.0125  0.0297  0.2044  0.0490  0.2597  0.0043 -0.0003  0.1439 0 
 35.0439 -0.2491  0.1386  0.0195  0.4387  0.0772  0.3756  0.1353  0.1253  0.5423 0 
 54.3648  0.3699 -2.0806  0.0083  0.1205  0.0199  0.1672  0.0124 -0.0003  0.0484 0 
 48.4047 -0.3885  1.0254  0.0248  0.0652  0.0436  0.1722  0.0046 -0.0003  0.0774 0 
 52.4727 -0.4312 -2.2877  0.0158  0.3252  0.0594  0.2108  0.0187 -0.0003  0.2242 0 
 48.5664  0.4163  0.8460  0.0138  0.2122  0.0809  0.2151  0.0124 -0.0003  0.1614 0 
 47.5715  0.0548 -1.4992  0.3781  0.6332  0.0488  0.6918  0.2999 -0.0003  0.9847 1 
 32.1325 -0.1188  1.6351  0.3199  0.1076  0.0540  0.3850  0.3310  0.3254  0.9985 1 
 50.4128 -0.0045 -0.1394  0.0373  0.3490  0.0396  0.3408  0.0245 -0.0003  0.2208 0 
 41.4343  0.0062  2.9709  0.0159  0.5505  0.0259  0.1794  0.0145  0.1229  0.3547 0 
 52.5032  0.5406  0.4152  0.0146  0.5068  0.0470  0.5481  0.0057 -0.0003  0.2057 0 
 47.9225 -0.5271 -2.7067  0.0050  0.2625  0.1284  0.4748  0.0237 -0.0003  0.1554 0 
 46.1036 -0.7013  2.1462  0.0206  0.3089  0.1243  0.4359  0.0345 -0.0003  0.2050 0 
 37.0611  0.6724 -1.0165  0.0220  0.5536  0.0147  0.0925  0.0035 -0.0003  0.1649 0 
 49.5949  0.6540  0.4571  0.0341  0.4206  0.0548  0.2139  0.0960 -0.0003  0.3793 0 
 33.6126 -0.6397 -2.7034  0.0120  0.2635  0.0234  0.2376  0.1386 -0.0003  0.1297 0 
 47.9927  0.3043  2.7915  0.0445  0.4386  0.1049  0.5177  0.1089 -0.0003  0.3986 0 
 42.3804 -0.2989 -0.3360  0.0649  0.5480  0.0396  0.5794  0.0701 -0.0003  0.5162 0 
 51.8776 -0.4807  1.4386  0.0290  0.7618  0.0674  0.2114  0.0808 -0.0003  0.5423 0 
 47.4891  0.4649 -1.6908  0.0316  0.3194  0.0391  0.2596  0.0130 -0.0003  0.1878 0 
 51.9203  0.3204 -3.0851  0.0023  0.1369  0.0349  0.4228  0.0917 -0.0003  0.0778 0 
 46.4088 -0.3237  0.0661  0.0468  0.1021  0.0371  0.2176  0.0649 -0.0003  0.0835 0 
 44.5014  0.3334 -2.6042  0.0442  0.1877  0.0224  0.3960  0.0353 -0.0003  0.1215 0 
 37.0428 -0.3259  0.5359  0.0204  0.2876  0.0355  0.3236  0.0504  0.0802  0.2721 0 
 45.4597 -0.1589  0.8783  0.0211  0.6307  0.0235  0.0875  0.0056 -0.0003  0.2120 0 
 44.3458  0.0931 -2.2310  0.0550  0.3040  0.2138  0.6166  0.0485 -0.0003  0.3919 0 
 44.4984  0.7668  1.8689  0.0134  0.3272  0.0148  0.4400  0.1180  0.0170  0.1625 0 
 43.5828 -0.7621 -1.2616  0.0046  0.0920  0.0204  0.2655  0.0200 -0.0003  0.0391 0 
 46.8818 -0.4258  2.4467  0.0088  0.2374  0.1901  0.2170  0.0621 -0.0003  0.2095 0 
 45.1484  0.3777 -0.7346  0.0329  0.5732  0.0225  0.3068  0.0931 -0.0003  0.2033 0 
 54.6304 -0.7557 -0.7982  0.0757  0.3009  0.0369  0.2504  0.0843 -0.0003  0.3441 0 
 45.0690  0.7426  2.3237  0.0073  0.5071  0.0363  0.3947  0.0096 -0.0003  0.1699 0 
 44.3580  0.0214 -1.6448  0.0846  0.1607  0.0218  0.3963  0.0379 -0.0003  0.2028 0 
 43.5248 -0.0081  1.5176  0.0216  0.3852  0.0448  0.3098  0.0582 -0.0003  0.1974 0 
 67.2831 -0.6700 -2.1720  0.0574  0.2599  0.0425  0.1984  0.1721 -0.0003  0.4336 0 
 45.6428  0.6601  1.0192  0.0143  0.7478  0.1881  0.7430  0.1141 -0.0003  0.3787 0 
 50.6844 -0.3961 -0.1614  0.0848  0.0721  0.5358  0.2978  0.0170 -0.0003  0.1757 0 
 49.2042  0.3983  2.9976  0.0012  0.5898  0.0289  0.3001  0.1140 -0.0003  0.1568 0 
 50.9285  0.4252  1.6021  0.0119  0.1606  0.0223  0.2125  0.0339 -0.0003  0.0475 0 
 46.2562 -0.4206 -1.5653  0.0050  0.4533  0.0688  0.3920  0.2114 -0.0003  0.4168 0 
 48.6030 -0.0975  1.7712  0.0005  0.3086  0.0285  0.2150  0.0588 -0.0003  0.0802 0 
 39.1455  0.1056 -1.4024  0.0862  0.0738  0.0247  0.1821  0.0784 -0.0003  0.0909 0 
 51.5755  0.0573 -0.0578  0.0380  0.5801  0.0427  0.4235  0.0065  0.0043  0.3110 0 
 43.4760 -0.0256  3.0898  0.0601  0.3250  0.0587  0.3099  0.0967 -0.0003  0.4368 0 
 43.7507 -0.5661 -1.5179  0.4245  0.6066  0.0327  0.6629  0.8132 -0.0003  0.9985 1 
 43.2929  0.5605  1.5969  0.0170  0.4952  0.0289  0.3989  0.0247 -0.0003  0.1716 1 
 47.6600  0.4275 -2.4403  0.0189  0.1564  0.0598  0.3025  0.0302 -0.0003  0.1009 0 
 45.7862 -0.4292  0.7003  0.0418  0.6656  0.0303  0.1310  0.0025 -0.0003  0.3005 0 
 49.2409  0.6995  2.0349  0.0270  0.2642  0.1684  0.4714  0.0782 -0.0003  0.2710 0 
 45.3529 -0.7031 -1.1533  0.0100  0.2932  0.1046  0.4378  0.1577 -0.0003  0.2670 0 
 50.5379  0.2559  1.3060  0.0435  0.4612  0.0230  0.2980  0.0013 -0.0003  0.2190 0 
 41.4771 -0.2717 -1.8211  0.0040  0.3527  0.0606  0.2690  0.0110 -0.0003  0.1826 0 
 46.9245 -0.3712  1.9817  0.0437  0.1542  0.0750  0.3471  0.0336 -0.0003  0.1594 0 
 42.0600  0.3614 -1.1501  0.0034  0.3430  0.0290  0.4020  0.0585 -0.0003  0.0971 0 
 38.0560 -0.7654  0.4797  0.1348  0.1606  0.0386  0.4589  0.1599  0.1078  0.8066 1 
 30.9422  0.7571 -2.6582  0.1223  0.3903  0.0543  0.3406  0.3543  0.4283  0.9953 1 
 44.8310  0.6732  1.5187  0.0275  0.6490  0.1091  0.3952  0.0295  0.3811  0.6817 0 
 34.9004 -0.6643 -1.6586  0.1147  0.2083  0.0065  0.1881  0.1121 -0.0003  0.1945 0 
 49.5003 -0.1564  0.6330  0.3880  0.4037  0.0504  0.3424  0.2797 -0.0003  0.9854 1 
 38.0621  0.1547 -2.4857  0.3135  0.2430  0.1398  0.5507  0.3552 -0.0003  0.9958 1 
 41.3306  0.7182  1.5924  0.0684  0.5352  0.0199  0.2244  0.1162  0.1727  0.6384 1 
 24.3687 -0.7221 -1.5463  0.2309  0.0885  0.0636  0.3138  0.1719  0.5664  0.9986 1 
 55.8419 -0.0680 -1.5626  0.4541  0.5492  0.1971  0.6228  0.6242 -0.0003  0.9990 1 
 41.6571  0.0566  1.4965  0.2248  0.2778  0.0483  0.3134  0.2759 -0.0003  0.9359 1 
 62.4704  0.3357 -1.0090  0.0638  0.1936  0.0389  0.1615  0.0301 -0.0003  0.1970 0 
 48.3345 -0.3182  2.0873  0.0091  0.5439  0.0587  0.5598  0.0477 -0.0003  0.2104 0 
 44.4617  0.7303  2.6775  0.0878  0.2702  0.0549  0.4841  0.2114 -0.0003  0.6967 0 
 36.9421 -0.7356 -0.4474  0.0116  0.1585  0.0707  0.4164  0.0461 -0.0003  0.1088 0 
 45.9083  0.7062  0.5367  0.3182  0.4031  0.0367  0.2618  0.3430  0.4154  0.9994 1 
 45.3742 -0.6985 -2.6243  0.0067  0.6653  0.0201  0.3940  0.1176 -0.0003  0.1679 1 
 45.2125 -0.4164 -2.0373  0.0150  0.2563  0.0097  0.1753  0.0184 -0.0003  0.0644 0 
 44.4434  0.4022  1.0999  0.0116  0.3717  0.0596  0.3521  0.0301 -0.0003  0.1810 0 
 51.5297  0.6290 -0.7802  0.3033  0.6988  0.1094  0.3813  0.4042 -0.0003  0.9967 1 
 42.2553 -0.6214  2.3498  0.5936  0.8142  0.0277  0.5353  0.6578 -0.0003  0.9980 1 
 46.1799 -0.1841  2.1035  0.0625  0.0443  0.0098  0.1307  0.0443 -0.0003  0.0438 0 
 41.3336  0.1808 -1.0259  0.0764  0.7048  0.0236  0.4487  0.0771  0.0493  0.6189 0 
 46.2867  0.4382  2.8261  0.0162  0.3893  0.0414  0.4355  0.0920 -0.0003  0.2223 0 
 41.9348 -0.4342 -0.2755  0.1313  0.4496  0.0429  0.2682  0.1160 -0.0003  0.7225 0 
 46.4088  0.0541  0.9774  0.0155  0.2119  0.0951  0.5657  0.0181 -0.0003  0.1752 0 
 45.5665 -0.0452 -2.1605  0.0220  0.2838  0.0561  0.3498  0.0187 -0.0003  0.1771 0 
 48.3864  0.6392  1.9364  0.0091  0.1446  0.0385  0.3444  0.1491 -0.0003  0.1142 0 
 41.2634 -0.6526 -1.1794  0.0012  0.3205  0.0141  0.1347  0.1114 -0.0003  0.1165 0 
 49.6071 -0.4320  2.5490  0.0356  0.2442  0.0789  0.3850  0.1259 -0.0003  0.3228 0 
 32.8283  0.4638 -0.5783  0.1297  0.4597  0.0158  0.2392  0.1270 -0.0003  0.4593 0 
 46.6041 -0.1427  1.0442  0.0064  0.4957  0.0251  0.2608  0.0169 -0.0003  0.1239 0 
 34.6929  0.1575 -2.0717  0.0093  0.6601  0.0195  0.3296  0.0206 -0.0003  0.1255 0 
 52.7413  0.6797 -0.8286  0.0157  0.2946  0.0395  0.1263  0.0005 -0.0003  0.2197 0 
 43.3814 -0.6343  2.2843  0.0567  0.1230  0.1362  0.5759  0.0300  0.0465  0.3157 0 
 53.6477 -0.6426  0.2203  0.0451  0.6008  0.0516  0.2935  0.0724 -0.0003  0.4558 0 
 46.9154  0.6555 -2.9472  0.0127  0.5162  0.1359  0.6076  0.0443 -0.0003  0.2506 0 
 64.4053  0.4804 -0.2915  0.5503  0.0672  0.0383  0.2807  0.5944 -0.0003  0.9853 1 
 59.9832 -0.4559  2.8480  0.1949  0.4723  0.0769  0.4079  0.1259 -0.0003  0.8662 1 
 46.9429  0.3535  0.8644  0.0612  0.1707  0.0806  0.4773  0.0436 -0.0003  0.2846 0 
 45.3559 -0.3731 -2.2862  0.0147  0.3449  0.0378  0.1751  0.0132 -0.0003  0.1821 0 
 49.4850  0.7697  2.4037  0.0061  0.5970  0.0325  0.2568  0.0367 -0.0003  0.1549 0 
 34.3877 -0.7496 -0.7464  0.0900  0.5417  0.0211  0.2360  0.0645  0.1521  0.6261 0 
 54.0444  0.1130  2.2238  0.2136  0.5290  0.1207  0.4186  0.2060  0.4510  0.9938 0 
 35.7610 -0.1500 -0.9060  0.2450  0.2657  0.0427  0.2802  0.0632 -0.0003  0.6757 0 
 40.1526  0.3954 -0.3626  0.0681  0.6266  0.1315  0.3618  0.0211 -0.0003  0.3688 0 
 38.7243 -0.3821  2.8309  0.0286  0.6153  0.0172  0.2740  0.0349 -0.0003  0.1438 0 
 44.6632  0.7279 -1.5237  0.0191  0.2007  0.0449  0.4396  0.0125 -0.0003  0.1330 0 
 41.7548 -0.7497  1.6049  0.0229  0.0841  0.0547  0.3133  0.2009 -0.0003  0.1714 0 
 50.2144  0.5030 -2.6736  0.4279  0.2305  0.0938  0.3838  0.3051 -0.0003  0.9941 1 
 42.3835 -0.5106  0.4945  0.4463  0.5145  0.0616  0.4011  0.6296 -0.0003  0.9982 1 
 47.1290  0.6955  1.3796  0.0142  0.1625  0.0658  0.2601  0.0108 -0.0003  0.1077 0 
 41.1536 -0.7363 -1.7785  0.0056  0.3570  0.0302  0.1797  0.0067  0.1433  0.3605 0 
 45.4353 -0.3273 -2.0858  0.2480  0.2684  0.1337  0.4813  0.2553 -0.0003  0.9759 0 
 45.3315  0.2885  1.0590  0.0453  0.2125  0.0532  0.3065  0.0331  0.2265  0.4938 0 
 48.4840  0.7065 -1.0558  0.0733  0.5421  0.1107  0.3442  0.0605 -0.0003  0.4447 0 
 42.7924 -0.6818  2.1015  0.0832  0.2255  0.0545  0.4890  0.0773 -0.0003  0.4450 0 
 45.9144 -0.3043 -1.4661  0.1401  0.5926  0.0209  0.3055  0.2261 -0.0003  0.7672 0 
 36.3073  0.3057  1.6945  0.0539  0.2811  0.0115  0.3254  0.0361  0.1909  0.5970 0 
 48.0751 -0.7476 -0.7940  0.1235  0.1869  0.0473  0.5606  0.1212 -0.0003  0.6608 0 
 44.3946  0.7096  2.3299  0.0664  0.2709  0.0237  0.2642  0.0801 -0.0003  0.1999 0 
 44.8310  0.7089  0.7056  0.0949  0.3318  0.0180  0.3074  0.0944 -0.0003  0.3180 0 
 29.0898 -0.7016 -2.3429  0.0012  0.5792  0.0290  0.3469  0.0123 -0.0003  0.1391 0 
 44.9073  0.6990 -2.0738  0.0103  0.4841  0.0131  0.2195  0.1008 -0.0003  0.1141 0 
 36.7132 -0.6949  1.0701  0.0238  0.2272  0.0339  0.5098  0.0322 -0.0003  0.1691 0 
 39.8718 -0.6664 -1.1045  0.0013  0.2855  0.0550  0.2719  0.0822 -0.0003  0.1334 0 
 39.6033  0.6783  2.0554  0.0529  0.1995  0.1179  0.4086  0.0627 -0.0003  0.2793 0 
 46.6316 -0.2363  1.4331  0.0029  0.2327  0.0270  0.1739  0.0203 -0.0003  0.0731 0 
 39.7955  0.2112 -1.6739  0.0468  0.0993  0.1270  0.3173  0.0665 -0.0003  0.1202 0 
 46.3264  0.3160  2.0932  0.0173  0.4343  0.0580  0.3919  0.0151 -0.0003  0.2075 1 
 37.4548 -0.3140 -1.0827  0.1149  0.3351  0.0606  0.4148  0.2250  0.5006  0.9961 1 
 48.3680 -0.4687 -3.0597  0.6381  0.3240  0.0543  0.4736  0.4593  0.1028  0.9969 1 
 46.0853  0.4412  0.0534  0.0554  0.1313  0.3109  0.7412  0.0674 -0.0003  0.4408 1 
 41.2146  0.0770  1.1257  0.2365  0.6947  0.0754  0.4042  0.2006  0.1714  0.9416 1 
 39.5087 -0.0882 -2.0316  0.3274  0.7772  0.0658  0.7268  0.4644 -0.0003  0.9940 1 
 45.7160  0.5992 -2.0509  0.0287  0.3908  0.0734  0.4806  0.0933  0.2063  0.5662 0 
 42.3194 -0.6112  1.0921  0.0168  0.5461  0.0673  0.2675  0.0289 -0.0003  0.2744 0 
 48.5359  0.0557  1.9723  0.7999  0.4226  0.0794  0.3441  0.8183 -0.0003  0.9980 1 
 33.2036 -0.1027 -1.1898  0.0399  0.5463  0.0416  0.3338  0.0742  0.3865  0.9701 1 
 52.4910 -0.4135  2.9186  0.0140  0.6175  0.1941  0.3373  0.0562 -0.0003  0.3032 0 
 43.8483  0.4241 -0.2441  0.0020  0.3860  0.0999  0.3092  0.0182 -0.0003  0.1698 0 
 57.2000 -0.5930 -0.5745  0.0188  0.0958  0.0199  0.1651  0.0176 -0.0003  0.0475 0 
 51.9783  0.5980  2.6426  0.0654  0.2726  0.1005  0.4227  0.0123 -0.0003  0.3198 0 
 47.0130 -0.4117 -1.1748  0.1227  0.2365  0.0518  0.5638  0.0823 -0.0003  0.6131 0 
 42.7466  0.4144  1.9450  0.1929  0.7314  0.0222  0.3558  0.1760 -0.0003  0.8551 0 
 48.7922 -0.3140 -2.2225  0.0059  0.3616  0.0945  0.4725  0.0497 -0.0003  0.1773 0 
 44.6143  0.2920  0.9408  0.0252  0.5459  0.0190  0.5716  0.0397 -0.0003  0.2727 0 
 58.7930 -0.2451  0.0107  0.1581  0.7233  0.0684  0.4099  0.3583 -0.0003  0.9812 1 
 44.9683  0.2399  3.1234  0.1510  0.4787  0.0529  0.2194  0.3920 -0.0003  0.9412 1 
 55.1522 -0.2057  0.0449  0.0359  0.3886  0.0291  0.3332  0.0338 -0.0003  0.1833 0 
 45.8503  0.1929 -3.1158  0.0320  0.2850  0.0587  0.6548  0.0399 -0.0003  0.3158 0 
 47.2908 -0.2576  0.7096  0.0211  0.4457  0.0338  0.4331  0.1282 -0.0003  0.2918 0 
 44.5655  0.2681 -2.4607  0.0836  0.1098  0.0357  0.2639  0.1789 -0.0003  0.3207 0 
 49.6254  0.1697  1.9630  0.0231  0.6801  0.0106  0.2994  0.0186 -0.0003  0.1268 0 
 44.6113 -0.1593 -1.2307  0.0126  0.2134  0.0298  0.2199  0.0235 -0.0003  0.0709 0 
 43.0671  0.3516  2.1521  0.0935  0.3099  0.0363  0.3995  0.0488 -0.0003  0.4288 0 
 42.0142 -0.3409 -1.0032  0.0968  0.4276  0.0114  0.2681  0.2087 -0.0003  0.4312 0 
 54.9599 -0.5688  0.7479  0.0109  0.3621  0.1921  0.6252  0.3614 -0.0003  0.7850 1 
 44.1810  0.5198 -2.4261  0.0378  0.7570  0.0476  0.3967  0.0583 -0.0003  0.3921 1 
 45.0721  0.1159  0.7479  0.0204  0.5560  0.2133  0.6139  0.0931 -0.0003  0.3127 0 
 41.8616 -0.0968 -2.3990  0.0125  0.5542  0.0725  0.4472  0.0701 -0.0003  0.2345 0 
 44.3793  0.6290 -1.2607  0.0100  0.0881  0.0303  0.5284  0.0860 -0.0003  0.1034 0 
 44.1077 -0.6125  1.8878  0.0031  0.6182  0.0187  0.0882  0.0057 -0.0003  0.1731 0 
 50.4158  0.6971  0.4902  0.3859  0.4246  0.0895  0.3834  0.3825 -0.0003  0.9967 1 
 39.7131 -0.6712 -2.6569  0.1984  0.8398  0.0237  0.6350  0.2653 -0.0003  0.9397 1 
 49.0791 -0.7744  0.0250  0.0083  0.3332  0.0390  0.2574  0.1177 -0.0003  0.1680 0 
 43.4272  0.7629 -3.1254  0.0691  0.1442  0.0511  0.3543  0.0869 -0.0003  0.2395 0 
 53.4249  0.5780  2.8034  0.0703  0.3774  0.1010  0.3358  0.0893 -0.0003  0.4882 0 
 53.3883 -0.6250 -0.3433  0.0173  0.2261  0.0501  0.3359  0.0598 -0.0003  0.1274 0 
 46.0883 -0.5554 -2.0400  0.0206  0.1911  0.0285  0.1744  0.0103 -0.0003  0.0846 0 
 42.8229  0.5709  1.1229  0.0236  0.2302  0.0241  0.2222  0.0229 -0.0003  0.0783 0 
 35.8282 -0.1872 -1.5579  0.1578  0.1534  0.0310  0.3733  0.1773  0.0152  0.6954 1 
 25.0492  0.1868  1.5437  0.0697  0.6214  0.0139  0.2592  0.0588  0.2217  0.7184 1 
 49.5125 -0.6284 -1.5415  0.0061  0.5234  0.0958  0.4708  0.0184 -0.0003  0.1900 0 
 45.2308  0.6246  1.6199  0.0073  0.0647  0.0408  0.2190  0.0456 -0.0003  0.0548 0 
 52.4971  0.6382  2.4570  0.0260  0.3549  0.1026  0.3795  0.0280 -0.0003  0.2189 0 
 42.4445 -0.6317 -0.6998  0.0299  0.5394  0.0127  0.2673  0.0262 -0.0003  0.1223 0 
 48.8197 -0.5246 -2.5165  0.0364  0.4244  0.1105  0.4295  0.1234 -0.0003  0.3816 0 
 45.3468  0.5125  0.6413  0.1133  0.3580  0.0238  0.2189  0.0167 -0.0003  0.3546 0 
 43.6042 -0.3104 -1.7822  0.0937  0.1250  0.0196  0.3096  0.0513 -0.0003  0.1382 0 
 33.0205  0.2858  1.3928  0.0153  0.2754  0.0779  0.5253  0.0456  0.2079  0.3760 0 
 42.6825 -0.5209 -0.7617  0.0035  0.6283  0.1214  0.4449  0.0462 -0.0003  0.2386 0 
 41.0681  0.5155  2.3997  0.1136  0.1977  0.0366  0.3596  0.0126 -0.0003  0.3356 0 
 44.0803  0.4996  2.4162  0.0082  0.2654  0.0403  0.3088  0.0082 -0.0003  0.1094 0 
 37.7020 -0.4960 -0.7043  0.0285  0.6649  0.0179  0.2760  0.0710 -0.0003  0.1676 0 
 48.6244  0.2799 -0.6804  0.0454  0.3020  0.0457  0.4730  0.1163 -0.0003  0.3831 0 
 41.8280 -0.2739  2.5492  0.0175  0.3631  0.0446  0.1342  0.0408 -0.0003  0.2328 0 
 45.0751  0.3804 -1.7490  0.0735  0.5386  0.0248  0.4385  0.1824 -0.0003  0.6585 0 
 35.4620 -0.3847  1.3641  0.3930  0.2812  0.0172  0.1872  0.3325 -0.0003  0.9782 0 
 46.9612  0.4032  2.6165  0.3918  0.2490  0.0600  0.5206  0.4289 -0.0003  0.9960 1 
 38.5565 -0.3921 -0.5364  0.1187  0.4110  0.0265  0.5487  0.1060  0.0267  0.7370 1 
 35.4406  0.7794 -0.6002  0.1502  0.1267  0.0269  0.5149  0.1816 -0.0003  0.6959 1 
 25.4124 -0.8043  2.5308  0.2615  0.1036  0.0170  0.1549  0.4298  0.2824  0.9969 1 
 49.7902 -0.3729 -1.7010  0.2139  0.4760  0.1087  0.3419  0.2010 -0.0003  0.9626 1 
 42.9175  0.4036  1.4431  0.6367  0.4998  0.0414  0.3998  0.6249 -0.0003  0.9981 1 
 46.4729 -0.7620 -0.9769  0.0272  0.2592  0.1766  0.1740  0.0707 -0.0003  0.3055 0 
 35.6115  0.7763  2.1796  0.0638  0.4217  0.0066  0.1870  0.0026 -0.0003  0.1419 0 
 45.7710  0.2595  0.6330  0.0682  0.2839  0.0887  0.3494  0.0615 -0.0003  0.3938 0 
 39.6246 -0.2371 -2.4978  0.0227  0.3575  0.0753  0.2723  0.0128 -0.0003  0.2402 0 
 47.3884  0.4970  1.7819  0.0506  0.0875  0.0412  0.4328  0.0980  0.1167  0.2984 0 
 39.9451 -0.5020 -1.3629  0.0155  0.0587  0.0055  0.2265  0.0186 -0.0003  0.0324 0 
 44.2573 -0.7590  0.2655  0.0758  0.5563  0.0323  0.4407  0.0610 -0.0003  0.5321 0 
 39.5056  0.7494 -2.8729  0.0182  0.6511  0.0330  0.3634  0.0259 -0.0003  0.2064 0 
 45.8961  0.1512  0.8144  0.0075  0.3475  0.0665  0.4801  0.0479 -0.0003  0.1746 0 
 39.0387 -0.1385 -2.3373  0.0005  0.2523  0.0348  0.1823  0.0793 -0.0003  0.0933 0 
 50.2205 -0.5272 -0.8785  0.0050  0.2837  0.0584  0.4690  0.1259 -0.0003  0.1980 0 
 43.6042  0.5246  2.2974  0.0208  0.1074  0.0058  0.1769  0.0134 -0.0003  0.0367 0 
 43.1800 -0.0087  0.3279  0.0210  0.3579  0.1934  0.7096  0.0301 -0.0003  0.3147 0 
 38.3581  0.0321 -2.7563  0.0229  0.4389  0.1004  0.3205  0.0333 -0.0003  0.2364 0 
 45.9815  0.7412 -0.9010  0.0005  0.3609  0.0725  0.4798  0.0413 -0.0003  0.1531 0 
 33.6553 -0.7303  2.2658  0.1190  0.2679  0.0153  0.2375  0.1049 -0.0003  0.2998 0 
 44.4282 -0.7615 -0.6087  0.1780  0.6013  0.0476  0.2641  0.2886 -0.0003  0.9491 1 
 30.4814  0.7473  2.5462  0.2363  0.6900  0.0453  0.4398  0.2014  0.2361  0.9746 1 
 42.5666  0.1848  1.4110  0.0020  0.1375  0.2441  0.7123  0.0494 -0.0003  0.2241 0 
 40.8972 -0.2533 -1.7352  0.0727  0.1339  0.0336  0.1350  0.0291 -0.0003  0.1375 0 
 43.7140 -0.4468 -1.6646  0.0288  0.3776  0.2006  0.5305  0.0309 -0.0003  0.2790 0 
 42.9572  0.4345  1.4493  0.1876  0.0676  0.0265  0.3553  0.0954 -0.0003  0.3973 0 
 48.0110 -0.6096  0.1063  0.0167  0.0856  0.0667  0.3882  0.0140 -0.0003  0.0799 0 
 44.2847  0.5937 -3.0528  0.0066  0.3223  0.0179  0.3084  0.0117 -0.0003  0.0698 0 
 42.2034 -0.0202 -0.3248  0.0289  0.2347  0.0311  0.1785  0.0104 -0.0003  0.1256 0 
 31.3268  0.0187  2.7986  0.0120  0.3925  0.0226  0.2424  0.0162 -0.0003  0.1066 0 
 48.3375  0.6338  0.5920  0.0249  0.5366  0.0790  0.5167  0.0626 -0.0003  0.2752 0 
 42.6368 -0.6185 -2.5894  0.1628  0.1753  0.0584  0.3560  0.1395 -0.0003  0.6866 0 
 48.9876  0.2160  1.6917  0.0230  0.7943  0.0328  0.3862  0.0633 -0.0003  0.2573 0 
 47.8309 -0.2141 -1.4597  0.3855  0.1864  0.0434  0.4318  0.3078 -0.0003  0.9838 0 
 46.2104 -0.2175  1.9791  0.4073  0.5568  0.0603  0.6970  0.2939 -0.0003  0.9869 1 
 42.6520  0.2201 -1.1413  0.0921  0.6451  0.0394  0.3115  0.3215 -0.0003  0.8728 1 
 44.5624  0.1431 -1.7934  0.0048  0.6049  0.0327  0.3079  0.0219  0.0706  0.2651 0 
 44.5502 -0.1642  1.3357  0.0085  0.4771  0.1102  0.5279  0.0346 -0.0003  0.2100 0 
 50.9590 -0.0078  1.1130  0.0027  0.1915  0.2206  0.3823  0.1296 -0.0003  0.2169 0 
 46.0182 -0.0034 -2.0337  0.0159  0.4081  0.2090  0.4797  0.0204 -0.0003  0.2407 0 
 47.0558 -0.0122 -2.9656  0.1245  0.2363  0.1792  0.2602  0.0516  0.4574  0.7944 0 
 33.5454  0.0001  0.1528  0.0000  0.4188  0.0237  0.0475  0.0157  0.1754  0.3911 0 
 54.0352 -0.5999  0.5367  0.0098  0.4361  0.3714  0.3767  0.1057 -0.0003  0.3865 0 
 42.9816  0.5850 -2.5964  0.0753  0.1891  0.0254  0.3996  0.0618  0.1681  0.5626 0 
 43.0518  0.2658 -0.8119  0.1390  0.7075  0.0404  0.5326  0.1088 -0.0003  0.8497 0 
 42.1546 -0.2696  2.3447  0.1576  0.5919  0.0158  0.3125  0.0338 -0.0003  0.5622 0 
 45.5177  0.0616 -0.0168  0.0706  0.3981  0.0175  0.2187  0.0142 -0.0003  0.1936 0 
 44.9226 -0.0929 -3.1368  0.0358  0.2786  0.0601  0.4389  0.1747 -0.0003  0.4031 0 
 45.8198  0.6341  1.5013  0.1138  0.3842  0.0221  0.3057  0.1025 -0.0003  0.4625 0 
 38.3948 -0.6353 -1.6251  0.0233  0.2216  0.0157  0.3662  0.0318 -0.0003  0.0682 0 
 48.1910 -0.0926 -2.1381  0.0236  0.3374  0.1440  0.4309  0.0865 -0.0003  0.2731 0 
 45.2522  0.1037  0.9960  0.0233  0.3701  0.0289  0.3942  0.0237 -0.0003  0.1597 0 
 44.4282  0.2700  0.0138  0.0063  0.3686  0.0452  0.2201  0.0062 -0.0003  0.1879 0 
 37.5921 -0.2524 -3.1076  0.0043  0.1757  0.0172  0.2302  0.0613 -0.0003  0.0415 0 
 60.9232 -0.2018  1.5605  0.1737  0.1810  0.0391  0.2845  0.0955 -0.0003  0.5556 0 
 41.4679  0.2107 -1.5759  0.0710  0.1631  0.0427  0.3587  0.0699 -0.0003  0.2320 0 
 50.3975 -0.5058 -1.8540  0.0609  0.6544  0.0470  0.5538  0.0710 -0.0003  0.4981 0 
 45.4322  0.5211  1.2969  0.0938  0.5173  0.0387  0.6126  0.0688 -0.0003  0.6264 0 
 44.6021  0.4778  0.1530  0.0309  0.1229  0.0458  0.3078  0.1601 -0.0003  0.1750 0 
 43.6347 -0.4729 -2.9334  0.1375  0.5295  0.1253  0.4423  0.1108 -0.0003  0.7333 0 
 47.2694  0.4464  2.7609  0.0210  0.4839  0.0556  0.3898  0.0378 -0.0003  0.2344 1 
 37.2992 -0.4013 -0.3452  0.0721  0.3019  0.0493  0.4153  0.1367  0.4199  0.9684 1 
 41.6358  0.5274  1.9857  0.0630  0.7186  0.0245  0.4478  0.1713  0.0662  0.7138 1 
 38.2116 -0.4630 -1.1316  0.0323  0.4722  0.0932  0.3667  0.1436 -0.0003  0.4380 1 
 36.2921  0.2011 -1.1485  0.2316  0.3961  0.0379  0.2790  0.1955  0.2359  0.9747 1 
 16.2081 -0.1411  1.9088  0.2657  0.4374  0.0378  0.2997  0.4103  0.4201  0.9994 1 
 42.5391  0.6610 -2.4352  0.0522  0.3012  0.0137  0.3562  0.0814 -0.0003  0.1599 1 
 38.2788 -0.6675  0.6501  0.0646  0.2531  0.0624  0.2291  0.0451 -0.0003  0.3277 1 
 35.5261  0.3636  1.8011  0.0506  0.6476  0.0570  0.5613  0.1248 -0.0003  0.5333 0 
 31.1986 -0.3666 -1.3228  0.0109  0.0413  0.0145  0.3883  0.1247 -0.0003  0.0630 0 
 42.5635 -0.7431  0.3358  0.0175  0.0959  0.0761  0.4007  0.0394 -0.0003  0.0850 0 
 41.3336  0.7170 -2.8100  0.0169  0.2742  0.1765  0.3590  0.0831 -0.0003  0.2405 0 
 57.1023 -0.7990 -1.0754  0.0073  0.2503  0.1189  0.5367  0.0063 -0.0003  0.1625 0 
 44.9439  0.7866  2.0347  0.0030  0.1606  0.0235  0.3072  0.0529 -0.0003  0.0433 0 
 45.3864 -0.3007  2.5052  0.0634  0.4362  0.1653  0.5691  0.0479 -0.0003  0.3749 1 
 38.7762  0.2991 -0.6511  0.2189  0.3756  0.1868  0.4566  0.2885  0.7796  0.9963 1 
 44.7791  0.5324 -1.6148  0.2668  0.7162  0.0317  0.4832  0.1580 -0.0003  0.8979 1 
 40.2167 -0.5612  1.5076  0.1378  0.3408  0.0895  0.5425  0.2481 -0.0003  0.9189 1 
 48.3833 -0.6172  1.9039  0.1480  0.1194  0.0106  0.3444  0.0355 -0.0003  0.2315 0 
 47.9713  0.6075 -1.2406  0.0652  0.5194  0.0959  0.3452  0.1165 -0.0003  0.5510 0 
 33.4997 -0.4904  1.1676  0.5647  0.4917  0.0101  0.6183  0.4631 -0.0003  0.9944 1 
 31.4031  0.5388 -1.9618  0.2895  0.3936  0.0492  0.2907  0.2751  0.3070  0.9967 1 
 50.9163 -0.5521 -1.0349  0.0182  0.0831  0.0164  0.2125  0.0440 -0.0003  0.0385 0 
 48.1514  0.5536  2.0831  0.0339  0.1810  0.0251  0.2586  0.1359 -0.0003  0.1435 0 
 45.9205  0.6215 -0.1887  0.0257  0.0565  0.2098  0.3055  0.0565 -0.0003  0.0547 0 
 45.6947 -0.6145  2.9673  0.0908  0.5921  0.0270  0.2185  0.0209 -0.0003  0.4241 0 
 46.2409 -0.1394  2.0075  0.1583  0.2651  0.0550  0.3049  0.2037  0.0497  0.8661 0 
 33.0480  0.1441 -1.1502  0.0406  0.8067  0.0142  0.2387  0.1729 -0.0003  0.3229 0 
 53.8033 -0.4505  1.4070  0.0029  0.7094  0.1072  0.3772  0.0952 -0.0003  0.3004 0 
 47.6387  0.4717 -1.7983  0.0743  0.2925  0.0736  0.5187  0.3427 -0.0003  0.8245 0 
 48.6488  0.3367 -0.4504  0.0076  0.2103  0.0473  0.4299  0.0392 -0.0003  0.1097 0 
 44.3549 -0.3525  2.6840  0.0131  0.4644  0.0140  0.2642  0.0185 -0.0003  0.0951 0 
 46.3691 -0.4095  3.0713  0.0138  0.1834  0.0699  0.3047  0.0148 -0.0003  0.1165 0 
 42.3651  0.4281 -0.1055  0.0046  0.4954  0.0735  0.6241  0.0312 -0.0003  0.1998 0 
 46.1036 -0.6621 -1.3451  0.0039  0.0743  0.0268  0.3051  0.0052 -0.0003  0.0487 0 
 37.0611  0.6647  1.7207  0.0142  0.0966  0.0582  0.2311  0.0014 -0.0003  0.0844 0 
 40.9033  0.0846  2.8871  0.0185  0.2813  0.0356  0.2700  0.0887 -0.0003  0.1309 0 
 39.0997 -0.0750 -0.2445  0.0163  0.0789  0.0572  0.5466  0.1252 -0.0003  0.1468 0 
 45.7771 -0.1963 -2.2966  0.6758  0.5900  0.0428  0.6988  0.5407  0.2304  0.9991 1 
 29.3889  0.1717  0.8643  0.2283  0.3116  0.0747  0.4446  0.1590  0.5666  0.9991 1 
 43.0884  0.5214  2.9452  0.0084  0.0603  0.0174  0.1331  0.0070 -0.0003  0.0510 0 
 40.9583 -0.5191 -0.1825  0.0253  0.4326  0.0452  0.1350  0.0085 -0.0003  0.3210 0 
 38.4466 -0.3342  1.8256  0.1733  0.2922  0.1171  0.3203  0.2862 -0.0003  0.9589 1 
 32.4285  0.3564 -1.2963  0.1947  0.2023  0.0518  0.4320  0.0640 -0.0003  0.6103 1 
 48.3070  0.5676  2.8772  0.0007  0.2934  0.0186  0.2153  0.0308 -0.0003  0.0607 0 
 36.6064 -0.5713 -0.2405  0.0304  0.2629  0.0694  0.3247  0.0163 -0.0003  0.2020 0 
 53.7881 -0.7932 -3.0405  0.4179  0.5562  0.1042  0.6286  0.6065 -0.0003  0.9985 1 
 41.9257  0.7806  0.0523  0.1043  0.4397  0.0252  0.4023  0.0578 -0.0003  0.5160 1 
 47.2938  0.2963  1.3022  0.0990  0.5728  0.0262  0.3464  0.1153 -0.0003  0.5936 1 
 44.0681 -0.3247 -1.8617  0.0513  0.3180  0.0938  0.6176  0.0648 -0.0003  0.4120 1 
 37.7050 -0.3455 -0.5279  0.3610  0.4322  0.0286  0.5061  0.2886 -0.0003  0.9763 0 
 35.4192  0.3872  2.5832  0.0062  0.3647  0.0302  0.3745  0.0159 -0.0003  0.1129 0 
 44.4465  0.6985  2.6028  0.0704  0.2759  0.0832  0.3961  0.1149 -0.0003  0.4918 0 
 40.9400 -0.7056 -0.5270  0.0010  0.3514  0.0164  0.1799  0.0311 -0.0003  0.0808 0 
 49.8756 -0.0099  1.1557  0.0488  0.3003  0.0338  0.3844  0.0775 -0.0003  0.2637 0 
 48.2185  0.0280 -1.9951  0.1735  0.4084  0.0535  0.3447  0.0659 -0.0003  0.6989 0 
 49.6986  0.6431 -2.3435  0.1178  0.4594  0.0337  0.2993  0.1137 -0.0003  0.6412 0 
 47.3610 -0.6327  0.7928  0.0215  0.2107  0.0388  0.4329  0.0436 -0.0003  0.1328 0 
 45.6336 -0.3595 -0.8736  0.0332  0.5495  0.0701  0.5682  0.0139  0.2848  0.5950 1 
 42.3438  0.3803  2.2612  0.0143  0.0834  0.0089  0.2229  0.1953  0.1195  0.3183 1 
 43.1708 -0.6051  2.7344  0.0046  0.1121  0.0538  0.3548  0.0848 -0.0003  0.0788 0 
 42.8565  0.6152 -0.3968  0.0079  0.3102  0.0668  0.4444  0.1140 -0.0003  0.2090 0 
 55.7717 -0.1305 -2.4948  0.0094  0.4375  0.0438  0.3322  0.1371  0.0557  0.3855 0 
 47.9591  0.1462  0.6477  0.0187  0.2875  0.0635  0.5610  0.1185 -0.0003  0.2869 0 
 44.3610 -0.1677  0.5964  0.5131  0.3891  0.1234  0.6605  0.6357  0.4151  0.9999 1 
 37.0794  0.2114 -2.5590  0.2033  0.4123  0.0451  0.5084  0.1541 -0.0003  0.8830 1 
 47.8065  0.2163 -1.4531  0.1623  0.2142  0.0474  0.5182  0.0931 -0.0003  0.6763 0 
 38.8495 -0.2058  1.7035  0.0882  0.3016  0.0284  0.3194  0.1270 -0.0003  0.4393 0 
 68.9158  0.6001  1.5406  0.0334  0.7523  0.0819  0.2367  0.0754 -0.0003  0.5029 0 
 28.0674 -0.6112 -1.6498  0.0251  0.3939  0.0302  0.4507  0.1988  0.0861  0.5487 0 
 58.2712  0.4688  1.1961  0.0165  0.5559  0.1595  0.6162  0.0242 -0.0003  0.2584 0 
 45.2766 -0.4263 -1.9316  0.0296  0.1087  0.0335  0.3066  0.1944 -0.0003  0.1718 0 
 48.6152  0.3739  2.0425  0.0768  0.5630  0.0403  0.1720  0.1586 -0.0003  0.5979 0 
 40.0793 -0.3599 -1.1065  0.2980  0.1371  0.0155  0.3620  0.0335 -0.0003  0.5700 0 
 47.1412  0.7242 -1.8018  0.0351  0.3103  0.2147  0.5634  0.1655 -0.0003  0.5020 0 
 45.2827 -0.7233  1.2980  0.2585  0.2826  0.1498  0.3066  0.1755 -0.0003  0.9463 0 
 45.2918 -0.3787 -1.8980  0.6679  0.3793  0.0187  0.3066  0.6861 -0.0003  0.9980 1 
 32.8099  0.3389  1.2611  0.1082  0.1737  0.0623  0.4306  0.0605 -0.0003  0.4155 1 
 46.7140  0.7197  0.2669  0.0929  0.5138  0.0275  0.4344  0.0573 -0.0003  0.5543 0 
 32.6055 -0.7107 -2.8948  0.0714  0.4081  0.0439  0.2876  0.0471  0.0731  0.5780 0 
 52.0607  0.2081  2.4950  0.2391  0.4361  0.0765  0.2535  0.5198  0.3566  0.9985 1 
 45.8839 -0.2043 -0.6704  0.2029  0.4558  0.0324  0.3928  0.1717  0.0537  0.8576 1 
 45.4810  0.0909 -3.0977  0.3011  0.6684  0.0272  0.3937  0.2728 -0.0003  0.9671 0 
 40.7446 -0.1051  0.0355  0.1546  0.6892  0.0182  0.4955  0.1972  0.1865  0.8996 0 
 48.7831  0.1544 -1.5307  0.0928  0.0207  0.0349  0.2578  0.0198 -0.0003  0.0676 0 
 44.2115 -0.1519  1.6199  0.0044  0.2983  0.0219  0.2645  0.0353 -0.0003  0.0628 0 
 47.1229  0.7036  0.1927  0.3183  0.5537  0.0284  0.3468  0.2994 -0.0003  0.9756 1 
 46.6194 -0.7075 -2.9583  0.1667  0.1886  0.0848  0.5651  0.2137 -0.0003  0.8988 1 
 51.9387  0.5666  0.1213  0.0003  0.4208  0.1056  0.6341  0.0797 -0.0003  0.2251 0 
 45.3986 -0.5536 -2.9752  0.0000  0.6116  0.0070  0.1751  0.1801 -0.0003  0.1437 0 
 46.0151 -0.7487  0.1850  0.2397  0.1996  0.0469  0.3925  0.4407 -0.0003  0.9830 1 
 40.4364  0.7397 -2.9566  0.0185  0.8061  0.0228  0.3611  0.0323 -0.0003  0.1739 1 
 49.1005 -0.3638 -1.2235  0.0019  0.3887  0.1820  0.3431  0.0197 -0.0003  0.2020 0 
 46.6987  0.3862  1.9054  0.0480  0.0410  0.0479  0.2607  0.0095 -0.0003  0.0761 0 
 50.5043 -0.5069  0.0135  0.0468  0.3895  0.0489  0.3406  0.1690 -0.0003  0.5171 0 
 47.8401  0.4949  3.1410  0.0092  0.2455  0.0104  0.0863  0.0004 -0.0003  0.1082 0 
 52.2530  0.3753  3.1280  0.0076  0.6515  0.0674  0.4222  0.0607 -0.0003  0.2271 0 
 43.5340 -0.3744 -0.0010  0.0572  0.1792  0.0214  0.4868  0.1290  0.1969  0.6296 0 
 48.5512 -0.6887  0.7261  0.0019  0.3242  0.0829  0.3871  0.1470  0.0874  0.3415 0 
 47.1931  0.6931 -2.4437  0.0095  0.7211  0.0330  0.3466  0.0168 -0.0003  0.1870 0 
 50.7546 -0.1256 -0.6587  0.0111  0.6191  0.0850  0.2552  0.1710  0.0790  0.6186 0 
 46.0548  0.1081  2.4282  0.0400  0.0792  0.0294  0.1744  0.0182 -0.0003  0.0613 0 
 47.7760 -0.3180  2.7860  0.0385  0.3195  0.0724  0.4751  0.0568  0.3188  0.6049 0 
 42.4933  0.3174 -0.3594  0.0338  0.0665  0.0208  0.1782  0.1243 -0.0003  0.0755 0 
 59.2355 -0.6510  0.8145  0.0413  0.3205  0.1858  0.4910  0.0491 -0.0003  0.3065 0 
 45.8381  0.6601 -2.4175  0.1636  0.2965  0.0122  0.3056  0.1736 -0.0003  0.5547 0 
 54.0505  0.1418 -1.7138  0.0393  0.1851  0.0360  0.3349  0.0809 -0.0003  0.1437 0 
 48.6183 -0.1513  1.4572  0.0379  0.3346  0.0641  0.3440  0.1049 -0.0003  0.3577 0 
 48.5847 -0.6058  2.7896  0.0454  0.2972  0.0543  0.3441  0.0589  0.1011  0.4527 0 
 43.9612  0.5855 -0.3503  0.0032  0.2407  0.0213  0.0883  0.0081 -0.0003  0.1186 0 
 39.8840 -0.7116 -1.5696  0.0370  0.3149  0.0365  0.2718  0.0803 -0.0003  0.2000 0 
 28.9158  0.7170  1.5356  0.0246  0.3413  0.0329  0.2482  0.0175 -0.0003  0.1507 0 
 53.5073 -0.3927  0.7110  0.1322  0.3035  0.0440  0.2938  0.0651 -0.0003  0.5428 0 
 43.2959  0.3719 -2.4075  0.1170  0.3756  0.0310  0.3102  0.1254 -0.0003  0.6036 0 
 46.5309  0.3352  2.0475  0.4705  0.2170  0.1130  0.7393  0.1136 -0.0003  0.9848 0 
 44.0406 -0.3686 -1.0320  0.0088  0.7130  0.0733  0.5735  0.2656 -0.0003  0.5966 0 
 41.3703 -0.2941 -1.1802  0.0270  0.4687  0.1884  0.4038  0.0193 -0.0003  0.2574 0 
 37.6623  0.3005  1.9391  0.0311  0.3039  0.0193  0.5062  0.0552 -0.0003  0.2009 0 
 47.7760  0.2173  1.2873  0.0990  0.1074  0.0230  0.2591  0.0742 -0.0003  0.1403 0 
 47.0985 -0.2124 -1.8828  0.0291  0.3737  0.0429  0.5202  0.0104 -0.0003  0.2515 0 
 42.1546 -0.4359  1.7773  0.3857  0.4075  0.1057  0.2678  0.1932 -0.0003  0.9876 1 
 41.6907  0.4273 -1.3839  0.3400  0.5179  0.0296  0.4477  0.5565 -0.0003  0.9969 1 
 45.8381 -0.0666 -0.9113  0.0368  0.2645  0.0660  0.3930  0.0814 -0.0003  0.2730 0 
 37.2137  0.1074  2.2336  0.0060  0.4930  0.0421  0.3232  0.0270 -0.0003  0.1671 0 
 52.0089 -0.6845  1.3012  0.0217  0.4466  0.1507  0.6340  0.0329 -0.0003  0.2742 0 
 42.1851  0.6947 -1.8794  0.0132  0.2977  0.0352  0.2231  0.0073 -0.0003  0.1306 0 
 42.9725  0.6801 -0.7245  0.0205  0.3845  0.1378  0.2220  0.0074 -0.0003  0.2193 0 
 28.6534 -0.6653  2.3965  0.0000  0.1288  0.0135  0.0000 -0.0200 -0.0003  0.1282 0 
 45.1881  0.0439 -2.2699  0.0814  0.2241  0.0291  0.2191  0.1578 -0.0003  0.3784 0 
 40.7324 -0.0596  0.8723  0.0498  0.6249  0.0335  0.4054  0.0150  0.0475  0.4670 0 
 49.0364  0.5546  0.0787  0.0056  0.4756  0.0337  0.1716  0.0179  0.1923  0.4718 0 
 48.4077 -0.5401 -3.0345  0.0292  0.2720  0.0710  0.3013  0.0313 -0.0003  0.2103 0 
 48.1025 -0.6283  1.3561  0.0623  0.0594  0.0475  0.4312  0.0726 -0.0003  0.1367 0 
 43.8849  0.6218 -1.7902  0.0009  0.7890  0.0061  0.2208  0.0175 -0.0003  0.1106 0 
 47.1260  0.0762 -0.5294  0.0180  0.4862  0.0605  0.2167  0.0012 -0.0003  0.3042 0 
 43.9490 -0.0874  2.5669  0.0601  0.0648  0.0303  0.3973  0.0218 -0.0003  0.0934 0 
 46.0365 -0.4032  1.1006  0.0454  0.1467  0.0117  0.2180  0.0270 -0.0003  0.0517 0 
 39.1485  0.3985 -2.0350  0.0042  0.6219  0.1382  0.6830  0.0339 -0.0003  0.2501 0 
 46.9978 -0.0602 -1.8229  0.0000  0.2763  0.0236  0.2602  0.1003 -0.0003  0.0720 0 
 41.6663  0.0469  1.3077  0.0425  0.0688  0.0730  0.3134  0.0069  0.1236  0.1237 0 
 47.3121  0.2036 -0.9217  0.5218  0.7067  0.0322  0.3464  0.4622 -0.0003  0.9973 1 
 44.3915 -0.2062  2.2318  0.4042  0.2823  0.0207  0.3962  0.4279  0.1124  0.9973 1 
 44.9226  0.4682 -2.8567  0.0076  0.2434  0.0209  0.4828  0.0049 -0.0003  0.0979 0 
 40.8576 -0.4617  0.2851  0.0114  0.1476  0.0782  0.2701  0.0085 -0.0003  0.0998 0 
 51.7006  0.3874  2.5457  0.3413  0.5214  0.0184  0.4233  0.5052  0.0608  0.9962 1 
 47.3396 -0.3771 -0.6088  0.2289  0.5584  0.0578  0.2598  0.2181 -0.0003  0.9541 1 
 51.0109 -0.3662  1.5046  0.1419  0.1877  0.0595  0.4247  0.0778 -0.0003  0.5337 0 
 50.8522  0.3694 -1.5675  0.0044  0.1500  0.0331  0.2550  0.0091 -0.0003  0.0585 0 
 47.2358 -0.4582  2.2419  0.0274  0.1492  0.0589  0.2599  0.0102  0.0623  0.1653 0 
 46.0151  0.4555 -0.8939  0.0006  0.3994  0.0438  0.4797  0.1279 -0.0003  0.2051 0 
 43.4058  0.7160 -1.1569  0.0620  0.1570  0.0494  0.3986  0.0302 -0.0003  0.2012 0 
 41.0132 -0.7234  1.9837  0.0207  0.7017  0.0530  0.2698  0.0095 -0.0003  0.3037 0 
 45.1514  0.3362  1.2054  0.0413  0.0753  0.0883  0.1315  0.0102 -0.0003  0.1152 0 
 44.8310 -0.3606 -1.9310  0.0362  0.3509  0.0185  0.3513  0.0231 -0.0003  0.1337 0 
 46.6529  0.2325  0.3759  0.0854  0.2923  0.2313  0.4780  0.0831 -0.0003  0.4489 0 
 38.9715 -0.2192 -2.7486  0.0040  0.2848  0.0184  0.1824  0.0809  0.1151  0.2406 0 
 45.5055 -0.1357  1.2908  0.0047  0.1675  0.0396  0.3499  0.0667 -0.0003  0.0699 0 
 42.4537  0.1303 -1.8126  0.0170  0.1140  0.0243  0.2228  0.0289 -0.0003  0.0462 0 
 52.0272 -0.4249  2.8795  0.2356  0.1933  0.0696  0.3381  0.2829 -0.0003  0.9495 0 
 42.1576  0.4336 -0.2691  0.0803  0.5702  0.0282  0.4017  0.0926  0.0592  0.6453 0 
 44.8005  0.2090 -0.8012  0.0260  0.3937  0.0192  0.1757  0.0176  0.2118  0.6091 0 
 41.6297 -0.2063  2.3256  0.1020  0.0557  0.0380  0.3135  0.0307 -0.0003  0.1014 0 
 50.0313 -0.4666 -2.4714  0.0031  0.3504  0.0855  0.3415  0.1264 -0.0003  0.2363 0 
 42.3255  0.4682  0.6299  0.0166  0.1359  0.0917  0.4905  0.2374  0.1942  0.5526 0 
 45.6428 -0.3051  1.3652  0.0221  0.1905  0.0367  0.1748  0.0019 -0.0003  0.1116 0 
 37.3114  0.2758 -1.7232  0.0004  0.1461  0.1349  0.4614  0.0523 -0.0003  0.0968 0 
 47.4250 -0.5114 -1.4247  0.0301  0.1059  0.0702  0.3462  0.0298 -0.0003  0.0971 0 
 44.6723  0.5148  1.6999  0.0105  0.1343  0.0103  0.2198  0.0063 -0.0003  0.0388 0 
 50.1320 -0.2123  0.9542  0.0039  0.2837  0.4677  0.3839  0.0762 -0.0003  0.2824 0 
 48.5206  0.1544 -2.2281  0.0180  0.2369  0.0529  0.3872  0.0729  0.1030  0.2864 0 
 43.1922 -0.3794  0.5162  0.0323  0.4269  0.0981  0.3104  0.0067 -0.0003  0.2420 0 
 40.5127  0.3434 -2.6478  0.0008  0.4618  0.0385  0.3158  0.1041 -0.0003  0.1582 0 
 50.6355  0.5912 -2.8221  0.0425  0.6130  0.0280  0.3404  0.0313 -0.0003  0.2730 0 
 49.5735 -0.6022  0.2814  0.0342  0.4174  0.1185  0.5134  0.0983 -0.0003  0.3398 0 
 51.7250  0.4891  1.3035  0.0393  0.5493  0.0052  0.2963  0.1038 -0.0003  0.1554 0 
 48.4718 -0.4806 -1.8313  0.0135  0.1488  0.0572  0.3873  0.0063 -0.0003  0.1004 0 
 46.0395  0.4146 -2.4001  0.0589  0.5907  0.0327  0.4797  0.0674 -0.0003  0.4829 1 
 40.8576 -0.4402  0.7410  0.4164  0.4102  0.0680  0.3151  0.2823  0.4971  0.9996 1 
 46.9398 -0.7247  1.3543  0.5379  0.6509  0.0484  0.4339  0.4893  0.1051  0.9977 1 
 42.8717  0.7403 -1.8391  0.0489  0.7158  0.0370  0.3555  0.0812  0.2302  0.6902 1 
 51.4290 -0.4614 -0.5096  0.0757  0.3684  0.1415  0.7205  0.0274  0.0830  0.5861 0 
 44.1810  0.4951  2.6665  0.0744  0.4182  0.0259  0.3086  0.0435 -0.0003  0.3077 0 
 47.3091 -0.3931  0.7497  0.4791  0.2747  0.1752  0.4330  0.3153 -0.0003  0.9974 1 
 47.1839  0.3934 -2.3876  0.1526  0.3583  0.0196  0.3467  0.1047 -0.0003  0.5489 1 
 41.7853  0.3856  2.3407  0.1922  0.3732  0.0272  0.3579  0.1982 -0.0003  0.8228 0 
 38.1262 -0.4078 -0.7842  0.1462  0.2246  0.0187  0.2293  0.0902 -0.0003  0.3477 0 
 50.3944  0.3950  0.1013  0.0928  0.4050  0.0659  0.3408  0.0722 -0.0003  0.5655 1 
 39.9695 -0.4097 -3.0714  0.8471  0.4355  0.0245  0.4075  0.6121 -0.0003  0.9978 1 
 39.5514 -0.7227 -2.9327  0.4446  0.5554  0.0406  0.4995  0.4730  0.1733  0.9987 1 
 33.3288  0.7436  0.1576  0.0856  0.4632  0.0522  0.4287  0.3126  0.4293  0.9915 1 
 45.8412 -0.1889 -3.0303  0.1009  0.2024  0.0202  0.1746  0.1761 -0.0003  0.3614 1 
 35.2239  0.2195  0.0761  0.0966  0.7527  0.0463  0.2813  0.3648  0.3240  0.9514 1 
 49.4148 -0.4293 -0.7950  0.0508  0.7137  0.1440  0.7279  0.1224 -0.0003  0.5394 0 
 36.3531  0.4113  2.3869  0.0039  0.4003  0.0714  0.2789  0.0489 -0.0003  0.2000 0 
 42.5116 -0.1564 -1.6485  0.0392  0.1071  0.1063  0.0445  0.0016 -0.0003  0.1737 0 
 40.6470  0.1467  1.4810  0.0385  0.1689  0.0906  0.4057  0.0838 -0.0003  0.2162 0 
 49.5094 -0.0892  1.3774  0.0374  0.2738  0.0471  0.5564  0.0732 -0.0003  0.3185 0 
 39.0875  0.0969 -1.7748  0.0316  0.1539  0.0200  0.2733  0.0284 -0.0003  0.0558 0 
 40.6622  0.1024  0.1716  0.1197  0.5602  0.0303  0.3155  0.0732 -0.0003  0.6115 1 
 22.3239 -0.1869 -2.9175  0.5402  0.3026  0.0449  0.6453  0.3691 -0.0003  0.9918 1 
 52.1492 -0.0111  1.2690  0.1099  0.4192  0.0259  0.4223  0.2694  0.1022  0.8689 0 
 45.4749  0.0069 -1.8557  0.0192  0.1849  0.0171  0.3500  0.0685 -0.0003  0.0604 0 
 48.0568  0.7595 -2.2407  0.0016  0.3641  0.0890  0.2587  0.0240 -0.0003  0.1895 0 
 40.8850 -0.7401  0.9094  0.0909  0.3473  0.1591  0.2700  0.0611 -0.0003  0.5050 0 
 44.5045  0.3328 -0.8471  0.0550  0.2249  0.0799  0.4400  0.0646 -0.0003  0.3182 0 
 36.4141 -0.3575  2.3108  0.1825  0.1172  0.0249  0.2787  0.1025 -0.0003  0.4402 0 
 51.9081 -0.1236  2.8952  0.0505  0.3137  0.0477  0.2960  0.2072 -0.0003  0.5248 0 
 48.5176  0.1371 -0.2624  0.0099  0.3463  0.0257  0.3011  0.0435 -0.0003  0.0861 0 
 45.8625 -0.5228  0.1269  0.0088  0.5588  0.0778  0.5675  0.1352 -0.0003  0.3007 0 
 45.4536  0.5103 -3.0103  0.0125  0.3521  0.1017  0.4375  0.0421 -0.0003  0.1891 0 
 42.7253  0.7359 -1.1229  0.1435  0.5764  0.0918  0.3113  0.0985 -0.0003  0.8236 1 
 36.8261 -0.7159  1.9908  0.1412  0.7370  0.0273  0.4631  0.2147 -0.0003  0.8823 1 
 41.9837 -0.0403  2.4703  0.0006  0.0708  0.0348  0.2681  0.0153 -0.0003  0.0503 0 
 38.3307  0.0613 -0.7225  0.0000  0.0038  0.0189  0.0458  0.0098 -0.0003  0.0737 0 
 43.1586 -0.5946  2.4528  0.0654  0.2678  0.0213  0.2218  0.0797 -0.0003  0.1766 0 
 39.3774  0.6064 -0.6882  0.0102  0.2688  0.0284  0.3182  0.0135 -0.0003  0.0836 0 
 45.6031  0.4345 -0.4464  0.1568  0.4859  0.0410  0.3935  0.2329 -0.0003  0.9077 1 
 42.1210 -0.4286  2.6818  0.0819  0.2947  0.1188  0.3125  0.1341  0.6995  0.9780 1 
 46.3539 -0.5309  2.3683  0.2435  0.5421  0.0693  0.3483  0.3331  0.2264  0.9858 1 
 45.6001  0.5368 -0.7686  0.4296  0.7108  0.0305  0.4809  0.5789 -0.0003  0.9976 1 
 53.9864  0.4850  1.1838  0.0434  0.1282  0.0508  0.2931  0.1380 -0.0003  0.1977 0 
 53.7636 -0.5031 -1.9525  0.0447  0.3695  0.0957  0.5030  0.0773  0.4048  0.7337 0 
 48.1056 -0.0908 -3.1038  0.2508  0.4966  0.0309  0.3881  0.3121 -0.0003  0.9653 1 
 42.6642  0.0903  0.0288  0.2741  0.1787  0.0468  0.7119  0.5523 -0.0003  0.9972 1 
 52.5246  0.7695 -0.6467  0.0655  0.2243  0.0537  0.3794  0.0239 -0.0003  0.2729 0 
 47.2480 -0.7657  2.5446  0.0054  0.1965  0.1096  0.3032  0.2458  0.2426  0.6247 0 
 54.5571  0.5008  0.2322  0.1108  0.1361  0.3536  0.2505  0.0118 -0.0003  0.3515 1 
 47.0375 -0.4662 -2.8789  0.2975  0.4088  0.0973  0.3035  0.2769 -0.0003  0.9889 1 
 53.4463  0.3273 -2.6434  0.0443  0.2230  0.0486  0.3778  0.2592 -0.0003  0.4803 0 
 42.5483 -0.3544  0.5284  0.0234  0.0767  0.1082  0.4453  0.0723 -0.0003  0.0922 0 
 52.8939  0.4374 -1.5653  0.1009  0.3141  0.0381  0.2525  0.0881 -0.0003  0.4701 0 
 42.0539 -0.4290  1.5862  0.0451  0.3150  0.0320  0.5360  0.0228 -0.0003  0.2977 0 
 47.8859 -0.6940  1.4896  0.0048  0.2846  0.0537  0.4316  0.0974 -0.0003  0.1610 0 
 45.0355  0.7051 -1.6325  0.0056  0.6045  0.0423  0.3509  0.0208 -0.0003  0.1844 0 
 48.6305 -0.2381  0.0065  0.0115  0.0637  0.0410  0.4299  0.1107 -0.0003  0.0924 0 
 43.2044  0.2404 -3.1405  0.0613  0.4534  0.0069  0.3548  0.0180 -0.0003  0.1702 0 
 48.0354  0.7066 -1.6694  0.0206  0.0715  0.0258  0.2157  0.0135 -0.0003  0.0498 0 
 36.7468 -0.6994  1.4828  0.0352  0.7487  0.0124  0.2317  0.0400 -0.0003  0.1684 0 
 44.8402 -0.6967  2.3160  0.0653  0.2372  0.0763  0.1317  0.0162 -0.0003  0.3771 0 
 36.1364  0.6913 -0.8444  0.0006  0.2496  0.0415  0.1862  0.1163 -0.0003  0.1424 0 
 49.1493 -0.6566  0.9573  0.0255  0.6472  0.1545  0.7289  0.0623  0.4566  0.7378 1 
 35.0195  0.6433 -2.1793  0.1900  0.5032  0.0446  0.3288  0.1822  0.0686  0.8929 1 
 33.5058  0.7767  0.2220  0.3478  0.4668  0.0312  0.3805  0.3901 -0.0003  0.9913 1 
 16.8368 -0.7511 -2.6482  0.1843  0.4039  0.0430  0.5914  0.2723  0.2849  0.9943 1 
 47.6661 -0.0280 -3.1190  0.0390  0.1411  0.1080  0.3458  0.1265 -0.0003  0.2321 0 
 38.5290  0.0338  0.0039  0.0058  0.5895  0.1534  0.5488  0.2270 -0.0003  0.4709 0 
 46.6590  0.4766 -0.2740  0.0525  0.3142  0.1275  0.3477  0.0427 -0.0003  0.3106 0 
 44.9470 -0.4695  2.8696  0.0535  0.1231  0.1758  0.4389  0.0694 -0.0003  0.2264 0 
 47.8706  0.2861  0.2997  0.4766  0.6565  0.0400  0.5612  0.5704 -0.0003  0.9973 1 
 42.8809 -0.2949 -2.8336  0.2646  0.8744  0.0259  0.5776  0.2672 -0.0003  0.9540 1 
 32.8801  0.2644  3.0583  0.1744  0.5405  0.0302  0.2390  0.2607  0.3408  0.9941 1 
 30.6432 -0.2803 -0.0554  0.2107  0.5072  0.0911  0.4880  0.2020  0.5529  0.9991 1 
 42.5055  0.1026  1.3732  0.0020  0.8737  0.0752  0.3563  0.0449 -0.0003  0.2744 0 
 37.6684 -0.1173 -1.8135  0.0753  0.3881  0.0306  0.4602  0.0198 -0.0003  0.4141 0 
 57.7768 -0.1773 -2.4948  0.1307  0.2252  0.0794  0.2059  0.0804 -0.0003  0.5957 0 
 45.5512  0.1249  0.6483  0.0154  0.4184  0.0356  0.2624  0.0352 -0.0003  0.1523 0 
 45.0141 -0.5049  0.4026  0.0356  0.3426  0.0471  0.3509  0.0064 -0.0003  0.2400 0 
 42.9786  0.4591 -2.7389  0.0098  0.0513  0.4341  0.3552  0.0070 -0.0003  0.0613 0 
 55.0546 -0.3088  0.7686  0.0828  0.4950  0.0492  0.2916  0.1387 -0.0003  0.6923 0 
 48.2673  0.3011 -2.3846  0.1206  0.5231  0.0236  0.3877  0.1019 -0.0003  0.6286 0 
 44.3458 -0.0025 -1.6029  0.1921  0.3383  0.0478  0.3083  0.3902  0.1390  0.9673 1 
 35.7519  0.0322  1.5525  0.2304  0.3687  0.0586  0.1868  0.1494 -0.0003  0.8785 1 
 52.9397 -0.4895  2.8445  0.0011  0.2585  0.0109  0.2525  0.2455 -0.0003  0.2176 0 
 36.8841  0.5170 -0.3255  0.0080  0.1964  0.0654  0.5092  0.0159 -0.0003  0.1322 0 
 41.0498  0.7767 -2.2047  0.0240  0.2365  0.0495  0.5395  0.1027 -0.0003  0.2591 1 
 35.5138 -0.7999  0.9634  0.0148  0.2869  0.0942  0.6081  0.0275 -0.0003  0.2172 1 
 45.5482  0.4445  0.7682  0.1262  0.1592  0.0620  0.4373  0.1796 -0.0003  0.6884 1 
 42.2400 -0.4624 -2.3621  0.7402  0.8886  0.1047  0.7138  0.5935 -0.0003  0.9967 1 
 30.8629 -0.6316 -1.2932  0.1265  0.7397  0.0837  0.6331  0.2453  0.2189  0.9472 1 
 28.4153  0.6734  1.8774  0.3299  0.5975  0.0277  0.2495  0.1702  0.2532  0.9620 1 
 44.6754 -0.7665  0.0053  0.0183  0.4081  0.0256  0.2198  0.0114 -0.0003  0.1421 0 
 26.6606  0.7586  3.1368  0.0598  0.3643  0.0398  0.3561  0.0462 -0.0003  0.3326 0 
 44.3305  0.3889  1.1923  0.0124  0.1286  0.0120  0.1321  0.0014 -0.0003  0.0526 0 
 36.3317 -0.3950 -1.9515  0.0109  0.1560  0.0172  0.3718  0.1583 -0.0003  0.0926 0 
 45.8961  0.3195  1.4477  0.0073  0.1510  0.1444  0.2618  0.0056 -0.0003  0.0933 0 
 28.9311 -0.2979 -1.6296  0.0540  0.4213  0.0382  0.1985  0.0723  0.1876  0.6584 0 
 48.7800  0.1622 -2.9460  0.0162  0.0424  0.0647  0.2148  0.0270 -0.0003  0.0771 0 
 41.5869 -0.1383  0.2609  0.0538  0.3673  0.0536  0.4480  0.0211  0.1913  0.5597 0 
 47.3945 -0.2705 -3.1278  0.0331  0.2649  0.0283  0.4761  0.0110 -0.0003  0.1868 0 
 46.8269  0.2828 -0.0007  0.0193  0.5102  0.0352  0.4776  0.1252 -0.0003  0.3205 0 
 45.1881  0.6074  1.6767  0.3469  0.6531  0.0520  0.3506  0.2210 -0.0003  0.9722 1 
 41.5961 -0.6007 -1.4621  0.2840  0.1844  0.0255  0.2688  0.4079 -0.0003  0.9616 1 
 41.7365 -0.6865  2.1323  0.2342  0.8299  0.0667  0.5371  0.4166  0.1240  0.9931 1 
 40.9125  0.6657 -1.0506  0.2033  0.4750  0.0476  0.4050  0.2841 -0.0003  0.9622 1 
 50.8431  0.5648  2.6097  0.0168  0.2536  0.1927  0.6376  0.0687 -0.0003  0.2984 0 
 46.5553 -0.5683 -0.5133  0.0625  0.3238  0.0613  0.2609  0.0504 -0.0003  0.3830 0 
 50.3670 -0.4514  0.8464  0.0484  0.3274  0.0465  0.2557  0.0298 -0.0003  0.2684 0 
 44.8218  0.4614 -2.2309  0.0462  0.7404  0.0352  0.3513  0.0784 -0.0003  0.4071 0 
 31.7967 -0.4334 -1.1939  0.2790  0.4396  0.0226  0.3862  0.2919  0.1098  0.9630 1 
 22.9618  0.4567  2.0861  0.0091  0.7446  0.0122  0.4263  0.0534 -0.0003  0.1259 1 
 44.8341 -0.7171 -0.8525  0.0165  0.6597  0.0254  0.1756  0.0240 -0.0003  0.1697 0 
 43.2929  0.7177  2.2812  0.0119  0.1997  0.0092  0.2659  0.0483 -0.0003  0.0396 0 
 48.2826  0.6944  2.8880  0.0876  0.5035  0.0547  0.4307  0.1487 -0.0003  0.7218 0 
 43.7110 -0.6901 -0.3159  0.0667  0.2922  0.0981  0.5305  0.0628  0.0404  0.4846 0 
 40.2014  0.1966 -1.4200  0.0349  0.3178  0.1046  0.4973  0.1010 -0.0003  0.3407 1 
 38.3856 -0.1664  1.7456  0.5744  0.3164  0.0266  0.6410  0.3480 -0.0003  0.9905 1 
 51.2734 -0.1786  2.0481  0.0772  0.1913  0.0313  0.2121  0.1622 -0.0003  0.3665 0 
 43.8300  0.1507 -1.1177  0.0500  0.1515  0.0552  0.3092  0.0615  0.0461  0.2438 0 
 48.4108  0.0098  0.5867  0.0215  0.6728  0.0115  0.3013  0.0808 -0.0003  0.1436 0 
 44.2084  0.0073 -2.5810  0.0177  0.1031  0.0248  0.3967  0.0015 -0.0003  0.0657 0 
 47.2938 -0.1062 -2.4487  0.0150  0.0655  0.1125  0.3031  0.0091 -0.0003  0.0568 0 
 46.2104  0.1032  0.6836  0.0261  0.3073  0.0273  0.3050  0.0220 -0.0003  0.1170 0 
 43.6774  0.7579  0.5115  0.0063  0.3882  0.0525  0.3537  0.1154 -0.0003  0.2163 0 
 39.3835 -0.7439 -2.6112  0.0495  0.1544  0.0045  0.1364  0.0056 -0.0003  0.0625 0 
 49.9550  0.4363 -2.3666  0.1223  0.0787  0.0841  0.2562  0.0899  0.1700  0.5497 0 
 40.8759 -0.4235  0.7082  0.0344  0.5396  0.0457  0.5401  0.0385 -0.0003  0.3119 0 
 41.8952 -0.5070 -2.3233  0.1116  0.4650  0.1215  0.5812  0.1110 -0.0003  0.6745 1 
 28.5374  0.5242  0.8003  0.2799  0.3003  0.0330  0.2990  0.1621 -0.0003  0.8212 1 
 46.6865 -0.7885  1.3247  0.0299  0.4202  0.0195  0.3476  0.0093 -0.0003  0.1506 0 
 45.3773  0.7797 -1.8589  0.0029  0.1038  0.0224  0.2626  0.0154 -0.0003  0.0413 0 
 50.3548 -0.2557 -2.5189  0.0238  0.2022  0.0598  0.4261  0.0446 -0.0003  0.1591 0 
 46.5583  0.2301  0.6215  0.0623  0.5192  0.0433  0.3913  0.0530 -0.0003  0.4577 0 
 47.0619  0.2774  0.4778  0.5439  0.5514  0.0811  0.6070  0.4092 -0.0003  0.9935 1 
 37.0397 -0.2668 -2.6576  0.0988  0.5417  0.0149  0.2774  0.1473  0.1184  0.6380 1 
 43.0457  0.5076  0.1335  0.0614  0.5085  0.0547  0.5771  0.1888 -0.0003  0.6640 0 
 35.7122 -0.5346 -3.0064  0.0227  0.2797  0.0574  0.4204  0.0800  0.2921  0.5660 0 
 43.1434 -0.5802  1.3795  0.0552  0.6074  0.0869  0.3549  0.0784 -0.0003  0.4493 1 
 40.0427  0.5754 -1.8015  0.0562  0.5134  0.0324  0.4526  0.0184 -0.0003  0.3898 1 
 46.1250 -0.5077  1.3532  0.0076  0.3531  0.0299  0.3923  0.0367 -0.0003  0.1084 0 
 37.1374  0.5110 -1.8021  0.1021  0.1537  0.0342  0.3234  0.1586  0.1825  0.7512 0 
 45.4170 -0.5271 -0.1606  0.0497  0.2356  0.0293  0.1751  0.0284 -0.0003  0.1507 0 
 23.3860  0.5525  2.9208  0.0258  0.4614  0.0280  0.3708  0.0251 -0.0003  0.1834 0 
 46.1677  0.7084  1.2835  0.0067  0.6095  0.0157  0.1307  0.0226 -0.0003  0.1323 0 
 45.7862 -0.7064 -1.8652  0.0674  0.5167  0.1090  0.4804  0.2464 -0.0003  0.7861 0 
 42.7527 -0.7554 -0.9495  0.0007  0.0588  0.0618  0.2223  0.0366 -0.0003  0.0685 0 
 42.4414  0.7488  2.2076  0.0240  0.1581  0.0259  0.4010  0.0086 -0.0003  0.0850 0 
 52.5216 -0.4407  1.3180  0.0369  0.1824  0.1093  0.4637  0.1286 -0.0003  0.3053 0 
 46.4729  0.4181 -1.7888  0.0027  0.3272  0.1654  0.4785  0.0084 -0.0003  0.1836 0 
 45.9419 -0.5391  0.8618  0.0012  0.1284  0.0196  0.1745  0.0207 -0.0003  0.0435 0 
 34.7723  0.5393 -2.2672  0.0013  0.5078  0.0261  0.3294  0.0136 -0.0003  0.1180 0 
 43.0304 -0.4560 -1.1001  0.0538  0.1609  0.0074  0.1332  0.0296 -0.0003  0.0701 0 
 38.6877  0.4513  2.0195  0.0846  0.2644  0.1100  0.5482  0.1075 -0.0003  0.5576 0 
 48.6366 -0.2726  1.4748  0.0248  0.6982  0.0272  0.4729  0.0366  0.0530  0.3464 0 
 46.3752  0.2650 -1.6611  0.0132  0.1231  0.0322  0.4352  0.0790 -0.0003  0.0873 0 
 45.1759  0.3898  2.7116  0.0015  0.1621  0.0123  0.2191  0.1140  0.0735  0.1141 0 
 38.7884 -0.3525 -0.4252  0.0114  0.3013  0.0288  0.3196  0.0460 -0.0003  0.0864 0 
 51.9112 -0.0385  2.4551  0.0259  0.1113  0.0612  0.2114  0.0185 -0.0003  0.0945 0 
 44.6265  0.0345 -0.7210  0.0443  0.6654  0.0255  0.3957  0.0427 -0.0003  0.3076 0 
 53.8338  0.6130  2.7760  0.0368  0.6578  0.0210  0.3352  0.0806 -0.0003  0.2266 0 
 44.1260 -0.6178 -0.3595  0.0338  0.3364  0.0166  0.2205  0.0720 -0.0003  0.1149 0 
 47.4891  0.7287  1.9594  0.0072  0.5993  0.0665  0.3893  0.0435 -0.0003  0.2040 0 
 43.4363 -0.7115 -1.1869  0.0114  0.5967  0.0224  0.3985  0.0091 -0.0003  0.1558 0 
 46.9398 -0.4559 -0.5065  0.0198  0.2517  0.2291  0.5641  0.0501 -0.0003  0.2683 0 
 46.5034  0.4896  2.6510  0.0180  0.3790  0.0728  0.1305  0.0119 -0.0003  0.3521 0 
 48.0934 -0.3795  0.3565  0.0212  0.0620  0.0171  0.0862  0.0065 -0.0003  0.0620 0 
 46.4820  0.3842 -2.7848  0.0120  0.0525  0.1099  0.3045  0.0192 -0.0003  0.0544 0 
 46.1860  0.4755  0.9682  0.1479  0.2127  0.0486  0.3050  0.0466 -0.0003  0.4741 1 
 38.7823 -0.5021 -2.1757  1.0076  0.5191  0.0272  0.6848  1.0230  0.1212  0.9989 1 
 53.0678  0.4057 -1.4408  0.0007  0.5933  0.0509  0.3364  0.0964 -0.0003  0.2263 0 
 47.8614 -0.3994  1.7501  0.0211  0.4960  0.1561  0.4749  0.0381 -0.0003  0.2552 0 
 49.2836  0.2466  2.0938  0.0019  0.4067  0.1707  0.7284  0.0753 -0.0003  0.2873 0 
 27.9393 -0.2604 -1.0019  0.2936  0.0753  0.0970  0.2508  0.2111  0.3383  0.9475 0 
 45.7679 -0.6443 -1.2159  0.0073  0.2496  0.0618  0.2184  0.0110 -0.0003  0.1554 0 
 43.5004  0.6575  1.8819  0.0873  0.1010  0.0149  0.3099  0.1162 -0.0003  0.1506 0 
 46.3325  0.1738 -0.6941  0.0033  0.1769  0.0332  0.3047  0.0724 -0.0003  0.0582 0 
 33.0694 -0.1617  2.4306  0.0051  0.4991  0.0324  0.2387  0.0698 -0.0003  0.1392 0 
 51.8715 -0.5285  2.1722  0.0412  0.6348  0.0700  0.4229  0.0370 -0.0003  0.3264 0 
 45.0782  0.5273 -0.9501  0.1126  0.2122  0.0285  0.3069  0.1452 -0.0003  0.4817 0 
 44.1382  0.6438  2.0983  0.1037  0.5501  0.0599  0.7055  0.1450 -0.0003  0.8044 1 
 42.7771 -0.6594 -1.0346  0.2052  0.2445  0.3154  0.4446  0.1988  1.1381  0.9923 1 
 44.8768  0.5665 -0.2700  0.0001  0.6238  0.0426  0.6146  0.0467 -0.0003  0.1914 0 
 33.9055 -0.5639  2.9034  0.0192  0.5303  0.0349  0.4266  0.0483  0.0361  0.2865 0 
 45.1820 -0.3887 -0.1261  0.1398  0.2624  0.0397  0.3068  0.1022 -0.0003  0.5828 0 
 36.8750  0.3816  3.0654  0.0166  0.6060  0.0428  0.4166  0.0407 -0.0003  0.2240 0 
 41.8524  0.3415 -2.1687  0.0124  0.6014  0.0239  0.2683  0.1638 -0.0003  0.2159 0 
 32.8893 -0.3572  1.0102  0.0509  0.1075  0.0220  0.3825  0.0928 -0.0003  0.1152 0 
 45.5024  0.1118  1.0866  0.0309  0.2846  0.0199  0.3062  0.0568 -0.0003  0.0972 0 
 43.8972 -0.1207 -2.0259  0.0000  0.5838  0.0387  0.0442 -0.0200 -0.0003  0.4075 0 
 47.3610 -0.5711  0.7248  0.0078  0.2392  0.1126  0.1732  0.0110 -0.0003  0.1878 0 
 38.6358  0.5641 -2.4182  0.1353  0.3971  0.0334  0.1828  0.0079 -0.0003  0.5608 0 
 48.1422  0.7492  0.5700  0.0060  0.1908  0.1956  0.5604  0.0251 -0.0003  0.1757 0 
 45.0843 -0.7253 -2.6196  0.0109  0.5962  0.0215  0.3946  0.1260 -0.0003  0.1889 0 
 48.7037  0.5371 -1.6176  0.1952  0.5210  0.0372  0.5157  0.1900 -0.0003  0.9198 1 
 41.6297 -0.5437  1.5098  0.0369  0.3608  0.0540  0.4479  0.0612  0.0991  0.4515 1 
 39.3133  0.8201 -1.5927  0.0450  0.0992  0.0280  0.3639  0.0148 -0.0003  0.0822 0 
 38.4436 -0.7881  1.5447  0.0240  0.3072  0.1570  0.5491  0.0164 -0.0003  0.2413 0 
 33.3806 -0.5901  2.4861  0.2463  0.4008  0.0225  0.5236  0.3217 -0.0003  0.9653 1 
 32.4987  0.5429 -0.6867  0.0034  0.3143  0.0859  0.6716  0.0475  0.4195  0.5276 1 
 56.1929 -0.7514  2.2420  0.0005  0.0982  0.0483  0.3316  0.1942 -0.0003  0.1250 0 
 51.4076  0.7757 -0.8649  0.0101  0.1310  0.2233  0.4663  0.0281 -0.0003  0.1288 0 
 52.6528  0.1822  1.3015  0.0164  0.4859  0.0260  0.3371  0.0418  0.0861  0.2990 0 
 49.0547 -0.1968 -1.8573  0.0294  0.2374  0.0674  0.2145  0.0275 -0.0003  0.2088 0 
 51.6640  0.3303 -0.5717  0.1680  0.1498  0.0839  0.4233  0.1066  0.1448  0.8347 0 
 46.1860 -0.3084  2.5794  0.0535  0.6043  0.0997  0.5229  0.0682 -0.0003  0.3745 0 
 48.6732 -0.7371 -2.3897  0.6997  0.5556  0.1008  0.5158  0.5048 -0.0003  0.9972 1 
 44.3702  0.7426  0.7596  0.0997  0.6083  0.0281  0.3523  0.0330 -0.0003  0.5667 1 
 45.0538 -0.4327  1.0997  0.2967  0.5195  0.0417  0.3070  0.3712 -0.0003  0.9884 1 
 26.8894  0.3999 -2.0565  0.2582  0.6466  0.0447  0.4059  0.2407  0.4462  0.9991 1 
 47.7852  0.4550  1.0688  0.0073  0.2435  0.0952  0.3023  0.0157 -0.0003  0.1396 0 
 43.3356 -0.4445 -2.0474  0.0077  0.4495  0.0698  0.3988  0.0237 -0.0003  0.1779 0 
 50.8156  0.0799  1.3654  0.0879  0.0286  0.0796  0.2976  0.0250 -0.0003  0.0848 0 
 43.4882 -0.1070 -1.7387  0.0231  0.2372  0.0476  0.3541  0.0444 -0.0003  0.1419 0 
 44.3641  0.4377 -2.5154  0.0051  0.1072  0.1460  0.2202  0.0120 -0.0003  0.0650 0 
 44.0406 -0.5037  0.6402  0.0087  0.7076  0.0454  0.4412  0.1170 -0.0003  0.3079 0 
 48.7404 -0.6367  0.9473  0.0013  0.3333  0.0654  0.3437  0.1734 -0.0003  0.2861 0 
 29.3645  0.5859 -2.1989  0.0140  0.7323  0.0597  0.2965  0.0048 -0.0003  0.2545 0 
 46.5705 -0.3509  1.6422  0.0028  0.3491  0.2099  0.3913  0.0535 -0.0003  0.2242 0 
 45.0233  0.3368 -1.4683  0.0002  0.4002  0.0735  0.5702  0.0555 -0.0003  0.1780 0 
 46.9429 -0.6577  2.8265  0.0622  0.5291  0.0221  0.3471  0.0558 -0.0003  0.3034 0 
 44.7578  0.6661 -0.3188  0.0109  0.3694  0.0476  0.3075  0.0402 -0.0003  0.1589 0 
 58.9364 -0.4194 -2.4384  0.0159  0.3533  0.0393  0.2458  0.0143 -0.0003  0.1633 0 
 52.8328  0.4062  0.7178  0.0153  0.0088  0.0419  0.1263  0.0031 -0.0003  0.0810 0 
 48.6427  0.1481  0.7735  0.0472  0.4034  0.0571  0.4299  0.2299 -0.0003  0.6225 1 
 45.0111 -0.1447 -2.3834  0.0918  0.4473  0.0988  0.3948  0.1087 -0.0003  0.5931 1 
 49.9397  0.3593 -1.5322  0.0125  0.7762  0.1564  0.6405  0.0782 -0.0003  0.3308 0 
 46.2440 -0.3673  1.6127  0.0085  0.2461  0.1661  0.3920  0.0297 -0.0003  0.1643 0 
 46.8544  0.0300 -1.0071  0.0114  0.1026  0.0278  0.2605  0.0392  0.0548  0.0851 0 
 40.4150 -0.0303  2.1611  0.0274  0.5350  0.0513  0.3611  0.0970 -0.0003  0.3539 0 
 51.9722 -0.6906  1.2038  0.0016  0.2949  0.1023  0.3805  0.0574 -0.0003  0.1468 0 
 46.8940  0.6774 -1.8872  0.0288  0.3709  0.0115  0.2170  0.0098 -0.0003  0.1026 0 
 41.9623 -0.6289 -2.3709  0.0473  0.5875  0.1129  0.3575  0.0602  0.6556  0.9829 1 
 37.0153  0.5651  0.7075  0.1810  0.2004  0.0311  0.3700  0.0927  0.2247  0.9207 1 
 45.5329  0.6117  0.8104  0.0797  0.2719  0.0269  0.5248  0.0353 -0.0003  0.3939 0 
 43.8911 -0.6334 -2.4356  0.0655  0.4192  0.0940  0.6624  0.0209 -0.0003  0.4140 0 
 48.9570 -0.1565  0.5509  0.0108  0.1573  0.2214  0.3004  0.0148 -0.0003  0.1293 0 
 38.1781  0.0825 -2.5897  0.0005  0.0893  0.0125  0.0917 -0.0200 -0.0003  0.0747 0 
 50.2205  0.0307 -1.9401  0.0556  0.4414  0.0481  0.3411  0.0428  0.1611  0.6151 0 
 46.2684 -0.0222  1.1724  0.0200  0.1879  0.0364  0.5662  0.0063 -0.0003  0.1621 0 
 43.1464  0.0675 -1.8217  0.6937  0.3188  0.0480  0.3993  0.8056 -0.0003  0.9981 1 
 32.6787 -0.0786  1.2637  0.1859  0.6716  0.0708  0.3832  0.2748  0.4051  0.9975 1 
 44.1230 -0.3764 -0.7409  0.0202  0.2439  0.0302  0.1764  0.0103 -0.0003  0.1137 0 
 43.0426  0.3590  2.3918  0.0056  0.2902  0.0691  0.5327  0.1109 -0.0003  0.2085 0 
 51.0811 -0.3284  1.4991  0.1267  0.3877  0.1134  0.3821  0.0886  0.4870  0.9486 0 
 46.6468  0.3173 -1.6927  0.0505  0.2104  0.0574  0.4780  0.0080 -0.0003  0.2481 0 
 50.2632  0.1637  1.9706  0.0419  0.5723  0.0520  0.2131  0.0064 -0.0003  0.3999 0 
 42.8016 -0.1726 -1.1737  0.0185  0.2882  0.0560  0.2667  0.1472 -0.0003  0.3024 0 
 45.7649  0.1597 -1.3388  0.0231  0.4209  0.0370  0.5241  0.1030 -0.0003  0.3071 0 
 42.8687 -0.1296  1.7971  0.0211  0.3136  0.0832  0.3999  0.0551 -0.0003  0.2112 0 
 49.3233 -0.3975 -3.0060  0.2635  0.5484  0.0345  0.5997  0.1325 -0.0003  0.8881 1 
 42.7802  0.3818  0.1376  0.4597  0.3864  0.0456  0.3557  0.5948 -0.0003  0.9979 1 
 52.1126  0.0729  1.2960  0.0142  0.0858  0.0724  0.2535  0.0043 -0.0003  0.0821 0 
 45.4841 -0.0417 -1.8704  0.0955  0.1919  0.0365  0.3500  0.1800 -0.0003  0.5107 0 
 48.8289  0.4818 -2.6448  0.0002  0.2586  0.0502  0.3007  0.0672  0.1813  0.3340 0 
 41.2421 -0.4963  0.4535  0.0939  0.3638  0.0639  0.4490  0.0750 -0.0003  0.5380 0 
 45.3468 -0.7623 -0.6134  0.1182  0.5648  0.0227  0.3065  0.0418 -0.0003  0.5128 0 
 41.7212  0.7518  2.5360  0.1686  0.5030  0.1166  0.6714  0.1442 -0.0003  0.8822 0 
 53.0037 -0.6491 -2.7947  0.0005  0.0906  0.0245  0.3785  0.0634  0.2062  0.2648 0 
 47.1199  0.6622  0.4056  0.0069  0.2130  0.1608  0.2601  0.0661 -0.0003  0.1605 0 
 48.7648 -0.3090 -1.8267  0.0655  0.1353  0.0916  0.1718  0.1009 -0.0003  0.3187 0 
 44.4099  0.2902  1.2974  0.0181  0.3132  0.0974  0.3522  0.0136 -0.0003  0.1819 0 
 49.4179  0.6575 -0.4291  0.0146  0.6767  0.0384  0.3425  0.0572  0.1334  0.4670 0 
 36.7163 -0.6607  2.7354  0.0606  0.0861  0.0369  0.2317  0.0350 -0.0003  0.0793 0 
 47.2908 -0.5880  0.4961  0.3948  0.7407  0.0321  0.2598  0.2237 -0.0003  0.9815 1 
 31.0674  0.5427 -2.6631  0.2217  0.3126  0.0781  0.3888  0.2381  0.6338  0.9994 1 
 50.6630  0.7689 -0.7588  0.0069  0.1787  0.0501  0.4680  0.0734  0.1235  0.2174 0 
 48.0934 -0.7687  2.3190  0.0570  0.4315  0.0277  0.3449  0.0313 -0.0003  0.2805 0 
 45.7801 -0.5616  0.0912  0.0876  0.3685  0.0602  0.3494  0.0947 -0.0003  0.5680 0 
 43.0976  0.5750 -3.0445  0.0170  0.0886  0.0565  0.2662  0.0788 -0.0003  0.0821 0 
 41.7761  0.7284  2.6486  0.0173  0.4219  0.0795  0.3132  0.0346 -0.0003  0.2263 0 
 38.8952 -0.7378 -0.4975  0.0311  0.1729  0.0402  0.4562  0.1019 -0.0003  0.1910 0 
 62.5803 -0.6969  0.6085  0.0229  0.5192  0.0596  0.3633  0.0466 -0.0003  0.2609 0 
 47.4403  0.7210 -2.5336  0.0127  0.0712  0.1226  0.3462  0.1495 -0.0003  0.0953 0 
 43.8056 -0.5235  0.3618  0.0153  0.3448  0.0182  0.0883  0.0029 -0.0003  0.1720 0 
 39.4995  0.5189 -2.7534  0.0221  0.1783  0.0923  0.3634  0.0185 -0.0003  0.1291 0 
 46.5797  0.5018  0.2420  0.2298  0.2852  0.0412  0.2608  0.2466 -0.0003  0.9014 0 
 45.3590 -0.4656 -2.9438  0.0043  0.5988  0.0885  0.3940  0.0134 -0.0003  0.1888 0 
 43.5981  0.7884  2.2283  0.0136  0.5636  0.0564  0.3097  0.0451 -0.0003  0.2457 0 
 43.2136 -0.7782 -0.8915  0.0487  0.5089  0.0379  0.3104  0.3012 -0.0003  0.7043 0 
 47.9103 -0.1611 -2.9662  0.0128  0.2972  0.0686  0.2590  0.0108 -0.0003  0.1917 0 
 42.6673  0.1458  0.1269  0.0291  0.5949  0.1425  0.4894  0.0090 -0.0003  0.2633 0 
 46.9215 -0.5032 -0.2116  0.0855  0.3204  0.1159  0.5641  0.0527 -0.0003  0.4583 0 
 45.3651  0.5023  2.9166  0.0777  0.4134  0.0855  0.2189  0.0727 -0.0003  0.5967 0 
 52.1492  0.1702  1.9318  0.0215  0.4905  0.1613  0.5068  0.0861 -0.0003  0.2904 0 
 45.5817 -0.1409 -1.2388  0.0023  0.0409  0.0243  0.2186  0.0267 -0.0003  0.0422 0 
 49.0394 -0.0860 -1.4775  0.0929  0.2343  0.1015  0.4290  0.1175 -0.0003  0.5499 0 
 42.7497  0.0677  1.6556  0.1230  0.4708  0.0466  0.3558  0.1357  0.1447  0.8397 0 
 45.0629 -0.6181  1.9887  0.0083  0.2841  0.0087  0.3070  0.0306 -0.0003  0.0474 0 
 34.0978  0.6103 -1.1592  0.0139  0.0848  0.0316  0.3312  0.0488 -0.0003  0.0541 0 
 49.7261  0.4558 -3.0892  0.0182  0.2411  0.2024  0.3848  0.1142 -0.0003  0.2808 0 
 47.5441 -0.4370  0.0513  0.0641  0.1396  0.0147  0.2595  0.1216 -0.0003  0.1324 0 
 45.4047 -0.7726  2.2006  0.0235  0.5229  0.0248  0.3064  0.0305 -0.0003  0.1541 0 
 35.0835  0.7850 -0.9658  0.0165  0.1737  0.0474  0.4225  0.2575 -0.0003  0.3006 0 
 42.4781 -0.3939 -1.8687  0.3608  0.4317  0.0507  0.5345  0.4450 -0.0003  0.9956 1 
 38.7915  0.4198  1.1971  0.0750  0.2577  0.0763  0.6848  0.0568 -0.0003  0.5104 1 
 54.1054 -0.4092 -2.4686  0.0033  0.1658  0.0575  0.2511  0.0170 -0.0003  0.0870 0 
 37.7050  0.4048  0.6442  0.0159  0.1813  0.1059  0.1840  0.0192 -0.0003  0.1524 0 
 50.2846 -0.2889 -1.7489  0.0432  0.1945  0.1204  0.4689  0.0159 -0.0003  0.2176 0 
 43.4363  0.2829  1.4045  0.1107  0.2117  0.0532  0.3985  0.0563 -0.0003  0.4311 0 
 51.4229  0.4929  1.3055  0.3749  0.4321  0.0893  0.2543  0.3831 -0.0003  0.9962 1 
 49.2744 -0.4925 -1.8878  0.7490  0.4612  0.0340  0.3428  1.1699 -0.0003  0.9986 1 
 46.5614 -0.5148 -0.7070  0.2562  0.4149  0.1021  0.3913  0.2889 -0.0003  0.9880 1 
 35.4192  0.5215  2.4291  0.1052  0.6500  0.0499  0.4213  0.1325  0.4140  0.9951 1 
 50.2968 -0.2172  1.7450  0.0306  0.0738  0.0317  0.2984  0.0687  0.0907  0.1569 0 
 34.6746  0.2115 -1.3581  0.0167  0.5989  0.0234  0.2355  0.0169 -0.0003  0.1534 0 
 49.4148 -0.7409  2.3812  0.0474  0.3056  0.0563  0.2569  0.0538 -0.0003  0.2969 0 
 44.5930  0.7052 -0.6731  0.0220  0.2040  0.0972  0.3958  0.0235 -0.0003  0.1481 0 
 43.7415 -0.7388 -0.1903  0.1339  0.0989  0.0237  0.4420  0.1457 -0.0003  0.4617 0 
 23.7491  0.7112  2.8278  0.0202  0.1577  0.0992  0.2636  0.0085  0.1109  0.1546 0 
 47.6570  0.7480  2.8011  0.0491  0.5484  0.0635  0.4322  0.1160 -0.0003  0.4938 0 
 46.0395 -0.7749 -0.3394  0.0006  0.3327  0.0871  0.3489  0.0897 -0.0003  0.1753 0 
 46.8544  0.2567 -0.1274  0.0380  0.6485  0.0588  0.2170  0.0292 -0.0003  0.4329 0 
 44.7242 -0.2841  3.0089  0.0522  0.2740  0.0567  0.4834  0.0478 -0.0003  0.3276 0 
 43.0945 -0.0711  0.1312  0.1247  0.4405  0.0348  0.1331  0.1644 -0.0003  0.6359 1 
 36.9940  0.0900 -2.9886  0.1063  0.5995  0.0610  0.2313  0.1000  0.5171  0.9968 1 
 51.7220 -0.7445 -1.4172  0.0387  0.2603  0.1705  0.2539  0.0237  0.8846  0.8268 0 
 43.4852  0.7519  1.6603  0.0264  0.0845  0.0187  0.3541  0.0424 -0.0003  0.0512 0 
 55.3628 -0.7535 -0.6388  0.0129  0.1273  0.0460  0.2496  0.0600 -0.0003  0.0698 0 
 44.9134  0.7487  2.5232  0.0178  0.3094  0.0063  0.1756  0.0009 -0.0003  0.0835 0 
 46.5980 -0.5104  2.9492  0.0511  0.2347  0.0293  0.2608  0.0666 -0.0003  0.1549 0 
 45.7618  0.4734 -0.1877  0.0003  0.0634  0.0632  0.1747  0.0792  0.2358  0.2781 0 
 49.5735  0.5025 -2.9867  0.2670  0.2651  0.1532  0.5562  0.1678 -0.0003  0.9329 1 
 34.5129 -0.5416  0.2502  0.0162  0.6307  0.0394  0.5659  0.1369  0.0814  0.4714 1 
 55.1339 -0.4856  1.6952  0.0448  0.2511  0.0916  0.1666  0.1716 -0.0003  0.5319 0 
 39.7986  0.5038 -1.4178  0.0139  0.3177  0.0312  0.1813  0.0556 -0.0003  0.1220 0 
 42.8931 -0.6387 -2.4958  0.0673  0.4706  0.0553  0.4443  0.1107 -0.0003  0.5588 1 
 36.0113  0.5980  0.6701  0.0063  0.5167  0.0438  0.3262  0.0362  0.3838  0.9394 1 
 47.0832  0.2949 -1.8196  0.0062  0.7172  0.1180  0.3035  0.0213 -0.0003  0.2430 0 
 40.6653 -0.2787  1.3057  0.0547  0.2606  0.4584  0.4056  0.0129 -0.0003  0.2540 0 
 42.9267  0.0984 -2.6241  0.0873  0.1298  0.0362  0.1333  0.0914 -0.0003  0.2400 0 
 39.0967 -0.0833  0.5081  0.0080  0.5594  0.0117  0.3644  0.0037  0.1457  0.2992 0 
 44.4739  0.3589  3.1383  0.0008  0.5410  0.1530  0.6161  0.0571  0.3897  0.5370 0 
 42.5208 -0.3500  0.0129  0.0018  0.4993  0.0159  0.4453  0.0309 -0.0003  0.0990 0 
 52.4361  0.7090 -1.1877  0.1521  0.1378  0.0440  0.4640  0.2480 -0.0003  0.7911 0 
 45.6672 -0.6916  1.9396  0.0884  0.5110  0.0343  0.2185  0.0117 -0.0003  0.4702 0 
 50.7393 -0.5820  1.1365  0.1529  0.3254  0.0226  0.2977  0.0269 -0.0003  0.4603 0 
 41.9074  0.5833 -2.0244  0.1114  0.0849  0.0330  0.5365  0.0408  0.1224  0.5321 0 
 54.2214  0.1206 -2.0845  0.1371  0.4686  0.0228  0.2927  0.1738 -0.0003  0.6695 0 
 48.9876 -0.1252  1.0652  0.0250  0.0854  0.0904  0.3862  0.0618 -0.0003  0.0894 0 
 45.6794 -0.7209 -0.7641  0.2473  0.5820  0.0961  0.3496  0.3282 -0.0003  0.9919 1 
 28.8426  0.7043  2.3714  0.0946  0.6828  0.0579  0.6458  0.0213  0.3063  0.8773 1 
 48.4108  0.4541 -1.2938  0.0664  0.7210  0.0699  0.1722  0.0399 -0.0003  0.6446 1 
 44.3458 -0.4664  1.8430  0.2314  0.5415  0.0379  0.3523  0.3297 -0.0003  0.9723 1 
 47.6509  0.7620 -0.7963  0.0231  0.4207  0.0243  0.3458  0.0761 -0.0003  0.1465 0 
 39.4415 -0.7923  2.3739  0.0171  0.6643  0.1239  0.4544  0.0380 -0.0003  0.2708 0 
 55.3140 -0.0430 -2.7211  0.0562  0.5081  0.0196  0.3329  0.0552 -0.0003  0.2381 0 
 45.4353  0.0524  0.4193  0.0057  0.3554  0.0439  0.3501  0.0620 -0.0003  0.1327 0 
 56.5743  0.6933  2.1438  0.0063  0.5184  0.0288  0.2897  0.0153 -0.0003  0.1401 0 
 46.9673 -0.6879 -0.9783  0.0624  0.2433  0.0284  0.2603  0.1234 -0.0003  0.2666 0 
 41.2238 -0.4069 -1.8958  0.0252  0.1765  0.0258  0.1796  0.0170 -0.0003  0.0732 0 
 40.9400  0.4101  1.2755  0.0078  0.1560  0.0063  0.1799  0.0112 -0.0003  0.0388 0 
 44.9958  0.1796 -2.3068  0.1336  0.1345  0.1565  0.2632  0.1107 -0.0003  0.5594 0 
 40.0122 -0.2035  0.8482  0.0480  0.7890  0.0181  0.3621  0.0600 -0.0003  0.2823 0 
 45.2491 -0.7704 -2.0264  0.0624  0.1498  0.0390  0.1314  0.0125 -0.0003  0.1601 0 
 40.0946  0.7548  1.0953  0.0160  0.4000  0.0638  0.3167  0.0213  0.1332  0.3617 0 
 45.4322  0.0410 -0.7742  0.0001  0.6003  0.0334  0.3501  0.1036 -0.0003  0.1656 0 
 40.2441 -0.0279  2.3322  0.0082  0.4548  0.1061  0.4520  0.1030 -0.0003  0.2451 0 
 46.1311  0.3042  0.4271  0.0717  0.2033  0.0466  0.3923  0.1616 -0.0003  0.4472 0 
 37.9553 -0.2898 -2.7028  0.0062  0.2066  0.0182  0.3674  0.0825 -0.0003  0.0569 0 
 51.5267  0.7365 -2.9379  0.0359  0.6688  0.0313  0.1271  0.0063 -0.0003  0.2875 0 
 47.7241 -0.7762  0.2013  0.0092  0.0858  0.1248  0.3888  0.0720 -0.0003  0.0670 0 
 48.5084 -0.1786  2.6086  0.0771  0.2223  0.0443  0.5163  0.0318 -0.0003  0.3676 0 
 43.7201  0.1987 -0.5207  0.0319  0.3751  0.0964  0.3978  0.0505 -0.0003  0.2629 0 
 46.4302  0.6241 -2.9286  0.0048  0.1889  0.0667  0.3046  0.0657 -0.0003  0.1037 0 
 42.1210 -0.6194  0.1830  0.0182  0.2729  0.0311  0.3125  0.0178 -0.0003  0.1027 0 
 52.5093 -0.4376 -1.8255  0.0348  0.4035  0.1397  0.5059  0.0666 -0.0003  0.3025 0 
 43.9185  0.4526  1.2960  0.0569  0.3946  0.0305  0.2208  0.1282 -0.0003  0.3270 0 
 45.3010  0.1576  0.4238  0.1056  0.2312  0.0174  0.3941  0.0733 -0.0003  0.3403 0 
 42.4903 -0.1602 -2.7213  0.0142  0.2474  0.0164  0.4900  0.1063  0.0516  0.2293 0 
 48.9845  0.5531  0.8911  0.0364  0.2213  0.0648  0.3433  0.0128 -0.0003  0.1887 0 
 44.1505 -0.5565 -2.2386  0.0435  0.3859  0.0168  0.3968  0.0600 -0.0003  0.1864 0 
 43.6561  0.0009  0.2901  0.0069  0.5138  0.0573  0.5306  0.1323  0.1465  0.4951 0 
 42.6032  0.0046 -2.8492  0.0227  0.2614  0.0284  0.2226  0.0518 -0.0003  0.0966 0 
 42.4140  0.6836  0.7563  0.0102  0.7176  0.0174  0.1783  0.0300 -0.0003  0.1360 0 
 33.3227 -0.6896 -2.4075  0.0080  0.5374  0.0362  0.3334  0.1729 -0.0003  0.3126 0 
 45.7862  0.3391 -1.2027  0.1534  0.3954  0.1014  0.3930  0.0380 -0.0003  0.5957 0 
 38.6816 -0.3781  1.9652  0.0056  0.3422  0.0067  0.3198  0.1148  0.1158  0.2307 0 
 47.6539 -0.4726  1.7793  0.0909  0.4592  0.1493  0.6051  0.0845 -0.0003  0.5235 0 
 45.9663  0.3917 -1.3699  0.0546  0.7248  0.0835  0.8289  0.0120 -0.0003  0.3963 0 
 44.9256  0.4095  0.0587  0.0628  0.7284  0.0369  0.2195  0.0926 -0.0003  0.4568 0 
 38.4039 -0.4020 -3.1005  0.1297  0.2215  0.0248  0.4120  0.0734  0.0475  0.5931 0 
 37.9065 -0.6967 -2.6153  0.0251  0.7225  0.0310  0.3216  0.0274  0.1443  0.4934 1 
 30.3807  0.7313  0.4607  0.0766  0.6488  0.0379  0.4403  0.0178 -0.0003  0.5311 1 
 56.6171 -0.7647  0.6708  0.0001  0.2241  0.0578  0.2896  0.0278 -0.0003  0.0983 0 
 45.4292  0.7788 -2.4697  0.0585  0.1682  0.0228  0.1751  0.0696 -0.0003  0.1179 0 
 45.6855  0.7528  0.5726  0.0580  0.0344  0.0238  0.2622  0.1264 -0.0003  0.0899 0 
 43.1037 -0.7501 -2.5766  0.0601  0.5552  0.0135  0.1775  0.2300 -0.0003  0.3322 0 
 53.4615 -0.2556 -2.6931  0.0943  0.2384  0.0329  0.2938  0.1082 -0.0003  0.3917 0 
 50.6081  0.2356  0.4482  0.0512  0.1285  0.0377  0.4681  0.0706 -0.0003  0.1912 0 
 42.3377 -0.6806 -1.4399  0.0225  0.2904  0.0194  0.0892  0.0169 -0.0003  0.1501 0 
 22.7878  0.7024  1.7389  0.0115  0.1063  0.0598  0.4273  0.0939 -0.0003  0.1042 0 
 49.5369 -0.7231 -2.8592  0.0228  0.1619  0.0675  0.2995  0.0204 -0.0003  0.1165 0 
 42.6245  0.7206  0.2931  0.0652  0.2479  0.0531  0.4450  0.0638 -0.0003  0.3577 0 
 40.6073 -0.6833  2.4478  0.0902  0.8167  0.0381  0.2705  0.1094 -0.0003  0.6774 0 
 37.1099  0.6854 -0.7514  0.0146  0.3031  0.0414  0.3235  0.0103 -0.0003  0.1412 0 
 52.3507 -0.5714 -1.0537  0.0000  0.3851  0.0510  0.2531  0.1500 -0.0003  0.2681 0 
 45.4383  0.5841  2.0590  0.0742  0.1693  0.0320  0.1313  0.0808 -0.0003  0.2216 0 
 54.0444 -0.0206  0.0506  0.3062  0.6702  0.0726  0.5860  0.5397 -0.0003  0.9975 1 
 48.4474 -0.0040 -3.1108  0.5826  0.6966  0.0525  0.6025  0.5432  0.0886  0.9975 1 
 41.7304  0.4559  3.0423  0.5291  0.6418  0.0430  0.4476  0.4096 -0.0003  0.9959 1 
 41.2207 -0.4512 -0.1502  0.0580  0.3311  0.1119  0.4490  0.1183  0.3707  0.8011 1 
 37.2778  0.3852 -0.4332  0.3234  0.5444  0.0117  0.4154  0.4288 -0.0003  0.9900 1 
 26.5476 -0.3343  2.7467  0.5888  0.0941  0.0445  0.1528  0.2945  0.5124  0.9981 1 
 49.6010 -0.6646  2.5566  0.0008  0.4882  0.1976  0.5133  0.0485 -0.0003  0.2364 0 
 46.9123  0.6606 -0.5414  0.0051  0.2457  0.0224  0.2170  0.0190 -0.0003  0.0621 0 
 50.5318  0.2887  0.5723  0.0967  0.6449  0.2188  0.6812  0.0274 -0.0003  0.4977 0 
 43.4485 -0.2688 -2.5863  0.0274  0.1792  0.0785  0.3542  0.0225 -0.0003  0.1415 0 
 51.6030  0.1224 -2.3041  0.0066  0.4617  0.0084  0.1270  0.0390 -0.0003  0.1062 0 
 49.0059 -0.1295  0.8348  0.0480  0.0922  0.0378  0.4720  0.0872 -0.0003  0.1642 0 
 51.5846 -0.5407  2.6781  0.0028  0.3024  0.1268  0.6352  0.1955 -0.0003  0.3368 0 
 50.2876  0.5416 -0.4315  0.0133  0.2779  0.0567  0.3410  0.0836 -0.0003  0.1694 0 
 55.4055  0.1189  1.9661  0.0000  0.1007  0.0221  0.1248  0.0522 -0.0003  0.0486 0 
 45.9480 -0.1077 -1.1535  0.0082  0.2762  0.0373  0.2618  0.0148 -0.0003  0.1024 0 
 44.1993 -0.2469 -0.9855  0.0010  0.3605  0.0744  0.2204  0.1193  0.3721  0.6764 1 
 40.4547  0.2537  2.1453  0.0052  0.5799  0.0345  0.2708  0.0900  0.2846  0.7204 1 
 43.9216  0.7820 -1.0133  0.1088  0.2853  0.1816  0.3532  0.0516 -0.0003  0.4762 0 
 36.1975 -0.7978  2.1322  0.0424  0.4031  0.0139  0.2792  0.0601 -0.0003  0.1269 0 
 49.1585  0.5796 -2.3566  0.0407  0.2413  0.0283  0.4287  0.0336 -0.0003  0.1743 0 
 48.3986 -0.5811  0.7697  0.0121  0.5028  0.0440  0.4735  0.0689 -0.0003  0.2177 0 
 47.1290 -0.2717 -1.4790  0.0237  0.2627  0.0482  0.2167  0.1529  0.1867  0.5574 0 
 46.5095  0.2730  1.6080  0.0044  0.2173  0.1051  0.5219  0.0335 -0.0003  0.1413 0 
 47.4037  0.0938  0.0317  0.0809  0.5398  0.0335  0.1731  0.1157 -0.0003  0.4634 0 
 46.7506 -0.1075 -3.1103  0.0854  0.0772  0.0220  0.2606  0.0075 -0.0003  0.0766 0 
 46.7231  0.7788 -2.7821  0.0467  0.1563  0.0222  0.2607  0.0588 -0.0003  0.0788 0 
 43.4150 -0.7727  0.3417  0.0259  0.1049  0.0363  0.3986  0.1422 -0.0003  0.1339 0 
 51.7067 -0.7379 -1.3656  0.0244  0.2539  0.0235  0.3386  0.1103 -0.0003  0.1253 0 
 48.8319  0.7427  1.8269  0.0712  0.0872  0.0916  0.3865  0.1585 -0.0003  0.2990 0 
 51.2795  0.2142  1.7534  0.0587  0.4447  0.0365  0.1696  0.0812 -0.0003  0.3260 0 
 43.8056 -0.2257 -1.3783  0.0297  0.1205  0.0509  0.3977  0.0139 -0.0003  0.1063 0 
 59.8276 -0.4328 -2.7840  0.0122  0.2479  0.1880  0.5306  0.0410 -0.0003  0.2131 0 
 44.5960  0.4322  0.3888  0.0141  0.6901  0.0181  0.1759  0.0187 -0.0003  0.1437 0 
 46.7689  0.3519 -0.4967  0.0422  0.7696  0.1242  0.5212  0.0425 -0.0003  0.3637 0 
 38.8342 -0.3054  2.6492  0.0153  0.5008  0.1147  0.5020  0.0240 -0.0003  0.2231 0 
 48.2795 -0.7353 -1.0974  0.0129  0.4862  0.0935  0.1723  0.0716 -0.0003  0.3846 0 
 44.5502  0.7395  2.0324  0.1771  0.4529  0.0312  0.4839  0.1954 -0.0003  0.8879 0 
 53.6294 -0.7520  0.7828  0.0099  0.0634  0.0315  0.1258  0.0276 -0.0003  0.0599 0 
 41.5015  0.7616 -2.3771  0.0195  0.4325  0.0288  0.4482  0.0700  0.2118  0.5398 0 
 48.1056 -0.3155  2.7790  0.2921  0.2895  0.1402  0.5174  0.1513 -0.0003  0.9324 0 
 32.3705  0.3171 -0.3380  0.0981  0.1996  0.0075  0.2882  0.0505 -0.0003  0.1348 0 
 53.8338  0.2870 -0.3343  0.0851  0.7419  0.0643  0.4609  0.1406 -0.0003  0.7735 1 
 18.5794 -0.1706 -3.1211  0.0280  0.0701  0.2767  0.2857  0.1014  0.4605  0.4443 1 
 48.2185 -0.3686  1.6791  0.0157  0.3700  0.1211  0.4309  0.0226 -0.0003  0.1990 0 
 46.3874  0.3583 -1.4686  0.0215  0.0768  0.0934  0.3482  0.1158 -0.0003  0.1035 0 
 51.4565  0.4507 -0.5487  0.0322  0.1782  0.1061  0.0424  0.0118 -0.0003  0.3050 0 
 46.7964 -0.4594  2.5325  0.0223  0.2295  0.0559  0.3040  0.0540 -0.0003  0.1482 0 
 44.8768 -0.4156 -0.5078  0.2491  0.2226  0.0203  0.5268  0.5131  0.0851  0.9929 1 
 38.6969  0.4052  2.6499  0.1499  0.3622  0.0161  0.1827  0.0936 -0.0003  0.3864 1 
 44.5991  0.4338 -1.4931  0.4503  0.5145  0.2186  0.3518  0.4811 -0.0003  0.9989 1 
 44.0040 -0.5132  1.6286  0.3066  0.4701  0.1040  0.4413  0.2657 -0.0003  0.9910 1 
 48.0903  0.2919 -1.4957  0.0291  0.6358  0.0248  0.3449 -0.0002  0.2054  0.6122 0 
 39.8535 -0.2780  1.6651  0.0317  0.2777  0.1078  0.4531  0.0934 -0.0003  0.2932 0 
 50.4921  0.4077  1.9573  0.0364  0.4410  0.0685  0.3832  0.0754 -0.0003  0.3411 0 
 37.0336 -0.4297 -1.1790  0.0233  0.2914  0.0164  0.2774  0.0401 -0.0003  0.0744 0 
 45.9419 -0.7804 -0.6943  0.0000  0.0787  0.0460  0.1309 -0.0001 -0.0003  0.0846 0 
 34.8211  0.7888  2.5658  0.0445  0.1040  0.1567  0.4233  0.0414  0.2696  0.3032 0 
 58.8724 -0.0256  1.5247  0.1237  0.4634  0.2560  0.7376  0.0082 -0.0003  0.6049 0 
 48.8258 -0.0014 -1.6311  0.0000  0.2357  0.0101  0.0859 -0.0200 -0.0003  0.1237 0 
 46.6255 -0.5915 -2.5241  0.1748  0.3518  0.0594  0.6520  0.2454 -0.0003  0.9486 1 
 43.1342  0.5834  0.5970  0.5662  0.4461  0.0488  0.4436  0.6539 -0.0003  0.9982 1 
 39.2706  0.0306  1.0226  0.1045  0.1154  0.0340  0.4095  0.0811 -0.0003  0.2874 1 
 35.4192  0.0012 -2.1525  0.6013  0.1854  0.0293  0.2809  0.4213  0.3805  0.9993 1 
 47.6417 -0.4728 -2.8240  0.0016  0.2447  0.0440  0.2161  0.0408 -0.0003  0.0911 0 
 43.9063  0.4904  0.3141  0.0638  0.6197  0.0268  0.3533  0.0864 -0.0003  0.4182 0 
 49.0791  0.7291  0.6775  0.0115  0.2000  0.0799  0.6005  0.0491 -0.0003  0.1835 0 
 40.4120 -0.7302 -2.4316  0.0942  0.3755  0.0141  0.2257  0.0986  0.0899  0.4839 0 
 49.6223  0.7703 -1.9047  0.1732  0.0877  0.0059  0.1711  0.2487 -0.0003  0.3784 0 
 40.4669 -0.7839  1.2639  0.0491  0.3467  0.0134  0.1805  0.0903 -0.0003  0.1459 0 
 48.8624 -0.4622 -1.4118  0.0128  0.5638  0.0632  0.3864  0.1099 -0.0003  0.3044 0 
 46.3050  0.5121  1.7885  0.0217  0.0285  0.1172  0.5225  0.0485 -0.0003  0.0702 0 
 48.7770 -0.6247  3.0413  0.3666  0.2652  0.0434  0.3866  0.3525 -0.0003  0.9894 1 
 47.9530  0.6556 -0.1579  0.0187  0.4330  0.0694  0.6041  0.1478 -0.0003  0.3512 1 
 52.5948 -0.6505  2.8412  0.0291  0.2578  0.0335  0.2950  0.0329 -0.0003  0.1191 0 
 35.1385  0.6417 -0.1925  0.0004  0.1584  0.0828  0.3754  0.0345 -0.0003  0.0853 0 
 47.4830  0.2732 -0.3144  0.0582  0.1949  0.0254  0.1730  0.0569 -0.0003  0.1346 0 
 44.6082 -0.2599  2.8437  0.0612  0.2767  0.0584  0.2638  0.0275 -0.0003  0.3077 0 
 41.7548 -0.0859 -0.4693  0.4526  0.4480  0.0839  0.4027  0.4232  0.3426  0.9996 1 
 39.1577  0.1344  2.7029  0.2000  0.3242  0.0518  0.2732  0.2138 -0.0003  0.8951 1 
 56.5164  0.5687  2.1424  0.0463  0.6292  0.0707  0.2070  0.0648 -0.0003  0.5511 0 
 47.9805 -0.5195 -1.0274  0.0023  0.1913  0.0926  0.3883  0.0360 -0.0003  0.1023 0 
 47.6448  0.0896  0.9109  0.0155  0.4230  0.2105  0.4322  0.0306 -0.0003  0.2462 0 
 45.7801 -0.0666 -2.2609  0.0439  0.7950  0.0287  0.3057  0.0715 -0.0003  0.3193 0 
 46.1494  0.4641 -2.2234  0.0040  0.1159  0.0199  0.1743  0.1590 -0.0003  0.0863 0 
 45.8564 -0.4856  0.9169  0.0228  0.1045  0.1032  0.3492  0.0740 -0.0003  0.0953 0 
 54.2458 -0.7436  1.2739  0.0239  0.3128  0.0517  0.2509  0.0372 -0.0003  0.1952 0 
 46.9581  0.7460 -1.8689  0.0699  0.0945  0.0393  0.3037  0.0381 -0.0003  0.1066 0 
 43.1342  0.3782  0.6345  0.0207  0.4934  0.0229  0.1775  0.0098  0.2510  0.7856 0 
 37.9065 -0.4152 -2.5157  0.0710  0.1796  0.0175  0.4135  0.1301 -0.0003  0.2741 0 
 50.2266 -0.5058  2.7833  0.1884  0.7248  0.0266  0.4690  0.1039 -0.0003  0.8240 0 
 35.6970  0.4876 -0.3628  0.0293  0.3651  0.0531  0.3270  0.0999 -0.0003  0.3005 0 
 58.1765  0.3131 -2.8681  0.0117  0.3023  0.0804  0.4932  0.0270 -0.0003  0.1754 0 
 43.9887 -0.3041  0.2556  0.0526  0.6760  0.0179  0.2648  0.1097 -0.0003  0.2835 0 
 52.8389  0.0812  2.9466  0.0090  0.1949  0.2423  0.6314  0.1631 -0.0003  0.3970 0 
 44.2115 -0.0083 -0.1703  0.0253  0.2001  0.0999  0.4407  0.0294 -0.0003  0.1646 0 
 46.9306  0.0088 -1.3766  0.0656  0.3243  0.0389  0.3037  0.1031 -0.0003  0.3833 0 
 43.3875  0.0097  1.7509  0.0290  0.4522  0.0250  0.2658  0.0054 -0.0003  0.1762 0 
 46.1585  0.5542  1.9002  0.0044  0.2717  0.1236  0.4358 -0.0200  0.1058  0.1798 0 
 42.6337 -0.5794 -1.2208  0.1667  0.2277  0.0944  0.4895  0.0339 -0.0003  0.5504 0 
 43.9826  0.3984 -1.7622  0.0315  0.2409  0.0912  0.5296  0.1337 -0.0003  0.3467 0 
 43.1037 -0.3903  1.3602  0.0052  0.2293  0.0215  0.2662  0.0507 -0.0003  0.0502 0 
 53.5134 -0.7937  0.9217  0.0186  0.5982  0.0307  0.3777  0.0441 -0.0003  0.1913 0 
 51.9265  0.8021 -2.1711  0.0742  0.5905  0.0242  0.2537  0.0381 -0.0003  0.3235 0 
 47.8035  0.7864 -1.4191  0.0584  0.1991  0.0244  0.4319  0.1404 -0.0003  0.3001 0 
 43.5065 -0.7824  1.7334  0.0745  0.5421  0.0085  0.1771  0.0615 -0.0003  0.2072 0 
 53.1167  0.7713 -1.1014  0.0716  0.1629  0.0372  0.4624  0.0870 -0.0003  0.3051 0 
 43.9185 -0.7727  2.0899  0.0083  0.4633  0.1238  0.5298  0.0290 -0.0003  0.2121 0 
 46.0670  0.3164  0.2808  0.7507  0.6457  0.0386  0.6104  0.7637 -0.0003  0.9981 1 
 45.3437 -0.3332 -2.8587  0.0213  0.4480  0.0467  0.5692  0.0660 -0.0003  0.2775 1 
 51.4748 -0.7600  1.4716  0.0043  0.0682  0.0463  0.3390  0.0439 -0.0003  0.0600 0 
 48.6275  0.7646 -1.6901  0.0319  0.2206  0.0208  0.2150  0.0469 -0.0003  0.0788 0 
 47.2724  0.6523 -2.2619  0.0112  0.4964  0.1020  0.3898  0.1402 -0.0003  0.3208 0 
 45.6764 -0.6495  0.8539  0.0217  0.0742  0.0358  0.1311  0.0362 -0.0003  0.0662 0 
 44.4739  0.7322  0.8715  0.0324  0.4000  0.0466  0.3521  0.0270 -0.0003  0.2479 0 
 39.3988 -0.7205 -2.2535  0.0080  0.5006  0.0100  0.3637  0.0604 -0.0003  0.0838 0 
 44.8432  0.5665  0.5443  0.0449  0.1729  0.0202  0.2634  0.0134 -0.0003  0.0779 0 
 44.5380 -0.5438 -2.5599  0.0160  0.0551  0.0781  0.1320  0.0013 -0.0003  0.1043 0 
 46.3111  0.0117 -0.6111  0.0296  0.2300  0.0250  0.5225  0.0103 -0.0003  0.1742 0 
 41.3550 -0.0058  2.5109  0.0133  0.0736  0.0868  0.3141  0.0186 -0.0003  0.0682 0 
 46.2440 -0.1226 -1.3389  0.0199  0.7343  0.0337  0.1307  0.0704 -0.0003  0.2181 0 
 39.5605  0.1228  1.8598  0.0453  0.2277  0.1111  0.4995  0.0554 -0.0003  0.2955 0 
 44.0833 -0.6635  1.9411  0.2185  0.2788  0.2128  0.4411  0.2326  1.0219  0.9978 1 
 36.8475  0.6479 -1.3082  0.0864  0.2853  0.0297  0.1389  0.1058  0.2690  0.8847 1 
 55.2407 -0.7946 -0.6423  0.0757  0.6851  0.0266  0.2498  0.0902 -0.0003  0.4178 0 
 43.8697  0.7862  2.4745  0.0465  0.2315  0.0256  0.5300  0.1152 -0.0003  0.3214 0 
 51.4900  0.4054 -2.6524  0.0524  0.3689  0.1289  0.4661  0.0206  0.0896  0.4336 0 
 45.3071 -0.4040  0.4839  0.0302  0.4740  0.0440  0.2190  0.0809 -0.0003  0.2883 0 
 48.7007  0.4759  2.1863  0.2235  0.1939  0.0485  0.3438  0.2867 -0.0003  0.9254 0 
 40.8789 -0.4726 -0.9388  0.1641  0.3737  0.0301  0.2700  0.3791 -0.0003  0.9011 0 
 48.7984 -0.7739 -0.5091  0.0566  0.6398  0.0954  0.3436  0.0424 -0.0003  0.3898 1 
 48.0751  0.7446  2.6060  0.0286  0.1780  0.0275  0.2587  0.0331 -0.0003  0.0698 1 
 47.2786  0.7226 -1.0570  0.0268  0.6015  0.0733  0.5197  0.0435 -0.0003  0.2732 0 
 46.6072 -0.7467  2.0991  0.0435  0.5684  0.0049  0.3478  0.1918 -0.0003  0.2549 0 
 44.3488  0.2042  2.6410  0.0056  0.0819  0.1070  0.3963  0.1374  0.2089  0.2264 0 
 44.0772 -0.1550 -0.5098  0.0143  0.0833  0.0356  0.4411  0.2341  0.1423  0.3415 0 
 40.9857 -0.6995 -1.1800  0.1107  0.3239  0.0457  0.2699  0.0955 -0.0003  0.5739 1 
 40.0214  0.7071  2.0077  0.0729  0.6250  0.0217  0.4526  0.1965 -0.0003  0.6849 1 
 45.8656  0.1995 -3.0390  0.0367  0.1958  0.1229  0.0437  0.0096 -0.0003  0.3242 0 
 38.6145 -0.1553  0.1573  0.0020  0.0573  0.0104  0.2286  0.1710 -0.0003  0.0634 0 
 47.0466  0.3506  0.1521  0.3911  0.6108  0.0313  0.5637  0.5986  0.0532  0.9978 1 
 38.3398 -0.3311 -3.0045  0.3370  0.4521  0.0467  0.4122  0.3929  0.3209  0.9995 1 
 46.4363 -0.5963  0.8299  0.0092  0.1450  0.0346  0.4351  0.0417 -0.0003  0.0795 0 
 39.6796  0.5830 -2.2737  0.0416  0.5640  0.0399  0.3176  0.1216 -0.0003  0.4389 0 
 55.8511  0.2166 -3.0978  0.0096  0.2562  0.0403  0.4567  0.0770 -0.0003  0.1425 0 
 46.5217 -0.2204  0.0186  0.0348  0.1908  0.1122  0.7393  0.1103 -0.0003  0.4437 0 
 44.1901 -0.4604 -2.3228  0.0300  0.1821  0.0384  0.4408  0.0391 -0.0003  0.1421 0 
 44.1596  0.4576  0.8252  0.0389  0.5796  0.0151  0.3527  0.0101 -0.0003  0.1873 0 
 50.8278 -0.6302 -0.3314  0.0376  0.4596  0.1944  0.5526  0.0079 -0.0003  0.2882 0 
 43.5828  0.6219  2.8105  0.0073  0.3110  0.0206  0.3097  0.0612 -0.0003  0.0675 0 
 46.2348  0.5943  0.9395  0.0726  0.2820  0.0594  0.5227  0.1375 -0.0003  0.5592 0 
 38.1781 -0.5969 -2.2074  0.0883  0.3029  0.0078  0.1376  0.0837 -0.0003  0.1700 0 
 55.1980 -0.3132 -3.1388  0.1295  0.5090  0.0360  0.2498  0.1061 -0.0003  0.6719 0 
 42.8443  0.3449 -0.0016  0.0255  0.4330  0.1346  0.5333  0.0253 -0.0003  0.2523 0 
 46.3661 -0.0456  1.2979  0.2655  0.3783  0.1164  0.2612  0.2110 -0.0003  0.9743 1 
 44.4831  0.0585 -1.8352  0.3843  0.0981  0.0644  0.3520  0.4033 -0.0003  0.9871 1 
 41.3001  0.6306 -2.5005  0.0043  0.3568  0.0757  0.4039  0.0059 -0.0003  0.1590 0 
 39.3347 -0.6486  0.6121  0.0168  0.6618  0.0389  0.5912  0.0165 -0.0003  0.2366 0 
 41.5442  0.3704 -2.1137  0.1322  0.4204  0.0392  0.4481  0.1773 -0.0003  0.8223 1 
 33.4569 -0.3644  1.0539  0.3374  0.2201  0.0731  0.4282  0.2094 -0.0003  0.9676 1 
 48.3223  0.1457  0.6230  0.1546  0.4174  0.0408  0.4306  0.0626 -0.0003  0.6592 1 
 48.0262 -0.1246 -2.4829  0.7831  0.5092  0.0325  0.4745  1.0546  0.1216  0.9992 1 
 48.2856  0.1896  2.6338  0.1691  0.6925  0.0160  0.3876  0.1483 -0.0003  0.7699 0 
 45.5299 -0.1685 -0.4772  0.0016  0.2599  0.0351  0.3499  0.0794 -0.0003  0.0823 0 
 42.1149 -0.3261 -1.8951  0.3541  0.7149  0.0432  0.4018  0.4251  0.2353  0.9973 1 
 35.9503  0.3371  1.2142  0.4307  0.5667  0.0369  0.4196  0.2814 -0.0003  0.9853 1 
 39.8962  0.7649  0.0960  0.0308  0.3300  0.0266  0.2718  0.0270 -0.0003  0.1280 0 
 33.7163 -0.7674 -3.0506  0.0363  0.2974  0.0170  0.3323  0.1638 -0.0003  0.2129 0 
 47.6478 -0.7001 -1.0744  0.0329  0.4476  0.0645  0.4754  0.0832 -0.0003  0.3318 0 
 39.4629  0.7046  2.0554  0.0335  0.4629  0.0076  0.1817  0.0161 -0.0003  0.1148 0 
 51.0597 -0.7161  0.3688  0.0713  0.4294  0.1540  0.8068  0.0969 -0.0003  0.6345 0 
 48.3589  0.7350 -2.7728  0.0812  0.3048  0.0761  0.3014  0.0208 -0.0003  0.4094 0 
 44.5502  0.1994 -1.2680  0.4682  0.4033  0.0811  0.4839  0.3159 -0.0003  0.9926 1 
 31.6075 -0.1964  1.9080  0.3797  0.6557  0.0400  0.5803  0.3251 -0.0003  0.9849 1 
 37.9980  0.4516  1.0246  0.1703  0.5863  0.0565  0.7346  0.1522 -0.0003  0.9233 1 
 28.0949 -0.4074 -2.0113  0.0784  0.4076  0.1012  0.5507  0.0504  0.4226  0.8204 1 
 45.3193 -0.6247 -2.3684  0.0065  0.3503  0.0289  0.0876  0.0060 -0.0003  0.2121 0 
 42.4140  0.6251  0.7988  0.0387  0.4289  0.0427  0.3119  0.1496  0.0720  0.5768 0 
 30.7744 -0.1472 -2.5860  0.1568  0.2988  0.0667  0.3411  0.1207  0.5095  0.9972 1 
 27.9698  0.0496  0.6063  0.3912  0.3019  0.0360  0.3008  0.4313 -0.0003  0.9942 1 
 46.1677  0.3765 -0.4992  0.0360  0.3008  0.2938  0.5229  0.0334 -0.0003  0.3146 0 
 44.3488 -0.3853  2.6238  0.0199  0.0720  0.0254  0.2202  0.1780 -0.0003  0.1058 0 
 45.3986  0.6668  0.7582  0.0007  0.6418  0.1277  0.5252  0.0721 -0.0003  0.2560 0 
 43.9551 -0.6477 -2.3866  0.0412  0.4904  0.0334  0.3973  0.0723 -0.0003  0.3220 0 
 46.7781  0.7491  3.0934  0.0051  0.7060  0.1095  0.4343  0.0932 -0.0003  0.2967 0 
 45.6519 -0.7204 -0.0723  0.0163  0.6563  0.0779  0.4370  0.0161 -0.0003  0.2262 0 
 50.8705  0.0261 -1.7889  0.0013  0.4931  0.0634  0.2550  0.0152  0.1986  0.4333 0 
 49.1737 -0.0377  1.3843  0.1070  0.3719  0.1021  0.2572  0.1406 -0.0003  0.7486 0 
 45.7862 -0.7568  0.8044  0.0280  0.6510  0.0812  0.3494  0.0574 -0.0003  0.3182 0 
 34.3725  0.7479 -2.3617  0.0093  0.2610  0.1259  0.4249  0.0842 -0.0003  0.1856 0 
 47.0893  0.2395  0.1698  0.5324  0.4897  0.0726  0.3035  0.3714 -0.0003  0.9967 1 
 44.7211 -0.2287 -2.9835  0.0495  0.3966  0.0401  0.3955  0.0738 -0.0003  0.3546 1 
 51.5724 -0.7349 -2.5324  0.0135  0.6225  0.0214  0.3388  0.0475 -0.0003  0.1314 0 
 43.5401  0.7349  0.6003  0.0023  0.5402  0.0194  0.1770  0.0331 -0.0003  0.1177 0 
 54.5663 -0.6372  2.8282  0.0061  0.0705  0.2114  0.3758  0.0632  0.1841  0.1170 0 
 51.1147  0.6435 -0.3490  0.0667  0.4036  0.0280  0.3396  0.0794 -0.0003  0.3410 0 
 58.5214 -0.7733  1.3432  0.0094  0.1982  0.2760  0.2873  0.0058 -0.0003  0.1668 0 
 45.2003  0.7664 -1.8183  0.0006  0.1894  0.0189  0.2191  0.0355 -0.0003  0.0421 0 
 44.0162  0.0417 -2.8632  0.0349  0.2046  0.0336  0.3530  0.0709 -0.0003  0.1350 1 
 42.8565 -0.0242  0.2712  0.2245  0.4331  0.0350  0.2667  0.1824 -0.0003  0.8478 1 
 52.5887  0.3792  2.0851  0.0996  0.1153  0.0581  0.2529  0.1021 -0.0003  0.2923 0 
 51.8410 -0.3269 -1.0921  0.0228  0.2024  0.0600  0.2115  0.0251 -0.0003  0.1479 0 
 52.2072  0.0650 -1.3222  0.0859  0.3591  0.0318  0.0845  0.0080 -0.0003  0.3585 0 
 39.8779 -0.0673  1.7907  0.0418  0.0755  0.0319  0.3171  0.1109 -0.0003  0.0969 0 
 50.7485  0.0579  2.5812  0.0368  0.5336  0.1131  0.7655  0.2996 -0.0003  0.8069 0 
 46.8727 -0.0565 -0.5520  0.0337  0.5219  0.1119  0.6945  0.0721 -0.0003  0.3527 0 
 48.9967  0.1025 -0.1995  0.0235  0.4145  0.1997  0.6007  0.0341 -0.0003  0.2849 0 
 45.5390 -0.1237  2.9504  0.0422  0.2445  0.0847  0.3936  0.0099 -0.0003  0.2246 0 
 44.1688 -0.6277 -2.1710  0.0034  0.0704  0.0455  0.2645  0.0576 -0.0003  0.0566 0 
 36.4965  0.6239  0.9672  0.0012  0.6332  0.0184  0.3714  0.1004 -0.0003  0.1228 0 
 45.8106  0.6007 -0.6064  0.0026  0.2123  0.1322  0.4803 -0.0200 -0.0003  0.1363 0 
 43.1006 -0.6162  2.5510  0.0165  0.5394  0.0603  0.4881  0.1340 -0.0003  0.3350 0 
 46.9581 -0.1044 -1.6362  0.0440  0.2980  0.1160  0.3905  0.1537 -0.0003  0.4533 0 
 44.6845  0.0876  1.5373  0.0717  0.4907  0.0335  0.5274  0.0396 -0.0003  0.4916 0 
 45.8015  0.5085  1.5304  0.0332  0.0971  0.0415  0.3057  0.0027 -0.0003  0.0815 0 
 37.4609 -0.5264 -1.6040  0.0145  0.1749  0.0754  0.4609  0.1237 -0.0003  0.1823 0 
 43.7201  0.5434 -2.9832  0.0315  0.2552  0.0724  0.3978  0.0185 -0.0003  0.2023 0 
 42.6886 -0.5126  0.1240  0.0174  0.3205  0.0389  0.5783  0.0552  0.0798  0.3284 0 
 45.1789  0.5801 -1.8483  0.0548  0.3838  0.1667  0.7012  0.0449 -0.0003  0.4179 0 
 44.3763 -0.5695  1.3070  0.0158  0.3244  0.0172  0.3963  0.0445 -0.0003  0.0890 0 
 49.5583  0.5395 -2.1189  0.0035  0.5851  0.0521  0.3423  0.0269 -0.0003  0.1896 0 
 33.4264 -0.5645  0.9002  0.1216  0.2484  0.1455  0.5711  0.0751 -0.0003  0.5688 0 
 51.2337 -0.1460  0.8838  0.1286  0.5204  0.0883  0.4667  0.1778 -0.0003  0.8660 1 
 44.2084  0.1332 -2.2791  0.2901  0.4069  0.1255  0.5730  0.4554 -0.0003  0.9979 1 
 45.2888 -0.3564 -2.9079  0.0039  0.3249  0.0296  0.2628  0.0211 -0.0003  0.0878 0 
 38.2635  0.3435  0.2492  0.0469  0.4992  0.0240  0.3666  0.0662 -0.0003  0.2629 0 
 45.6947  0.0479 -1.4072  0.0538  0.4931  0.0216  0.4369  0.2108 -0.0003  0.5560 0 
 45.6153 -0.0383  1.7475  0.0271  0.5994  0.0202  0.3060  0.0552 -0.0003  0.1552 0 
 46.6499  0.6406 -0.8272  0.0127  0.6193  0.0717  0.5650  0.0087 -0.0003  0.2160 0 
 40.4059 -0.6350  2.3580  0.0080  0.1551  0.0170  0.1806  0.0578 -0.0003  0.0446 0 
 46.7414 -0.4327  3.0171  0.0431  0.1332  0.0826  0.3475  0.0053 -0.0003  0.1345 0 
 38.4222  0.4383 -0.1524  0.0135  0.2942  0.0608  0.2746  0.0169  0.1535  0.3208 0 
 49.7414 -0.0158  2.6309  0.0137  0.2830  0.1061  0.5129  0.0389 -0.0003  0.1911 0 
 48.9174  0.0157 -0.5431  0.0414  0.3362  0.0500  0.1288  0.0311 -0.0003  0.3221 0 
 49.2317  0.4558 -2.9522  0.0135  0.3091  0.0261  0.3857  0.0829 -0.0003  0.1128 0 
 48.1208 -0.4759  0.2133  0.0092  0.5690  0.1262  0.3880  0.0163 -0.0003  0.2183 0 
 61.1612 -0.2805  1.4440  0.0287  0.7656  0.0853  0.4060  0.1198 -0.0003  0.4523 0 
 44.9775  0.2920 -1.6992  0.0619  0.6900  0.0654  0.4826  0.2708  0.2516  0.9155 0 
 47.5624  0.7520  2.4243  0.0197  0.5201  0.0662  0.5189  0.0237 -0.0003  0.2251 0 
 43.6683 -0.7622 -0.7239  0.0115  0.5278  0.0392  0.3538  0.2429 -0.0003  0.4956 0 
 48.4291 -0.6482 -1.4155  0.0035  0.3559  0.0545  0.3874  0.0246  0.0744  0.2191 0 
 45.5085  0.6383  1.6967  0.0743  0.0344  0.0173  0.1750  0.0231 -0.0003  0.0486 0 
 44.2573  0.5913  2.4843  0.0051  0.0396  0.1218  0.1322  0.0145 -0.0003  0.0800 0 
 41.7273 -0.5799 -0.6570  0.0072  0.0934  0.0271  0.2686  0.0301 -0.0003  0.0436 0 
 44.4709  0.7280  3.1071  0.0038  0.3321  0.0208  0.3521  0.1238 -0.0003  0.1002 0 
 40.6775 -0.7228 -0.0579  0.0756  0.5413  0.0111  0.3605  0.1196 -0.0003  0.3484 0 
 44.9073  0.4856 -2.2173  0.1741  0.7210  0.0394  0.4390  0.0961 -0.0003  0.8543 1 
 44.8463 -0.5297  0.9052  0.7371  0.6586  0.0410  0.5269  0.8035  0.1248  0.9986 1 
 46.8421 -0.6558  2.1191  0.0204  0.1130  0.0693  0.3039  0.0560 -0.0003  0.0924 0 
 45.7160  0.6554 -0.9897  0.0244  0.3539  0.0206  0.2184  0.0103 -0.0003  0.1195 0 
 41.3489 -0.6032 -2.0875  0.3398  0.5646  0.0265  0.2692  0.4147 -0.0003  0.9919 0 
 32.1965  0.6017  1.0496  0.2207  0.2433  0.0180  0.1443  0.2463  0.1020  0.8355 0 
 48.0537 -0.2981 -1.0354  0.0118  0.0434  0.0455  0.3019  0.0223 -0.0003  0.0620 0 
 44.0894  0.3034  2.0944  0.0117  0.4963  0.0681  0.6175  0.0140 -0.0003  0.2106 0 
 49.5613  0.0532  2.0893  0.2912  0.5256  0.0827  0.6846  0.2951 -0.0003  0.9929 1 
 44.6235 -0.0361 -1.0706  0.1592  0.7971  0.0198  0.5716  0.0889 -0.0003  0.8270 1 
 42.9541  0.6337  1.2072  0.0135  0.0503  0.1085  0.3997  0.0617 -0.0003  0.0601 0 
 31.6655 -0.6515 -1.8926  0.1640  0.5570  0.0871  0.4350  0.1854  0.1864  0.9369 0 
 49.7749 -0.0625  2.3485  0.0264  0.1975  0.0309  0.1282  0.1558 -0.0003  0.2458 0 
 45.6794  0.0210 -0.7294  0.0566  0.4319  0.1016  0.3933  0.0451  0.0532  0.4456 0 
 50.0587  0.4895  1.1143  0.0212  0.1904  0.0601  0.5121  0.1491 -0.0003  0.2542 0 
 47.5135 -0.5093 -2.0436  0.1087  0.6988  0.0821  0.6488  0.1058 -0.0003  0.7433 0 
 52.9885  0.0479 -1.1932  0.0080  0.5278  0.0559  0.2524  0.0054 -0.0003  0.2533 0 
 48.7373 -0.0588  1.9622  0.0212  0.4926  0.0670  0.2578  0.0208 -0.0003  0.2833 0 
 46.8421  0.6409  2.6825  0.0587  0.4593  0.0095  0.1736  0.0482 -0.0003  0.1480 0 
 34.9187 -0.6563 -0.5066  0.0275  0.2114  0.0811  0.1880  0.0568 -0.0003  0.2278 0 
 51.2551 -0.0885  1.6690  0.0077  0.2506  0.0554  0.1697  0.0018 -0.0003  0.1772 0 
 47.1015  0.0665 -1.4818  0.0244  0.0986  0.0370  0.1734  0.0399 -0.0003  0.0645 0 
 45.6977 -0.7037 -3.1223  0.0482  0.1707  0.0130  0.2184  0.0400 -0.0003  0.0639 0 
 44.5441  0.7420  0.0063  0.0549  0.6134  0.0883  0.3079  0.0173 -0.0003  0.3560 0 
 47.7241  0.7570 -0.2480  0.0456  0.2169  0.1429  0.3888  0.0388 -0.0003  0.2378 0 
 43.8270 -0.7511  2.9041  0.0132  0.2746  0.0229  0.1325  0.0041 -0.0003  0.1261 0 
 45.5024  0.3752  1.9979  0.0006  0.5582  0.0460  0.4812  0.1153 -0.0003  0.2245 0 
 44.0345 -0.3653 -1.1553  0.0021  0.1939  0.1395  0.4412  0.0200 -0.0003  0.1199 0 
 45.3376 -0.2185  0.1067  0.1959  0.8291  0.0829  0.6130  0.1866 -0.0003  0.9597 1 
 30.7012  0.2312 -3.0044  0.7749  0.7729  0.0769  0.2926  0.3530  0.4700  0.9981 1 
 37.7569 -0.2067  2.5632  0.0071  0.0642  0.0221  0.0920  0.0049 -0.0003  0.0659 0 
 36.6308  0.1745 -0.5449  0.0268  0.0968  0.0497  0.4638  0.0908 -0.0003  0.1323 0 
 46.8513 -0.5478  1.6311  0.0445  0.7662  0.0548  0.4341  0.0668 -0.0003  0.4400 1 
 44.7272  0.5470 -1.5231  0.3725  0.2790  0.0323  0.3515  0.2297 -0.0003  0.9521 1 
 62.6474 -0.6662 -1.4240  0.0249  0.1969  0.3599  0.4440  0.0811 -0.0003  0.3014 0 
 40.8026  0.6905  1.7315  0.0050  0.2954  0.0389  0.4053  0.0016 -0.0003  0.1263 0 
 47.3701  0.6648 -0.2427  0.2903  0.5975  0.0484  0.3030  0.4746 -0.0003  0.9943 1 
 39.9756 -0.6712  2.8851  0.2858  0.5049  0.0322  0.4075  0.4118  0.2859  0.9988 1 
 44.3977  0.4302 -0.5710  0.1040  0.4892  0.0793  0.3522  0.1890 -0.0003  0.8351 1 
 41.5656 -0.4325  2.5915  0.3995  0.8701  0.0272  0.5825  0.5064 -0.0003  0.9955 1 
 40.3601  0.2479 -2.3918  0.0702  0.1707  0.0466  0.2258  0.1494 -0.0003  0.3722 0 
 36.0876 -0.2164  0.7940  0.0352  0.2736  0.1170  0.3260  0.1182 -0.0003  0.3506 0 
 47.4220  0.7289  2.4894  0.1299  0.5433  0.0602  0.4327  0.3361 -0.0003  0.9557 1 
 47.0954 -0.7278 -0.6455  0.1507  0.5209  0.0197  0.3468  0.1586 -0.0003  0.6975 1 
 46.5309 -0.1774 -2.9469  0.0167  0.2297  0.0382  0.3914  0.0790 -0.0003  0.1268 0 
 31.2840  0.1964  0.1641  0.0406  0.4742  0.0503  0.1455  0.0446 -0.0003  0.3735 0 
 46.6773  0.0466  1.8209  0.0231  0.4624  0.1210  0.4345  0.0805 -0.0003  0.2774 0 
 45.7008 -0.0500 -1.3078  0.0025  0.2585  0.0692  0.4369  0.0239 -0.0003  0.1301 0 
 45.8259 -0.7802  1.7901  0.0176  0.7110  0.0183  0.3930  0.1470 -0.0003  0.2452 0 
 39.8688  0.7792 -1.3787  0.0884  0.2375  0.0867  0.3172  0.0591  0.1689  0.6305 0 
 49.3599 -0.7706 -0.9427  0.0021  0.6663  0.0257  0.3426  0.1282 -0.0003  0.1759 0 
 43.5431  0.7693  2.2583  0.0319  0.1683  0.0102  0.0885  0.0027 -0.0003  0.0849 0 
 51.6335 -0.7047 -0.0734  0.0158  0.4669  0.0457  0.3388  0.0800 -0.0003  0.2247 0 
 40.8392  0.7149  3.0822  0.0044  0.2034  0.0373  0.2251  0.0206 -0.0003  0.0724 0 
 47.7638  0.1874  1.8518  0.0047  0.3331  0.0290  0.3456  0.0364 -0.0003  0.0856 0 
 39.2218 -0.1875 -1.2593  0.0999  0.1674  0.0268  0.2731  0.0114 -0.0003  0.2012 0 
 51.6030  0.7700 -1.2115  0.0267  0.4257  0.0512  0.2541  0.0340 -0.0003  0.2626 0 
 44.7181 -0.7598  1.9508  0.1008  0.2146  0.1127  0.6152  0.1205 -0.0003  0.6719 0 
 49.1188  0.2486 -0.6394  0.0616  0.6042  0.0445  0.2573  0.0609 -0.0003  0.4901 0 
 49.0791 -0.2365  2.5145  0.1624  0.2889  0.0323  0.3003  0.2246  0.2723  0.9843 0 
 47.9713 -0.1458  2.2738  0.0191  0.2970  0.0151  0.3883  0.1237 -0.0003  0.1236 0 
 45.0782  0.1414 -0.8873  0.0173  0.1891  0.0182  0.2193  0.0766 -0.0003  0.0586 0 
 55.1278  0.4354  2.4102  0.0299  0.4734  0.0892  0.2082  0.0158 -0.0003  0.3132 0 
 45.3590 -0.4372 -0.7560  0.0121  0.5052  0.0357  0.2189  0.0218 -0.0003  0.1892 0 
 48.6885  0.4386  2.2114  0.0056  0.2924  0.0349  0.4728  0.1024 -0.0003  0.1541 0 
 38.8525 -0.4363 -0.9227  0.1096  0.4077  0.0313  0.5019  0.0316 -0.0003  0.5468 0 
 46.6590 -0.7862 -1.8853  0.0494  0.4511  0.0939  0.4346  0.0446 -0.0003  0.3280 0 
 43.8697  0.7801  1.3139  0.0072  0.6932  0.0129  0.1767  0.0150 -0.0003  0.1255 0 
 48.0385  0.6051  2.2734  0.0383  0.2773  0.0287  0.3450  0.0316 -0.0003  0.1469 0 
 46.4546 -0.6102 -0.8712  0.0110  0.0425  0.0382  0.0870  0.0374 -0.0003  0.0751 0 
 46.7536  0.0483  1.1884  0.0117  0.5784  0.1327  0.6081  0.0252 -0.0003  0.2452 0 
 43.7720 -0.0166 -1.9601  0.0064  0.4531  0.0601  0.1326  0.0082 -0.0003  0.3399 0 
 48.4596  0.0674 -2.1505  0.0035  0.1992  0.0257  0.2582  0.0909 -0.0003  0.0583 0 
 41.1353 -0.0547  1.0108  0.0633  0.1700  0.0843  0.4493  0.1396 -0.0003  0.4146 0 
 49.7932  0.7690 -2.0057  0.0028  0.3374  0.0154  0.2564  0.0801 -0.0003  0.0687 0 
 45.3407 -0.7607  1.1123  0.0243  0.1312  0.0647  0.2627  0.1439 -0.0003  0.1809 0 
 48.5634  0.5874  2.9997  0.0179  0.4535  0.0796  0.4301  0.2045  0.5886  0.9738 1 
 43.8270 -0.5960 -0.1480  0.2682  0.8574  0.0410  0.7068  0.1823 -0.0003  0.9491 1 
 46.0670 -0.1998  2.5257  0.0471  0.2704  0.0313  0.4796  0.0505 -0.0003  0.2642 0 
 40.0549  0.1860 -0.6247  0.0306  0.2561  0.0505  0.2263  0.0258 -0.0003  0.1828 0 
 52.7443  0.1599 -0.4818  0.0295  0.2180  0.0112  0.2106  0.0369  0.1391  0.3314 0 
 42.8748 -0.1717  2.6737  0.0847  0.1340  0.0496  0.2222  0.1452 -0.0003  0.3626 0 
 50.4219  0.6543  1.6474  0.1619  0.4560  0.0300  0.1278  0.0641 -0.0003  0.5679 0 
 48.9967 -0.6527 -1.4743  0.0942  0.2109  0.0757  0.3433  0.2095 -0.0003  0.6801 0 
 46.5888 -0.0253 -1.9761  0.2613  0.2301  0.1138  0.5217  0.3469 -0.0003  0.9910 1 
 41.3703  0.0685  1.1271  0.5578  0.6536  0.0352  0.3589  0.5607 -0.0003  0.9979 1 
 34.1863 -0.4980 -1.4638  0.2725  0.2130  0.0862  0.3310  0.1528  0.5296  0.9987 1 
 30.0908  0.4764  1.8264  0.3014  0.3545  0.0362  0.2943  0.3203  0.3907  0.9993 1 
 46.3203 -0.5716 -0.9041  0.0001  0.2239  0.1116  0.3483  0.1039 -0.0003  0.1423 0 
 42.7405  0.5774  2.2726  0.0195  0.2109  0.0533  0.2224  0.0272 -0.0003  0.1296 0 
 42.3346 -0.6281 -0.9093  0.0476  0.7502  0.0778  0.4013  0.0599 -0.0003  0.4195 0 
 38.3459  0.6443  2.3465  0.0448  0.8854  0.0409  0.5496  0.0666  0.1721  0.6391 0 
 53.0739 -0.4288 -3.0587  0.0488  0.2248  0.1255  0.5886  0.0224 -0.0003  0.3138 0 
 44.6754  0.4491  0.0703  0.0352  0.3982  0.0098  0.0879  0.0084 -0.0003  0.1453 0 
 47.1992 -0.7732  2.9803  0.0031  0.1587  0.0873  0.4333  0.0056 -0.0003  0.0956 0 
 46.4088  0.7937 -0.1763  0.0334  0.6749  0.0402  0.2611  0.0629 -0.0003  0.3185 0 
 49.5827 -0.6262 -0.9994  0.0326  0.6868  0.0288  0.2995  0.0663 -0.0003  0.2384 0 
 45.5604  0.6076  2.1237  0.0075  0.1578  0.0562  0.3935  0.1953 -0.0003  0.1904 0 
 43.5187 -0.5671 -2.1548  0.0101  0.1003  0.0738  0.3098  0.1288 -0.0003  0.1117 0 
 38.0285  0.5265  1.0435  0.2513  0.3053  0.1452  0.5508  0.1998 -0.0003  0.9527 0 
 49.2348  0.2359  2.3680  0.3635  0.6522  0.0820  0.4286  0.5396 -0.0003  0.9978 1 
 37.5036 -0.1718 -0.7621  0.0086  0.5149  0.1900  0.6911  0.2430  0.6005  0.9496 1 
 49.0242 -0.1720 -2.4505  0.0423  0.5261  0.0361  0.0858  0.0394 -0.0003  0.2787 0 
 45.7465  0.1499  0.7006  0.0486  0.4486  0.0293  0.5679  0.2947  0.1557  0.8641 0 
 48.1331 -0.6802 -1.5198  0.1411  0.6386  0.2184  0.8622  0.0215 -0.0003  0.6695 0 
 44.5960  0.6738  1.5959  0.0036  0.4617  0.0398  0.3958  0.0488 -0.0003  0.1449 0 
 48.5969 -0.3353  1.0855  0.0136  0.2507  0.1198  0.3010  0.0091 -0.0003  0.1533 0 
 45.1698  0.3249 -2.0590  0.0033  0.1740  0.0315  0.3068  0.0152 -0.0003  0.0575 0 
 47.3396  0.2096  2.0421  0.0623  0.1259  0.0655  0.5195  0.0406  0.1125  0.3645 0 
 40.4669 -0.2080 -1.1159  0.0043  0.3175  0.0199  0.2708  0.0272 -0.0003  0.0644 0 
 54.9538 -0.6497 -2.2838  0.0391  0.3687  0.0383  0.2501  0.0123 -0.0003  0.2359 0 
 47.8279  0.6499  0.8586  0.0010  0.3266  0.0703  0.2591  0.0167 -0.0003  0.1745 0 
 48.0171 -0.4018 -2.8526  0.0301  0.2947  0.0362  0.3019  0.1146 -0.0003  0.2111 0 
 46.8452  0.3939  0.2899  0.0019  0.5733  0.0311  0.3907  0.0571 -0.0003  0.1337 0 
 50.2693  0.3915  2.6597  0.3583  0.2142  0.0541  0.4263  0.5780 -0.0003  0.9973 1 
 40.8331 -0.4178 -0.4875  0.3631  0.6632  0.0226  0.2701  0.6386  0.0933  0.9978 1 
 52.7047 -0.3746  1.4390  0.0093  0.2700  0.0147  0.0842 -0.0001 -0.0003  0.1350 0 
 43.6530  0.3797 -1.7174  0.0873  0.1554  0.0262  0.3538  0.0992 -0.0003  0.2569 0 
 56.1837  0.3372 -1.9326  0.0266  0.4700  0.1426  0.5389  0.0424 -0.0003  0.2689 0 
 42.1149 -0.3119  1.2243  0.0232  0.4888  0.0378  0.3572  0.0276 -0.0003  0.2142 0 
 44.0345  0.4540 -0.5708  0.0632  0.3786  0.0615  0.1765  0.0372 -0.0003  0.4490 0 
 31.1284 -0.4158  2.5200  0.0834  0.4068  0.1132  0.1943  0.0400  0.1300  0.6838 0 
 45.8473  0.7264 -0.4770  0.4453  0.4567  0.0653  0.3929  0.6776 -0.0003  0.9984 1 
 37.2473 -0.7298  2.7210  0.0248  0.3419  0.0500  0.6001  0.1375 -0.0003  0.3638 1 
 50.1869  0.4761  1.8912  0.0137  0.3094  0.0633  0.3412  0.0294  0.2193  0.3990 0 
 39.5697 -0.4492 -1.2444  0.1183  0.6584  0.0241  0.3178  0.1619 -0.0003  0.7008 0 
 46.8238  0.7586 -2.2972  0.0556  0.1380  0.0799  0.2605  0.0717 -0.0003  0.1978 0 
 42.0905 -0.7364  0.8608  0.0314  0.5917  0.0229  0.3126  0.0832 -0.0003  0.1971 0 
 47.6173 -0.7354  3.0489  0.0090  0.1572  0.0363  0.5620  0.0112 -0.0003  0.1205 0 
 42.2034  0.7531 -0.0277  0.0654  0.2882  0.1629  0.5801  0.0433 -0.0003  0.3933 0 
 57.9538 -0.0280 -3.0679  0.0840  0.1094  0.0593  0.2057  0.0533  0.2404  0.5541 0 
 47.3701  0.0282  0.0563  0.0281  0.3799  0.0807  0.1731  0.0598 -0.0003  0.3831 0 
 37.6989  0.7788  2.7635  0.1075  0.8198  0.0296  0.6901  0.2755 -0.0003  0.9211 0 
 36.2554 -0.7381 -0.4324  0.1401  0.3508  0.0846  0.2325  0.1508  0.1325  0.8838 0 
 48.7922 -0.0154 -1.3695  0.0302  0.2943  0.0383  0.3007  0.0648 -0.0003  0.1644 0 
 44.8798  0.0429  1.7546  0.0316  0.3586  0.0185  0.4390  0.0207 -0.0003  0.1665 0 
 42.5177 -0.6803  2.2292  0.1766  0.6306  0.0794  0.6235  0.3209 -0.0003  0.9798 1 
 42.4262  0.7082 -0.8829  0.0378  0.4806  0.0146  0.2674  0.0262  0.1761  0.4912 1 
 46.6072 -0.6545 -0.4872  0.0128  0.1646  0.0470  0.5216  0.0278 -0.0003  0.1285 0 
 42.2217  0.6443  2.6522  0.0270  0.0947  0.0256  0.1785  0.0087 -0.0003  0.0574 0 
 46.5278 -0.7958  0.3304  0.1079  0.5820  0.0581  0.7393  0.1187  0.1590  0.8878 1 
 40.6531  0.7688 -2.8219  0.0479  0.2669  0.0264  0.4057  0.1401 -0.0003  0.3010 1 
 49.3599 -0.7059 -2.0464  0.0049  0.3839  0.0389  0.5568  0.0744 -0.0003  0.1932 0 
 49.1310  0.7002  1.0840  0.0177  0.1920  0.0826  0.3002  0.0468 -0.0003  0.1353 0 
 47.0924  0.0580  2.9913  0.0764  0.1068  0.1546  0.3902  0.0744 -0.0003  0.2516 0 
 40.4700 -0.0521 -0.1695  0.1403  0.1219  0.0172  0.4061  0.1481 -0.0003  0.4719 0 
 47.4922  0.4570  0.8887  0.0630  0.2504  0.0130  0.2596  0.1262 -0.0003  0.1823 0 
 44.2573 -0.4617 -2.2546  0.0925  0.0437  0.0210  0.2644  0.2045 -0.0003  0.1983 0 
 49.5125 -0.5838 -2.4651  0.0096  0.1780  0.1365  0.5563  0.0507 -0.0003  0.1645 0 
 38.3948  0.6033  0.6996  0.0020  0.2736  0.0232  0.2747  0.0615  0.1058  0.2100 0 
 50.3090 -0.7626  3.0603  0.0473  0.5045  0.0186  0.2557  0.0606 -0.0003  0.1744 0 
 46.3722  0.7699 -0.0750  0.0451  0.3526  0.0270  0.3047  0.0860  0.1320  0.5112 0 
 47.0191  0.6905  0.8682  0.0010  0.2420  0.0371  0.3036  0.0550 -0.0003  0.0699 0 
 37.0733 -0.6850 -2.2767  0.0312  0.5581  0.0457  0.1849  0.0861 -0.0003  0.3396 0 
 51.4656  0.1911  2.2459  0.1710  0.3130  0.0255  0.3814  0.1332 -0.0003  0.6901 0 
 42.0478 -0.1774 -0.8897  0.0820  0.0978  0.0555  0.3573  0.1501 -0.0003  0.2969 0 
 50.5104  0.4463  1.3275  0.2678  0.5563  0.0566  0.2981  0.3417 -0.0003  0.9870 1 
 45.8625 -0.4884 -1.8398  0.1122  0.2835  0.0653  0.4802  0.0552 -0.0003  0.5131 1 
 48.1758 -0.1422 -2.2984  0.0648  0.4161  0.0189  0.3017  0.0081 -0.0003  0.2302 0 
 47.6204  0.1468  0.8475  0.0099  0.4135  0.0616  0.3891  0.0291 -0.0003  0.1820 0 
 49.3568  0.1499 -0.8695  0.0153  0.3014  0.0599  0.2570  0.2026 -0.0003  0.4144 0 
 40.2960 -0.1628  2.2845  0.0397  0.3725  0.0407  0.4518  0.0440 -0.0003  0.2890 0 
 47.5257 -0.8018 -0.4988  0.0057  0.1658  0.0229  0.3892  0.0417 -0.0003  0.0539 0 
 41.6236  0.7940  2.6296  0.0162  0.0124  0.1923  0.1344  0.0078 -0.0003  0.0477 0 
 46.5766  0.4120 -0.8452  0.0021  0.1381  0.0415  0.2609  0.0644 -0.0003  0.0578 0 
 44.4862 -0.3999  2.2910  0.0750  0.5304  0.0279  0.4840  0.1144  0.1729  0.7456 0 
 44.4831 -0.5545  0.4649  0.0545  0.4383  0.0634  0.3520  0.1476 -0.0003  0.5797 1 
 40.0366  0.5330 -2.7009  0.2980  0.4272  0.0907  0.2715  0.1684  0.6533  0.9994 1 
 53.1868 -0.5590  3.0759  0.2497  0.1010  0.3720  0.3782  0.2858  0.0521  0.9766 1 
 46.9123  0.5365 -0.1080  0.2978  0.4312  0.0506  0.2604  0.2758 -0.0003  0.9731 1 
 50.2571 -0.0602 -2.0448  0.0152  0.4901  0.0526  0.1705  0.0103 -0.0003  0.3201 0 
 46.5675  0.0888  1.0780  0.0693  0.4060  0.0721  0.3478  0.0875 -0.0003  0.5137 0 
 47.6722  0.2300  2.3327  0.0023  0.3019  0.1177  0.6915  0.0126 -0.0003  0.2049 0 
 43.9765 -0.2247 -0.8237  0.0150  0.3940  0.0207  0.3089  0.0450 -0.0003  0.0938 0 
 47.7333 -0.0408  0.1440  0.1082  0.3616  0.0310  0.1296  0.0231 -0.0003  0.3963 0 
 46.6194  0.0634 -3.0042  0.0477  0.3893  0.0814  0.2173  0.0458 -0.0003  0.4117 0 
 48.5817 -0.7677  0.3283  0.0075  0.1946  0.0831  0.5591  0.0272 -0.0003  0.1448 0 
 39.1821  0.7836 -2.8217  0.0282  0.1727  0.0291  0.2732  0.0197 -0.0003  0.0739 0 
 49.8360  0.5287  1.5579  0.0392  0.4645  0.1301  0.5554  0.0335 -0.0003  0.2960 0 
 41.7090 -0.5305 -1.5397  0.0234  0.3535  0.1089  0.1790  0.0123 -0.0003  0.2696 0 
 45.7557 -0.5876  1.3954  0.0187  0.3791  0.0310  0.2621  0.0555  0.0763  0.2808 0 
 44.5747  0.5856 -1.7343  0.0033  0.5964  0.0281  0.0879  0.0067 -0.0003  0.2310 0 
 44.3214 -0.5397  3.0078  0.0045  0.4170  0.0259  0.2202  0.0129 -0.0003  0.1200 0 
 42.7436  0.5382 -0.1319  0.0634  0.5205  0.0233  0.1334  0.0822 -0.0003  0.2470 0 
 48.4504  0.0724 -1.3459  0.0144  0.5716  0.0265  0.1721  0.1224 -0.0003  0.1836 0 
 46.6468 -0.0746  1.7976  0.0107  0.1042  0.1134  0.6084  0.0179 -0.0003  0.1195 0 
 45.7710 -0.6915  1.4599  0.0172  0.2210  0.0468  0.3057  0.0604 -0.0003  0.1142 0 
 44.8829  0.6919 -1.6731  0.0024  0.5228  0.0154  0.3073  0.0742 -0.0003  0.0903 0 
 46.9886  0.4714  0.3487  0.0091  0.3202  0.0273  0.3470  0.1585 -0.0003  0.1719 0 
 46.2379 -0.4748 -2.7983  0.0161  0.1127  0.0223  0.1742  0.1229 -0.0003  0.0737 0 
 46.6651 -0.8002 -1.1662  0.0739  0.4067  0.0463  0.4780  0.0738 -0.0003  0.5051 1 
 23.6484  0.7966  1.8789  0.0448  0.7303  0.0311  0.4223  0.1234  0.1718  0.6553 1 
 41.4679 -0.0885 -1.9026  0.0522  0.5790  0.0516  0.3138  0.1393 -0.0003  0.6168 1 
 37.9187  0.0629  1.2754  0.7330  0.5858  0.0298  0.4134  0.8453 -0.0003  0.9984 1 
 48.1636 -0.0796 -2.4447  0.5072  0.6851  0.0352  0.3448  0.3714 -0.0003  0.9961 1 
 46.8635  0.1009  0.7666  0.1835  0.3458  0.1151  0.6511  0.2028 -0.0003  0.9398 1 
 50.4494 -0.0331 -0.5965  0.0346  0.2115  0.1444  0.5963  0.1767 -0.0003  0.4754 0 
 44.8981 -0.0039  2.5861  0.3044  0.7494  0.0186  0.2634  0.2574 -0.0003  0.9653 0 
 47.2694 -0.3106 -0.0642  0.0059  0.0721  0.0170  0.6497  0.0963 -0.0003  0.1275 0 
 45.8106  0.3103  3.0823  0.0012  0.6991  0.0463  0.2620  0.0154 -0.0003  0.2365 0 
 46.9642 -0.0578 -1.4068  0.0103  0.4723  0.3096  0.2603  0.0141 -0.0003  0.2209 0 
 44.5228  0.0198  1.7444  0.0064  0.2009  0.0384  0.1320  0.0053 -0.0003  0.1152 0 
 45.7618  0.6230 -1.1190  0.0616  0.2898  0.0547  0.3931  0.1059 -0.0003  0.4260 0 
 39.6796 -0.6018  2.0132  0.0475  0.2804  0.0506  0.4991  0.0891 -0.0003  0.3632 0 
 41.6999 -0.6361 -2.8673  0.0583  0.2951  0.2994  0.4477  0.0964 -0.0003  0.4300 0 
 40.2472  0.5941  0.2671  0.0046  0.2971  0.0696  0.2712  0.0803 -0.0003  0.1792 0 
 48.0446  0.4827 -2.8153  0.7728  0.5466  0.0579  0.6038  0.5213  0.1905  0.9975 1 
 36.5850 -0.4864  0.3337  0.0139  0.2727  0.0308  0.2320  0.0253  0.1493  0.3539 1 
 43.5737  0.6536  2.6405  0.0806  0.7231  0.0551  0.5752  0.0894  0.0707  0.7241 1 
 37.5097 -0.6702 -0.5057  0.2724  0.3325  0.0365  0.1843  0.1497  0.1368  0.8876 1 
 42.0996 -0.2060  0.6923  0.5026  0.5344  0.0446  0.4019  0.6890 -0.0003  0.9983 1 
 40.4059  0.1992 -2.4362  0.0159  0.2145  0.0255  0.4515  0.0218 -0.0003  0.1005 1 
 46.9184  0.6563 -1.4969  0.0435  0.1097  0.0932  0.2604  0.1043 -0.0003  0.1718 0 
 45.8106 -0.6499  1.6783  0.0443  0.2776  0.0466  0.1746  0.0142 -0.0003  0.2564 0 
 45.8747  0.5651  1.2035  0.0005  0.1108  0.1345  0.3929  0.2132 -0.0003  0.1477 0 
 39.2432 -0.5895 -1.9089  0.0194  0.1041  0.0149  0.3641  0.0126 -0.0003  0.0476 0 
 46.3539 -0.2800 -0.5401  0.0079  0.3368  0.1191  0.5659  0.0357 -0.0003  0.2025 0 
 42.7710  0.2574  2.6006  0.0084  0.4610  0.0378  0.4002  0.0203 -0.0003  0.1623 0 
 44.4678 -0.0371  1.7324  0.0028  0.1813  0.0888  0.3961  0.0107 -0.0003  0.1009 0 
 40.8240  0.0070 -1.3704  0.0039  0.3900  0.1036  0.3602  0.1589 -0.0003  0.2951 0 
 50.2358  0.1512 -2.2297  0.0647  0.5321  0.0702  0.4690  0.0259 -0.0003  0.3917 0 
 41.1475 -0.1588  0.8907  0.1085  0.6415  0.0722  0.2246  0.0364 -0.0003  0.7399 0 
 46.7750  0.5908 -0.3220  0.0212  0.0883  0.0173  0.3040  0.0054 -0.0003  0.0459 0 
 43.1495 -0.5954  2.8117  0.0764  0.5347  0.0158  0.4879  0.1071  0.2268  0.8331 0 
 46.2165  0.2616  0.8895  0.3006  0.1106  0.0451  0.2178  0.3572 -0.0003  0.9493 0 
 41.4893 -0.2529 -2.2589  0.0155  0.4706  0.0392  0.3138  0.0119  0.3605  0.9400 0 
 46.2623 -0.7785 -2.5248  0.0360  0.4276  0.1404  0.3049  0.0042 -0.0003  0.2440 0 
 42.4964  0.7782  0.6208  0.0169  0.2175  0.1247  0.2672  0.0922 -0.0003  0.2027 0 
 45.8350  0.7083 -1.1524  0.0449  0.2752  0.0123  0.2619  0.0355 -0.0003  0.0905 0 
 43.4150 -0.7129  2.0221  0.0063  0.1371  0.0194  0.2214  0.0287 -0.0003  0.0401 0 
 43.9124  0.4705  1.2847  0.2723  0.4762  0.0267  0.3974  0.1304 -0.0003  0.7756 1 
 30.3868 -0.4783 -1.8810  0.4266  0.3893  0.0364  0.2446  0.2960  0.4165  0.9992 1 
 42.6520  0.7756 -2.2757  0.2000  0.1221  0.0920  0.2670  0.1463 -0.0003  0.7301 0 
 37.5494 -0.7761  0.8862  0.0118  0.5551  0.0123  0.2303  0.1341 -0.0003  0.1396 0 
 47.8431 -0.4837  2.5518  0.0781  0.0927  0.0365  0.2591  0.1274 -0.0003  0.1860 0 
 42.5818  0.4968 -0.6444  0.0328  0.3825  0.0172  0.2226  0.1722  0.0479  0.2939 0 
 49.7597  0.4870 -0.3673  0.0130  0.2067  0.0577  0.5129  0.0206 -0.0003  0.1488 0 
 35.5383 -0.4949  2.7591  0.0581  0.1601  0.0175  0.2339  0.1325 -0.0003  0.1602 0 
 45.6642  0.1398  1.8042  0.4893  0.2863  0.1053  0.4370  0.3156 -0.0003  0.9952 1 
 38.0011 -0.1649 -1.3774  0.0499  0.2705  0.0510  0.4591  0.0460  0.1818  0.5095 1 
 47.0100 -0.6685 -2.9547  0.0552  0.3678  0.0203  0.2168  0.0755 -0.0003  0.1738 0 
 41.4466  0.6730  0.1730  0.0279  0.7139  0.0083  0.3587  0.2243 -0.0003  0.2952 0 
 46.2928 -0.7622 -0.4930  0.0780  0.6455  0.1024  0.5225  0.0115 -0.0003  0.3981 0 
 38.0011  0.7690  2.6818  0.0374  0.1986  0.2159  0.2754  0.0599 -0.0003  0.2512 0 
 48.1544  0.5834  2.0258  0.0426  0.4373  0.0710  0.5172  0.0201 -0.0003  0.3043 0 
 40.8453 -0.5620 -1.0960  0.0203  0.2732  0.0525  0.4502  0.0302 -0.0003  0.1796 0 
 44.9531 -0.1963 -1.6023  0.0316  0.4569  0.0209  0.1317  0.0312 -0.0003  0.1565 0 
 43.8483  0.2073  1.5288  0.0614  0.3071  0.0355  0.2650  0.0849 -0.0003  0.2864 0 
 41.2940  0.0633 -1.7426  0.0168  0.5742  0.0922  0.3142  0.0804 -0.0003  0.3044 0 
 40.3326 -0.0410  1.4183  0.0219  0.0712  0.0255  0.1807  0.0174 -0.0003  0.0510 0 
 53.6446 -0.5194  2.7622  0.0196  0.5373  0.3462  0.3774  0.0284 -0.0003  0.2467 0 
 45.9449  0.5137 -0.3325  0.0235  0.1629  0.1288  0.1745  0.0244 -0.0003  0.1467 0 
 49.5277 -0.3409  1.5864  0.0967  0.4414  0.1074  0.7275  0.1955  0.1798  0.9263 1 
 44.7242  0.3248 -1.5331  0.6186  0.5210  0.0243  0.3955  0.7890 -0.0003  0.9984 1 
 45.9846 -0.5744 -0.5627  0.0051  0.1939  0.0269  0.1309  0.0928 -0.0003  0.0927 0 
 37.6440  0.5352  2.5483  0.0567  0.3630  0.1717  0.5063  0.0424  0.3936  0.6425 0 
 47.1992  0.2932  0.0781  0.0066  0.4367  0.0718  0.4333  0.0993 -0.0003  0.2202 0 
 46.6621 -0.2927 -3.0357  0.0909  0.4362  0.1743  0.3042  0.0313 -0.0003  0.4541 0 
 46.3355  0.7269  2.4445  0.0207  0.0938  0.0713  0.3918  0.0580 -0.0003  0.0926 0 
 41.9074 -0.7225 -0.7107  0.0193  0.2734  0.0180  0.0894  0.0025 -0.0003  0.1521 0 
 52.4758 -0.0632  3.1219  0.6932  0.2558  0.0543  0.4217  0.6806 -0.0003  0.9972 1 
 42.2553  0.0802  0.0002  0.0758  0.5611  0.0278  0.2677  0.0615  0.0858  0.5766 1 
 55.2346 -0.1663 -2.4809  0.0313  0.2572  0.0212  0.2498  0.0875 -0.0003  0.1086 0 
 48.2338  0.1653  0.6628  0.0061  0.2542  0.0304  0.2585  0.0064 -0.0003  0.0825 0 
 49.0364  0.2619 -2.4229  0.0768  0.1992  0.0948  0.3003  0.0825 -0.0003  0.3922 0 
 45.5451 -0.2566  0.7107  0.0073  0.4382  0.0304  0.4373  0.0251 -0.0003  0.1431 0 
 37.9461 -0.5527 -0.4455  0.3883  0.2477  0.0696  0.5511  0.2060  0.3609  0.9995 1 
 22.4277  0.6014  2.7336  0.2786  0.3677  0.0160  0.2148  0.1545  0.2197  0.9541 1 
 45.9724 -0.0207  0.0119  0.0485  0.1909  0.0237  0.2181  0.0073 -0.0003  0.1040 0 
 37.1069 -0.0206 -3.1298  0.0154  0.5508  0.0303  0.1848  0.0766 -0.0003  0.1709 0 
 47.3304  0.6517 -0.4840  0.0012  0.7394  0.0112  0.3463  0.1334 -0.0003  0.1447 0 
 42.1241 -0.6425  2.6358  0.0017  0.4347  0.0444  0.1786  0.0511 -0.0003  0.1863 0 
 48.8136 -0.7877 -1.1009  0.0479  0.5620  0.1126  0.3436  0.0196 -0.0003  0.3052 0 
 44.5808  0.7946  2.0375  0.0078  0.2345  0.0276  0.3079  0.0134 -0.0003  0.0692 0 
 62.7085  0.5535 -2.2239  0.0131  0.1229  0.0691  0.2825  0.0125 -0.0003  0.0876 0 
 48.4657 -0.5565  0.9419  0.0113  0.0843  0.1039  0.2152  0.0589 -0.0003  0.0807 0 
 39.4598 -0.7232  1.6374  0.1162  0.5284  0.0539  0.4090  0.1258 -0.0003  0.7769 1 
 38.7701  0.7185 -1.5682  0.0029  0.1693  0.0389  0.4109  0.0776 -0.0003  0.0821 1 
 54.6120 -0.6540 -2.3870  0.0091  0.7790  0.1294  0.7514  0.0250 -0.0003  0.2904 0 
 43.7568  0.6522  0.8077  0.0445  0.7583  0.0496  0.7955  0.0460 -0.0003  0.4350 0 
 48.6641  0.6453  1.1015  0.0498  0.1052  0.0339  0.6448  0.0090 -0.0003  0.2289 0 
 42.5483 -0.6263 -2.0292  0.2392  0.7442  0.0145  0.4453  0.2695 -0.0003  0.9367 0 
 45.8778 -0.0005  2.0612  0.4015  0.5783  0.1085  0.4365  0.4428  0.4572  0.9998 1 
 43.3722  0.0178 -1.1261  0.8431  0.7358  0.0428  0.3987  0.8730 -0.0003  0.9983 1 
 52.4758 -0.3489  0.7831  0.0258  0.3061  0.0287  0.1687  0.0881 -0.0003  0.1573 0 
 48.3986  0.3891 -2.3634  0.0097  0.2440  0.1851  0.3014  0.0059 -0.0003  0.1650 0 
 44.8646 -0.0930  2.1504  0.0215  0.3458  0.1550  0.3512  0.0403 -0.0003  0.2306 0 
 43.7110  0.1405 -1.0165  0.0399  0.4193  0.0598  0.4863  0.0151 -0.0003  0.2927 0 
 47.2053 -0.6856  0.0975  0.0079  0.2695  0.0230  0.3899  0.1181 -0.0003  0.1046 0 
 45.4322  0.6839 -3.0274  0.0041  0.2373  0.0234  0.2188  0.0049 -0.0003  0.0682 0 
 42.5940  0.7540  2.6200  0.0472  0.6796  0.0425  0.3116  0.0942 -0.0003  0.4742 1 
 37.8546 -0.7133 -0.6792  0.0036  0.4803  0.0962  0.6434  0.0253  0.2356  0.4233 1 
 48.3864 -0.6973  0.6238  0.0020  0.6291  0.0282  0.3014  0.0477  0.0641  0.2144 0 
 36.9787  0.7091 -2.5450  0.0532  0.3692  0.0106  0.3701  0.1166 -0.0003  0.2094 0 
 42.6245 -0.3576  1.4104  0.1520  0.2616  0.0391  0.3561  0.1550  0.2107  0.9173 0 
 38.3795  0.3451 -1.7504  0.0286  0.2618  0.0301  0.3663  0.2405  0.1285  0.5889 0 
 46.2074 -0.7459 -2.9394  0.0323  0.0415  0.0291  0.4357  0.1494 -0.0003  0.1211 0 
 44.4678  0.7367  0.1974  0.0005  0.1066  0.0125  0.2640  0.0528 -0.0003  0.0323 0 
 41.8891  0.1779 -3.0514  0.0042  0.2078  0.0596  0.5366  0.0842 -0.0003  0.1554 0 
 40.4578 -0.1921  0.0853  0.0049  0.4446  0.0180  0.1805  0.0782  0.0708  0.1553 0 
 47.4983 -0.5367 -0.2579  0.2072  0.2450  0.0688  0.6921  0.3686  0.1761  0.9847 1 
 46.3874  0.5496  2.8625  0.4567  0.7798  0.0864  0.5658  0.3880 -0.0003  0.9941 1 
 46.7475  0.4280  2.0997  0.0823  0.4504  0.1064  0.2606  0.0165 -0.0003  0.4576 0 
 42.0356 -0.4407 -1.0518  0.0769  0.5737  0.0527  0.5807  0.0535 -0.0003  0.5133 0 
 46.6865  0.0903 -1.2357  0.0165  0.1620  0.0162  0.2173  0.0062  0.0705  0.1100 0 
 32.5017 -0.1379  1.8697  0.0044  0.2444  0.0652  0.4797  0.0430 -0.0003  0.1377 0 
 53.9559 -0.7965 -1.8100  0.0943  0.6719  0.0665  0.4187  0.1037 -0.0003  0.7172 1 
 44.4739  0.7841  1.3202  0.0257  0.3506  0.0332  0.2640  0.1992 -0.0003  0.3479 1 
 57.2122 -0.7344  1.8796  0.0142  0.6388  0.1897  0.4127  0.0240 -0.0003  0.2637 0 
 49.3294  0.7413 -1.3194  0.0076  0.3642  0.0382  0.2142  0.0777  0.0998  0.3426 0 
 48.3680 -0.6800  0.4724  0.0964  0.4499  0.0522  0.3875  0.1214 -0.0003  0.6822 0 
 48.2643  0.7147 -2.7583  0.1160  0.4159  0.1419  0.4308  0.1187 -0.0003  0.6569 0 
 43.3356  0.3379 -0.1952  0.0050  0.2011  0.0740  0.4874  0.0214  0.0441  0.1432 0 
 32.6940 -0.3470  2.9792  0.1843  0.6450  0.0230  0.5268  0.1785 -0.0003  0.8858 0 
 48.5725 -0.2507  0.4482  0.0834  0.5981  0.0198  0.2150  0.0248  0.3217  0.9786 1 
 41.8524  0.2163 -2.7061  0.1917  0.1906  0.0358  0.4025  0.2518  0.3191  0.9952 1 
 52.2133  0.6029  0.8458  0.0032  0.6121  0.0401  0.2955  0.0060 -0.0003  0.2032 0 
 41.8219 -0.5866 -2.2769  0.0249  0.1875  0.0274  0.4026  0.0882 -0.0003  0.1165 0 
 55.0607  0.1696  1.7065  0.0085  0.3564  0.3727  0.7083  0.1048 -0.0003  0.3886 0 
 49.9245 -0.1281 -1.5060  0.0923  0.4689  0.0223  0.2136  0.1071 -0.0003  0.3709 0 
 53.4066  0.7138  2.4924  0.0463  0.2233  0.1227  0.4198  0.0228 -0.0003  0.2348 0 
 38.5992 -0.6688 -0.6498  0.0529  0.8484  0.0780  0.3657  0.0425 -0.0003  0.4657 0 
 51.5175 -0.2102  0.8918  0.0379  0.2252  0.0222  0.2118  0.0609 -0.0003  0.0979 0 
 50.7942  0.2032 -2.2629  0.0026  0.6650  0.0261  0.2551  0.0145 -0.0003  0.1474 0 
 47.2084 -0.7104 -2.4634  0.0631  0.4283  0.0340  0.2600  0.0853 -0.0003  0.3485 0 
 32.5658  0.6932  0.6801  0.0059  0.7244  0.0219  0.3356 -0.0200  0.1343  0.3427 0 
 38.5779  0.7507 -2.2066  0.0132  0.3498  0.0472  0.3658  0.1867 -0.0003  0.3366 0 
 32.3796 -0.7544  0.9951  0.1104  0.6264  0.0621  0.4802  0.1588 -0.0003  0.8351 0 
 48.5176  0.6171 -1.3725  0.6060  0.5253  0.0762  0.5162  0.8157 -0.0003  0.9985 1 
 47.2389 -0.5965  1.7247  0.7370  0.4265  0.0696  0.6931  0.6988 -0.0003  0.9975 1 
 45.8045  0.7214  1.8220  0.0662  0.5580  0.1108  0.3930  0.1264  0.6084  0.9828 1 
 41.6175 -0.7248 -1.3310  0.1697  0.5571  0.0318  0.4927  0.3738 -0.0003  0.9686 1 
 45.7282  0.0675  1.9831  0.0279  0.6177  0.0230  0.3495  0.1080 -0.0003  0.2297 0 
 38.5046 -0.0737 -1.1627  0.0096  0.3498  0.0320  0.4575  0.0069  0.0736  0.2360 0 
 42.7039 -0.7605  0.8729  0.0067  0.0981  0.0152  0.2224  0.0147 -0.0003  0.0379 0 
 41.8524  0.7640 -2.2616  0.0003  0.1537  0.0639  0.4472  0.0237 -0.0003  0.0902 0 
 47.5380  0.5117 -2.0928  0.0645  0.6288  0.0822  0.3027 -0.0200 -0.0003  0.3224 0 
 44.1047 -0.5213  1.0568  0.0099  0.4096  0.0222  0.2205  0.0605 -0.0003  0.1030 0 
 44.5258  0.0073 -1.1508  0.0036  0.1107  0.1370  0.3519  0.0281 -0.0003  0.0649 0 
 44.0406  0.0216  1.9859  0.0086  0.1423  0.1282  0.2647  0.0923 -0.0003  0.1100 0 
 53.9437 -0.3075  0.6968  0.0488  0.3854  0.2184  0.4188  0.0744 -0.0003  0.3559 0 
 44.7089  0.3345 -2.4505  0.0351  0.1644  0.0116  0.3516  0.0295 -0.0003  0.0596 0 
 42.4994  0.2328  2.3358  0.0660  0.1422  0.0335  0.3118  0.0560 -0.0003  0.1415 0 
 34.2870 -0.2256 -0.8058  0.0122  0.1317  0.0227  0.2362  0.0215 -0.0003  0.0451 0 
 52.3140  0.0375  2.9299  0.0093  0.3177  0.0189  0.3376  0.0565 -0.0003  0.0696 0 
 47.8431 -0.0533 -0.2452  0.0221  0.2225  0.0699  0.4749  0.0108 -0.0003  0.1715 0 
 44.5319 -0.5970 -3.0152  0.0085  0.4288  0.0167  0.3959  0.0493 -0.0003  0.0917 0 
 37.1862  0.5975  0.1543  0.0609  0.1280  0.0386  0.3233  0.0484 -0.0003  0.1296 0 
 44.0711 -0.7040 -0.1750  0.0361  0.5298  0.0588  0.4852  0.0193 -0.0003  0.2838 0 
 36.1334  0.6992  2.9655  0.0274  0.3293  0.0474  0.1862  0.0355 -0.0003  0.2261 0 
 45.4261 -0.0378  2.5075  0.0095  0.1818  0.0575  0.2188  0.0070  0.3925  0.8439 0 
 40.2319  0.0359 -0.6412  0.0232  0.4134  0.0219  0.0452 -0.0200 -0.0003  0.3127 0 
 47.3640 -0.3096  3.0942  0.0228  0.4332  0.0298  0.3030  0.1840 -0.0003  0.3144 0 
 38.0255  0.3300 -0.0231  0.1243  0.2827  0.0155  0.2754  0.0894 -0.0003  0.3212 0 
 53.4798  0.3975  1.2497  0.0125  0.1791  0.0145  0.1259  0.0917 -0.0003  0.0767 0 
 36.2036 -0.3964 -1.9448  0.0089  0.1829  0.0484  0.4188  0.1092  0.0708  0.2080 0 
 48.7495  0.2213  0.5785  0.0101  0.1507  0.0629  0.4297  0.0352 -0.0003  0.1018 0 
 44.3427 -0.2046 -2.5332  0.1007  0.3189  0.1498  0.5285 -0.0200 -0.0003  0.4370 0 
 45.9052 -0.4786  1.6933  0.0050  0.5977  0.0318  0.3928  0.0247 -0.0003  0.1522 0 
 37.4762  0.4671 -1.4094  0.0154  0.3145  0.0365  0.2765  0.0295 -0.0003  0.1199 0 
 39.8901 -0.2302  0.3160  0.1863  0.3687  0.0390  0.5436  0.2376 -0.0003  0.9317 1 
 24.1123  0.3574 -2.7756  0.1339  0.6350  0.0196  0.4722  0.0778 -0.0003  0.7045 1 
 45.2125  0.3309 -1.4343  0.0056  0.1336  0.0213  0.3067  0.0057 -0.0003  0.0466 0 
 43.3448 -0.2993  1.6808  0.0426  0.5943  0.1893  0.3988  0.0165 -0.0003  0.2938 0 
 43.4760 -0.5277 -0.4282  0.0311  0.3104  0.1010  0.3984  0.0515 -0.0003  0.2437 0 
 42.2278  0.4826  2.6909  0.0289  0.2361  0.0289  0.3569  0.0370 -0.0003  0.1101 0 
 53.4127  0.4655  2.9082  0.0880  0.1946  0.0467  0.2938  0.0869 -0.0003  0.3425 0 
 46.2318 -0.4637 -0.2362  0.0070  0.2552  0.0646  0.2178  0.0189 -0.0003  0.1591 0 
 45.7832  0.0399 -2.6417  0.0171  0.1457  0.0442  0.2184  0.0049 -0.0003  0.0866 0 
 31.2108 -0.0270  0.5357  0.0267  0.5022  0.0125  0.0971  0.0123 -0.0003  0.1461 0 
 51.0079  0.4308  2.6793  0.0690  0.6119  0.0840  0.5097  0.1174  0.3198  0.8651 1 
 46.4118 -0.4327 -0.5196  0.0474  0.7981  0.0320  0.6963  0.0679 -0.0003  0.5071 1 
 46.4637  0.4828  0.7425  0.1360  0.4644  0.1791  0.7396  0.1666 -0.0003  0.8912 0 
 40.9827 -0.4907 -2.4005  0.0193  0.4164  0.0232  0.4048  0.0715 -0.0003  0.1501 0 
 46.3600  0.7548 -0.0688  0.0373  0.2230  0.0464  0.3482  0.0407  0.0785  0.2975 0 
 43.5798 -0.7497  3.1276  0.0126  0.2840  0.0514  0.3982  0.0513 -0.0003  0.1505 0 
 49.7230 -0.2864 -1.1416  0.0460  0.3709  0.0462  0.3848  0.0234 -0.0003  0.2927 0 
 48.1178  0.2903  2.0088  0.0005  0.2961  0.0340  0.3018  0.1357 -0.0003  0.1274 0 
 45.9815  0.7529 -0.6641  0.0331  0.1850  0.0688  0.3490  0.1302 -0.0003  0.2510 0 
 44.5197 -0.7545  2.4730  0.0242  0.4403  0.0145  0.4840  0.0342 -0.0003  0.1738 0 
 50.2815 -0.6679  0.0603  0.0201  0.3072  0.2421  0.2984  0.0400 -0.0003  0.2532 0 
 45.3895  0.6613 -3.0730  0.0099  0.4407  0.0247  0.3501  0.0176 -0.0003  0.1181 0 
 47.5776  0.5079  1.7304  0.0145  0.3796  0.0582  0.4324  0.3592 -0.0003  0.6473 1 
 42.1332 -0.5031 -1.3928  0.2820  0.2183  0.0774  0.2678  0.4174  0.4894  0.9995 1 
 44.5258 -0.7197  0.7623  0.0043  0.5782  0.0761  0.4399  0.0839 -0.0003  0.2235 0 
 43.7781  0.6955 -2.4306  0.0574  0.1517  0.0700  0.1767  0.0089 -0.0003  0.1969 0 
 49.1615  0.0380 -2.2491  0.0347  0.4899  0.0273  0.3430  0.0441 -0.0003  0.2044 0 
 47.9011 -0.0424  0.9156  0.0152  0.3631  0.1657  0.3453  0.2303 -0.0003  0.4849 0 
 45.6458 -0.7534  2.4593  0.0071  0.1582  0.0224  0.3496  0.0086 -0.0003  0.0530 0 
 35.6695  0.7574 -0.6704  0.0215  0.3563  0.0237  0.4205  0.0107 -0.0003  0.1489 0 
 43.4211  0.4828 -2.3037  0.0335  0.7787  0.0187  0.3100  0.0427  0.1212  0.4029 0 
 39.9359 -0.4974  0.8428  0.0619  0.2035  0.0208  0.4529  0.0624 -0.0003  0.2286 0 
 44.7639 -0.6125  2.2630  0.0363  0.1344  0.0448  0.1757  0.0051 -0.0003  0.1076 0 
 41.4191  0.6111 -0.8920  0.0397  0.4968  0.0281  0.3139  0.1048 -0.0003  0.2685 0 
 42.8260  0.2298  2.8343  0.0180  0.3378  0.0321  0.3556  0.0489 -0.0003  0.1283 0 
 42.0630 -0.2627 -0.3217  0.0300  0.1981  0.0700  0.2680  0.0203 -0.0003  0.1618 0 
 44.4739 -0.2328 -2.5497  0.1336  0.5463  0.1598  0.2640  0.1480 -0.0003  0.8701 1 
 39.9695  0.1803  0.5908  0.1094  0.6784  0.0395  0.4981  0.1105 -0.0003  0.7855 1 
 45.7923 -0.4187  1.6575  0.0009  0.7656  0.0359  0.3057  0.1656 -0.0003  0.2977 0 
 44.5350  0.4106 -1.4873  0.0313  0.1206  0.0299  0.3079  0.0214 -0.0003  0.0666 0 
 48.9570  0.5712  1.6716  0.0411  0.6460  0.0992  0.3434  0.0021 -0.0003  0.2750 0 
 46.2013 -0.5429 -1.4680  0.0259  0.3564  0.0373  0.2614  0.0132 -0.0003  0.1824 0 
 48.9357 -0.7164 -0.0293  0.0544  0.3890  0.1478  0.3434  0.0323 -0.0003  0.3207 0 
 45.5421  0.7220  3.1018  0.0310  0.4876  0.0206  0.2624  0.0621 -0.0003  0.1438 0 
 48.0201  0.2950 -1.1475  0.0227  0.2773  0.1463  0.5608  0.0070 -0.0003  0.2256 0 
 44.0955 -0.2966  1.9882  0.1518  0.2246  0.0258  0.2646  0.2419  0.0510  0.7723 0 
 44.2420  0.2104  1.8475  0.0334  0.2715  0.0230  0.2203  0.0577 -0.0003  0.1070 0 
 43.7232 -0.2107 -1.2623  0.0262  0.3342  0.0444  0.1768  0.0412 -0.0003  0.2140 0 
 48.8899  0.3749  1.4225  0.0406  0.2242  0.1182  0.7729  0.1194 -0.0003  0.5252 0 
 39.9176 -0.4174 -1.7276  0.1739  0.3205  0.0448  0.3171  0.0722 -0.0003  0.6361 0 
 49.6925 -0.0500  0.9747  0.0311  0.3535  0.2379  0.5986  0.1194  0.7946  0.9272 0 
 43.0671  0.0458 -2.1782  0.0066  0.2799  0.0124  0.0888 -0.0200 -0.0003  0.1632 0 
 47.5257  0.1721  3.0077  0.0280  0.6847  0.0341  0.2163  0.0197 -0.0003  0.2578 0 
 39.7498 -0.1924 -0.1556  0.0277  0.5102  0.0085  0.2267  0.0667 -0.0003  0.1161 0 
 45.7557 -0.7753 -0.8174  0.0139  0.3726  0.0195  0.3494  0.0246 -0.0003  0.0925 0 
 44.5899  0.7370  2.3036  0.0263  0.4646  0.1133  0.3958  0.0089 -0.0003  0.2257 0 
 45.8015 -0.3846  1.5802  0.3508  0.3647  0.1274  0.5240  0.2078 -0.0003  0.9837 1 
 37.7111  0.3657 -1.5845  0.1635  0.4547  0.0104  0.5061  0.1442 -0.0003  0.7448 1 
 48.3558  0.2830  1.4296  0.0023  0.1663  0.1700  0.3875  0.0313 -0.0003  0.1106 0 
 47.4983 -0.2818 -1.7106  0.0040  0.5444  0.0522  0.3893  0.0458 -0.0003  0.1780 0 
 44.2115  0.2478  0.7153  0.0824  0.5812  0.1380  0.5730  0.0095 -0.0003  0.3975 1 
 43.4211 -0.2576 -2.4517  0.5346  0.6522  0.0426  0.3986  0.5100 -0.0003  0.9976 1 
 44.4404 -0.1089  2.5922  0.4636  0.3190  0.0698  0.3962  0.5156 -0.0003  0.9976 1 
 42.9755  0.1419 -0.5529  0.2618  0.3935  0.0482  0.3997  0.3265 -0.0003  0.9809 1 
 50.1961 -0.5848 -0.0457  0.0080  0.7395  0.0306  0.2559  0.0068 -0.0003  0.1991 0 
 49.5247  0.5755  3.0399  0.0138  0.4841  0.0956  0.2996  0.0161 -0.0003  0.2098 0 
 48.1208  0.0176  1.0565  0.0290  0.6805  0.0769  0.3449  0.0540 -0.0003  0.3287 0 
 41.0193 -0.0038 -2.0566  0.1261  0.7035  0.0276  0.2248  0.1092 -0.0003  0.6436 0 
 45.6184 -0.8034 -1.1506  0.0098  0.6454  0.0627  0.2623  0.0120 -0.0003  0.2604 0 
 38.1506  0.7274  2.0491  0.0164  0.3057  0.2212  0.2752  0.0435 -0.0003  0.2459 0 
 45.4353 -0.6826  2.3960  0.0181  0.4728  0.0096  0.3501  0.1403  0.1615  0.4632 0 
 43.9063  0.6904 -0.7535  0.0311  0.0613  0.0300  0.2208  0.0162 -0.0003  0.0555 0 
 50.8461 -0.2135 -1.8485  0.0253  0.5575  0.0573  0.2125  0.0051 -0.0003  0.3426 1 
 47.6448  0.2159  1.2920  0.3406  0.4437  0.0665  0.2161  0.3415 -0.0003  0.9915 1 
 35.4009  0.0374 -0.0617  0.0875  0.2556  0.0097  0.4214  0.0926 -0.0003  0.2997 0 
 33.0602 -0.0647  3.0727  0.0116  0.3194  0.0529  0.4296  0.1162 -0.0003  0.2200 0 
 50.9468 -0.4404 -1.8989  0.0531  0.1526  0.1683  0.5523  0.0651 -0.0003  0.3204 0 
 43.0793  0.4442  1.2230  0.0045  0.6304  0.0155  0.2663  0.0125  0.1211  0.2305 0 
 46.4607 -0.1273  1.6225  0.0130  0.1884  0.0389  0.3915  0.0068 -0.0003  0.0982 0 
 44.4831  0.1492 -1.5162  0.0245  0.4987  0.0257  0.4840  0.0567  0.1251  0.4613 0 
 49.0669  0.6312  1.9908  0.0587  0.3108  0.0796  0.2145  0.1800 -0.0003  0.6214 0 
 46.4302 -0.6066 -1.1702  0.0547  0.2107  0.0373  0.2176  0.0493 -0.0003  0.1696 0 
 43.9734 -0.5985  2.5187  0.0055  0.2671  0.0370  0.1766  0.0025 -0.0003  0.1299 0 
 43.1525  0.6100 -0.6225  0.0072  0.5145  0.0216  0.3992  0.0102  0.1079  0.2871 0 
 48.9967  0.2912 -2.3700  0.2178  0.3104  0.0803  0.2575  0.2357 -0.0003  0.9451 1 
 46.6011 -0.2355  0.7406  0.1735  0.6326  0.0905  0.6955  0.1125 -0.0003  0.8697 1 
 56.6598 -0.6535 -1.5710  0.0034  0.0366  0.0330  0.5378  0.3107 -0.0003  0.1579 0 
 20.3281  0.6062  1.4516  0.0327  0.3633  0.0132  0.3327  0.0816 -0.0003  0.1180 0 
 48.5634 -0.6798 -1.6847  0.0226  0.7540  0.1366  0.5591  0.0770 -0.0003  0.3437 0 
 33.0175  0.6514  1.4685  0.0822  0.2453  0.0398  0.3343  0.2473 -0.0003  0.6083 0 
 50.9560  0.1160  0.0895  0.0183  0.3757  0.1212  0.4248  0.0281 -0.0003  0.2086 0 
 47.0741 -0.1470 -3.0363  0.0051  0.0751  0.2698  0.3469  0.0699 -0.0003  0.0636 0 
 48.3070 -0.7449  2.0964  0.0293  0.4220  0.0822  0.4307  0.0076 -0.0003  0.2310 0 
 45.3437  0.7359 -1.0441  0.0221  0.4967  0.0183  0.3940  0.0964 -0.0003  0.1680 0 
 53.1197 -0.3870 -2.1121  0.2385  0.4898  0.0440  0.2943  0.2213 -0.0003  0.9333 1 
 40.7568  0.3734  0.9633  0.2568  0.5637  0.0199  0.4955  0.3653 -0.0003  0.9758 1 
 46.1067 -0.2951 -0.7040  0.0352  0.4233  0.0251  0.3487  0.0264  0.0456  0.2854 0 
 45.7435  0.2945  2.4662  0.0477  0.1840  0.0768  0.4369  0.0076 -0.0003  0.2093 0 
 42.5330 -0.3996  1.0032  0.0247  0.5173  0.0528  0.3562  0.0261 -0.0003  0.2549 0 
 40.3632  0.3552 -2.1155  0.0161  0.3762  0.0389  0.2258  0.0534 -0.0003  0.1586 0 
 42.2797  0.4478 -1.4884  0.0331  0.4995  0.0207  0.2230  0.0112 -0.0003  0.1634 0 
 35.9899 -0.4272  1.6018  0.1314  0.3637  0.0479  0.3729  0.1205 -0.0003  0.7071 0 
 44.3000  0.4511  2.0653  0.0322  0.1539  0.0868  0.5286  0.0818 -0.0003  0.2275 0 
 37.5708 -0.4591 -1.0902  0.0002  0.6646  0.0209  0.2303  0.0991 -0.0003  0.1349 0 
 46.8421 -0.2787 -0.6462  0.0569  0.3647  0.1178  0.4775  0.0489 -0.0003  0.3488 0 
 45.6855  0.2908  2.4859  0.0017  0.2222  0.0379  0.2622  0.0120 -0.0003  0.0774 0 
 37.5677  0.7555  0.7833  0.3230  0.5724  0.0415  0.2763  0.4974 -0.0003  0.9952 1 
 30.8171 -0.7336 -2.3421  0.1676  0.1458  0.0194  0.3410  0.2746  0.2861  0.9925 1 
 49.9794 -0.7136 -1.8916  0.0346  0.1522  0.0304  0.5123  0.1362 -0.0003  0.2296 0 
 47.5044  0.7051  1.2615  0.0970  0.5354  0.0439  0.2595  0.0594 -0.0003  0.6125 0 
 45.0629 -0.3002  1.5779  0.1009  0.5622  0.0273  0.2631  0.1750 -0.0003  0.6331 1 
 42.4140  0.3287 -1.5653  0.0978  0.4114  0.0584  0.5348  0.2358 -0.0003  0.8288 1 
 45.9266 -0.6968 -1.5299  0.0358  0.2006  0.1017  0.3491  0.0231 -0.0003  0.1752 0 
 27.6249  0.6996  1.5933  0.0261  0.3206  0.0161  0.2013  0.0715 -0.0003  0.1033 0 
 45.9388 -0.2448  0.8430  0.0526  0.7156  0.0461  0.3927  0.0502 -0.0003  0.4581 0 
 45.4871  0.2537 -2.3077  0.0545  0.4196  0.0328  0.3500  0.1238  0.1068  0.6149 0 
 50.7240 -0.4201 -1.0673  0.1041  0.6821  0.0262  0.2127  0.1728 -0.0003  0.6166 0 
 45.2918  0.4107  2.0492  0.0209  0.3379  0.0662  0.2628  0.0377 -0.0003  0.2306 0 
 53.8857  0.7191  1.9597  0.0175  0.2697  0.0139  0.2094  0.0403 -0.0003  0.0660 0 
 51.8959 -0.7290 -1.2161  0.0214  0.3762  0.0599  0.2537  0.0812 -0.0003  0.2792 0 
 51.8013 -0.2782  0.8127  0.0064  0.3943  0.0680  0.4231  0.0287 -0.0003  0.1680 1 
 42.5971  0.2265 -2.3729  0.8080  0.4240  0.0493  0.2226  0.1684  0.3111  0.9970 1 
 47.0558 -0.2909  0.6810  0.0050  0.3121  0.0683  0.4336  0.0433 -0.0003  0.1521 0 
 36.1425  0.2707 -2.4483  0.0273  0.4624  0.0142  0.3724  0.0136 -0.0003  0.1349 0 
 41.8921  0.7853 -2.5638  0.0918  0.2493  0.1211  0.4471  0.0530 -0.0003  0.4215 0 
 36.0082 -0.7747  0.6164  0.0571  0.2780  0.0465  0.5126  0.1780 -0.0003  0.5146 0 
 43.8636  0.1352 -0.3197  0.0900  0.3382  0.1113  0.3534  0.2383 -0.0003  0.8216 0 
 40.9186 -0.1489  2.7838  0.0250  0.0832  0.2218  0.3149  0.0146 -0.0003  0.0734 0 
 47.9866  0.6612 -3.0065  0.0646  0.4665  0.0497  0.5177  0.1735 -0.0003  0.6461 1 
 47.8401 -0.6752  0.1571  0.2673  0.3860  0.0274  0.6477  0.3784 -0.0003  0.9888 1 
 46.5888 -0.6468 -0.5755  0.8031  0.4317  0.0504  0.5652  0.6118 -0.0003  0.9973 1 
 36.4263  0.6691  2.4837  0.0211  0.5046  0.0184  0.1393  0.3351  0.2144  0.7589 1 
 44.5075  0.6763  1.7731  0.0346  0.3068  0.0206  0.3080  0.0849 -0.0003  0.1302 0 
 43.7842 -0.6543 -1.3285  0.0764  0.2017  0.0199  0.3535  0.0537 -0.0003  0.1863 0 
 45.8595  0.6827 -2.5243  0.1961  0.3861  0.1052  0.5675  0.1843 -0.0003  0.9247 1 
 40.7446 -0.6479  0.6521  0.0821  0.6486  0.0519  0.3604  0.1865 -0.0003  0.8246 1 
 47.7272 -0.5287 -1.7358  0.0321  0.1717  0.1074  0.1728  0.0286 -0.0003  0.1875 0 
 45.1728  0.5279  1.4008  0.0664  0.2368  0.0180  0.1753  0.0681 -0.0003  0.1477 0 
 48.3803  0.4314 -2.0122  0.0898  0.3235  0.0409  0.4305  0.1004 -0.0003  0.5369 0 
 45.9174 -0.4315  1.1109  0.0193  0.3489  0.0147  0.2618  0.0777 -0.0003  0.0902 0 
 50.6355 -0.1627 -1.5757  0.0144  0.2756  0.0518  0.2979  0.0079 -0.0003  0.1534 0 
 50.2602  0.1555  1.5644  0.0079  0.1734  0.0372  0.2984 -0.0200 -0.0003  0.0960 0 
 46.7231 -0.7908  1.9901  0.0360  0.4100  0.0844  0.3475  0.0143 -0.0003  0.2600 0 
 43.2532  0.7795 -1.0906  0.0620  0.4256  0.1230  0.2217  0.0561 -0.0003  0.4602 0 
 49.8054 -0.7491  1.7259  0.0074  0.2037  0.1032  0.5983  0.0567  0.2694  0.3581 0 
 30.1518  0.7571 -1.4399  0.0354  0.3991  0.0234  0.2942  0.0018 -0.0003  0.1764 0 
 63.5904 -0.5507  0.9633  0.1350  0.5594  0.1030  0.2413  0.2620 -0.0003  0.9516 1 
 47.5441  0.5519 -2.2024  0.1105  0.6330  0.0432  0.6487  0.2882 -0.0003  0.9227 1 
 50.4707 -0.3138 -1.4287  0.0510  0.3905  0.1424  0.3833  0.0306 -0.0003  0.3053 0 
 44.2054  0.2870  1.7337  0.1129  0.4518  0.0300  0.2645  0.1559 -0.0003  0.6390 0 
 40.2197  0.6567  1.1605  0.0124  0.3813  0.0568  0.4972  0.0446 -0.0003  0.1979 0 
 36.6796 -0.6557 -2.0110  0.0056  0.2533  0.0648  0.2318  0.0501 -0.0003  0.1452 0 
 62.6535  0.6866 -0.4844  0.0185  0.3650  0.2261  0.2825  0.0529 -0.0003  0.2827 0 
 55.0027 -0.6100  2.6382  0.0435  0.5407  0.0372  0.6251  0.0092 -0.0003  0.3494 0 
 44.4312 -0.3140  2.2427  0.0112  0.3978  0.0945  0.7923  0.1783  0.4621  0.8708 1 
 44.0009  0.3293 -0.9240  0.4392  0.6684  0.0328  0.4413  0.3964 -0.0003  0.9944 1 
 46.1677  0.0957 -0.1006  0.7673  0.6318  0.0413  0.5229  0.6003 -0.0003  0.9977 1 
 43.0182 -0.0717  3.0697  0.1638  0.4807  0.0550  0.1332  0.2121 -0.0003  0.8753 1 
 40.2441 -0.7479 -2.3745  0.0069  0.4233  0.0198  0.6328  0.2283 -0.0003  0.3874 1 
 25.1164  0.7531  0.8355  0.4196  0.6833  0.0374  0.2072  0.4339 -0.0003  0.9959 1 
 55.3231 -0.1079 -1.4156  0.0283  0.1161  0.0540  0.3745  0.0074 -0.0003  0.1008 0 
 43.1281  0.0846  1.7167  0.0718  0.2003  0.0063  0.0887  0.0373 -0.0003  0.1218 0 
 54.3069 -0.7039 -0.6865  0.0107  0.1980  0.1655  0.3344  0.0272 -0.0003  0.1371 0 
 50.0435  0.6910  2.4542  0.0374  0.0773  0.0542  0.2561  0.0192  0.0497  0.1157 0 
 47.4128  0.3824 -0.5491  0.0156  0.1827  0.0724  0.2164  0.0162 -0.0003  0.1343 0 
 47.2114 -0.3848  2.5864  0.0217  0.3681  0.0216  0.3466  0.0976 -0.0003  0.1356 0 
 50.8247 -0.3282  2.1114  0.0107  0.2932  0.0334  0.1701  0.0192 -0.0003  0.1272 0 
 45.4963  0.3276 -1.0250  0.0564  0.2882  0.1138  0.3937  0.0689 -0.0003  0.3533 0 
 47.0771 -0.5071 -1.3217  0.0001  0.3751  0.0386  0.3035  0.0811 -0.0003  0.1144 0 
 29.7307  0.4917  1.8500  0.0166  0.4005  0.0201  0.1969  0.0212 -0.0003  0.1148 0 
 40.8850  0.7586  2.9849  0.1521  0.6742  0.0353  0.4050  0.2911 -0.0003  0.9378 1 
 35.7275 -0.7547 -0.1604  0.1775  0.3368  0.0797  0.6538  0.1324 -0.0003  0.8664 1 
 45.9968  0.5731 -2.7992  0.0922  0.3569  0.0837  0.5670  0.0099 -0.0003  0.4536 0 
 42.4903 -0.5838  0.3253  0.0191  0.1230  0.0159  0.1336  0.0234 -0.0003  0.0498 0 
 47.7485 -0.0519 -0.2804  0.7610  0.4552  0.0269  0.3024  0.7628 -0.0003  0.9981 1 
 46.0975  0.0653  2.8903  0.8919  0.8575  0.0561  0.4359  0.9802 -0.0003  0.9983 1 
 46.5553  0.0229  2.1702  0.0081  0.4557  0.0632  0.3044  0.0063 -0.0003  0.2091 0 
 46.0731 -0.0228 -0.9661  0.0768  0.5294  0.0399  0.2180  0.1379 -0.0003  0.5864 0 
 52.7321  0.7422 -1.0040  0.0212  0.5872  0.0327  0.2948  0.0980 -0.0003  0.2272 0 
 43.8483 -0.7469  2.1161  0.0037  0.5815  0.0273  0.3975  0.0068 -0.0003  0.1494 0 
 52.2438  0.4718  0.7400  0.0333  0.3256  0.0413  0.3377  0.0651  0.1040  0.4177 1 
 35.6359 -0.3940 -2.3425  0.0843  0.5181  0.1070  0.4206  0.0749 -0.0003  0.4782 1 
 46.7353  0.1635 -2.7986  0.0060  0.3784  0.2639  0.2607  0.0197 -0.0003  0.2217 0 
 44.6021 -0.1879  0.3124  0.0154  0.5817  0.0140  0.2199  0.0370 -0.0003  0.1145 0 
 47.1443  0.2351  2.2825  0.0216  0.1014  0.0276  0.3467  0.0173 -0.0003  0.0594 0 
 43.4791 -0.2161 -0.8436  0.0286  0.2568  0.0275  0.2656  0.0230 -0.0003  0.1010 0 
 49.7566 -0.0170 -2.1157  0.0099  0.2416  0.1386  0.3420  0.0080 -0.0003  0.1458 0 
 43.2288  0.0141  1.0262  0.0163  0.4313  0.1145  0.4877  0.0292 -0.0003  0.2173 0 
 48.9448  0.2629 -2.6770  0.3907  0.7394  0.0520  0.3863  0.4671 -0.0003  0.9966 1 
 44.8676 -0.2940  0.4999  0.1589  0.3494  0.2453  0.4829  0.1319 -0.0003  0.7677 1 
 45.1087  0.7594 -2.2312  0.0076  0.3760  0.0684  0.4384  0.0449 -0.0003  0.1738 0 
 43.6805 -0.7614  0.9162  0.0007  0.2349  0.0566  0.3979  0.1395 -0.0003  0.1597 0 
 47.5746 -0.5378  0.4215  0.0225  0.2356  0.1327  0.5188  0.0577 -0.0003  0.2273 0 
 44.5106  0.5464 -2.6911  0.0164  0.7346  0.0508  0.2640  0.0474 -0.0003  0.3130 0 
 42.4048 -0.7923 -2.8075  0.1985  0.1148  0.0451  0.2674  0.0446 -0.0003  0.4500 0 
 42.1546  0.7992  0.3441  0.0196  0.0628  0.0126  0.1785  0.0090 -0.0003  0.0415 0 
 50.2968  0.0136 -2.9116  0.0373  0.1131  0.1072  0.3836  0.0511 -0.0003  0.1204 0 
 47.1992 -0.0183  0.2135  0.0136  0.1550  0.0305  0.2600  0.0583 -0.0003  0.0564 0 
 45.1911  0.6863 -0.7874  0.0538  0.2674  0.0412  0.2191  0.0475 -0.0003  0.2268 0 
 42.2919 -0.6865  2.4066  0.0017  0.3194  0.2078  0.2676  0.1240  0.8245  0.8026 0 
 46.6285  0.3964 -2.4435  0.0852  0.1462  0.0166  0.2608  0.0095 -0.0003  0.1138 0 
 36.9604 -0.3823  0.6972  0.0655  0.1219  0.0295  0.2776  0.1085 -0.0003  0.1533 0 
 49.6864  0.3076 -0.5114  0.0027  0.3313  0.0191  0.4704  0.0593  0.0661  0.1939 1 
 49.4362 -0.2888  2.6291  0.4543  0.3392  0.0615  0.3853  0.6442  0.5341  0.9999 1 
 58.0789 -0.0713 -1.5024  0.0557  0.0772  0.1916  0.1233  0.1208 -0.0003  0.2367 0 
 40.4150  0.1183  1.5988  0.0398  0.1147  0.0272  0.3611  0.0298  0.1442  0.2763 0 
 47.9194  0.4362 -2.2492  0.0210  0.4295  0.0986  0.4316  0.0334  0.2536  0.4907 0 
 38.9319 -0.4412  0.9426  0.0037  0.2410  0.0614  0.2737  0.0724 -0.0003  0.1252 0 
 51.8746 -0.4872  0.0411  0.0145  0.1776  0.0422  0.2537  0.0539 -0.0003  0.0791 0 
 34.6319  0.4957 -3.0976  0.0620  0.4907  0.0202  0.3298  0.0119  0.2020  0.6949 0 
 45.1545  0.0043 -1.8685  0.2657  0.7204  0.0358  0.3507  0.2650 -0.0003  0.9665 0 
 39.5514 -0.0139  1.2744  0.4400  0.2962  0.1197  0.4087  0.1870 -0.0003  0.9880 0 
 54.6883 -0.0114  1.2125  0.0128  0.2335  0.0311  0.3339  0.0964 -0.0003  0.0973 0 
 46.0822  0.0220 -1.9612  0.0070  0.3885  0.2638  0.6540  0.0836 -0.0003  0.3145 0 
 52.1096 -0.6168  2.1843  0.0337  0.0544  0.0251  0.2112  0.0411 -0.0003  0.0488 0 
 43.5126  0.6243 -0.9417  0.0248  0.2025  0.0356  0.3984  0.0328  0.1353  0.2887 0 
 51.0719 -0.5786  0.9556  0.0185  0.2169  0.0463  0.3821  0.0311 -0.0003  0.1235 0 
 50.0771  0.5945 -2.1863  0.0481  0.1461  0.0270  0.3414  0.0751 -0.0003  0.1144 0 
 43.7446  0.7732 -3.0635  0.0874  0.2901  0.0901  0.4862  0.0270 -0.0003  0.4202 0 
 41.5961 -0.7736  0.0658  0.0353  0.7129  0.0129  0.1344  0.0174 -0.0003  0.1608 0 
 42.5452 -0.3074  1.1706  0.5439  0.1500  0.0816  0.2226  0.3515 -0.0003  0.9856 1 
 39.5422  0.2980 -1.9719  0.1436  0.2783  0.0504  0.2271  0.1955 -0.0003  0.7833 1 
 45.7649 -0.7108  2.6823  0.0210  0.7209  0.1416  0.3931  0.0573 -0.0003  0.3220 0 
 45.7038  0.6420 -0.5063  0.0046  0.3159  0.0613  0.6554  0.0364 -0.0003  0.1993 0 
 48.0507 -0.1056  1.1636  0.0072  0.2122  0.0497  0.4313  0.0724 -0.0003  0.1218 0 
 45.2186  0.1132 -2.0399  0.0214  0.3680  0.0588  0.5257  0.0971 -0.0003  0.2885 0 
 47.5105 -0.1425  0.7862  0.1184  0.3116  0.0460  0.3028  0.0707  0.1785  0.7733 0 
 26.0990  0.1493 -2.3520  0.0078  0.2227  0.0222  0.3072  0.0414 -0.0003  0.0525 0 
 53.0556  0.7543 -1.0314  0.0202  0.2701  0.2189  0.4205  0.0318 -0.0003  0.2252 0 
 43.1373 -0.7409  2.0841  0.1078  0.0321  0.0243  0.1774  0.0102 -0.0003  0.0644 0 
 44.2634  0.0505  2.9151  0.3118  0.7151  0.0422  0.2203  0.4195 -0.0003  0.9916 1 
 26.5660 -0.0861 -0.2581  0.1293  0.5069  0.0245  0.3565  0.0831  0.0675  0.6780 1 
 47.7485 -0.0012  1.6773  0.3100  0.3437  0.0293  0.3888  0.2653 -0.0003  0.9517 1 
 24.4816  0.0109 -1.4968  0.8758  0.3728  0.0421  0.2089  0.3692  0.4457  0.9978 1 
 47.0588 -0.6180 -2.7666  0.0639  0.3054  0.0532  0.2168  0.0294 -0.0003  0.3408 0 
 41.7700  0.6251  0.3594  0.0818  0.3878  0.1209  0.5370  0.1114 -0.0003  0.5530 0 
 49.0639 -0.3334 -2.6397  0.6696  0.2513  0.0863  0.5577  0.4831 -0.0003  0.9940 1 
 42.6398  0.3243  0.4895  0.3982  0.8254  0.0215  0.5340  0.2960 -0.0003  0.9808 1 
 60.2914 -0.7556  3.1178  0.0193  0.1918  0.0781  0.3667  0.0291 -0.0003  0.1337 0 
 48.8502  0.7650 -0.0731  0.0495  0.7988  0.0313  0.3006  0.0505 -0.0003  0.3521 0 
 50.0404  0.3589 -2.2787  0.0062  0.0943  0.0358  0.0854  0.0071 -0.0003  0.0860 0 
 43.1983 -0.3613  0.8058  0.0483  0.1377  0.0186  0.1330  0.0095 -0.0003  0.0772 0 
 44.3977  0.4659 -3.0168  0.0276  0.5672  0.0298  0.3522  0.0756 -0.0003  0.2273 0 
 41.0437 -0.4641  0.0940  0.0307  0.2363  0.0761  0.4496  0.0208 -0.0003  0.1998 0 
 46.4363 -0.3028 -0.9061  0.0507  0.1859  0.1275  0.4351  0.0726 -0.0003  0.2827 0 
 43.8422  0.3330  2.2935  0.0152  0.0719  0.0837  0.1767  0.0153 -0.0003  0.0909 0 
 45.5634  0.5607 -1.3896  0.1412  0.7055  0.0423  0.2623  0.1597 -0.0003  0.8579 1 
 44.5075 -0.5726  1.7805  0.3216  0.5880  0.0656  0.3520  0.4189  0.0602  0.9954 1 
 45.4597 -0.6708  1.4942  0.0422  0.6161  0.1246  0.6563  0.0848 -0.0003  0.3789 0 
 35.7916  0.6285 -1.6492  0.0356  0.4901  0.0258  0.2334  0.0339 -0.0003  0.1748 0 
 49.0394  0.0300 -2.9019  0.0584  0.1976  0.1605  0.6435  0.1817 -0.0003  0.6566 0 
 41.7914  0.0116  0.2419  0.0151  0.2878  0.2650  0.4921  0.0093 -0.0003  0.2241 0 
 48.2795 -0.2940  0.7053  0.0428  0.1550  0.0991  0.5169  0.0065 -0.0003  0.1993 0 
 46.0243  0.2906 -2.4178  0.0500  0.4501  0.0333  0.3053  0.0312 -0.0003  0.2770 0 
 47.7821  0.4074  0.9713  0.0090  0.2961  0.1063  0.3023  0.0048 -0.0003  0.1626 0 
 44.5228 -0.4262 -2.1571  0.0380  0.6732  0.0180  0.3079  0.0406 -0.0003  0.1859 0 
 45.5726  0.3678  2.4297  0.0248  0.5556  0.0211  0.2186  0.0153 -0.0003  0.1546 0 
 41.7761 -0.3792 -0.7188  0.1735  0.4825  0.0308  0.3580  0.0811 -0.0003  0.6860 0 
 45.1881  0.7453 -3.0227  0.0807  0.3686  0.1141  0.7888  0.0551 -0.0003  0.5753 0 
 42.4598 -0.7530  0.1842  0.0776  0.3373  0.0224  0.2228  0.0350 -0.0003  0.2105 0 
 49.6437 -0.3937 -2.9364  0.0024  0.6003  0.0715  0.5132  0.1087 -0.0003  0.2464 0 
 49.3812  0.4102  0.2241  0.0122  0.1164  0.0410  0.5567  0.0434 -0.0003  0.1181 0 
 47.4861  0.5668  0.5492  0.0128  0.0750  0.0185  0.2163  0.0313 -0.0003  0.0389 0 
 46.3478 -0.5732 -2.6030  0.0114  0.3761  0.0170  0.2612  0.0438 -0.0003  0.0791 0 
 46.5095  0.0728 -0.7022  0.0358  0.1887  0.0601  0.3045  0.0512 -0.0003  0.1622 0 
 45.4078 -0.0972  2.4406  0.0160  0.1871  0.0701  0.3501  0.0340 -0.0003  0.1214 0 
 50.8247 -0.0306  2.4519  0.2690  0.4150  0.0692  0.3826  0.1924 -0.0003  0.9531 1 
 45.9998  0.0054 -0.7318  0.6105  0.8609  0.0280  0.5670  0.5886 -0.0003  0.9976 1 
 46.4942 -0.6735  0.7894  0.0288  0.6984  0.0270  0.3480  0.0250 -0.0003  0.2229 0 
 45.5604  0.6962 -2.3450  0.0217  0.5983  0.0698  0.3498  0.0273 -0.0003  0.2500 0 
 47.9744 -0.7784 -2.4481  0.0042  0.2108  0.1364  0.6903  0.0880  0.1476  0.3690 0 
 46.1921  0.7850  0.6976  0.0480  0.4330  0.0430  0.3485  0.0289 -0.0003  0.3208 0 
 46.1952 -0.5292 -1.0782  0.0017  0.2231  0.0134  0.2179  0.0073 -0.0003  0.0484 0 
 44.9653  0.5315  2.0667  0.0255  0.1275  0.0237  0.1317  0.0717 -0.0003  0.0685 0 
 49.7383  0.6185 -0.8060  0.0019  0.7179  0.1745  0.7267  0.0408 -0.0003  0.2739 0 
 47.9744 -0.5827  2.3254  0.0431  0.3947  0.0473  0.3452  0.0237 -0.0003  0.2898 0 
 51.7708 -0.1842  1.6082  0.0005  0.5347  0.0920  0.2116  0.2371 -0.0003  0.6109 0 
 49.9275  0.2130 -1.5082  0.0699  0.3153  0.0419  0.5551  0.2152 -0.0003  0.6516 0 
 46.7933 -0.2722 -1.5314  0.4672  0.6185  0.0502  0.3040  0.2730 -0.0003  0.9921 1 
 40.4791  0.2798  1.6372  0.0904  0.9103  0.0252  0.4513  0.1288 -0.0003  0.7163 1 
 50.3609 -0.4374  1.1720  0.0131  0.6678  0.2877  0.3409  0.0440 -0.0003  0.2783 0 
 47.7882  0.4324 -1.9815  0.0061  0.3171  0.0150  0.4751  0.1418 -0.0003  0.1435 0 
 51.8807 -0.0573  0.3650  0.0433  0.2155  0.0912  0.4652  0.0941 -0.0003  0.3136 0 
 42.9664  0.0346 -2.7594  0.0229  0.6691  0.1482  0.3109  0.0141 -0.0003  0.2647 0 
 46.9947 -0.4336  0.1926  0.0199  0.3125  0.0415  0.4771  0.0494 -0.0003  0.1957 0 
 43.4699  0.4378 -2.9646  0.0476  0.3670  0.0425  0.2214  0.1047 -0.0003  0.3402 0 
 47.8340  0.0751  1.6388  0.0144  0.0390  0.0861  0.2159  0.0014 -0.0003  0.0804 0 
 44.1016 -0.0916 -1.5177  0.0081  0.8265  0.0333  0.4851  0.0893 -0.0003  0.2500 0 
 46.2959  0.7135  0.8237  0.5262  0.6993  0.0665  0.3919  0.4990 -0.0003  0.9977 1 
 40.0793 -0.7079 -2.2997  0.0611  0.8083  0.0406  0.4977  0.1776 -0.0003  0.7631 1 
 42.2644  0.1921  2.3400  0.0137  0.5051  0.0129  0.2230  0.0285 -0.0003  0.1018 0 
 31.0460 -0.1686 -0.7585  0.0000  0.0164  0.0155  0.1458  0.0572 -0.0003  0.0428 0 
 41.1933  0.6406 -3.0783  0.0331  0.3587  0.0170  0.2246  0.0728 -0.0003  0.1192 0 
 40.3632 -0.6693  0.0563  0.0036  0.1791  0.0420  0.3161  0.1392 -0.0003  0.1113 0 
 39.1180  0.6246  1.9270  0.0489  0.1725  0.0454  0.3188  0.1966  0.1055  0.5202 0 
 34.9706 -0.6140 -1.2178  0.0273  0.6427  0.0399  0.2819  0.0611 -0.0003  0.2790 0 
 44.1840 -0.7111 -2.9112  0.0054  0.6549  0.0200  0.3086  0.0477 -0.0003  0.1141 0 
 40.4913  0.6971  0.2086  0.0060  0.7389  0.0174  0.3159  0.0242 -0.0003  0.1193 0 
 46.0029  0.0325  3.0635  0.0048  0.5160  0.0616  0.6542  0.0427 -0.0003  0.2100 0 
 45.3742  0.0141 -0.0623  0.0659  0.4908  0.1188  0.6129  0.0128 -0.0003  0.3694 0 
 46.9764 -0.7912 -2.5407  0.0068  0.1981  0.0835  0.5206  0.0085 -0.0003  0.1324 0 
 44.1260  0.7994  0.6612  0.0464  0.4993  0.0150  0.3969  0.0933 -0.0003  0.2451 0 
 49.6040 -0.7469  2.0172  0.0292  0.6405  0.0375  0.2994  0.0755  0.0870  0.4980 0 
 44.3030  0.7535 -1.1348  0.0894  0.7210  0.0119  0.2643  0.0926 -0.0003  0.4016 0 
 47.9164 -0.2112  1.6964  0.0308  0.4428  0.1539  0.2158  0.1605 -0.0003  0.5168 0 
 35.2148  0.2205 -1.4048  0.0034  0.3972  0.0354  0.3282  0.0756 -0.0003  0.1175 0 
 51.6030 -0.6255  1.3769  0.0427  0.4321  0.1222  0.5505  0.1591 -0.0003  0.4808 0 
 47.4098  0.6230 -1.7447  0.0564  0.2768  0.1725  0.4328  0.0538 -0.0003  0.3308 0 
 51.2123  0.3853 -0.2807  0.0196  0.1988  0.0507  0.4667  0.0236 -0.0003  0.1460 0 
 45.1453 -0.3706  2.8441  0.0147  0.3034  0.0135  0.1315  0.0048 -0.0003  0.1106 0 
 48.8441 -0.1718 -0.2583  0.0138  0.3926  0.1652  0.3436  0.0218  0.3457  0.4744 0 
 48.7495  0.1749  2.8199  0.0164  0.4624  0.0970  0.3008  0.0856 -0.0003  0.2922 0 
 51.3436 -0.1244 -2.6612  0.0118  0.3756  0.1090  0.6360  0.0757  0.2346  0.4913 0 
 37.4182  0.0878  0.4554  0.0057  0.8111  0.0307  0.3227  0.0291 -0.0003  0.1663 0 
 46.9795  0.5158 -1.0903  0.0045  0.5709  0.0517  0.5206  0.0075 -0.0003  0.1741 0 
 39.4720 -0.4919  2.0702  0.0118  0.6767  0.0172  0.1817  0.0788  0.0274  0.1568 0 
 36.5331 -0.2410  0.7949  0.4941  0.3861  0.0096  0.3249  0.5538  0.1296  0.9984 1 
 32.2118  0.2147 -2.3534  0.5292  0.2982  0.0871  0.4329  0.3118  0.3630  0.9992 1 
 46.8391  0.2364  0.7958  0.0181  0.3413  0.1294  0.2605  0.0064 -0.0003  0.1980 0 
 46.4118 -0.2282 -2.3397  0.0803  0.2069  0.0706  0.5222  0.0235 -0.0003  0.3771 0 
 52.0699 -0.0455 -1.0989  0.0234  0.2996  0.0143  0.1690  0.1265 -0.0003  0.1406 0 
 42.4201  0.0431  2.0286  0.0017  0.2192  0.0232  0.3119  0.1146 -0.0003  0.0670 0 
 46.6316  0.0575 -2.9021  0.0187  0.3547  0.0562  0.3477  0.1645 -0.0003  0.3569 0 
 45.6153 -0.0753  0.2653  0.0116  0.4282  0.0260  0.2186  0.0128 -0.0003  0.1355 0 
 51.6426  0.7572 -2.5422  0.0012  0.2191  0.0328  0.2117  0.0505 -0.0003  0.0635 0 
 45.1484 -0.7726  0.5911  0.0224  0.5196  0.0253  0.3507  0.0148 -0.0003  0.1742 0 
 48.7892  0.1319 -2.1829  0.0480  0.2226  0.1213  0.2577  0.0103 -0.0003  0.2227 0 
 46.9703 -0.1269  0.9679  0.0137  0.1920  0.0352  0.3904  0.0411 -0.0003  0.0878 0 
 42.2492  0.1271 -0.0953  0.0677  0.5126  0.1434  0.4907  0.0367  0.7582  0.9680 1 
 29.3004 -0.1437  3.0088  0.2391  0.3202  0.0288  0.4450  0.2170  0.3881  0.9989 1 
 47.5013  0.1271 -2.8862  0.0199  0.1739  0.5184  0.2596  0.0045 -0.0003  0.1890 0 
 46.5888 -0.1088  0.2242  0.0357  0.1557  0.2343  0.5217  0.0134 -0.0003  0.2186 0 
 52.5704  0.4881  1.6128  0.1013  0.3698  0.0348  0.1686  0.0987 -0.0003  0.4739 0 
 49.1829 -0.4570 -1.4866  0.0828  0.2486  0.0618  0.3858  0.0200 -0.0003  0.3590 0 
 66.0410  0.6076  1.4952  0.0046  0.1279  0.0512  0.2790  0.0383 -0.0003  0.0666 0 
 49.8543 -0.6094 -1.6373  0.0302  0.5212  0.0376  0.4272  0.0617 -0.0003  0.2879 0 
 48.7007  0.4330 -2.3402  0.2637  0.6620  0.0452  0.4727  0.4969 -0.0003  0.9952 1 
 31.5068 -0.4680  0.7929  0.4300  0.5381  0.0528  0.3872  0.0682 -0.0003  0.9091 1 
 47.7455 -0.7336 -0.8638  0.0433  0.1829  0.0427  0.4320  0.0406 -0.0003  0.1829 0 
 41.6175  0.7296  2.3128  0.0031  0.7684  0.0173  0.1792  0.0103 -0.0003  0.1405 0 
 45.8289 -0.7094  0.3348  0.0000  0.2399  0.0098  0.2183  0.1528 -0.0003  0.0900 0 
 35.7671  0.7117 -2.7992  0.0154  0.4112  0.0030  0.2334  0.0768 -0.0003  0.0850 0 
 51.3436  0.1712 -3.0717  0.0099  0.7351  0.1479  0.2968  0.0784 -0.0003  0.3432 0 
 43.4882 -0.1627  0.1106  0.0139  0.4547  0.0756  0.3099  0.0037 -0.0003  0.2122 0 
 44.1871 -0.1758  2.6202  0.0185  0.4294  0.2100  0.2645  0.0148 -0.0003  0.2366 0 
 38.4894  0.1722 -0.5362  0.0508  0.2788  0.0553  0.3660  0.0388 -0.0003  0.2756 0 
 41.0803  0.0706 -2.1520  0.0164  0.3505  0.1359  0.6293  0.0038 -0.0003  0.2353 0 
 38.8403 -0.0558  0.9728  0.0018  0.2620  0.0545  0.4107  0.0124 -0.0003  0.1228 0 
 46.6285  0.7796  0.6805  0.0400  0.4594  0.0204  0.3042  0.0091 -0.0003  0.1803 0 
 37.3419 -0.7801 -2.4508  0.0089  0.1253  0.0415  0.2768  0.0421 -0.0003  0.0597 0 
 46.8666  0.4256  0.2545  0.0166  0.1861  0.0534  0.2170  0.0014 -0.0003  0.1235 0 
 43.7720 -0.4014 -2.8994  0.0156  0.1895  0.0272  0.3094  0.0043 -0.0003  0.0713 0 
 49.9306  0.0850 -2.1270  0.0183  0.1521  0.1540  0.2989  0.0080 -0.0003  0.1088 0 
 41.9318 -0.0860  1.0165  0.0107  0.1872  0.0053  0.0894  0.0069 -0.0003  0.0680 0 
 43.3692  0.7979 -2.9823  0.0000  0.1769  0.0259  0.0886  0.0207 -0.0003  0.0836 0 
 31.5953 -0.7843  0.1025  0.0037  0.4378  0.1203  0.5320  0.0270 -0.0003  0.1959 0 
 38.8617 -0.4582  0.7411  0.0527  0.5061  0.0360  0.3194  0.0063 -0.0003  0.3489 1 
 28.9158  0.4194 -2.4025  0.3069  0.4748  0.0559  0.3474  0.4914  0.3911  0.9996 1 
 42.7527  0.2017  2.0239  0.7424  0.5882  0.0416  0.4002  0.7690 -0.0003  0.9983 1 
 41.2085 -0.2051 -1.1388  0.0659  0.6529  0.0375  0.4491  0.0568  0.0854  0.6346 1 
 46.3416  0.0683  0.9094  0.0294  0.3505  0.0529  0.2612  0.1404 -0.0003  0.3732 0 
 43.4180 -0.0399 -2.2172  0.0144  0.2653  0.0230  0.3100  0.0529 -0.0003  0.0708 0 
 46.7872  0.4772  2.2677  0.0191  0.1590  0.1545  0.3040  0.0803 -0.0003  0.1416 0 
 46.2867 -0.4750 -0.8841  0.0363  0.6214  0.0272  0.3048  0.0591 -0.0003  0.2278 0 
 44.4495 -0.6353  2.2203  0.0607  0.2089  0.0434  0.3081  0.0942 -0.0003  0.2674 1 
 41.1170  0.6299 -0.9278  0.3265  0.4972  0.0177  0.4493  0.4216  0.1272  0.9948 1 
 46.3233 -0.6782  2.7447  0.0031  0.2315  0.0460  0.2612  0.0792 -0.0003  0.0942 0 
 41.8494  0.6648 -0.3806  0.0396  0.3221  0.0857  0.7603  0.0356 -0.0003  0.4008 0 
 52.5429 -0.0314 -2.0484  0.0095  0.5395  0.0498  0.2108  0.1025 -0.0003  0.2913 0 
 51.2032  0.0362  1.0651  0.0870  0.2336  0.0222  0.2122  0.0707 -0.0003  0.2037 0 
 40.3937  0.0214  0.7314  0.1388  0.4052  0.0138  0.2709  0.0626 -0.0003  0.3579 1 
 34.6777 -0.0699 -2.3678  0.0657  0.2075  0.0515  0.2826  0.0587 -0.0003  0.2564 1 
 52.0089  0.1487  1.8857  0.0130  0.1291  0.0369  0.4226  0.0363 -0.0003  0.0800 0 
 48.4230 -0.1472 -1.2775  0.0218  0.2324  0.0788  0.3013  0.0494 -0.0003  0.1736 0 
 49.1585  0.2415  1.4490  0.2637  0.4997  0.1493  0.4287  0.5056 -0.0003  0.9983 1 
 40.9125 -0.2239 -1.6903  0.2575  0.6073  0.0776  0.4050  0.3225 -0.0003  0.9908 1 
 46.8910 -0.6339  1.9222  0.0169  0.2802  0.0227  0.3472  0.1234 -0.0003  0.1251 0 
 44.2542  0.6047 -1.2353  0.0109  0.2720  0.0121  0.1322  0.0080 -0.0003  0.0898 0 
 48.0446  0.0013 -2.4762  0.0007  0.2160  0.0250  0.3019  0.0320 -0.0003  0.0492 0 
 44.9836  0.0064  0.6881  0.0038  0.3978  0.0179  0.1755  0.0075  0.0444  0.1438 0 
 48.2033 -0.5880 -1.8629  0.0341  0.3187  0.0473  0.5602  0.0840 -0.0003  0.3359 0 
 42.6520  0.5881  1.2552  0.0100  0.3948  0.0247  0.0445  0.0031 -0.0003  0.2488 0 
 63.2303 -0.3770  2.0385  0.0214  0.4537  0.0846  0.2819  0.0169 -0.0003  0.2427 0 
 51.0231  0.3692 -1.1113  0.0186  0.4174  0.1476  0.3398  0.0864 -0.0003  0.2858 0 
 45.4444  0.1022 -1.5266  0.0204  0.3661  0.0292  0.2625  0.0383 -0.0003  0.1228 0 
 42.3407 -0.1208  1.6349  0.0028  0.2637  0.1426  0.3567  0.0319 -0.0003  0.1477 0 
 49.1615  0.5995 -1.2177  0.0011  0.8499  0.0510  0.4287  0.0698 -0.0003  0.2389 0 
 45.4658 -0.5830  1.9392  0.0051  0.0684  0.0246  0.3938  0.0246  0.0782  0.1036 0 
 50.4646  0.4638 -2.0722  0.0985  0.4130  0.0297  0.2981  0.0422 -0.0003  0.4289 0 
 32.6055 -0.4634  1.0635  0.0558  0.1723  0.0887  0.3834  0.1057 -0.0003  0.3135 0 
 45.0355 -0.5520  2.2365  0.0410  0.0562  0.0122  0.2193  0.1966 -0.0003  0.1134 0 
 42.0569  0.5733 -0.8447  0.0447  0.4378  0.0569  0.2233  0.0140 -0.0003  0.3681 0 
 45.3315 -0.5418 -0.3190  0.0075  0.1818  0.0208  0.2627  0.0148 -0.0003  0.0480 0 
 36.2158  0.5267  2.8330  0.0601  0.2136  0.0166  0.3257  0.0522  0.2661  0.8356 0 
 42.5513 -0.8476  2.5626  0.0363  0.1204  0.0569  0.2226  0.0117 -0.0003  0.1050 0 
 36.9787  0.6960 -0.5434  0.0789  0.5678  0.1174  0.4626  0.0862 -0.0003  0.4698 0 
 45.3620 -0.2087 -1.9639  0.0671  0.3707  0.1304  0.3940  0.0305 -0.0003  0.3523 0 
 44.3702  0.2216  1.1665  0.0917  0.3040  0.0153  0.4403  0.0699  0.0457  0.5087 0 
 45.6489 -0.2315  0.0529  0.0085  0.2098  0.0693  0.3496  0.0928 -0.0003  0.1406 0 
 29.3370  0.1954 -3.0504  0.0079  0.2281  0.0181  0.1483  0.0186 -0.0003  0.0704 0 
 47.8187  0.3793 -0.1396  0.0013  0.7243  0.0709  0.4318  0.0565 -0.0003  0.2247 0 
 38.8678 -0.3789  2.9993  0.0006  0.4156  0.0613  0.4563  0.0652 -0.0003  0.1637 0 
 40.7904  0.5601  1.0166  0.0303  0.3152  0.0250  0.3603  0.0283 -0.0003  0.1328 0 
 40.4059 -0.5897 -2.0347  0.0169  0.2264  0.3390  0.4063  0.0229 -0.0003  0.2124 0 
 52.3873 -0.7786  0.6710  0.0154  0.3660  0.0467  0.3797  0.0245  0.1777  0.3910 0 
 43.0396  0.7769 -2.4935  0.0602  0.4338  0.0215  0.3107  0.0844 -0.0003  0.2540 0 
 45.5329  0.4700 -2.6202  0.5731  0.4085  0.0500  0.4374  0.6849 -0.0003  0.9982 1 
 43.0701 -0.4510  0.5145  0.1378  0.3832  0.0525  0.3995  0.3604 -0.0003  0.9412 1 
 47.3793 -0.6978 -0.3215  0.0444  0.2343  0.0692  0.6493  0.0891  0.0437  0.4578 0 
 44.0497  0.6992  2.8332  0.0479  0.4623  0.0041  0.0882  0.0134 -0.0003  0.1356 0 
 49.7871  0.6753  0.7127  0.0302  0.2936  0.0680  0.5556  0.2563 -0.0003  0.4955 0 
 45.3010 -0.6911 -2.4260  0.0488  0.2858  0.0392  0.2628  0.0600  0.2158  0.6074 0 
 44.3030  0.4616 -2.1864  0.1102  0.4896  0.0444  0.4405  0.2430 -0.0003  0.8693 1 
 38.1720 -0.4394  0.9637  0.0866  0.5729  0.0335  0.4127  0.0942 -0.0003  0.6233 1 
 47.4006  0.4159  1.4661  0.1676  0.1949  0.0650  0.4761  0.1216 -0.0003  0.7232 1 
 41.3733 -0.4285 -1.6746  0.1704  0.5870  0.0685  0.4486  0.1507 -0.0003  0.9078 1 
 42.9511  0.6539  0.6649  0.0092  0.2653  0.0342  0.2665  0.0195 -0.0003  0.0894 0 
 42.4445 -0.6492 -2.4322  0.0370  0.4625  0.0206  0.0891  0.0060 -0.0003  0.2033 0 
 51.3252 -0.7114  1.1909  0.1029  0.2860  0.0470  0.2120  0.0264 -0.0003  0.4252 0 
 38.6633  0.6928 -1.9675  0.0118  0.2738  0.0137  0.3655  0.0274 -0.0003  0.0602 0 
 42.1851  0.7883 -2.2508  0.1185  0.4302  0.0365  0.4909  0.0776 -0.0003  0.6449 1 
 39.8138 -0.7828  0.8179  0.2063  0.5767  0.0163  0.5439  0.1508 -0.0003  0.8420 1 
 35.3033  0.7009 -0.1133  0.0070  0.2749  0.0121  0.2812  0.1039  0.1344  0.2946 0 
 34.3572 -0.6966  3.0661  0.1092  0.1820  0.0219  0.2361  0.0259 -0.0003  0.1976 0 
 45.8839  0.5185  0.6268  0.0482  0.3403  0.0342  0.2619  0.0580 -0.0003  0.2175 0 
 44.8432 -0.4995 -2.5021  0.0258  0.2103  0.0789  0.3952  0.1546 -0.0003  0.2832 0 
 40.1526  0.5198  2.4696  0.1230  0.3530  0.0821  0.3618  0.2090  0.5486  0.9951 1 
 38.9837 -0.5894 -0.6898  0.6735  0.3824  0.0450  0.3191  0.4724  0.2065  0.9979 1 
 48.2155  0.0739  1.5972  0.0023  0.2673  0.0143  0.3447  0.2315 -0.0003  0.1860 0 
 44.2267 -0.0607 -1.5432  0.0000  0.0128  0.0828  0.1763  0.1697 -0.0003  0.1299 0 
 44.1718 -0.4284  2.1888  0.0034  0.4410  0.0649  0.3086  0.2829 -0.0003  0.5663 0 
 43.6042  0.4087 -0.9560  0.0229  0.7782  0.0190  0.2212  0.1042 -0.0003  0.2058 0 
 47.5593 -0.1159 -0.5458  0.0299  0.0809  0.0236  0.2595  0.1495 -0.0003  0.0924 0 
 46.4088  0.1179  2.5917  0.0215  0.4014  0.0908  0.3046  0.0154 -0.0003  0.2218 0 
 51.9875  0.7609  0.8935  0.0295  0.6357  0.1491  0.6340  0.1986 -0.0003  0.5734 0 
 44.7181 -0.7602 -2.1922  0.0678  0.3210  0.0256  0.4394  0.0488 -0.0003  0.3302 0 
 50.3487  0.0195  2.3208  0.0064  0.4599  0.1807  0.2557  0.1403 -0.0003  0.3747 0 
 47.2419 -0.0348 -0.7963  0.1690  0.3972  0.0517  0.4332  0.0967  0.2094  0.8966 0 
 45.0355 -0.7059  0.9746  0.0262  0.3742  0.1422  0.3509  0.0561 -0.0003  0.2593 0 
 31.5557  0.7027 -2.2152  0.0420  0.0802  0.0172  0.1452  0.0134 -0.0003  0.0518 0 
 44.6082 -0.0225 -2.5128  0.1197  0.4603  0.0466  0.2199  0.0207  0.1162  0.7324 1 
 34.4030  0.0164  0.6131  0.1786  0.6596  0.0836  0.4248  0.2099  0.3407  0.9890 1 
 52.0668 -0.2599  1.0030  0.0486  0.2927  0.0331  0.3380  0.0551 -0.0003  0.2088 0 
 50.1747  0.2588 -2.1470  0.0320  0.1863  0.0131  0.3838  0.0511 -0.0003  0.0743 0 
 45.1942  0.1725 -2.2599  0.0002  0.1063  0.1297  0.3944  0.0903 -0.0003  0.0727 0 
 43.3082 -0.1775  0.8909  0.0536  0.1529  0.1715  0.3989  0.0623 -0.0003  0.2403 0 
 49.0852  0.2802  1.3193  0.0706  0.5536  0.0889  0.4289  0.0312 -0.0003  0.3956 0 
 40.0397 -0.2846 -1.8366  0.0582  0.4518  0.0643  0.3168  0.0651 -0.0003  0.4600 0 
 50.3822  0.3334  0.1429  0.1089  0.1644  0.0525  0.1704  0.2335 -0.0003  0.5987 0 
 33.8293 -0.2862 -3.0113  0.0064  0.1648  0.0415  0.3320  0.0517 -0.0003  0.0690 0 
 47.7424  0.5830  3.0753  0.0231  0.4435  0.1689  0.4752  0.0146 -0.0003  0.2438 0 
 41.8372 -0.5594 -0.0141  0.0378  0.3127  0.1316  0.3578  0.0588 -0.0003  0.2782 0 
 50.6783  0.5572 -2.8694  0.5999  0.4609  0.0409  0.3829  0.5664 -0.0003  0.9979 1 
 46.2501 -0.5390  0.2474  0.5350  0.2817  0.1030  0.6098  0.8968 -0.0003  0.9987 1 
 48.2673  0.4548 -2.1062  0.0691  0.5866  0.0434  0.2154  0.0799 -0.0003  0.5171 0 
 35.0469 -0.4344  1.0592  0.0086  0.2633  0.0114  0.2817  0.0649 -0.0003  0.0502 0 
 42.7893 -0.2873 -2.0844  0.0375  0.6183  0.0437  0.3112  0.0285 -0.0003  0.3359 0 
 41.1292  0.2841  1.0183  0.0407  0.2631  0.0878  0.4943  0.0983 -0.0003  0.3470 0 
 47.3701 -0.3911 -1.0930  0.0204  0.5655  0.0865  0.5194  0.2491 -0.0003  0.5587 1 
 37.6715  0.4791  1.9956  0.2734  0.7283  0.0461  0.4142  0.1234 -0.0003  0.8931 1 
 50.3243  0.2608 -2.2911  0.0253  0.3642  0.0753  0.4688  0.2293 -0.0003  0.4719 0 
 46.3539 -0.2594  0.8858  0.0613  0.3283  0.0588  0.4788  0.0690 -0.0003  0.4190 0 
 40.7233 -0.5115 -0.8768  0.0686  0.3221  0.1163  0.5857  0.0507 -0.0003  0.4235 0 
 37.2778  0.5336  2.1979  0.0033  0.4460  0.0295  0.2769  0.0728 -0.0003  0.1113 0 
 45.6153  0.6391  1.4968  0.0074  0.4823  0.0585  0.2623  0.0134 -0.0003  0.2332 0 
 42.1729 -0.6598 -1.6729  0.0056  0.3389  0.0293  0.1785  0.0211 -0.0003  0.1181 0 
 49.9794  0.3043 -0.6174  0.0666  0.1928  0.0323  0.1708  0.0721 -0.0003  0.1959 0 
 45.7862 -0.2819  2.5377  0.1575  0.4252  0.0358  0.4367  0.1789 -0.0003  0.8493 0 
 49.2866 -0.4409  0.0045  0.0169  0.4243  0.0500  0.3428  0.1326 -0.0003  0.3108 0 
 43.1128  0.4351  3.1186  0.0217  0.6772  0.0161  0.3550  0.0118  0.0661  0.2509 0 
 47.2541  0.7900  3.1374  0.0183  0.0957  0.0350  0.4764  0.0222 -0.0003  0.0890 0 
 41.5015 -0.7720 -0.0038  0.0433  0.2664  0.0245  0.2241  0.1039 -0.0003  0.1696 0 
 52.5185  0.4531  1.3552  0.8129  0.5523  0.0582  0.4638  0.7054 -0.0003  0.9981 1 
 44.3183 -0.4369 -1.8255  0.0681  0.3813  0.0302  0.5286  0.1055 -0.0003  0.5215 1 
 46.7231 -0.3178 -2.0993  0.1059  0.2760  0.0175  0.3475  0.1033 -0.0003  0.3727 0 
 45.1423  0.2957  1.0330  0.0245  0.0898  0.0270  0.2192  0.1809 -0.0003  0.1263 0 
 50.6203 -0.4902  1.2309  0.1362  0.1553  0.1817  0.2979  0.0734 -0.0003  0.5004 0 
 43.6255  0.4997 -1.9315  0.0013  0.1894  0.0369  0.3981  0.1190 -0.0003  0.0978 0 
 47.3610  0.5173  0.3288  0.1390  0.6649  0.0373  0.3896  0.0319  0.2718  0.9446 1 
 40.6683 -0.5366 -2.8310  0.3761  0.3895  0.0362  0.7662  0.4007 -0.0003  0.9949 1 
 47.9988  0.2045 -0.6551  0.0601  0.4808  0.1297  0.4745  0.1153  0.1933  0.7450 0 
 37.5097 -0.2026  2.4978  0.0539  0.6224  0.0193  0.1382  0.0818 -0.0003  0.2285 0 
 46.7292 -0.3777 -2.1138  0.0162  0.6057  0.1047  0.3910  0.0147 -0.0003  0.2257 0 
 41.4252  0.3832  1.0165  0.0141  0.5354  0.0135  0.2242  0.0266 -0.0003  0.1073 0 
 48.8930  0.2338 -2.9109  0.0280  0.6534  0.3594  0.3435  0.0862 -0.0003  0.3832 0 
 37.1679 -0.2504  0.1462  0.0403  0.6238  0.0839  0.4157  0.0292 -0.0003  0.3038 0 
 47.7821  0.5875 -2.7319  0.0002  0.2829  0.1798  0.5183  0.0574 -0.0003  0.1958 0 
 40.5951 -0.5812  0.4206  0.0048  0.4487  0.0318  0.1804  0.0141 -0.0003  0.1677 0 
 50.2235 -0.7667 -0.5587  0.0052  0.5295  0.0642  0.1706  0.0367 -0.0003  0.3255 0 
 44.0101  0.7581  2.5526  0.0052  0.2807  0.0709  0.3972  0.1319 -0.0003  0.2037 0 
 42.6490 -0.5809  0.6600  0.0122  0.3429  0.0399  0.3560  0.0289 -0.0003  0.1380 0 
 35.0957  0.5857 -2.4874  0.0099  0.2604  0.0237  0.2347  0.0049 -0.0003  0.0789 0 
 48.2856 -0.6218  1.8683  0.0416  0.7339  0.0385  0.4307  0.1103 -0.0003  0.4914 0 
 41.8555  0.6296 -1.2643  0.0545  0.1723  0.0611  0.3131  0.0159 -0.0003  0.1859 0 
 48.9204 -0.3188 -0.4910  0.0088  0.2100  0.0522  0.3434  0.0624 -0.0003  0.1050 0 
 43.9124  0.3063  2.6467  0.0030  0.4869  0.0383  0.3974  0.1194 -0.0003  0.1999 0 
 46.1433  0.4619 -2.9165  0.1188  0.5201  0.2346  0.5230  0.1282  0.7228  0.9701 1 
 42.2583 -0.4862  0.2111  0.2495  0.8423  0.0327  0.3568  0.1879 -0.0003  0.9345 1 
 51.4595 -0.5773 -0.0978  0.0178  0.1725  0.0768  0.3390  0.0829 -0.0003  0.1398 0 
 42.5360  0.5615  3.0553  0.0416  0.5214  0.0137  0.1781  0.0093 -0.0003  0.1516 0 
 43.6103  0.1736  0.7912  0.3147  0.4622  0.0822  0.2654  0.5084  0.6254  0.9998 1 
 38.8586 -0.1355 -2.4022  0.0935  0.3038  0.0709  0.5932  0.3765  0.2033  0.9585 1 
 44.8554 -0.2125 -2.9425  0.0149  0.7201  0.0695  0.5269  0.0335 -0.0003  0.2557 0 
 41.1810  0.2316  0.1921  0.0754  0.2722  0.0276  0.3144  0.0157 -0.0003  0.2407 0 
 45.5146  0.8035 -0.6571  0.0354  0.6423  0.0520  0.2624  0.0266  0.1267  0.5807 1 
 31.6960 -0.7874  2.5149  0.3399  0.2435  0.0490  0.1450  0.4416  0.2348  0.9972 1 
 49.7505 -0.1682 -2.2874  0.0588  0.1075  0.0256  0.2992  0.2097 -0.0003  0.2507 0 
 48.2582  0.1659  0.8544  0.0090  0.3987  0.0510  0.1292  0.0121 -0.0003  0.2946 0 
 46.1158 -0.4379 -1.9453  0.0085  0.2212  0.0561  0.2179  0.0441 -0.0003  0.1181 0 
 44.0223  0.4268  1.1965  0.0230  0.5886  0.1198  0.6619  0.0482  0.4449  0.6845 0 
 49.3996  0.7141  2.9405  0.0040  0.5761  0.1021  0.4710  0.1043  0.0409  0.2856 0 
 40.9094 -0.6958 -0.2722  0.0297  0.6805  0.1104  0.8099  0.0750 -0.0003  0.3812 0 
 48.9815  0.2209  1.1798  0.0372  0.3867  0.0278  0.3004  0.0489  0.2147  0.6117 0 
 46.6712 -0.1953 -1.9911  0.0500  0.3784  0.0119  0.2607  0.0385  0.1882  0.5811 0 
 49.8726 -0.5615 -0.1034  0.0355  0.4397  0.0443  0.3844  0.0355 -0.0003  0.2767 0 
 40.4852  0.5595  3.0455  0.0159  0.1276  0.0619  0.4512  0.0440 -0.0003  0.1075 0 
 44.0894  0.1989  0.7830  0.3941  0.7121  0.0439  0.3528  0.3790 -0.0003  0.9945 1 
 38.3948 -0.2070 -2.4154  0.3478  0.0660  0.1755  0.3204  0.2824  0.9539  0.9996 1 
 49.0181  0.2832  1.4351  0.4409  0.1002  0.0365  0.3432  0.4035 -0.0003  0.9844 1 
 39.8779 -0.3153 -1.6854  0.2470  0.4904  0.0246  0.6343  0.4077 -0.0003  0.9880 1 
 46.7292 -0.2367  2.2502  0.1821  0.3016  0.0829  0.5213  0.1934 -0.0003  0.9096 1 
 45.0355  0.2636 -0.8641  0.1103  0.4678  0.0670  0.3070  0.1120 -0.0003  0.7344 1 
 48.2155 -0.5971  1.3751  0.0668  0.0611  0.1724  0.2154  0.0193 -0.0003  0.0795 0 
 47.1565  0.5936 -1.7683  0.0004  0.4357  0.0123  0.0434  0.1059 -0.0003  0.1329 0 
 47.5624  0.4942  2.7233  0.0210  0.2567  0.0359  0.2162  0.0097 -0.0003  0.1267 0 
 43.6225 -0.4588 -0.4367  0.0168  0.0800  0.0639  0.3096  0.0135 -0.0003  0.0765 0 
 46.3050 -0.5263  2.8856  0.0669  0.4462  0.0879  0.3484  0.1540 -0.0003  0.6348 0 
 45.3468  0.4780 -0.2946  0.0074  0.5006  0.0289  0.3940  0.0309 -0.0003  0.1366 0 
 51.4046 -0.5588  2.2770  0.4255  0.5447  0.0819  0.3391  0.2535 -0.0003  0.9909 1 
 46.2043  0.5577 -0.8621  0.0261  0.2466  0.0231  0.2179  0.1522 -0.0003  0.1829 1 
 46.2165 -0.3739  2.0443  0.0498  0.5166  0.0600  0.1743  0.1717 -0.0003  0.6554 0 
 42.6184  0.3467 -1.1657  0.0057  0.3129  0.0663  0.4005  0.0690 -0.0003  0.1607 0 
 47.5715  0.7984  2.4236  0.0188  0.2260  0.0625  0.2162  0.0137 -0.0003  0.1652 0 
 44.3793 -0.7906 -0.7011  0.0771  0.2798  0.0375  0.3963  0.1340 -0.0003  0.4827 0 
 45.6245 -0.3332  1.2399  0.1282  0.5417  0.0303  0.4808  0.2503 -0.0003  0.8903 0 
 37.9553  0.3592 -1.9210  0.0474  0.3096  0.0203  0.4592  0.1240 -0.0003  0.3127 0 
 41.7884  0.4133 -2.8237  0.2645  0.1785  0.0465  0.4027  0.4177 -0.0003  0.9833 1 
 31.8090 -0.3656  0.2945  0.0623  0.4427  0.0247  0.2896  0.1516  0.3003  0.9350 1 
 47.8401  0.5177  2.7343  0.0307  0.1407  0.2347  0.4749  0.0809 -0.0003  0.2238 0 
 45.1820 -0.5247 -0.3994  0.2278  0.3403  0.0247  0.2191  0.1162 -0.0003  0.6191 0 
 49.5247  0.3346  1.7821  0.1636  0.2685  0.0493  0.5991  0.1370 -0.0003  0.8279 1 
 40.3601 -0.3532 -1.3885  0.4526  0.2996  0.0487  0.4516  0.6131 -0.0003  0.9980 1 
 45.8534 -0.6649  2.4718  0.0179  0.4284  0.2162  0.3929  0.0550 -0.0003  0.2734 0 
 28.4337  0.6715 -0.6051  0.0179  0.1713  0.0188  0.0998  0.0001 -0.0003  0.0896 0 
 49.4789  0.0011  1.0165  0.0177  0.1324  0.1305  0.4709  0.0112  0.0569  0.1324 0 
 48.8380  0.0385 -2.0891  0.0333  0.4394  0.0756  0.3006  0.0440 -0.0003  0.3089 0 
 46.8788 -0.7716 -2.6840  0.1304  0.1925  0.0306  0.1736  0.0875 -0.0003  0.3769 1 
 39.6918  0.7488  0.4555  0.2630  0.1526  0.0877  0.3629  0.2769  0.6211  0.9994 1 
 46.3294 -0.2246  1.3589  0.0234  0.2588  0.0589  0.3483  0.0403 -0.0003  0.1720 0 
 45.4963  0.2192 -1.7926  0.0369  0.2085  0.0547  0.1750  0.0823 -0.0003  0.2305 0 
 49.6803  0.4286  2.3452  0.0625  0.1669  0.0584  0.3848  0.0477 -0.0003  0.2302 0 
 37.2656 -0.3965 -0.7794  0.0466  0.6767  0.0243  0.3231  0.0239 -0.0003  0.2698 0 
 45.2522 -0.7749  2.3786  0.3507  0.3143  0.0661  0.5257  0.7872 -0.0003  0.9987 1 
 32.6238  0.7844 -0.7807  0.0494  0.4859  0.0361  0.3355  0.1081  0.2718  0.8088 1 
 46.8086 -0.0201 -2.0431  0.0092  0.2301  0.0132  0.3040  0.0377 -0.0003  0.0447 0 
 45.7588  0.0196  1.1073  0.0094  0.0788  0.0289  0.3494  0.1191 -0.0003  0.0697 0 
 44.8371 -0.0709  0.0484  0.7261  0.4881  0.0409  0.5269  0.6540 -0.0003  0.9979 1 
 41.5930  0.0726 -3.0289  0.4292  0.3306  0.0530  0.5824  0.3323 -0.0003  0.9909 1 
 47.1138  0.4961 -2.3177  0.0058  0.1861  0.2903  0.3468  0.1253 -0.0003  0.2700 0 
 45.4994 -0.5216  0.7999  0.0175  0.3645  0.0889  0.6562  0.0663 -0.0003  0.2856 0 
 43.1617  0.2854 -2.7400  0.0077  0.1575  0.0505  0.2218  0.0231 -0.0003  0.0811 0 
 39.4629 -0.2931  0.3684  0.0660  0.7806  0.0060  0.2726  0.0565 -0.0003  0.2727 0 
 44.6845  0.1175  0.2714  0.0550  0.0574  0.0440  0.3516  0.1110 -0.0003  0.1236 0 
 43.9796 -0.0826 -2.9374  0.0927  0.2534  0.0510  0.1766  0.0225 -0.0003  0.3832 0 
 49.8177 -0.1722 -0.4292  0.0067  0.4743  0.0928  0.6836  0.1519 -0.0003  0.3236 0 
 39.9084  0.1650  2.7042  0.0252  0.7463  0.0077  0.2718  0.0266 -0.0003  0.1341 0 
 48.1453 -0.1318 -2.2736  0.0264  0.2116  0.0394  0.1724  0.1330 -0.0003  0.2235 0 
 40.8331  0.1693  0.8802  0.0337  0.1653  0.1067  0.4052  0.0259 -0.0003  0.1525 0 
 48.1758  0.0563 -1.0838  0.0222  0.4091  0.0628  0.3879  0.0611 -0.0003  0.2455 0 
 43.7263 -0.0439  2.0499  0.0009  0.1597  0.0162  0.3094  0.1486 -0.0003  0.0644 0 
 50.1076  0.7044  1.3174  0.0473  0.1857  0.0428  0.2133  0.0217 -0.0003  0.1470 0 
 45.8473 -0.6796 -1.8137  0.0725  0.6347  0.0435  0.3492  0.0839 -0.0003  0.5958 0 
 48.0781 -0.3953  1.9207  0.0363  0.3253  0.1177  0.5175  0.0703 -0.0003  0.3139 0 
 46.9062  0.3702 -1.2158  0.0478  0.3482  0.0285  0.1736  0.0814 -0.0003  0.2037 0 
 47.3335  0.5267 -0.5888  0.0096  0.0693  0.0373  0.1732  0.0123 -0.0003  0.0626 0 
 47.0008 -0.5064  2.5513  0.0267  0.2550  0.0216  0.4337  0.2034 -0.0003  0.2772 0 
 32.1965 -0.3783 -2.3424  0.3864  0.4635  0.0946  0.4329  0.2552  0.6133  0.9998 1 
 27.8355  0.3965  0.8114  0.0862  0.4333  0.0186  0.2008  0.0883  0.0932  0.4987 1 
 47.1534  0.7727  1.7666  0.0942  0.5762  0.0688  0.4767  0.0078 -0.0003  0.4975 0 
 28.3085 -0.7546 -1.3137  0.0114  0.1406  0.0977  0.5495  0.0081 -0.0003  0.1214 0 
 47.0314 -0.4803 -0.0636  0.0967  0.5169  0.0596  0.4337  0.1662  0.3313  0.9604 0 
 42.6947  0.4742  3.1310  0.0560  0.5119  0.0485  0.3559  0.0407  0.3953  0.9718 0 
 46.9093 -0.4034 -0.7944  0.0411  0.2126  0.0585  0.4340  0.1087  0.1011  0.4217 0 
 43.7995  0.3984  2.3308  0.0357  0.3934  0.0645  0.5302  0.0283 -0.0003  0.2899 0 
 43.5920 -0.2660 -1.2599  0.1483  0.2266  0.0565  0.3982  0.2122 -0.0003  0.8240 0 
 33.4264  0.2487  1.8635  0.0197  0.2526  0.0280  0.3331  0.0397 -0.0003  0.0884 0 
 52.1248 -0.6662  2.4248  0.0076  0.8241  0.0435  0.3802  0.0772  0.1322  0.4504 0 
 49.6803  0.6780 -0.6908  0.1007  0.7634  0.0359  0.2138  0.0703 -0.0003  0.6186 0 
 53.7362 -0.4033 -1.0849  0.0093  0.2348  0.2536  0.3353  0.0136 -0.0003  0.1834 0 
 42.7405  0.3976  2.0003  0.0985  0.2245  0.0319  0.3558  0.0173 -0.0003  0.3055 0 
 42.6551 -0.7801 -0.1228  0.0408  0.3348  0.0403  0.2670  0.0711 -0.0003  0.2344 0 
 34.7082  0.7765  3.0048  0.0102  0.1858  0.0291  0.1883  0.0054 -0.0003  0.0738 0 
 42.7070 -0.3745  1.5909  0.0268  0.1599  0.0237  0.3559  0.0895 -0.0003  0.0869 0 
 40.5768  0.4026 -1.5512  0.0055  0.1667  0.0421  0.3157  0.1596  0.0893  0.2759 0 
 48.0903 -0.1966  0.1352  0.0082  0.5776  0.0166  0.3449  0.0661 -0.0003  0.1068 0 
 47.2541  0.2160 -2.9965  0.0101  0.1346  0.0432  0.4331  0.0089 -0.0003  0.0885 0 
 45.9907  0.0861  1.6655  0.0811  0.7902  0.0106  0.2181  0.0507 -0.0003  0.3295 0 
 41.7517 -0.0779 -1.4796  0.0123  0.5910  0.0430  0.5818  0.0737 -0.0003  0.2538 0 
 46.4942 -0.6795 -0.5503  0.0197  0.2159  0.1297  0.3915  0.0089 -0.0003  0.1514 0 
 42.4201  0.6684  2.5884  0.0209  0.0983  0.0871  0.2228  0.0266 -0.0003  0.0893 0 
 45.0690 -0.0398 -0.2955  0.1864  0.5095  0.0183  0.3070  0.1722 -0.0003  0.7244 0 
 39.0387  0.0267  2.8628  0.0222  0.3675  0.0564  0.3190  0.0202 -0.0003  0.2175 0 
 48.4443  0.5385  1.0549  0.1371  0.4355  0.0301  0.4734  0.1080  0.1486  0.8334 0 
 26.0685 -0.5135 -2.0965  0.0229  0.3056  0.0019  0.2049  0.0248  0.0851  0.1216 0 
 53.6751 -0.3432 -1.0219  0.0098  0.0575  0.1067  0.5031  0.0519 -0.0003  0.0704 0 
 47.5563  0.3533  2.1017  0.0299  0.2749  0.0365  0.3027  0.0976 -0.0003  0.1788 0 
 47.5654  0.4655  0.8601  0.0578  0.2414  0.0533  0.5189  0.2249 -0.0003  0.5534 1 
 42.9389 -0.4868 -2.2824  0.9784  0.7237  0.0340  0.4442  1.0130 -0.0003  0.9983 1 
 44.1352 -0.6977 -1.4893  0.0190  0.2733  0.0617  0.3968  0.0440 -0.0003  0.1753 0 
 43.2013  0.6825  1.6649  0.0237  0.4499  0.0202  0.3548  0.0181 -0.0003  0.1387 0 
 48.8594 -0.4154  2.3709  0.1766  0.4612  0.0765  0.2576  0.1441 -0.0003  0.8906 1 
 46.7536  0.4282 -0.7601  0.0757  0.3464  0.0691  0.4343  0.0927 -0.0003  0.5072 1 
 44.0620 -0.7015 -1.8078  0.0147  0.2622  0.1568  0.3970  0.0081 -0.0003  0.1733 0 
 42.5757  0.7212  1.3492  0.0280  0.3041  0.0131  0.1781  0.0079 -0.0003  0.1011 0 
 40.8728 -0.0387  2.0078  0.0057  0.1349  0.1143  0.4501  0.0439  0.7894  0.8393 1 
 30.4295  0.0496 -1.1618  0.3899  0.3550  0.0344  0.2445  0.2774 -0.0003  0.9796 1 
 46.8360 -0.3796  0.3991  0.2767  0.5130  0.0330  0.4775  0.4363 -0.0003  0.9919 1 
 45.6886  0.3350 -2.7496  0.3842  0.4052  0.0570  0.4807  0.2679 -0.0003  0.9833 1 
 45.8442 -0.3504 -0.2703  0.4370  0.4415  0.0424  0.3056  0.4495 -0.0003  0.9965 1 
 40.1831  0.3299  2.8489  0.2146  0.3137  0.0324  0.3165  0.3281 -0.0003  0.9323 1 
 52.1645  0.7922 -2.7688  0.0215  0.4300  0.0402  0.1267  0.0175 -0.0003  0.2704 0 
 46.5858 -0.8013  0.3203  0.0561  0.1964  0.1319  0.6087  0.0519  0.1846  0.5137 0 
 46.1250 -0.0417 -1.9158  0.0887  0.1862  0.0305  0.2179  0.0561 -0.0003  0.2093 0 
 44.0345  0.0421  1.2308  0.0173  0.1438  0.2208  0.5295  0.1354 -0.0003  0.2756 0 
 51.2886 -0.3641 -0.6735  0.1732  0.1911  0.0582  0.4666  0.1766 -0.0003  0.8221 1 
 44.5838  0.4052  2.4913  0.4905  0.2362  0.0315  0.3958  0.4509 -0.0003  0.9952 1 
 56.7117  0.6738 -0.6955  0.0058  0.4661  0.0191  0.3309  0.1619 -0.0003  0.1626 0 
 48.7617 -0.6732  2.4121  0.0719  0.1161  0.0418  0.3867  0.1436 -0.0003  0.2774 0 
 55.2956  0.1543 -2.0585  0.1594  0.5616  0.1320  0.5827  0.1915 -0.0003  0.9207 1 
 49.7688 -0.1372  1.0316  0.0000  0.4462  0.0583  0.5129  0.0784 -0.0003  0.1790 1 
 44.0253  0.0796 -0.2474  0.1648  0.5043  0.0282  0.5295  0.0861 -0.0003  0.7669 0 
 36.4996 -0.0722  2.8845  0.1199  0.4293  0.0123  0.2786  0.0488 -0.0003  0.3099 0 
 43.3295 -0.5924  0.9522  0.0799  0.3340  0.0905  0.5761  0.1357 -0.0003  0.6320 1 
 34.6502  0.5872 -2.1253  0.0779  0.0761  0.0157  0.4239  0.1970 -0.0003  0.2434 1 
 43.7720 -0.6958 -0.0629  0.4992  0.6791  0.0342  0.5303  0.5816  0.1854  0.9989 1 
 36.3714  0.7180  3.0962  0.0887  0.2502  0.0472  0.3253  0.1783 -0.0003  0.5879 1 
 45.1759  0.3602 -0.9759  0.0360  0.5790  0.0355  0.4821  0.0488 -0.0003  0.3300 0 
 44.0589 -0.3642  2.1565  0.0230  0.2704  0.0186  0.4412  0.0762 -0.0003  0.1275 0 
 43.8666  0.6437  2.7543  0.3170  0.4219  0.0373  0.3092  0.2474 -0.0003  0.9562 1 
 41.9409 -0.6500 -0.4454  0.0151  0.3891  0.0363  0.4023  0.0723  0.2065  0.4991 1 
 46.5064 -0.3628 -2.7643  0.0058  0.2354  0.0210  0.3045  0.1141 -0.0003  0.0727 0 
 34.6685  0.3436  0.4030  0.0134  0.6458  0.0511  0.4239  0.0108 -0.0003  0.2089 0 
 49.2378 -0.7954 -2.3263  0.0081  0.6667  0.0446  0.3429  0.0372 -0.0003  0.2051 0 
 38.7976  0.7854  0.8101  0.0104  0.1920  0.0519  0.3195  0.0173 -0.0003  0.0988 0 
 47.4159 -0.4677 -0.0224  0.0022  0.1495  0.0463  0.2164  0.0598 -0.0003  0.0668 0 
 45.0233  0.4617  3.1225  0.0052  0.6787  0.0251  0.3509  0.0047 -0.0003  0.1548 0 
 45.2583  0.5415 -1.3632  0.0079  0.2034  0.0132  0.2628  0.0469 -0.0003  0.0408 0 
 44.2237 -0.5570  1.7922  0.3657  0.2882  0.0338  0.1763  0.3781 -0.0003  0.9854 0 
 46.1707 -0.3202 -0.1347  0.0273  0.6693  0.0208  0.4358  0.0153 -0.0003  0.2232 0 
 42.3651  0.3136  3.0304  0.0667  0.5301  0.0084  0.2675  0.0882 -0.0003  0.2125 0 
 52.1767  0.5420 -2.3067  0.0150  0.3720  0.1073  0.3800  0.0049 -0.0003  0.1839 0 
 36.0204 -0.5298  0.8371  0.0002  0.6031  0.0576  0.2796  0.0406 -0.0003  0.2207 0 
 54.6914  0.6447  3.1051  0.0594  0.0590  0.2099  0.0835  0.0797 -0.0003  0.1497 0 
 38.8678 -0.6182 -0.0167  0.0719  0.3869  0.0189  0.3194  0.0290 -0.0003  0.2336 0 
 51.4351  0.4153  2.0296  0.0119  0.7395  0.0253  0.2967  0.0070 -0.0003  0.1734 0 
 47.4678 -0.4203 -1.0965  0.0232  0.3953  0.0652  0.3029  0.0247 -0.0003  0.2421 0 
 45.7679 -0.7414 -1.4422  0.0142  0.1771  0.1800  0.5678  0.0261 -0.0003  0.1848 0 
 43.2593  0.7488  1.7279  0.0715  0.3352  0.0819  0.5320  0.0466 -0.0003  0.4271 0 
 47.7852  0.5330 -0.3721  0.0692  0.4525  0.0479  0.3023  0.0219 -0.0003  0.4378 0 
 47.7729 -0.4948  2.7714  0.1411  0.3105  0.1109  0.3024  0.1100 -0.0003  0.7063 0 
 47.8492 -0.7855 -2.8973  0.1062  0.4620  0.0985  0.6476  0.0605 -0.0003  0.5752 1 
 45.2918  0.7769  0.2094  0.0447  0.3764  0.1722  0.6569  0.1353 -0.0003  0.5166 1 
 45.1148  0.6209  2.6822  0.0150  0.5025  0.0235  0.3507  0.0714 -0.0003  0.1344 0 
 40.5219 -0.6155 -0.3953  0.0111  0.4153  0.0726  0.4511  0.1214 -0.0003  0.2623 0 
 42.6551  0.3875 -3.0736  0.1071  0.6615  0.0781  0.4894  0.1047 -0.0003  0.7194 1 
 38.3001 -0.3717  0.0778  0.5135  0.2840  0.0489  0.5039  0.6618 -0.0003  0.9982 1 
 44.2817  0.2451 -2.5493  0.0314  0.2685  0.1022  0.5287  0.0501 -0.0003  0.2640 0 
 43.9887 -0.2642  0.6250  0.0750  0.2734  0.0252  0.3089  0.1116  0.0472  0.4459 0 
 41.4832 -0.1066  1.8887  0.0421  0.2142  0.0642  0.4035  0.0626 -0.0003  0.2360 0 
 39.8047  0.1335 -1.2735  0.0244  0.7497  0.0116  0.2720  0.0067 -0.0003  0.1421 0 
 41.1322 -0.2131 -1.4322  0.0122  0.1691  0.0657  0.3145  0.1050 -0.0003  0.1334 0 
 38.7488  0.2890  1.6835  0.0092  0.0670  0.1278  0.4110  0.1883 -0.0003  0.1105 0 
 64.9027 -0.6143 -0.8592  0.0021  0.0319  0.0208  0.1601  0.0182 -0.0003  0.0463 0 
 41.0895  0.6080  2.2721  0.0478  0.2309  0.0100  0.3146  0.0506 -0.0003  0.0853 0 
 43.7690  0.0843 -2.8952  0.0521  0.0947  0.0329  0.0884  0.0068 -0.0003  0.1009 0 
 39.5026 -0.0383  0.2852  0.0118  0.3636  0.0392  0.3180  0.0152 -0.0003  0.1473 0 
 48.0232 -0.0292 -1.9122  0.0092  0.4268  0.0707  0.4314  0.0429 -0.0003  0.1848 0 
 44.2542  0.0207  1.2390  0.1556  0.2464  0.1295  0.3084  0.2142 -0.0003  0.9022 0 
 47.6539  0.6521 -2.2821  0.0256  0.2549  0.0755  0.3458  0.0261 -0.0003  0.1846 0 
 45.4994 -0.6375  0.8652  0.0121  0.5319  0.0661  0.5687  0.0187 -0.0003  0.2062 0 
 42.0752  0.6586 -0.6368  0.1751  0.4960  0.0225  0.4466  0.1170  0.0151  0.7558 0 
 36.6400 -0.6530  2.4700  0.1844  0.6511  0.0280  0.3246  0.1420 -0.0003  0.8106 0 
 45.2583 -0.3889 -0.2969  0.0061  0.0749  0.0167  0.2629  0.0456 -0.0003  0.0356 0 
 29.6391  0.3767  2.8434  0.0676  0.1750  0.0159  0.3449  0.0479 -0.0003  0.1254 0 
 41.9043 -0.7243  2.5595  0.0805  0.2948  0.1798  0.6706  0.2361 -0.0003  0.8742 0 
 36.9970  0.7138 -0.5405  0.0274  0.1670  0.1516  0.1850  0.0091 -0.0003  0.1449 0 
 46.0914 -0.7575 -2.2072  0.0446  0.0862  0.1787  0.4360  0.0477  0.2941  0.2962 0 
 34.4854  0.7578  1.0179  0.0572  0.5346  0.0740  0.4245  0.0422 -0.0003  0.3806 0 
 44.3549 -0.7418  2.1517  0.0514  0.3306  0.0164  0.3083  0.0557 -0.0003  0.1407 0 
 39.7436  0.7408 -0.9927  0.0271  0.5256  0.0401  0.3175  0.0115 -0.0003  0.2565 0 
 55.7198 -0.1619  1.0546  0.0138  0.0730  0.1101  0.1246  0.0086 -0.0003  0.0951 0 
 40.5280  0.1580 -2.1355  0.0530  0.1460  0.0313  0.3609  0.1624 -0.0003  0.2441 0 
 45.1820  0.5118  0.7941  0.0780  0.3642  0.0315  0.4821  0.0264 -0.0003  0.4260 0 
 41.4771 -0.5344 -2.3396  0.0218  0.2669  0.0196  0.3138  0.1368  0.1119  0.3806 0 
 46.9947 -0.2455 -0.9375  0.0037  0.4125  0.0724  0.6073  0.1042  0.0612  0.3075 0 
 35.2575  0.2607  2.1833  0.0269  0.4980  0.0760  0.4219  0.0362 -0.0003  0.2498 0 
 45.5055  0.4771 -0.9360  0.2447  0.6096  0.0627  0.2624  0.1386 -0.0003  0.9293 1 
 26.6545 -0.5079  2.1834  0.1122  0.2284  0.0577  0.3052  0.1241  0.3500  0.9349 1 
 37.3938  0.7335  2.7592  0.0150  0.0951  0.0137  0.4150  0.2072 -0.0003  0.1190 0 
 31.2718 -0.7391 -0.3914  0.1941  0.4922  0.0227  0.1940  0.3194  0.2781  0.9859 0 
 43.2136 -0.0234 -2.6569  0.0405  0.5017  0.0175  0.3104  0.0225 -0.0003  0.1636 0 
 42.7893  0.0371  0.5051  0.0311  0.5357  0.0584  0.3557  0.1022  0.4367  0.9594 0 
 52.6650 -0.6545 -1.3659  0.1142  0.4671  0.0752  0.3792  0.0729 -0.0003  0.6270 0 
 48.8838  0.6481  1.7671  0.0140  0.1854  0.2691  0.4723  0.0145 -0.0003  0.1866 0 
 40.4730  0.7414 -1.8377  0.0002  0.0518  0.0203  0.1805  0.0517 -0.0003  0.0404 0 
 36.1486 -0.7406  1.2704  0.0693  0.4882  0.0837  0.4655  0.0175 -0.0003  0.3810 0 
 36.6430 -0.3736  0.4575  0.0325  0.1663  0.0692  0.0927  0.0019 -0.0003  0.2136 0 
 24.4724  0.3988 -2.6728  0.0402  0.2665  0.0191  0.2612  0.0443 -0.0003  0.0992 0 
 44.7913  0.3010  1.4819  0.1468  0.7563  0.0834  0.4832  0.2394 -0.0003  0.9560 1 
 40.7507 -0.2945 -1.6838  0.1877  0.4905  0.0251  0.3153  0.2762  0.0736  0.9015 1 
 48.3375 -0.1920  2.7553  0.0969  0.1367  0.0391  0.2153  0.0674 -0.0003  0.2188 0 
 48.2307  0.1895 -0.3832  0.0057  0.3744  0.0402  0.3016  0.0314 -0.0003  0.1268 0 
 48.9113 -0.5489 -0.2806  0.0047  0.6655  0.0222  0.3005  0.0388 -0.0003  0.1196 0 
 45.6458  0.5421  2.8817  0.0015  0.3190  0.0804  0.1748  0.0217 -0.0003  0.2369 0 
 47.9652 -0.4700  2.5353  0.0067  0.1219  0.0864  0.4746  0.0136 -0.0003  0.0887 0 
 45.2674  0.4769 -0.6113  0.0399  0.2847  0.0424  0.4818  0.0366 -0.0003  0.2585 0 
 44.9012  0.7246 -1.9009  0.1068  0.3332  0.1003  0.2634  0.0067 -0.0003  0.5073 0 
 42.5360 -0.7178  1.2384  0.0495  0.2185  0.0457  0.2227  0.1100 -0.0003  0.2758 0 
 48.2582 -0.7121 -2.8876  0.0370  0.2630  0.0222  0.2585  0.0462 -0.0003  0.1011 0 
 39.4415  0.6703  0.2229  0.0210  0.6382  0.0540  0.4090  0.0184 -0.0003  0.2395 0 
 53.6477 -0.3593  1.6290  0.3536  0.3489  0.0802  0.2516  0.3710  0.5458  0.9997 1 
 50.3548  0.3761 -1.5304  0.8649  0.7222  0.0667  0.4261  0.6503 -0.0003  0.9981 1 
 44.6265  0.5155  1.2928  0.0435  0.3191  0.1021  0.7035  0.0690 -0.0003  0.4304 0 
 43.1617 -0.4897 -1.8153  0.0384  0.3971  0.0303  0.3105  0.0798 -0.0003  0.2135 0 
 44.0955  0.2373 -2.8078  0.0444  0.0669  0.0449  0.2646  0.2347 -0.0003  0.2220 0 
 42.0172 -0.2275  0.3482  0.0009  0.3591  0.0231  0.2681  0.0952 -0.0003  0.0873 0 
 42.6917 -0.7819  2.4186  0.0062  0.0963  0.2273  0.1779  0.0101 -0.0003  0.0705 0 
 40.8301  0.7605 -0.7015  0.0107  0.6831  0.0733  0.3602  0.1459 -0.0003  0.4287 0 
 45.9480 -0.3509  1.3048  0.0181  0.4395  0.0743  0.3927  0.0291 -0.0003  0.2105 0 
 39.5483  0.3386 -1.8347  0.0000  0.0205  0.0104  0.1362  0.0128  0.1394  0.2185 0 
 47.4159 -0.6919  0.6078  0.0162  0.6745  0.0172  0.3462  0.1430 -0.0003  0.2020 0 
 46.6621  0.6854 -2.5143  0.0304  0.0982  0.0247  0.2607 -0.0002 -0.0003  0.0591 0 
 44.6204 -0.7422  1.9638  0.0350  0.2163  0.3962  0.4836  0.0757 -0.0003  0.3542 0 
 43.5767  0.7217 -1.1679  0.0055  0.5038  0.0403  0.4867  0.0510 -0.0003  0.1762 0 
 44.8676 -0.6937  1.2609  0.0813  0.4007  0.0789  0.6146  0.0109 -0.0003  0.4454 0 
 41.3428  0.6967 -1.8362  0.0174  0.7900  0.0464  0.4487  0.0170 -0.0003  0.2513 0 
 48.5847  0.0315  0.5839  1.3544  0.7254  0.0271  0.6450  1.1530 -0.0003  0.9982 1 
 40.4639 -0.0323 -2.5772  0.3552  0.5955  0.0556  0.4965  0.3873  0.5234  0.9998 1 
 50.4677  0.0932  1.2686  0.0766  0.4220  0.1542  0.6814  0.2184 -0.0003  0.8363 0 
 47.4800 -0.0481 -1.8191  0.0091  0.1211  0.1252  0.3028  0.0054 -0.0003  0.0734 0 
 45.0874 -0.5921 -2.8639  0.0162  0.2256  0.0631  0.3508  0.1036 -0.0003  0.1798 0 
 41.6785  0.6408  0.2355  0.0218  0.5686  0.0139  0.1791  0.0842 -0.0003  0.1383 0 
 53.2235 -0.0755 -2.6256  0.3101  0.1998  0.1582  0.2521  0.2485 -0.0003  0.9821 1 
 29.9504  0.0789  0.5299  0.6361  0.3180  0.0285  0.4912  0.2235  0.1626  0.9907 1 
 52.4666 -0.3235 -0.3682  0.0203  0.3661  0.1352  0.5904  0.0502 -0.0003  0.2670 0 
 45.3925  0.2804  2.8230  0.0326  0.5820  0.0193  0.3501  0.0324 -0.0003  0.1748 0 
 52.1889 -0.6827 -2.8682  0.5661  0.2984  0.0511  0.5490  0.5071 -0.0003  0.9963 1 
 51.4321  0.6947  0.3137  0.9780  0.7647  0.0790  0.5510  0.8238 -0.0003  0.9981 1 
 47.3671 -0.3358 -3.0606  0.0092  0.0261  0.0384  0.1299  0.0080 -0.0003  0.0730 0 
 46.1433  0.3225  0.0490  0.0435  0.2705  0.0776  0.4358  0.0413 -0.0003  0.2736 0 
 47.7211  0.2874 -1.4798  0.0007  0.4381  0.0480  0.3888  0.0324 -0.0003  0.1466 0 
 47.6112 -0.2850  1.6571  0.0114  0.2780  0.0262  0.2594  0.0024 -0.0003  0.0922 0 
 45.7984 -0.2635  0.5565  0.0162  0.0402  0.0228  0.3057  0.0057 -0.0003  0.0490 0 
 34.7906  0.2839 -2.5920  0.0155  0.5058  0.0128  0.0941  0.0037  0.0927  0.1902 0 
 46.8574 -0.2710  2.8298  0.0450  0.6120  0.0617  0.6945  0.1843 -0.0003  0.6181 0 
 43.3295  0.2805 -0.3410  0.2342  0.3036  0.0207  0.2659  0.2457 -0.0003  0.8157 0 
 45.7740 -0.3947  2.9748  0.0992  0.6884  0.0212  0.2184  0.0723 -0.0003  0.4374 0 
 45.1423  0.4093 -0.1512  0.0524  0.1287  0.1213  0.4822  0.0541  0.1369  0.3401 0 
 52.3537 -0.6525  1.4197  0.0050  0.0282  0.0885  0.1688  0.0206 -0.0003  0.0877 0 
 44.4709  0.6740 -1.7145  0.0228  0.5311  0.0297  0.3521  0.0496 -0.0003  0.1847 0 
 50.1991 -0.1287 -2.3269  0.2433  0.7933  0.0434  0.3412  0.1401 -0.0003  0.9170 1 
 45.8656  0.1395  0.8164  0.5472  0.4514  0.0497  0.4365  0.6353 -0.0003  0.9981 1 
 69.8222 -0.7477 -0.4353  0.0749  0.1844  0.0727  0.1967  0.0073 -0.0003  0.2860 0 
 41.2634  0.7504  2.6919  0.0134  0.6995  0.0161  0.3591  0.0172 -0.0003  0.1308 0 
 48.2185 -0.7592  0.5723  0.0114  0.1347  0.0292  0.3878  0.0302 -0.0003  0.0628 0 
 28.8792  0.7428 -2.5764  0.0549  0.7255  0.0157  0.2483  0.0142 -0.0003  0.2225 0 
 45.0111 -0.7578  1.6321  0.0959  0.5706  0.0275  0.5264  0.1224 -0.0003  0.7245 1 
 30.3502  0.7777 -1.5592  0.1827  0.3636  0.0928  0.3915  0.0853  0.7089  0.9989 1 
 50.4311  0.3388 -2.8636  0.0565  0.4339  0.0910  0.3834  0.0176 -0.0003  0.3306 0 
 47.4128 -0.3274  0.2781  0.0676  0.2841  0.0756  0.2164  0.0328 -0.0003  0.3888 0 
 44.9500 -0.5553 -1.7726  0.0255  0.3198  0.0251  0.3072  0.0078  0.0840  0.2747 0 
 41.4832  0.5530  1.3684  0.0117  0.3437  0.0127  0.1793  0.0562 -0.0003  0.0865 0 
 43.8636 -0.4131 -2.5256  0.0337  0.2097  0.0356  0.3534  0.0113 -0.0003  0.1307 0 
 42.3224  0.4087  0.6344  0.0036  0.6072  0.0670  0.4013  0.0246 -0.0003  0.1835 0 
 53.2509  0.4402 -0.7696  0.0230  0.6113  0.0352  0.3361  0.0285 -0.0003  0.2261 0 
 43.4669 -0.4383  2.4034  0.0350  0.2465  0.0258  0.3099  0.0043 -0.0003  0.1207 0 
 39.7406  0.6685 -1.7300  0.1534  0.3784  0.0685  0.4535  0.3276  0.5611  0.9988 1 
 36.3470 -0.6901  1.3542  0.0303  0.6649  0.0554  0.5577  0.0762  0.0265  0.3778 1 
 41.9654 -0.4982 -2.3472  0.0029  0.6844  0.0476  0.3575  0.0878 -0.0003  0.2309 0 
 39.5697  0.4589  0.7507  0.0152  0.5547  0.0261  0.2724  0.0075 -0.0003  0.1671 0 
 49.6895  0.3388  0.6726  0.0416  0.5101  0.1389  0.3420  0.0433 -0.0003  0.3097 0 
 45.3712 -0.3481 -2.4499  0.1530  0.5295  0.0235  0.3502  0.1353 -0.0003  0.7054 0 
 49.6315  0.7588 -2.4775  0.0583  0.2662  0.0448  0.2566  0.0222 -0.0003  0.2486 1 
 43.2288 -0.7251  0.6491  0.0497  0.3697  0.0988  0.6207  0.0568 -0.0003  0.3925 1 
 49.2317  0.6498  1.7878  0.0316  0.6113  0.0401  0.3000  0.0551 -0.0003  0.2932 0 
 48.9967 -0.6573 -1.3815  0.0703  0.2545  0.0936  0.6866  0.0742 -0.0003  0.5236 0 
 49.3690  0.7153 -1.1723  0.0260  0.3316  0.0215  0.3426  0.1461 -0.0003  0.1915 0 
 38.1292 -0.7206  1.9933  0.0580  0.2795  0.0356  0.3669  0.0912 -0.0003  0.3052 0 
 50.5562 -0.1732  0.5786  0.0146  0.2780  0.1919  0.3405  0.0438 -0.0003  0.2105 0 
 40.5982  0.1627 -2.5499  0.0429  0.1656  0.0760  0.2705  0.0991 -0.0003  0.2340 0 
 46.2226  0.4974 -0.9100  0.0195  0.2288  0.1869  0.5228  0.0307 -0.0003  0.2160 0 
 45.0568 -0.4914  2.2383  0.0920  0.6264  0.0890  0.6140  0.0662 -0.0003  0.5412 0 
 50.4677  0.7447 -1.2574  0.0321  0.1895  0.0935  0.4685  0.2103 -0.0003  0.3746 0 
 43.9124 -0.7550  1.9278  0.0182  0.3482  0.0143  0.2649  0.0242 -0.0003  0.0787 0 
 52.9793 -0.3071 -3.0104  0.2284  0.2929  0.0635  0.4206  0.2087 -0.0003  0.9319 1 
 47.1809  0.3112  0.1193  0.8578  0.3805  0.0312  0.4333  0.8895 -0.0003  0.9981 1 
 48.9723 -0.7222 -2.3205  0.0352  0.2789  0.0426  0.2575  0.0217 -0.0003  0.1810 0 
 48.1575  0.7315  0.8407  0.0444  0.3537  0.1325  0.5172  0.0180 -0.0003  0.2926 0 
 50.0221 -0.5553 -1.0102  0.0748  0.1736  0.3125  0.2561  0.1972 -0.0003  0.7241 0 
 44.5960  0.5815  2.0474  0.0320  0.4083  0.0388  0.5277  0.1812 -0.0003  0.4551 0 
 47.7821 -0.6402 -2.7164  0.0063  0.5183  0.0570  0.2159  0.0917 -0.0003  0.2989 0 
 47.1473  0.6268  0.4683  0.0463  0.4149  0.0263  0.5201  0.1050 -0.0003  0.4157 0 
 60.7462 -0.7427 -1.2250  0.0140  0.2734  0.0900  0.2440  0.0226 -0.0003  0.1912 0 
 45.9998  0.7298  1.9414  0.0247  0.2940  0.1093  0.3490  0.0302 -0.0003  0.1988 0 
 46.3905 -0.4490 -3.0342  0.0089  0.2515  0.0495  0.3917  0.0112  0.0930  0.2018 0 
 45.8534  0.4379  0.0873  0.0873  0.1169  0.1302  0.1746  0.0268 -0.0003  0.2371 0 
 53.1289  0.7480 -0.1899  0.0103  0.5799  0.2834  0.4204  0.1131 -0.0003  0.3410 0 
 50.5989 -0.7652  2.9732  0.0183  0.7906  0.0253  0.2553  0.0521 -0.0003  0.1798 0 
 41.2848 -0.5161  1.8796  0.0637  0.3365  0.0449  0.4040  0.0407 -0.0003  0.3593 0 
 39.4446  0.5037 -1.2875  0.1037  0.4521  0.0094  0.4544 -0.0200 -0.0003  0.4842 0 
 47.6875  0.5697  0.5727  0.0245  0.4628  0.0716  0.5186  0.0543 -0.0003  0.2627 0 
 44.2054 -0.5727 -2.5315  0.0706  0.1888  0.0323  0.3085  0.0281 -0.0003  0.1782 0 
 47.0283  0.2688  2.8671  0.5638  0.2479  0.0825  0.3903  0.4932 -0.0003  0.9966 1 
 36.6613 -0.2737 -0.2716  0.1996  0.3638  0.0269  0.1855  0.1827 -0.0003  0.7130 1 
 45.8167 -0.5499 -0.3372  0.0508  0.4130  0.0374  0.4803  0.1852 -0.0003  0.5577 1 
 45.3162  0.5463  2.7813  0.2070  0.4422  0.0624  0.5255  0.1920 -0.0003  0.9372 1 
 56.5133 -0.3120  0.4111  0.1534  0.3401  0.0776  0.2483  0.1788 -0.0003  0.8605 1 
 50.5226  0.2771 -2.7456  0.0245  0.4746  0.0431  0.3406  0.0583 -0.0003  0.2391 1 
 49.9641  0.7408 -2.3662  0.0067  0.1537  0.2706  0.2562  0.0403  0.9960  0.5952 0 
 46.8391 -0.7282  0.7797  0.0184  0.3387  0.0244  0.4341  0.0140 -0.0003  0.1396 0 
 48.5054 -0.4147 -2.7862  0.0076  0.2490  0.0534  0.3012  0.0285 -0.0003  0.1159 0 
 45.7191  0.4173  0.3641  0.0050  0.0747  0.0593  0.1748  0.0096 -0.0003  0.0826 0 
 48.4596  0.2753 -2.9845  0.0447  0.1861  0.0403  0.2152  0.0046 -0.0003  0.1450 0 
 40.4425 -0.2817  0.1725  0.0142  0.2034  0.0809  0.4062  0.0213 -0.0003  0.1319 0 
 47.2511  0.5297 -0.5684  0.0412  0.2550  0.0641  0.4764  0.1440 -0.0003  0.3867 0 
 35.6329 -0.5138  2.5582  0.0166  0.4252  0.0157  0.3739  0.0897 -0.0003  0.1157 0 
 54.9844  0.0235 -0.8221  0.0544  0.2769  0.0376  0.2917  0.0203 -0.0003  0.2182 0 
 42.7649 -0.0225  2.3449  0.0090  0.5847  0.0111  0.2223  0.0067 -0.0003  0.1116 0 
 41.6541  0.7291 -1.2474  0.0002  0.5810  0.0099  0.2239  0.0317 -0.0003  0.0931 0 
 33.4051 -0.7058  1.9070  0.0185  0.6718  0.0135  0.1904  0.1655 -0.0003  0.1937 0 
 44.5350  0.4342  2.4765  0.5417  0.6467  0.0174  0.3519  0.3985  0.0679  0.9969 1 
 39.1333 -0.4649 -0.7307  0.3641  0.5361  0.0630  0.4554  0.3513  0.4412  0.9998 1 
 44.3732  0.0722  0.2568  0.1419  0.1917  0.0526  0.3523  0.2624 -0.0003  0.8085 0 
 43.7018 -0.0558 -2.8906  0.0186  0.4407  0.0389  0.3095  0.1097 -0.0003  0.2331 0 
 44.4526  0.0080  1.8357  0.0018  0.1329  0.0235  0.1320  0.0078 -0.0003  0.0603 0 
 41.1536  0.0009 -1.2969  0.1020  0.4965  0.0310  0.1797  0.0479  0.1156  0.6685 0 
 53.2540  0.6819  1.5816  0.0319  0.6188  0.1410  0.3361  0.0861 -0.0003  0.3604 0 
 51.3802 -0.6868 -1.5589  0.0189  0.1659  0.1767  0.2544  0.0145 -0.0003  0.1296 0 
 40.9094  0.7563  0.4097  0.0087  0.5481  0.0432  0.1800  0.0034 -0.0003  0.2862 0 
 32.7214 -0.7709 -2.7020  0.1371  0.2520  0.0143  0.0958  0.0809 -0.0003  0.2657 0 
 66.5385 -0.2353  1.7419  0.0185  0.1137  0.0428  0.3182  0.1271  0.0942  0.2232 0 
 44.6967  0.1935 -1.3840  0.0732  0.2217  0.0993  0.3516  0.0206 -0.0003  0.3111 0 
 41.8433  0.7959  1.0119  0.1428  0.5315  0.0466  0.5367  0.1027 -0.0003  0.7938 1 
 39.7070 -0.8114 -2.1199  0.0168  0.5264  0.1115  0.6804  0.0259 -0.0003  0.2585 1 
 45.8839  0.0996 -0.7274  0.0391  0.6284  0.0132  0.1309  0.0124 -0.0003  0.1598 0 
 45.6001 -0.1014  2.4062  0.0386  0.1986  0.0728  0.4372  0.0561 -0.0003  0.2211 0 
 47.4678  0.4981 -2.3512  0.0993  0.5028  0.0162  0.1730  0.1774 -0.0003  0.4223 0 
 44.9134 -0.5001  0.7744  0.0122  0.0687  0.0192  0.1756  0.1400 -0.0003  0.0693 0 
 40.1038 -0.7017 -2.6193  0.1713  0.3775  0.0531  0.1810  0.1008 -0.0003  0.7653 0 
 39.7101  0.6921  0.4826  0.0123  0.1087  0.0468  0.3175  0.0152 -0.0003  0.0708 0 
 51.4778  0.6126 -0.4200  0.0631  0.6064  0.1592  0.3390  0.0557 -0.0003  0.3955 0 
 44.1382 -0.5913  2.7405  0.0252  0.6021  0.0837  0.3087  0.0043 -0.0003  0.2386 0 
 43.3570  0.6466  1.8947  0.0149  0.2742  0.0320  0.3544  0.0425 -0.0003  0.0992 0 
 43.2990 -0.6543 -1.2420  0.0232  0.1448  0.0930  0.3989  0.0108 -0.0003  0.1131 0 
 47.9133 -0.1170 -2.4709  0.0773  0.0878  0.1133  0.2590  0.0947 -0.0003  0.2051 0 
 46.5888  0.1323  0.6396  0.0856  0.2345  0.0212  0.1739  0.0374 -0.0003  0.1773 0 
 41.1414  0.6355  1.3357  0.1755  0.2671  0.0436  0.2246  0.1487 -0.0003  0.7513 1 
 32.3247 -0.6105 -1.7228  0.1788  0.4672  0.0103  0.2883  0.1003  0.1151  0.6791 1 
 47.5685 -0.0837 -0.0293  0.0616  0.0814  0.1687  0.3892  0.1317 -0.0003  0.2402 0 
 43.1647  0.0585  3.1240  0.0223  0.5900  0.1131  0.6210  0.0338 -0.0003  0.2700 0 
 40.9674 -0.6209  1.5400  0.0042  0.4636  0.1710  0.4948  0.0041 -0.0003  0.2088 0 
 37.6593  0.6401 -1.5711  0.0385  0.6037  0.0287  0.4142  0.0045 -0.0003  0.2999 0 
 43.5615 -0.6362 -1.5944  0.0020  0.2286  0.1219  0.7080  0.0447 -0.0003  0.2145 0 
 40.0519  0.6101  1.5696  0.0414  0.3163  0.0345  0.4073  0.0327  0.1940  0.5175 0 
 40.4730  0.1587 -2.8103  0.0367  0.4513  0.0324  0.1805  0.0253 -0.0003  0.2215 0 
 33.9574 -0.1284  0.3113  0.0322  0.1398  0.0312  0.2842  0.0792 -0.0003  0.0825 0 
 46.6773 -0.7462 -2.5465  0.0102  0.1207  0.0656  0.3911  0.0222 -0.0003  0.0852 0 
 38.0072  0.7408  0.6053  0.0121  0.6799  0.0240  0.3214  0.0457 -0.0003  0.1420 0 
 47.6417  0.2444 -2.9044  0.0087  0.0818  0.0540  0.1729  0.0506 -0.0003  0.0737 0 
 45.2094 -0.2375  0.2465  0.0190  0.3236  0.0191  0.0876  0.0108 -0.0003  0.1626 0 
 47.0436 -0.3816  0.4860  0.1405  0.3762  0.0616  0.4770  0.2048 -0.0003  0.8774 1 
 36.9665  0.4091 -2.7300  0.0460  0.2998  0.0529  0.3701  0.1164 -0.0003  0.3695 1 
 41.5839 -0.1421  1.2836  0.1455  0.0942  0.1405  0.3136  0.2507 -0.0003  0.7892 0 
 36.9879  0.1773 -1.9224  0.0091  0.1245  0.0277  0.3238  0.1133 -0.0003  0.0668 0 
 58.1125  0.0504  3.1235  0.0286  0.2068  0.0636  0.1644  0.0148 -0.0003  0.1978 0 
 57.7890 -0.0273 -0.0523  0.0511  0.5385  0.5025  0.4528  0.2381 -0.0003  0.8511 0 
 45.9236  0.5439  0.8422  0.0159  0.4339  0.0406  0.1745  0.0029 -0.0003  0.2577 0 
 38.7671 -0.5318 -2.2586  0.0106  0.2775  0.0320  0.4109  0.0007 -0.0003  0.1209 0 
 47.3518 -0.4436 -1.8737  0.0149  0.3913  0.0286  0.2164  0.0313 -0.0003  0.1267 0 
 41.3855  0.4408  1.2451  0.0014  0.3796  0.0557  0.5832  0.0956  0.1979  0.4467 0 
 51.1788 -0.6977 -2.5189  0.0001  0.2425  0.0422  0.3819  0.1573  0.2928  0.5974 0 
 47.0253  0.6924  0.5808  0.0964  0.1891  0.0498  0.2168  0.0818 -0.0003  0.3659 0 
 48.5786  0.0911 -1.0559  0.1003  0.5908  0.0368  0.4731  0.1518 -0.0003  0.7868 1 
 42.8107 -0.0846  2.0874  0.0796  0.3285  0.0867  0.4445  0.2076 -0.0003  0.7177 1 
 48.8319 -0.7879  3.0842  0.0803  0.2999  0.1022  0.6442  0.0991 -0.0003  0.5882 1 
 31.4733  0.7584 -0.1250  0.0450  0.3631  0.0526  0.2421  0.0187  0.3910  0.9366 1 
 41.3428 -0.1600  2.0945  0.0142  0.0702  0.0087  0.2244  0.0153 -0.0003  0.0344 0 
 36.9421  0.1544 -1.0387  0.0498  0.3325  0.0634  0.5552  0.0106 -0.0003  0.3322 0 
 45.5329  0.1034  2.8827  0.0265  0.3227  0.0351  0.3062  0.0482 -0.0003  0.1470 0 
 43.4119 -0.0940 -0.2439  0.0664  0.7546  0.0810  0.5757  0.1332 -0.0003  0.6582 0 
 50.3822  0.5450 -2.6708  0.0058  0.2575  0.0905  0.3835  0.0845 -0.0003  0.1574 0 
 47.7302 -0.5541  0.4887  0.1096  0.5282  0.0200  0.2160  0.1966 -0.0003  0.5551 0 
 47.3976  0.6476 -0.9873  0.0034  0.2457  0.0837  0.4761  0.0346  0.0501  0.1640 0 
 45.6062 -0.6469  2.1441  0.0193  0.3567  0.0307  0.3935  0.0566 -0.0003  0.1489 0 
 51.5938 -0.0301 -1.3469  0.0679  0.1471  0.0413  0.4235  0.0577 -0.0003  0.2253 0 
 43.5492  0.0326  1.8131  0.0761  0.6906  0.0127  0.2655  0.0408 -0.0003  0.2825 0 
 51.9356  0.2192 -0.2442  0.0613  0.2752  0.1157  0.4228  0.0847 -0.0003  0.3937 0 
 45.4475 -0.2358  2.8943  0.0108  0.1272  0.0899  0.2188  0.0106 -0.0003  0.0954 0 
 42.5574  0.4672  1.1546  0.0537  0.1850  0.0152  0.2226  0.0095 -0.0003  0.0836 0 
 42.5025 -0.4184 -1.9975  0.0403  0.2640  0.2781  0.2672  0.0510 -0.0003  0.3203 0 
 47.8950 -0.6060  0.0504  0.0083  0.2918  0.0305  0.5180  0.0831 -0.0003  0.1630 0 
 46.7567  0.6036 -3.1093  0.0317  0.1843  0.0279  0.2172  0.0827 -0.0003  0.0959 0 
 45.2583 -0.2408 -3.0349  0.0150  0.4402  0.0659  0.1314  0.0038 -0.0003  0.3634 0 
 44.0833  0.1944  0.1482  0.0172  0.2376  0.0332  0.1323  0.0649 -0.0003  0.1300 0 
 47.4372  0.5764  2.9498  0.0472  0.6824  0.0341  0.4760  0.0978 -0.0003  0.4887 0 
 46.3508 -0.6070 -0.1694  0.0120  0.2643  0.0849  0.4353  0.0944 -0.0003  0.1936 0 
 53.3913  0.2832 -1.5200  0.0243  0.1277  0.1071  0.2939  0.1041  0.1254  0.2548 0 
 47.1382 -0.2908  1.6248  0.0491  0.4692  0.0659  0.4334  0.0905 -0.0003  0.4275 0 
 44.2603  0.5969  0.2281  0.0395  0.3505  0.0031  0.1322  0.0651 -0.0003  0.1135 0 
 33.7591 -0.6043 -2.9519  0.1064  0.1382  0.0313  0.4271  0.0486 -0.0003  0.2948 0 
 46.5797  0.7072  0.5105  0.0588  0.4312  0.1024  0.7826  0.0213 -0.0003  0.4445 0 
 42.6551 -0.6840 -2.6531  0.0404  0.3783  0.0175  0.3115  0.0648 -0.0003  0.1382 0 
 48.5603  0.1265  1.6360  0.0162  0.1793  0.0698  0.2151  0.0075 -0.0003  0.1342 0 
 43.5676 -0.1250 -1.4995  0.0152  0.1032  0.0211  0.1770  0.0014 -0.0003  0.0536 0 
 48.3741 -0.3022 -2.8975  0.1283  0.2633  0.1285  0.7319  0.4499 -0.0003  0.9830 1 
 42.9114  0.3329  0.2076  0.2827  0.2631  0.0508  0.1777  0.1799 -0.0003  0.8925 1 
 51.7586 -0.3259 -0.8997  0.0064  0.0749  0.0425  0.1692  0.0392 -0.0003  0.0612 0 
 50.3944  0.3232  2.2331  0.0514  0.5441  0.0462  0.1278  0.0847 -0.0003  0.4211 0 
 47.6478  0.4394 -1.2845  0.1037  0.2361  0.0688  0.3458  0.0394 -0.0003  0.4220 0 
 41.2696 -0.4690  1.8232  0.0452  0.5215  0.0375  0.3591  0.2232  0.1407  0.7746 0 
 47.2908  0.6432 -2.8093  0.0010  0.1740  0.0782  0.4331  0.0156 -0.0003  0.0982 0 
 45.3407 -0.6840  0.3395  0.0315  0.5153  0.0504  0.3503  0.0247  0.2652  0.6674 0 
 46.4576 -0.5185 -1.5409  0.0822  0.2636  0.0220  0.3915  0.1295 -0.0003  0.3957 0 
 46.3569  0.5160  1.6183  0.0002  0.4776  0.0377  0.3047  0.0952 -0.0003  0.1487 0 
 48.5969  0.4931 -2.9837  0.0283  0.1029  0.0716  0.2150  0.0065 -0.0003  0.0999 0 
 43.5706 -0.4789  0.1364  0.1183  0.5635  0.0167  0.1770  0.0811 -0.0003  0.4023 0 
 55.3872 -0.7743  3.0305  0.0147  0.4734  0.0380  0.2912  0.0142 -0.0003  0.1908 0 
 50.6355  0.7800 -0.1258  0.0110  0.3319  0.0712  0.3404  0.0496 -0.0003  0.1801 0 
 48.2429 -0.6146  0.4655  0.0325  0.2035  0.2938  0.3877  0.0771 -0.0003  0.2946 0 
 45.9785  0.6225 -2.7268  0.0261  0.4236  0.0209  0.3490  0.0504 -0.0003  0.1323 0 
 50.6691 -0.6295  2.4411  0.0095  0.3707  0.1476  0.4680  0.0519  0.1626  0.3713 0 
 46.7781  0.6276 -0.7119  0.0566  0.1261  0.0480  0.4343  0.1710 -0.0003  0.3049 0 
 47.5319 -0.6294 -2.4698  0.0206  0.3192  0.0824  0.4325  0.1734 -0.0003  0.3521 0 
 44.4678  0.6118  0.6586  0.0083  0.3867  0.0142  0.2640  0.0218 -0.0003  0.0751 0 
 43.8911  0.7812 -0.2956  0.0086  0.0986  0.0808  0.3091  0.0286 -0.0003  0.0734 0 
 42.8473 -0.7815  2.8753  0.0049  0.1705  0.0392  0.2222  0.0229 -0.0003  0.0666 0 
 33.7499  0.7545 -0.1086  0.0941  0.5724  0.0224  0.3322  0.0453 -0.0003  0.4474 0 
 32.6055 -0.7491  3.0042  0.0748  0.2195  0.0618  0.2876  0.0218 -0.0003  0.2934 0 
 48.8228  0.4218  2.2285  0.0311  0.1081  0.1514  0.2147  0.0023 -0.0003  0.0846 0 
 46.4363 -0.4268 -0.9268  0.0074  0.2867  0.0929  0.3481  0.0042 -0.0003  0.1523 0 
 47.4800  0.1288 -0.3614  0.0236  0.4997  0.0852  0.4326  0.0507 -0.0003  0.2493 0 
 45.0996 -0.1276  2.7801  0.0196  0.3295  0.0217  0.1754  0.0532 -0.0003  0.1096 0 
 56.5164 -0.7391 -1.6508  0.0431  0.2357  0.0549  0.2483  0.0873 -0.0003  0.2595 0 
 44.6387  0.7614  1.5230  0.0728  0.1735  0.0131  0.2638  0.1238 -0.0003  0.1705 0 
 46.3416  0.4345 -1.9041  0.0603  0.2161  0.0602  0.2177  0.0184 -0.0003  0.2597 0 
 45.0263 -0.4261  1.2392  0.0140  0.5643  0.0355  0.3509  0.1092 -0.0003  0.2362 0 
 45.5573 -0.3360  1.7586  0.0219  0.0660  0.0540  0.2624  0.0350 -0.0003  0.0713 0 
 45.2094  0.3524 -1.3744  0.0564  0.5633  0.0554  0.5258  0.1014 -0.0003  0.5002 0 
 49.0547  0.4372  1.0868  0.3146  0.2650  0.0351  0.5148  0.4564 -0.0003  0.9942 1 
 35.9075 -0.4352 -2.0498  0.1002  0.6138  0.0487  0.5130  0.2903  0.2205  0.9322 1 
 44.6967  0.3646 -1.3468  0.1154  0.4348  0.0515  0.3516  0.2176 -0.0003  0.8455 1 
 44.1840 -0.3801  1.7493  0.5666  0.5708  0.1079  0.5731  0.4538 -0.0003  0.9961 1 
 47.7607  0.4064 -1.6330  0.0920  0.4333  0.0465  0.3456  0.1064 -0.0003  0.6243 0 
 42.8077 -0.3961  1.5107  0.0344  0.3458  0.0616  0.2667  0.0915 -0.0003  0.3374 0 
 45.9846 -0.7418 -1.7535  0.0175  0.3659  0.2300  0.4798  0.0480 -0.0003  0.2636 0 
 44.0101  0.7502  1.4960  0.0072  0.0913  0.0774  0.3530  0.1298 -0.0003  0.1020 0 
 55.6130  0.5427 -1.9916  0.0157  0.2596  0.1003  0.5818  0.0486 -0.0003  0.2193 0 
 51.6335 -0.5490  1.1377  0.0306  0.1892  0.1655  0.5928  0.0168 -0.0003  0.2390 0 
 48.6732 -0.1032 -1.3168  0.0320  0.1516  0.0537  0.2579  0.0212 -0.0003  0.1111 0 
 48.3925  0.0873  1.8399  0.0020  0.3679  0.0350  0.3014  0.0274 -0.0003  0.1037 0 
 43.7964 -0.6255 -1.9412  0.0078  0.1528  0.0519  0.4418  0.0596 -0.0003  0.1013 0 
 29.4621  0.5984  1.1615  0.0203  0.5079  0.0278  0.2468  0.0057 -0.0003  0.1849 0 
 43.8605 -0.1454 -0.4361  0.0084  0.3502  0.0666  0.5300  0.0854 -0.0003  0.2128 0 
 42.4964  0.1327  2.7224  0.0062  0.5784  0.0548  0.4454  0.0082 -0.0003  0.1784 0 
 53.7697 -0.2151 -2.5231  0.0092  0.4890  0.1039  0.5448  0.1619 -0.0003  0.3239 0 
 44.5686  0.2125  0.6398  0.0297  0.4222  0.0617  0.2639  0.0295 -0.0003  0.2933 0 
 47.4464 -0.6403 -1.9144  0.3160  0.5701  0.0496  0.2163  0.4227  0.3613  0.9990 1 
 29.0318  0.6726  1.2553  0.2333  0.3566  0.0262  0.4958  0.3673  0.2079  0.9958 1 
 58.2040 -0.4138  0.3970  0.0118  0.2230  0.0576  0.2877  0.0742 -0.0003  0.1301 0 
 50.1320  0.4392 -2.8010  0.0084  0.3782  0.1059  0.5973  0.1633 -0.0003  0.3156 0 
 42.0172 -0.2156 -1.8804  0.4304  0.7105  0.0294  0.4467  0.2902 -0.0003  0.9860 1 
 39.1363  0.2234  1.2869  0.2283  0.5317  0.1028  0.4098  0.3131  0.6921  0.9996 1 
 45.5787  0.5925 -1.5552  0.2513  0.3851  0.0578  0.5684  0.2152 -0.0003  0.9611 0 
 39.4781 -0.5660  1.5853  0.0336  0.4797  0.0214  0.3180  0.0267 -0.0003  0.1610 0 
 43.0091 -0.7270  3.1134  0.0055  0.1792  0.0244  0.4440  0.1287 -0.0003  0.1027 0 
 37.4304  0.7295 -0.0065  0.0030  0.1242  0.0223  0.2305  0.0461 -0.0003  0.0394 0 
 51.4961  0.2628  2.2641  0.0385  0.4402  0.0336  0.3390  0.0590 -0.0003  0.2452 0 
 44.9989 -0.3242 -0.8718  0.0120  0.5378  0.0195  0.3948  0.0267 -0.0003  0.1264 0 
 46.2470  0.6188  0.1511  0.4592  0.2638  0.0672  0.6534  0.5085 -0.0003  0.9974 1 
 45.3803 -0.6570 -2.9714  0.2715  0.2125  0.0597  0.3940  0.3350  0.1230  0.9790 1 
 52.2133  0.3313  3.1130  0.0596  0.7446  0.1666  0.5489  0.2197 -0.0003  0.8083 0 
 42.0874 -0.2913 -0.0117  0.0319  0.1015  0.0135  0.2233  0.0451 -0.0003  0.0404 0 
 57.7615  0.0903 -2.3632  0.0153  0.3211  0.2188  0.4940  0.0184 -0.0003  0.2307 0 
 48.0751 -0.0900  0.7733  0.0320  0.5030  0.0371  0.3881  0.0235 -0.0003  0.2607 0 
 37.3724  0.3644 -2.1889  0.0034  0.8013  0.0368  0.3229  0.0191 -0.0003  0.1917 0 
 37.2351 -0.3527  0.9828  0.0694  0.1398  0.0449  0.4617  0.0972 -0.0003  0.2958 0 
 53.9864  0.6499  2.0069  0.4011  0.2771  0.0546  0.4606  0.5516 -0.0003  0.9976 1 
 47.1931 -0.6596 -1.1699  0.3387  0.5497  0.0466  0.3033  0.3279 -0.0003  0.9890 1 
 36.6217 -0.6781  1.6668  0.2412  0.4011  0.0331  0.6029  0.2396 -0.0003  0.9591 1 
 27.2221  0.7068 -1.4876  0.2391  0.2809  0.0445  0.4549  0.2604 -0.0003  0.9516 1 
 52.0394 -0.6970  1.7965  0.0383  0.3844  0.0533  0.3803  0.0724 -0.0003  0.3195 0 
 46.8635  0.7339 -1.2895  0.0430  0.2457  0.0524  0.3473  0.1701 -0.0003  0.3893 0 
 46.6865 -0.2505  1.6753  0.0004  0.0701  0.1059  0.1304  0.0613 -0.0003  0.0998 0 
 43.7476  0.2298 -1.4201  0.1025  0.3424  0.0271  0.3978  0.0756 -0.0003  0.4810 0 
 49.8207 -0.4816  2.0980  0.0845  0.1592  0.0421  0.4273  0.2464 -0.0003  0.5456 0 
 41.1597  0.4972 -1.0248  0.0529  0.2736  0.0630  0.4942  0.1711 -0.0003  0.4967 0 
 45.7649  0.5022 -2.9346  0.0395  0.1200  0.0640  0.3494  0.0206 -0.0003  0.1165 0 
 37.8454 -0.4997  0.2267  0.1587  0.6940  0.0255  0.5515  0.1585  0.0886  0.8465 0 
 52.3842 -0.5789  2.5286  0.0013  0.1561  0.0290  0.1687  0.0866 -0.0003  0.0618 0 
 48.3497  0.5994 -0.5937  0.0032  0.4725  0.1738  0.4306  0.0379 -0.0003  0.2258 0 
 51.0018 -0.2179 -2.7516  0.0024  0.3705  0.1429  0.7220  0.0197 -0.0003  0.2345 0 
 41.5106  0.3012  0.3273  0.0138  0.3068  0.0382  0.2689  0.0300 -0.0003  0.1187 0 
 46.6133 -0.1796  2.2090  0.0250  0.2152  0.0555  0.4347  0.0115 -0.0003  0.1632 0 
 45.9236  0.1655 -0.9290  0.0110  0.2212  0.0229  0.1745  0.0128 -0.0003  0.0736 0 
 52.0546 -0.5461  2.8598  0.0324  0.6145  0.0135  0.2113  0.0104 -0.0003  0.1453 0 
 47.8675  0.5293 -0.2651  0.0198  0.0416  0.0565  0.0863  0.0165 -0.0003  0.1020 0 
 58.0819  0.3311  2.2758  0.0042  0.2564  0.1033  0.2878  0.0916 -0.0003  0.1766 0 
 51.5602 -0.3352 -0.8227  0.0336  0.1610  0.1034  0.3388  0.0197 -0.0003  0.1367 0 
 45.8350  0.6327 -1.6461  0.0412  0.2992  0.0224  0.3930  0.0390 -0.0003  0.1631 1 
 45.0385 -0.6269  1.5276  0.3173  0.6418  0.0304  0.2193  0.2003 -0.0003  0.9453 1 
 52.3903 -0.0662 -1.3045  0.0010  0.3999  0.1072  0.5906  0.0652  0.1119  0.3204 0 
 41.9562  0.0794  1.8204  0.0207  0.2310  0.0252  0.3576  0.0203  0.0822  0.2113 0 
 49.1829  0.7178  0.5597  0.2198  0.1323  0.0584  0.5144  0.1798 -0.0003  0.8589 1 
 46.1311 -0.7534 -2.5610  0.1398  0.6952  0.0730  0.6102  0.3102  0.0778  0.9722 1 
 46.9184 -0.0521  3.1205  0.0886  0.2628  0.0396  0.4774  0.0977  0.2277  0.7819 1 
 43.0030  0.0298 -0.0136  0.0495  0.4357  0.0217  0.3996  0.1236 -0.0003  0.3381 1 
 42.2278  0.7811  1.2430  0.0109  0.5556  0.0246  0.3123  0.0170 -0.0003  0.1378 0 
 42.1759 -0.8130 -1.9056  0.0130  0.3377  0.1280  0.2678  0.0997 -0.0003  0.2786 0 
 45.2705  0.6682 -2.1784  0.1501  0.1489  0.0431  0.3066  0.0883 -0.0003  0.4582 0 
 44.8096 -0.6808  0.9665  0.0326  0.3459  0.0287  0.2635  0.0345 -0.0003  0.1431 0 
 44.4190 -0.2436  0.0951  0.0179  0.0248  0.0596  0.1761  0.1132 -0.0003  0.1030 0 
 40.9400  0.2530 -3.0400  0.0283  0.4049  0.0298  0.1799  0.0291 -0.0003  0.1731 0 
 45.9358  0.7196  2.9572  0.0072  0.3685  0.0597  0.2618  0.0374 -0.0003  0.1881 0 
 39.1821 -0.7047 -0.1842  0.1578  0.5153  0.0166  0.1821  0.1379  0.0328  0.5873 0 
 45.8442 -0.2042 -2.1619  0.5571  0.5041  0.0757  0.6112  0.6000 -0.0003  0.9976 1 
 41.1780  0.1964  0.9710  0.1373  0.1239  0.0669  0.2695  0.1442  0.6271  0.9980 1 
 40.1312 -0.6911 -0.1748  0.0570  0.1407  0.0187  0.2714  0.0240 -0.0003  0.0736 0 
 29.1936  0.6917  2.9802  0.1172  0.3673  0.0158  0.3465  0.1064 -0.0003  0.4425 0 
 44.7425 -0.2179 -1.3131  0.3663  0.5909  0.0730  0.4833  0.1713 -0.0003  0.9557 1 
 36.0571  0.1838  1.8283  0.1755  0.3490  0.0330  0.4192  0.1708 -0.0003  0.8222 1 
 50.8644  0.0816 -0.8065  0.0268  0.5521  0.0717  0.3400  0.0097 -0.0003  0.2478 0 
 30.6188 -0.0417  2.3272  0.0604 -1.0000  0.0082  0.0488  0.0063 -0.0003  0.1054 0 
 49.4362  0.2278 -1.5934  0.0272  0.3006  0.0385  0.4710  0.0246 -0.0003  0.2023 0 
 45.3529 -0.2051  1.5618  0.0376  0.0151  0.0452  0.1313  0.0887 -0.0003  0.0931 0 
 49.1157 -0.5593  2.5879  0.0366  0.1390  0.0435  0.3002  0.0226  0.1462  0.2722 0 
 45.0935  0.5509 -0.5593  0.0042  0.6518  0.0203  0.3069  0.0313 -0.0003  0.1131 0 
 52.0729  0.5289  2.1413  0.0066  0.0875  0.0107  0.1268  0.0274 -0.0003  0.0412 0 
 42.6795 -0.5238 -0.9931  0.0204  0.1094  0.0512  0.2224  0.0845 -0.0003  0.0897 0 
 54.4228  0.6555 -1.8388  0.0333  0.3049  0.0449  0.2925  0.0197 -0.0003  0.1979 0 
 52.4178 -0.6323  1.3055  0.0031  0.5400  0.0321  0.3796  0.0220 -0.0003  0.1408 0 
 55.1461  0.3296  1.6526  0.0810  0.8385  0.0508  0.4997  0.0601 -0.0003  0.6549 1 
 45.1545 -0.3275 -1.4957  0.3532  0.6458  0.0813  0.8328  0.6551 -0.0003  0.9980 1 
 50.7851 -0.2526  2.3019  0.0161  0.4092  0.1310  0.6378  0.0611  0.4147  0.5979 0 
 45.2125  0.2745 -0.8928  0.0447  0.4647  0.0117  0.1753  0.0224 -0.0003  0.1350 0 
 50.6264  0.1240 -1.8807  0.0137  0.1528  0.0423  0.2553  0.0624 -0.0003  0.0726 0 
 43.6561 -0.1217  1.2565  0.0158  0.2552  0.0243  0.1769  0.0025 -0.0003  0.1033 0 
 46.7567  0.7111  2.6878  0.0327  0.3907  0.0739  0.2606  0.0048 -0.0003  0.2854 0 
 35.3613 -0.7028 -0.3946  0.0270  0.4428  0.0432  0.3279  0.0853 -0.0003  0.2657 0 
 39.5026  0.7283  2.3758  0.0317  0.7110  0.1729  0.3634  0.0305 -0.0003  0.3143 0 
 37.6623 -0.7167 -0.7036  0.0112  0.5862  0.0287  0.3682  0.1081 -0.0003  0.1940 0 
 49.9367  0.1721 -2.0186  0.0534  0.2174  0.0424  0.2562  0.0374 -0.0003  0.1840 0 
 43.9979 -0.1938  1.1105  0.0256  0.4057  0.0717  0.2648  0.0329 -0.0003  0.2785 0 
 42.8382  0.0671  0.1296  0.0204  0.6662  0.0264  0.3556  0.0505 -0.0003  0.1815 0 
 36.6491 -0.0802 -3.0118  0.0128  0.4216  0.0065  0.2782  0.0065 -0.0003  0.0783 0 
 49.0455  0.1693 -2.0430  0.0943  0.2071  0.0417  0.2574  0.0590 -0.0003  0.3078 0 
 41.0651 -0.1920  1.1071  0.0096  0.1521  0.1447  0.1798  0.0140 -0.0003  0.1076 0 
 42.7955  0.2890  0.5679  0.0184  0.2093  0.0515  0.4001  0.0123 -0.0003  0.1338 0 
 39.8413 -0.2691 -2.5765  0.0665  0.3193  0.0253  0.0906  0.0209 -0.0003  0.2331 0 
 46.2440  0.7457  1.1746  0.0957  0.2937  0.1307  0.4356  0.1755 -0.0003  0.7321 0 
 44.9470 -0.7977 -1.9959  0.0046  0.5281  0.0314  0.3072  0.0314 -0.0003  0.1326 0 
 49.3660  0.2940 -3.0732  0.3224  0.4144  0.0634  0.3854  0.4523 -0.0003  0.9963 1 
 44.9165 -0.3050  0.0675  0.2928  0.4954  0.0520  0.2634  0.2651 -0.0003  0.9733 1 
 46.2898  0.7299  2.3993  0.0052  0.1726  0.0380  0.3484  0.0350 -0.0003  0.0667 0 
 35.4620 -0.7279 -0.7731  0.0003  0.6542  0.0251  0.3276  0.0510 -0.0003  0.1159 0 
 43.4607 -0.0618 -0.0375  0.0505  0.2393  0.0392  0.3985  0.0264 -0.0003  0.2180 0 
 39.9359  0.0411  3.0788  0.1055  0.3122  0.0532  0.4982  0.1137  0.2095  0.8426 0 
 52.5093  0.3962  2.5632  0.0287  0.0627  0.0309  0.1686  0.0070 -0.0003  0.0632 0 
 45.6977 -0.4221 -0.5408  0.0385  0.1702  0.0996  0.5243  0.0075 -0.0003  0.2015 0 
 39.6124  0.1667 -2.8056  0.0255  0.5882  0.0288  0.4085  0.0961 -0.0003  0.2702 0 
 38.1933 -0.1389  0.3188  0.0490  0.3749  0.0172  0.3668  0.0143 -0.0003  0.1830 0 
 47.6783 -0.5961  1.0083  0.0091  0.4236  0.0967  0.3889  0.0173 -0.0003  0.1793 0 
 46.8788  0.6134 -2.0925  0.0122  0.3440  0.0712  0.4341  0.0062 -0.0003  0.1765 0 
 48.8655 -0.0431  2.9960  0.4867  0.5352  0.0659  0.3435  0.4160 -0.0003  0.9969 1 
 34.6868 -0.0209 -0.1482  0.0993  0.4370  0.0270  0.2825  0.1686  0.1132  0.7459 1 
 54.2916  0.2678 -1.4355  0.0107  0.1404  0.0292  0.2091  0.0134 -0.0003  0.0565 0 
 36.3928 -0.2695  1.7068  0.0358  0.5051  0.0111  0.2788  0.0322 -0.0003  0.1213 0 
 45.6855 -0.4627  0.7726  0.0550  0.0735  0.0199  0.3059  0.0477 -0.0003  0.0600 0 
 44.0589  0.4702 -2.4030  0.0269  0.2403  0.1393  0.4853  0.0257 -0.0003  0.2099 0 
 52.8603 -0.4026  1.5311  0.0213  0.0976  0.0512  0.2526  0.0031 -0.0003  0.0813 0 
 50.9102  0.3733 -1.5420  0.0388  0.0414  0.0288  0.1700  0.0162 -0.0003  0.0585 0 
 41.6968 -0.3817  1.1157  0.2101  0.4997  0.0377  0.3134  0.5422 -0.0003  0.9892 1 
 28.6595  0.4024 -1.9918  0.2352  0.5649  0.0460  0.1493  0.2698  0.4727  0.9987 1 
 50.4768 -0.4589  0.3826  0.0420  0.2487  0.0420  0.5110  0.0323 -0.0003  0.2574 0 
 49.2836  0.4569 -2.7578  0.0038  0.4025  0.0649  0.2999  0.0621 -0.0003  0.1902 0 
 51.9112 -0.5896  1.0994  0.0532  0.3951  0.0947  0.3805  0.0269  0.0609  0.4183 0 
 45.8289  0.5910 -2.0594  0.0133  0.3820  0.0366  0.2620  0.0827 -0.0003  0.1514 0 
 46.9520 -0.4497  0.8789  0.0154  0.2048  0.0083  0.1735  0.0837 -0.0003  0.0621 0 
 44.0009  0.4364 -2.2667  0.0368  0.1868  0.0175  0.1324  0.0165 -0.0003  0.0870 0 
 52.3690 -0.7505  1.3468  0.0013  0.0663  0.0633  0.4641  0.0905  0.0384  0.0922 0 
 45.6550  0.7538 -1.8015  0.0000 -1.0000  0.0000  0.0000 -0.0200 -0.0003  0.1782 0 
 50.4952  0.6376  1.0272  0.0136  0.3179  0.0202  0.2981  0.0871 -0.0003  0.0878 0 
 48.1758 -0.6075 -2.1007  0.0842  0.5579  0.1107  0.6896  0.0295 -0.0003  0.4529 0 
 45.2705 -0.0917  2.3073  0.1572  0.0859  0.0350  0.2628  0.1867 -0.0003  0.5245 0 
 38.5473  0.1072 -0.8439  0.1658  0.7688  0.0205  0.4573  0.2214 -0.0003  0.8808 0 
 40.5005 -0.7010  0.5484  0.3694  0.7850  0.0488  0.4061  0.5247 -0.0003  0.9970 1 
 39.0967  0.6910 -2.6304  0.1619  0.3672  0.0681  0.5011  0.3799  0.2610  0.9804 1 
 51.6793  0.7954  1.5165  0.0536  0.6861  0.0445  0.5080  0.1608 -0.0003  0.6621 1 
 36.3592 -0.7927 -1.6467  0.3847  0.5742  0.0132  0.3253  0.2435 -0.0003  0.9681 1 
 46.9154 -0.7740 -0.9123  0.3433  0.3563  0.0276  0.2604  0.5541 -0.0003  0.9955 1 
 46.0456  0.7737  2.1995  0.3323  0.3047  0.0322  0.3489  0.4296 -0.0003  0.9917 1 
 41.4282  0.7136  0.6493  0.0156  0.4222  0.0164  0.3139  0.0038 -0.0003  0.1079 0 
 41.0681 -0.7085 -2.4997  0.0172  0.6406  0.0196  0.3596  0.0198 -0.0003  0.1468 0 
 45.8289 -0.4464 -1.7954  0.0147  0.5824  0.0944  0.6986  0.0806 -0.0003  0.2985 0 
 43.7629  0.4343  1.3397  0.0037  0.0936  0.0330  0.2210  0.0101 -0.0003  0.0536 0 
 45.4688  0.4936 -2.3842  0.0227  0.0272  0.0189  0.2625  0.0192 -0.0003  0.0430 0 
 40.9369 -0.4859  0.7290  0.0033  0.2570  0.1801  0.3599  0.0395 -0.0003  0.1689 0 
 57.9721  0.6224  1.6781  0.0044  0.1536  0.0477  0.2879  0.0948  0.3408  0.6637 0 
 47.4281 -0.6433 -1.4282  0.0103  0.2774  0.0404  0.4760  0.0421 -0.0003  0.1452 0 
 54.9874  0.0922  1.4298  0.2227  0.4886  0.1113  0.1667  0.2412 -0.0003  0.9736 1 
 27.4205 -0.0917 -1.7706  0.1964  0.2639  0.0483  0.3026  0.2777  0.4100  0.9981 1 
 41.3581 -0.2097 -1.3315  0.0152  0.2674  0.0336  0.3589  0.0386 -0.0003  0.1030 0 
 36.9512  0.1946  1.8432  0.0840  0.0949  0.0117  0.2313  0.0311 -0.0003  0.0595 0 
 43.2929  0.5642 -0.0628  0.0639  0.7550  0.0475  0.3545  0.0547 -0.0003  0.5552 1 
 39.1363 -0.4972  3.1033  0.1890  0.2675  0.1187  0.3643  0.1965  0.3545  0.9631 1 
 46.9215  0.7683 -2.9954  0.0132  0.2637  0.0986  0.5641  0.0328 -0.0003  0.1942 0 
 41.4038 -0.7714  0.1219  0.0153  0.5215  0.0121  0.2243  0.0334 -0.0003  0.1033 0 
 41.7487  0.3542 -0.1223  0.2028  0.7387  0.0254  0.3580  0.1591  0.3195  0.9893 1 
 37.3785 -0.3234  3.0261  0.2626  0.2800  0.0554  0.4151  0.2399  0.3489  0.9982 1 
 48.9021 -0.7136  0.8555  0.2810  0.2949  0.1527  0.3435  0.1360 -0.0003  0.9154 1 
 44.9897  0.7021 -2.3195  0.3160  0.2488  0.0537  0.4826  0.3928 -0.0003  0.9929 1 
 47.5593 -0.7397 -2.7763  0.0028  0.1807  0.0739  0.5621  0.1707  0.1456  0.3640 0 
 47.2908  0.7332  0.4118  0.1475  0.3081  0.0276  0.3464  0.2531 -0.0003  0.7992 0 
 46.3874 -0.3501 -1.9672  0.5582  0.6910  0.0800  0.3046  0.2022 -0.0003  0.9927 1 
 37.0672  0.3364  1.1903  0.0637  0.5596  0.0578  0.2311  0.1363  0.4863  0.9929 1 
 51.4931  0.0564  1.4069  0.0694  0.2297  0.1520  0.4237  0.1164 -0.0003  0.4595 0 
 49.7475 -0.0151 -1.7385  0.0156  0.3862  0.0822  0.3420  0.0626 -0.0003  0.2238 0 
 53.0983  0.7108 -1.5964  0.0128  0.0894  0.0211  0.1682  0.0070 -0.0003  0.0505 0 
 43.4272 -0.7064  1.5581  0.0093  0.2948  0.0326  0.3543  0.0681 -0.0003  0.0994 0 
 47.8584  0.3830  2.7830  0.1900  0.6277  0.0531  0.6044  0.2535 -0.0003  0.9685 0 
 46.1128 -0.3771 -0.3348  0.1512  0.4092  0.0391  0.4359  0.1713 -0.0003  0.8361 0 
 55.8236 -0.0668  1.9536  0.1232  0.4408  0.1378  0.2906  0.2775 -0.0003  0.9466 1 
 51.0170  0.0621 -1.1671  1.0710  0.4251  0.0435  0.5946  1.5753 -0.0003  0.9988 1 
 44.0070 -0.2437  1.7864  0.0172  0.2105  0.0324  0.3089  0.1406 -0.0003  0.1417 0 
 41.2604  0.2648 -1.3350  0.1259  0.1427  0.0403  0.1796  0.2152 -0.0003  0.5674 0 
 53.9040 -0.2806 -0.0127  0.0051  0.2239  0.0429  0.1257  0.0825 -0.0003  0.1430 0 
 43.6500  0.2926  3.1112  0.0220  0.4508  0.0322  0.3538  0.0202 -0.0003  0.1825 0 
 45.7038  0.3052 -0.0628  0.4003  0.3952  0.1472  0.4806  0.2946 -0.0003  0.9965 1 
 45.5879 -0.3106  3.1031  0.0945  0.4769  0.0789  0.3935  0.1163 -0.0003  0.6577 1 
 50.6233 -0.6176 -1.8223  0.2993  0.8009  0.0546  0.7234  0.3492  0.0748  0.9877 1 
 35.7183  0.6252  1.3262  0.0562  0.2678  0.0495  0.4203  0.2390 -0.0003  0.5572 1 
 49.2714  0.4266  1.8479  0.0533  0.2919  0.0439  0.2999  0.0342 -0.0003  0.2504 0 
 43.2105 -0.4251 -1.2860  0.0000  0.0301  0.0298  0.0444 -0.0200 -0.0003  0.1090 0 
 51.6548  0.5624  1.8448  0.0107  0.5054  0.0425  0.4657  0.0169 -0.0003  0.1875 0 
 50.6966 -0.5789 -1.2581  0.0559  0.6326  0.1554  0.5956  0.0714 -0.0003  0.3730 0 
 49.9580  0.4445 -2.1076  0.0362  0.2971  0.0268  0.2562  0.0247 -0.0003  0.1294 0 
 35.8801 -0.4064  1.0313  0.0355  0.0439  0.0244  0.1399  0.0196 -0.0003  0.0559 0 
 43.6500  0.1098 -2.7891  0.3984  0.8155  0.0321  0.3980  0.5682  0.0149  0.9974 1 
 37.7020 -0.1000  0.4263  0.0987  0.4604  0.0567  0.6441  0.0789  0.1275  0.7946 1 
 52.6406  0.6348 -0.7800  0.0469  0.2306  0.4094  0.3371  0.1122 -0.0003  0.5154 0 
 44.6326 -0.6461  2.3580  0.1671  0.3203  0.0367  0.2198  0.1197 -0.0003  0.6747 0 
 44.1627  0.3569  2.3791  0.3721  0.5127  0.0666  0.6172  0.3234  0.0809  0.9920 1 
 43.1708 -0.3624 -0.7600  0.0581  0.6150  0.0265  0.4435  0.0543 -0.0003  0.4290 1 
 51.1635 -0.6138  0.0494  0.3260  0.3644  0.0857  0.2547  0.4457 -0.0003  0.9962 1 
 28.4581  0.5793 -3.0178  0.2087  0.1157  0.0451  0.3990  0.2368  0.1699  0.9247 1 
 54.4625 -0.3400  2.2611  0.1631  0.3598  0.0833  0.5431  0.2413 -0.0003  0.9384 1 
 36.3714  0.3387 -0.8977  0.3009  0.2570  0.0724  0.1394  0.2673  0.5282  0.9992 1 
 51.5785  0.4607 -0.2753  0.0075  0.3719  0.0262  0.2541  0.0518 -0.0003  0.0922 0 
 46.2104 -0.4503  2.8657  0.0223  0.0327  0.0158  0.1307  0.0168 -0.0003  0.0481 0 
 42.7741  0.6819  1.6111  0.0710  0.7856  0.0373  0.2668  0.1618  0.2554  0.8092 0 
 22.0798 -0.6338 -1.3863  0.0280  0.6147  0.0611  0.3778  0.1799  0.2522  0.7807 0 
 50.6722 -0.3687  0.4609  0.1101  0.3314  0.0397  0.5956  0.1649  0.1216  0.8660 0 
 39.4476  0.3649 -2.6879  0.0557  0.1640  0.0096  0.2272  0.0264  0.1173  0.3226 0 
 47.4647 -0.0366  2.9531  0.3676  0.2361  0.0587  0.3029  0.3350  0.1833  0.9932 1 
 46.9795  0.0699 -0.1805  0.5192  0.2802  0.0598  0.5206  0.6976 -0.0003  0.9984 1 
 49.1524 -0.5821 -1.5889  0.1032  0.2698  0.0512  0.5574  0.1428 -0.0003  0.6877 0 
 43.1922  0.5642  1.5564  0.0623  0.1280  0.0288  0.2661  0.0248 -0.0003  0.0937 0 
 50.8217  0.7048  1.6086  0.0663  0.2840  0.1026  0.5527  0.0826 -0.0003  0.4551 1 
 48.2765 -0.6889 -1.4703  0.3491  0.7498  0.0522  0.4308  0.2656 -0.0003  0.9814 1 
 49.6712 -0.7214 -3.1362  0.1428  0.4379  0.0501  0.4276  0.0394 -0.0003  0.6267 0 
 48.3101  0.7087 -0.0031  0.0014  0.2661  0.1233  0.4307  0.0261 -0.0003  0.1407 0 
 51.0384  0.3412 -0.4618  0.0024  0.4452  0.1079  0.3822  0.0446 -0.0003  0.1831 0 
 50.7515 -0.3217  2.6255  0.0136  0.1807  0.0513  0.4253  0.0535 -0.0003  0.1175 0 
 51.0750  0.0917  2.3843  0.0069  0.5016  0.0644  0.2972  0.0174 -0.0003  0.2133 0 
 34.7784 -0.0714 -0.7868  0.0415  0.6059  0.0195  0.2824  0.0750 -0.0003  0.2012 0 
 50.6172  0.2787 -0.2236  0.0110  0.2431  0.0492  0.2553  0.0435 -0.0003  0.1127 0 
 30.5028 -0.2795  2.9328  0.0076  0.2982  0.0197  0.2932  0.0268 -0.0003  0.0633 0 
 45.3040  0.5037  1.6914  0.1428  0.4713  0.1800  0.3941  0.0831 -0.0003  0.6466 1 
 40.9857 -0.4834 -1.4510  0.3014  0.4791  0.0317  0.2699  0.4020 -0.0003  0.9876 1 
 47.4006 -0.7213 -2.9296  0.0081  0.5036  0.0462  0.2597  0.0043 -0.0003  0.2308 0 
 28.6625  0.7136  0.1777  0.0229  0.1017  0.0082  0.2488  0.0176 -0.0003  0.0351 0 
 48.3070 -0.3123 -0.2792  0.0446  0.3401  0.1943  0.6891  0.0148 -0.0003  0.3655 0 
 37.7722  0.2909  2.8617  0.0092  0.3780  0.0139  0.1380  0.0051 -0.0003  0.1216 0 
 45.6855 -0.3358  0.2092  0.0907  0.5378  0.0269  0.4807  0.1055 -0.0003  0.6506 0 
 44.0131  0.3270 -2.9427  0.0249  0.2499  0.0422  0.2206  0.0273 -0.0003  0.1380 0 
 52.2744 -0.6897 -1.0429  0.0057  0.2406  0.1290  0.5065  0.1054 -0.0003  0.2013 0 
 40.2014  0.7547  2.0931  0.0441  0.4289  0.0164  0.2713  0.0258 -0.0003  0.1410 0 
 48.8380  0.3796  1.4177  0.0316  0.1136  0.1122  0.3436  0.0251 -0.0003  0.0946 0 
 44.8310 -0.4135 -1.7154  0.0027  0.0763  0.0552  0.2635  0.0320 -0.0003  0.0636 0 
 51.4290  0.5240 -0.4746  0.0356  0.7424  0.0284  0.2119  0.0621 -0.0003  0.2388 0 
 42.8077 -0.5184  2.7010  0.0074  0.2230  0.0248  0.2667  0.0710 -0.0003  0.0589 0 
 55.4421 -0.2748  1.0864  0.0042  0.5409  0.1329  0.5407  0.0287 -0.0003  0.2209 0 
 47.2724  0.3049 -2.0256  0.0409  0.4722  0.0313  0.3032  0.0582 -0.0003  0.2363 0 
 53.0098 -0.7523  0.1451  0.0247  0.2396  0.0352  0.2944  0.0331 -0.0003  0.1061 0 
 45.8534  0.7354 -2.9950  0.0034  0.4170  0.0253  0.3056  0.1373 -0.0003  0.1425 0 
 48.1849  0.6748  2.3052  0.1393  0.0904  0.0243  0.2586  0.0600 -0.0003  0.1847 0 
 45.4566 -0.6777 -0.8554  0.0509  0.3286  0.0109  0.2625  0.1623 -0.0003  0.2037 0 
 46.2409  0.6515  0.9658  0.0524  0.4517  0.0698  0.3920  0.0340 -0.0003  0.3571 0 
 44.8249 -0.6438 -2.1969  0.0293  0.4058  0.0136  0.2635  0.0629 -0.0003  0.1064 0 
 46.1311  0.1502 -1.3187  0.1974  0.3557  0.1258  0.3923  0.2681 -0.0003  0.9729 1 
 40.5219 -0.1418  1.8126  0.4532  0.7178  0.0770  0.2255  0.3963  0.6513  0.9998 1 
 57.9049  0.1780 -0.0134  0.0237  0.2032  0.0740  0.3703  0.0327 -0.0003  0.1510 0 
 50.7729 -0.1304  3.1083  0.0592  0.5333  0.0234  0.2551  0.1057 -0.0003  0.2933 0 
 41.3306  0.2651 -0.9089  0.0732  0.4342  0.0317  0.4936  0.1496 -0.0003  0.6220 1 
 39.3896 -0.2704  2.2554  0.0923  0.5983  0.0472  0.2727  0.0340  0.4163  0.9925 1 
 53.2204 -0.4817  0.4048  0.0226  0.6630  0.0967  0.2941  0.0128 -0.0003  0.2487 0 
 35.3887  0.5158 -2.7510  0.0460  0.0697  0.0222  0.3278  0.1136 -0.0003  0.0881 0 
 43.0915 -0.7048  2.3372  0.0184  0.0184  0.0093  0.1331  0.0070 -0.0003  0.0454 0 
 37.8698  0.6982 -0.8231  0.0346  0.6158  0.0206  0.3676  0.0937  0.0671  0.3937 0 
 52.5582  0.4128  2.3362  0.0516  0.4490  0.0323  0.3372  0.2017  0.1017  0.6985 0 
 41.5320 -0.4004 -0.8258  0.0088  0.5226  0.0486  0.1793  0.0347 -0.0003  0.2634 0 
 48.9143  0.4148  0.1940  0.0436  0.0908  0.0297  0.3434  0.0320 -0.0003  0.0747 0 
 40.6500 -0.4168 -2.9330  0.0011  0.2487  0.0326  0.2705  0.1508 -0.0003  0.1301 0 
 46.9398  0.0938  1.1804  0.0097  0.1233  0.0694  0.4339  0.0508 -0.0003  0.0940 0 
 45.8228 -0.0923 -1.9866  0.0135  0.2530  0.0476  0.4366  0.1313 -0.0003  0.2071 0 
 45.8961 -0.5228  1.9751  0.0024  0.5626  0.0515  0.4364  0.0637 -0.0003  0.1816 0 
 39.2798  0.5405 -1.1452  0.0075  0.4963  0.0242  0.2730  0.0174 -0.0003  0.1207 0 
 44.3122  0.7414  1.9661  0.0195  0.2204  0.0255  0.2643  0.0172 -0.0003  0.0724 0 
 43.9857 -0.7359 -1.1681  0.0120  0.4518  0.1230  0.5296  0.0145 -0.0003  0.2124 0 
 56.6690  0.3882 -3.0420  0.0685  0.6790  0.1179  0.7032  0.0086 -0.0003  0.3876 0 
 43.6408 -0.4193  0.0798  0.0033  0.6422  0.0177  0.2211  0.0085 -0.0003  0.1278 0 
 52.5307  0.3195 -1.5737  0.0693  0.3256  0.0884  0.3372  0.0346 -0.0003  0.3845 0 
 43.6133 -0.2976  1.5764  0.1227  0.5002  0.0198  0.3096  0.1618 -0.0003  0.6098 0 
 47.9255  0.5086  2.5213  0.1007  0.3426  0.1755  0.6042  0.1668 -0.0003  0.7892 0 
 29.8772 -0.4603 -0.6430  0.1615  0.1646  0.0398  0.3933  0.2119  0.1035  0.8648 0 
 43.4394 -0.1839  0.8139  0.0594  0.1876  0.0289  0.2657  0.0225  0.3360  0.9341 0 
 37.4670  0.1576 -2.3353  0.0089  0.1180  0.0342  0.2765  0.0250 -0.0003  0.0532 0 
 47.0619 -0.3135 -1.8050  0.1235  0.2621  0.0317  0.5637  0.0764  0.1175  0.7806 1 
 45.2491  0.3116  1.3588  0.1519  0.2318  0.1020  0.1314  0.2702 -0.0003  0.8740 1 
 47.0527 -0.5561  0.1826  0.0037  0.5376  0.0108  0.2168  0.0808 -0.0003  0.1020 0 
 46.6072  0.5465 -2.9334  0.0009  0.1322  0.0411  0.3043  0.0523 -0.0003  0.0556 0 
 47.5074 -0.7262  0.9831  0.0175  0.2357  0.0990  0.7786  0.0167 -0.0003  0.2818 0 
 36.5423  0.7302 -2.1691  0.0092  0.3168  0.0105  0.1856  0.0574 -0.0003  0.0741 0 
 58.3749  0.4366 -2.7894  0.0401  0.1342  0.1245  0.2874  0.1397 -0.0003  0.2593 0 
 51.4992 -0.4264  0.3015  0.1229  0.1991  0.0276  0.2119  0.0472 -0.0003  0.2829 0 
 41.3031 -0.6923 -0.9833  0.0250  0.1364  0.0302  0.4488  0.0363 -0.0003  0.0995 0 
 34.7784  0.7315  2.1511  0.0197  0.3260  0.0302  0.1882  0.0886  0.3034  0.8369 0 
 52.1859  0.4199 -0.9528  0.0138  0.5222  0.0161  0.1689  0.1024  0.1478  0.3217 0 
 48.8441 -0.4383  2.2040  0.0736  0.4285  0.1529  0.5154  0.0674 -0.0003  0.4068 0 
 41.2360 -0.1654  2.9884  0.3665  0.4746  0.0605  0.2694  0.3848 -0.0003  0.9947 1 
 24.2344  0.1625 -0.1693  0.1798  0.5436  0.0294  0.3667  0.1931 -0.0003  0.8582 1 
 43.2929  0.0509  1.7160  0.0255  0.5179  0.0344  0.1773  0.0089 -0.0003  0.2529 0 
 40.5982 -0.0279 -1.4419  0.0165  0.2282  0.0642  0.2705  0.0345 -0.0003  0.1443 0 
 42.9084 -0.2727  1.3885  0.0163  0.4306  0.1103  0.4443  0.0151 -0.0003  0.2035 0 
 39.6429  0.3217 -1.7664  0.0324  0.1681  0.0276  0.4538  0.0667 -0.0003  0.1387 0 
 53.0068  0.2937 -0.5824  0.0578  0.1169  0.0266  0.3365  0.0433 -0.0003  0.0961 0 
 43.3600 -0.2931  2.5452  0.0370  0.0469  0.0200  0.2215  0.0141 -0.0003  0.0468 0 
 45.7252  0.0712  0.4042  0.0534  0.1684  0.0461  0.3058  0.0634 -0.0003  0.1718 0 
 39.4842 -0.0720 -2.7430  0.1382  0.4034  0.0105  0.1363  0.0687 -0.0003  0.3117 0 
 53.2540  0.4657 -0.0152  0.0756  0.2903  0.0382  0.3361  0.1539 -0.0003  0.4987 0 
 44.7303 -0.4477  3.1002  0.0013  0.4892  0.0151  0.2197  0.0828 -0.0003  0.0995 0 
 51.7952  0.1985 -2.0382  0.0515  0.1939  0.0786  0.4231  0.0858 -0.0003  0.2979 0 
 44.0131 -0.1906  1.0780  0.0052  0.5567  0.0300  0.2206  0.0897 -0.0003  0.1525 0 
 47.1168 -0.1101  2.0479  0.0375  0.5074  0.0417  0.2601  0.0342 -0.0003  0.2937 0 
 46.9276  0.0592 -1.0848  0.0173  0.5087  0.1876  0.4773  0.0053 -0.0003  0.2361 0 
 45.1240  0.2534 -2.7380  0.2453  0.5577  0.0423  0.2192  0.1531 -0.0003  0.8796 1 
 44.4129 -0.2886  0.4051  0.1384  0.3689  0.0552  0.3082  0.1291  0.2722  0.9325 1 
 47.2053 -0.2251 -0.2494  0.0476  0.1663  0.1893  0.3899  0.0236 -0.0003  0.2056 0 
 47.1077  0.2384  2.8817  0.0312  0.2115  0.0834  0.3468  0.0744 -0.0003  0.2074 0 
 53.8247 -0.2357 -2.7266  0.0657  0.2415  0.0929  0.2514  0.1268 -0.0003  0.5135 1 
 42.9969  0.3123  0.4472  0.5378  0.4483  0.0465  0.5328  0.7005 -0.0003  0.9983 1 
 45.7221 -0.5116  2.1042  0.0207  0.1834  0.0493  0.2621  0.0429 -0.0003  0.1021 0 
 42.5757  0.5286 -1.0538  0.0198  0.4658  0.0488  0.4897  0.0390 -0.0003  0.2316 0 
 47.9408  0.3418 -0.7430  0.0337  0.2429  0.1193  0.6041  0.0434  0.1684  0.4304 0 
 47.3976 -0.3425  2.3555  0.0066  0.2457  0.0237  0.3463  0.0381 -0.0003  0.0608 0 
 45.6886  0.7721  2.3189  0.0508  0.1470  0.0328  0.3496  0.0543  0.0503  0.2214 0 
 43.7568 -0.7702 -0.8548  0.0235  0.1814  0.1353  0.4420  0.0263 -0.0003  0.1543 0 
 40.0427  0.5233  1.7588  0.0146  0.2918  0.0586  0.3168  0.0201 -0.0003  0.1641 0 
 38.6450 -0.5038 -1.4086  0.0191  0.3139  0.0239  0.3199  0.2725 -0.0003  0.3812 0 
 47.5044  0.5134  0.5476  0.0073  0.4285  0.0821  0.3028  0.0613  0.0694  0.3010 0 
 36.9574 -0.5219 -2.6001  0.0191  0.2723  0.0160  0.1388  0.0441 -0.0003  0.0944 0 
 51.7647 -0.2240 -0.2666  0.0132  0.2343  0.0561  0.4231  0.0667 -0.0003  0.1502 0 
 42.7131  0.2263  2.9030  0.0214  0.2480  0.0253  0.1779  0.0298 -0.0003  0.0928 0 
 39.8779 -0.1392 -2.7702  0.1937  0.5150  0.0512  0.4078  0.1118 -0.0003  0.8428 1 
 37.9706  0.1548  0.3611  0.2937  0.1577  0.0389  0.4592  0.3029 -0.0003  0.9677 1 
 38.6664 -0.5033  0.0410  0.3304  0.2195  0.0394  0.3198  0.4152 -0.0003  0.9887 1 
 36.0998  0.4973  3.1393  0.3386  0.7349  0.0363  0.6519  0.4392 -0.0003  0.9908 1 
 48.3497  0.0452 -2.6247  0.0349  0.2099  0.1242  0.3445  0.0157 -0.0003  0.1762 0 
 45.8198 -0.0522  0.5735  0.0284  0.1964  0.0254  0.5676  0.0793 -0.0003  0.2144 0 
 52.1248 -0.2515 -2.1914  0.0177  0.2265  0.0900  0.7181  0.0259 -0.0003  0.2566 0 
 39.3835  0.2306  0.9406  0.0793  0.4843  0.0225  0.3637 -0.0200  0.0316  0.4927 0 
 47.9408  0.4121  1.0014  0.1223  0.4544  0.0155  0.3884  0.1768  0.0925  0.7447 0 
 45.8534 -0.4021 -2.1423  0.0421  0.6144  0.0390  0.3929  0.1506 -0.0003  0.5446 0 
 48.7404 -0.1082  2.2935  0.0833  0.0976  0.0368  0.1719  0.0733 -0.0003  0.1354 0 
 43.5035  0.1407 -0.8539  0.0466  0.1199  0.0938  0.3541  0.0532 -0.0003  0.1439 0 
 42.7405 -0.2670  0.7093  0.5498  0.7215  0.0598  0.4892  0.5911 -0.0003  0.9979 1 
 42.3865  0.2661 -2.4696  0.2344  0.3895  0.1098  0.5794  0.2410 -0.0003  0.9741 1 
 55.1980  0.0286  1.5767  0.0131  0.6663  0.2249  0.3331  0.0256 -0.0003  0.2640 0 
 42.2034 -0.0509 -1.5872  0.0081  0.1502  0.0590  0.3123  0.1362 -0.0003  0.1316 0 
 32.0714 -0.4177  0.5146  0.0672  0.3867  0.0448  0.4334  0.0391  0.2524  0.7026 1 
 24.2435  0.4771 -2.6410  0.1820  0.3260  0.0115  0.3667  0.2557 -0.0003  0.7557 1 
 46.8818 -0.6998  0.1693  0.0602  0.2390  0.0988  0.4340  0.0939 -0.0003  0.3940 0 
 46.3478  0.7182 -2.9393  0.0414  0.2571  0.0304  0.4353  0.0853 -0.0003  0.2332 0 
 48.3314 -0.2271  2.0634  0.0977  0.2391  0.0327  0.3014 -0.0200  0.1275  0.5473 1 
 41.0529  0.1512 -1.1255  0.0535  0.1779  0.0548  0.1798  0.0458  0.2759  0.6246 1 
 48.4504  0.7729  3.0925  0.0776  0.4675  0.1224  0.4734  0.0862 -0.0003  0.4548 0 
 46.7292 -0.7708 -0.0630  0.1533  0.3142  0.0161  0.3041  0.1022 -0.0003  0.4513 0 
 49.0669 -0.7004 -0.1870  0.0362  0.4943  0.1288  0.7721  0.0333 -0.0003  0.3588 0 
 39.7192  0.6956  2.9383  0.0135  0.3063  0.1289  0.5443  0.0093 -0.0003  0.1990 0 
 51.9753  0.7031  1.4931  0.0009  0.3453  0.0587  0.3805  0.0294  0.0707  0.2043 0 
 47.4800 -0.6740 -1.6835  0.0583  0.6055  0.0609  0.2163  0.0966 -0.0003  0.6299 0 
 48.7343  0.3697  2.2858  0.0094  0.5938  0.0501  0.3867  0.0676 -0.0003  0.2201 0 
 42.1942 -0.3519 -0.8679  0.0049  0.3526  0.0102  0.4016  0.0902 -0.0003  0.0733 0 
 48.5512 -0.6973  2.9688  0.0002  0.4100  0.1791  0.5161  0.1358 -0.0003  0.2820 0 
 42.2004  0.7244 -0.0385  0.0501  0.1675  0.0872  0.4462  0.0289  0.3676  0.5187 0 
 44.1993 -0.1266  2.1035  0.0604  0.3848  0.0209  0.3085  0.1616 -0.0003  0.3442 0 
 40.4212  0.1295 -1.0380  0.0212  0.4000  0.0169  0.3160  0.1144  0.0966  0.3246 0 
 47.7241  0.6847  2.8408  0.1035  0.2473  0.0351  0.3456  0.0672 -0.0003  0.3954 0 
 40.3632 -0.6724 -0.2777  0.0371  0.5139  0.0435  0.3613  0.1042 -0.0003  0.3925 0 
 48.0140  0.6826  2.0079  0.0385  0.4888  0.0315  0.3882  0.0146 -0.0003  0.2704 0 
 46.6743 -0.6752 -1.1328  0.0582  0.1831  0.0781  0.4345  0.0933 -0.0003  0.3289 0 
 48.2216  0.5303  1.8175  0.0207  0.1678  0.1866  0.4740  0.0313 -0.0003  0.1680 0 
 36.2585 -0.5270 -1.3628  0.0257  0.2408  0.0203  0.2791  0.0270 -0.0003  0.0730 0 
 46.3508  0.2394  1.1261  0.0484  0.5725  0.0500  0.4789  0.0217 -0.0003  0.3534 1 
 44.4923 -0.2545 -2.0292  0.5046  0.1064  0.0172  0.5280  0.5012 -0.0003  0.9951 1 
 47.0558  0.6326 -0.9138  0.0227  0.5971  0.1289  0.6938  0.0187 -0.0003  0.2765 0 
 45.1392 -0.6299  2.2522  0.0452  0.5896  0.0251  0.3068  0.0131 -0.0003  0.2567 0 
 43.3753  0.7515  1.9548  0.0323  0.3934  0.0645  0.3101  0.0142 -0.0003  0.2686 0 
 42.8260 -0.7519 -1.1676  0.0150  0.0759  0.0595  0.2222  0.0810 -0.0003  0.0837 0 
 49.2042 -0.7271 -0.3891  0.1321  0.7364  0.0605  0.2143  0.2359 -0.0003  0.9313 1 
 47.9835  0.7212  2.7129  0.0926  0.3136  0.0538  0.4746  0.2154 -0.0003  0.7423 1 
 43.9887  0.1493  0.2836  0.0103  0.3698  0.0414  0.4413  0.0184  0.2128  0.4080 0 
 35.3094 -0.1628 -2.8751  0.0129  0.5965  0.0352  0.2811  0.0258 -0.0003  0.1898 0 
 48.9265  0.4155  1.7804  0.8096  0.6851  0.0211  0.4293  0.4602 -0.0003  0.9974 1 
 42.9603 -0.4093 -1.3627  0.0936  0.4648  0.0309  0.4441  0.0867 -0.0003  0.5918 1 
 44.9409 -0.1767 -2.4676  0.2124  0.6172  0.0599  0.5705  0.0827 -0.0003  0.8611 0 
 41.9623  0.1837  0.6935  0.0275  0.2703  0.0407  0.2234  0.0294 -0.0003  0.1497 0 
 45.4963 -0.0975  0.4813  0.0232  0.2286  0.0332  0.3062  0.0374  0.2848  0.7010 0 
 43.5370  0.1024 -2.6315  0.0370  0.2784  0.1154  0.3540  0.0246 -0.0003  0.2255 0 
 44.3702 -0.0355  0.3956  0.0143  0.1842  0.0097  0.2202  0.0795  0.0279  0.0623 0 
 42.8992  0.0674 -2.7488  0.0444  0.4538  0.0434  0.3554  0.0211 -0.0003  0.3132 0 
 43.9673 -0.6110 -2.8059  0.0323  0.4491  0.1490  0.3973  0.1028 -0.0003  0.3376 0 
 38.0774  0.6061  0.3956  0.0169  0.5238  0.0088  0.2294  0.0295  0.0929  0.1539 0 
 42.4811 -0.3267 -2.8974  0.0350  0.4878  0.0189  0.3564  0.0285  0.1136  0.4055 0 
 30.0359  0.3258  0.2588  0.1765  0.0384  0.0185  0.1963  0.1336 -0.0003  0.2463 0 
 52.3629  0.1552 -2.7844  0.4169  0.2214  0.0378  0.5063  0.4460 -0.0003  0.9951 1 
 39.6429 -0.1454  0.3460  0.2636  0.4434  0.0493  0.4084  0.3102 -0.0003  0.9805 1 
 52.5826 -0.1558  1.9183  0.0107  0.1315  0.0506  0.2107  0.0042  0.2253  0.3270 0 
 44.2359  0.1303 -1.2265  0.3150  0.2057  0.0191  0.1763  0.2316 -0.0003  0.8346 0 
 48.2124 -0.5233  1.9967  0.0894  0.2232  0.0563  0.2585  0.3260 -0.0003  0.7050 0 
 46.3264  0.5047 -1.1151  0.0112  0.3141  0.0898  0.3919  0.1815 -0.0003  0.3198 0 
 52.9854  0.4152 -0.5259  0.0417  0.6625  0.1078  0.5048  0.0296 -0.0003  0.3138 0 
 47.9377 -0.4186  2.6025  0.0730  0.1084  0.0380  0.3884  0.2360 -0.0003  0.3743 0 
 43.9155  0.6279 -2.2921  0.2717  0.2289  0.0391  0.4415  0.3695 -0.0003  0.9810 1 
 37.4884 -0.5905  0.8214  0.3636  0.6395  0.0456  0.3686  0.3450  0.1421  0.9925 1 
 44.2969  0.6289  2.6394  0.1941  0.3112  0.1249  0.5727  0.4372 -0.0003  0.9930 1 
 38.4070 -0.6375 -0.5172  0.3549  0.4348  0.0354  0.4578  0.4871 -0.0003  0.9961 1 
 46.8177  0.4441 -1.1611  0.0147  0.1980  0.0508  0.4776  0.0201 -0.0003  0.1364 0 
 42.0966 -0.4427  1.9465  0.0027  0.2387  0.0185  0.2679  0.0244 -0.0003  0.0479 0 
 49.7139 -0.7772  0.7949  0.0282  0.3309  0.0833  0.3420  0.0839 -0.0003  0.2847 0 
 41.7395  0.7283 -2.4357  0.0144  0.2252  0.0415  0.5371  0.0324 -0.0003  0.1607 0 
 48.9113  0.3690  2.9487  0.0092  0.4179  0.0495  0.2146  0.0628 -0.0003  0.2082 0 
 46.0121 -0.3365 -0.1773  0.0027  0.4494  0.0592  0.2617  0.0078 -0.0003  0.2162 0 
 59.4034  0.4235  1.4612  0.0045  0.6957  0.0100  0.1636  0.0455 -0.0003  0.1193 0 
 45.9205 -0.4173 -1.7250  0.0091  0.3006  0.0354  0.3491  0.1393 -0.0003  0.1692 0 
 49.7810 -0.7251  0.7203  0.0301  0.2126  0.0542  0.3419  0.0312 -0.0003  0.1540 0 
 29.5018  0.6886 -2.4054  0.0032  0.4603  0.0392  0.2960  0.0215 -0.0003  0.1496 0 
 47.7302 -0.6275 -1.1812  0.0184  0.0960  0.0942  0.2160 -0.0005 -0.0003  0.0867 0 
 47.0314  0.6488  1.9258  0.0158  0.4501  0.1143  0.8240  0.0368 -0.0003  0.3199 0 
 48.0140  0.7971  0.7876  0.0476  0.5248  0.0154  0.1725  0.0360 -0.0003  0.1577 0 
 32.4407 -0.8021 -2.3751  0.0091  0.1078  0.0375  0.3840  0.0518 -0.0003  0.0660 0 
 49.2256  0.6333  2.4790  0.1169  0.3690  0.0704  0.5572  0.1877 -0.0003  0.8334 1 
 31.7693 -0.6223 -0.6904  0.0892  0.4524  0.0262  0.3863  0.0629 -0.0003  0.4721 1 
 50.2419 -0.7256 -2.7443  0.0111  0.7310  0.0548  0.3411  0.1723 -0.0003  0.5334 1 
 44.4770  0.7179  0.4108  0.1133  0.5849  0.0452  0.4401  0.1666 -0.0003  0.8398 1 
 55.9518 -0.4338  0.1270  0.0011  0.1194  0.0458  0.3320  0.0367 -0.0003  0.0606 0 
 47.2938  0.4422 -3.0456  0.0195  0.2585  0.0395  0.4331  0.1325 -0.0003  0.2198 0 
 45.2857  0.0347 -0.8243  0.0152  0.2012  0.1930  0.5256  0.0535 -0.0003  0.2077 0 
 39.4446  0.0194  2.3142  0.0369  0.2032  0.0458  0.3181  0.0284 -0.0003  0.1450 0 
 49.2409 -0.7962 -0.7621  0.0165  0.5105  0.0774  0.2143  0.0370 -0.0003  0.3165 0 
 44.0314  0.7867  2.4675  0.0308  0.3126  0.1361  0.4853  0.1256 -0.0003  0.3555 0 
 47.4556 -0.5783  1.4048  0.0017  0.3422  0.0544  0.5192  0.0960 -0.0003  0.1853 0 
 46.4942  0.5736 -1.7510  0.0422  0.5654  0.0342  0.3045  0.0993 -0.0003  0.3422 0 
 44.9683  0.5719  0.2662  0.3757  0.7255  0.0346  0.4388  0.4667 -0.0003  0.9958 1 
 34.1802 -0.5344 -2.9546  0.2017  0.2725  0.0133  0.2364  0.3182  0.0356  0.8123 1 
 43.6957 -0.5204  1.0943  0.0506  0.2961  0.0148  0.1768  0.0493 -0.0003  0.1217 0 
 38.4436  0.5202 -2.0661  0.0106  0.2118  0.0132  0.2746  0.0336 -0.0003  0.0429 0 
 47.8218  0.5501  0.4916  0.0043  0.4177  0.1643  0.3886  0.1666 -0.0003  0.3358 0 
 45.2277 -0.5495 -2.6636  0.0131  0.3119  0.0292  0.1752  0.1010 -0.0003  0.1448 0 
 46.1219 -0.4987 -3.1406  0.0164  0.5050  0.0829  0.3923  0.1199 -0.0003  0.3170 0 
 42.5086  0.5229  0.0057  0.0055  0.4928  0.0370  0.2672  0.0596 -0.0003  0.1480 0 
 69.6544 -0.4706  0.5170  0.0072  0.1435  0.0680  0.2755  0.0593 -0.0003  0.0888 0 
 48.0018  0.4703 -2.6083  0.0210  0.1111  0.1736  0.1725  0.0546 -0.0003  0.0983 0 
 46.6316 -0.1093  3.0025  0.9469  0.2370  0.0875  0.4347  0.9220 -0.0003  0.9934 1 
 45.4017  0.1426 -0.1351  0.0967  0.6893  0.0543  0.5252  0.1381  0.2701  0.9106 1 
 41.3092 -0.0374  3.0048  0.1655  0.2782  0.1545  0.4937  0.2523 -0.0003  0.9501 1 
 38.4161  0.0801 -0.0922  0.1246  0.7744  0.0324  0.5493  0.0023 -0.0003  0.7643 1 
 35.9930  0.7918 -2.5898  0.1282  0.7547  0.0238  0.2796  0.3467  0.0619  0.9092 1 
 35.0164 -0.7711  0.6466  0.0163  0.2781  0.0184  0.1879  0.0573  0.2564  0.7871 1 
 51.2001 -0.0368  1.8861  0.0366  0.6687  0.1065  0.5092  0.0327 -0.0003  0.3059 0 
 44.9775  0.0356 -1.2543  0.0396  0.7172  0.0761  0.6143  0.1017 -0.0003  0.4451 0 
 41.1902  0.3632  0.9062  0.0194  0.1066  0.0199  0.1797  0.0056 -0.0003  0.0512 0 
 35.8343 -0.3573 -2.2455  0.0002  0.3223  0.0290  0.2333  0.0612 -0.0003  0.0803 0 
 53.2143  0.7836  0.8457  0.4106  0.3273  0.0658  0.3782  0.3930 -0.0003  0.9957 1 
 43.3448 -0.7493 -2.3200  0.4243  0.4692  0.0657  0.5317  0.5095  0.1178  0.9984 1 
 52.4514  0.4904 -3.0752  0.2268  0.7960  0.0341  0.3374  0.2990 -0.0003  0.9671 1 
 44.8341 -0.4300  0.0617  0.1799  0.1897  0.0822  0.3513  0.1840  0.4805  0.9916 1 
 43.7171 -0.3929 -1.8714  0.0520  0.1030  0.1128  0.0884  0.0936 -0.0003  0.2482 0 
 36.3104  0.3737  1.2926  0.1612  0.2315  0.0275  0.2325  0.1301 -0.0003  0.5668 0 
 44.7547 -0.3916  2.9049  0.3603  0.6900  0.1294  0.1757  0.1964 -0.0003  0.9897 1 
 43.2898  0.3842 -0.2945  0.2018  0.4980  0.0411  0.3989  0.2730 -0.0003  0.9523 1 
 46.3752  0.7000  3.1323  0.0285  0.1299  0.0326  0.5223  0.2453 -0.0003  0.2794 0 
 42.9358 -0.7063 -0.0167  0.0583  0.4171  0.0922  0.4442  0.0201 -0.0003  0.3362 0 
 47.9438 -0.5645 -1.5429  0.0249  0.5769  0.0218  0.1726  0.0147 -0.0003  0.1673 0 
 47.6905  0.5722  1.5867  0.1228  0.2400  0.0967  0.3889  0.0899 -0.0003  0.5549 0 
 45.2888 -0.0798  3.0942  0.1354  0.5279  0.0210  0.3504  0.0685  0.2073  0.8479 1 
 40.3387  0.0598 -0.0163  0.1364  0.6227  0.0233  0.2710  0.1878  0.1461  0.8130 1 
 47.8157  0.2259 -2.6427  0.3456  0.1742  0.0813  0.5614  0.3242 -0.0003  0.9929 1 
 31.5557 -0.2191  0.4185  0.0696  0.2398  0.0926  0.4354  0.1849 -0.0003  0.5924 1 
 51.9081 -0.1777 -0.2839  0.0371  0.2054  0.0435  0.2960  0.0099 -0.0003  0.1450 0 
 38.3825  0.1760  2.8332  0.0016  0.0888  0.0116  0.0458  0.0134 -0.0003  0.0633 0 
 46.6865 -0.6182 -2.6379  0.3817  0.2406  0.2114  0.3476  0.3377 -0.0003  0.9972 1 
 43.0060  0.6343  0.4735  0.0568  0.6044  0.1166  0.2220  0.1418 -0.0003  0.6483 1 
 44.1688 -0.5910 -2.9195  0.0239  0.7230  0.0997  0.6613  0.0206 -0.0003  0.2941 0 
 43.6805  0.5945  0.1941  0.0553  0.1378  0.0369  0.3537  0.1254 -0.0003  0.2075 0 
 45.5665 -0.3855  1.9389  0.0090  0.1942  0.0615  0.2623  0.0164 -0.0003  0.1106 0 
 42.7222  0.3784 -1.1862  0.0528  0.2232  0.0284  0.1779  0.0211 -0.0003  0.1480 0 
 42.2950  0.3013  1.4846  0.0645  0.1276  0.0347  0.5352  0.1122  0.1479  0.5206 1 
 41.1841 -0.2730 -1.6171  0.0932  0.2171  0.0441  0.4043  0.1551  0.1167  0.7218 1 
 36.0021  0.4104 -2.9360  0.5513  0.2786  0.1466  0.1864  0.3022  0.6371  0.9997 1 
 29.3706 -0.3715  0.2936  0.0133  0.3668  0.0571  0.4447  0.1317 -0.0003  0.2715 1 
 46.5003 -0.2127 -2.3485  0.0472  0.3807  0.0310  0.2610  0.0582 -0.0003  0.2116 0 
 45.7588  0.2262  0.7732  0.2796  0.1943  0.0223  0.3931  0.3024 -0.0003  0.9354 0 
 51.6030  0.6339 -0.4257  0.0023  0.2124  0.0687  0.3388  0.0118 -0.0003  0.1110 0 
 42.4994 -0.6353  2.6961  0.0119  0.0619  0.0032  0.1782  0.0193 -0.0003  0.0329 0 
 50.5196  0.0174 -1.1392  0.0517  0.2211  0.0689  0.3832  0.0795 -0.0003  0.2982 0 
 43.8331  0.0025  2.0610  0.0323  0.8167  0.0739  0.3092  0.0225 -0.0003  0.3411 0 
 46.6712 -0.3092  1.9046  0.0003  0.1952  0.0785  0.3042  0.0386 -0.0003  0.1003 0 
 44.0192  0.3090 -1.2381  0.0278  0.2683  0.0755  0.5736  0.0140 -0.0003  0.2379 0 
 48.1086  0.4869  1.8392  0.0061  0.1882  0.0766  0.5605  0.0821 -0.0003  0.1631 0 
 42.4140 -0.5055 -1.3139  0.0221  0.5471  0.0260  0.2674  0.0228 -0.0003  0.1625 0 
 42.1851  0.5091 -2.0361  0.0280  0.2524  0.0200  0.2678  0.0937 -0.0003  0.1013 0 
 41.1078 -0.4710  1.1260  0.0184  0.6156  0.1189  0.8538  0.0456 -0.0003  0.3222 0 
 49.3019  0.7278  2.1668  0.0411  0.6453  0.0923  0.7283  0.2507 -0.0003  0.7551 0 
 44.4556 -0.7274 -1.0060  0.0357  0.2272  0.1415  0.4401  0.1304 -0.0003  0.3461 0 
 43.8941  0.4840 -3.0370  0.0506  0.1915  0.0681  0.3533  0.0378 -0.0003  0.2136 0 
 40.6439 -0.5043  0.1180  0.0626  0.2584  0.0293  0.2705  0.0358  0.1221  0.4707 0 
 48.5267  0.3351 -1.6631  0.4646  0.2114  0.0437  0.4302  0.2498 -0.0003  0.9758 1 
 46.6072 -0.3216  1.4694  0.5277  0.1560  0.1662  0.4347  0.5280  0.3228  0.9986 1 
 41.7487 -0.0792 -2.6119  0.0912  0.1757  0.0092  0.2685  0.0379 -0.0003  0.1114 0 
 31.3634  0.0967  0.5469  0.0616  0.2198  0.0332  0.2423  0.1122  0.2551  0.7511 0 
 43.7934 -0.7670 -0.3754  0.0868  0.2045  0.1041  0.4418 -0.0200 -0.0003  0.3334 1 
 39.9695  0.8007  2.7826  0.0783  0.3045  0.0914  0.3170  0.0681  0.1486  0.6457 1 
 51.5908 -0.6571  2.6562  0.0617  0.7109  0.0837  0.4658  0.1186 -0.0003  0.5746 0 
 44.8493  0.6672 -0.5316  0.0004  0.1827  0.0795  0.4391  0.1358 -0.0003  0.1424 0 
 47.9194  0.2943 -2.5728  0.1683  0.5327  0.0605  0.3021  0.2717 -0.0003  0.9526 1 
 36.4691 -0.3603  0.5944  0.1157  0.3256  0.0311  0.3251  0.0931  0.2739  0.9380 1 
 48.2460  0.3776  0.0548  0.0135  0.2992  0.0498  0.1292  0.0108 -0.0003  0.2404 0 
 36.5118 -0.4104 -3.0648  0.0551  0.2426  0.0739  0.4178  0.0308  0.4847  0.8370 0 
 48.6915 -0.7292 -1.4473  0.0428  0.1917  0.0703  0.5158  0.0165 -0.0003  0.2323 0 
 44.1138  0.7064  1.7342  0.0005  0.3333  0.0236  0.2205  0.0049  0.0755  0.1827 0 
 43.4607 -0.2018 -2.8178  0.2272  0.7954  0.0834  0.4428  0.1975 -0.0003  0.9737 1 
 40.1465  0.2069  0.2962  0.1816  0.4674  0.0459  0.4070  0.1236 -0.0003  0.8263 1 
 42.3255 -0.2287 -2.7214  0.0337  0.5287  0.0284  0.4013  0.0435  0.1620  0.5346 0 
 30.6798  0.2221  0.4352  0.0490  0.0804  0.0467  0.2927  0.0510 -0.0003  0.0887 0 
 39.0173  0.5896 -2.7316  0.0432  0.8354  0.0673  0.3646  0.0746 -0.0003  0.4932 0 
 35.7641 -0.5993  0.3873  0.0138  0.1498  0.0143  0.2335  0.0125 -0.0003  0.0420 0 
 56.2936  0.6363 -2.4856  0.0428  0.2338  0.0627  0.2900  0.0932 -0.0003  0.2799 0 
 43.3967 -0.6256  0.6331  0.0113  0.2989  0.0666  0.3544  0.0344 -0.0003  0.1611 0 
 50.8705 -0.7908 -2.7199  0.0645  0.2453  0.0741  0.4250  0.0892 -0.0003  0.4022 0 
 44.1840  0.7926  0.4188  0.0360  0.4274  0.0226  0.4849  0.0278 -0.0003  0.2539 0 
 46.4424 -0.4004 -0.0679  0.0213  0.1093  0.0277  0.5656  0.1519 -0.0003  0.1888 0 
 38.9105  0.4185  3.0694  0.0029  0.7720  0.0189  0.3649  0.0329 -0.0003  0.1181 0 
 37.6501 -0.6532 -2.0004  0.2501  0.6608  0.0209  0.4142  0.1987 -0.0003  0.8988 1 
 36.4172  0.6709  1.1004  0.0013  0.6134  0.0579  0.3252  0.0060  0.3414  0.8298 1 
 37.6623  0.0534 -1.5374  0.0853  0.1971  0.0381  0.4142  0.0651  0.0454  0.4395 1 
 25.1133 -0.1201  1.5730  0.1151  0.2598  0.0192  0.4663  0.0971  0.2713  0.9400 1 
 43.3387 -0.5675  0.0864  0.0062  0.2479  0.0909  0.3545  0.0421 -0.0003  0.1347 0 
 43.0274  0.5518 -3.0670  0.0100  0.3208  0.0212  0.2664  0.0751 -0.0003  0.0802 0 
 47.9988  0.3920 -1.6886  0.7026  0.5159  0.0475  0.3882  0.6650 -0.0003  0.9981 1 
 35.7916 -0.4046  1.4729  0.2802  0.3169  0.0267  0.3268  0.2914 -0.0003  0.9410 1 
 48.8869  0.5575  1.6118  0.0199  0.3944  0.0312  0.2147  0.0770 -0.0003  0.1540 0 
 35.6329 -0.5788 -1.5473  0.0307  0.4730  0.0541  0.5608  0.0903 -0.0003  0.3496 0 
 52.2347 -0.8002 -0.6529  0.0169  0.5048  0.0502  0.3799  0.1282  0.1616  0.5846 0 
 44.1505  0.7867  2.5308  0.0234  0.4197  0.0163  0.4850  0.0165 -0.0003  0.1761 0 
 46.0365  0.3687  0.6077  0.0110  0.1728  0.0503  0.3489  0.0086 -0.0003  0.0965 0 
 37.8058 -0.3686 -2.5283  0.0043  0.4381  0.0051  0.0460  0.0053 -0.0003  0.1421 0 
 56.6445 -0.7789  1.5831  0.0399  0.4165  0.1169  0.4551  0.0491 -0.0003  0.2932 0 
 48.8869  0.7725 -1.4945  0.0120  0.3009  0.0277  0.2147  0.0065 -0.0003  0.1092 0 
 45.4963  0.3766 -1.0008  0.0009  0.2302  0.0235  0.3500  0.0340 -0.0003  0.0527 0 
 40.3632 -0.4047  2.1763  0.0861  0.2810  0.0579  0.4065  0.2424 -0.0003  0.7212 0 
 51.5755  0.0358 -1.3806  0.0843  0.1171  0.1010  0.2118  0.0485 -0.0003  0.2280 0 
 47.2908 -0.0158  1.7246  0.0535  0.2740  0.1443  0.5630  0.0794 -0.0003  0.4012 0 
 48.1758 -0.7625  1.7629  0.1730  0.2670  0.0384  0.3879  0.0206 -0.0003  0.5386 0 
 46.8788  0.7522 -1.3916  0.0555  0.1733  0.0550  0.4341  0.0275 -0.0003  0.2206 0 
 44.1169 -0.1459 -1.1397  0.0029  0.4858  0.0647  0.4410  0.0692  0.0778  0.2737 0 
 29.2515  0.1909  2.0018  0.0085  0.2137  0.0240  0.1484  0.0048 -0.0003  0.0849 0 
 48.0507 -0.5026  1.2841  0.0045  0.5287  0.0362  0.3881  0.0148 -0.0003  0.1597 0 
 41.3245  0.5186 -1.8680  0.0075  0.3116  0.0732  0.4488  0.0902 -0.0003  0.1890 0 
 48.3131 -0.6184 -2.6861  0.0194  0.2631  0.1736  0.5599  0.1890 -0.0003  0.4274 0 
 42.1973  0.5935  0.4941  0.0201  0.2979  0.0541  0.4909  0.0164 -0.0003  0.1968 0 
 43.4791  0.0467  2.9920  0.0063  0.1986  0.1839  0.4870  0.0074 -0.0003  0.1554 0 
 42.5727 -0.0498 -0.1211  0.0324  0.1738  0.0319  0.3117  0.0362 -0.0003  0.0877 0 
 44.8859  0.7892  1.5248  0.0555  0.0810  0.0248  0.2634  0.1143 -0.0003  0.0966 0 
 34.9340 -0.7747 -1.6206  0.0043  0.3533  0.0049  0.0940  0.0049 -0.0003  0.1137 0 
 44.8341 -0.0809  2.8796  0.0192  0.4387  0.0833  0.3074  0.0117 -0.0003  0.2217 0 
 41.6510  0.1267 -0.2356  0.0166  0.0271  0.0354  0.1791  0.0248 -0.0003  0.0578 0 
 52.7871  0.2925 -0.4553  0.0204  0.2368  0.0591  0.4632  0.0158 -0.0003  0.1698 0 
 45.1362 -0.2519  2.6872  0.0110  0.3840  0.0285  0.3068  0.0461  0.3379  0.9083 0 
 48.4474  0.6832 -2.5424  0.0038  0.0722  0.0358  0.4304  0.0341 -0.0003  0.0633 0 
 47.2175 -0.6998  0.6369  0.0076  0.2442  0.0300  0.1300  0.0009 -0.0003  0.1285 0 
 47.4952  0.7529 -2.8064  0.2708  0.4843  0.0722  0.3893  0.2646  0.4118  0.9989 1 
 47.0680 -0.7523  0.3021  0.0718  0.5247  0.0207  0.2168  0.1845 -0.0003  0.4084 1 
 48.4169 -0.7225 -2.2929  0.0885  0.2906  0.1302  0.3443  0.0408 -0.0003  0.4164 0 
 37.5555  0.7396  0.8313  0.1455  0.3795  0.0715  0.3685  0.1115 -0.0003  0.7379 0 
 57.3037  0.3766 -1.1761  0.0331  0.0484  0.0850  0.2475  0.0135 -0.0003  0.0779 0 
 45.0355 -0.3912  1.9710  0.0042  0.3048  0.0206  0.2193  0.1330 -0.0003  0.1172 0 
 47.1138 -0.7242  2.6576  0.0036  0.1348  0.0551  0.4335  0.0079 -0.0003  0.0873 0 
 42.9206  0.7195 -0.4853  0.0015  0.8170  0.0202  0.3554  0.0524 -0.0003  0.1269 0 
 44.8615  0.4600  0.3214  0.0308  0.7519  0.0265  0.3073  0.0246 -0.0003  0.2229 0 
 40.3418 -0.4549 -2.8472  0.0017  0.2104  0.0254  0.4065  0.0976 -0.0003  0.0750 0 
 51.9997 -0.2113 -1.7550  0.0063  0.4244  0.0170  0.2959  0.0665 -0.0003  0.0818 0 
 46.6682  0.2304  1.3872  0.0239  0.1731  0.0254  0.3911  0.0313 -0.0003  0.0817 0 
 44.8188  0.1895 -2.1492  0.0386  0.4570  0.0068  0.3513  0.1303 -0.0003  0.1691 0 
 38.1537 -0.1837  0.9907  0.0139  0.3602  0.0629  0.3210  0.0598 -0.0003  0.2023 0 
 45.9602 -0.1767  3.1372  0.0909  0.3661  0.0164  0.2618  0.0112 -0.0003  0.2406 0 
 41.1444  0.1774  0.0091  0.0471  0.4295  0.0407  0.0899  0.1191 -0.0003  0.3460 0 
 57.7737 -0.3333 -0.5025  0.1058  0.5538  0.1108  0.2882  0.0391 -0.0003  0.5807 0 
 48.5756  0.3327  2.6732  0.0133  0.2806  0.0830  0.3870  0.0340 -0.0003  0.1631 0 
 49.1310 -0.0251  1.7469  0.2637  0.1041  0.0303  0.2573  0.0203 -0.0003  0.5613 0 
 47.1290  0.0376 -1.3923  0.0045  0.2779  0.0297  0.3468  0.0516 -0.0003  0.0744 0 
 45.5634  0.0480 -1.4820  0.0076  0.3898  0.1052  0.4810  0.0617  0.2020  0.4144 0 
 28.7175  0.0902  1.7404  0.0325  0.5320  0.0911  0.4477  0.0818  0.5477  0.9449 0 
 44.7852  0.4425 -1.7663  0.0475  0.0909  0.0090  0.1318  0.0200 -0.0003  0.0454 0 
 37.5860 -0.4460  1.4226  0.0367  0.1983  0.0364  0.4605  0.0602 -0.0003  0.1879 0 
 49.2012  0.2096 -0.6449  0.0058  0.7060  0.0215  0.2143  0.0444 -0.0003  0.1337 0 
 46.7140 -0.2246  2.4907  0.0762  0.2990  0.0172  0.3041  0.0583 -0.0003  0.1945 0 
 38.7640 -0.7874  2.9440  0.1663  0.6113  0.0222  0.3196  0.2874 -0.0003  0.8794 0 
 32.2148  0.8009 -0.2518  0.1313  0.0728  0.1104  0.3366  0.0567 -0.0003  0.2589 0 
 45.0629  0.2119 -2.6729  0.0194  0.2222  0.1234  0.4385  0.1296 -0.0003  0.2517 0 
 43.6744 -0.2263  0.4787  0.0269  0.3263  0.0758  0.3979  0.0864 -0.0003  0.2726 0 
 43.3967  0.7834  1.0099  0.0090  0.6428  0.0354  0.2215  0.0181 -0.0003  0.2103 0 
 33.7316 -0.7806 -2.1669  0.0116  0.6799  0.0774  0.5696  0.0201 -0.0003  0.2364 0 
 49.2439 -0.7584 -2.6207  0.0286  0.1966  0.0763  0.3428  0.0068 -0.0003  0.1563 0 
 43.7385  0.7426  0.5478  0.0039  0.4805  0.0181  0.2652  0.0507 -0.0003  0.0891 0 
 54.2611  0.4145 -0.8611  0.0727  0.3259  0.0529  0.2927  0.0572 -0.0003  0.4056 0 
 49.5186 -0.4190  2.3388  0.0044  0.0565  0.0678  0.5135  0.0318 -0.0003  0.0744 0 
 45.8381  0.6964  2.1314  0.0353  0.7486  0.0524  0.5239  0.0184 -0.0003  0.3193 0 
 40.4395 -0.7103 -1.0178  0.0381  0.3640  0.0677  0.3611  0.0513  0.2789  0.6079 0 
 49.7017 -0.4814  1.6127  0.0186  0.2122  0.0064  0.2565  0.0274 -0.0003  0.0426 0 
 46.5339  0.4806 -1.5432  0.1202  0.1808  0.0481  0.4784  0.1514 -0.0003  0.6444 0 
 42.7741 -0.1573 -0.5107  0.2085  0.3116  0.0386  0.3557  0.1190 -0.0003  0.7466 0 
 36.3256  0.2378  2.6960  0.0436  0.3684  0.1287  0.2789  0.1740 -0.0003  0.5627 0 
 49.7108 -0.2125 -1.9993  0.0356  0.0995  0.0203  0.1283  0.0178 -0.0003  0.0582 0 
 45.1514  0.2277  1.1356  0.0382  0.7376  0.0432  0.3068  0.1080 -0.0003  0.4635 0 
 50.1228 -0.1513  2.8834  0.0277  0.5170  0.2618  0.8532  0.2287 -0.0003  0.7860 0 
 39.6033  0.1482 -0.3119  0.0500  0.2909  0.1135  0.4539  0.1075 -0.0003  0.4001 0 
 47.8248 -0.7230  0.2599  0.0352  0.5059  0.0701  0.4318  0.1229 -0.0003  0.4155 1 
 39.5575  0.7016 -2.8967  0.0955  0.3085  0.0558  0.1816  0.1115  0.2048  0.7758 1 
 45.2827  0.3957  1.8817  0.0246  0.5525  0.0474  0.2628  0.0641 -0.0003  0.2941 0 
 44.7639 -0.3855 -1.2536  0.0069  0.3089  0.0220  0.3514  0.0130 -0.0003  0.0784 0 
 56.7178 -0.1890 -2.4272  0.0071  0.2794  0.0623  0.4136  0.0685 -0.0003  0.1531 0 
 47.0985  0.1814  0.6956  0.0314  0.1614  0.0256  0.2601  0.0198  0.2723  0.7750 0 
 49.5308 -0.7039  0.6795  0.0573  0.5061  0.0143  0.2996  0.0638 -0.0003  0.1935 0 
 37.7050  0.7024 -2.4905  0.1733  0.2117  0.0411  0.2300  0.1484 -0.0003  0.7058 0 
 47.3701 -0.2353  0.0312  0.0258  0.1949  0.0660  0.5194  0.0848 -0.0003  0.2264 0 
 41.0163  0.2042  3.1361  0.0586  0.0515  0.0169  0.1349  0.0196 -0.0003  0.0515 0 
 39.8047  0.7833  2.8124  0.0104  0.5626  0.0609  0.6347  0.0112 -0.0003  0.2107 0 
 37.2686 -0.8133 -0.3058  0.0096  0.4364  0.0866  0.4616  0.0421  0.1193  0.3209 0 
 45.4658 -0.6326 -0.7343  0.1149  0.2841  0.0582  0.3062  0.0405 -0.0003  0.4855 0 
 44.6418  0.6037  2.4504  0.0921  0.4674  0.0168  0.3517  0.0554 -0.0003  0.3572 0 
 51.0109  0.1573 -0.7178  0.0024  0.8821  0.1223  0.4247  0.0927 -0.0003  0.3579 0 
 42.5452 -0.1465  2.3984  0.0261  0.0836  0.0816  0.2672  0.0340 -0.0003  0.0830 0 
 53.1838  0.3082  0.7668  0.0017  0.4005  0.2018  0.2521  0.0196 -0.0003  0.2154 0 
 28.1254 -0.3266 -2.4098  0.0446  0.7627  0.0335  0.4504  0.0760 -0.0003  0.4313 0 
 48.2704  0.6310  1.7496  0.0030  0.0695  0.0434  0.3015  0.0803 -0.0003  0.0599 0 
 39.4141 -0.6169 -1.4546  0.1009  0.0961  0.0202  0.2273  0.0380 -0.0003  0.0941 0 
 45.0568 -0.0326 -2.3678  0.4297  0.7366  0.0523  0.4385  0.6618 -0.0003  0.9981 1 
 34.4335  0.0271  0.8225  0.2480  0.3885  0.0583  0.2831  0.2530 -0.0003  0.9590 1 
 48.5878  0.4835 -0.0717  0.0017  0.1107  0.2455  0.3010  0.0291 -0.0003  0.0840 0 
 44.0192 -0.4898  3.0537  0.0259  0.4774  0.0158  0.1324  0.0253 -0.0003  0.1374 0 
 47.7302 -0.1078  3.1335  0.0273  0.5865  0.0512  0.6912  0.0572 -0.0003  0.3248 1 
 44.2054  0.1022  0.0177  0.0883  0.3987  0.0361  0.3967  0.0867 -0.0003  0.5327 1 
 42.9114  0.3289 -1.0313  0.1791  0.7492  0.0147  0.2221  0.1318 -0.0003  0.7355 1 
 37.2869 -0.2827  2.1224  0.1200  0.4949  0.0538  0.3230  0.1249  0.5210  0.9978 1 
 47.4250 -0.6727  0.4043  0.0045  0.0708  0.0285  0.3029  0.0237 -0.0003  0.0455 0 
 43.9002  0.6579 -2.7490  0.0958  0.5782  0.0387  0.3091  0.0328 -0.0003  0.5946 0 
 48.0964  0.7557  0.1923  0.3793  0.4451  0.0726  0.5605  0.3095 -0.0003  0.9918 1 
 44.5289 -0.7248 -2.9341  0.2217  0.7128  0.0511  0.4399 -0.0200 -0.0003  0.8796 1 
 46.9459  0.4970  2.2467  0.0128  0.3148  0.0251  0.3905  0.0214 -0.0003  0.1019 0 
 45.2522 -0.4988 -0.9007  0.0159  0.3360  0.0172  0.1314  0.0009 -0.0003  0.1388 0 
 46.7933  0.7768 -0.2328  0.0129  0.3347  0.0324  0.2171  0.1158 -0.0003  0.1634 0 
 45.8442 -0.7601  2.9069  0.0045  0.5244  0.1064  0.5239  0.0241  0.0948  0.2610 0 
 41.7884 -0.7884 -1.4938  0.1282  0.6388  0.0456  0.2684  0.1902 -0.0003  0.8710 1 
 37.3846  0.7806  1.7142  0.1717  0.3186  0.0285  0.3689  0.2563  0.1502  0.9282 1 
 52.4025  0.2477 -1.1462  0.0410  0.1421  0.0608  0.3796  0.0103 -0.0003  0.1410 0 
 45.6916 -0.2301  2.0257  0.1026  0.1241  0.0206  0.2185  0.0724  0.0803  0.3968 0 
 42.6184  0.1669 -2.7163  0.0206  0.5031  0.0345  0.4005  0.0319 -0.0003  0.2044 0 
 40.7355 -0.1586  0.4362  0.0121  0.1970  0.0290  0.4505  0.0294 -0.0003  0.0936 0 
 44.9378  0.5193  2.7608  0.0033  0.3853  0.0612  0.2633  0.0287 -0.0003  0.1872 0 
 44.8554 -0.5518 -0.3637  0.0009  0.1618  0.0484  0.5708  0.0311 -0.0003  0.1158 0 
 40.9918 -0.7383  2.2100  0.2654  0.6405  0.0279  0.4947  0.4102 -0.0003  0.9874 1 
 39.7528  0.7306 -0.9031  0.0037  0.5140  0.1032  0.7256  0.0345  0.2801  0.4830 1 
 51.7403 -0.3227 -0.3496  0.1827  0.4447  0.0767  0.4232  0.2244 -0.0003  0.9474 0 
 37.9797  0.3210  2.8099  0.0043  0.3806  0.0221  0.1837  0.0043  0.1335  0.3044 0 
 46.5766 -0.3234 -1.4062  0.0861  0.2455  0.1360  0.3913  0.0079 -0.0003  0.3594 0 
 44.2420  0.3519  1.7426  0.0474  0.4722  0.0665  0.3525  0.0507 -0.0003  0.3747 0 
 48.3986 -0.2989  0.3398  0.1615  0.3938  0.0160  0.3014  0.4412 -0.0003  0.8955 1 
 39.7559  0.2884 -2.8445  0.3797  0.5604  0.0314  0.5442  0.3796 -0.0003  0.9897 1 
 42.4811  0.0813 -1.7008  0.0517  0.2973  0.0087  0.3118  0.0590 -0.0003  0.1082 0 
 40.9186 -0.1246  1.4525  0.1031  0.3200  0.0786  0.4949  0.0355 -0.0003  0.4778 0 
 54.2336  0.1405 -0.5808  0.0388  0.1449  0.0666  0.2509  0.0346 -0.0003  0.1323 0 
 36.6857 -0.1194  2.5693  0.0818  0.4955  0.0138  0.1391  0.0142 -0.0003  0.2109 0 
 49.3385  0.6154 -0.1373  0.2738  0.2461  0.0417  0.4712  0.2912 -0.0003  0.9699 0 
 37.1740 -0.6212  3.0177  0.0000  0.3317  0.0346  0.1386  0.1121  0.0287  0.2134 0 
 40.0336 -0.2215 -0.8004  0.2043  0.2928  0.0422  0.4526  0.2338 -0.0003  0.9188 0 
 35.4833  0.2179  2.3150  0.0213  0.0606  0.0748  0.3743  0.0699  0.0899  0.1091 0 
 42.0691  0.5059 -2.7262  0.4897  0.5780  0.0601  0.2233  0.2957 -0.0003  0.9950 0 
 39.3256 -0.5249  0.3938  0.0943  0.1960  0.0310  0.5003  0.1269  0.1792  0.7647 0 
 55.6588  0.7804  2.1041  0.0037  0.1691  0.0575  0.5817  0.1160 -0.0003  0.1713 0 
 33.1792 -0.7536 -1.0178  0.0234  0.7376  0.0311  0.2862  0.0495 -0.0003  0.2148 0 
 38.5321 -0.4747  0.5069  0.0044  0.1831  0.0186  0.1829  0.0513  0.1395  0.2731 0 
 28.8212  0.4792 -2.6276  0.0903  0.4433  0.0191  0.3478  0.0466  0.0787  0.5564 0 
 48.0018  0.2416  2.7644  0.0123  0.6238  0.0302  0.2157  0.1173 -0.0003  0.1991 0 
 44.9348 -0.2281 -0.3743  0.0148  0.4123  0.0187  0.2633  0.0430 -0.0003  0.0935 0 
 45.7221  0.1137 -0.9661  0.0235  0.1248  0.1158  0.3495  0.0394 -0.0003  0.0946 0 
 45.1911 -0.1796  2.1597  0.0308  0.0914  0.0748  0.3506  0.0834 -0.0003  0.1109 0 
 49.5308  0.7060  0.1010  0.0628  0.1848  0.0286  0.4707  0.0140 -0.0003  0.2244 0 
 42.4842 -0.7074 -3.0307  0.0158  0.3982  0.0203  0.1782  0.0067 -0.0003  0.1344 0 
 46.1402 -0.0019 -2.4260  0.1714  0.1490  0.0821  0.2615  0.2932 -0.0003  0.8681 1 
 41.6052 -0.0240  0.7695  0.0279  0.4445  0.0207  0.2240  0.2542 -0.0003  0.3360 1 
 43.0549  0.5400 -3.0411  0.0109  0.5099  0.0301  0.3107 -0.0200  0.0740  0.3031 0 
 30.2007 -0.5564  0.1099  0.0197  0.3916  0.0441  0.3431  0.0134  0.1862  0.4336 0 
 44.4587 -0.1719 -0.1686  0.0028  0.4612  0.0117  0.3521  0.1363 -0.0003  0.1088 0 
 29.9901  0.1871  2.9435  0.0974  0.5581  0.0129  0.3929  0.2621 -0.0003  0.6758 0 
 44.0803 -0.0556  1.5137  0.6628  0.4686  0.0675  0.4411 -0.0200  0.3657  0.9928 1 
 37.4548  0.0753 -1.6203  0.2939  0.4196  0.0484  0.7375  0.1790  0.0419  0.9696 1 
 72.4468  0.5610 -0.5532  0.0000  0.1204  0.0096  0.1170  0.0883 -0.0003  0.0484 0 
 49.2195 -0.5524  2.5854  0.0031  0.2709  0.0348  0.3000  0.0139 -0.0003  0.0855 0 
 57.1298  0.4058 -1.9639  0.2183  0.2708  0.0737  0.2890  0.2618 -0.0003  0.9467 1 
 50.0008 -0.3958  1.2032  0.1546  0.7358  0.0548  0.5977  0.4372 -0.0003  0.9868 1 
 45.8900  0.2662  1.2779  0.1692  0.2765  0.0525  0.4801  0.0797 -0.0003  0.6657 1 
 39.5209 -0.2145 -1.9218  0.0447  0.5276  0.2441  0.5905  0.1418  0.5888  0.9311 1 
 43.4028 -0.0873  2.0541  0.0044  0.1147  0.0723  0.2657  0.0535 -0.0003  0.0783 0 
 34.5251  0.1284 -1.0696  0.0422  0.2625  0.0092  0.1886  0.0196 -0.0003  0.0871 0 
 50.7424  0.1784 -1.1073  0.1211  0.0609  0.0248  0.2977  0.0759 -0.0003  0.1317 0 
 47.3548 -0.1363  2.0257  0.0818  0.3346  0.0983  0.5195  0.0263 -0.0003  0.4169 0 
 49.8268 -0.3767 -2.3647  0.0285  0.5024  0.0548  0.2564  0.2335 -0.0003  0.6201 0 
 47.9377  0.3772  0.7597  0.0457  0.2913  0.1220  0.0863  0.0104 -0.0003  0.3630 0 
 49.4087 -0.5308 -1.3546  0.0244  0.3985  0.1134  0.5138  0.1390 -0.0003  0.3517 0 
 41.8708  0.5303  1.7599  0.0525  0.9230  0.0414  0.4472  0.0784 -0.0003  0.5408 0 
 49.6498  0.2424 -1.6352  0.0038  0.2197  0.0634  0.3421  0.0175 -0.0003  0.1116 0 
 46.0731 -0.2372  1.5513  0.0718  0.0622  0.0379  0.2180  0.0690 -0.0003  0.0876 0 
 43.3936  0.3857 -0.5674  0.4273  0.1958  0.0963  0.2215  0.3383  0.6648  0.9998 1 
 39.6338 -0.3944  2.6077  0.2924  0.1294  0.0522  0.4538  0.2582 -0.0003  0.9544 1 
 47.2755 -0.4429 -0.2969  0.0380  0.2492  0.0346  0.3032  0.0181 -0.0003  0.1462 0 
 39.1302  0.4469  2.8432  0.0027  0.3547  0.0154  0.0911  0.0063 -0.0003  0.1448 0 
 45.9052 -0.4096 -0.7558  0.0050  0.2070  0.0242  0.2618  0.0159 -0.0003  0.0539 0 
 44.3488  0.3817  2.3714  0.0430  0.0556  0.0318  0.1762  0.0805 -0.0003  0.0709 0 
 47.4098 -0.6663 -1.1803  0.0046  0.1970  0.0279  0.1731  0.0123 -0.0003  0.0696 0 
 38.3734  0.6831  1.9260  0.0127  0.5026  0.0355  0.5495  0.0466 -0.0003  0.2165 0 
 54.4961 -0.2215  0.0053  0.0404  0.5322  0.0566  0.1671  0.1198 -0.0003  0.5229 0 
 45.6184  0.2304  3.1256  0.0100  0.4175  0.0364  0.3934  0.0573 -0.0003  0.1510 0 
 61.9821 -0.7076  1.1199  0.0084  0.2050  0.0526  0.2833  0.0519  0.4474  0.9021 0 
 36.7681  0.7023 -2.0292  0.0300  0.3961  0.0668  0.5096  0.1821 -0.0003  0.4404 0 
 44.2603  0.1661 -0.7305  0.0947  0.1479  0.0573  0.3084  0.0574  0.5065  0.9847 1 
 36.7010 -0.2120  2.4162  0.2949  0.1472  0.0251  0.3245  0.3260 -0.0003  0.9379 1 
 51.0140  0.7644  0.4392  0.0019  0.2692  0.0492  0.2124  0.0087 -0.0003  0.1339 0 
 37.4701 -0.7582 -2.6862  0.0082  0.3537  0.0325  0.3687  0.0931 -0.0003  0.1299 0 
 45.1423  0.1964 -1.7327  0.1301  0.7761  0.0300  0.3945  0.3852 -0.0003  0.9399 1 
 40.5402 -0.1751  1.3941  0.4462  0.4551  0.0348  0.6315  0.5353  0.1563  0.9997 1 
 49.3904  0.1827  0.9537  0.0266  0.5401  0.1322  0.4710  0.0366 -0.0003  0.2642 0 
 45.2491 -0.1898 -2.1688  0.0119  0.3696  0.0251  0.3505  0.1230 -0.0003  0.1446 0 
 43.2502 -0.0858  1.0886  0.0496  0.5206  0.0169  0.1330  0.0345 -0.0003  0.1684 0 
 33.3349  0.0978 -2.0774  0.0197  0.3681  0.0145  0.3810  0.0401 -0.0003  0.0942 0 
 52.6802  0.4198 -1.6049  0.0044  0.1214  0.0829  0.1685  0.2531 -0.0003  0.3367 0 
 47.2328 -0.3635  1.5259  0.0158  0.3085  0.0237  0.2599  0.0060 -0.0003  0.0989 0 
 44.5808 -0.4341 -2.7205  0.0623  0.3332  0.0093  0.3518  0.0640 -0.0003  0.1584 0 
 38.6236  0.4424  0.4127  0.0071  0.4984  0.0215  0.3199  0.0255 -0.0003  0.1048 0 
 38.1292  0.7097 -2.9780  0.0182  0.2980  0.1173  0.3669  0.0458 -0.0003  0.1926 0 
 37.8180 -0.7218  0.2967  0.0201  0.4099  0.0743  0.3678  0.0213 -0.0003  0.2135 0 
 45.9083  0.6157  2.9098  0.0134  0.6181  0.0319  0.4364  0.0135 -0.0003  0.1947 0 
 41.4740 -0.6254 -0.2238  0.0023  0.6167  0.1087  0.3138  0.0407 -0.0003  0.2274 0 
 56.7605  0.5055  2.1489  0.0464  0.5851  0.1459  0.4135  0.0794 -0.0003  0.3568 0 
 46.0029 -0.5323 -0.9797  0.0118  0.2232  0.0484  0.5670  0.0253 -0.0003  0.1656 0 
 47.4830  0.5676  0.1501  0.0032  0.2323  0.0602  0.2163  0.0761  0.5304  0.9570 0 
 42.2065 -0.5571 -2.9591  0.0031  0.5685  0.0496  0.4016  0.0817 -0.0003  0.1992 0 
 41.7975 -0.2046  2.2235  0.0372  0.5206  0.0421  0.3579  0.0512 -0.0003  0.3125 1 
 41.0620  0.1876 -0.9286  0.2565  0.3432  0.0276  0.3596  0.2177 -0.0003  0.8810 1 
 46.2806 -0.0658  2.8931  0.2466  0.4021  0.0318  0.2178  0.2061 -0.0003  0.8531 1 
 46.2470  0.0736 -0.2545  0.1523  0.1281  0.1608  0.3920  0.2658  0.0700  0.9046 1 
 46.4485 -0.5185  2.8979  0.1852  0.3553  0.0525  0.3481  0.1019  0.1543  0.8731 1 
 41.9318  0.5051 -0.2407  0.1223  0.1672  0.0392  0.3129  0.1227 -0.0003  0.4708 1 
 50.7546 -0.1552 -1.3331  0.2133  0.2118  0.0428  0.4253  0.2488 -0.0003  0.9123 0 
 47.9225  0.1500  1.7813  0.0858  0.2392  0.0385  0.4747  0.1512 -0.0003  0.5476 0 
 45.9358  0.5375  1.9189  0.0063  0.1663  0.0738  0.5236  0.0417 -0.0003  0.1234 0 
 41.6388 -0.5298 -1.2201  0.0692  0.3423  0.0092  0.1344  0.0279 -0.0003  0.1399 0 
 48.5878  0.5476 -0.5158  0.0358  0.3083  0.0874  0.5160  0.2903 -0.0003  0.6026 0 
 37.5189 -0.5581  2.6095  0.0237  0.2969  0.0351  0.3686  0.0869 -0.0003  0.1673 0 
 48.4993 -0.4240  0.1800  0.0142  0.4786  0.1877  0.7744  0.0455 -0.0003  0.3164 0 
 39.2004  0.4589 -2.9753  0.0066  0.1638  0.0435  0.2731  0.0080  0.4063  0.9184 0 
 46.3661  0.1538  1.6659  0.0093  0.5923  0.0542  0.5224  0.0295 -0.0003  0.1993 1 
 46.0487 -0.1431 -1.4875  0.5306  0.4151  0.0504  0.3489  0.5041 -0.0003  0.9975 1 
 43.3265 -0.4728 -0.1085  0.0643  0.1274  0.0488  0.5317  0.0919 -0.0003  0.3103 0 
 39.5483  0.5259  3.0443  0.0112  0.3139  0.0441  0.2271  0.0583  0.1249  0.3672 0 
 56.5225 -0.4582  3.0505  0.0638  0.5130  0.0626  0.2897  0.1647 -0.0003  0.7082 0 
 46.6499  0.4512 -0.1193  0.0144  0.3262  0.0527  0.3477  0.0236 -0.0003  0.1673 0 
 48.3772  0.2621  3.1237  0.0080  0.3564  0.1667  0.7319  0.0189 -0.0003  0.2638 0 
 44.4465 -0.3327 -0.0002  0.0017  0.1037  0.0356  0.3521 -0.0200 -0.0003  0.0738 0 
 51.7708 -0.4290  0.5396  0.0437  0.1484  0.0312  0.3385  0.0223 -0.0003  0.0996 0 
 43.2044  0.4144 -2.6250  0.0348  0.6184  0.0261  0.3548  0.0040 -0.0003  0.2570 0 
 52.7321  0.0337 -1.0963  0.0490  0.0576  0.0095  0.1263  0.0342 -0.0003  0.0428 0 
 49.8421 -0.0695  2.0179  0.0346  0.6117  0.1961  0.5127  0.0234 -0.0003  0.2928 0 
 51.4046 -0.2265  0.2521  0.2184  0.2266  0.0971  0.4663  0.3581 -0.0003  0.9831 1 
 48.7434  0.2091 -2.9458  0.2673  0.6057  0.0978  0.3867  0.3810 -0.0003  0.9953 1 
 49.8116 -0.1497 -0.8619  0.0804  0.0826  0.0219  0.0855  0.0257 -0.0003  0.0848 0 
 42.1637  0.1355  2.3047  0.0346  0.1729  0.0443  0.2232  0.0263 -0.0003  0.1130 0 
 49.2805 -0.0701 -0.9422  0.1248  0.6526  0.1371  0.3856  0.2163 -0.0003  0.9274 0 
 43.8422  0.0870  2.2336  0.1423  0.3012  0.0114  0.3092  0.1483  0.0661  0.6301 0 
 47.9866 -0.4335 -1.9856  0.0005  0.2473  0.0708  0.3451  0.0981 -0.0003  0.1404 0 
 42.9572  0.4006  1.1454  0.0031  0.6065  0.0233  0.1777  0.0136 -0.0003  0.1509 0 
 51.5785  0.4708  2.3124  0.0301  0.2289  0.0359  0.1694  0.0240 -0.0003  0.1341 0 
 49.8817 -0.4525 -0.7811  0.0557  0.1377  0.0896  0.2990  0.0859 -0.0003  0.2203 0 
 50.0832 -0.5925 -1.0891  0.0115  0.3677  0.0557  0.5121  0.0479  0.2514  0.4702 0 
 35.9747  0.5862  1.9501  0.1543  0.2751  0.0492  0.1864  0.0710 -0.0003  0.6209 0 
 50.4067  0.4544 -2.1938  0.0477  0.6016  0.0711  0.2130  0.0418 -0.0003  0.4912 1 
 37.6776 -0.4448  0.9058  0.0151  0.6503  0.0410  0.5522  0.0161 -0.0003  0.2222 1 
 45.4322  0.5898 -0.2955  0.0229  0.5807  0.0536  0.3939  0.0447 -0.0003  0.2618 0 
 45.0782 -0.5754  2.9122  0.0556  0.2286  0.0527  0.3069  0.0356 -0.0003  0.2331 0 
 42.3713 -0.6258 -0.4626  0.0162  0.7755  0.0209  0.3120  0.0433 -0.0003  0.1544 0 
 40.0336  0.6208  2.6407  0.0509  0.1228  0.0061  0.2263  0.0172 -0.0003  0.0433 0 
 48.5481  0.5869  1.1398  0.3255  0.5390  0.0828  0.4732  0.2173 -0.0003  0.9801 1 
 42.8870 -0.5873 -2.0074  0.4331  0.6005  0.0184  0.5776  0.5311 -0.0003  0.9960 1 
 51.0933 -0.4471 -2.2127  0.0418  0.2640  0.0640  0.3396  0.0220 -0.0003  0.2341 0 
 47.8096  0.4534  0.9555  0.0925  0.7965  0.0508  0.3886  0.1357 -0.0003  0.8231 0 
 50.7942  0.7613 -0.5981  0.3160  0.3814  0.1263  0.5102  0.0895 -0.0003  0.9012 1 
 35.3307 -0.7731  2.5356  0.1203  0.5984  0.0202  0.4216  0.2062  0.2942  0.9861 1 
 46.4790  0.4862 -0.3456  0.0179  0.6184  0.0495  0.4785  0.0104 -0.0003  0.2191 0 
 43.3112 -0.4617  2.7765  0.0217  0.5222  0.0488  0.4875  0.1038 -0.0003  0.3186 0 
 45.5329 -0.2841  3.0374  0.0474  0.4961  0.0089  0.2187  0.0832 -0.0003  0.1524 0 
 42.0447  0.2865 -0.0998  0.0760  0.2658  0.0356  0.1787  0.0079 -0.0003  0.2836 0 
 48.2033  0.1711 -0.4907  0.0951  0.1784  0.0598  0.2585  0.0300 -0.0003  0.2980 0 
 41.6449 -0.1400  2.6533  0.0183  0.2418  0.0154  0.1344  0.0869 -0.0003  0.1038 0 
 52.1004  0.6819 -2.7781  0.0205  0.4515  0.0416  0.2535  0.0153 -0.0003  0.2242 0 
 48.0232 -0.6811  0.3674  0.0180  0.2979  0.0423  0.3451  0.0469 -0.0003  0.1414 0 
 54.8135 -0.1539  2.8516  0.0132  0.4030  0.1134  0.2086  0.0121 -0.0003  0.2276 0 
 44.9378  0.1252 -0.3003  0.0450  0.4951  0.0399  0.4828  0.0865 -0.0003  0.4200 0 
 46.0151  0.4366 -0.2278  0.0199  0.2565  0.0672  0.3053  0.0512 -0.0003  0.1748 0 
 44.3671 -0.4393  2.9236  0.0435  0.1693  0.0880  0.2642  0.0091 -0.0003  0.1712 0 
 46.0365  0.4351  2.3350  0.1394  0.4923  0.0406  0.3925  0.2653 -0.0003  0.9088 1 
 45.6001 -0.4428 -0.8091  0.3555  0.8691  0.0674  0.5246  0.4777  0.3412  0.9994 1 
 44.2847 -0.5327  1.4984  0.0085  0.5314  0.0208  0.2203  0.0159 -0.0003  0.1261 0 
 33.9635  0.5350 -1.6098  0.0138  0.2095  0.0487  0.4264  0.0305 -0.0003  0.1238 0 
 48.3833  0.2618 -0.3166  0.0527  0.1188  0.0285  0.5166  0.0954 -0.0003  0.2227 0 
 46.9703 -0.2726  2.8252  0.0000 -1.0000  0.0027  0.0867  0.0419 -0.0003  0.1921 0 
 47.2389 -0.5201  1.4411  0.0490  0.6965  0.0240  0.3032  0.1188 -0.0003  0.3438 0 
 46.5187  0.5116 -1.6734  0.0399  0.2701  0.0352  0.3044  0.1181 -0.0003  0.2378 0 
 41.9745 -0.3108 -2.8599  0.0530  0.4785  0.0882  0.5362  0.0381 -0.0003  0.3465 0 
 24.0818  0.3215  0.3399  0.0126  0.1693  0.0369  0.2624  0.0319 -0.0003  0.0659 0 
 47.9164 -0.6153  1.0018  0.0358  0.4059  0.0367  0.3021  0.0276 -0.0003  0.2219 0 
 38.2849  0.6156 -2.1290  0.0366  0.5406  0.0653  0.3207  0.0291 -0.0003  0.3217 0 
 48.0537 -0.5797  0.9125  0.0057  0.2615  0.0102  0.3019  0.0639 -0.0003  0.0460 0 
 46.3233  0.5732 -2.2283  0.1672  0.6021  0.0932  0.5225  0.1135 -0.0003  0.8413 0 
 51.7159  0.6793  2.2673  0.0977  0.3217  0.1309  0.5925  0.1180  0.1006  0.7973 1 
 39.4354 -0.6848 -0.8446  0.2640  0.4031  0.0492  0.3636  0.2565 -0.0003  0.9629 1 
 53.1044  0.3562 -0.2338  0.4379  0.1378  0.0381  0.4204  0.2296 -0.0003  0.9559 1 
 41.7884 -0.3447  2.9182  0.1501  0.3848  0.1140  0.5369  0.2962  0.1635  0.9686 1 
 48.9906  0.3202  0.4435  0.0042  0.0582  0.0304  0.2146  0.0076  0.0988  0.1263 0 
 45.5604 -0.2980 -2.6582  0.0324  0.5933  0.0197  0.1749  0.0892 -0.0003  0.1777 0 
 44.5380  0.5949  2.2870  0.0277  0.3297  0.0366  0.3079  0.0164 -0.0003  0.1681 0 
 40.7752 -0.5760 -0.8242  0.0406  0.8277  0.1193  0.6305  0.1411 -0.0003  0.5934 0 
 46.5095  0.6704  1.6538  0.0228  0.2068  0.0261  0.1740  0.0080 -0.0003  0.0908 0 
 42.6123 -0.6744 -1.4534  0.0031  0.4817  0.0257  0.1335  0.0453 -0.0003  0.1411 0 
 47.1260 -0.0176 -2.6015  0.6143  0.5804  0.0450  0.4768  0.3476 -0.0003  0.9935 1 
 42.9358 -0.0052  0.5502  0.0520  0.5740  0.0327  0.3109  0.0004 -0.0003  0.3569 1 
 39.9298  0.6896 -1.1998  0.2329  0.6834  0.0166  0.3623  0.3304 -0.0003  0.9560 1 
 37.4365 -0.6790  2.0128  0.0306  0.3562  0.1168  0.2305  0.0085 -0.0003  0.2438 1 
 44.2817 -0.0698 -0.9416  0.2971  0.7638  0.0287  0.3965  0.3616 -0.0003  0.9864 1 
 41.7426  0.0877  2.2029  0.3283  0.1060  0.0215  0.4476  0.5781 -0.0003  0.9934 1 
 45.7649  0.5246 -1.1854  0.1123  0.4511  0.0175  0.3057  0.2048 -0.0003  0.5960 0 
 44.0101 -0.5227  1.9777  0.0013  0.4650  0.0908  0.1765  0.1130 -0.0003  0.4031 0 
 49.7200  0.2665  1.5890  0.0853  0.1338  0.0257  0.2992  0.0207 -0.0003  0.1368 0 
 34.3389 -0.2670 -1.5507  0.0592  0.1170  0.0300  0.2834  0.1346 -0.0003  0.1696 0 
 47.4647 -0.6831 -0.0714  0.0552  0.1065  0.0274  0.3029  0.0242 -0.0003  0.0786 0 
 47.1962  0.6769  3.0803  0.0403  0.3809  0.0358  0.2600  0.0700 -0.0003  0.2261 0 
 49.2927 -0.0111 -1.2805  0.0006  0.6561  0.1392  0.8997  0.0674 -0.0003  0.3035 0 
 40.4242 -0.0004  1.8445  0.0349  0.1472  0.0382  0.2257  0.0175 -0.0003  0.0886 0 
 46.2501  0.2085 -1.4640  0.0452  0.6612  0.2123  0.4791  0.0329 -0.0003  0.3270 0 
 46.1219 -0.1869  1.6819  0.0039  0.0452  0.0237  0.2615  0.0308 -0.0003  0.0406 0 
 42.7588 -0.7280 -0.7877  0.0079  0.5250  0.0294  0.3557 -0.0200  0.0910  0.2958 0 
 40.1831  0.6877  2.2412  0.0140  0.1332  0.1017  0.1809  0.0554 -0.0003  0.1203 0 
 45.2308 -0.4712 -1.3223  0.0075  0.7454  0.0193  0.5257  0.0237 -0.0003  0.1720 0 
 43.1464  0.4436  1.8374  0.0443  0.4645  0.0332  0.4436  0.1188 -0.0003  0.4257 0 
 60.4532  0.4843 -1.7482  0.0232  0.0727  0.0301  0.2850  0.0364 -0.0003  0.0521 0 
 50.5989 -0.4715  1.4082  0.0389  0.5085  0.0349  0.2128  0.0245 -0.0003  0.2587 0 
 44.6998 -0.6330  2.7986  0.0231  0.2066  0.0524  0.3076  0.0057 -0.0003  0.1356 0 
 28.2658  0.6187 -0.3796  0.0080  0.7003  0.0140  0.2499  0.1017  0.1170  0.2666 0 
 54.9599 -0.6928 -1.6788  0.0038  0.1592  0.1715  0.2501  0.0207  0.4740  0.4155 0 
 47.0008  0.6740  1.4704  0.0020  0.2941  0.0547  0.2602  0.0695 -0.0003  0.1335 0 
 47.7272  0.7923 -2.0235  0.0249  0.2150  0.0375  0.6049  0.1564 -0.0003  0.3171 0 
 46.0853 -0.7762  1.0749  0.0104  0.4508  0.1131  0.6540  0.0853 -0.0003  0.2758 0 
 51.4046 -0.5715 -1.2444  0.0652  0.6229  0.0199  0.3815  0.1695 -0.0003  0.5168 0 
 49.9001  0.5669  1.9100  0.1520  0.1699  0.0912  0.3844  0.2338 -0.0003  0.8551 0 
 48.2795 -0.0659  1.6600  0.0587  0.5871  0.1430  0.5600  0.0090 -0.0003  0.3308 0 
 44.8920  0.0938 -1.4183  0.4303  0.4689  0.0406  0.4829  0.4031 -0.0003  0.9938 0 
 47.1351 -0.5260  0.0395  0.0156  0.7948  0.0489  0.5201  0.0320 -0.0003  0.2664 0 
 39.0204  0.5519 -3.0487  0.0093  0.0759  0.0668  0.4102  0.0062  0.2286  0.1478 0 
 48.8869  0.0591 -2.1200  0.0468  0.2855  0.2092  0.3864  0.0084 -0.0003  0.2633 0 
 42.6856 -0.0732  0.9939  0.0794  0.5422  0.0210  0.4449  0.0916 -0.0003  0.5260 0 
 48.0476 -0.6242  1.0176  0.0124  0.1522  0.1230  0.3019  0.0143 -0.0003  0.0942 0 
 45.8503  0.6784 -2.1087  0.0120  0.2765  0.0489  0.5239  0.1111 -0.0003  0.2235 0 
 45.8381  0.7916  0.6634  0.0108  0.3094  0.0446  0.2619  0.0048 -0.0003  0.1535 0 
 35.8801 -0.7736 -2.4292  0.0327  0.0889  0.0179  0.4198  0.1523  0.0728  0.2271 0 
 52.1370 -0.5519 -2.8887  0.1291  0.6871  0.1609  0.5068  0.0241 -0.0003  0.5793 0 
 45.8473  0.5532  0.3170  0.0309  0.3745  0.1241  0.6112  0.0131 -0.0003  0.2773 0 
 50.8644  0.3613 -2.6419  0.0125  0.3955  0.0262  0.2975  0.1833 -0.0003  0.2370 0 
 42.5727 -0.3431  0.5398  0.0056  0.2589  0.0813  0.4897  0.2388 -0.0003  0.3095 0 
 62.7420 -0.5729  3.0849  0.0320  0.3707  0.0606  0.3631  0.0646 -0.0003  0.2819 0 
 35.9625  0.5647 -0.0143  0.0072  0.1909  0.0100  0.1864  0.0129  0.0848  0.1058 0 
 48.3253 -0.7722 -1.1311  0.0399  0.6625  0.0161  0.2153  0.1165 -0.0003  0.2243 0 
 46.9062  0.7634  2.0137  0.0358  0.0871  0.1151  0.1736  0.0054 -0.0003  0.0903 0 
 46.0121  0.6578  2.3711  0.0128  0.5425  0.0166  0.4362  0.0283 -0.0003  0.1331 0 
 22.8122 -0.7266 -0.6405  0.0179  0.0928  0.0530  0.1602  0.0035 -0.0003  0.0914 0 
 45.9449  0.7154  1.7203  0.0135  0.1958  0.0269  0.3491  0.0844 -0.0003  0.0758 0 
 41.5137 -0.7261 -1.4210  0.0046  0.6094  0.0164  0.1344  0.0291 -0.0003  0.1291 0 
 54.2611 -0.6934  1.4918  0.0320  0.1796  0.1577  0.4181  0.0201 -0.0003  0.1722 0 
 41.4679  0.7197 -1.7095  0.0398  0.3915  0.0240  0.4483  0.0158 -0.0003  0.2397 0 
 44.1016 -0.5249 -0.4917  0.0347  0.4480  0.1026  0.6616  0.0181 -0.0003  0.3045 0 
 43.4760  0.5467  2.6538  0.0113  0.0308  0.0046  0.1771  0.0673 -0.0003  0.0358 0 
 55.7137  0.7817 -0.6990  0.0377  0.3496  0.0458  0.2908  0.0753 -0.0003  0.2651 0 
 47.5044 -0.7762  2.4434  0.0403  0.3874  0.0430  0.3028  0.1144  0.1239  0.5803 0 
 45.9052  0.5190  1.3023  0.0200  0.6499  0.2615  0.7419 -0.0200 -0.0003  0.2498 0 
 44.7089 -0.5066 -1.8099  0.0106  0.4400  0.0891  0.7471  0.2758 -0.0003  0.5653 0 
 47.2572 -0.7295  2.1245  0.0548  0.1770  0.0574  0.3465  0.0361 -0.0003  0.1975 0 
 40.0793  0.7621 -1.0092  0.0110  0.4190  0.0146  0.2715  0.0826  0.0430  0.1276 0 
 40.7019  0.2479  2.5863  0.0853  0.6219  0.0317  0.2704  0.0561 -0.0003  0.4849 0 
 40.1892 -0.2682 -0.5934  0.0019  0.3862  0.1342  0.5425  0.0732 -0.0003  0.2150 0 
 47.6722  0.1977  1.9210  0.1669  0.6497  0.0979  0.6915  0.3132 -0.0003  0.9775 1 
 42.2004 -0.2589 -1.2240  0.3669  0.2963  0.1381  0.4462  0.1197 -0.0003  0.9536 1 
 43.2715  0.7669 -2.9491  0.0122  0.3629  0.0188  0.3546  0.0384 -0.0003  0.0838 0 
 38.3673 -0.7475  0.1892  0.0085  0.1473  0.1258  0.3205  0.0103 -0.0003  0.0877 0 
 45.5909 -0.1921  2.8919  0.2323  0.6927  0.0538  0.5247  0.1422 -0.0003  0.9260 0 
 40.5920  0.1845 -0.2458  0.0061  0.3500  0.0267  0.2255  0.0085  0.2726  0.7893 0 
 47.6875  0.5650  1.7292  0.1084  0.4684  0.0688  0.4753  0.0351 -0.0003  0.5401 1 
 39.7894 -0.5369 -1.3686  0.3565  0.3963  0.0574  0.1813 -0.0200 -0.0003  0.9013 1 
 48.9662  0.1101 -2.6800  0.0294  0.5936  0.0278  0.3004  0.0308 -0.0003  0.1990 0 
 44.5899 -0.1256  0.4565  0.0924  0.1962  0.0709  0.4398  0.0576 -0.0003  0.4035 0 
 39.3957 -0.8018 -0.1605  0.1317  0.5163  0.0269  0.3182  0.1956 -0.0003  0.7611 1 
 33.9269  0.7898  2.9783  0.1312  0.5179  0.0268  0.4738  0.3585 -0.0003  0.9307 1 
 46.5614  0.6524  1.0281  0.0190  0.2591  0.0382  0.3913  0.1192 -0.0003  0.1835 0 
 44.6235 -0.6634 -2.0868  0.0695  0.4711  0.0554  0.3078  0.0659 -0.0003  0.5177 0 
 51.9936 -0.3495 -2.3578  0.0263  0.3269  0.0617  0.5072  0.0268 -0.0003  0.2354 0 
 50.4982  0.3475  0.8204  0.0099  0.4299  0.0324  0.2981  0.0390 -0.0003  0.1258 0 
 51.4229  0.6603  1.1396  0.1055  0.1986  0.0310  0.3815  0.1752 -0.0003  0.5414 0 
 44.8463 -0.6416 -1.9976  0.0570  0.3533  0.0236  0.2195  0.0604 -0.0003  0.1807 0 
 47.4098  0.0527  1.0485  0.1916  0.4916  0.1659  0.4328  0.0698 -0.0003  0.7264 0 
 26.7582 -0.1406 -2.1009  0.0295  0.2668  0.0651  0.4065  0.0306 -0.0003  0.2050 0 
 42.9389 -0.4563 -0.6925  0.0540  0.4299  0.0334  0.3998  0.0339 -0.0003  0.3318 0 
 34.3267  0.4551  2.4552  0.0081  0.3565  0.0409  0.1889  0.0306  0.2398  0.5602 0 
 50.0404 -0.6458 -0.3804  0.0209  0.1464  0.0901  0.5122  0.0805 -0.0003  0.1702 0 
 44.0864  0.6512  2.7940  0.0268  0.4932  0.0164  0.2206  0.0126 -0.0003  0.1325 0 
 55.4757  0.5158  1.5571  0.0048  0.5733  0.1054  0.4990  0.0461 -0.0003  0.2187 0 
 52.4483 -0.4968 -1.5952  0.0099  0.2650  0.1074  0.2952  0.1076  0.1032  0.3405 0 
 47.8798  0.7205  2.8913  0.0334  0.0797  0.0461  0.3022  0.0040 -0.0003  0.0800 0 
 45.2125 -0.7279 -0.3153  0.0630  0.1866  0.0084  0.2629  0.1154 -0.0003  0.1291 0 
 53.0129  0.4941 -0.6080  0.1782  0.5582  0.0538  0.5888  0.2117 -0.0003  0.9475 1 
 37.2076 -0.4725  2.5779  0.0456  0.6253  0.0209  0.4618  0.0606 -0.0003  0.3457 1 
 48.9387  0.4406  3.0048  0.0284  0.7671  0.0526  0.4293  0.1019 -0.0003  0.4230 1 
 41.8921 -0.4381 -0.1422  0.0275  0.2951  0.0865  0.3130  0.0192  0.6818  0.9822 1 
 47.2480 -0.5660 -0.5925  0.0658  0.3317  0.0263  0.2599  0.0150 -0.0003  0.2245 0 
 43.5187  0.5702  2.5148  0.0334  0.4973  0.0137  0.1770  0.0068 -0.0003  0.1425 0 
 37.5525 -0.3098 -0.4677  0.5660  0.1625  0.0620  0.4146  0.5034 -0.0003  0.9936 1 
 35.7092  0.3226  2.6872  0.2740  0.1589  0.0411  0.5605  0.3924 -0.0003  0.9868 1 
 51.6609 -0.4297  2.4901  0.0545  0.3356  0.2868  0.3387  0.0323 -0.0003  0.3383 0 
 43.1678  0.4650 -0.6768  0.0210  0.1156  0.0427  0.3105  0.0168 -0.0003  0.0742 0 
 41.5564 -0.7117  0.7694  0.1024  0.4580  0.0679  0.3137  0.0799  0.4124  0.9760 1 
 38.4924  0.7174 -2.4103  0.1625  0.8134  0.0456  0.3660  0.3225 -0.0003  0.9649 1 
 50.1259 -0.4313 -2.3614  0.1468  0.4701  0.0124  0.2986  0.0617 -0.0003  0.4089 0 
 27.7684  0.4501  0.8000  0.0966  0.4378  0.0173  0.5024  0.1035 -0.0003  0.5991 0 
 40.4578 -0.0439 -2.4637  0.1916  0.4285  0.0268  0.3610  0.1763 -0.0003  0.8047 0 
 35.3918  0.0468  0.6939  0.1225  0.3890  0.0309  0.3746  0.0838  0.1230  0.7483 0 
 46.4210 -0.2298 -2.2852  0.1652  0.6051  0.1472  0.3481  0.1622 -0.0003  0.9268 1 
 31.5801  0.2360  0.8693  0.2433  0.6363  0.0267  0.2902  0.2353  0.1289  0.9240 1 
 46.8482 -0.7778  0.6481  0.0840  0.2703  0.0231  0.2171  0.0272 -0.0003  0.2022 0 
 45.3254  0.7706 -2.5035  0.0322  0.5164  0.1122  0.4379  0.0334 -0.0003  0.2657 0 
 38.1994 -0.1637 -0.6732  0.0565  0.5803  0.1234  0.4584  0.0538  0.2553  0.6790 1 
 37.8119  0.0910  2.5434  0.0635  0.4591  0.1068  0.4597  0.1194  0.6127  0.9713 1 
 47.4128  0.4703 -1.2525  0.1311  0.5641  0.0634  0.4328  0.0797 -0.0003  0.7335 1 
 35.9655 -0.4755  1.8444  0.1887  0.6606  0.0338  0.6060  0.1961  0.1671  0.9275 1 
 51.3710  0.1779 -3.0455  0.0448  0.5707  0.0340  0.3816  0.0696 -0.0003  0.3598 0 
 50.9804 -0.1855  0.0979  0.0605  0.1400  0.0201  0.2124  0.1898 -0.0003  0.2639 0 
 45.9907 -0.3740 -2.8713  0.0338  0.6427  0.0956  0.5235  0.0555 -0.0003  0.3125 0 
 44.3885  0.4007  0.3211  0.0025  0.4292  0.1341  0.3082  0.1512 -0.0003  0.3255 0 
 46.6712  0.3066  2.5604  0.0123  0.1365  0.0281  0.3042  0.0086 -0.0003  0.0567 0 
 43.6713 -0.3061 -0.6008  0.0108  0.5994  0.0440  0.3538  0.0159 -0.0003  0.2061 0 
 40.0366 -0.2290 -0.7741  0.0214  0.3297  0.0568  0.3168  0.0342 -0.0003  0.1976 0 
 25.2018  0.2115  2.3276  0.1236  0.3271  0.0128  0.2070  0.0168  0.0903  0.5292 0 
 44.9744  0.7306 -2.2546  0.0146  0.4784  0.1063  0.4827  0.1154 -0.0003  0.2868 0 
 42.9480 -0.7154  0.9861  0.0013  0.2575  0.1922  0.4886  0.0367  0.5696  0.4833 0 
 45.8473 -0.4963 -1.4699  0.0001  0.3019  0.0485  0.3492  0.0827 -0.0003  0.1189 0 
 37.0703  0.5035  1.6449  0.0393  0.2304  0.0128  0.3236  0.0816 -0.0003  0.0945 0 
 53.0495 -0.0216 -2.6816  0.2607  0.4514  0.0197  0.2943  0.0916 -0.0003  0.6241 0 
 44.9897  0.0279  0.4577  0.0484  0.0888  0.0244  0.3510  0.1367  0.0614  0.2296 0 
 49.4850  0.4966  1.5700  0.0139  0.2215  0.1050  0.5136  0.0228  0.3589  0.3961 0 
 45.2125 -0.4944 -1.5782  0.0158  0.3284  0.0175  0.1753  0.0888 -0.0003  0.1116 0 
 47.2236 -0.0357 -0.9432  0.0392  0.5945  0.0513  0.1733  0.0108 -0.0003  0.4164 1 
 46.3111  0.0351  2.2318  0.0624  0.2882  0.0483  0.4354  0.0411 -0.0003  0.3401 1 
 45.8686 -0.4212 -2.9179  0.0120  0.2427  0.0786  0.3929  0.0182 -0.0003  0.1440 0 
 45.0080  0.4507  0.1930  0.0190  0.4150  0.1725  0.5703  0.0093 -0.0003  0.2453 0 
 49.8787  0.7908  1.3083  0.0229  0.1184  0.2505  0.5553  0.1190 -0.0003  0.2680 0 
 42.5360 -0.7881 -1.8441  0.0178  0.2790  0.0748  0.3562  0.0436 -0.0003  0.1782 0 
 42.6429 -0.4713  1.6094  0.0080  0.5021  0.0909  0.4895  0.1893 -0.0003  0.3552 0 
 35.3826  0.4317 -1.5688  0.0083  0.1697  0.0195  0.3746  0.0296 -0.0003  0.0506 0 
 48.6152 -0.0833  1.4613  0.0329  0.2100  0.0478  0.2580  0.0422 -0.0003  0.1408 0 
 34.5098  0.1026 -1.6772  0.0276  0.4974  0.0396  0.2829 -0.0013 -0.0003  0.2701 0 
 44.0223 -0.3779 -0.8044  0.2887  0.1267  0.0292  0.2647  0.4362 -0.0003  0.9627 1 
 42.7192  0.3554  2.3132  0.2247  0.4219  0.0627  0.5782  0.2206 -0.0003  0.9608 1 
 44.7181  0.1538 -0.9716  0.0893  0.4093  0.0811  0.6152  0.0169 -0.0003  0.4678 0 
 35.4437 -0.1354  2.1805  0.0590  0.5384  0.0306  0.2340  0.0186 -0.0003  0.3134 0 
 49.4728 -0.6220  2.3510  0.0014  0.3843  0.1134  0.3853  0.0443 -0.0003  0.1706 0 
 48.4291  0.6258 -0.8125  0.0101  0.2873  0.0228  0.2152  0.0329  0.0610  0.1463 0 
 45.8869  0.6180 -2.8930  0.0404  0.2613  0.0634  0.3492  0.0176 -0.0003  0.2267 0 
 45.8137 -0.6172  0.2452  0.0504  0.1909  0.0233  0.4367  0.1141 -0.0003  0.2296 0 
 43.9551 -0.4208 -2.4843  0.0065  0.0797  0.0253  0.1766  0.0065 -0.0003  0.0521 0 
 40.9033  0.4073  0.6592  0.0844  0.3953  0.0298  0.3150  0.1999 -0.0003  0.6142 0 
 50.8980 -0.6632 -1.9835  0.1411  0.3869  0.0672  0.1700  0.2517 -0.0003  0.8775 1 
 37.8698  0.6621  1.1703  0.5896  0.6744  0.0196  0.3217  0.6440 -0.0003  0.9981 1 
 58.0972 -0.5574 -2.5584  0.0574  0.3980  0.0505  0.4522  0.1713 -0.0003  0.5800 0 
 53.6782  0.5513  0.6143  0.0144  0.3008  0.0544  0.4193  0.0500 -0.0003  0.1706 0 
 50.4158 -0.6470  1.6857  0.0519  0.1601  0.1280  0.2130  0.0047 -0.0003  0.1787 0 
 39.8260  0.6365 -1.4300  0.0114  0.3235  0.0273  0.3626  0.0019 -0.0003  0.1152 0 
 47.7455 -0.4159 -1.2179  0.0015  0.4219  0.0415  0.4752  0.0338 -0.0003  0.1483 0 
 39.3225  0.4142  1.9528  0.0999  0.1132  0.0478  0.3184  0.1653 -0.0003  0.3961 0 
 47.1443 -0.0517 -0.6000  0.0545  0.2418  0.1064  0.4768  0.0872 -0.0003  0.3746 0 
 42.8260  0.0398  2.5130  0.0053  0.2362  0.0178  0.3556  0.0551 -0.0003  0.0519 0 
 49.8604 -0.1456  2.8761  0.0640  0.3493  0.1036  0.3845  0.1573 -0.0003  0.5756 0 
 47.9469  0.1533 -0.2461  0.0142  0.6431  0.0765  0.5610  0.0787 -0.0003  0.2788 0 
 51.1452 -0.5278  2.5305  0.0657  0.0677  0.0169  0.1698  0.0263 -0.0003  0.0502 0 
 45.7130  0.5576 -0.6023  0.0515  0.2338  0.0462  0.3932  0.0342 -0.0003  0.2331 0 
 43.1281 -0.0164  2.4362  0.0731  0.3772  0.1069  0.5324  0.0428 -0.0003  0.4082 0 
 38.7762  0.0601 -0.7223  0.0031  0.3371  0.1076  0.5022  0.1046 -0.0003  0.2097 0 
 37.3022  0.0358 -2.8878  0.3416  0.7201  0.0251  0.3691  0.4575  0.1907  0.9963 1 
 32.1355 -0.0281  0.3044  0.0844  0.1352  0.0240  0.2888  0.2974 -0.0003  0.4784 1 
 49.7810  0.3834  1.2263  0.0575  0.1108  0.0635  0.3846  0.1081 -0.0003  0.2123 0 
 46.0243 -0.3561 -1.9511  0.1001  0.3533  0.0312  0.2617  0.1054 -0.0003  0.4724 0 
 46.9764  0.0426  2.8384  0.1362  0.1156  0.0405  0.3904  0.1020 -0.0003  0.4242 0 
 36.9726 -0.0405 -0.3015  0.0414  0.2571  0.0081  0.1388  0.0040 -0.0003  0.1058 0 
 44.4465 -0.7137 -0.2457  0.0319  0.3169  0.0128  0.4401  0.0618 -0.0003  0.1397 0 
 38.1170  0.7119  2.8414  0.0139  0.2509  0.0413  0.1835  0.0297 -0.0003  0.1230 0 
 46.3020  0.2130 -2.1363  0.0295  0.1689  0.1102  0.3919  0.1071 -0.0003  0.2080 0 
 37.3571 -0.1256  0.9865  0.0052  0.2558  0.0635  0.4152  0.0783 -0.0003  0.1447 0 
 51.6701  0.1477  2.7192  0.0028  0.2143  0.0434  0.2963  0.1588 -0.0003  0.1540 0 
 47.4525 -0.1590 -0.4015  0.0223  0.1127  0.0092  0.1298  0.1739 -0.0003  0.1225 0 
 48.8746  0.5514 -0.4224  0.3975  0.5581  0.1035  0.3864  0.4597 -0.0003  0.9978 1 
 30.8293 -0.5687  2.7182  0.1284  0.2345  0.0656  0.3897  0.1644  0.5104  0.9945 1 
 47.2633 -0.4913 -2.3130  0.3522  0.5890  0.0499  0.4331  0.1968 -0.0003  0.9531 1 
 46.8879  0.4811  0.8466  0.2136  0.3960  0.0835  0.3038  0.3493 -0.0003  0.9828 1 
 47.0558 -0.0133  1.1978  0.0194  0.0756  0.1286  0.2602  0.0914 -0.0003  0.0775 0 
 45.2277  0.0347 -1.9286  0.0649  0.5789  0.0906  0.3067  0.1155 -0.0003  0.6028 0 
 43.6225  0.1521 -2.0815  0.6159  0.7871  0.0348  0.4866  0.7093 -0.0003  0.9982 1 
 41.8555 -0.1798  1.0289  0.4557  0.7535  0.0280  0.4472  0.6070  0.1900  0.9985 1 
 53.1289  0.2893 -1.9428  0.0128  0.0764  0.0367  0.2522  0.0058 -0.0003  0.0601 0 
 46.0029 -0.2534  1.2139  0.0060  0.5686  0.0713  0.5234  0.0576 -0.0003  0.2088 0 
 47.0405 -0.2733  2.5931  0.0085  0.2852  0.2544  0.3903  0.1270 -0.0003  0.3193 0 
 44.3610  0.3126 -0.5220  0.0108  0.6289  0.0644  0.2202  0.1177 -0.0003  0.4516 0 
 47.7363 -0.3734  1.1537  0.1748  0.2101  0.0254  0.5184  0.1490 -0.0003  0.7724 0 
 32.3919  0.4017 -1.9846  0.0382  0.4583  0.0143  0.1921  0.0239  0.1876  0.5258 0 
 52.0760 -0.5172 -2.1597  0.0067  0.3411  0.0568  0.3380  0.1507 -0.0003  0.2653 0 
 46.0975  0.5262  0.9969  0.0700  0.0845  0.0222  0.3051  0.0762  0.2444  0.6893 0 
 48.5115 -0.6987  1.5810  0.0238  0.4706  0.0511  0.2581  0.0311 -0.0003  0.2684 0 
 46.8513  0.7002 -1.5762  0.0190  0.2588  0.0348  0.4341  0.0146 -0.0003  0.1392 0 
 52.7840 -0.2131  0.1432  0.0005  0.4719  0.0904  0.4211  0.0556 -0.0003  0.1770 0 
 35.5138  0.2286 -2.9503  0.0197  0.4758  0.0235  0.4210  0.0377 -0.0003  0.1629 0 
 52.6802  0.7461  0.7056  0.0194  0.1074  0.0265  0.2949  0.0262 -0.0003  0.0505 0 
 30.6554 -0.7612 -2.4282  0.0363  0.7869  0.0302  0.2927  0.0307 -0.0003  0.2715 0 
 41.1231  0.7313 -1.1689  0.0301  0.4223  0.0811  0.4044  0.0130 -0.0003  0.2366 0 
 33.6828 -0.6764  1.9789  0.1459  0.2523  0.0174  0.2374  0.1684 -0.0003  0.5004 0 
 46.5461 -0.6550 -1.7186  0.2083  0.5152  0.0350  0.2609  0.1971 -0.0003  0.8712 0 
 44.3458  0.6538  1.4300  0.0580  0.2797  0.0246  0.3523 -0.0200 -0.0003  0.2383 0 
 45.4994 -0.0117  3.1404  0.0321  0.2227  0.1622  0.4374  0.0327 -0.0003  0.2143 0 
 41.3367  0.0138  0.0180  0.0233  0.2486  0.0940  0.4936  0.0930 -0.0003  0.2509 0 
 47.6570  0.2983 -1.7144  0.0174  0.2257  0.0200  0.1729  0.0048 -0.0003  0.0817 0 
 35.5322 -0.3157  1.4366  0.0165  0.3600  0.0489  0.3274  0.0063 -0.0003  0.1914 0 
 46.7506  0.1077 -3.1052  0.0361  0.5987  0.0607  0.2606  0.0600 -0.0003  0.4247 0 
 46.5797 -0.1292  0.0457  0.0042  0.3873  0.0953  0.6087  0.1566 -0.0003  0.2873 0 
 56.9497 -0.3747 -2.9847  0.0374  0.2622  0.0723  0.2892  0.0060 -0.0003  0.2297 0 
 50.9834  0.3924  0.1283  0.0196  0.2764  0.0705  0.2124  0.0773 -0.0003  0.2514 0 
 48.3833  0.0186  1.0631  0.0188  0.1881  0.0556  0.3014  0.1555 -0.0003  0.2172 0 
 47.8279 -0.0192 -2.0761  0.0204  0.4955  0.0665  0.4318  0.0224 -0.0003  0.2195 0 
 51.7708  0.0036  2.5404  0.0661  0.3219  0.0511  0.4231  0.1039 -0.0003  0.4686 0 
 43.0793  0.0194 -0.5698  0.0029  0.0859  0.1556  0.2663  0.0029 -0.0003  0.0543 0 
 56.4920 -0.0435  2.7213  0.0187  0.1490  0.0623  0.3726  0.1450 -0.0003  0.1743 0 
 42.3774  0.0104 -0.4065  0.0332  0.5914  0.1952  0.6240  0.0279 -0.0003  0.3013 0 
 49.9214  0.1315 -3.1386  0.0090  0.4951  0.0602  0.5125  0.0662 -0.0003  0.2112 0 
 46.6773 -0.1292  0.0403  0.0004  0.3495  0.0746  0.4780  0.0347  0.1356  0.2599 0 
 45.7343  0.1336 -0.7819  0.0177  0.3679  0.0134  0.3058  0.1122 -0.0003  0.1073 0 
 44.3824 -0.1512  2.3751  0.0221  0.1545  0.0302  0.3082  0.0739 -0.0003  0.0724 0 
 40.8423 -0.2987 -1.1357  0.0000  0.1737  0.1333  0.5852  0.0645 -0.0003  0.1509 0 
 38.8403  0.3141  1.9987  0.0010  0.1815  0.0333  0.2738  0.0273 -0.0003  0.0544 0 
 47.8798  0.2359 -1.8813  0.2489  0.1359  0.0909  0.5612  0.2018 -0.0003  0.9252 1 
 39.2493 -0.2495  1.2763  0.2591  0.6401  0.0373  0.3641  0.2592 -0.0003  0.9613 1 
 51.1727 -0.5274  0.5519  0.0284  0.1337  0.0690  0.3819  0.0502 -0.0003  0.1219 0 
 48.9967  0.5292 -2.6222  0.0081  0.0863  0.0072  0.0429  0.0015 -0.0003  0.0653 0 
 53.5042  0.2761  2.7817  0.0636  0.2310  0.0749  0.3357  0.0340 -0.0003  0.2935 1 
 43.1952 -0.2707 -0.3683  0.4363  0.6322  0.0447  0.2217  0.3019 -0.0003  0.9932 1 
 49.3660 -0.4193  0.2593  0.0091  0.2493  0.0158  0.2141  0.0016 -0.0003  0.0659 0 
 41.1627  0.4783 -2.9194  0.0069  0.6138  0.1358  0.4492  0.1246 -0.0003  0.3185 0 
 44.1138  0.1320  2.5831  0.2369  0.3202  0.0405  0.7056  0.2276 -0.0003  0.9653 0 
 43.9399 -0.1090 -0.5322  0.0063  0.3263  0.0916  0.6180  0.0864 -0.0003  0.2353 0 
 45.4994  0.5959  0.9801  0.0103  0.2059  0.0312  0.3062  0.0616 -0.0003  0.0667 0 
 44.9317 -0.6000 -2.1455  0.0038  0.3558  0.0466  0.2633  0.0014 -0.0003  0.1681 0 
 48.1361  0.3090 -1.7245  0.0280  0.1589  0.0658  0.4311  0.0441  0.0638  0.1976 0 
 47.0680 -0.3124  1.4246  0.0599  0.7529  0.0212  0.5203  0.1243 -0.0003  0.5951 0 
 45.4231  0.6300 -0.7886  0.0326  0.0807  0.0246  0.2188  0.1854 -0.0003  0.1326 0 
 36.2646 -0.6458  2.3753  0.0397  0.4816  0.0551  0.3256  0.0451 -0.0003  0.3401 0 
 48.9754 -0.6823 -0.0584  0.0685  0.2690  0.0407  0.2575  0.0248  0.0493  0.3884 0 
 47.3121  0.6785  3.0844  0.1252  0.2722  0.0809  0.3897  0.0618 -0.0003  0.5221 0 
 33.8415  0.2410  1.2205  0.1665  0.5087  0.0688  0.5216  0.1696 -0.0003  0.9057 1 
 32.9442 -0.3030 -1.8759  0.2463  0.1570  0.0575  0.4779  0.3492  0.2760  0.9937 1 
 52.6436  0.3218 -2.8707  0.0113  0.4071  0.2026  0.4635  0.0532 -0.0003  0.2479 0 
 39.6643 -0.3181  0.3030  0.0071  0.7488  0.0346  0.2269  0.0217 -0.0003  0.2060 0 
 54.4381 -0.2392  1.4331  0.0115  0.2735  0.0404  0.4178  0.0705  0.1066  0.2841 0 
 45.6519  0.2039 -1.7119  0.0179  0.0812  0.1623  0.1311  0.0070 -0.0003  0.0663 0 
 46.6529  0.5591  0.6751  0.0007  0.4286  0.0283  0.4346  0.0434 -0.0003  0.1123 0 
 40.4120 -0.5920 -2.4693  0.0001  0.2967  0.0240  0.1355  0.1050  0.1013  0.2690 0 
 50.6691  0.2544 -1.3392  0.1131  0.4160  0.0651  0.3829  0.0845 -0.0003  0.6308 0 
 46.0822 -0.2793  1.7776  0.0076  0.1171  0.0562  0.4796  0.0182 -0.0003  0.0922 0 
 45.3101  0.5619 -0.6360  0.0005  0.5410  0.0611  0.4817  0.0082 -0.0003  0.1612 0 
 37.7905 -0.5803  2.4986  0.0997  0.4056  0.0345  0.3219  0.0812 -0.0003  0.5224 0 
 43.8361 -0.3539  2.4857  0.7668  0.6785  0.0442  0.4417  0.9516 -0.0003  0.9984 1 
 22.3087  0.2815 -0.6917  0.4198  0.7401  0.0570  0.5378  0.0987 -0.0003  0.9219 1 
 46.9429  0.5634 -1.6166  0.0231  0.1820  0.0649  0.8244  0.0617 -0.0003  0.3469 0 
 41.0376 -0.5627  1.5302  0.0678  0.2629  0.0186  0.3597  0.0391 -0.0003  0.1881 0 
 52.3232 -0.5351  1.4838  0.0069  0.5341  0.0222  0.2110  0.0499 -0.0003  0.1184 0 
 50.9895  0.5316 -1.6170  0.0619  0.0938  0.0637  0.2548  0.0900 -0.0003  0.1520 0 
 39.9817  0.4036 -1.3365  0.3070  0.4847  0.0982  0.2716  0.2136  0.6844  0.9996 1 
 25.9464 -0.4222  1.7545  0.0403  0.5193  0.0551  0.4616  0.0169  0.3709  0.8670 1 
 45.7862 -0.6948  2.1491  0.0487  0.2771  0.1604  0.5241  0.2034 -0.0003  0.6070 0 
 45.2033  0.6747 -0.9334  0.0054  0.5285  0.0762  0.4820  0.0255 -0.0003  0.1816 0 
 42.0325 -0.8051  0.5139  0.2148  0.5792  0.0494  0.2233  0.3381 -0.0003  0.9696 1 
 26.4317  0.7831 -2.5715  0.2551  0.1347  0.0586  0.3060  0.2370 -0.0003  0.9049 1 
 45.2674  0.2940  0.0230  0.0181  0.3510  0.0349  0.3066  0.0185 -0.0003  0.1422 0 
 42.2431 -0.2890 -3.0952  0.0132  0.1506  0.1518  0.5353  0.0456 -0.0003  0.1514 0 
 46.3752 -0.5426  1.0090  0.0279  0.6454  0.0586  0.2176  0.0178 -0.0003  0.3723 0 
 42.5757  0.5573 -2.1044  0.0016  0.0536  0.1877  0.4897  0.1986 -0.0003  0.1167 0 
 45.5665  0.4565  1.8993  0.0120  0.2049  0.0723  0.4373  0.0811  0.1352  0.2691 0 
 43.6713 -0.4588 -1.2551  0.1718  0.5094  0.0171  0.2653  0.1829 -0.0003  0.6846 0 
 47.6753 -0.1455 -1.9373  0.5245  0.7114  0.0440  0.6050  0.6123 -0.0003  0.9976 1 
 38.7213  0.1712  1.2062  0.4591  0.4537  0.0735  0.5481  0.5056 -0.0003  0.9972 1 
 51.0292 -0.1684 -2.3950  0.0627  0.6538  0.0847  0.1274  0.0471 -0.0003  0.6314 0 
 48.7709  0.1970  0.7448  0.0749  0.3132  0.1014  0.3008  0.0357 -0.0003  0.4051 0 
 45.7862 -0.6564 -1.1602  0.0783  0.2089  0.0497  0.3057  0.0832 -0.0003  0.3335 0 
 39.1608  0.6707  1.9890  0.0098  0.6871  0.0102  0.3642  0.0275 -0.0003  0.1059 0 
 43.3722 -0.3796  0.7026  0.0513  0.3469  0.0927  0.3101  0.0891 -0.0003  0.4233 0 
 35.6420  0.4162 -2.4705  0.0084  0.1051  0.0083  0.2336  0.1794 -0.0003  0.0749 0 
 47.4464 -0.5312  0.6013  0.0327  0.0683  0.0482  0.1731  0.0080 -0.0003  0.0831 0 
 46.3142  0.5339 -2.5634  0.0830  0.2648  0.0188  0.1306  0.0085 -0.0003  0.2024 0 
 49.0181  0.0527  2.0869  0.0190  0.2194  0.1974  0.3003  0.0755 -0.0003  0.2210 0 
 44.3610 -0.0493 -1.1351  0.0340  0.0780  0.0251  0.2642  0.0635 -0.0003  0.0545 0 
 61.5518  0.5147  2.8218  0.0025  0.2679  0.1129  0.2837  0.1496 -0.0003  0.2546 0 
 44.7578 -0.5410 -0.3639  0.0465  0.2767  0.1401  0.4833  0.0390 -0.0003  0.2950 0 
 54.1451 -0.5937 -2.3817  0.0068  0.2507  0.2605  0.3765  0.0815 -0.0003  0.2423 0 
 44.3763  0.6192  0.7626  0.0695  0.2415  0.0176  0.3082  0.0969 -0.0003  0.1962 0 
 45.7801 -0.4205 -0.9790  0.0821  0.5064  0.0231  0.4367  0.0602 -0.0003  0.4922 0 
 42.1637  0.4102  2.1435  0.0669  0.1184  0.0415  0.2678  0.0860 -0.0003  0.1544 0 
 56.5652 -0.2538 -1.3635  0.0052  0.0983  0.0685  0.1655  0.0593 -0.0003  0.0899 0 
 46.6438  0.2354  1.7437  0.0155  0.0438  0.0232  0.0869  0.0102 -0.0003  0.0664 0 
 47.3945  0.4207  0.6661  0.0120  0.4623  0.0174  0.2597  0.0129 -0.0003  0.1059 0 
 47.2938 -0.4144 -2.4852  0.0031  0.1647  0.0605  0.5630  0.0974  0.1178  0.2349 0 
 49.0852  0.4683  1.7501  0.0391  0.2171  0.0907  0.6434  0.1423 -0.0003  0.4456 0 
 45.4810 -0.4454 -1.3507  0.0085  0.2329  0.0307  0.0875  0.0289 -0.0003  0.1338 0 
 49.8970  0.0650  3.0941  0.0368  0.0906  0.0326  0.4271  0.0808 -0.0003  0.1119 0 
 44.0284 -0.0628 -0.0681  0.0201  0.2129  0.0154  0.1765 -0.0200 -0.0003  0.0973 0 
 47.0375 -0.4489  0.9865  0.0153  0.2208  0.0493  0.4336  0.0164 -0.0003  0.1358 0 
 43.7263  0.4419 -2.1490  0.0424  0.3278  0.1457  0.5305  0.0190  0.4914  0.6000 0 
 46.3050  0.6176 -0.5512  0.0046  0.3313  0.0699  0.5225  0.0764 -0.0003  0.1862 0 
 36.8200 -0.6047  2.5417  0.0006  0.2704  0.0685  0.3705  0.0411 -0.0003  0.1242 0 
 43.1739 -0.4714  0.7306  0.1263  0.2226  0.0182  0.0887  0.0709 -0.0003  0.2513 0 
 42.5818  0.4727 -2.4477  0.0189  0.1640  0.0739  0.3116  0.0319 -0.0003  0.1136 0 
 47.0466 -0.6948  2.4637  0.0006  0.3891  0.0845  0.5203  0.0880 -0.0003  0.1904 0 
 43.1983  0.6973 -0.7315  0.0001  0.4849  0.0953  0.5765  0.1225 -0.0003  0.2453 0 
 43.2105  0.7715 -2.9040  0.1671  0.6012  0.0430  0.3104  0.4039 -0.0003  0.9668 1 
 42.8168 -0.7753  0.1814  0.0667  0.2256  0.0636  0.2222  0.1087  0.5252  0.9828 1 
 46.4240 -0.1136 -1.5865  0.1460  0.2286  0.0343  0.4352  0.0544 -0.0003  0.5093 0 
 43.9948  0.1174  1.5593  0.1990  0.5823  0.0304  0.3089  0.1291  0.0125  0.7943 0 
 47.6173  0.6975  2.3334  0.0304  0.4869  0.0222  0.1729  0.0612 -0.0003  0.1531 0 
 38.8647 -0.6637 -0.8130  0.0821  0.1304  0.1593  0.5019  0.0947  0.3299  0.6783 0 
 42.9969  0.2353  1.7638  0.1006  0.3640  0.0493  0.2664  0.2098 -0.0003  0.7540 0 
 40.9918 -0.2461 -1.3554  0.0134  0.4145  0.0919  0.2249  0.0140 -0.0003  0.2441 0 
 51.1543 -0.4547  2.9502  0.7437  0.4169  0.1419  0.8488  0.3731 -0.0003  0.9833 1 
 45.4292  0.4557 -0.2032  0.1058  0.2029  0.0349  0.3939  0.2253 -0.0003  0.6318 1 
 47.6295  0.5505  1.4656  0.0074  0.5161  0.0262  0.2161 -0.0200 -0.0003  0.2259 0 
 33.2525 -0.5602 -1.6732  0.1481  0.2457  0.0419  0.2860  0.1402 -0.0003  0.6759 0 
 50.5684 -0.6091  1.3020  0.0002  0.1097  0.0533  0.2980  0.0368 -0.0003  0.0629 0 
 46.9368  0.6086 -1.8773  0.0502  0.1080  0.1781  0.1302  0.0278 -0.0003  0.1357 0 
 52.2896  0.1876 -2.7546  0.0225  0.1690  0.0530  0.1688  0.0020 -0.0003  0.1328 0 
 38.9837 -0.2049  0.3391  0.0350  0.2754  0.0276  0.4103  0.0583 -0.0003  0.1701 0 
 43.3448  0.4219  1.2779  0.5866  0.5535  0.0381  0.3545  0.7198 -0.0003  0.9983 1 
 40.7111 -0.4083 -1.8805  0.5545  0.7109  0.0347  0.5407  0.5454  0.1096  0.9979 1 
 45.6580  0.4427  0.2022  0.0574  0.3691  0.1985  0.4370  0.0537 -0.0003  0.3520 0 
 42.3224 -0.4278 -2.9386  0.0000  0.0635  0.0565  0.1783  0.1430 -0.0003  0.1049 0 
 44.7364  0.0844  0.5860  0.5783  0.2651  0.0172  0.4394  0.6159  0.0795  0.9986 1 
 30.5272 -0.0507 -2.5441  0.2335  0.3932  0.0374  0.3908  0.1673  0.4157  0.9985 1 
 48.4138 -0.1294 -0.7678  0.0397  0.5304  0.0364  0.3443  0.0207 -0.0003  0.2949 0 
 47.6905  0.1429  2.3346  0.0274  0.6669  0.0444  0.3025  0.0257 -0.0003  0.2999 0 
 43.8361 -0.1580 -0.8132  0.0182  0.4222  0.0092  0.2209  0.0840 -0.0003  0.1013 0 
 42.9969  0.1416  2.3556  0.0135  0.1835  0.0298  0.2664  0.0303 -0.0003  0.0600 0 
 47.9530 -0.5408  3.0487  0.0591  0.3925  0.1297  0.2589  0.0772  0.3951  0.7346 1 
 44.4373  0.5107 -0.0593  0.4020  0.7030  0.0235  0.3521  0.3765 -0.0003  0.9936 1 
 49.9763  0.2609 -0.1235  0.0789  0.4012  0.1498  0.5977  0.0518 -0.0003  0.4345 0 
 38.9563 -0.2439  3.0340  0.0892  0.3741  0.0243  0.3192  0.0855 -0.0003  0.3782 0 
 48.3955 -0.0092 -1.4367  0.0784  0.2256  0.0588  0.3444  0.0300 -0.0003  0.3162 0 
 43.4485  0.0088  1.7053  0.0957  0.4006  0.0218  0.2657  0.1765 -0.0003  0.4995 0 
 46.4027  0.2132 -0.8796  0.0010  0.1596  0.0475  0.2611  0.0416 -0.0003  0.0655 0 
 45.4841 -0.2674  2.2482  0.0049  0.3115  0.0415  0.5250  0.0176 -0.0003  0.1532 0 
 56.0494 -0.1668  0.4570  0.0746  0.2939  0.1172  0.3318  0.0411 -0.0003  0.3836 0 
 48.8716  0.1933 -2.7280  0.0422  0.5466  0.0291  0.1718  0.0226  0.1864  0.6140 0 
 54.9386  0.3642 -0.3354  0.1807  0.0825  0.0693  0.3335  0.1275 -0.0003  0.5403 0 
 37.5738 -0.3822  2.7785  0.0237  0.1483  0.0408  0.3684  0.0284 -0.0003  0.0924 0 
 49.1981 -0.2509  1.9870  0.0245  0.3624  0.0738  0.6001  0.1498 -0.0003  0.3790 0 
 43.5645  0.2885 -1.1527  0.0006  0.3480  0.1320  0.6637  0.1011 -0.0003  0.2616 0 
 45.1423 -0.5704 -2.0685  0.0060  0.4332  0.1170  0.4822  0.0493 -0.0003  0.2019 0 
 44.7944  0.5728  1.1166  0.0125  0.2986  0.1051  0.3514  0.0187 -0.0003  0.1650 0 
 46.1646 -0.1900 -0.8497  0.1124  0.5030  0.0700  0.4358  0.0662  0.3491  0.9367 1 
 37.7325  0.1762  2.2903  0.0882  0.8168  0.0228  0.5060  0.2053  0.0598  0.8209 1 
 47.6539  0.5471 -0.8033  0.0116  0.4096  0.0384  0.4754  0.0571 -0.0003  0.1865 0 
 47.4769 -0.5420  2.3562  0.0102  0.3999  0.0588  0.4326  0.0129 -0.0003  0.1794 0 
 48.6763 -0.4294  2.2783  0.1890  0.6860  0.0457  0.4728  0.0483 -0.0003  0.8398 0 
 47.4250  0.4612 -0.8720  0.0314  0.2431  0.0206  0.2596  0.0533 -0.0003  0.0834 0 
 45.3346  0.5804  0.4797  0.0234  0.1726  0.0186  0.3940  0.0069 -0.0003  0.0741 0 
 33.7957 -0.5805 -2.6945  0.0530  0.5924  0.0345  0.3321  0.0864 -0.0003  0.4102 0 
 49.8482 -0.6229  1.8654  0.0032  0.3215  0.0596  0.3845  0.0510 -0.0003  0.1422 0 
 46.5919  0.6092 -1.3188  0.0154  0.4368  0.1771  0.6086  0.0236 -0.0003  0.2546 0 
 48.1727  0.3417 -0.7693  0.0366  0.4368  0.1018  0.4310  0.0722 -0.0003  0.3106 0 
 41.3214 -0.3384  2.4100  0.2043  0.2181  0.1003  0.4488  0.0489 -0.0003  0.6215 0 
 53.3120 -0.1986 -0.9570  0.0172  0.1814  0.1260  0.2940  0.0631 -0.0003  0.1370 0 
 50.4128  0.2067  2.1562  0.0076  0.3582  0.0855  0.2130  0.0543 -0.0003  0.2547 0 
 49.6925 -0.6380 -0.2864  0.0267  0.7238  0.0145  0.3420  0.0124 -0.0003  0.1589 0 
 47.2877  0.6284  2.8446  0.1247  0.3038  0.0298  0.3464  0.1724 -0.0003  0.6734 0 
 53.0220  0.6687  1.6981  0.0280  0.1966  0.0948  0.3785  0.0601 -0.0003  0.1755 0 
 46.1860 -0.6420 -1.3893  0.0568  0.1981  0.0083  0.1743  0.1159 -0.0003  0.1361 0 
 49.7230  0.1062 -2.4265  0.1178  0.1019  0.0288  0.4702  0.2521 -0.0003  0.5743 1 
 34.2962 -0.0845  0.7396  0.5355  0.3218  0.0290  0.4252  0.6397 -0.0003  0.9980 1 
 50.6935 -0.7106  0.9832  0.0013  0.4618  0.1839  0.7232  0.0663 -0.0003  0.2756 1 
 45.0355  0.6941 -2.1121  0.2269  0.3824  0.0598  0.2193  0.3190 -0.0003  0.9636 1 
 47.1290  0.3062 -0.5487  0.0235  0.4325  0.0534  0.3901  0.0484 -0.0003  0.2409 0 
 27.0237 -0.2762  2.5770  0.0594  0.4011  0.0302  0.2026  0.0496  0.0203  0.2904 0 
 43.8605  0.7605 -2.7608  0.0837  0.1504  0.0455  0.2208  0.0689 -0.0003  0.2292 1 
 34.9950 -0.7118  0.3450  0.0695  0.3542  0.0438  0.2349  0.0992 -0.0003  0.4349 1 
 44.7333 -0.0478  2.5244  0.0018  0.2339  0.1134  0.7909  0.0482 -0.0003  0.2537 0 
 41.2543  0.0660 -0.7063  0.0182  0.6271  0.1042  0.4489  0.0484 -0.0003  0.2624 0 
 45.3620 -0.5702 -2.3872  0.0306  0.1389  0.0389  0.1751  0.0450 -0.0003  0.0841 0 
 43.6561  0.5728  0.7080  0.0016  0.5189  0.0085  0.1327  0.1010 -0.0003  0.1161 0 
 47.7058  0.8040  0.1360  0.0047  0.1442  0.2076  0.3024  0.0624 -0.0003  0.1115 0 
 36.0296 -0.7776 -3.0430  0.0137  0.1115  0.0616  0.1398  0.0086 -0.0003  0.1050 0 
 52.3934 -0.6289  0.0971  0.0154  0.3909  0.0903  0.4218  0.0125 -0.0003  0.1887 0 
 47.1778  0.6248 -3.0337  0.0065  0.7050  0.1549  0.7366  0.1712 -0.0003  0.4464 0 
 46.6896 -0.7067 -1.1006  0.0067  0.3721  0.0272  0.4780  0.1734  0.0365  0.3209 0 
 28.9158  0.6937  2.1465  0.0292  0.3381  0.0520  0.3474  0.2083 -0.0003  0.4615 0 
 53.4768 -0.0860 -2.6294  0.0228  0.1428  0.0125  0.1679  0.1368 -0.0003  0.0907 0 
 40.8087  0.0919  0.5251  0.0346  0.3806  0.0385  0.4503  0.0622 -0.0003  0.2791 0 
 46.9856  0.4910  0.9552  0.1254  0.5273  0.0332  0.4338  0.1884 -0.0003  0.8382 0 
 33.1792 -0.5321 -2.1637  0.0876  0.2375  0.0315  0.2862  0.0290 -0.0003  0.2552 0 
 46.4485  0.5032  2.6654  0.0109  0.2348  0.0385  0.4351  0.0831 -0.0003  0.1306 0 
 43.5828 -0.5170 -0.5059  0.0270  0.1971  0.0248  0.3539  0.0272 -0.0003  0.0825 0 
 44.7791  0.5089 -3.0863  0.2481  0.3439  0.0211  0.5271  0.2261 -0.0003  0.9187 0 
 41.1200 -0.5449  0.1237  0.0493  0.3338  0.0482  0.6740  0.0711  0.1105  0.5698 0 
 41.9623  0.0923 -2.1601  0.0027  0.2922  0.0391  0.2234  0.0053 -0.0003  0.1208 0 
 31.6197 -0.0978  1.0250  0.0285  0.2373  0.0363  0.1451  0.0145 -0.0003  0.1583 0 
 42.6581 -0.7222 -1.6399  0.1715  0.4430  0.0571  0.4894  0.2355 -0.0003  0.9389 1 
 33.2464  0.7198  1.5065  0.1631  0.5167  0.0438  0.1430  0.1003  0.3570  0.9833 1 
 58.5031  0.1860  1.0688  0.0614  0.5469  0.0327  0.3694  0.0399 -0.0003  0.4060 0 
 40.6867 -0.1688 -2.0808  0.0095  0.3044  0.0448  0.2253  0.0490 -0.0003  0.1328 0 
 49.5796 -0.0151 -0.4485  0.0009  0.4874  0.0687  0.6845  0.0655 -0.0003  0.2186 0 
 40.7080  0.0308  2.7009  0.1213  0.1089  0.0056  0.2253  0.0726 -0.0003  0.1078 0 
 55.4665 -0.4893 -2.5379  0.0151  0.1513  0.2000  0.4158  0.0905 -0.0003  0.1643 0 
 44.7211  0.4456  0.6062  0.0325  0.5767  0.1319  0.5713  0.0518  0.1879  0.5552 0 
 46.1280  0.4911  1.2017  0.0553  0.2168  0.0363  0.5666  0.1094 -0.0003  0.3912 0 
 42.6703 -0.4953 -1.9200  0.0323  0.3384  0.0321  0.3559  0.0728 -0.0003  0.1883 0 
 47.2236 -0.7477  2.5148  0.0143  0.6691  0.0382  0.6065  0.0146 -0.0003  0.2293 0 
 45.6214  0.7424 -0.5770  0.0327  0.3143  0.1092  0.4371  0.0628  0.2343  0.5045 0 
 48.2063  0.5723  2.3917  0.4174  0.5021  0.0276  0.4740  0.8383 -0.0003  0.9985 1 
 34.5739 -0.5107 -0.8264  0.0328  0.5863  0.0698  0.4242  0.1376 -0.0003  0.4553 1 
 46.0334  0.0150 -0.0436  0.0244  0.0493  0.0457  0.3053  0.0134 -0.0003  0.0688 0 
 40.3265 -0.0023  3.1221  0.0151  0.2881  0.0291  0.4065  0.0578  0.0539  0.2090 0 
 44.4404  0.0955  1.7129  0.0112  0.2789  0.0681  0.1761  0.0195  0.3647  0.7232 1 
 39.3469 -0.0721 -1.4407  0.6164  0.5413  0.0366  0.3638  0.1414  0.2036  0.9912 1 
 48.7922  0.3689 -1.8588  0.0223  0.4349  0.0318  0.4296  0.0396 -0.0003  0.1981 0 
 47.2663 -0.3873  1.3087  0.0123  0.3798  0.1333  0.3898  0.0519 -0.0003  0.2125 0 
 46.8788  0.7642 -3.0555  0.0119  0.3870  0.1239  0.5642  0.0700  0.2634  0.4879 0 
 36.6278 -0.7666  0.1047  0.0506  0.4884  0.0233  0.4174  0.0971  0.1044  0.5690 0 
 48.5237  0.2420  1.2346  0.0000  0.6913  0.0375  0.2581  0.0577 -0.0003  0.1719 0 
 47.0008 -0.2363 -1.9085  0.0181  0.0872  0.0457  0.3036  0.0119 -0.0003  0.0701 0 
 57.3068 -0.1389  1.9771  0.0016  0.4475  0.0435  0.4125  0.0965 -0.0003  0.1737 0 
 42.3407  0.1505 -1.1867  0.0101  0.5553  0.1077  0.4012  0.0850 -0.0003  0.2599 0 
 41.6083  0.6569 -2.5047  0.1416  0.3467  0.0770  0.4031  0.0784 -0.0003  0.6280 0 
 40.4150 -0.6688  0.6047  0.0366  0.4038  0.4247  0.5417  0.0136 -0.0003  0.2635 0 
 51.6670  0.4813 -1.8901  0.0197  0.4499  0.1724  0.6350  0.0462 -0.0003  0.2825 0 
 43.3448 -0.4660  1.2047  0.0034  0.0712  0.1549  0.1772  0.0389 -0.0003  0.0559 0 
 44.4495  0.1191  2.6744  0.0321  0.5502  0.1220  0.3961  0.0113 -0.0003  0.2545 0 
 38.1231 -0.0399 -0.4613  0.0598  0.1665  0.0127  0.1835  0.0563 -0.0003  0.0832 0 
 48.0049  0.5455 -1.1558  0.0060  0.5487  0.0228  0.2588  0.0324 -0.0003  0.1144 0 
 44.6510 -0.5366  1.9744  0.0352  0.1627  0.0156  0.1758  0.0081 -0.0003  0.0636 0 
 47.2358  0.1454 -1.7192  0.7487  0.4523  0.0604  0.3032  0.2308 -0.0003  0.9945 1 
 45.6428 -0.1482  1.3915  0.6331  0.2933  0.0761  0.4808  0.8779 -0.0003  0.9985 1 
 48.6152  0.0932  0.4667  0.0050  0.1516  0.1949  0.3440  0.0317 -0.0003  0.1098 0 
 47.3426 -0.1054 -2.6980  0.0065  0.2852  0.1835  0.3897  0.0143 -0.0003  0.1800 0 
 41.0285 -0.6937  0.8669  0.0945  0.6583  0.0417  0.4496  0.1833 -0.0003  0.8331 0 
 39.7040  0.6714 -2.2180  0.0004  0.3479  0.1657  0.4083  0.0362 -0.0003  0.1883 0 
 48.1971 -0.1735  3.0622  0.0257  0.8067  0.0932  0.3878  0.0053 -0.0003  0.2788 0 
 37.7874  0.1949 -0.0433  0.0125  0.2292  0.0393  0.3219  0.0143 -0.0003  0.0979 0 
 47.0619 -0.1803  0.8782  0.4073  0.5785  0.0409  0.2168  0.2326 -0.0003  0.9828 1 
 20.9445  0.1977 -2.1528  0.0051  0.3825  0.0249  0.2745  0.1719  0.2327  0.6260 1 
 48.0629  0.5942  1.4011  0.0662  0.2464  0.1785  0.6900  0.0313 -0.0003  0.4328 0 
 37.4731 -0.5551 -1.7607  0.0147  0.2675  0.0430  0.3226  0.0966  0.1985  0.4653 0 
 49.3996  0.2799  2.9187  0.0785  0.1055  0.0425  0.3854  0.0943 -0.0003  0.2164 0 
 47.4098 -0.2807 -0.2362  0.0421  0.2609  0.0197  0.1731 -0.0200 -0.0003  0.1778 0 
 42.2675  0.5504 -0.4012  0.0143  0.3833  0.0254  0.3122  0.0193 -0.0003  0.1110 0 
 39.4018 -0.5556  2.7677  0.0130  0.4253  0.0815  0.3637  0.0239 -0.0003  0.1936 0 
 44.9104  0.0500 -1.3727  0.0572  0.6320  0.0158  0.3951  0.1819 -0.0003  0.4636 0 
 33.0724 -0.0467  1.7624  0.0760  0.1191  0.0559  0.2864  0.1716 -0.0003  0.3522 0 
 56.3729 -0.7167 -1.8521  0.0790  0.7026  0.0617  0.3313  0.0358 -0.0003  0.5886 0 
 40.0366  0.7295  1.1934  0.1521  0.2776  0.0337  0.3621  0.2567  0.0499  0.8630 0 
 46.8849  0.3696  0.5210  0.0383  0.1713  0.0643  0.3906  0.0229 -0.0003  0.1630 0 
 44.8615 -0.3636 -2.6040  0.0431  0.5177  0.0622  0.3512  0.0104 -0.0003  0.3171 0 
 48.6580 -0.1955 -1.9659  0.0272  0.4982  0.0577  0.4729  0.0534 -0.0003  0.2754 0 
 42.6764  0.1819  1.1687  0.0226  0.4960  0.0878  0.5783  0.0195 -0.0003  0.2425 0 
 50.6233  0.4045 -0.7701  0.0825  0.3900  0.1131  0.5532  0.0494 -0.0003  0.4412 0 
 47.2358 -0.4294  2.3738  0.0141  0.1196  0.0229  0.2166  0.1413 -0.0003  0.0808 0 
 48.3284  0.6626  1.8868  0.0055  0.5786  0.2181  0.6460  0.0114 -0.0003  0.2461 0 
 42.0722 -0.6845 -1.2253  0.1774  0.1494  0.1399  0.4913  0.0312  0.2191  0.7878 0 
 46.6468  0.0457  1.9592  0.0531  0.1247  0.0482  0.3477  0.0716 -0.0003  0.1511 0 
 36.7620 -0.0108 -1.1879  0.1073  0.2173  0.0345  0.5560  0.0314 -0.0003  0.4593 0 
 47.0344 -0.3387  0.3861  0.0164  0.1394  0.0086  0.4336  0.1682 -0.0003  0.1046 0 
 43.4363  0.3323 -2.7478  0.0346  0.2518  0.0221  0.3985  0.0132 -0.0003  0.1301 0 
 55.3567  0.5659  2.3320  0.3131  0.4365  0.1586  0.4993  0.3666 -0.0003  0.9975 1 
 49.3019 -0.5918 -0.8190  0.0095  0.3329  0.0602  0.1714  0.0920 -0.0003  0.2683 1 
 43.0060  0.7380 -2.6478  0.1838  0.2246  0.0476  0.5772  0.4024  0.1767  0.9794 1 
 38.9685 -0.7344  0.4238  0.0432  0.8204  0.0121  0.5471  0.0836 -0.0003  0.3974 1 
 40.8484 -0.6638  1.2673  0.0274  0.6181  0.0332  0.3151  0.0422 -0.0003  0.2288 0 
 35.9808  0.6710 -1.8714  0.0015  0.3223  0.0519  0.2797  0.0174 -0.0003  0.1385 0 
 47.2694 -0.2192 -1.3820  0.1742  0.2715  0.0287  0.2599  0.1649 -0.0003  0.6943 0 
 46.0212  0.2167  1.7756  0.0884  0.6188  0.0340  0.5669  0.0186 -0.0003  0.5667 0 
 55.2926 -0.7304 -2.1389  0.1476  0.6305  0.0554  0.3745  0.3572 -0.0003  0.9690 1 
 43.4333  0.7293  0.9969  0.2975  0.2132  0.1079  0.3985  0.2233  0.6890  0.9996 1 
 46.7262  0.3108 -0.6419  0.0026  0.8194  0.0340  0.3475  0.0534 -0.0003  0.1687 0 
 45.8381 -0.3256  2.5258  0.0104  0.4166  0.0836  0.4366  0.0074 -0.0003  0.1779 0 
 51.4504  0.5146  1.3656  0.0442  0.2037  0.0940  0.3390  0.1242 -0.0003  0.3329 1 
 47.7516 -0.5288 -1.7260  0.1057  0.7662  0.0402  0.3888  0.1009 -0.0003  0.7752 1 
 43.5401 -0.1014  1.3995  0.3151  0.3625  0.0476  0.3540  0.2724 -0.0003  0.9740 1 
 31.8151  0.1295 -1.6373  0.0558  0.8117  0.0574  0.3861  0.1705  0.2119  0.8168 1 
 36.8353  0.7805  1.2937  0.2757  0.3167  0.0131  0.3241  0.3251 -0.0003  0.9272 1 
 35.6115 -0.8170 -1.8112  0.3135  0.5393  0.0390  0.4674  0.3522  0.3070  0.9993 1 
 45.5665 -0.7035  1.3931  0.0025  0.1218  0.0205  0.2186  0.0623 -0.0003  0.0396 0 
 38.4283  0.6975 -1.7542  0.0757  0.3758  0.0627  0.4119  0.1135  0.2215  0.7764 0 
 46.0304  0.1666  2.0266  0.0187  0.2576  0.0476  0.5669  0.0358 -0.0003  0.2060 0 
 44.6632 -0.1758 -1.1116  0.0226  0.7556  0.0221  0.2637  0.0124 -0.0003  0.1766 0 
 46.6712 -0.7320 -1.7992  0.0047  0.4565  0.0203  0.4346  0.0861 -0.0003  0.1209 0 
 43.5706  0.7581  1.3579  0.0258  0.4942  0.0137  0.3097  0.0220 -0.0003  0.1157 0 
 53.1136  0.5611  1.9643  0.0010  0.3681  0.0641  0.2102  0.0501 -0.0003  0.2093 0 
 42.1515 -0.5534 -1.1696  0.0022  0.5808  0.0182  0.2232  0.0121 -0.0003  0.1189 0 
 48.0446 -0.2430  2.2712  0.0020  0.1194  0.1414  0.3450  0.0377 -0.0003  0.0681 0 
 47.0863  0.2409 -0.9189  0.0367  0.6154  0.0339  0.5636  0.1281 -0.0003  0.4814 0 
 47.4556  0.6710 -0.5189  0.0540  0.0955  0.0871  0.4327  0.1019 -0.0003  0.2046 0 
 32.2423 -0.7296  2.5945  0.0378  0.2235  0.1080  0.2404  0.0583 -0.0003  0.2514 0 
 46.8635 -0.0946  1.8520  0.0040  0.3471  0.0546  0.4775  0.0485 -0.0003  0.1588 0 
 41.8799  0.1362 -1.2269  0.0631  0.4057  0.1086  0.5813  0.0037 -0.0003  0.3601 0 
 51.2001 -0.3693 -2.5044  0.0010  0.6890  0.0508  0.5092  0.0547 -0.0003  0.1983 0 
 44.3519  0.3876  0.6736  0.0049  0.3692  0.0435  0.2202  0.1044 -0.0003  0.1832 0 
 54.9691 -0.6934 -1.0959  0.0247  0.1916  0.0207  0.2501  0.0182 -0.0003  0.0612 0 
 46.3874  0.7022  2.0242  0.0834  0.8425  0.0331  0.3046 -0.0200 -0.0003  0.6032 0 
 48.7922  0.4603  0.6319  0.0039  0.0350  0.0365  0.2577  0.0058 -0.0003  0.0568 0 
 43.7476 -0.4557 -2.5235  0.0357  0.1285  0.0276  0.3536  0.0147 -0.0003  0.0795 0 
 50.6020 -0.1905 -1.1555  0.0066  0.7579  0.0561  0.4682  0.0092 -0.0003  0.2099 1 
 41.6907  0.1785  1.9765  0.4231  0.2317  0.0410  0.4477  0.4254 -0.0003  0.9944 1 
 55.2316  0.3530 -1.2286  0.0618  0.6307  0.2764  0.4163  0.0336 -0.0003  0.3620 0 
 54.6883 -0.3054  1.8905  0.1344  0.4464  0.0140  0.0835  0.0485 -0.0003  0.3294 0 
 47.7852  0.7511 -2.4553  0.0056  0.4735  0.1425  0.3023  0.0370 -0.0003  0.2234 0 
 44.9592 -0.7464  0.7516  0.0064  0.2721  0.0319  0.1317  0.0805 -0.0003  0.1330 0 
 48.6091 -0.7260 -2.8449  0.0514  0.5779  0.0598  0.6020  0.0469 -0.0003  0.3869 0 
 41.9989  0.7169  0.3168  0.0040  0.1446  0.0149  0.4915  0.0152 -0.0003  0.0624 0 
 40.8728 -0.2225 -0.6477  0.0191  0.3567  0.0307  0.2700  0.0735 -0.0003  0.1305 0 
 21.0758  0.2551  2.4547  0.0000  0.4593  0.0055  0.2191  0.0539 -0.0003  0.0764 0 
 62.6993  0.4942  1.4373  0.0082  0.3753  0.1159  0.3632  0.0776 -0.0003  0.2118 0 
 44.3824 -0.5203 -1.7258  0.0380  0.2753  0.1478  0.6605  0.0180  0.1301  0.4398 0 
 45.9449  0.4697 -0.8715  0.0373  0.2461  0.0276  0.1309  0.0178 -0.0003  0.1542 0 
 39.9969 -0.4767  2.2313  0.0215  0.3889  0.0290  0.2264  0.0139 -0.0003  0.1523 0 
 47.6722  0.6122  0.8546  0.0298  0.2714  0.0529  0.3889  0.0220 -0.0003  0.1943 0 
 46.1128 -0.6121 -2.2701  0.0000  0.2292  0.0166  0.0872  0.0886 -0.0003  0.1053 0 
 49.9977 -0.1725  2.4229  0.0273  0.6003  0.1413  0.4269  0.0270 -0.0003  0.2729 0 
 39.5697  0.1597 -0.7163  0.0007  0.1848  0.0596  0.2724  0.0847 -0.0003  0.0962 0 
 48.7678  0.7552  1.4681  0.0804  0.2994  0.0464  0.2148  0.1173 -0.0003  0.4874 1 
 44.9500 -0.7659 -1.7082  0.0575  0.5389  0.0395  0.3511  0.0598  0.3167  0.9172 1 
 48.6610  0.6848  1.7133  0.0023  0.6179  0.0567  0.3009  0.0411 -0.0003  0.2162 0 
 45.7649 -0.6797 -1.4714  0.0756  0.2858  0.0581  0.3494  0.1596 -0.0003  0.5764 0 
 48.2826  0.5253 -1.5924  0.0834  0.0522  0.0628  0.4307  0.0074 -0.0003  0.1345 0 
 44.6479 -0.5008  1.5195  0.0000  0.1339  0.0291  0.0439  0.0184 -0.0003  0.0957 0 
 45.9388 -0.4012  2.4243  0.5403  0.3489  0.0349  0.3054  0.4661 -0.0003  0.9970 1 
 35.8068  0.3388 -0.7559  0.2098  0.2947  0.0269  0.2800  0.1087  0.2616  0.9777 1 
 47.9194  0.0643  2.4747  0.0126  0.2883  0.1377  0.5179  0.1624 -0.0003  0.3166 0 
 44.9866 -0.1037 -0.6362  0.0709  0.5519  0.0601  0.4826  0.0493 -0.0003  0.4665 0 
 52.2744  0.0502  1.7414  0.0042  0.4650  0.0647  0.2954  0.0047 -0.0003  0.2046 0 
 48.8075 -0.0562 -1.4151  0.0004  0.1807  0.2580  0.2148  0.0610 -0.0003  0.1775 0 
 47.7150  0.1986 -0.3143  0.0161  0.6874  0.0432  0.3457  0.0152 -0.0003  0.2379 0 
 46.7903 -0.2004  2.8348  0.0194  0.2734  0.0245  0.2606  0.0461 -0.0003  0.0812 0 
 45.5085 -0.6879  2.4481  0.0347  0.2001  0.0117  0.1312  0.0048 -0.0003  0.0859 0 
 36.3195  0.6746 -0.7003  0.0117  0.0594  0.0187  0.1859  0.0197 -0.0003  0.0422 0 
 50.4036 -0.5054 -1.5914  0.1122  0.3020  0.2198  0.4686  0.2077  0.3385  0.9580 0 
 41.4038  0.4674  1.5658  0.1763  0.4013  0.0420  0.2691  0.1009 -0.0003  0.7282 0 
 54.8928 -0.6956  2.5658  0.0120  0.1672  0.0498  0.5837  0.0464  0.0562  0.1944 0 
 44.8585  0.6911 -0.6300  0.0435  0.1664  0.0087  0.0878  0.0082 -0.0003  0.0878 0 
 46.6224  0.1653 -1.6332  0.0295  0.0600  0.0209  0.2173  0.1817 -0.0003  0.1078 0 
 44.9104 -0.1654  1.5090  0.0659  0.3110  0.0097  0.3073  0.0694 -0.0003  0.1446 0 
 50.8522  0.6935  2.6738  0.2877  0.4919  0.0671  0.2976  0.5007  0.5647  0.9998 1 
 45.7679 -0.7017 -0.3990  0.2542  0.3995  0.0504  0.2184  0.2701 -0.0003  0.9528 1 
 48.9296 -0.5141  1.3613  0.0555  0.2099  0.0848  0.4293  0.1833 -0.0003  0.4809 0 
 46.1463  0.5071 -1.7695  0.0153  0.4061  0.0218  0.3486  0.0682  0.0940  0.2884 0 
 46.4363  0.0519 -0.6069  0.0229  0.3287  0.0410  0.3046  0.0903 -0.0003  0.1894 0 
 43.5554 -0.0570  2.5398  0.0135  0.8081  0.0446  0.4867  0.0117 -0.0003  0.2397 0 
 48.0659 -0.7234  0.5016  0.0142  0.6021  0.0392  0.3881  0.0391 -0.0003  0.2038 0 
 31.0399  0.7007 -2.6552  0.0161  0.4977  0.0298  0.0972  0.1472 -0.0003  0.2133 0 
 33.7774 -0.6716  3.0539  0.0029  0.7422  0.0133  0.2847  0.0397 -0.0003  0.1102 0 
 32.9198  0.6758 -0.0358  0.0023  0.6324  0.0172  0.2390  0.1331 -0.0003  0.1435 0 
 55.9945  0.0120  1.3766  0.4615  0.2680  0.2429  0.4149  0.6008 -0.0003  0.9988 1 
 41.0681  0.0068 -1.7885  0.2122  0.5635  0.0705  0.3596  0.1723  0.5351  0.9989 1 
 47.7211 -0.7047  1.9609  0.0007  0.1002  0.0551  0.4320  0.0185 -0.0003  0.0738 0 
 42.2766  0.7250 -1.1959  0.0101  0.2591  0.0209  0.4906  0.0023 -0.0003  0.1117 0 
 52.9397 -0.5854 -2.7111  0.0143  0.3257  0.0978  0.3366  0.0206 -0.0003  0.1794 0 
 45.6245  0.5788  0.4868  0.0786  0.3103  0.0256  0.2186  0.0169 -0.0003  0.2349 0 
 49.4392 -0.1479 -0.7945  0.0112  0.1641  0.0098  0.0856  0.0136 -0.0003  0.0649 0 
 36.0815  0.2198  2.2847  0.0008  0.4028  0.0228  0.3260  0.1413 -0.0003  0.1283 0 
 49.4179  0.1204 -2.0148  0.2442  0.5807  0.0501  0.3425  0.1645 -0.0003  0.9202 1 
 28.7266 -0.1426  1.1181  0.5921  0.7801  0.0582  0.7460  0.3936 -0.0003  0.9892 1 
 46.6346 -0.7542  2.6169  0.0147  0.6011  0.0971  0.6085  0.0342  0.1120  0.3572 0 
 45.8198  0.7450 -0.5598  0.0262  0.1928  0.1253  0.3493  0.0087 -0.0003  0.1451 0 
 48.5634  0.5140  1.1112  0.2187  0.6444  0.0416  0.6022  0.0659 -0.0003  0.8480 1 
 45.9846 -0.5305 -2.0600  0.1970  0.6999  0.0764  0.3054  0.1298  0.1990  0.8984 1 
 45.3315  0.0462 -1.2990  0.0386  0.1300  0.1402  0.3941  0.0291 -0.0003  0.1347 0 
 41.8433 -0.0447  1.8464  0.0484  0.1640  0.0130  0.1789  0.0209 -0.0003  0.0656 0 
 47.6936  0.3119 -0.5099  0.0156  0.2493  0.0604  0.7778  0.0400 -0.0003  0.2883 0 
 29.0288 -0.3085  2.6161  0.0085  0.1356  0.0315  0.1487  0.0181 -0.0003  0.0648 0 
 46.9154  0.0326  1.2045  0.1184  0.5212  0.0276  0.3906  0.1053 -0.0003  0.6637 1 
 42.1454 -0.0142 -1.9313  0.0956  0.3297  0.0473  0.3571  0.2065 -0.0003  0.7225 1 
 43.4394  0.4330  1.3459  0.2947  0.5720  0.0255  0.5756  0.2789 -0.0003  0.9668 1 
 37.5250 -0.4293 -1.7540  0.2254  0.6240  0.0271  0.3225  0.1983 -0.0003  0.8874 1 
 40.5890 -0.6900 -1.2925  0.2080  0.3907  0.0714  0.5862  0.2003  0.4739  0.9987 1 
 39.0234  0.6969  1.7987  0.5723  0.1455  0.0271  0.2735  0.7192  0.3692  0.9998 1 
 45.7527 -0.0611  2.7990  0.1592  0.5643  0.0267  0.2184  0.1660 -0.0003  0.7204 0 
 42.3438  0.0796 -0.3108  0.0032  0.2496  0.0116  0.2229  0.1207  0.0869  0.1810 0 
 48.6824  0.3459  0.8148  0.0056  0.7648  0.0453  0.5158  0.0633 -0.0003  0.2364 0 
 31.3970 -0.3489 -2.3297  0.0219  0.0578  0.0205  0.2907  0.0528 -0.0003  0.0443 0 
 50.5501  0.6101  0.7634  0.0955  0.1042  0.0541  0.4257  0.0844 -0.0003  0.2935 0 
 46.3935 -0.5988 -2.3367  0.0226  0.3421  0.0036  0.1306  0.0020 -0.0003  0.1053 0 
 45.8839 -0.5123 -1.4299  0.0463  0.7437  0.0488  0.4365  0.0733 -0.0003  0.4587 0 
 40.7172  0.5435  1.7191  0.0098  0.7568  0.0858  0.2253  0.0128 -0.0003  0.2591 0 
 54.4228  0.5427 -0.6527  0.0049  0.3181  0.1858  0.4596  0.0954 -0.0003  0.2397 0 
 54.3435 -0.5133  2.5212  0.0107  0.2400  0.1548  0.3762  0.0307 -0.0003  0.1587 0 
 47.6295  0.5958  1.9685  0.0058  0.1901  0.0154  0.4323  0.1010 -0.0003  0.0710 1 
 40.2716 -0.6058 -1.1672  0.2325  0.5479  0.0554  0.4067  0.2797 -0.0003  0.9762 1 
 47.9622 -0.7344  2.2218  0.0166  0.3131  0.0228  0.2589  0.1404 -0.0003  0.1515 0 
 46.6712  0.7327 -0.9390  0.0018  0.2378  0.0709  0.3042  0.0419 -0.0003  0.1184 0 
 52.5978 -0.5495  0.4512  0.0099  0.3924  0.0739  0.2107  0.0019  0.2135  0.4294 0 
 43.8148  0.5380 -2.6647  0.1744  0.4405  0.0204  0.3534  0.1610 -0.0003  0.7163 0 
 53.1136 -0.6345  0.5459  0.0332  0.1836  0.0256  0.2522  0.0019 -0.0003  0.0860 0 
 47.1321  0.6314 -2.6030  0.0377  0.3331  0.0323  0.4334  0.0977 -0.0003  0.2815 0 
 52.0668  0.6956 -1.4340  0.0826  0.2816  0.0903  0.5070  0.0964 -0.0003  0.5188 0 
 43.9918 -0.7331  1.6762  0.0392  0.2897  0.0591  0.4413  0.0782 -0.0003  0.3022 0 
 49.6010  0.3695 -0.2211  0.0391  0.3708  0.0198  0.4705  0.0453 -0.0003  0.2310 0 
 48.7404 -0.3864  2.9577  0.0053  0.2229  0.0337  0.4726  0.0938 -0.0003  0.1223 0 
 46.8605 -0.7676  0.7186  0.0019  0.1918  0.0486  0.3039  0.0101 -0.0003  0.0854 0 
 46.6896  0.7765 -2.4453  0.0004  0.8881  0.0201  0.4345  0.1077 -0.0003  0.1826 0 
 38.1567 -0.1983  2.8740  0.0349  0.5839  0.0151  0.4127  0.0593  0.1629  0.4989 0 
 14.9630  0.0302 -0.3218  0.0197  0.3251  0.0473  0.4321  0.0097 -0.0003  0.1887 0 
 55.6466 -0.6538 -2.7458  0.2409  0.2177  0.0878  0.4986  0.2824  0.3677  0.9930 1 
 48.0568  0.6517  0.3442  0.1416  0.4165  0.0330  0.4313  0.0926 -0.0003  0.6802 1 
 49.6712  0.4846 -3.0176  0.0063  0.0755  0.0382  0.3848  0.2033 -0.0003  0.1248 0 
 47.8859 -0.4827  0.1218  0.0100  0.1701  0.1520  0.6475  0.1710 -0.0003  0.3348 0 
 36.4019  0.2273  2.1732  0.0716  0.5000  0.0269  0.2323  0.0971 -0.0003  0.3434 1 
 34.3542 -0.2636 -0.9946  0.1829  0.2742  0.0745  0.3778  0.1833  0.2271  0.9427 1 
 50.2449 -0.7339  1.7739  0.0134  0.2721  0.0362  0.4264  0.0739 -0.0003  0.1383 0 
 48.9418  0.7264 -1.2982  0.0600  0.5390  0.1189  0.3005  0.1099 -0.0003  0.5120 0 
 46.2165 -0.2003 -0.6894  0.0426  0.1528  0.0358  0.4357  0.0698  0.0100  0.1837 0 
 46.1463  0.2242  2.4543  0.0282  0.8098  0.0184  0.3923  0.2246 -0.0003  0.4320 0 
 45.2705  0.6767  0.8427  0.0099  0.0771  0.0629  0.2628  0.0079 -0.0003  0.0760 0 
 44.0131 -0.6810 -2.2714  0.0094  0.2262  0.0144  0.3089  0.0270 -0.0003  0.0464 0 
 38.0682  0.4734  2.1855  0.3103  0.7367  0.1010  0.5047  0.1725  0.3292  0.9923 1 
 29.4438 -0.4190 -0.9047  0.5201  0.3881  0.0667  0.3456  0.4195  0.1037  0.9972 1 
 45.4902  0.5420 -2.2572  0.1147  0.4071  0.0737  0.3937  0.1625 -0.0003  0.7883 0 
 45.2216 -0.5319  0.9044  0.0292  0.4470  0.0862  0.6572  0.0651 -0.0003  0.3285 0 
 43.5370 -0.3696  2.8116  0.0168  0.2934  0.1237  0.5753  0.1745 -0.0003  0.3639 0 
 38.7793  0.3733 -0.3391  0.0525  0.3418  0.0423  0.3653  0.1832 -0.0003  0.5059 0 
 44.2481  0.3588  2.2479  0.0062  0.2486  0.1569  0.1322  0.0075 -0.0003  0.1881 0 
 41.0437 -0.3342 -0.8514  0.0667  0.2595  0.0189  0.3147  0.0826 -0.0003  0.1900 0 
 47.4434  0.6953  0.2632  0.0497  0.0512  0.1180  0.1298  0.0059 -0.0003  0.0946 0 
 44.6845 -0.6981 -2.9135  0.0192  0.6038  0.0304  0.4395  0.0488 -0.0003  0.2163 0 
 46.8025  0.2458  0.4249  0.1011  0.0927  0.0388  0.1737  0.1705 -0.0003  0.3522 0 
 34.4121 -0.2340 -2.7517  0.0829  0.3040  0.0110  0.2360  0.1002 -0.0003  0.1912 0 
 54.0352  0.5380 -2.3934  0.0033  0.4382  0.0582  0.4604  0.0164 -0.0003  0.1625 0 
 45.2125 -0.5257  0.7070  0.0648  0.2554  0.0723  0.3505  0.0212 -0.0003  0.3086 0 
 53.8857  0.4048 -2.8817  0.0341  0.1791  0.0681  0.3351  0.1153 -0.0003  0.2269 0 
 48.2826 -0.4017  0.2813  0.0001  0.3054  0.0480  0.2154  0.1959 -0.0003  0.3255 0 
 40.8820  0.5678 -0.0058  0.0162  0.4419  0.0450  0.1800  0.0864 -0.0003  0.2449 0 
 38.1353 -0.5611 -3.1074  0.0457  0.0247  0.0356  0.3669  0.0577 -0.0003  0.0782 0 
 45.1942 -0.2346 -1.7165  0.0000  0.2301  0.0650  0.3068  0.0660 -0.0003  0.1097 0 
 41.3703  0.2608  1.4645  0.0016  0.2162  0.0794  0.2692  0.1197 -0.0003  0.1720 0 
 44.5441 -0.5705  0.5070  0.0058  0.2619  0.2107  0.3519  0.0082 -0.0003  0.1767 0 
 44.2481  0.5947 -2.6532  0.0275  0.0703  0.0796  0.2644  0.0161 -0.0003  0.0800 0 
 34.7723  0.7576  1.7875  0.2424  0.5112  0.0451  0.3765  0.1262  0.3028  0.9898 1 
 18.3017 -0.7536 -1.3934  0.1490  0.5202  0.0118  0.4022  0.0495  0.1195  0.6657 1 
 55.2712 -0.5880 -2.8014  0.0045  0.5404  0.1603  0.5411  0.0222 -0.0003  0.2286 0 
 36.3073  0.5559  0.2819  0.0354  0.0887  0.0546  0.2790  0.0735 -0.0003  0.0956 0 
 47.4952 -0.5896  0.3370  0.0275  0.3650  0.1515  0.6056  0.0259 -0.0003  0.2796 0 
 46.4881  0.5852 -2.8404  0.0368  0.1525  0.0647  0.1305  0.0202 -0.0003  0.1693 0 
 46.7872 -0.2445  2.7685  0.0499  0.7026  0.0554  0.4777  0.1331 -0.0003  0.5853 0 
 43.8911  0.2429 -0.3233  0.0377  0.1977  0.0334  0.3091  0.0178 -0.0003  0.1141 0 
 52.8054 -0.2913  2.9742  0.0465  0.2451  0.1310  0.3368  0.0242 -0.0003  0.2377 0 
 50.3944  0.3251 -0.1558  0.0091  0.1383  0.0875  0.2556  0.0126 -0.0003  0.0927 0 
 59.0402  0.5447 -2.5916  0.0199  0.2757  0.0444  0.4095  0.0197 -0.0003  0.1586 0 
 46.0792 -0.5196  0.5203  0.0153  0.1079  0.0670  0.4360  0.0229 -0.0003  0.0916 0 
 46.1585  0.6271  0.7066  0.0098  0.1829  0.0557  0.5230  0.1136 -0.0003  0.1763 0 
 45.9266 -0.6279 -2.4388  0.0385  0.2527  0.0114  0.2618  0.0303 -0.0003  0.0744 0 
 47.7058  0.8042  2.5702  0.0086  0.1991  0.0304  0.5617  0.0325 -0.0003  0.1306 0 
 40.7141 -0.7903 -0.6001  0.0116  0.2439  0.0042  0.3154  0.0862 -0.0003  0.0491 0 
 55.8450 -0.4164 -0.7143  0.0159  0.2756  0.0646  0.2076  0.0165 -0.0003  0.2037 0 
 31.1406  0.3960  2.4049  0.0053  0.6691  0.0139  0.2914  0.0102 -0.0003  0.1114 0 
 48.0598 -0.3636  2.1596  0.0165  0.2963  0.1012  0.7331  0.0552 -0.0003  0.3069 0 
 40.7874  0.3603 -0.9853  0.0056  0.0932  0.0182  0.2252  0.0045 -0.0003  0.0428 0 
 66.5019 -0.3865  2.0937  0.0678  0.4610  0.2765  0.4377  0.1038 -0.0003  0.4657 0 
 30.1762  0.4692 -1.0352  0.0333  0.2675  0.0343  0.2941  0.1170 -0.0003  0.2029 0 
 52.5399 -0.1555  1.3673  0.0349  0.7544  0.0989  0.3372  0.0190 -0.0003  0.3095 0 
 42.3102  0.1282 -1.7866  0.0104  0.1363  0.0617  0.3567  0.1154 -0.0003  0.1172 0 
 55.2895 -0.3763  1.6395  0.0680  0.0348  0.0322  0.2497  0.0287 -0.0003  0.0638 0 
 46.8971  0.3698 -1.5061  0.0367  0.5456  0.0224  0.1302  0.0386 -0.0003  0.1740 0 
 46.2379  0.5609 -0.9659  0.1047  0.1607  0.2084  0.4356  0.1251 -0.0003  0.5282 0 
 34.5556 -0.5464  2.1601  0.0545  0.7956  0.0168  0.2357  0.0150 -0.0003  0.2399 0 
 47.7974 -0.3951  2.9563  0.2744  0.6886  0.0700  0.3455  0.1691 -0.0003  0.9601 1 
 47.2877  0.4009 -0.2042  0.2207  0.6955  0.0467  0.6063  0.2800 -0.0003  0.9751 1 
 48.6915  0.6528  2.5830  0.0000  0.0821  0.1827  0.1290  0.0292 -0.0003  0.0605 0 
 36.4111 -0.6822 -0.5864  0.0145  0.4960  0.0212  0.4645  0.0377 -0.0003  0.1603 0 
 47.4464 -0.2305  1.7015  0.0107  0.1520  0.0213  0.1731  0.0328 -0.0003  0.0491 0 
 43.6896  0.2349 -1.4365  0.0019  0.4656  0.0263  0.2211  0.0146 -0.0003  0.1264 0 
 52.3140 -0.7251  0.7323  0.0513  0.6185  0.0254  0.3798  0.2083 -0.0003  0.5704 1 
 46.6987  0.7318 -2.4142  0.6422  0.5190  0.0217  0.5214  0.5058 -0.0003  0.9965 1 
 46.3386  0.5197 -2.5460  0.0074  0.6330  0.1651  0.6530  0.0048 -0.0003  0.2452 0 
 46.0426 -0.5120  0.5449  0.0061  0.5658  0.0269  0.3924  0.0270 -0.0003  0.1366 0 
 50.1473  0.4181 -1.1588  0.0096  0.1546  0.0645  0.2559  0.0324 -0.0003  0.0923 0 
 39.7498 -0.4347  1.9724  0.0757  0.4565  0.0265  0.2721  0.0705 -0.0003  0.3301 0 
 48.5695 -0.7617 -1.1934  0.0421  0.0751  0.1644  0.3441  0.1519 -0.0003  0.1745 0 
 46.9764  0.7533  1.9440  0.0068  0.5618  0.0256  0.3904  0.1260  0.1837  0.5308 0 
 45.8625  0.1734 -0.7708  0.0074  0.5905  0.0180  0.3056  0.1542 -0.0003  0.1677 0 
 27.5975 -0.1855  2.3730  0.1276  0.2492  0.0202  0.3020  0.2047 -0.0003  0.5819 0 
 41.2390  0.7840  0.0171  0.0589  0.1619  0.0858  0.2694  0.0224  0.1647  0.3659 0 
 40.9766 -0.7910  3.1209  0.0866  0.4707  0.0260  0.1350  0.1148 -0.0003  0.3632 0 
 49.1737 -0.2980  0.5386  0.0506  0.1829  0.1895  0.4716  0.0728  0.8345  0.8465 0 
 45.4292  0.2933 -2.5759  0.0663  0.3796  0.1236  0.5689  0.1732 -0.0003  0.6473 0 
 43.7934 -0.6326  0.1268  0.0291  0.4854  0.1067  0.3977  0.0574 -0.0003  0.2746 1 
 41.6571  0.6297 -2.9721  0.7578  0.7196  0.0269  0.3583  0.6345 -0.0003  0.9981 1 
 49.1157 -0.6763 -2.9689  0.0269  0.6226  0.0151  0.1286  0.0034 -0.0003  0.1627 0 
 43.8911  0.6758  0.1785  0.0392  0.4463  0.0299  0.3091  0.0700 -0.0003  0.2217 0 
 50.1289 -0.3266  2.2089  0.0046  0.0954  0.0575  0.1707  0.0560 -0.0003  0.0773 0 
 42.6642  0.3478 -0.9246  0.0079  0.3223  0.2066  0.4894  0.0312 -0.0003  0.2184 0 
 48.3680 -0.4310 -0.4218  0.0764  0.1049  0.0802  0.4305  0.0370 -0.0003  0.2155 0 
 48.1025  0.4165  2.6913  0.0208  0.2616  0.0511  0.2587  0.0202 -0.0003  0.1564 0 
 49.8848 -0.5660  0.5046  0.1797  0.1894  0.0554  0.4271  0.2143 -0.0003  0.8598 0 
 44.7425  0.5727 -2.6501  0.0095  0.9244  0.0302  0.5272  0.0193 -0.0003  0.2332 0 
 47.2572  0.1393  0.5034  0.0150  0.0629  0.0407  0.3465  0.0494 -0.0003  0.0635 0 
 44.1505 -0.1575 -2.5952  0.0018  0.4501  0.0340  0.1323  0.1822 -0.0003  0.2546 0 
 50.4982 -0.3376  0.5436  0.6149  0.6765  0.0779  0.4684  0.4373 -0.0003  0.9968 1 
 40.3143  0.3268 -2.5914  0.0760  0.5386  0.0841  0.2259  0.0705 -0.0003  0.6293 1 
 47.4861 -0.2461  0.1375  0.0118  0.4674  0.0665  0.2596  0.0440 -0.0003  0.2546 0 
 47.1015  0.2321 -3.0085  0.0085  0.3163  0.0529  0.2601  0.0912 -0.0003  0.1788 0 
 46.5492 -0.7883 -2.4952  0.2915  0.1575  0.0526  0.3913  0.3452 -0.0003  0.9768 1 
 32.0745  0.6208  0.6513  0.3409  0.4644  0.0438  0.2889  0.5511  0.0280  0.9970 1 
 44.3275  0.7666 -2.0705  0.0124  0.2181  0.0373  0.3083  0.1603 -0.0003  0.1728 0 
 40.4547 -0.7609  1.0559  0.0858  0.5322  0.0446  0.3610  0.1209 -0.0003  0.6781 0 
 52.3751  0.0335  3.0436  0.2338  0.3326  0.1620  0.5906  0.1573 -0.0003  0.9125 1 
 43.5615 -0.0281 -0.1076  0.1077  0.4718  0.0585  0.3540  0.1147 -0.0003  0.7192 1 
 50.9010 -0.0684  2.7155  0.0289  0.7528  0.1352  0.2975  0.0488 -0.0003  0.3475 0 
 44.8402  0.0500 -0.3937  0.0126  0.0763  0.0548  0.4391  0.1330 -0.0003  0.1145 0 
 45.6031 -0.6596  2.4212  0.0298  0.4535  0.0193  0.2623  0.1087 -0.0003  0.1614 0 
 35.6268  0.6633 -0.6749  0.0046  0.4851  0.0313  0.2337  0.0184 -0.0003  0.1466 0 
 51.2337 -0.4860  1.0695  0.2324  0.5453  0.0711  0.3394  0.3834 -0.0003  0.9906 0 
 28.6748  0.4837 -2.1363  0.0312  0.3129  0.0165  0.3981  0.0172 -0.0003  0.1233 0 
 47.0222 -0.2088 -1.8622  0.0255  0.5064  0.1606  0.5204  0.0424 -0.0003  0.2704 0 
 44.6082  0.2713  1.2794  0.0042  0.2184  0.0248  0.3518  0.0580  0.0239  0.0779 0 
 47.6539 -0.4316  2.6135  0.0043  0.1878  0.1054  0.3025  0.0600 -0.0003  0.1101 0 
 34.7906  0.4069 -0.5115  0.0009  0.2978  0.0235  0.1882  0.0193 -0.0003  0.0805 0 
 45.7710 -0.1615 -0.8167  0.0056  0.4811  0.0844  0.3494  0.0027 -0.0003  0.1775 0 
 42.3133  0.1668  2.2997  0.0072  0.5705  0.0336  0.4013  0.1414  0.0707  0.4159 0 
 53.2204 -0.0649  0.6947  0.0385  0.1427  0.0405  0.2941  0.0162 -0.0003  0.0983 0 
 41.3519  0.0917 -2.4631  0.0099  0.2212  0.0268  0.2692  0.0958 -0.0003  0.0753 0 
 47.3854 -0.6456 -0.5407  0.0127  0.5767  0.0317  0.3463  0.0943 -0.0003  0.1918 0 
 45.6489  0.6415  2.5921  0.0159  0.1757  0.0465  0.1748  0.0128 -0.0003  0.1065 0 
 48.0049 -0.4222 -0.4735  0.1603  0.5513  0.0599  0.4314  0.1533  0.2254  0.9254 1 
 47.9652  0.4380  2.6992  0.0894  0.6114  0.1164  0.4315  0.0921  0.3659  0.8764 1 
 51.7098 -0.6958 -3.0852  0.0306  0.3194  0.1426  0.2116  0.0008 -0.0003  0.2212 0 
 40.7691  0.6787  0.1114  0.0529  0.4833  0.0072  0.2252  0.0953 -0.0003  0.1633 0 
 47.9652 -0.3371  2.1222  0.0032  0.3974  0.0537  0.3020  0.1213  0.2558  0.5904 0 
 45.8167  0.3243 -1.0099  0.1246  0.3335  0.0177  0.4366  0.1855 -0.0003  0.6875 0 
 39.1302 -0.7144 -0.5148  0.0376  0.4705  0.0273  0.5465  0.0975 -0.0003  0.3952 1 
 32.7703  0.7342  2.7226  0.3269  0.4036  0.1344  0.4307  0.1544  0.0623  0.9723 1 
 61.0727 -0.2917  0.4289  0.0090  0.1969  0.0534  0.2437  0.0219 -0.0003  0.1008 0 
 50.3792  0.3012 -2.7176  0.0510  0.0941  0.0292  0.5113  0.0361 -0.0003  0.1525 0 
 48.6275 -0.6009  2.2997  0.0758  0.0897  0.2325  0.4729  0.0424 -0.0003  0.2463 0 
 45.1545  0.6065 -0.7806  0.0220  0.2723  0.0712  0.0877  0.0878 -0.0003  0.3673 0 
 42.5635 -0.2142 -0.5800  0.0139  0.3499  0.0444  0.3562  0.0217 -0.0003  0.1597 0 
 39.5239  0.2447  2.5853  0.0146  0.5267  0.0533  0.3179  0.0070 -0.0003  0.2315 0 
 52.8847  0.0189  2.0320  0.5352  0.2264  0.0738  0.4629  0.4739 -0.0003  0.9960 1 
 41.6785 -0.0307 -1.1729  0.0999  0.2889  0.0133  0.1791  0.0902 -0.0003  0.2139 1 
 45.0721 -0.6214 -0.3724  0.0192  0.0815  0.1379  0.1754  0.0115 -0.0003  0.0670 0 
 41.8738  0.6348  2.7291  0.0063  0.2341  0.0368  0.2683  0.0219 -0.0003  0.0789 0 
 46.6529  0.3678 -0.0127  0.0263  0.4491  0.1006  0.4780  0.2332 -0.0003  0.5177 0 
 46.5492 -0.3527  3.1158  0.0045  0.5855  0.0631  0.5218  0.0107 -0.0003  0.1800 0 
 41.8708 -0.4798 -2.6946  0.0098  0.2057  0.0262  0.4472  0.0334  0.0661  0.1631 0 
 37.5525  0.4760  0.4448  0.0594  0.6212  0.0717  0.4146  0.0588 -0.0003  0.4338 0 
 47.2053 -0.2569 -2.5426  0.0007  0.5288  0.1413  0.3899  0.0237 -0.0003  0.2096 0 
 45.6703  0.3020  0.5660  0.0367  0.4658  0.0700  0.3933  0.0230 -0.0003  0.2793 0 
 56.3760  0.6790 -1.6075  0.0216  0.5226  0.0623  0.2071  0.1762 -0.0003  0.5541 0 
 49.0242 -0.6869  1.5209  0.0785  0.2156  0.1080  0.4720  0.1546 -0.0003  0.5818 0 
 53.8338 -0.5778 -0.5242  0.1097  0.2145  0.2120  0.5447  0.2438 -0.0003  0.8977 0 
 53.1930  0.5622  2.6162  0.0155  0.8155  0.0466  0.3362  0.0456 -0.0003  0.2762 0 
 52.1584  0.5294  0.1182  0.0293  0.1140  0.0067  0.1267  0.0123 -0.0003  0.0455 0 
 34.4152 -0.5414 -3.0236  0.0018  0.1683  0.0075  0.2832  0.0029 -0.0003  0.0360 0 
 49.9702 -0.6317 -0.4895  0.0166  0.6734  0.0485  0.1708  0.0295 -0.0003  0.3347 0 
 39.0692  0.6156  2.6479  0.0035  0.2084  0.0795  0.5012  0.0847 -0.0003  0.1464 0 
 47.8035 -0.3690  0.8111  0.0355  0.5348  0.1378  0.3455  0.0229 -0.0003  0.2763 0 
 43.4485  0.3546 -2.3362  0.0034  0.4133  0.0222  0.3100  0.0140 -0.0003  0.0922 0 
 52.2469  0.7669  1.2587  0.0186  0.0718  0.0508  0.3799  0.0042 -0.0003  0.0777 0 
 42.7283 -0.7596 -1.9200  0.0089  0.3941  0.0124  0.3558  0.0634  0.0366  0.1099 0 
 54.4442 -0.7054 -0.9743  0.0048  0.6374  0.0594  0.3342  0.0722 -0.0003  0.2428 0 
 50.0984  0.6958  2.1806  0.0212  0.2493  0.0930  0.2560  0.0926  0.3062  0.5482 0 
 43.1861  0.2180  0.0771  0.1920  0.4567  0.0071  0.2661  0.2497 -0.0003  0.7032 0 
 42.8077 -0.2250 -3.0426  0.0455  0.2450  0.0215  0.5334  0.1368 -0.0003  0.3400 0 
 53.6080 -0.2857  3.0191  0.3164  0.3207  0.1489  0.5872  0.0926 -0.0003  0.9142 1 
 43.7507  0.2961 -0.1399  0.4917  0.5985  0.0461  0.5304  0.5550 -0.0003  0.9974 1 
 49.9886 -0.0806  1.2762  0.0330  0.1177  0.0983  0.3415  0.0397 -0.0003  0.1060 0 
 44.3122  0.0809 -1.8787  0.0260  0.1889  0.1121  0.4846  0.0113  0.1390  0.2463 0 
 46.7506  0.1037 -1.1522  0.0257  0.4484  0.1864  0.4778  0.0349  0.0837  0.3548 0 
 43.9124 -0.1044  1.9736  0.0306  0.1241  0.0558  0.3974  0.0112 -0.0003  0.1122 0 
 47.0710 -0.0151  2.7390  0.0152  0.3045  0.0358  0.3902  0.0327 -0.0003  0.1298 0 
 46.3905  0.0172 -0.3898  0.0208  0.4096  0.0328  0.2176  0.0534 -0.0003  0.1562 0 
 36.3165  0.1188 -0.5506  0.2166  0.1855  0.0732  0.2789  0.3330  0.4402  0.9972 1 
 31.9188 -0.1043  2.6449  0.4612  0.4338  0.0332  0.3376  0.2697  0.3883  0.9990 1 
 52.2896 -0.3200  3.0548  0.1547  0.6012  0.2049  0.2954  0.0452 -0.0003  0.7291 0 
 52.1279  0.3191 -0.0347  0.0826  0.5694  0.0386  0.4224  0.1672 -0.0003  0.7455 0 
 48.7892 -0.0565 -0.4159  0.1204  0.3542  0.1747  0.5155  0.2634  0.0900  0.9546 1 
 35.5138  0.0553  2.7525  0.1429  0.1434  0.0331  0.2339  0.1412  0.3353  0.9845 1 
 47.4006  0.2581  1.9477  0.0034  0.3425  0.0377  0.1731  0.0010 -0.0003  0.1756 0 
 45.9480 -0.2199 -1.2063  0.0647  0.1854  0.0363  0.3491  0.0733 -0.0003  0.2183 0 
 60.9598 -0.7167  0.0685  0.1227  0.4212  0.0176  0.2032  0.1213 -0.0003  0.4144 0 
 38.6908  0.7480 -3.0801  0.0670  0.2099  0.0420  0.3655  0.0458 -0.0003  0.2472 0 
 48.2185 -0.6822  0.5345  0.0255  0.2547  0.0553  0.2585  0.0074 -0.0003  0.1820 0 
 46.0273  0.6687 -2.6362  0.0130  0.4592  0.1421  0.6542  0.0430 -0.0003  0.2600 0 
 49.7444 -0.7440  0.3920  0.0437  0.2800  0.1267  0.2137  0.0440 -0.0003  0.3099 0 
 31.1467  0.7453 -2.8150  0.0888  0.6173  0.0759  0.2428  0.0768 -0.0003  0.7137 0 
 46.4240  0.1454  1.2435  0.0613  0.2365  0.0671  0.5222 -0.0200 -0.0003  0.3058 0 
 40.2716 -0.1822 -1.8945  0.1119  0.3620  0.0104  0.1808  0.0606 -0.0003  0.2243 0 
 46.7201  0.5335 -2.6253  0.1502  0.5203  0.0337  0.4344  0.3088 -0.0003  0.9337 1 
 45.6367 -0.5236  0.4806  0.2580  0.5190  0.0386  0.3060  0.3598  0.1847  0.9831 1 
 50.0313 -0.7362 -2.8442  0.3740  0.5768  0.0412  0.5122  0.3236  0.2067  0.9978 1 
 25.8061  0.7033  0.3358  0.1808  0.3387  0.0532  0.4623  0.0816  0.3190  0.9726 1 
 49.7871 -0.1986 -0.6077  0.0246  0.1408  0.0233  0.2992  0.0233 -0.0003  0.0552 0 
 48.4688  0.1942  2.5195  0.0199  0.1630  0.0139  0.1721  0.0115 -0.0003  0.0518 0 
 51.0780  0.2904  0.8476  0.0015  0.4091  0.0423  0.2547  0.0169 -0.0003  0.1540 0 
 39.0265 -0.2947 -2.3222  0.0190  0.2388  0.0517  0.3190  0.0331 -0.0003  0.1340 0 
 44.7791 -0.5721 -2.4629  0.0057  0.2500  0.0661  0.1757  0.0206 -0.0003  0.1772 0 
 37.9431  0.5819  0.6609  0.0084  0.2628  0.0714  0.3215  0.0453 -0.0003  0.1448 0 
 44.5502  0.6507  1.6511  0.0267  0.1409  0.2221  0.3519  0.0875 -0.0003  0.1790 0 
 44.4800 -0.6390 -1.4671  0.0616  0.1698  0.1054  0.2200  0.0587 -0.0003  0.2792 0 
 49.9367 -0.4847 -0.9593  0.2908  0.6415  0.0522  0.4270  0.3980 -0.0003  0.9928 1 
 41.9776  0.4721  2.1612  0.5883  0.2853  0.0436  0.4916  0.5075 -0.0003  0.9963 1 
 54.8562 -0.4434 -2.5663  0.0950  0.4143  0.0435  0.3753  0.1540 -0.0003  0.6988 0 
 46.6407  0.4323  0.5526  0.0570  0.1438  0.0364  0.2607  0.1182 -0.0003  0.1900 0 
 58.2803  0.2260 -2.5771  0.0212  0.2138  0.1058  0.3286  0.0085 -0.0003  0.1469 0 
 44.9958 -0.2098  0.5530  0.0668  0.4650  0.0398  0.5703  0.1026  0.0356  0.6123 0 
 49.2439  0.2394 -2.3683  0.0118  0.6629  0.1132  0.4714  0.0135 -0.0003  0.2377 0 
 46.9032 -0.2387  0.8134  0.0242  0.5279  0.0568  0.5642  0.0552 -0.0003  0.2779 0 
 42.7222 -0.1522 -0.7385  0.0094  0.3647  0.0344  0.3558  0.0512  0.1282  0.3292 0 
 42.2766  0.1751  2.4176  0.0025  0.2353  0.0374  0.3568  0.0826 -0.0003  0.0848 0 
 47.6448  0.0212  1.2383  0.0190  0.5227  0.0689  0.3458  0.0368 -0.0003  0.2403 0 
 42.8107  0.0010 -1.9085  0.0862  0.3046  0.0412  0.2222  0.0905 -0.0003  0.4289 0 
 52.5185  0.3961 -0.4270  0.0136  0.5327  0.0396  0.1686  0.0236 -0.0003  0.2409 0 
 43.3295 -0.3710  2.7020  0.0038  0.0982  0.0209  0.2659  0.1060 -0.0003  0.0478 0 
 42.5940  0.1391 -1.4440  0.1378  0.7614  0.0470  0.4451  0.2294 -0.0003  0.9341 1 
 38.5412 -0.1214  1.7448  0.2779  0.4160  0.0751  0.4116  0.2098  0.4484  0.9990 1 
 44.8890  0.0847  2.1429  0.0117  0.4638  0.0758  0.3951  0.0123 -0.0003  0.1871 0 
 38.4375 -0.0910 -1.0215  0.1457  0.2090  0.0274  0.4577  0.0192  0.0981  0.6685 0 
 45.9449 -0.1542  2.3945  0.0041  0.0276  0.0042  0.2182  0.0381 -0.0003  0.0314 0 
 40.6317  0.1590 -0.7358  0.0493  0.1438  0.0709  0.1803  0.0143 -0.0003  0.1676 0 
 48.9021  0.1705 -1.7297  0.5599  0.6281  0.0537  0.3864  0.5666 -0.0003  0.9980 1 
 38.5412 -0.1998  1.4092  0.0139  0.4089  0.0240  0.0915  0.0150  0.1075  0.2917 1 
 47.4891 -0.5587 -1.4516  0.1899  0.2398  0.1094  0.2163  0.4388 -0.0003  0.9795 1 
 41.7121  0.5494  1.6511  0.1910  0.6019  0.1050  0.6267  0.2504  0.3021  0.9822 1 
 43.7995 -0.1815 -2.7546  0.0324  0.1389  0.0194  0.3093  0.0063 -0.0003  0.0613 0 
 39.1150  0.1979  0.3922  0.0920  0.2970  0.0314  0.4099  0.1848  0.0437  0.6856 0 
 46.0395 -0.6615 -0.2910  0.5621  0.4005  0.0425  0.3489  0.5187 -0.0003  0.9976 1 
 41.6297  0.6706  2.8774  0.1857  0.4312  0.0747  0.4927  0.0873 -0.0003  0.7674 1 
 42.0508 -0.6558  2.2263  0.0313  0.4361  0.0278  0.3127  0.1761 -0.0003  0.3248 0 
 39.1272  0.6523 -0.9704  0.0142  0.6810  0.0171  0.2277  0.0303 -0.0003  0.1303 0 
 48.8045  0.4342  0.8087  0.1189  0.4462  0.1414  0.3436  0.0190  0.4706  0.8140 0 
 42.4292 -0.4246 -2.3580  0.1499  0.5282  0.0302  0.2673  0.1578 -0.0003  0.7440 0 
 50.2693  0.3930 -0.4262  0.0153  0.3093  0.0155  0.2131  0.0035 -0.0003  0.0873 0 
 49.4270 -0.4065  2.6505  0.0013  0.0845  0.0493  0.2569  0.1036 -0.0003  0.0712 0 
 51.2367  0.5738  1.2081  0.1826  0.6323  0.0259  0.5091  0.2192 -0.0003  0.9130 1 
 45.1484 -0.5491 -1.9405  0.1750  0.4442  0.0881  0.2630  0.2226 -0.0003  0.9433 1 
 46.7597  0.1804  0.9737  0.0752  0.1479  0.0453  0.5212  0.0366  0.1142  0.4489 0 
 42.0966 -0.1851 -2.1854  0.0751  0.0912  0.1454  0.3572  0.0681 -0.0003  0.1905 0 
 47.8401 -0.5841  1.5177  0.2372  0.6546  0.0522  0.3454  0.3023 -0.0003  0.9795 1 
 46.4393  0.6059 -1.6192  0.0866  0.1777  0.0247  0.3481  0.1019  0.1935  0.6881 1 
 48.5237  0.3015  1.4613  0.0636  0.4646  0.0401  0.2151  0.0214 -0.0003  0.3802 0 
 41.7517 -0.2861 -1.6850  0.0008  0.0245  0.0186  0.2685  0.1607 -0.0003  0.0657 0 
 46.1311  0.1598 -0.1448  0.0267  0.0701  0.0432  0.2615  0.2304 -0.0003  0.1857 0 
 44.5930 -0.0770  3.0073  0.0044  0.2681  0.2463  0.4397  0.0908 -0.0003  0.2446 0 
 49.0394 -0.5349  3.0589  0.0396  0.3689  0.0476  0.3861  0.0228 -0.0003  0.2683 0 
 48.9601  0.5371 -0.0767  0.0174  0.0747  0.0300  0.2146  0.0438 -0.0003  0.0490 0 
 47.7729  0.3911 -0.1185  0.0066  0.5258  0.1072  0.5615  0.1229 -0.0003  0.2813 0 
 38.0163 -0.4497  3.0542  0.0360  0.4553  0.1003  0.5050  0.0175 -0.0003  0.2664 0 
 45.2003  0.0066  0.3615  0.1985  0.4330  0.0975  0.4820  0.1760 -0.0003  0.9209 1 
 40.6256 -0.0383 -2.8127  0.2231  0.7544  0.0145  0.2705  0.4506 -0.0003  0.9685 1 
 51.4504 -0.4673  0.8937  0.3503  0.4957  0.0643  0.4238  0.4031 -0.0003  0.9955 1 
 43.2898  0.4175 -2.2761  0.2457  0.3192  0.0707  0.1773  0.2496  0.1149  0.9484 1 
 46.1799 -0.1317  3.0634  0.0023  0.6914  0.0190  0.2614  0.0466 -0.0003  0.1157 0 
 42.6978  0.1265 -0.0747  0.0063  0.3099  0.0475  0.3114  0.0462 -0.0003  0.1226 0 
 40.7111  0.7253  1.9346  0.0242  0.2297  0.3047  0.5407  0.0561 -0.0003  0.2946 0 
 37.9614 -0.7419 -1.1818  0.0120  0.4025  0.0448  0.1837  0.0086 -0.0003  0.2370 0 
 51.2459  0.5072  1.5107  0.0103  0.2925  0.0440  0.1697  0.1802 -0.0003  0.3260 0 
 44.1932 -0.5175 -1.6288  0.0229  0.3337  0.0980  0.5290  0.1080 -0.0003  0.3037 0 
 49.4362  0.1110 -1.9072  0.0116  0.1164  0.0481  0.3853  0.0085  0.3706  0.6023 0 
 41.4893 -0.1451  1.2177  0.0685  0.5547  0.0616  0.1793  0.0768 -0.0003  0.6301 0 
 41.3855  0.7348 -2.7062  0.0004  0.1693  0.0487  0.3588  0.0207  0.1160  0.1423 0 
 26.2303 -0.7413  0.4744  0.1025  0.6068  0.0157  0.1534  0.0795  0.0981  0.5161 0 
 45.0538  0.4043 -3.0106  0.2198  0.4747  0.1208  0.2631  0.2962 -0.0003  0.9860 1 
 41.4954 -0.3851  0.0957  0.5103  0.6585  0.0512  0.3586  0.5889 -0.0003  0.9980 1 
 51.9905  0.6360 -1.7088  0.0483  0.1418  0.0430  0.3382  0.0341 -0.0003  0.1256 0 
 47.5624 -0.6384  1.4626  0.0634  0.6048  0.0206  0.3459  0.1240  0.1010  0.5898 0 
 46.9184 -0.7192  1.6917  0.1982  0.3731  0.0703  0.4340  0.3198 -0.0003  0.9746 0 
 42.1118  0.7426 -1.4687  0.0281  0.7380  0.0278  0.5358  0.0606 -0.0003  0.3259 0 
 48.3589  0.6665 -2.9595  0.0908  0.1519  0.0590  0.3444  0.1411 -0.0003  0.4333 0 
 46.4729 -0.6766  0.1395  0.0075  0.2991  0.0259  0.2610  0.0609 -0.0003  0.0753 0 
 53.8247 -0.3955  0.3537  0.0180  0.2421  0.0772  0.4609  0.0646  0.2228  0.3934 0 
 45.1972  0.3987 -2.8016  0.0526  0.3746  0.0294  0.3506  0.0380 -0.0003  0.2486 0 
 43.9673  0.0249  0.4446  0.0675  0.2079  0.0504  0.3531  0.0461 -0.0003  0.2626 0 
 43.4089  0.0102 -2.6658  0.0072  0.1259  0.1003  0.2214  0.0633 -0.0003  0.0958 0 
 42.3804  0.7810  2.8245  0.3073  0.5934  0.0493  0.3566  0.4572  0.0730  0.9954 1 
 41.0346 -0.8038 -0.2818  0.0629  0.7858  0.0209  0.6744  0.1795 -0.0003  0.7648 1 
 53.0434  0.0582  3.1254  0.0413  0.5278  0.0467  0.4626  0.1089 -0.0003  0.4438 0 
 30.8202 -0.0348 -0.0119  0.0430  0.4197  0.0239  0.3410  0.0259 -0.0003  0.1966 0 
 46.5003 -0.7814  0.1151  0.0413  0.6627  0.0357  0.4350  0.1088 -0.0003  0.4611 1 
 42.3865  0.8002 -3.0677  0.0374  0.2150  0.1174  0.6240  0.0241 -0.0003  0.2877 1 
 49.1249 -0.6446 -1.8233  0.1003  0.3277  0.0405  0.4717  0.1391 -0.0003  0.6549 1 
 34.8852  0.6199  1.3853  0.1081  0.4389  0.0301  0.2351  0.1111 -0.0003  0.5251 1 
 45.2552 -0.5048 -0.5467  0.0103  0.2319  0.0342  0.3504  0.0084 -0.0003  0.0921 0 
 44.9531  0.5105  2.6043  0.0596  0.3257  0.0382  0.4827  0.0894 -0.0003  0.4204 0 
 46.1555  0.1077  2.9418  0.0748  0.2591  0.0731  0.5665  0.0555 -0.0003  0.4487 0 
 31.0063 -0.0937 -0.2007  0.1787  0.3461  0.0328  0.3404  0.2349  0.2244  0.9732 0 
 49.0028 -0.7215  2.6326  0.0076  0.2497  0.0574  0.5149  0.2546 -0.0003  0.3275 0 
 47.7211  0.7482 -0.5185  0.0114  0.3560  0.0278  0.3024  0.0121 -0.0003  0.1101 0 
 48.4840 -0.4811  1.2619  0.3040  0.3500  0.0278  0.4303  0.2958 -0.0003  0.9650 1 
 43.0243  0.4936 -1.8916  0.0837  0.1167  0.0497  0.2664  0.1072  0.3071  0.7587 1 
 42.8138 -0.5671  1.2822  0.0263  0.3597  0.1363  0.3111  0.0261 -0.0003  0.2299 0 
 40.2930  0.5776 -1.8670  0.0002  0.3355  0.0274  0.2711  0.1483 -0.0003  0.1392 0 
 49.1920 -0.0016  1.4996  0.0417  0.4488  0.0464  0.4287  0.0577 -0.0003  0.3420 0 
 46.2745 -0.0145 -1.6074  0.0223  0.2205  0.1475  0.4791  0.0143 -0.0003  0.1839 0 
 49.7108 -0.1462  0.2487  0.0383  0.3195  0.0696  0.5985  0.1716 -0.0003  0.4733 0 
 42.4964  0.1424 -2.8915  0.0628  0.1883  0.0311  0.3563  0.0714 -0.0003  0.1992 0 
 41.1933  0.5424 -2.0729  0.7678  0.4501  0.0807  0.1797  0.2700 -0.0003  0.9970 1 
 23.0869 -0.4913  1.0152  0.1223  0.2026  0.0289  0.3192  0.1865  0.1777  0.8517 1 
 46.3142  0.6477  1.3673  0.1372  0.1642  0.1099  0.4790  0.1718  0.1256  0.8717 1 
 38.4161 -0.6107 -1.7262  0.0548  0.3288  0.1299  0.5035  0.1385  0.4976  0.8809 1 
 55.4971 -0.2446  2.1239  0.0062  0.2606  0.0537  0.0832  0.0079 -0.0003  0.2513 0 
 49.9702  0.2530 -1.0041  0.0107  0.3555  0.0530  0.3843  0.0229 -0.0003  0.1674 0 
 45.2766  0.4177  0.4595  0.0589  0.5198  0.0241  0.3504  0.1423 -0.0003  0.4244 0 
 44.8890 -0.4186 -2.6894  0.0121  0.3345  0.0224  0.3073  0.1429 -0.0003  0.1433 0 
 53.8491  0.1806 -2.1675  0.0072  0.3092  0.1828  0.5027  0.0652 -0.0003  0.2248 0 
 41.8280 -0.1526  1.0270  0.0545  0.4106  0.0237  0.5367 -0.0001 -0.0003  0.3568 0 
 45.3010  0.5723  0.3467  0.0045  0.2821  0.0271  0.3503  0.1651 -0.0003  0.1499 0 
 43.8270 -0.5577 -2.7863  0.0050  0.1503  0.0314  0.2209  0.0397 -0.0003  0.0507 0 
 45.6886 -0.1400  2.6161  0.0026  0.1450  0.0939  0.1748  0.0213 -0.0003  0.1090 0 
 42.8534  0.1223 -0.5328  0.0083  0.2213  0.0299  0.2222  0.0121 -0.0003  0.0739 0 
 47.6295  0.4985 -2.0580  0.0018  0.5847  0.0873  0.3890  0.1429  0.3486  0.7163 1 
 40.5524 -0.5574  1.1483  0.3157  0.2342  0.0671  0.2706  0.6417 -0.0003  0.9970 1 
 58.7472  0.5114 -2.2014  0.0232  0.2938  0.0813  0.2050  0.0369 -0.0003  0.2618 0 
 48.1300 -0.4881  0.9213  0.0009  0.3004  0.0551  0.3880  0.1174 -0.0003  0.1651 0 
 44.1688  0.7421  2.2695  0.0000  0.0562  0.0081  0.0000 -0.0200 -0.0003  0.1007 0 
 41.7365 -0.7336 -0.8935  0.0111  0.0896  0.0279  0.2238  0.0046 -0.0003  0.0530 0 
 40.5585  0.2155  1.9183  0.5898  0.7325  0.0134  0.2255  0.6153 -0.0003  0.9980 1 
 37.6135 -0.1961 -1.2495  0.2811  0.1628  0.0200  0.2302  0.3012  0.1593  0.9716 1 
 46.0853 -0.4987  2.8906  0.0176  0.2238  0.0319  0.3488  0.0198 -0.0003  0.0912 0 
 41.0986  0.4938 -0.2583  0.0332  0.4706  0.0416  0.3595  0.0228 -0.0003  0.2652 0 
 52.6253 -0.5942 -1.5836  0.3420  0.3810  0.1141  0.4214  0.4274 -0.0003  0.9977 1 
 45.0477  0.5583  1.4908  0.0480  0.0841  0.0108  0.3070  0.1059 -0.0003  0.0672 1 
 46.7414 -0.6000  0.4668  0.0370  0.8659  0.0441  0.4344  0.0644 -0.0003  0.4116 0 
 45.8778  0.5799 -2.6708  0.0187  0.2841  0.0137  0.2619  0.0123 -0.0003  0.0684 0 
 45.4292  0.6283  0.8794  0.1128  0.1764  0.0396  0.2626  0.0671 -0.0003  0.3265 0 
 34.1253 -0.6487 -2.2890  0.0118  0.3036  0.0214  0.3312  0.0132 -0.0003  0.0807 0 
 47.6143  0.2271  0.8493  0.1515  0.1024  0.0233  0.2162  0.0668 -0.0003  0.2259 0 
 43.7263 -0.1894 -2.2922  0.0165  0.2649  0.0293  0.3536  0.1024 -0.0003  0.1213 0 
 45.5207  0.1769  2.1515  0.1429  0.3445  0.0688  0.4811  0.1157 -0.0003  0.7365 1 
 37.2930 -0.1708 -0.9995  0.8181  0.5325  0.0376  0.5538  0.4006 -0.0003  0.9935 1 
 49.6162 -0.7687  2.0477  0.0169  0.3758  0.0376  0.3849  0.0770 -0.0003  0.1776 0 
 45.7893  0.7626 -1.1269  0.0334  0.0351  0.1089  0.3494  0.0048 -0.0003  0.0567 0 
 45.5665  0.5245 -1.0791  0.0466  0.0782  0.0608  0.2623  0.0572 -0.0003  0.0970 0 
 41.6449 -0.5532  2.0939  0.0000  0.2310  0.0583  0.3135  0.0549 -0.0003  0.0990 0 
 36.4630 -0.7862 -2.8793  0.0483  0.6185  0.0452  0.4644  0.0760  0.1584  0.6529 1 
 34.1192  0.7852  0.1712  0.2191  0.4391  0.0602  0.3785  0.2371  0.4489  0.9988 1 
 48.6702  0.0151  2.3818  0.1009  0.6243  0.0229  0.4728  0.3500 -0.0003  0.8910 1 
 41.4801 -0.0764 -0.7754  0.3743  0.0537  0.0475  0.2690  0.3533  0.2773  0.9964 1 
 47.0405 -0.2264 -1.2606  0.0426  0.4604  0.0159  0.3035  0.0515 -0.0003  0.1476 0 
 46.8421  0.2440  1.8753  0.0281  0.3502  0.0327  0.5644  0.0234 -0.0003  0.2550 0 
 46.2684  0.4222  1.4711  0.0193  0.2311  0.0164  0.2178  0.1785 -0.0003  0.1756 0 
 44.6510 -0.3626 -1.6734  0.0370  0.3352  0.0180  0.3077  0.0289 -0.0003  0.1153 0 
 49.0761 -0.4396 -2.2696  0.0022  0.2668  0.0340  0.2574  0.0096 -0.0003  0.0862 0 
 47.4586  0.4434  0.7935  0.0027  0.1384  0.0778  0.3029  0.0590 -0.0003  0.0834 0 
 47.0191  0.4698  1.7893  0.0029  0.3581  0.0179  0.3036  0.0242 -0.0003  0.0668 0 
 37.5555 -0.4996 -1.3747  0.0266  0.4196  0.0725  0.3224  0.1116 -0.0003  0.3700 0 
 42.9969  0.3971  1.6354  0.0008  0.3428  0.0197  0.2664  0.0250 -0.0003  0.0662 0 
 42.3987 -0.4141 -1.5065  0.0237  0.2065  0.0213  0.5348  0.1091 -0.0003  0.1961 0 
 45.2705 -0.5217 -2.1326  0.1591  0.4723  0.0346  0.5694  0.1218 -0.0003  0.8294 0 
 44.5533  0.5136  1.0005  0.0133  0.3708  0.0091  0.2199  0.0090 -0.0003  0.0814 0 
 45.0172  0.7430 -0.8674  0.0190  0.0557  0.0191  0.3948  0.0168  0.1696  0.2043 0 
 33.0022 -0.7274  2.2710  0.0829  0.1769  0.0395  0.4776  0.0407  0.3205  0.7588 0 
 43.7018  0.3542 -2.9846  0.0062  0.1661  0.0375  0.3095  0.0640  0.2216  0.3899 0 
 40.9644 -0.3660  0.1704  0.0045  0.5259  0.0198  0.2249  0.0041 -0.0003  0.1291 0 
 47.9408 -0.8024  2.6034  0.0521  0.2794  0.0565  0.3452  0.0588  0.1237  0.4921 0 
 32.2728  0.7957 -0.5643  0.0134  0.5131  0.0249  0.1442  0.0012 -0.0003  0.1988 0 
 50.1167  0.5813 -2.0988  0.0361  0.1120  0.0992  0.2560  0.0204  0.1792  0.1966 0 
 45.2766 -0.5734  1.0662  0.0022  0.1150  0.0212  0.3504  0.1279 -0.0003  0.0602 0 
 52.8237  0.2410 -1.3508  0.1041  0.5612  0.0607  0.2947  0.0687 -0.0003  0.7017 0 
 51.0842 -0.2170  1.8601  0.0464  0.2977  0.2232  0.5095  0.0372  0.3670  0.5454 0 
 37.9065  0.5344  1.4137  0.0411  0.0883  0.0149  0.1837  0.0098  0.1121  0.1992 0 
 37.8607 -0.5467 -1.7131  0.0628  0.2499  0.0198  0.1379  0.0018 -0.0003  0.1801 0 
 46.5675 -0.4863 -1.7730  0.1646  0.5191  0.0322  0.1304  0.1823 -0.0003  0.7217 0 
 45.5787  0.4610  1.3440  0.0167  0.2880  0.0721  0.3498  0.0016 -0.0003  0.1785 0 
 48.0385  0.5912 -1.2055  0.0330  0.3355  0.0417  0.3019  0.0087 -0.0003  0.2123 0 
 46.7079 -0.5677  2.0140  0.0518  0.0407  0.1803  0.2607  0.0967 -0.0003  0.0835 0 
 44.2054 -0.6757 -0.7769  0.0034  0.5194  0.1493  0.4408  0.0360 -0.0003  0.2232 0 
 43.4913  0.7200  2.3546  0.0667  0.4997  0.0267  0.2656  0.0489 -0.0003  0.2933 0 
 53.3303 -0.4706 -2.4374  0.0379  0.3715  0.1108  0.2940  0.0250  0.2742  0.5419 0 
 45.1148  0.4563  0.7227  0.0197  0.1343  0.0159  0.2192  0.0159 -0.0003  0.0435 0 
 47.3304  0.7596 -2.1170  0.0580  0.3109  0.0798  0.4330  0.0971 -0.0003  0.4303 0 
 40.0671 -0.7375  1.0325  0.0194  0.0850  0.0709  0.1810  0.0661 -0.0003  0.0978 0 
 47.7150  0.2357 -1.0697  0.0072  0.2705  0.1639  0.5185  0.0202 -0.0003  0.1864 0 
 44.1138 -0.2451  2.0583  0.0444  0.6899  0.0550  0.4851  0.0436 -0.0003  0.3705 0 
 48.8533 -0.5528  0.1748  0.0218  0.1169  0.0429  0.1288 -0.0200 -0.0003  0.1165 0 
 38.0926  0.5674 -2.9888  0.0141  0.2651  0.0076  0.2753  0.1559 -0.0003  0.1043 0 
 39.4781  0.4773  2.7286  0.1263  0.3319  0.0793  0.7269  0.0624 -0.0003  0.6947 1 
 35.8434 -0.4509 -0.4664  0.3784  0.4289  0.0475  0.5599  0.2051 -0.0003  0.9612 1 
 49.8116  0.2949 -1.4704  0.3416  0.4823  0.0282  0.6410  0.3543  0.1542  0.9990 0 
 43.5615 -0.2875  1.6745  0.1446  0.2067  0.0286  0.4425  0.0263 -0.0003  0.4507 0 
 47.4037  0.6772 -0.5463  0.0961  0.3697  0.0597  0.3030  0.2307 -0.0003  0.7934 0 
 40.7355 -0.6454  2.6353  0.1528  0.2031  0.0282  0.3604  0.1403 -0.0003  0.6155 0 
 45.4902  0.4262 -0.9396  0.0012  0.4723  0.0521  0.4812  0.0407 -0.0003  0.1604 0 
 45.0507 -0.4182  2.1879  0.0179  0.1958  0.0568  0.3947  0.0137 -0.0003  0.1291 0 
 51.0536 -0.6214 -1.8290  0.0009  0.3299  0.1770  0.3821  0.0284 -0.0003  0.1868 0 
 45.8900  0.6168  1.3004  0.0429  0.3310  0.0724  0.2182  0.0244 -0.0003  0.3291 0 
 49.6895  0.3229  1.1122  0.0007  0.7123  0.0951  0.4276  0.0805 -0.0003  0.2632 0 
 44.7913 -0.3226 -2.0291  0.0534  0.2763  0.0228  0.3514  0.0643 -0.0003  0.1812 0 
 37.7844 -0.7559 -0.8293  0.0902  0.7597  0.0621  0.2299  0.0783  0.4826  0.9947 1 
 26.7613  0.7350  2.2591  0.1568  0.4620  0.0270  0.4065  0.2746 -0.0003  0.8909 1 
 52.8786  0.7414  1.4506  0.0116  0.6917  0.1312  0.5892  0.0820 -0.0003  0.3038 0 
 46.1585 -0.7308 -1.6846  0.0146  0.1492  0.0506  0.3051  0.1622 -0.0003  0.1645 0 
 49.4118  0.5969 -1.7794  0.0278  0.3364  0.0324  0.3854  0.0305 -0.0003  0.1692 0 
 38.9685 -0.6037  1.3248  0.0185  0.0811  0.0201  0.1824  0.0012  0.1329  0.2113 0 
 44.8615 -0.3439 -1.8049  0.0358  0.3443  0.0342  0.0878  0.0153 -0.0003  0.2644 0 
 44.0009  0.3611  1.3050  0.0160  0.0875  0.0812  0.2206  0.0222 -0.0003  0.0845 0 
 52.4849 -0.1420 -0.6722  0.0404  0.0701  0.0259  0.2108  0.0410 -0.0003  0.0523 0 
 50.6874  0.1708  2.4852  0.0066  0.3903  0.0044  0.1276  0.0136 -0.0003  0.0986 0 
 47.2450 -0.7964 -0.3199  0.0475  0.2703  0.0476  0.3032  0.0119 -0.0003  0.2308 0 
 44.2847  0.7974  2.8033  0.0078  0.6848  0.0293  0.3965  0.0237 -0.0003  0.1624 0 
 56.3485  0.4197 -0.7313  0.0873  0.2048  0.0261  0.4142  0.0377 -0.0003  0.2791 0 
 45.8778 -0.3943  2.4172  0.0370  0.4426  0.0443  0.1310  0.0381 -0.0003  0.3117 0 
 52.9854  0.3629 -0.1588  0.0143  0.2325  0.0457  0.4627  0.0185 -0.0003  0.1415 0 
 42.1454 -0.3527  2.9697  0.0135  0.3987  0.0127  0.3125  0.0539 -0.0003  0.0775 0 
 49.2805 -0.4665 -2.4173  0.0038  0.1558  0.1534  0.3428  0.0091 -0.0003  0.0970 0 
 37.4243  0.4789  0.7030  0.0157  0.2551  0.0100  0.1383  0.0263 -0.0003  0.0758 0 
 48.6244  0.3378  1.1829  0.1529  0.4398  0.0267  0.3010  0.2737 -0.0003  0.8384 0 
 47.6478 -0.3418 -1.9510  0.0148  0.1787  0.0730  0.5187  0.0433 -0.0003  0.1506 0 
 47.2450 -0.0336  0.4502  0.0519  0.2962  0.2231  0.3465  0.0566 -0.0003  0.3463 0 
 34.8760  0.0435 -2.6804  0.0363  0.4143  0.0468  0.4232  0.0849 -0.0003  0.3361 0 
 55.4055 -0.3066  2.1161  0.0122  0.3772  0.0530  0.4160  0.0384 -0.0003  0.1798 0 
 46.6926  0.3197 -1.0347  0.0384  0.6058  0.1104  0.3476  0.0390 -0.0003  0.3101 0 
 33.5882 -0.5682 -1.7833  0.0129  0.1598  0.1276  0.3327  0.0163 -0.0003  0.1009 0 
 31.1955  0.5799  1.4311  0.0151  0.4429  0.0192  0.1456  0.0829  0.2205  0.5587 0 
 47.5227  0.3471  3.0029  0.0146  0.1832  0.0286  0.3892  0.0722 -0.0003  0.0827 0 
 45.6001 -0.3493 -0.1196  0.0000 -1.0000  0.0001  0.0437  0.0043 -0.0003  0.1790 0 
 48.2887  0.0709  0.1455  0.0123  0.2919  0.1232  0.6030  0.0181 -0.0003  0.2108 0 
 47.4800 -0.0825 -3.0027  0.0235  0.4317  0.0201  0.3028  0.0434 -0.0003  0.1155 0 
 40.5097  0.1999  1.1004  0.0074  0.5713  0.0209  0.2707  0.0279  0.0317  0.1423 0 
 39.4629 -0.1970 -2.0345  0.0115  0.0832  0.0197  0.3635  0.0189 -0.0003  0.0464 0 
 49.0120  0.6520  0.3425  0.3037  0.4226  0.0238  0.5149  0.2768 -0.0003  0.9613 1 
 42.7070 -0.6297 -2.7897  0.1809  0.0327  0.0462  0.4893  0.3655 -0.0003  0.8037 1 
 48.7587 -0.4897  2.9981  0.1157  0.3942  0.0390  0.3008  0.0887 -0.0003  0.5946 0 
 42.6764  0.4818 -0.1353  0.0157  0.3932  0.0500  0.0890  0.0811 -0.0003  0.2957 0 
 46.6926  0.1948  2.7711  0.2190  0.3061  0.0421  0.5214  0.2578 -0.0003  0.9504 1 
 42.8443 -0.2157 -0.3758  0.1781  0.2979  0.0627  0.3556  0.1347 -0.0003  0.7898 1 
 47.1168  0.2356  1.3843  0.0098  0.3013  0.0280  0.2601  0.0266 -0.0003  0.0841 0 
 35.5047 -0.2465 -1.7535  0.0104  0.4475  0.0070  0.2807  0.0408 -0.0003  0.0738 0 
 52.9580 -0.5722 -1.7477  0.1944  0.5048  0.0278  0.2945  0.2763  0.0173  0.9055 1 
 46.1311  0.5629  1.3155  0.2355  0.5262  0.0530  0.2179  0.1896  0.1571  0.9189 1 
 41.9135  0.2494  0.3009  0.0129  0.1018  0.0094  0.2235  0.0134 -0.0003  0.0352 0 
 39.8535 -0.2465 -2.8277  0.0142  0.7069  0.0983  0.4985  0.1350 -0.0003  0.3760 0 
 48.1788  0.2580 -2.7934  0.0210  0.1346  0.0742  0.4310  0.0318 -0.0003  0.1133 0 
 39.6887 -0.2789  0.3622  0.0104  0.4910  0.0122  0.2722  0.0268 -0.0003  0.0887 0 
 51.5297 -0.2853  1.4251  0.0135  0.4010  0.1375  0.6778  0.0038 -0.0003  0.2437 0 
 46.3508  0.2826 -1.6946  0.0013  0.6421  0.0996  0.5224  0.0335 -0.0003  0.2185 0 
 44.6113  0.6823 -0.8093  0.0154  0.3405  0.0459  0.3518  0.1358 -0.0003  0.2499 0 
 35.7702 -0.6898  2.3145  0.0140  0.2316  0.0116  0.0934  0.0019 -0.0003  0.1029 0 
 48.1758 -0.6172 -0.3324  0.0252  0.3524  0.0749  0.5603  0.0663 -0.0003  0.2832 0 
 42.3835  0.6246  2.7915  0.0826  0.1154  0.0566  0.2228  0.0402 -0.0003  0.1646 0 
 40.7202  0.7202  0.6511  0.0833  0.1565  0.0497  0.2703  0.0934  0.1026  0.5054 1 
 36.0723 -0.7041 -2.4777  0.1855  0.6690  0.0921  0.5123  0.2103  0.4537  0.9982 1 
 46.6743 -0.1706  0.7550  0.0699  0.1516  0.0561  0.5649  0.1990 -0.0003  0.5269 0 
 43.1128  0.1232 -2.4155  0.0544  0.6438  0.0277  0.3106  0.0173 -0.0003  0.3312 0 
 54.8318 -0.6293  2.4192  0.0137  0.2811  0.0377  0.2919  0.0064 -0.0003  0.1224 0 
 47.7028  0.6288 -0.7340  0.0091  0.1705  0.0331  0.4753  0.0456 -0.0003  0.0964 0 
 47.4708  0.4877  0.5285  0.1266  0.5579  0.0763  0.3894  0.1298 -0.0003  0.8160 1 
 39.8077 -0.4895 -2.6133  0.2891  0.3294  0.0226  0.4080  0.1773  0.1996  0.9844 1 
 50.6813 -0.0058 -2.3658  0.0060  0.3392  0.3148  0.5105  0.2514 -0.0003  0.6005 0 
 42.3774  0.0696  0.7945  0.0000  0.1258  0.0082  0.0000 -0.0200 -0.0003  0.1174 0 
 50.8614  0.1556 -1.4010  0.0016  0.8617  0.0747  0.3400  0.1852 -0.0003  0.5974 0 
 45.2674 -0.1722  1.7740  0.0339  0.5019  0.0264  0.3066  0.0501  0.0615  0.3305 0 
 52.3659  0.4989  0.7706  0.0764  0.6014  0.0396  0.2109  0.0898 -0.0003  0.5220 0 
 44.7852 -0.5285 -2.4059  0.0262  0.4127  0.1183  0.7467  0.0800 -0.0003  0.3809 0 
 35.1263 -0.4900 -0.2293  0.0224  0.0986  0.0385  0.2815  0.0047 -0.0003  0.0695 1 
 32.2545  0.5358  2.8791  0.5218  0.3322  0.0456  0.2404  0.3040  0.5329  0.9997 1 
 48.5237 -0.7920  1.6731  0.0419  0.2838  0.0794  0.4302  0.1262 -0.0003  0.3862 0 
 45.2430  0.8032 -1.4897  0.0056  0.1934  0.0148  0.2629  0.1424 -0.0003  0.0734 0 
 50.0465 -0.2705 -0.0788  0.0107  0.1140  0.0963  0.3841  0.0113 -0.0003  0.0774 0 
 38.5718  0.2653  3.0629  0.0110  0.4346  0.0800  0.5487  0.0093 -0.0003  0.1932 0 
 45.2491  0.7532 -1.8920  0.0571  0.4081  0.0229  0.3943  0.1274 -0.0003  0.3769 0 
 30.7591 -0.7728  1.3477  0.0045  0.1567  0.0307  0.1462  0.0301 -0.0003  0.0631 0 
 27.8202  0.6970  2.5483  0.2389  0.3347  0.0397  0.2511  0.1227  0.2378  0.9503 1 
 19.3484 -0.6553 -0.5135  0.1126  0.3711  0.0542  0.3946  0.3146 -0.0003  0.8880 1 
 45.5360 -0.4259  1.7732  0.0017  0.0747  0.0415  0.3936  0.1483 -0.0003  0.0923 0 
 44.2908  0.4170 -1.3565  0.0035  0.0718  0.0584  0.1322  0.0126 -0.0003  0.0895 0 
 48.6366 -0.5745 -1.7814  0.5388  0.1747  0.0330  0.3870  0.3358 -0.0003  0.9850 1 
 36.0845  0.5946  1.3425  0.0009  0.6593  0.0180  0.4191  0.0096  0.0806  0.2150 1 
 49.3141  0.7239  0.1814  0.0004  0.2843  0.0449  0.5569  0.0705 -0.0003  0.1583 0 
 44.2420 -0.7191 -2.9430  0.0111  0.8687  0.0313  0.4407  0.0284 -0.0003  0.2034 0 
 48.5817 -0.4072  2.1636  0.0061  0.2431  0.0225  0.2150  0.1097 -0.0003  0.0860 0 
 46.6285  0.4191 -0.9550  0.0080  0.5724  0.0606  0.4781  0.0574 -0.0003  0.2064 0 
 43.2471 -0.1617  1.4520  0.0503  0.2993  0.0617  0.2660  0.0357 -0.0003  0.3006 0 
 39.8444  0.1971 -1.6738  0.0047  0.3156  0.1325  0.4532  0.0085 -0.0003  0.1668 0 
 38.5687  0.2868  0.6033  0.5048  0.2938  0.0446  0.1371  0.3454  0.4228  0.9991 1 
 38.3948 -0.2795 -2.5571  0.0153  0.1979  0.0354  0.5494  0.0172 -0.0003  0.1471 1 
 53.0098  0.4420  0.0919  0.0008  0.1421  0.0570  0.2103  0.0165 -0.0003  0.0817 0 
 43.9460 -0.4180 -3.0571  0.0722  0.3588  0.0348  0.2207  0.0425 -0.0003  0.3031 0 
 48.2033 -0.3692 -1.7808  0.0251  0.1747  0.3588  0.3447  0.1902 -0.0003  0.5551 0 
 44.1413  0.3901  1.3315  0.2805  0.0908  0.0892  0.3087  0.0301 -0.0003  0.6483 0 
 49.4972  0.0085 -2.5806  0.2246  0.4013  0.0721  0.2996  0.2479 -0.0003  0.9621 1 
 23.5935  0.0494  0.5005  0.3221  0.4083  0.0265  0.2641  0.3478  0.3328  0.9989 1 
 43.3722 -0.1683  2.0333  0.8128  0.6321  0.0248  0.3987  0.4450  0.0134  0.9975 1 
 30.1427  0.1369 -1.1265  0.0569  0.4540  0.0304  0.4413  0.1304  0.1490  0.6843 1 
 48.0446 -0.7020  1.9428  0.2451  0.4821  0.0332  0.3450  0.4442 -0.0003  0.9874 1 
 30.5608  0.7067 -1.2538  0.2084  0.2206  0.0270  0.4395  0.1619 -0.0003  0.7932 1 
 42.4262  0.3783  1.8715  0.6198  0.2326  0.0582  0.4011  0.4992 -0.0003  0.9956 0 
 35.6634 -0.3696 -1.2561  0.0006  0.2519  0.0094  0.1869  0.0539  0.0834  0.1066 0 
 51.8013 -0.6386  1.3961  0.0298  0.4375  0.0821  0.2961  0.1104 -0.0003  0.4099 0 
 44.6601  0.6278 -1.7285  0.0150  0.2448  0.0217  0.4396  0.0076 -0.0003  0.0997 0 
 53.5744 -0.6431  0.5596  0.5429  0.3625  0.0603  0.3775  0.6835 -0.0003  0.9982 1 
 36.4935  0.6308 -2.5791  0.0271  0.7311  0.0135  0.3250  0.0289 -0.0003  0.1508 1 
 60.4715 -0.7735 -1.8921  0.0028  0.1011  0.0242  0.2443  0.0318 -0.0003  0.0401 0 
 58.7839  0.7797  1.3146  0.0936  0.2872  0.0394  0.2460  0.0700 -0.0003  0.3947 0 
 47.2602  0.6640 -1.5580  0.0104  0.6581  0.0262  0.3032  0.0611 -0.0003  0.1454 0 
 47.2297 -0.6580  1.5902  0.0369  0.3179  0.1857  0.3466  0.1047 -0.0003  0.3620 0 
 51.9051 -0.3031 -1.1251  0.0211  0.3985  0.1133  0.3805  0.1013  0.0968  0.4389 0 
 46.1067  0.2908  2.0718  0.0759  0.4404  0.0322  0.3487  0.1713 -0.0003  0.6040 0 
 48.0079 -0.6248  2.9143  0.0080  0.2650  0.0543  0.3882  0.0589 -0.0003  0.1339 0 
 42.3987  0.6425 -0.2182  0.0476  0.6926  0.0152  0.2674  0.0759 -0.0003  0.2244 0 
 41.8006 -0.5787 -2.0545  0.0155  0.4023  0.0084  0.3579  0.0346 -0.0003  0.0753 0 
 39.3072  0.5805  1.0335  0.0072  0.5507  0.0167  0.2729  0.0360 -0.0003  0.0995 0 
 61.2680 -0.4418 -3.1280  0.1256  0.2786  0.1180  0.2029  0.1536 -0.0003  0.7881 1 
 45.1576  0.4376 -0.0335  0.4880  0.7958  0.0211  0.2630  0.3740 -0.0003  0.9962 1 
 47.1229  0.4437  1.3743  0.0232  0.4077  0.0123  0.4335  0.0513 -0.0003  0.1259 0 
 47.0191 -0.4507 -1.8067  0.0713  0.5440  0.1363  0.5204  0.0981 -0.0003  0.4536 0 
 51.3924  0.7463 -0.5398  0.2299  0.2937  0.1465  0.2967  0.0964  0.4535  0.9568 1 
 37.5982 -0.7612  2.6353  0.2739  0.2322  0.0472  0.4604  0.2018 -0.0003  0.9295 1 
 51.6304 -0.5816  1.5293  0.0347  0.3399  0.0795  0.5504  0.0294 -0.0003  0.2830 0 
 48.9876  0.5857 -1.6547  0.0243  0.1948  0.1803  0.3862  0.0176 -0.0003  0.1682 0 
 49.1981 -0.6987  2.9514  0.0075  0.4030  0.0355  0.2143  0.1573 -0.0003  0.2395 0 
 37.3816  0.7077 -0.2093  0.0329  0.2523  0.0258  0.2767  0.0295 -0.0003  0.1008 0 
 48.8472  0.7517  2.0553  0.5662  0.3907  0.2701  0.2577  0.6347 -0.0003  0.9988 1 
 40.7416 -0.7827 -1.0586  0.0099  0.5184  0.0872  0.3604  0.0302  0.6918  0.9907 1 
 46.5187  0.3437 -3.0242  0.2454  0.4798  0.1109  0.6524  0.0902  0.4095  0.9850 1 
 40.8118 -0.3406  0.1155  0.2249  0.4296  0.1360  0.3152  0.2038  0.5482  0.9953 1 
 49.1157 -0.0766  1.2921  0.0449  0.1894  0.0703  0.3431  0.0600  0.1466  0.3866 0 
 44.5411  0.0747 -1.8888  0.0754  0.1140  0.0234  0.3959  0.0739 -0.0003  0.1656 0 
 47.7790 -0.0257  0.3843  0.0234  0.3751  0.0267  0.3023  0.1119 -0.0003  0.1686 0 
 41.8952  0.0071 -2.7355  0.0278  0.4206  0.0086  0.2683  0.0162 -0.0003  0.0947 0 
 51.7037  0.6692  1.3273  0.0082  0.2943  0.0147  0.4233  0.1444 -0.0003  0.1214 0 
 44.7120 -0.6644 -1.8483  0.0591  0.6383  0.0785  0.4834  0.0607 -0.0003  0.4121 0 
 45.8137 -0.7706 -3.0157  0.0517  0.2159  0.1115  0.4367  0.0330 -0.0003  0.2618 0 
 40.6012  0.7648  0.2118  0.0359  0.4323  0.0479  0.4509  0.0723 -0.0003  0.3305 0 
 45.6001 -0.4424  2.5063  0.4029  0.4316  0.0573  0.5683  0.4608 -0.0003  0.9961 1 
 43.3936  0.4457 -0.6377  0.4038  0.6111  0.0499  0.2658  0.4410 -0.0003  0.9963 1 
 59.1684  0.1830  2.5797  0.0177  0.4766  0.1319  0.2455  0.0657 -0.0003  0.2987 0 
 48.4504 -0.1657 -0.6510  0.0133  0.5430  0.0302  0.3013  0.1639 -0.0003  0.2648 0 
 47.1138 -0.3117  1.1001  0.0600  0.4959  0.1518  0.3468  0.0967 -0.0003  0.4300 0 
 44.8402  0.3212 -2.0609  0.0341  0.3025  0.0305  0.2195  0.0229 -0.0003  0.1464 0 
 42.3957  0.8021 -1.0719  0.0502  0.3230  0.1386  0.4902  0.0452 -0.0003  0.3225 0 
 40.8118 -0.7943  2.0430  0.0193  0.3646  0.0174  0.1801  0.0316 -0.0003  0.1048 0 
 46.3539 -0.0752 -0.7351  0.0853  0.2907  0.0675  0.7400  0.0433  0.3034  0.7956 0 
 45.1484  0.0917  2.3938  0.0968  0.4564  0.1028  0.3945  0.0257 -0.0003  0.4651 0 
 47.0130 -0.3360 -1.3107  0.2694  0.4843  0.0571  0.2168  0.2537 -0.0003  0.9659 1 
 20.1755  0.3602  1.7553  0.0947  0.0077  0.0328  0.1111  0.0849  0.3408  0.9151 1 
 56.6995 -0.4883 -2.1005  0.0282  0.4323  0.0443  0.2895  0.0320 -0.0003  0.2364 0 
 44.4556  0.4849  1.0676  0.0456  0.1941  0.0091  0.1320  0.0320 -0.0003  0.0817 0 
 56.7361 -0.7115  1.2897  0.0342  0.1332  0.1449  0.2895  0.0143 -0.0003  0.1112 0 
 42.5910  0.7209 -1.9003  0.0482  0.5207  0.0278  0.2226  0.0330 -0.0003  0.2279 0 
 47.3121 -0.6190  0.9573  0.0006  0.2200  0.0822  0.3897  0.0538 -0.0003  0.1128 0 
 46.8513  0.6002 -2.1431  0.0994  0.7611  0.0581  0.3473  0.1949 -0.0003  0.8992 0 
 45.9297  0.1222  1.3072  0.0032  0.0999  0.0531  0.4800  0.1274 -0.0003  0.1115 0 
 44.0894 -0.1225 -1.8374  0.0130  0.2103  0.0118  0.2206  0.0101 -0.0003  0.0495 0 
 45.9144  0.4455  1.7424  0.3812  0.3286  0.0355  0.3491  0.4213 -0.0003  0.9940 1 
 45.4475 -0.4407 -1.4232  0.2909  0.5619  0.0280  0.5251  0.3206 -0.0003  0.9762 1 
 48.4657 -0.5839  0.7302  0.0993  0.3546  0.1539  0.4733  0.0682 -0.0003  0.4673 0 
 38.0865  0.5928 -2.4089  0.0991  0.1705  0.0090  0.1377  0.0598 -0.0003  0.1309 0 
 48.5420 -0.3892  0.4788  0.0367  0.2265  0.0376  0.3011  0.1308 -0.0003  0.2260 0 
 43.6133  0.4364 -2.6782  0.0165  0.1734  0.0990  0.3981  0.0107 -0.0003  0.1185 0 
 42.3529 -0.5003 -1.2186  0.4581  0.4841  0.0588  0.3566  0.4709 -0.0003  0.9973 1 
 40.4273  0.5303  1.9029  0.2185  0.2315  0.0472  0.2257  0.4235 -0.0003  0.9546 1 
 48.1941  0.1378  2.8906  0.0342  0.1357  0.0708  0.5171  0.0992 -0.0003  0.2241 0 
 42.2034 -0.1404 -0.2564  0.0272  0.1983  0.0253  0.4462  0.0313  0.2501  0.5165 0 
 43.7873  0.1906 -2.6783  0.0438  0.2655  0.0565  0.2651  0.0289 -0.0003  0.2375 0 
 43.5981 -0.2171  0.4807  0.0245  0.5744  0.0601  0.4424  0.0390 -0.0003  0.2557 0 
 46.7597  0.1177  2.2199  0.3202  0.4191  0.0469  0.5646  0.3524 -0.0003  0.9907 1 
 46.4424 -0.1040 -0.9391  0.3699  0.4596  0.0494  0.3046  0.5297 -0.0003  0.9971 1 
 48.4535 -0.7455 -2.0838  0.0625  0.2329  0.2715  0.3443  0.2481 -0.0003  0.7993 0 
 35.5474  0.7455  1.0581  0.0114  0.5280  0.0204  0.3741  0.0410 -0.0003  0.1178 0 
 45.7465 -0.6167  0.8445  0.0117  0.2489  0.1333  0.5242  0.0102 -0.0003  0.1755 0 
 45.6367  0.6217 -2.2933  0.0006  0.7497  0.0333  0.5682  0.0848  0.0722  0.3091 0 
 48.9784  0.6650  1.5106  0.1851  0.2853  0.0719  0.5150  0.1949 -0.0003  0.9062 1 
 44.7211 -0.6619 -1.6186  0.2041  0.5932  0.0511  0.3955  0.2938 -0.0003  0.9724 1 
 47.7913  0.7253  3.1185  0.0684  0.3942  0.0664  0.4751  0.0839  0.1941  0.7015 1 
 38.6908 -0.7321 -0.0055  0.0701  0.7701  0.0184  0.4569  0.1221 -0.0003  0.5592 1 
 36.1791 -0.2133  1.6942  0.5363  0.1137  0.0347  0.3723  0.0797  0.2126  0.9609 1 
 36.1120  0.1683 -1.4262  0.0987  0.2690  0.0351  0.3725  0.1299  0.2868  0.9229 1 
 52.9976 -0.4646 -2.6509  0.0486  0.4053  0.0733  0.4627  0.0512 -0.0003  0.3508 0 
 42.4720  0.4351  0.4489  0.0208  0.1448  0.0542  0.2673  0.0115 -0.0003  0.0961 0 
 45.7130 -0.7132 -0.9412  0.0137  0.3434  0.0103  0.0874  0.0027 -0.0003  0.1392 0 
 43.0060  0.7195  2.1818  0.0031  0.4489  0.0855  0.7104  0.0422 -0.0003  0.2245 0 
 45.5817  0.6717  0.1886  0.0102  0.2369  0.2034  0.6558  0.0856 -0.0003  0.3022 0 
 42.6245 -0.6865 -2.9673  0.0000 -1.0000  0.0121  0.0000 -0.0200 -0.0003  0.1789 0 
 45.4902  0.7217 -1.4679  0.2442  0.1114  0.0466  0.4812  0.3427 -0.0003  0.9560 0 
 44.5289 -0.7152  1.6854  0.0719  0.5156  0.0255  0.3959  0.2125 -0.0003  0.6555 0 
 44.3305  0.1682 -2.4198  0.0068  0.1290  0.1234  0.3083  0.1653 -0.0003  0.1504 0 
 41.7823 -0.1533  0.7142  0.0482  0.3042  0.0639  0.3132  0.0192 -0.0003  0.2825 0 
 40.1099  0.4675  1.1019  0.0238  0.4330  0.0126  0.3619  0.0394 -0.0003  0.1042 0 
 39.5758 -0.3911 -2.0066  0.0854  0.2970  0.1975  0.4994  0.0168 -0.0003  0.4108 0 
 46.6346  0.4305  1.3526  0.0065  0.4681  0.1188  0.3477  0.0209 -0.0003  0.1935 0 
 44.8524 -0.4528 -1.7758  0.0019  0.2160  0.0337  0.2195  0.1529 -0.0003  0.1392 0 
 44.0467  0.7851  0.6362  0.0062  0.1593  0.0255  0.0883  0.0421 -0.0003  0.0761 0 
 40.3265 -0.8020 -2.4977  0.0192  0.3922  0.0534  0.4517  0.0370  0.1333  0.3816 0 
 42.2431 -0.5825 -0.1114  0.0427  0.2505  0.0550  0.2677  0.0375 -0.0003  0.2189 0 
 37.9461  0.5834  2.9980  0.0285  0.3497  0.0479  0.3674  0.0266 -0.0003  0.2159 0 
 44.3977 -0.6310 -0.5536  0.0220  0.5326  0.1765  0.6164  0.0751 -0.0003  0.2993 0 
 40.0366  0.6560  2.5914  0.0412  0.3737  0.0121  0.1810  0.0394 -0.0003  0.1165 0 
 47.5319  0.2792  3.0651  0.0265  0.4481  0.0776  0.6488  0.0164 -0.0003  0.2721 0 
 37.1283 -0.2909 -0.0598  0.0041  0.2686  0.0095  0.2310  0.0806 -0.0003  0.0549 0 
 46.4454 -0.6709  1.2554  0.1852  0.4693  0.0660  0.4786  0.3344 -0.0003  0.9785 1 
 44.7578  0.6589 -1.9246  0.4935  0.4941  0.0268  0.4393  0.2899  0.3054  0.9985 1 
 47.6509 -0.3364 -2.8941  0.0026  0.0506  0.0553  0.2593  0.0164 -0.0003  0.0662 0 
 44.5472  0.3402  0.2751  0.0026  0.7586  0.0660  0.3519  0.0714 -0.0003  0.2645 0 
 47.4922 -0.3419  2.7557  0.0583  0.2517  0.0324  0.4326  0.0534 -0.0003  0.2688 0 
 41.5198  0.3660 -0.4133  0.0036  0.1668  0.0868  0.2689  0.0067 -0.0003  0.1009 0 
 47.1443  0.0089 -2.0879  0.3547  0.5316  0.0162  0.3467  0.4836 -0.0003  0.9948 1 
 44.6357  0.0136  1.0612  0.2835  0.5711  0.0618  0.5276  0.2891  0.1784  0.9883 1 
 54.2641 -0.7540 -0.2808  0.0021  0.1938  0.0297  0.3345  0.0522 -0.0003  0.0546 0 
 47.3335  0.7576  2.8587  0.0020  0.4654  0.0824  0.3031  0.1763 -0.0003  0.4055 0 
 54.2153 -0.5135  1.2108  0.0652  0.2767  0.0401  0.2091  0.1375 -0.0003  0.4009 0 
 46.2715  0.5262 -1.9693  0.0351  0.3051  0.1374  0.3919  0.0766 -0.0003  0.2894 0 
 44.0223  0.7277  1.2808  0.0491  0.1805  0.0248  0.5295  0.2463  0.0815  0.5729 1 
 33.5637 -0.6927 -1.7838  0.1124  0.5827  0.0558  0.4753  0.0274 -0.0003  0.6150 1 
 50.0435 -0.2281 -2.6103  0.0015  0.0887  0.0128  0.1707  0.0754 -0.0003  0.0390 0 
 37.1374  0.2337  0.5603  0.0730  0.3775  0.0179  0.2310  0.0385 -0.0003  0.1852 0 
 47.9866 -0.3890 -0.6417  0.0158  0.2955  0.0402  0.6903  0.0444 -0.0003  0.2589 1 
 45.3040  0.3647  2.4962  0.4490  0.5921  0.0336  0.3941  0.4511 -0.0003  0.9965 1 
 51.3100  0.0625  0.4401  0.4003  0.7630  0.0748  0.5937  0.1752  0.5042  0.9997 1 
 46.1555 -0.0288 -2.6703  0.1205  0.1036  0.0821  0.2615  0.0970 -0.0003  0.3548 1 
 49.4423  0.2511  2.9998  0.3552  0.6987  0.0653  0.3853  0.4990 -0.0003  0.9970 1 
 42.6978 -0.2511 -0.1470  0.3751  0.5560  0.0663  0.5783  0.5572  0.2584  0.9996 1 
 45.5879  0.4124  1.3740  0.0343  0.3858  0.0187  0.3061  0.0406 -0.0003  0.1233 0 
 44.6662 -0.4097 -1.7638  0.0095  0.1579  0.0516  0.5714  0.0496 -0.0003  0.1422 0 
 48.2368 -0.2148  1.5199  0.0125  0.5039  0.1117  0.5601  0.0469 -0.0003  0.2354 0 
 42.4781  0.1616 -1.6418  0.1175  0.5349  0.1185  0.6682  0.2414 -0.0003  0.9207 0 
 45.0111  0.0771  1.0836  0.0037  0.5265  0.0853  0.6141  0.2825  0.2549  0.8608 0 
 42.0844 -0.0330 -2.0909  0.0096  0.1929  0.0474  0.1786  0.0134 -0.0003  0.1075 0 
 52.0790 -0.6731 -0.7542  0.0374  0.5195  0.0395  0.3380  0.0519 -0.0003  0.2978 1 
 45.7008  0.6552  2.3688  0.5048  0.3540  0.0918  0.5243  0.8199 -0.0003  0.9987 1 
 57.4197 -0.0340 -1.0377  0.0099  0.2628  0.0847  0.3298  0.0065 -0.0003  0.1522 0 
 47.0649  0.0262  2.1280  0.0247  0.1111  0.1182  0.4770  0.0512 -0.0003  0.1207 0 
 49.3019  0.7548 -2.6759  0.0771  0.6573  0.1269  0.3856  0.0197 -0.0003  0.4012 0 
 39.6826 -0.7716  0.4909  0.0493  0.1766  0.0341  0.3176  0.0146 -0.0003  0.1300 0 
 51.6579 -0.7818 -1.4482  0.0285  0.1724  0.0324  0.3810  0.0364  0.1710  0.3350 0 
 36.4782  0.7611  1.7144  0.0009  0.1704  0.0461  0.3250  0.0556 -0.0003  0.0685 0 
 47.1656 -0.0741 -2.9078  0.4903  0.5679  0.0746  0.3900  0.3098 -0.0003  0.9939 1 
 27.8874  0.1521  0.1726  0.2340  0.2556  0.1329  0.2509  0.1793  0.6574  0.9975 1 
 43.4272  0.5781 -2.3485  0.1803  0.3457  0.0415  0.7085  0.1707  0.0680  0.9327 1 
 33.2097 -0.5820  0.8393  0.2344  0.4594  0.0400  0.2861  0.1717  0.1051  0.8825 1 
 43.0121  0.3612 -1.5551  0.2605  0.6448  0.0973  0.3108  0.2427  0.6576  0.9995 1 
 37.8180 -0.3428  1.5270  0.3290  0.5471  0.1545  0.5517  0.2925 -0.0003  0.9954 1 
 49.1463  0.4608 -0.8875  0.0099  0.1077  0.0551  0.2144  0.0036  0.1465  0.1551 0 
 32.7306 -0.4384  2.2317  0.0249  0.3115  0.0255  0.1915  0.0068 -0.0003  0.1362 0 
 45.0141  0.5984  2.9526  0.0200  0.2563  0.0197  0.4825  0.0191  0.1000  0.2679 0 
 44.9012 -0.6037 -0.1882  0.0298  0.2128  0.0162  0.3073  0.0323 -0.0003  0.0649 0 
 48.0446 -0.6790  0.1750  0.1184  0.4446  0.0597  0.5176  0.0246 -0.0003  0.5567 0 
 45.6214  0.6831 -2.9677  0.0102  0.5991  0.0481  0.3060  0.0789 -0.0003  0.2479 0 
 53.7758 -0.2635 -2.6503  0.0984  0.1433  0.0303  0.2515  0.0631 -0.0003  0.1956 0 
 47.8950  0.2815  0.4812  0.0091  0.3435  0.0784  0.6475  0.1171 -0.0003  0.2821 0 
 42.4903  0.0639 -0.6241  0.0437  0.3180  0.0252  0.4900  0.0086 -0.0003  0.2492 0 
 28.3543 -0.0536  2.5247  0.0072  0.0692  0.0117  0.0998  0.0126 -0.0003  0.0496 0 
 46.8177 -0.7618  2.5656  0.0381  0.2605  0.0859  0.5644  0.1796  0.2487  0.7502 0 
 39.6735  0.7443 -0.6718  0.0050  0.2968  0.2157  0.4991  0.1483 -0.0003  0.3175 0 
 46.1555 -0.4526 -0.8387  0.0595  0.3158  0.1598  0.5665  0.0334 -0.0003  0.3652 0 
 44.9653  0.4754  2.4011  0.0233  0.5823  0.0706  0.5704  0.1082 -0.0003  0.3374 0 
 49.8085  0.6576 -1.6459  0.0422  0.1668  0.0270  0.3846  0.0360  0.1232  0.3194 0 
 19.9557 -0.6636  1.5008  0.0551  0.4792  0.0117  0.1674 -0.0003 -0.0003  0.1661 0 
 45.2216  0.7236  2.1908  0.0328  0.1972  0.0791  0.3067  0.0491 -0.0003  0.1776 0 
 43.5401 -0.6664 -0.9560  0.0283  0.1957  0.0531  0.3540  0.1234 -0.0003  0.2101 0 
 46.0426 -0.3618  1.1538  0.3343  0.6672  0.0790  0.4797  0.2309  0.4535  0.9995 1 
 38.7152  0.3553 -2.0062  0.2178  0.5245  0.0352  0.4568  0.2559 -0.0003  0.9485 1 
 48.3589 -0.7139  0.1054  0.0733  0.3609  0.0656  0.2583  0.1406 -0.0003  0.6297 0 
 45.8259  0.7193 -3.0557  0.0986  0.1058  0.0228  0.3493  0.1303 -0.0003  0.2527 0 
 44.4709  0.2889  0.6525  0.0190  0.1924  0.0619  0.4841  0.5281 -0.0003  0.7418 1 
 41.9959 -0.2825 -2.5140  0.1349  0.7633  0.0565  0.2681  0.1315 -0.0003  0.8953 1 
 44.8371 -0.6625 -2.9199  0.0005  0.4115  0.0512  0.2635  0.0526  0.3195  0.6921 0 
 37.2625  0.6916  0.2951  0.0150  0.0801  0.0234  0.2308  0.2178 -0.0003  0.1358 0 
 51.4443 -0.5058 -0.0810  0.0375  0.2573  0.2566  0.6357  0.0076 -0.0003  0.3145 0 
 47.5868  0.4719  2.9796  0.0960  0.7361  0.0358  0.3026  0.1723 -0.0003  0.7637 0 
 52.4239  0.3010 -1.4966  0.1514  0.7783  0.0565  0.5062  0.1791 -0.0003  0.9293 1 
 46.7994 -0.3209  1.6305  0.0237  0.7631  0.0528  0.5211  0.0829  0.1149  0.4905 1 
 43.4394  0.7089 -0.3715  0.1632  0.4786  0.0714  0.4871  0.0938 -0.0003  0.7703 1 
 35.8740 -0.7105  2.7892  0.0137  0.5640  0.0222  0.6064  0.0276 -0.0003  0.2236 1 
 49.7505 -0.1479 -0.3731  0.0089  0.3540  0.1588  0.5557  0.0087 -0.0003  0.2098 0 
 45.4505  0.1793  2.7373  0.0188  0.7255  0.0174  0.2188  0.0720 -0.0003  0.1582 0 
 50.5623 -0.2502 -2.2484  0.0391  0.4244  0.0413  0.2128  0.0342 -0.0003  0.2674 0 
 48.0903  0.1884  0.8648  0.0157  0.2014  0.0527  0.3881  0.0140 -0.0003  0.1227 0 
 51.7250  0.7118  1.1373  0.0054  0.5880  0.0951  0.3386  0.0360 -0.0003  0.2114 0 
 46.4363 -0.7097 -2.0499  0.0060  0.3022  0.0371  0.3046  0.0969 -0.0003  0.1155 0 
 42.2766  0.0310  2.0039  0.0219  0.0909  0.0379  0.2676  0.1030 -0.0003  0.0785 0 
 39.0356 -0.0030 -1.1160  0.0294  0.2101  0.0172  0.3190  0.0406 -0.0003  0.0674 0 
 55.2865 -0.4864 -0.1820  0.2894  0.5064  0.0622  0.4578  0.3228 -0.0003  0.9897 1 
 43.4974  0.4538  2.9213  0.1748  0.3803  0.0352  0.2213  0.2031  0.1759  0.9081 1 
 48.7068  0.4716 -1.4990  0.0041  0.6149  0.1252  0.5587  0.0910 -0.0003  0.2713 0 
 46.1952 -0.4955  1.7304  0.0203  0.1612  0.0549  0.1743  0.0178 -0.0003  0.1161 0 
 49.1676  0.6619  1.0305  0.1169  0.4733  0.0448  0.3430  0.1321  0.1727  0.8377 0 
 48.0629 -0.6659 -2.1509  0.0446  0.6438  0.0273  0.4312  0.0912 -0.0003  0.3954 0 
 51.2398  0.4562  1.0391  0.0081  0.6535  0.0244  0.4242  0.0063 -0.0003  0.1639 0 
 36.4782 -0.4847 -2.1117  0.0597  0.3671  0.1127  0.5107  0.1259 -0.0003  0.4932 0 
 47.3457  0.7678 -1.0857  0.0027  0.5961  0.0452  0.4329  0.1265 -0.0003  0.2609 0 
 38.4985 -0.7611  1.9359  0.0302  0.1259  0.0616  0.4117  0.0233 -0.0003  0.1178 0 
 44.3214 -0.6879 -1.7425  0.0100  0.3798  0.0638  0.4405  0.0328 -0.0003  0.1781 0 
 38.5473  0.6873  1.3435  0.0231  0.2463  0.1455  0.4116  0.0319 -0.0003  0.1904 0 
 46.7720  0.1814  3.1213  0.0962  0.4008  0.0532  0.1737  0.0566 -0.0003  0.5790 0 
 44.4617 -0.1401 -0.0296  0.0121  0.6734  0.0350  0.3961  0.2332 -0.0003  0.5238 0 
 44.1840 -0.5138  0.9313  0.0232  0.1665  0.0338  0.3086  0.0272 -0.0003  0.0761 0 
 38.9105  0.5202 -2.2229  0.0003  0.1338  0.0946  0.2737  0.0837 -0.0003  0.0893 0 
 46.0761  0.3319 -1.5444  0.0062  0.7433  0.1389  0.5668  0.0500 -0.0003  0.2841 1 
 44.4282 -0.3602  1.7052  0.2347  0.2175  0.0855  0.4402  0.1026 -0.0003  0.7675 1 
 45.8228 -0.3720 -0.2992  0.7957  0.5030  0.0777  0.3930  0.8038 -0.0003  0.9982 1 
 39.6094  0.3930  2.8221  0.1013  0.2826  0.0483  0.3631  0.1391 -0.0003  0.6124 1 
 51.2520  0.7074 -1.0422  0.0298  0.3197  0.0497  0.2970  0.0064  0.2666  0.5854 0 
 36.8658 -0.6865  2.0838  0.0361  0.3454  0.0461  0.1852  0.0486 -0.0003  0.2550 0 
 37.5402  0.6394  2.8742  0.0117  0.4713  0.0364  0.2303  0.0043 -0.0003  0.2070 0 
 32.4193 -0.6038 -0.2230  0.0674  0.1371  0.0375  0.3840  0.0700 -0.0003  0.1933 0 
 47.1901 -0.4545  1.7693  0.0177  0.1320  0.0764  0.3033  0.0219 -0.0003  0.0946 0 
 42.7405  0.4389 -1.3947  0.0202  0.2746  0.0303  0.4002  0.1805 -0.0003  0.2538 0 
 50.2541 -0.0074 -2.2231  0.5705  0.8232  0.0736  0.5969  0.4866 -0.0003  0.9962 1 
 39.8077  0.0130  0.9296  0.2793  0.5195  0.0745  0.5440  0.5986 -0.0003  0.9982 1 
 44.9226  0.1857 -2.3083  0.4595  0.6469  0.0805  0.4828  0.4869 -0.0003  0.9974 1 
 25.0828 -0.1310  0.8543  0.1879  0.3966  0.0260  0.2591  0.3376 -0.0003  0.8927 1 
 43.6561 -0.7676 -2.2784  0.0499  0.4113  0.0310  0.3095  0.0572 -0.0003  0.2508 0 
 40.4425  0.7697  0.8335  0.0042  0.4951  0.0683  0.3160  0.0505 -0.0003  0.2044 0 
 48.8533 -0.0454  0.8917  0.1053  0.4947  0.0136  0.2147  0.0971 -0.0003  0.3388 0 
 37.9248  0.0212 -2.3172  0.0002  0.1669  0.2468  0.3675  0.0562 -0.0003  0.1414 0 
 44.8402 -0.1178  1.8450  0.0002  0.4656  0.2374  0.6147  0.0983 -0.0003  0.2822 0 
 35.6085  0.1124 -1.3024  0.0249  0.4100  0.0347  0.2805  0.1256 -0.0003  0.2451 0 
 50.8309 -0.5425 -0.3984  0.0094  0.3126  0.0262  0.2125 -0.0200 -0.0003  0.1518 0 
 48.6305  0.5375  2.7264  0.0991  0.1186  0.0379  0.3870  0.0521 -0.0003  0.2349 0 
 51.1879 -0.1572  1.5997  0.0027  0.1994  0.0272  0.2122  0.0235 -0.0003  0.0558 0 
 41.6266  0.1551 -1.5516  0.0522  0.1139  0.2467  0.4031  0.0781 -0.0003  0.2210 0 
 49.8054 -0.0678 -0.7468  0.0141  0.5938  0.1805  0.6837  0.0817 -0.0003  0.3021 0 
 44.6998  0.0647  2.3805  0.1266  0.7856  0.0814  0.3516  0.2208 -0.0003  0.9502 0 
 44.9805  0.3258 -2.4250  0.0061  0.7212  0.0196  0.3510  0.0634 -0.0003  0.1272 1 
 42.5635 -0.3275  0.7088  0.5673  0.1911  0.0553  0.4452  0.3206  0.4356  0.9998 1 
 47.3396  0.6989  2.1737  0.0556  0.1352  0.1110  0.2165  0.0132  0.5339  0.6829 0 
 44.0040 -0.7282 -0.9656  0.0999  0.2734  0.1643  0.8826  0.0524 -0.0003  0.6669 0 
 49.1188 -0.2749 -2.0203  0.1516  0.5335  0.0347  0.5146  0.1960 -0.0003  0.8966 1 
 38.8403  0.2701  1.0895  0.2313  0.7538  0.0182  0.5020  0.3687  0.0691  0.9771 1 
 43.9612  0.7377 -0.4203  0.0203  0.2849  0.1058  0.2207  0.0480 -0.0003  0.2399 0 
 43.5431 -0.7285  2.6830  0.0286  0.3523  0.0563  0.2655  0.0865  0.0142  0.3244 0 
 49.8604  0.1572 -1.3410  0.0080  0.5929  0.0621  0.2990  0.0369 -0.0003  0.2352 0 
 37.7111 -0.1227  1.7887  0.0017  0.2303  0.1582  0.3220  0.0130 -0.0003  0.1372 0 
 47.4617  0.0122  0.6513  0.0105  0.1760  0.0598  0.4326  0.0593 -0.0003  0.1185 0 
 45.4780  0.0043 -2.4726  0.0068  0.0789  0.2217  0.3500  0.0369 -0.0003  0.0607 0 
 54.2580  0.5369 -0.6396  0.3081  0.4600  0.0858  0.3345  0.3823 -0.0003  0.9952 1 
 45.9815 -0.5377  2.4725  0.1180  0.3651  0.0562  0.3926  0.2222 -0.0003  0.8370 1 
 48.3467  0.0798  2.4208  0.0258  0.2129  0.0374  0.3014  0.0577 -0.0003  0.1067 0 
 44.3427 -0.0946 -0.7191  0.0009  0.6476  0.0160  0.3964  0.0264 -0.0003  0.1014 0 
 46.4973  0.5844 -2.5497  0.0163  0.0393  0.0366  0.3915  0.0501 -0.0003  0.0666 0 
 44.7059 -0.5850  0.5910  0.0094  0.3359  0.0170  0.1758  0.0075 -0.0003  0.1000 0 
 45.0660 -0.0134  0.6785  0.4692  0.2123  0.0381  0.3070  0.6458 -0.0003  0.9969 1 
 43.4150  0.0737 -2.4770  0.0894  0.3370  0.1044  0.4429  0.1174 -0.0003  0.5764 1 
 46.1311  0.5243  2.1117  0.0496  0.5035  0.0177  0.3487  0.0329 -0.0003  0.2068 0 
 44.6204 -0.5178 -1.0254  0.0833  0.6663  0.0174  0.2638  0.0555 -0.0003  0.3405 0 
 49.8573  0.4692  2.0749  0.0080  0.6180  0.0967  0.6408  0.2421  0.2237  0.8152 0 
 40.4364 -0.4574 -1.1271  0.0266  0.2907  0.0193  0.1354  0.0060 -0.0003  0.1357 0 
 46.2684 -0.2779 -2.0247  0.0036  0.0783  0.0303  0.1306  0.0701 -0.0003  0.0572 0 
 42.0905  0.2619  1.1480  0.0079  0.3914  0.0315  0.4912  0.1111 -0.0003  0.2022 0 
 47.2267 -0.4454  1.4413  0.0205  0.3107  0.0272  0.5198  0.0624 -0.0003  0.1981 0 
 39.1180  0.4751 -1.7045  0.0031  0.3953  0.0198  0.3188  0.0533 -0.0003  0.0739 0 
 58.0728  0.2946  1.6180  0.0006  0.3790  0.1398  0.5756  0.0218 -0.0003  0.1952 0 
 43.0457 -0.2515 -1.5045  0.0000  0.1337  0.2093  0.3551  0.0538 -0.0003  0.0962 0 
 50.7332  0.6179  1.8591  0.0127  0.3588  0.3110  0.5529  0.0545 -0.0003  0.2934 0 
 44.8127 -0.6235 -1.3111  0.0068  0.1051  0.0197  0.1317  0.0704 -0.0003  0.0501 0 
 52.2713 -0.0167  0.2075  0.1656  0.3160  0.0710  0.3377  0.1794 -0.0003  0.8637 1 
 37.2961 -0.0037 -2.9409  0.9646  0.6965  0.0415  0.3692  0.9462 -0.0003  0.9983 1 
 45.5299 -0.1550  2.3957  0.1070  0.3596  0.0379  0.2187  0.0682  0.0444  0.6067 0 
 38.2239  0.1607 -0.7475  0.0501  0.0258  0.0069  0.1375  0.0305 -0.0003  0.0393 0 
 49.6986  0.4107  2.5581  0.0655  0.2406  0.0384  0.3420  0.0964 -0.0003  0.3110 0 
 45.7557 -0.4120 -0.6190  0.0838  0.6041  0.0408  0.6115  0.0793 -0.0003  0.6235 0 
 50.5898  0.3233  2.1059  0.0512  0.4555  0.2085  0.5959  0.0668 -0.0003  0.3695 0 
 38.0682 -0.3211 -1.0270  0.0035  0.2705  0.0904  0.3212  0.0229 -0.0003  0.1401 0 
 51.2123 -0.3050  1.9109  0.0023  0.2652  0.1696  0.5940  0.0328 -0.0003  0.1986 0 
 42.0722  0.2909 -1.2407  0.0347  0.1487  0.0500  0.1786  0.0054 -0.0003  0.1240 0 
 47.2206  0.1857  2.6633  0.0752  0.2797  0.0375  0.4332  0.0209 -0.0003  0.3410 0 
 41.9745 -0.1987 -0.4835  0.1940  0.1877  0.0197  0.2234  0.0828  0.2594  0.9727 0 
 46.3813 -0.0335 -3.1410  0.0006  0.1829  0.0816  0.3047  0.0504 -0.0003  0.0972 0 
 39.0051  0.0541  0.0032  0.0075  0.6386  0.0171  0.3647  0.0327 -0.0003  0.1115 0 
 43.3112  0.1716  1.3607  0.0711  0.1745  0.0381  0.4432  0.2805 -0.0003  0.5395 0 
 43.2685 -0.1750 -1.7890  0.2727  0.2335  0.0441  0.5319  0.1290 -0.0003  0.8654 0 
 57.2519  0.7192  2.7055  0.0541  0.3084  0.0415  0.4539  0.0162 -0.0003  0.3015 0 
 49.8634 -0.7142 -0.4298  0.0241  0.4285  0.0304  0.2563  0.0768 -0.0003  0.1644 0 
 48.2521 -0.5842 -1.8230  0.0829  0.1995  0.0308  0.3877  0.1625 -0.0003  0.4333 0 
 44.9744  0.5849  1.3054  0.0362  0.5326  0.0602  0.4827  0.0512 -0.0003  0.3154 0 
 60.1541 -0.6502  2.4780  0.0215  0.3276  0.0848  0.2853  0.0867  0.1555  0.4813 0 
 44.2725  0.6395 -0.7364  0.0421  0.3589  0.0917  0.6168  0.0190 -0.0003  0.3242 0 
 48.6549 -0.5383  0.6785  0.0450  0.1989  0.0945  0.2579  0.0849 -0.0003  0.2834 0 
 41.8616  0.5419 -2.4306  0.0258  0.1655  0.0816  0.4025  0.0439 -0.0003  0.1409 0 
 46.8208 -0.0278  2.4367  0.0021  0.2065  0.1411  0.2605  0.0985 -0.0003  0.1602 0 
 36.3745  0.0203 -0.6861  0.0610  0.4527  0.0580  0.2323  0.0158 -0.0003  0.4372 0 
 45.8534 -0.3743 -0.8814  0.0321  0.3110  0.0335  0.3056  0.0338  0.2159  0.5453 0 
 41.0040  0.3492  2.2627  0.0284  0.2286  0.0265  0.4047  0.0712  0.1623  0.4093 0 
 52.4941 -0.4516  2.2050  0.1632  0.3382  0.0617  0.3795  0.0783  0.1206  0.8266 1 
 49.0059  0.4307 -0.9731  0.7263  0.5981  0.0346  0.4291  0.7927  0.0459  0.9984 1 
 48.0354  0.2061 -1.0084  0.0042  0.5526  0.0327  0.4313  0.0123 -0.0003  0.1585 0 
 47.5227 -0.2010  2.1576  0.0076  0.3485  0.0578  0.5623  0.1376 -0.0003  0.2616 0 
 46.4332  0.6358  2.5774  0.0367  0.2113  0.0241  0.2176  0.0211 -0.0003  0.0898 0 
 39.5758 -0.6503 -0.5521  0.0694  0.2999  0.0175  0.1362  0.0308  0.0598  0.2578 0 
 48.0262  0.0444 -1.5038  0.0003  0.1761  0.1776  0.3451  0.0295 -0.0003  0.1144 0 
 40.8789 -0.0474  1.6160  0.0865  0.2795  0.0235  0.3600  0.0864 -0.0003  0.3379 0 
 47.2969  0.5493 -2.2706  0.0725  0.2101  0.0056  0.2165  0.0434 -0.0003  0.0909 0 
 47.2541 -0.5482  0.8520  0.0210  0.3789  0.1355  0.9096  0.0538 -0.0003  0.4288 0 
 44.0681 -0.4088 -0.8502  0.5858  0.3002  0.0597  0.3970  0.6037 -0.0003  0.9977 1 
 43.9124  0.4022  2.2795  0.0893  0.8309  0.0266  0.3974  0.1535 -0.0003  0.7141 1 
 46.4424  0.6187 -2.0475  0.0594  0.1930  0.0414  0.4351  0.0067 -0.0003  0.2273 0 
 46.2287 -0.6186  1.0819  0.0547  0.2650  0.0314  0.3049  0.0556 -0.0003  0.1925 0 
 45.2461 -0.7143  2.5125  0.2503  0.5363  0.0367  0.4819  0.1967 -0.0003  0.9253 1 
 41.8372  0.7078 -0.6878  0.2146  0.1961  0.0699  0.2683  0.2023 -0.0003  0.8817 1 
 45.2186 -0.3447  1.5934  0.0453  0.4586  0.0839  0.4381  0.0109 -0.0003  0.2881 0 
 40.7874  0.3315 -1.5334  0.0224  0.4649  0.0550  0.1351  0.1710 -0.0003  0.4655 0 
 50.9194 -0.4385 -2.2086  0.2051  0.2391  0.0380  0.1700  0.1368 -0.0003  0.7191 1 
 47.7516  0.4294  0.9266  0.2772  0.7028  0.0680  0.4752  0.2558 -0.0003  0.9816 1 
 55.1339  0.6688  1.1796  0.2827  0.2754  0.0537  0.5831  0.3447 -0.0003  0.9899 1 
 47.7577 -0.6793 -1.9439  0.2132  0.2772  0.0529  0.4752  0.4218 -0.0003  0.9860 1 
 50.1625  0.5516 -0.5133  0.0013  0.3258  0.0495  0.2559  0.0600 -0.0003  0.1287 0 
 47.8828 -0.5560  2.6491  0.0298  0.3165  0.0261  0.1727  0.0126 -0.0003  0.1502 0 
 48.1514 -0.1214  2.4043  0.0584  0.6059  0.1115  0.3880  0.0107 -0.0003  0.3271 0 
 45.6062  0.1092 -0.7644  0.0125  0.3269  0.0234  0.1749  0.0743 -0.0003  0.1114 0 
 59.3820 -0.3980 -0.1811  0.0546  0.2793  0.1898  0.4089  0.1445 -0.0003  0.4916 0 
 46.2257  0.3941  2.9544  0.0483  0.1394  0.0229  0.2614  0.1655 -0.0003  0.1852 0 
 48.7099  0.2678  2.7918  0.1167  0.6347  0.0391  0.2149  0.1450 -0.0003  0.7408 0 
 47.0436 -0.2832 -0.3897  0.0214  0.2345  0.0825  0.3903  0.0902 -0.0003  0.2056 0 
 54.3038 -0.2344  3.1201  0.0188  0.0728  0.1133  0.1254  0.0378 -0.0003  0.1001 0 
 45.9144  0.2300 -0.0430  0.0116  0.1223  0.0104  0.2182  0.0405 -0.0003  0.0345 0 
 51.7830  0.5506  0.4739  0.0736  0.3324  0.0914  0.3385  0.1425 -0.0003  0.6019 0 
 51.2459 -0.5655 -2.6968  0.0790  0.2830  0.0443  0.5091  0.0438 -0.0003  0.4266 0 
 40.7141 -0.7679  0.9432  0.0055  0.3140  0.0116  0.2253  0.0347 -0.0003  0.0589 0 
 37.7508  0.7394 -2.1574  0.0575  0.4730  0.1122  0.5059  0.1229 -0.0003  0.4693 0 
 47.7119 -0.5251  3.0050  0.0147  0.3666  0.0391  0.3024  0.0506 -0.0003  0.1426 0 
 46.9795  0.5022 -0.1430  0.0359  0.2664  0.0198  0.0867  0.0056 -0.0003  0.1752 0 
 47.0527 -0.3811 -3.1063  0.0376  0.3049  0.0757  0.2602  0.1391 -0.0003  0.4436 0 
 39.3042  0.3774  0.0097  0.0098  0.5356  0.0265  0.2729  0.0182 -0.0003  0.1397 0 
 50.4891  0.1508  0.5923  0.0328  0.1649  0.0742  0.4258  0.0604 -0.0003  0.1746 0 
 40.0153 -0.1306 -2.5266  0.0023  0.4422  0.0092  0.0905  0.0731 -0.0003  0.1152 0 
 46.8818 -0.7731 -2.4554  0.0688  0.6615  0.2423  0.4775  0.0789 -0.0003  0.4279 0 
 43.1098  0.7870  0.6896  0.1302  0.5622  0.0558  0.2662  0.1350 -0.0003  0.8409 0 
 52.8817 -0.6307  0.5692  0.0114  0.4151  0.1404  0.5471  0.1256 -0.0003  0.2981 0 
 44.6235  0.6183 -2.6050  0.0188  0.3848  0.0232  0.0879  0.0057 -0.0003  0.2020 0 
 44.0497 -0.5500  2.1112  0.0053  0.3814  0.0485  0.3971  0.0646 -0.0003  0.1563 0 
 39.8535  0.5214 -1.0935  0.0265  0.3692  0.0847  0.3172  0.0562 -0.0003  0.2634 0 
 46.0487 -0.2406 -0.8060  0.1335  0.2010  0.1003  0.0872  0.0889 -0.0003  0.6739 1 
 26.8223  0.2262  2.2873  0.1568  0.5301  0.0424  0.4569  0.1584  0.0451  0.8790 1 
 51.1757  0.2649  2.3224  0.0412  0.4246  0.0545  0.2970  0.0048 -0.0003  0.3130 0 
 38.3612 -0.2011 -0.7771  0.0293  0.1533  0.0604  0.3663  0.0593 -0.0003  0.1339 0 
 48.9967 -0.5897  0.2571  0.0563  0.1030  0.0463  0.2146  0.0209 -0.0003  0.0985 0 
 38.2208  0.5816 -2.8735  0.0161  0.6073  0.0174  0.3209  0.1619 -0.0003  0.2019 0 
 43.0060 -0.7725  1.0137  0.0744  0.4664  0.1228  0.6660  0.1302  0.1174  0.8036 0 
 38.1659  0.7430 -2.1173  0.0778  0.5144  0.0245  0.5044  0.0621 -0.0003  0.5360 0 
 59.0799  0.4593 -2.4702  0.0084  0.3497  0.1531  0.2866  0.0460 -0.0003  0.2127 0 
 47.5776 -0.4273  0.6410  0.0229  0.7131  0.1130  0.4324  0.0705 -0.0003  0.3244 0 
 44.9317 -0.6233 -0.8983  0.0245  0.0743  0.0212  0.1317  0.0065 -0.0003  0.0578 0 
 44.4007  0.6448  2.2814  0.0306  0.1227  0.0553  0.3522  0.0656 -0.0003  0.1128 0 
 46.9276 -0.6827  2.4158  0.0039  0.0715  0.0237  0.3471  0.0098 -0.0003  0.0468 0 
 41.2451  0.6650 -0.7534  0.0828  0.4848  0.0252  0.2245  0.0361 -0.0003  0.3147 0 
 44.1993  0.6855 -0.0684  0.0459  0.4544  0.0747  0.4849  0.0471 -0.0003  0.3364 1 
 43.3204 -0.7060  3.0210  0.6487  0.3384  0.0402  0.1772  0.6015 -0.0003  0.9974 1 
 46.0517 -0.7188 -3.1036  0.0346  0.8094  0.0824  0.6977  0.0501 -0.0003  0.3899 0 
 37.2045  0.7241  0.0504  0.0258  0.1956  0.0083  0.1847  0.0869  0.0277  0.0885 0 
 54.3587  0.5023  0.4228  0.0337  0.1476  0.1104  0.3344  0.0391 -0.0003  0.1305 0 
 43.2898 -0.5078 -2.7240  0.0044  0.6432  0.0282  0.3989  0.0336 -0.0003  0.1414 0 
 42.5330  0.7507  3.0990  0.1027  0.1566  0.0407  0.3117  0.1354 -0.0003  0.4151 0 
 34.1863 -0.7525 -0.0917  0.0095  0.3683  0.0235  0.2364  0.0441 -0.0003  0.0910 0 
 47.0191  0.0871  0.7084  0.1434  0.3041  0.1168  0.5204  0.1431 -0.0003  0.7964 0 
 38.4802 -0.0795 -2.4421  0.0250  0.3333  0.0430  0.3660  0.0272 -0.0003  0.1848 0 
 53.7179 -0.6232 -0.0937  0.0131  0.2727  0.0541  0.2934  0.0374 -0.0003  0.1404 0 
 41.5717  0.5915  3.1028  0.0051  0.1954  0.0367  0.1344  0.0645 -0.0003  0.0936 0 
 46.4454  0.6085  0.0173  0.0050  0.5367  0.0533  0.3046  0.1035 -0.0003  0.2608 0 
 46.1372 -0.6085  3.1359  0.0115  0.2078  0.0256  0.5230  0.0190 -0.0003  0.1167 0 
 50.4158  0.5494  0.0804  0.0373  0.3092  0.0438  0.2982  0.0213 -0.0003  0.2090 0 
 48.2795 -0.5417 -3.0284  0.0275  0.4769  0.0468  0.4308  0.0538 -0.0003  0.2714 0 
 44.3580  0.8001  1.9633  0.0489  0.5530  0.0184  0.2642  0.0790 -0.0003  0.2041 0 
 36.8566 -0.7885 -1.2269  0.0676  0.2265  0.0440  0.5556  0.1122 -0.0003  0.4626 0 
 38.5107 -0.6975 -1.8150  0.0004  0.1127  0.0127  0.2744  0.0770  0.0660  0.0701 0 
 35.3277  0.6865  1.3634  0.0415  0.4852  0.0303  0.1874  0.0366 -0.0003  0.2160 0 
 45.6733  0.5996 -2.0073  0.0079  0.3600  0.0833  0.4370  0.0092 -0.0003  0.1663 0 
 44.5014 -0.5767  1.1435  0.0184  0.2622  0.0340  0.5280  0.0233  0.0874  0.2683 0 
 46.7384 -0.7022  1.5896  0.1444  0.3784  0.1384  0.3909  0.1628 -0.0003  0.8463 1 
 22.8946  0.6699 -1.5825  0.5527  0.0880  0.0363  0.2667  0.5903 -0.0003  0.9861 1 
 53.8979 -0.1585 -1.0801  0.0531  0.3285  0.0322  0.5445  0.0440 -0.0003  0.3614 0 
 41.2085  0.1617  2.0657  0.2084  0.2477  0.0244  0.2245  0.1811  0.0856  0.8152 0 
 47.4495  0.7851  0.9478  0.1009  0.5661  0.0188  0.3029  0.0518 -0.0003  0.4024 1 
 43.5645 -0.7736 -2.2112  0.4091  0.2301  0.0172  0.5752  0.3156  0.0814  0.9961 1 
 39.7864  0.4223  1.8130  0.0151  0.4087  0.0392  0.2267  0.0394 -0.0003  0.1694 0 
 31.4549 -0.3789 -1.3026  0.0400  0.5997  0.0125  0.2421  0.0660 -0.0003  0.1599 0 
 46.2959  0.7396 -2.7440  0.0103  0.6866  0.0542  0.3484  0.1458 -0.0003  0.4309 0 
 35.1141 -0.7362  0.3704  0.0528  0.1763  0.0240  0.2816  0.0505 -0.0003  0.1016 0 
 44.7517 -0.6251  0.7459  0.0107  0.0381  0.3269  0.3954  0.0129 -0.0003  0.0558 0 
 42.4201  0.6046 -2.3774  0.0250  0.2170  0.0201  0.1783  0.0107 -0.0003  0.0809 0 
 42.1515 -0.7491 -3.1285  0.4208  0.7372  0.0207  0.3571 -0.0200 -0.0003  0.9654 1 
 40.6958  0.7295  0.0553  0.0476  0.2203  0.0439  0.4055  0.0756 -0.0003  0.2435 1 
 46.5187 -0.4975 -2.4351  0.0097  0.0836  0.0224  0.2609  0.0269 -0.0003  0.0408 0 
 44.9378  0.4879  0.6984  0.1132  0.5547  0.0153  0.2633  0.1371 -0.0003  0.4846 0 
 49.9428 -0.4248 -2.1345  0.0871  0.5483  0.0635  0.2562  0.0298 -0.0003  0.6059 0 
 46.6163  0.4547  0.9977  0.0079  0.1051  0.1544  0.4347  0.0340 -0.0003  0.0792 0 
 48.1788  0.0268  2.3765  0.0635  0.1777  0.0696  0.5172  0.1110 -0.0003  0.4054 0 
 43.7232 -0.0095 -0.7470  0.1028  0.3812  0.1449  0.6189  0.0037 -0.0003  0.4720 0 
 42.3224  0.7039 -2.0310  0.0605  0.2960  0.0815  0.4459  0.0554  0.6132  0.9738 1 
 37.8088 -0.7087  1.1521  0.1898  0.3998  0.0540  0.2298  0.2529 -0.0003  0.9197 1 
 42.6184  0.2076 -1.0722  0.1344  0.4846  0.0372  0.2670  0.0837 -0.0003  0.6586 1 
 39.7589 -0.2593  2.1407  0.3569  0.4582  0.0307  0.3174  0.3726 -0.0003  0.9905 1 
 49.1279  0.3966 -0.6670  0.0094  0.1287  0.0566  0.2573  0.0389 -0.0003  0.0761 0 
 46.3600 -0.4064  2.4650  0.0028  0.2108  0.0340  0.3047  0.0330 -0.0003  0.0618 0 
 46.7536 -0.3746 -2.1602  0.0971  0.3464  0.0231  0.2606  0.0544 -0.0003  0.2984 0 
 23.3951  0.3425  0.9846  0.0142  0.1284  0.0357  0.3178  0.1795 -0.0003  0.1384 0 
 46.3111 -0.2481 -2.6507  0.9208  0.4436  0.0630  0.2612  0.4023 -0.0003  0.9974 1 
 39.1302  0.2435  0.4999  0.5328  0.4482  0.0796  0.4554  0.6257 -0.0003  0.9982 1 
 46.3020  0.4431  2.5312  0.0895  0.6683  0.0662  0.3919  0.1242 -0.0003  0.7522 1 
 44.6754 -0.4670 -0.6644  0.0153  0.7540  0.0706  0.4835  0.2463 -0.0003  0.6483 1 
 50.8949 -0.6740  2.5728  0.0038  0.0884  0.1224  0.4675  0.0734 -0.0003  0.0750 0 
 46.1250  0.6526 -0.5722  0.0296  0.1838  0.1030  0.4795  0.0289 -0.0003  0.1782 0 
 48.0903 -0.7317 -2.1788  0.0639  0.6751  0.0302  0.2587  0.0850  0.1637  0.6459 0 
 47.1656  0.7174  1.0309  0.1050  0.2470  0.0413  0.3900  0.0451 -0.0003  0.4110 0 
 45.0202 -0.6421 -0.2783  0.1298  0.2084  0.0323  0.3071  0.0352  0.0659  0.5556 0 
 43.9582  0.6380  2.8700  0.0300  0.2131  0.0266  0.3090  0.0274 -0.0003  0.0872 0 
 51.3130  0.3172 -0.5540  0.0637  0.2663  0.1147  0.3393  0.0904 -0.0003  0.4153 0 
 39.8596 -0.3014  2.6129  0.0083  0.5466  0.0954  0.3625  0.0120 -0.0003  0.1923 0 
 53.3822  0.3097 -0.2117  0.0591  0.2502  0.0926  0.4199  0.0670 -0.0003  0.3505 0 
 50.8064 -0.3013  2.9020  0.0609  0.1768  0.1157  0.2976  0.0195 -0.0003  0.2204 0 
 39.7162 -0.2200 -2.8819  0.1795  0.4249  0.0781  0.6350  0.2608 -0.0003  0.9636 1 
 34.4518  0.2171  0.2858  0.1227  0.6352  0.0378  0.5190  0.2717 -0.0003  0.9230 1 
 45.9083 -0.7700  0.8775  0.0344  0.5106  0.0177  0.4364  0.0550 -0.0003  0.2170 0 
 35.8221  0.7751 -2.2277  0.0611  0.1694  0.0349  0.3267  0.1124  0.0092  0.2534 0 
 53.1258  0.2148  2.2437  0.0145  0.5192  0.0687  0.2522  0.1183 -0.0003  0.4120 0 
 40.3479 -0.2409 -0.9215  0.0014  0.1968  0.0715  0.4065  0.0633 -0.0003  0.1077 0 
 46.6560 -0.5582  1.3587  0.0351  0.7056  0.0196  0.4780  0.0724 -0.0003  0.3088 1 
 44.8188  0.5669 -1.8114  0.0883  0.2355  0.0206  0.5270  0.2206 -0.0003  0.6067 1 
 49.4484  0.2150 -2.4457  0.2280  0.5000  0.1240  0.3853  0.3185 -0.0003  0.9912 1 
 49.1432 -0.2168  0.6675  0.0924  0.5950  0.0752  0.3430  0.2541 -0.0003  0.8994 1 
 56.9284 -0.8014 -1.2182  0.0405  0.1431  0.0461  0.3718  0.0313  0.2150  0.3810 1 
 41.3153  0.7960  1.9767  0.1425  0.6123  0.0242  0.6283  0.2141 -0.0003  0.9119 1 
 45.2430 -0.4813  2.4942  0.1580  0.4791  0.0284  0.3067  0.1968 -0.0003  0.7966 0 
 42.9084  0.4872 -0.6622  0.0019  0.2242  0.2194  0.6220  0.0485 -0.0003  0.2220 0 
 40.9369  0.6553  1.0460  0.0058  0.4557  0.0352  0.3599  0.0384 -0.0003  0.1340 0 
 34.9859 -0.6594 -2.1534  0.0447  0.5012  0.1046  0.3289  0.1979 -0.0003  0.6305 0 
 47.1015  0.6524 -0.6649  0.2190  0.6948  0.0437  0.3902  0.2621 -0.0003  0.9632 0 
 46.4454 -0.6626  2.4614  0.0423  0.1968  0.0751  0.4351  0.1247 -0.0003  0.3151 0 
 47.6417 -0.7906  0.1872  0.0308  0.2167  0.0170  0.2593  0.0461 -0.0003  0.0664 0 
 43.2685  0.7909 -2.9254  0.0094  0.5390  0.0150  0.1773  0.1462 -0.0003  0.1502 0 
 40.0519  0.2015 -1.1689  0.0131  0.4195  0.0352  0.4073  0.0750 -0.0003  0.1738 0 
 36.6796 -0.1756  1.9840  0.0381  0.2937  0.0759  0.2781  0.0167 -0.0003  0.2563 0 
 39.1119  0.5963  2.9018  0.4624  0.2210  0.0282  0.3644  0.4174 -0.0003  0.9934 1 
 34.1283 -0.5630 -0.2211  0.0094  0.0650  0.0633  0.3312  0.1109 -0.0003  0.0890 1 
 56.6232 -0.5861  0.0490  0.0116  0.1001  0.0712  0.1241  0.0255 -0.0003  0.1072 0 
 40.1282  0.5976 -3.0660  0.0294  0.3297  0.0273  0.3619  0.0602 -0.0003  0.1492 0 
 44.0711 -0.5899 -1.9329  0.3180  0.6068  0.0489  0.3529  0.3586 -0.0003  0.9911 1 
 33.7804  0.5784  1.1706  0.5713  0.2394  0.0301  0.2847  0.1970 -0.0003  0.9772 1 
 46.1524 -0.3162 -3.0342  0.0378  0.3725  0.0451  0.3051  0.0657 -0.0003  0.2668 0 
 36.7285  0.3397  0.0640  0.0190  0.3346  0.0736  0.3244  0.0012 -0.0003  0.2044 0 
 51.0262 -0.5736 -1.7554  0.0168  0.2539  0.1099  0.2973  0.0252  0.1669  0.2841 0 
 37.8302  0.5894  1.3833  0.0526  0.4401  0.0353  0.1379  0.0284 -0.0003  0.2870 0 
 45.7710  0.7860 -2.2890  0.0046  0.3721  0.0498  0.5678  0.1247 -0.0003  0.2397 1 
 40.7996 -0.7814  0.8653  0.2337  0.3998  0.0260  0.4053  0.4633  0.3069  0.9985 1 
 49.7230 -0.6961 -3.0811  0.0055  0.6580  0.1613  1.1115  0.1334 -0.0003  0.5320 0 
 44.2542  0.6975  0.0633  0.0203  0.5368  0.0777  0.5288  0.0363 -0.0003  0.2390 0 
 47.0436 -0.6531  0.8647  0.0807  0.2185  0.0111  0.2602  0.0727 -0.0003  0.1376 0 
 40.3143  0.6560 -2.3018  0.0771  0.1856  0.0443  0.3614  0.1500 -0.0003  0.4132 0 
 49.8390 -0.4197 -2.3265  0.1139  0.4672  0.1103  0.3418  0.0891 -0.0003  0.6340 0 
 47.8431  0.4374  0.8449  0.0246  0.5592  0.2397  0.5181  0.0173  0.3880  0.5142 0 
 49.5796 -0.3095 -0.4118  0.0000  0.0602  0.0221  0.0856  0.0146 -0.0003  0.0619 0 
 46.1555  0.3063  2.7576  0.0021  0.2261  0.0188  0.1743  0.0386 -0.0003  0.0555 0 
 61.1154 -0.6982 -2.5992  0.0730  0.6668  0.1118  0.4466  0.1068 -0.0003  0.5434 0 
 46.6011  0.6853  0.5603  0.1311  0.3233  0.0332  0.3913  0.1904 -0.0003  0.7594 0 
 47.4983 -0.7923 -1.0385  0.0146  0.2020  0.0306  0.3460  0.0275 -0.0003  0.0748 0 
 34.3664  0.7956  2.1711  0.0171  0.3278  0.0296  0.2361  0.1635 -0.0003  0.2274 0 
 50.5135  0.3116  0.8208  0.0338  0.0790  0.0791  0.2555  0.0224 -0.0003  0.0865 0 
 45.2918 -0.3055 -2.3240  0.0295  0.4734  0.0137  0.2628  0.0220 -0.0003  0.1162 0 
 46.9184  0.1119 -2.1271  0.2411  0.6208  0.0238  0.2170  0.2263 -0.0003  0.8975 0 
 32.3705 -0.0653  1.0423  0.2352  0.2239  0.0161  0.1921  0.0655 -0.0003  0.4228 0 
 44.2237  0.5923  2.4934  0.0116  0.2354  0.0079  0.0441 -0.0200 -0.0003  0.1719 0 
 41.9776 -0.6141 -0.6408  0.0053  0.2324  0.0634  0.3575  0.2189 -0.0003  0.2974 0 
 60.9903  0.2633  0.2506  0.0234  0.6037  0.1615  0.4875  0.1578 -0.0003  0.4179 0 
 45.6947 -0.2625 -2.8695  0.0699  0.5601  0.0323  0.4807  0.1638 -0.0003  0.6839 0 
 44.2054  0.2928  0.6427  0.2491  0.2300  0.0871  0.2204  0.4144 -0.0003  0.9836 1 
 43.9490 -0.2865 -2.5120  0.4125  0.1340  0.2168  0.5297  0.0135  0.8703  0.9996 1 
 47.6722  0.6851 -2.5038  0.0051  0.5320  0.0599  0.2593  0.0267 -0.0003  0.2373 0 
 39.7498 -0.6778  0.7242  0.0030  0.3699  0.0668  0.5442  0.1148 -0.0003  0.2185 0 
 41.6358 -0.8055 -0.5110  0.2121  0.3432  0.0423  0.3135  0.4217  0.3868  0.9988 1 
 26.3981  0.7807  2.6330  0.3007  0.7748  0.0496  0.1531  0.2198  0.4096  0.9914 1 
 45.3590 -0.4267  1.9455  0.5853  0.6652  0.0677  0.4378  0.6643  0.2504  0.9993 1 
 37.3602  0.3999 -1.2085  0.0844  0.6213  0.0363  0.5535  0.0510  0.0521  0.6578 1 
 56.9039 -0.6070 -2.7717  0.0323  0.0973  0.0666  0.4132  0.0278  0.2850  0.3166 0 
 43.6652  0.5919  0.3520  0.1028  0.4076  0.0875  0.3980  0.0931 -0.0003  0.5932 0 
 43.2868 -0.6573  1.6177  0.0631  0.2977  0.1082  0.5319  0.0211 -0.0003  0.3559 0 
 41.2879  0.6485 -1.5150  0.0366  0.4384  0.0083  0.3142  0.1870 -0.0003  0.2086 0 
 44.3885 -0.1644  2.3484  0.0347  0.1723  0.0456  0.3962  0.0113 -0.0003  0.1408 0 
 40.3296  0.2054 -0.8118  0.0046  0.3732  0.0948  0.2710  0.0851 -0.0003  0.2364 0 
 42.8260  0.7309  2.9544  0.0593  0.1713  0.0382  0.1333  0.0058 -0.0003  0.1840 0 
 27.6493 -0.7470 -0.1122  0.0445  0.2308  0.0203  0.2515  0.0961 -0.0003  0.1307 0 
 50.8492 -0.5506  0.7371  0.0263  0.1844  0.1278  0.2976  0.0743 -0.0003  0.1742 0 
 35.6878  0.5406 -2.4482  0.0086  0.2959  0.0282  0.2336  0.0018 -0.0003  0.1039 0 
 44.0589  0.2954 -1.6858  0.0884  0.2431  0.0459  0.6618  0.1142 -0.0003  0.6295 0 
 42.9694 -0.2830  1.4380  0.0708  0.2283  0.0079  0.0888  0.0152 -0.0003  0.1376 0 
 45.7771  0.7840  1.5853  0.0003  0.2611  0.0336  0.3057  0.0301  0.2051  0.3742 0 
 40.7019 -0.7742 -1.5811  0.0070  0.2590  0.0291  0.3605  0.0623 -0.0003  0.0776 0 
 55.3811  0.0045 -1.5276  0.0230  0.2046  0.0806  0.4160  0.0646 -0.0003  0.1742 0 
 45.3223 -0.0359  1.5939  0.0132  0.7518  0.0194  0.2627  0.0156 -0.0003  0.1441 0 
 51.6426  0.0389 -1.9585  0.0019  0.4414  0.0544  0.3810  0.0374 -0.0003  0.1578 0 
 46.4027 -0.0548  1.1980  0.0576  0.6404  0.0437  0.4352  0.0419 -0.0003  0.4495 0 
 52.1614 -0.0734 -0.1387  0.0228  0.5440  0.1654  0.4223  0.0218 -0.0003  0.2571 0 
 43.9155  0.0719  3.0034  0.0211  0.2017  0.0737  0.3532  0.0187 -0.0003  0.1417 0 
 45.4353  0.7296 -2.3845  0.0035  0.1637  0.0074  0.3063  0.1959 -0.0003  0.0883 0 
 30.5150 -0.7346  0.7354  0.0266  0.1343  0.0249  0.2932  0.1374 -0.0003  0.1019 0 
 45.1667 -0.0481  2.7613  0.0936  0.2476  0.2157  0.3506  0.2418 -0.0003  0.8666 0 
 44.3061  0.0557 -0.4184  0.0848  0.3515  0.1087  0.4846  0.1402 -0.0003  0.6245 0 
 44.1047  0.2759  2.8982  0.0070  0.4345  0.0980  0.5292  0.0202  0.1990  0.3705 1 
 36.5515 -0.2256 -0.2539  0.2451  0.2648  0.0548  0.4640  0.1585 -0.0003  0.8823 1 
 47.9652 -0.2101 -2.7996  0.1905  0.2293  0.0485  0.4315  0.0950  0.1275  0.8604 0 
 40.3845  0.2046  0.3468  0.0101  0.5061  0.0202  0.2258  0.0065 -0.0003  0.1317 0 
 53.2815  0.2741 -0.4812  0.3455  0.1554  0.0925  0.7141  0.5303 -0.0003  0.9978 1 
 22.5864 -0.2651  2.6098  0.2997  0.2539  0.0168  0.2143  0.1655  0.2421  0.9777 1 
 37.1588 -0.1225  0.8331  0.5796  0.3918  0.0269  0.2309  0.4916  0.0343  0.9975 1 
 34.5373  0.1187 -2.3301  0.0282  0.5067  0.0319  0.3301  0.0076 -0.0003  0.2277 1 
 51.4595 -0.2632 -1.9797  0.0341  0.1916  0.0618  0.5085  0.0556 -0.0003  0.2241 0 
 38.3764  0.2628  1.2038  0.0226  0.1306  0.0258  0.1832  0.0229 -0.0003  0.0561 0 
 51.4137 -0.3394 -1.6451  0.0369  0.6023  0.0301  0.4238  0.1068 -0.0003  0.3787 0 
 43.3143  0.3820  1.4990  0.0678  0.3445  0.0592  0.3989  0.0788  0.1223  0.6192 0 
 53.7362 -0.1339  0.6259  0.0524  0.0854  0.0677  0.2934  0.1292 -0.0003  0.1725 0 
 44.0223  0.1131 -2.5078  0.1129  0.4133  0.0112  0.2647  0.0615 -0.0003  0.2756 0 
 56.4706  0.1939  2.7581  0.0062  0.1702  0.0294  0.3726  0.0272 -0.0003  0.0609 0 
 53.5988 -0.1927 -0.3896  0.0248  0.4348  0.0335  0.2936  0.0201 -0.0003  0.1844 0 
 54.7311 -0.5971  2.4437  0.0020  0.3012  0.1078  0.4173  0.0892 -0.0003  0.1712 0 
 35.9014  0.6023 -0.7239  0.0138  0.3470  0.0454  0.5597  0.1094 -0.0003  0.2635 0 
 44.4587  0.2463 -1.0785  0.0314  0.1643  0.0421  0.2640  0.0136 -0.0003  0.1013 0 
 43.1769 -0.2666  2.0688  0.0589  0.4804  0.1045  0.3992  0.0408 -0.0003  0.3514 0 
 48.6641  0.5176  0.4272  0.0192  0.5628  0.0510  0.4298  0.0272 -0.0003  0.2270 1 
 35.0561 -0.5244 -2.7220  0.4216  0.3085  0.0642  0.3756  0.1219  0.5793  0.9996 1 
 61.0849 -0.7455  0.3897  0.1151  0.6319  0.0417  0.2843  0.1044 -0.0003  0.7450 1 
 42.4903  0.7626 -2.8050  0.1089  0.1215  0.0285  0.3118  0.1711 -0.0003  0.3904 1 
 46.3722  0.8130  1.4611  0.0189  0.3300  0.0323  0.3482  0.0193  0.0134  0.1558 0 
 44.3458 -0.7800 -1.7044  0.0276  0.2478  0.1163  0.5285  0.0226 -0.0003  0.2216 0 
 45.7588 -0.7401  1.4833  0.2064  0.3645  0.1018  0.5241  0.2014  0.2287  0.9650 0 
 41.0407  0.7398 -1.6529  0.0123  0.3363  0.0194  0.2698  0.0632  0.0974  0.2245 0 
 48.7678 -0.3567  2.9753  0.0337  0.2125  0.0344  0.5155  0.0191 -0.0003  0.1929 0 
 41.0651  0.3404 -0.1613  0.0425  0.2203  0.0287  0.2248  0.0820 -0.0003  0.1381 0 
 49.5308  0.6212 -1.5978  0.0407  0.5981  0.0283  0.1712  0.0434  0.2423  0.7357 0 
 39.8871 -0.6296  1.5218  0.0875  0.2001  0.0433  0.4531  0.0660  0.1960  0.6528 0 
 48.7892  0.7516 -0.5912  0.0042  0.6244  0.0415  0.2148  0.0169 -0.0003  0.2370 0 
 46.6987 -0.7539  2.5604  0.0065  0.3154  0.0321  0.2173  0.0118 -0.0003  0.1124 0 
 48.0781  0.5555 -1.7850  0.0443  0.1521  0.1093  0.1725  0.1180 -0.0003  0.3296 0 
 45.2216 -0.5599  1.3668  0.0479  0.1495  0.0629  0.6134  0.0115 -0.0003  0.2605 0 
 49.0883  0.7126  0.5348  0.0694  0.2932  0.0459  0.3860  0.0657  0.2209  0.6637 0 
 45.4810 -0.7050 -2.6100  0.0082  0.7978  0.0304  0.3500  0.0557 -0.0003  0.1718 0 
 43.6988  0.3787 -0.0461  0.0112  0.6060  0.0226  0.3979  0.0403 -0.0003  0.1396 0 
 42.8351 -0.3880  3.0806  0.0190  0.4234  0.0147  0.3556  0.0916 -0.0003  0.1151 0 
 51.8196 -0.0367  1.5121  0.0175  0.5605  0.0374  0.2961  0.0373 -0.0003  0.2010 0 
 47.1931  0.0461 -1.6344  0.0101  0.0819  0.0443  0.3900 -0.0200 -0.0003  0.0826 0 
 50.4006  0.2345  1.1209  0.1277  0.1200  0.3719  0.4260  0.2075  1.3372  0.9842 1 
 47.8706 -0.1830 -2.0078  0.3496  0.5500  0.0381  0.3453  0.1900 -0.0003  0.9415 1 
 46.4790  0.0274  2.4722  0.1421  0.6032  0.0421  0.3480  0.1223  0.1901  0.8418 1 
 24.5884 -0.0266 -0.6737  0.1830  0.2487  0.0072  0.4172  0.1647 -0.0003  0.6353 1 
 48.2216  0.2325 -0.4503  0.0346  0.3291  0.1304  0.3016  0.0352 -0.0003  0.2536 0 
 35.2850 -0.2425  2.6734  0.0804  0.1461  0.0308  0.2812  0.0678 -0.0003  0.1703 0 
 53.3730  0.1551 -1.4078  0.0078  0.3521  0.0243  0.2939  0.0578 -0.0003  0.0821 0 
 48.6244 -0.1530  1.7201  0.0074  0.0998  0.0415  0.2580  0.0440 -0.0003  0.0558 0 
 51.3954 -0.6986 -0.2280  0.0512  0.3922  0.0702  0.5935  0.0134 -0.0003  0.3533 0 
 50.7576  0.7098  2.9263  0.0230  0.6371  0.0418  0.2126  0.0097 -0.0003  0.3084 0 
 47.8492  0.6259 -1.3674  0.0099  0.2801  0.0792  0.3022  0.0412 -0.0003  0.1638 0 
 47.3915 -0.6123  1.7854  0.0201  0.2651  0.0295  0.3895  0.1799 -0.0003  0.2405 0 
 48.4382  0.4906 -0.8210  0.0434  0.4233  0.1089  0.6025  0.1790 -0.0003  0.5377 0 
 43.6469 -0.4847  2.3199  0.0268  0.0588  0.0130  0.3538  0.0106 -0.0003  0.0461 0 
 46.7292  0.7341  0.3267  0.0284  0.2243  0.0355  0.2607  0.0276 -0.0003  0.1068 0 
 37.6318 -0.7378 -2.8060  0.0074  0.7185  0.0864  0.5524  0.0795 -0.0003  0.2830 0 
 44.3641  0.2126 -0.5794  0.0320  0.0583  0.0973  0.3523  0.0345  0.4446  0.4138 0 
 42.7283 -0.2222  2.5611  0.0206  0.0941  0.0242  0.3113  0.1071 -0.0003  0.0657 0 
 45.2949 -0.7211  1.5552  0.4020  0.2420  0.0554  0.2628  0.3537 -0.0003  0.9912 1 
 44.7639  0.7291 -1.6001  0.4599  0.5149  0.0348  0.3514  0.7454 -0.0003  0.9983 1 
 51.5724 -0.2442 -2.5332  0.1495  0.3464  0.1382  0.3388  0.0932 -0.0003  0.6739 0 
 46.6560  0.2909  0.5747  0.0224  0.4921  0.1111  0.4346  0.1356 -0.0003  0.3493 0 
 56.0952 -0.6399  0.0660  0.0041  0.1190  0.0573  0.1659  0.0137 -0.0003  0.0880 0 
 35.9350  0.6406 -3.1063  0.0012  0.1634  0.0130  0.3730  0.0497 -0.0003  0.0388 0 
 44.4526  0.2085  2.3678  0.0044  0.1682  0.1381  0.4401  0.0143 -0.0003  0.1097 0 
 42.4872 -0.2427 -0.7099  0.0020  0.5591  0.0473  0.3563  0.1603 -0.0003  0.3306 0 
 52.2530  0.1980 -2.8169  0.0856  0.5137  0.0382  0.4644  0.1314 -0.0003  0.6844 0 
 20.1450 -0.2255  0.3515  0.0595  0.3778  0.0163  0.6673  0.0847  0.0911  0.6199 0 
 50.0252 -0.3386  1.2533  0.0073  0.7149  0.0293  0.3415  0.1173 -0.0003  0.2077 0 
 42.2004  0.3368 -1.9251  0.0041  0.1127  0.0238  0.2678  0.0141 -0.0003  0.0435 0 
 52.9671  0.5817  1.6901  0.0001  0.2134  0.1067  0.2945  0.1162 -0.0003  0.1569 0 
 47.2541 -0.5685 -1.4599  0.0240  0.4894  0.0246  0.4764  0.0217 -0.0003  0.2165 0 
 45.5726  0.4023  2.9235  0.0270  0.3097  0.1436  0.3935  0.0313 -0.0003  0.2227 0 
 37.3785 -0.4445 -0.1788  0.0152  0.2250  0.0382  0.3228  0.0721 -0.0003  0.0997 0 
 52.7016  0.6608  2.8319  0.0399  0.3666  0.0733  0.4212  0.0119 -0.0003  0.2687 0 
 46.9612 -0.6694 -0.2727  0.0187  0.2491  0.0377  0.4772  0.1270 -0.0003  0.2204 0 
 38.8617 -0.0474 -1.9704  0.1991  0.5159  0.1017  0.3650  0.3037 -0.0003  0.9840 1 
 37.4914  0.0879  1.1480  0.0005  0.7566  0.0925  0.2304  0.1395 -0.0003  0.5100 1 
 47.3365 -0.7686 -1.3320  0.0635  0.1240  0.1118  0.3897  0.0306 -0.0003  0.1872 0 
 39.3408  0.7631  1.8118  0.0484  0.2421  0.0771  0.2729  0.0264 -0.0003  0.2565 0 
 56.3668 -0.4959 -1.0786  0.0403  0.2358  0.1077  0.4970  0.0574  0.0357  0.3263 0 
 51.8593  0.4840  2.0480  0.0076  0.4664  0.0532  0.3806  0.0357 -0.0003  0.1794 0 
 40.8423 -0.2515  1.4521  0.0901  0.3789  0.0564  0.3601  0.1038  0.3943  0.9685 1 
 37.6989  0.2436 -1.7366  0.0299  0.1095  0.0502  0.4141  0.0128 -0.0003  0.1042 1 
 46.6163  0.6484  0.1611  0.0116  0.5145  0.1028  0.2173  0.0403 -0.0003  0.2706 0 
 46.2501 -0.6429 -3.0050  0.0120  0.2254  0.1467  0.4791  0.0119 -0.0003  0.1623 0 
 55.2651 -0.0087  2.3481  0.0152  0.3856  0.0573  0.4995  0.0370 -0.0003  0.2060 0 
 50.5745 -0.0014 -0.7555  0.0302  0.6453  0.0389  0.2980  0.0380 -0.0003  0.2812 0 
 50.8064 -0.6111 -1.5384  0.0382  0.3951  0.0484  0.3401  0.0192 -0.0003  0.2723 0 
 46.8849  0.6161  1.6063  0.0089  0.6901  0.0161  0.4340  0.0568 -0.0003  0.1327 0 
 48.0507 -0.7620 -1.7404  0.0000  0.5670  0.0696  0.3450  0.0650 -0.0003  0.2025 0 
 46.3050  0.7627  1.3953  0.0036  0.3457  0.0225  0.1742  0.0474 -0.0003  0.0945 0 
 52.5338 -0.7272  1.3843  0.0411  0.7602  0.0522  0.2108  0.0463 -0.0003  0.4819 1 
 49.9428  0.7281 -1.7105  0.1034  0.2380  0.0577  0.3843  0.0809 -0.0003  0.4816 1 
 43.6683  0.1306  1.6483  0.0515  0.6557  0.0692  0.3095  0.0352 -0.0003  0.4243 1 
 32.6421 -0.0969 -1.4612  0.1509  0.4068  0.0332  0.5270  0.2131 -0.0003  0.8834 1 
 56.2112 -0.4285  0.4412  0.0165  0.5372  0.0641  0.4559  0.0351 -0.0003  0.2170 0 
 48.1117  0.4576 -2.6937  0.0215  0.5821  0.1524  0.5605  0.0598 -0.0003  0.2818 0 
 44.1810 -0.4531  2.6662  0.9930  0.7491  0.0771  0.4849  0.7469 -0.0003  0.9981 1 
 40.4578  0.4708 -0.4905  0.1773  0.7506  0.1304  0.3610  0.1993  0.5046  0.9957 1 
 44.0589 -0.1303 -0.8642  0.0400  0.3520  0.0218  0.5294  0.0668  0.1527  0.5279 0 
 40.1953  0.1386  2.2279  0.0621  0.3234  0.1319  0.3617  0.0185 -0.0003  0.3174 0 
 47.2572 -0.6675 -2.2483  0.0057  0.1272  0.0140  0.4331  0.0655 -0.0003  0.0519 0 
 38.6816  0.6768  0.8732  0.0188  0.2998  0.0115  0.3655  0.0461  0.0313  0.1047 0 
 52.5338  0.2266  2.0510  0.0174  0.3477  0.2041  0.4637  0.0106 -0.0003  0.2259 0 
 39.3866 -0.2553 -1.1382  0.0074  0.3418  0.0175  0.3182  0.0217 -0.0003  0.0698 0 
 50.8614  0.0016  0.0331  0.1549  0.2154  0.0468  0.2975  0.0616 -0.0003  0.5083 0 
 48.9357 -0.0102 -3.1162  0.0252  0.2826  0.0129  0.2146  0.0903 -0.0003  0.0952 0 
 53.9681 -0.4890 -0.5502  0.0184  0.3917  0.0142  0.2093  0.0799 -0.0003  0.1053 0 
 49.6773  0.4773  2.5957  0.0298  0.0915  0.0596  0.3848  0.0126 -0.0003  0.0931 0 
 57.8042 -0.2287  2.2824  0.0162  0.1701  0.0891  0.3293  0.0341 -0.0003  0.1137 0 
 48.3833  0.2208 -0.8548  0.0223  0.0664  0.0085  0.1722  0.0032 -0.0003  0.0408 0 
 55.0576  0.6423 -3.0330  0.0249  0.3929  0.3026  0.4583  0.0075 -0.0003  0.2414 0 
 42.6215 -0.6256  0.1310  0.0589  0.3786  0.0101  0.2225  0.0724 -0.0003  0.1413 0 
 48.8533 -0.7051 -0.0309  0.5143  0.6292  0.1425  0.6871  0.5378 -0.0003  0.9978 1 
 35.1690  0.6397 -3.1170  0.1891  0.6064  0.0385  0.3284  0.2540 -0.0003  0.9361 1 
 51.0201  0.3148 -2.6431  0.0111  0.3239  0.0872  0.5946  0.1545 -0.0003  0.3054 0 
 48.5847 -0.3095  0.4299  0.0183  0.0726  0.0448  0.4300  0.0433 -0.0003  0.0817 0 
 49.4484 -0.2432  1.2819  0.0773  0.1830  0.0223  0.3425  0.1269  0.0958  0.5046 0 
 42.1118  0.2205 -1.8852  0.1333  0.1400  0.0270  0.3572  0.1133 -0.0003  0.4161 0 
 50.6935 -0.4801  0.9987  0.0061  0.1915  0.0556  0.4679  0.0256 -0.0003  0.1150 1 
 43.4455  0.4910 -2.1547  0.0583  0.8902  0.0340  0.2657  0.1038 -0.0003  0.4787 1 
 50.5440  0.5911  2.4906  0.1654  0.4467  0.0607  0.2980  0.2178 -0.0003  0.9169 0 
 45.8564 -0.6050 -0.6657  0.0244  0.2765  0.0346  0.3492  0.0152 -0.0003  0.1358 0 
 47.8706  0.6439 -2.1806  0.0435  0.3510  0.1010  0.3022  0.0484 -0.0003  0.3161 0 
 43.1525 -0.6403  0.9448  0.0808  0.4865  0.0157  0.5323  0.0580  0.0720  0.6276 0 
 48.9754  0.4133 -0.6224  0.0075  0.2350  0.0537  0.5150  0.0135 -0.0003  0.1443 0 
 45.1606 -0.4003  2.4912  0.0323  0.4651  0.0360  0.4383  0.1004 -0.0003  0.3332 0 
 51.8379 -0.1330 -2.6816  0.0990  0.0559  0.0623  0.2961  0.0496 -0.0003  0.1170 0 
 46.5888  0.1280  0.4309  0.0769  0.2775  0.0193  0.3913  0.1015 -0.0003  0.3219 0 
 44.0986  0.5404  1.3871  0.0240  0.2921  0.1308  0.4411  0.0139 -0.0003  0.2018 0 
 41.9684 -0.5747 -1.7672  0.0021  0.5220  0.0360  0.4022  0.0646 -0.0003  0.1458 0 
 51.5785  0.0854 -0.9850  0.1327  0.0639  0.0163  0.2118  0.0755  0.1395  0.5493 0 
 47.7668 -0.0930  2.1943  0.0667  0.4218  0.0643  0.5183  0.1777  0.2111  0.8457 0 
 53.5836 -0.7857 -0.4291  0.0282  0.1258  0.0092  0.1678  0.0145 -0.0003  0.0431 0 
 38.1811  0.7710  2.6990  0.0439  0.4786  0.0394  0.5044  0.0185 -0.0003  0.3351 0 
 48.4993  0.6234  1.8256  0.1255  0.2657  0.2119  0.4303  0.1586  0.1570  0.9046 0 
 45.0080 -0.6256 -1.3267  0.0026  0.7346  0.0191  0.4825  0.0613  0.0679  0.2359 0 
 55.7626  0.1837 -3.1066  0.0056  0.1990  0.0137  0.2076  0.0516 -0.0003  0.0434 0 
 53.5653 -0.1565  0.0445  0.0498  0.1444  0.0503  0.4614  0.0230 -0.0003  0.1851 0 
 52.4453  0.1625  0.7519  0.0900  0.6003  0.0971  0.4217  0.0753 -0.0003  0.5353 0 
 38.7640 -0.1746 -2.4124  0.0356  0.0935  0.0239  0.1827  0.0291 -0.0003  0.0523 0 
 45.5665  0.4853 -1.8432  0.0019  0.3396  0.0422  0.3061  0.0452 -0.0003  0.1084 0 
 44.9897 -0.4882  1.2993  0.0414  0.1847  0.0685  0.3510  0.0828 -0.0003  0.2197 0 
 43.7903  0.3061  0.5034  0.1313  0.3126  0.1677  0.4861  0.2164 -0.0003  0.9016 1 
 42.2309 -0.3933 -2.5713  0.0765  0.4287  0.1026  0.4461  0.2155 -0.0003  0.7512 1 
 59.6719  0.1217  1.2752  0.0108  0.0868  0.1749  0.3268  0.0255 -0.0003  0.0601 0 
 46.4515 -0.1311 -1.9449  0.0191  0.4094  0.2140  0.6091  0.0119  0.3625  0.4698 0 
 47.2633 -0.3685  3.0906  0.0094  0.2487  0.0909  0.4764  0.0845 -0.0003  0.1792 0 
 45.2705  0.3644 -0.0459  0.0739  0.3348  0.0284  0.3942  0.2560 -0.0003  0.6299 0 
 46.5980 -0.2982 -1.0048  0.0402  0.5439  0.0447  0.3478  0.0883 -0.0003  0.3975 0 
 44.1199  0.2988  2.1272  0.0367  0.0908  0.0245  0.3087  0.0644 -0.0003  0.0620 0 
 45.8717 -0.5435 -3.1236  0.0270  0.0616  0.0069  0.1310  0.0379 -0.0003  0.0389 0 
 42.9541  0.5260 -0.0374  0.0140  0.0649  0.3235  0.3109  0.1080 -0.0003  0.0841 0 
 49.5491 -0.0737 -1.4337  0.1439  0.5990  0.0717  0.3423  0.1736 -0.0003  0.9155 1 
 30.1274  0.0963  1.8053  0.2786  0.5514  0.0273  0.2943  0.1656  0.3300  0.9928 1 
 40.7904 -0.2252 -1.1491  0.0569  0.3127  0.0336  0.3603  0.0770  0.2755  0.7778 1 
 39.1485  0.2077  2.0202  0.2733  0.7086  0.0365  0.5920  0.1241  0.2187  0.9759 1 
 54.2458  0.5183  2.8935  0.0142  0.0796  0.1078  0.4600  0.1025 -0.0003  0.0966 0 
 42.9389 -0.5096 -0.2955  0.0001  0.2152  0.0100  0.1333  0.0869 -0.0003  0.0671 0 
 51.0414 -0.4646 -0.1857  0.0159  0.3158  0.0256  0.2973  0.0108 -0.0003  0.1013 0 
 49.7383  0.4311  2.9391  0.0891  0.3180  0.0761  0.8977  0.0214  0.0779  0.7027 0 
 47.4464  0.3619 -2.7133  0.2758  0.5065  0.1225  0.3894  0.3195 -0.0003  0.9945 1 
 30.5516 -0.3772  0.4188  0.0919  0.5235  0.0244  0.2930  0.2252  0.2207  0.8755 1 
 53.6171 -0.1698 -0.0869  0.0207  0.1190  0.0460  0.2097  0.0504 -0.0003  0.0748 0 
 43.3173  0.1468  3.0425  0.0049  0.6018  0.0722  0.8863  0.0298 -0.0003  0.2658 0 
 47.9652 -0.4698 -1.7485  0.3676  0.4025  0.0764  0.6041  0.5517 -0.0003  0.9982 1 
 46.7079  0.4890  1.3972  0.0932  0.3411  0.0540  0.2607  0.0200 -0.0003  0.4622 1 
 46.3569 -0.0081 -2.1261  0.0116  0.3584  0.0237  0.2177  0.0983 -0.0003  0.1196 0 
 43.3997 -0.0109  1.0136  0.0128  0.1252  0.0432  0.5315  0.0302 -0.0003  0.1127 0 
 38.7701  0.3408 -0.5989  0.0400  0.2846  0.0722  0.5022  0.1114 -0.0003  0.3708 0 
 36.5881 -0.3585  2.5057  0.0399  0.2205  0.0876  0.5567  0.0362 -0.0003  0.2755 0 
 48.3833 -0.7097 -0.4399  0.2540  0.3875  0.0343  0.3014  0.2184  0.2357  0.9847 1 
 37.1923  0.6915  2.7047  0.2553  0.2116  0.0315  0.2309  0.2090  0.3562  0.9975 1 
 44.9256  0.6046  2.5676  0.1130  0.1354  0.0295  0.3950  0.1809 -0.0003  0.4886 0 
 41.1658 -0.6162 -0.5512  0.0532  0.3381  0.0329  0.2246  0.1054 -0.0003  0.2766 0 
 46.4088 -0.7614 -0.0375  0.0020  0.6120  0.0320  0.5657  0.0837 -0.0003  0.2086 0 
 45.4078  0.7615  3.1119  0.0393  0.7191  0.0217  0.2626  0.0549 -0.0003  0.2141 0 
 44.1260 -0.3892  2.7283  0.0825  0.4160  0.0764  0.4851  0.1584 -0.0003  0.6747 1 
 31.0185  0.3834 -0.4038  0.2924  0.4550  0.0647  0.3890  0.0895  0.5024  0.9987 1 
 41.3642 -0.4212 -0.0575  0.0006  0.1020  0.0055  0.1346  0.1422 -0.0003  0.0605 0 
 41.0834  0.4064  3.0829  0.0217  0.1649  0.0722  0.2247  0.0695 -0.0003  0.1436 0 
 43.1647 -0.1031  2.6127  0.1468  0.0861  0.0396  0.3549  0.0938 -0.0003  0.3435 0 
 24.5121  0.0910 -0.5662  0.2049  0.3419  0.0256  0.2610  0.2607  0.0391  0.8607 0 
 49.1615 -0.6696 -2.2882  0.0189  0.3972  0.0358  0.4716  0.0522 -0.0003  0.2066 0 
 42.0874  0.6644  0.8582  0.0370  0.0391  0.0473  0.3126  0.1800 -0.0003  0.1392 0 
 49.2378 -0.0624  1.7412  0.1142  0.5557  0.1967  0.5143  0.0717 -0.0003  0.5300 0 
 45.4871  0.0370 -1.3746  0.0237  0.1922  0.2568  0.4374  0.0097 -0.0003  0.1946 0 
 46.7475  0.3478  1.9091  0.0104  0.4464  0.1154  0.8253  0.0141 -0.0003  0.2806 0 
 39.6246 -0.3465 -1.1981  0.0351  0.2130  0.0645  0.3177  0.0191 -0.0003  0.1777 0 
 46.0822 -0.7899 -2.4602  0.0220  0.4129  0.0422  0.2180  0.0034 -0.0003  0.2469 0 
 35.2270  0.8022  0.6953  0.0206  0.2210  0.0642  0.2813  0.0115 -0.0003  0.1526 0 
 46.6987 -0.0091  1.5559  0.6266  0.5692  0.0866  0.4345  0.3319  0.5485  0.9995 1 
 45.5329 -0.0162 -1.5833  0.3429  0.4233  0.0503  0.3499  0.1163 -0.0003  0.8644 1 
 44.7181 -0.7248  1.4743  0.0357  0.3612  0.0470  0.1758  0.1026 -0.0003  0.3213 0 
 37.0397  0.7186 -1.6835  0.0163  0.4191  0.0588  0.4161  0.0840 -0.0003  0.2424 0 
 41.7670  0.1547  2.8911  0.0447  0.3210  0.0660  0.3132  0.1789  0.2823  0.7862 1 
 18.4756 -0.0369 -0.2386  0.1490  0.0978  0.0238  0.3436  0.0861 -0.0003  0.3124 1 
 43.5859  0.6825 -1.1404  0.0334  0.0954  0.2669  0.4424  0.0062 -0.0003  0.1310 0 
 41.4832 -0.6716  2.0011  0.0394  0.4423  0.0470  0.3586  0.0777 -0.0003  0.3426 0 
 41.7212  0.7828 -2.5259  0.0016  0.4949  0.0179  0.3133  0.0930 -0.0003  0.0969 0 
 40.5615 -0.7886  0.6320  0.0097  0.1783  0.0418  0.2706  0.0134 -0.0003  0.0788 0 
 48.9754  0.2885  2.9567  0.0107  0.8119  0.0748  0.3433  0.0317 -0.0003  0.2694 0 
 43.4943 -0.2921 -0.2099  0.0638  0.4820  0.1194  0.3984  0.1353 -0.0003  0.5272 0 
 46.0334  0.7503  2.8079  0.0284  0.3256  0.0161  0.3925  0.0892 -0.0003  0.1346 0 
 44.3854 -0.7588 -0.3320  0.0432  0.3649  0.0233  0.1761  0.0305 -0.0003  0.1586 0 
 46.1402 -0.7092  1.9686  0.2156  0.2254  0.0381  0.4794  0.3126 -0.0003  0.9500 1 
 40.7935  0.6877 -1.1911  0.3584  0.2512  0.0664  0.3603  0.1779  0.3133  0.9945 1 
 50.8736  0.5435 -2.5845  0.3853  0.3182  0.1404  0.4250  0.5908 -0.0003  0.9987 1 
 24.6616 -0.5875  0.5504  0.0725  0.4025  0.0399  0.2605  0.0362  0.1923  0.6802 1 
 49.0669  0.6114 -1.9230  0.0314  0.2340  0.0464  0.4290  0.0276 -0.0003  0.1811 0 
 44.8066 -0.6364  1.2218  0.0079  0.1047  0.0685  0.3953  0.0040 -0.0003  0.0802 0 
 64.6494  0.2574 -3.0596  0.0225  0.2915  0.1573  0.4006  0.0151 -0.0003  0.2026 0 
 45.7404 -0.2208  0.1417  0.0013  0.4384  0.0307  0.3058  0.0305 -0.0003  0.1059 0 
 53.6171 -0.2246  2.6844  0.7321  0.1352  0.0466  0.3775  0.3508 -0.0003  0.9699 1 
 40.2472  0.2406 -0.5267  0.2511  0.4497  0.0653  0.2260  0.2790  0.3597  0.9967 1 
 44.9348  0.6244 -1.6796  0.0679  0.2548  0.1659  0.4828  0.0594  0.3465  0.6533 0 
 43.7903 -0.6241  1.4546  0.0098  0.1844  0.0526  0.5302  0.0184 -0.0003  0.1339 0 
 47.5257 -0.2803  1.4995  0.0114  0.6288  0.0303  0.4325  0.0628 -0.0003  0.1875 0 
 46.3539  0.2547 -1.6234  0.0026  0.1946  0.1103  0.2177  0.1800 -0.0003  0.2936 0 
 48.2063  0.5897  0.7303  0.1601  0.5865  0.0398  0.2155  0.1840 -0.0003  0.8452 1 
 40.7233 -0.5861 -2.4107  0.0396  0.6195  0.0284  0.2253  0.0191 -0.0003  0.2387 1 
 45.3010 -0.7259  0.0207  0.0837  0.5921  0.0513  0.5255  0.0457 -0.0003  0.5362 0 
 37.4243  0.7061 -3.1391  0.1457  0.4871  0.0374  0.3688  0.1404  0.2468  0.9495 0 
 54.1756  0.7059 -0.7901  0.0006  0.1867  0.0194  0.2928  0.0378 -0.0003  0.0399 0 
 46.6285 -0.7247  2.4108  0.0061  0.5522  0.0213  0.3477  0.0875  0.1767  0.4338 0 
 50.0648 -0.3496  1.8797  0.2114  0.4090  0.0763  0.4694  0.1138 -0.0003  0.8348 1 
 35.2697  0.3461 -1.2638  0.2561  0.5691  0.0096  0.3281  0.2405  0.1193  0.9105 1 
 47.5502 -0.3582 -0.9279  0.0376  0.4976  0.1510  0.5189  0.0850 -0.0003  0.3278 0 
 46.1311  0.3697  2.2098  0.0229  0.7008  0.0613  0.4795  0.0307 -0.0003  0.2668 0 
 44.1718  0.7453 -0.4672  0.0511  0.3830  0.0326  0.2645  0.1298 -0.0003  0.3357 0 
 41.3428 -0.7628  2.6786  0.0068  0.5144  0.0273  0.3589  0.1086 -0.0003  0.1559 0 
 46.7475  0.2646  1.4216  0.0576  0.1038  0.0648  0.5212  0.0298 -0.0003  0.2061 0 
 45.5726 -0.2989 -1.7243  0.0324  0.7042  0.0277  0.2623  0.0229 -0.0003  0.2237 0 
 56.9314 -0.5634  2.9415  0.1466  0.5869  0.0821  0.2066  0.0644 -0.0003  0.8316 1 
 48.8319  0.5597 -0.1461  0.2559  0.3220  0.1523  0.6872  0.3117 -0.0003  0.9918 1 
 42.6459 -0.7318  1.8798  0.0269  0.6471  0.0674  0.5785  0.0444 -0.0003  0.2906 0 
 36.9574  0.7218 -1.2223  0.0316  0.1025  0.0303  0.3701  0.0115 -0.0003  0.0757 0 
 45.3040  0.2225  1.1407  0.0353  0.3320  0.1842  0.6569  0.0076 -0.0003  0.3150 0 
 40.5829 -0.2724 -2.0025  0.0855  0.2211  0.3476  0.3157  0.0595 -0.0003  0.4913 0 
 49.8085  0.1616  0.8995  0.3854  0.5419  0.0637  0.4700  0.2934 -0.0003  0.9880 1 
 39.1150 -0.1357 -2.2287  0.2858  0.4525  0.0826  0.4555  0.1490 -0.0003  0.9342 1 
 47.3243  0.6298 -2.8657  0.1615  0.1722  0.0817  0.1732  0.0624 -0.0003  0.5846 1 
 39.1272 -0.6304  0.2401  0.1636  0.5823  0.0211  0.2277  0.1558 -0.0003  0.6807 1 
 49.7566 -0.1001 -0.2510  0.0245  0.5265  0.1724  0.5129  0.0228 -0.0003  0.2629 0 
 35.0561  0.1490  2.8968  0.0030  0.0996  0.0343  0.1878  0.0119 -0.0003  0.0573 0 
 52.5490 -0.5544  0.9086  0.0102  0.1980  0.0646  0.2529  0.0275 -0.0003  0.1162 0 
 43.9551  0.5623 -2.2415  0.0030  0.3773  0.0274  0.3090  0.0352 -0.0003  0.0860 0 
 60.0443 -0.6258 -0.6688  0.0446  0.1852  0.0848  0.3670  0.0208 -0.0003  0.1898 0 
 38.5565  0.6290  2.4730  0.0102  0.1996  0.0411  0.1829  0.0107 -0.0003  0.0997 0 
 54.4320 -0.5614  0.2166  0.4388  0.4927  0.1120  0.6267  0.9434 -0.0003  0.9989 1 
 42.2065  0.5581 -2.9475  0.0206  0.6219  0.0338  0.4016  0.0755  0.2743  0.7265 1 
 48.0842  0.6061 -1.9117  0.0008  0.3765  0.0445  0.2587  0.0368 -0.0003  0.1319 0 
 46.6957 -0.6139  1.2494  0.0251  0.6794  0.0176  0.2173  0.0408 -0.0003  0.1495 0 
 45.1331 -0.1913  0.5342  0.1643  0.4767  0.0915  0.5260  0.1168  0.4577  0.9919 1 
 39.2004  0.1957 -2.6088  0.1365  0.3389  0.0852  0.2276  0.0052 -0.0003  0.6163 1 
 53.5317 -0.4013  2.5653  0.0168  0.3893  0.0909  0.2517  0.0473 -0.0003  0.2572 0 
 51.0231  0.3587 -0.5393  0.0014  0.4392  0.1151  0.5096  0.0173 -0.0003  0.1821 0 
 50.4860 -0.1530  2.4581  0.0609  0.2112  0.0803  0.3832  0.0712 -0.0003  0.3208 0 
 46.1372  0.1267 -0.6418  0.1360  0.1138  0.0239  0.4358  0.0706 -0.0003  0.3637 0 
 42.0722 -0.6861 -0.9069  0.0014  0.1399  0.0318  0.4019  0.0224 -0.0003  0.0603 0 
 41.6938  0.6619  2.2050  0.0279  0.1219  0.0166  0.2238  0.0034 -0.0003  0.0498 0 
 41.9043  0.6474 -2.2300  0.0204  0.2902  0.0725  0.2683  0.0639 -0.0003  0.2233 0 
 37.8790 -0.6375  0.9360  0.0081  0.3828  0.0768  0.2757  0.0508 -0.0003  0.2139 0 
 47.6814 -0.5352  0.3800  0.0284  0.0957  0.0260  0.3889  0.0245 -0.0003  0.0685 0 
 46.3355  0.5423 -2.7386  0.0406  0.2544  0.0127  0.2177  0.0919 -0.0003  0.1098 0 
 49.2134  0.6793  2.2831  0.0096  0.2366  0.0376  0.3000  0.0555 -0.0003  0.0831 0 
 47.6539 -0.6937 -0.8331  0.0239  0.4110  0.0545  0.3458  0.0926 -0.0003  0.2876 0 
 51.0994  0.1079 -3.1055  0.0482  0.1295  0.0844  0.2972  0.0756 -0.0003  0.1717 0 
 47.9347 -0.1395  0.0565  0.0186  0.3721  0.0174  0.1726  0.0056 -0.0003  0.1248 0 
 43.2624  0.1066 -0.1859  0.7191  0.3802  0.0816  0.5320 -0.0200 -0.0003  0.9912 1 
 43.0365 -0.1594  2.9562  0.0567  0.4059  0.0400  0.3995  0.0800 -0.0003  0.4071 1 
 57.3861 -0.7156 -2.3570  0.0648  0.1190  0.0395  0.1649  0.0151 -0.0003  0.1163 0 
 34.4671  0.7143  0.7800  0.0114  0.1737  0.0146  0.1887  0.0589 -0.0003  0.0465 0 
 45.7893  0.7545  2.6534  0.0101  0.5199  0.0678  0.5677  0.1002 -0.0003  0.2594 0 
 39.3561 -0.7368 -0.4953  0.0141  0.0299  0.0340  0.3638  0.0268 -0.0003  0.0589 0 
 49.0608 -0.0812  1.7285  0.0693  0.1965  0.1375  0.2574  0.0456 -0.0003  0.3140 0 
 36.1669  0.0953 -1.3938  0.0717  0.1898  0.0313  0.4654  0.2652  0.1047  0.7288 0 
 47.2480 -0.2814  2.2009  0.2463  0.4340  0.0221  0.3032  0.6018 -0.0003  0.9918 1 
 40.4639  0.2729 -0.9073  0.3800  0.6170  0.0792  0.4062  0.2519  0.4004  0.9988 1 
 47.4830 -0.6311 -0.0261  0.0161  0.4434  0.1984  0.4326  0.0112 -0.0003  0.2316 0 
 33.6248  0.6113 -3.1209  0.0391  0.0073  0.0210  0.0950  0.0060 -0.0003  0.0659 0 
 53.6751  0.1121  1.1923  0.0075  0.1308  0.0289  0.3354  0.1176 -0.0003  0.0709 0 
 47.9744 -0.0977 -1.9377  0.0029  0.6768  0.0362  0.4314  0.0844 -0.0003  0.1915 0 
 46.1341  0.3004 -2.8834  0.0024  0.2190  0.1385  0.4794  0.0497 -0.0003  0.1441 0 
 39.9542 -0.2896  0.2407  0.0205  0.1891  0.0766  0.2717  0.0248 -0.0003  0.1372 0 
 48.7526  0.7980  2.2796  0.3598  0.5280  0.0385  0.4726  0.3813 -0.0003  0.9914 1 
 47.9774 -0.7945 -0.8296  0.0364  0.6283  0.0657  0.4746  0.0674 -0.0003  0.3443 1 
 43.9033 -0.6253  0.4891  0.1293  0.6213  0.0265  0.3091  0.0731 -0.0003  0.6197 1 
 40.4395  0.6376 -2.6530  0.0195  0.1240  0.0312  0.3160  0.0911  0.2487  0.5309 1 
 50.3212  0.7183 -2.3563  0.1402  0.4130  0.0369  0.3409  0.1380 -0.0003  0.7422 0 
 48.1544 -0.7179  0.7357  0.0519  0.1258  0.0247  0.2155  0.0613 -0.0003  0.0759 0 
 43.9582 -0.4665  2.6097  0.1088  0.6035  0.0327  0.6180  0.1260 -0.0003  0.7965 1 
 37.5555  0.4333 -0.5152  0.2324  0.5735  0.0252  0.1843  0.1711 -0.0003  0.8109 1 
 44.9561  0.7007  0.4172  0.0227  0.0989  0.0174  0.2633  0.1475 -0.0003  0.0776 0 
 44.3336 -0.6941 -2.7533  0.0152  0.4230  0.0601  0.1762  0.0429 -0.0003  0.2977 0 
 47.4281 -0.7510  2.0694  0.0340  0.4241  0.0273  0.2164  0.0104 -0.0003  0.1890 0 
 43.1983  0.7223 -1.1513  0.0069  0.6985  0.0755  0.5765  0.1183 -0.0003  0.3156 0 
 44.7150 -0.2012 -2.3223  0.0332  0.4130  0.0172  0.2197  0.0302 -0.0003  0.1219 0 
 38.2818  0.2208  0.8261  0.0616  0.0588  0.0069  0.2749  0.1375 -0.0003  0.0780 0 
 46.1372  0.5509  1.5115  0.0212  0.5674  0.0727  0.5666  0.0714 -0.0003  0.2819 0 
 38.2391 -0.5424 -1.6719  0.0634  0.1035  0.0540  0.3208  0.0789 -0.0003  0.1540 0 
 46.3325 -0.3897  1.8347  0.0094  0.1208  0.0623  0.4789  0.0074 -0.0003  0.0965 0 
 34.0337  0.4019 -1.3241  0.0042  0.2631  0.0720  0.3788  0.2267 -0.0003  0.3247 0 
 47.9957 -0.6676 -2.2382  0.0369  0.5180  0.1490  0.6040  0.0190 -0.0003  0.2931 0 
 44.6876  0.6712  0.8718  0.0114  0.1464  0.1015  0.3077  0.0208 -0.0003  0.0905 0 
 50.3181 -0.3001 -2.5690  0.0482  0.3071  0.0163  0.2983  0.0300 -0.0003  0.1208 0 
 48.4138  0.2949  0.5536  0.0014  0.2523  0.0422  0.2583  0.0402 -0.0003  0.0830 0 
 34.7601  0.4480 -2.7903  0.0485  0.1298  0.0272  0.3765  0.0519  0.2344  0.5376 0 
 34.3236 -0.4409  0.3430  0.0243  0.7132  0.0120  0.3306  0.0673 -0.0003  0.1535 0 
 48.3314 -0.4536  2.8195  0.3087  0.1958  0.0595  0.5598  0.4748 -0.0003  0.9960 1 
 42.0905  0.4507 -0.3335  0.1790  0.4408  0.0370  0.4466  0.2531 -0.0003  0.9272 1 
 59.1592  0.7013  1.2985  0.0199  0.1945  0.0190  0.3684  0.0093 -0.0003  0.0690 0 
 51.3100 -0.6867 -1.7941  0.0009  0.3518  0.0645  0.2969  0.0506 -0.0003  0.1587 0 
 50.0740  0.2482 -0.0076  0.0301  0.1887  0.1703  0.2987  0.0067 -0.0003  0.1594 0 
 46.1707 -0.2449  3.1275  0.0109  0.2346  0.0434  0.3922  0.0320 -0.0003  0.1108 0 
 45.5024  0.7477 -2.2530  0.0070  0.1319  0.0278  0.3937  0.1428 -0.0003  0.0931 0 
 43.2013 -0.7421  0.8898  0.0665  0.2565  0.0332  0.4434  0.1861 -0.0003  0.4899 0 
 45.4139 -0.1264  3.0582  0.0096  0.0536  0.0694  0.3063  0.0165 -0.0003  0.0701 0 
 36.0052  0.0684 -0.1060  0.0742  0.6807  0.0222  0.2330  0.2276 -0.0003  0.5369 0 
 50.7759  0.4806  0.9112  0.0777  0.2829  0.0422  0.3827  0.0696 -0.0003  0.3904 0 
 46.8513 -0.4898 -2.2488  0.0088  0.3959  0.0180  0.3473  0.0606 -0.0003  0.0829 0 
 52.1248  0.0062  1.6723  0.0132  0.3465  0.1733  0.4224  0.0541  0.0992  0.3242 0 
 50.5409  0.0478 -1.5073  0.0363  0.2771  0.0332  0.2129  0.1132 -0.0003  0.2121 0 
 52.4514 -0.0079 -1.5570  0.0410  0.5801  0.0264  0.2108  0.0164  0.0988  0.4337 0 
 50.3975  0.0358  1.5684  0.0343  0.4481  0.1383  0.5539  0.0170 -0.0003  0.2750 0 
 54.5327  0.0590 -1.1316  0.1923  0.4152  0.0307  0.2923  0.2763 -0.0003  0.8931 0 
 45.8198 -0.0627  1.9789  0.0443  0.6763  0.0366  0.4366  0.0814 -0.0003  0.4331 0 
 47.4525 -0.1040 -2.1001  0.0073  0.3698  0.0865  0.4327  0.0208 -0.0003  0.1671 0 
 37.5341  0.1220  1.0866  0.0033  0.7338  0.0166  0.1843  0.0101 -0.0003  0.1359 0 
 48.1025 -0.3057 -2.2402  0.0056  0.4234  0.1409  0.4312  0.0887 -0.0003  0.2366 0 
 45.8289  0.3166  0.8639  0.0486  0.4191  0.0555  0.3056  0.0253 -0.0003  0.3445 0 
 47.6661  0.7122 -2.6210  0.0242  0.1560  0.0478  0.1729  0.1286 -0.0003  0.1810 0 
 43.2715 -0.6567  0.5021  0.0578  0.8202  0.0245  0.2660  0.1069 -0.0003  0.3901 0 
 53.9834 -0.1968  1.4690  0.0541  0.4370  0.0500  0.4606  0.0740 -0.0003  0.4300 0 
 48.2216  0.1869 -1.7462  0.0139  0.3962  0.0983  0.4740  0.0607 -0.0003  0.2172 0 
 45.3681  0.1182 -2.7869  0.2164  0.6805  0.0481  0.4815  0.2510  0.0456  0.9610 1 
 37.4273 -0.1083  0.3014  0.0677  0.3641  0.0343  0.4610  0.0425 -0.0003  0.3978 1 
 44.4221 -0.6106  2.9321  0.0201  0.3918  0.1366  0.3962  0.0333 -0.0003  0.2242 0 
 43.1281  0.5096 -0.2889  0.1192  0.4877  0.0819  0.5324  0.0667 -0.0003  0.6066 0 
 49.2897  0.7754  2.9130  0.0519  0.5609  0.1334  0.3856  0.1876 -0.0003  0.6150 0 
 33.0022 -0.7674 -0.2663  0.0029  0.1613  0.0263  0.1910  0.0480 -0.0003  0.0488 0 
 48.4291  0.3360  1.7615  0.2108  0.6892  0.0521  0.4304  0.3194 -0.0003  0.9801 1 
 47.6783 -0.3209 -1.3267  0.6031  0.3463  0.0835  0.5186  0.3561 -0.0003  0.9922 1 
 33.6950 -0.4407  0.5921  0.2459  0.6012  0.0177  0.3323  0.2441 -0.0003  0.9093 1 
 27.3686  0.4607 -2.5098  0.1767  0.6503  0.0240  0.4037  0.3369 -0.0003  0.9425 1 
 45.6642 -0.6809  0.8958  0.0807  0.2069  0.0398  0.4807  0.1559 -0.0003  0.5051 0 
 45.6519  0.6858 -2.2415  0.0135  0.3319  0.0156  0.4808  0.1892 -0.0003  0.2369 0 
 47.6967  0.6079 -0.6167  0.0145  0.4949  0.0925  0.2592  0.0063 -0.0003  0.2221 0 
 46.5949 -0.6176  2.5120  0.0230  0.1691  0.1236  0.3043  0.0145 -0.0003  0.1212 0 
 43.6866  0.0477 -0.2045  0.0182  0.2669  0.0419  0.2653  0.0086 -0.0003  0.1365 0 
 33.8964 -0.0474  2.8994  0.0979  0.1861  0.0139  0.1896  0.0778 -0.0003  0.1619 0 
 46.6255  0.2642 -0.0854  0.0642  0.1434  0.0666  0.3042  0.0622 -0.0003  0.2047 0 
 39.6735 -0.2742  3.0701  0.0517  0.3065  0.0128  0.1815  0.0046 -0.0003  0.1307 0 
 41.2085  0.4033  1.1645  0.2208  0.1271  0.0222  0.3144  0.2421 -0.0003  0.7780 1 
 39.2889 -0.3756 -1.9396  0.2174  0.4739  0.0705  0.1820  0.2127  0.5398  0.9988 1 
 42.7008 -0.2490  0.6841  0.0434  0.7506  0.0696  0.3559  0.0596 -0.0003  0.4294 0 
 41.3397  0.2832 -2.4495  0.0204  0.6598  0.0574  0.4487  0.0705 -0.0003  0.2891 0 
 53.1930 -0.2026 -0.0422  0.0450  0.5034  0.0513  0.2942  0.0356 -0.0003  0.3677 0 
 42.7802  0.2358  3.0704  0.0510  0.5404  0.0226  0.1334  0.0097 -0.0003  0.2216 0 
 48.4962 -0.4457  1.0648  0.0439  0.4083  0.0637  0.6454  0.1129 -0.0003  0.4617 0 
 47.7333  0.4347 -2.0965  0.0076  0.6210  0.0981  0.7776  0.0311 -0.0003  0.2597 0 
 53.7606  0.5903  1.9094  0.2346  0.0855  0.0186  0.3353  0.1082 -0.0003  0.5259 0 
 40.6928 -0.5975 -1.2344  0.0865  0.5414  0.0483  0.4957  0.1498 -0.0003  0.7293 0 
 49.1371  0.7790 -0.5068  0.0032  0.1538  0.0510  0.2573  0.0137 -0.0003  0.0772 0 
 45.4017 -0.7823  2.6059  0.0261  0.1676  0.0482  0.1313  0.0484 -0.0003  0.1321 0 
 52.8969  0.6136 -2.7913  0.0024  0.5261  0.1946  0.5050  0.0618 -0.0003  0.2501 0 
 47.1199 -0.6212  0.3577  0.0212  0.3677  0.0322  0.4768  0.0788 -0.0003  0.2219 0 
 59.4553 -0.7753  2.1147  0.0008  0.2076  0.0287  0.2453  0.0978 -0.0003  0.0650 0 
 50.2327  0.7705 -1.0063  0.0394  0.4316  0.0238  0.1279  0.0180 -0.0003  0.1903 0 
 47.1290 -0.7118 -0.6904  0.0228  0.2438  0.0609  0.3034  0.0073 -0.0003  0.1690 0 
 46.1158  0.7094  2.4527  0.1270  0.4872  0.0256  0.2615  0.0403 -0.0003  0.5025 0 
 42.1180  0.1868 -2.5112  0.0526  0.3955  0.0212  0.3572  0.0261 -0.0003  0.2136 0 
 41.2299 -0.1924  0.6209  0.1052  0.6652  0.0226  0.4041  0.0328 -0.0003  0.6022 0 
 45.8961  0.7854  2.5272  0.0786  0.1797  0.0364  0.3491  0.0980 -0.0003  0.2922 0 
 38.8556 -0.7909 -0.6228  0.0756  0.6421  0.0550  0.5475  0.1221 -0.0003  0.6556 0 
 47.7302 -0.7186  3.0590  0.0099  0.6036  0.1086  0.5184  0.0572 -0.0003  0.2477 0 
 45.1606  0.7211 -0.0803  0.0000  0.0363  0.0434  0.1753  0.0296 -0.0003  0.0603 0 
 46.3996 -0.3196 -1.4979  0.0038  0.2105  0.0450  0.2611  0.1042 -0.0003  0.1023 0 
 42.3835  0.3153  1.6420  0.0607  0.4315  0.0209  0.2674  0.0181 -0.0003  0.2107 0 
 46.7720 -0.7487  1.0880  0.0450  0.4792  0.1098  0.5212  0.1809  0.2763  0.8477 1 
 40.5127  0.7418 -1.9953  0.3475  0.3074  0.1181  0.4512  0.5303 -0.0003  0.9983 1 
 53.0739  0.7614 -1.7996  0.1482  0.6098  0.0900  0.3364  0.0306  0.1809  0.8119 0 
 36.2554 -0.7735  1.3298  0.0323  0.3154  0.0271  0.2791  0.0219 -0.0003  0.1310 0 
 44.4434  0.7715 -0.3753  0.0085  0.1894  0.0226  0.1761  0.0311 -0.0003  0.0561 0 
 41.8311 -0.7895  2.7364  0.0107  0.2798  0.0418  0.3578  0.0821 -0.0003  0.1293 0 
 51.1513 -0.6667 -3.0066  0.2083  0.2647  0.0516  0.4669  0.3471 -0.0003  0.9696 1 
 28.8884  0.6772  0.1907  0.2388  0.2909  0.1024  0.3475  0.2880  0.6590  0.9994 1 
 42.7253 -0.5730  2.1817  0.2762  0.5045  0.0595  0.7561  0.3515 -0.0003  0.9944 1 
 40.7111  0.5568 -0.8792  0.0060  0.5333  0.0432  0.2704  0.0078 -0.0003  0.2139 1 
 53.1044 -0.6707  1.4796  0.0240  0.2099  0.0678  0.2522  0.0060 -0.0003  0.1633 0 
 45.0080  0.6696 -1.6915  0.0198  0.2434  0.0227  0.2632  0.0366 -0.0003  0.0695 0 
 48.6580 -0.7995 -1.4877  0.0634  0.1353  0.0638  0.1290  0.0049 -0.0003  0.1961 0 
 47.9011  0.7991  1.6179  0.0364  0.2068  0.0518  0.2590  0.0844 -0.0003  0.1915 0 
 42.4872 -0.1943  0.7483  0.3494  0.2903  0.1071  0.1782  0.3510  0.6198  0.9997 1 
 35.9075  0.2203 -2.3913  0.1382  0.3065  0.0534  0.4664  0.2015  0.4188  0.9942 1 
 48.1544 -0.0494  1.5760  0.0346  0.5151  0.1548  0.4742  0.0573 -0.0003  0.2945 0 
 42.8748  0.0421 -1.5850  0.0155  0.6536  0.0220  0.1778  0.0051 -0.0003  0.1741 0 
 45.4353  0.2115 -2.7326  0.0030  0.3706  0.0317  0.1751  0.0806 -0.0003  0.1326 1 
 45.0324 -0.2122  0.4317  0.0631  0.5623  0.0360  0.4386  0.0939 -0.0003  0.5342 1 
 43.5706 -0.7427 -1.5855  0.1022  0.6417  0.0484  0.3982  0.1173 -0.0003  0.7741 1 
 42.6764  0.7520  1.5777  0.3455  0.6977  0.0467  0.4449  0.4492  0.1904  0.9970 1 
 50.0923 -0.6341 -0.3786  0.4694  0.5285  0.0971  0.4267  0.5751 -0.0003  0.9983 1 
 46.7750  0.6093  2.7432  0.1229  0.1495  0.0381  0.1737  0.1724  0.3294  0.9678 1 
 44.8280 -0.3887  2.5810  0.0388  0.1836  0.1031  0.3074  0.0248 -0.0003  0.1692 0 
 28.2200  0.3801 -0.5867  0.2284  0.4928  0.0470  0.4000  0.0499 -0.0003  0.7680 0 
 62.3484  0.2646 -0.7502  0.0110  0.1906  0.1392  0.2829  0.0031 -0.0003  0.1221 0 
 46.7109 -0.2655  2.3455  0.0617  0.8034  0.0838  0.5213  0.0311 -0.0003  0.4439 0 
 51.3924 -0.7722  0.2159  0.0503  0.7510  0.0247  0.4239  0.0613 -0.0003  0.3777 1 
 47.5959  0.7894 -2.8974  0.0506  0.4161  0.0346  0.3026  0.0832 -0.0003  0.3058 1 
 47.8584 -0.7622 -2.1527  0.0114  0.3399  0.1290  0.3454  0.0251 -0.0003  0.1833 0 
 45.7374  0.7629  0.9343  0.0031  0.2433  0.0305  0.3495  0.0308 -0.0003  0.0679 0 
 41.4130  0.6657  3.0451  0.1511  0.5887  0.0211  0.3139  0.2125  0.1276  0.8342 1 
 29.4682 -0.6802 -0.0980  0.1055  0.5266  0.0220  0.4936  0.1741 -0.0003  0.7663 1 
 47.4495  0.4166 -2.3625  0.0291  0.1964  0.2999  0.2596  0.0419 -0.0003  0.2303 0 
 44.4343 -0.3955  0.7425  0.0835  0.4795  0.0605  0.2641  0.0676 -0.0003  0.6052 0 
 43.3845  0.7884  0.4608  0.4415  0.6129  0.0232  0.6645  0.7629  0.2277  0.9994 1 
 40.3754 -0.7826 -2.6577  0.0307  0.6236  0.0714  0.4064  0.0496 -0.0003  0.2999 1 
 53.2784  0.4722  1.8595  0.0081  0.5213  0.0534  0.3360  0.0438 -0.0003  0.2003 0 
 42.6642 -0.4904 -1.3114  0.0077  0.0446  0.0518  0.2670  0.0290 -0.0003  0.0633 0 
 49.8116  0.1666  1.2419  0.0228  0.2897  0.0674  0.2991  0.0048 -0.0003  0.2025 0 
 42.1118 -0.1744 -1.8841  0.0305  0.1657  0.0414  0.4465  0.1081 -0.0003  0.1868 0 
 52.1187 -0.2553 -1.5572  0.0279  0.6593  0.2358  0.7181  0.0016 -0.0003  0.2929 0 
 50.4250  0.2081  1.6678  0.0026  0.3719  0.1271  0.3408  0.0180 -0.0003  0.1708 0 
 47.0253 -0.1368 -2.0394  0.0544  0.4195  0.0378  0.3903  0.1341 -0.0003  0.4797 0 
 39.3469  0.1149  1.0941  0.1404  0.5819  0.0219  0.2728  0.3015 -0.0003  0.8156 0 
 55.6741 -0.3563  0.4755  0.0422  0.4672  0.1725  0.4155  0.0491 -0.0003  0.3072 0 
 49.7627  0.3479 -2.7077  0.0252  0.2182  0.0480  0.2137  0.0060 -0.0003  0.1493 0 
 48.8441  0.7088  1.7291  0.0099  0.1292  0.0332  0.3865  0.0120 -0.0003  0.0679 0 
 48.3864 -0.7099 -1.3977  0.0085  0.3028  0.0418  0.3014  0.0574 -0.0003  0.1125 0 
 54.8013 -0.0522 -2.0888  0.0322  0.6495  0.0640  0.7508  0.0883 -0.0003  0.4014 1 
 36.0601  0.0709  1.0505  0.5483  0.7780  0.0206  0.2329  0.4643 -0.0003  0.9975 1 
 48.5420 -0.0435 -0.5644  0.0612  0.7899  0.0777  0.3441  0.0622 -0.0003  0.5345 0 
 35.0469  0.0834  2.6042  0.0027  0.3483  0.0792  0.3756  0.0289 -0.0003  0.1534 0 
 48.9937 -0.0440  1.7022  0.1491  0.4623  0.1736  0.7724  0.4554 -0.0003  0.9921 1 
 41.1139  0.0320 -1.4389  0.0679  0.3119  0.0394  0.2247  0.1165  0.3520  0.9482 1 
 47.4983 -0.7810 -2.3240  0.0031  0.3444  0.1435  0.4325  0.0087 -0.0003  0.1738 0 
 28.5985  0.7960  0.9192  0.0039  0.2938  0.0392  0.1992  0.0067 -0.0003  0.1321 0 
 45.2583 -0.1292  1.8171  0.1005  0.1753  0.1359  0.4380  0.1191 -0.0003  0.5333 1 
 44.4068  0.1139 -1.3205  0.1434  0.5114  0.2000  0.9245  0.0478  0.4590  0.9462 1 
 42.8260 -0.5108  3.1260  0.0223  0.1546  0.2248  0.5778  0.0020 -0.0003  0.1972 1 
 37.6501  0.5341 -0.0384  0.0410  0.4909  0.1558  0.6904  0.1651 -0.0003  0.5552 1 
 51.7342 -0.4378 -1.0631  0.0240  0.3514  0.0352  0.2962  0.0500 -0.0003  0.1502 0 
 40.4608  0.4567  2.0777  0.0000  0.1605  0.1078  0.0451  0.0002 -0.0003  0.1946 0 
 56.9284  0.6784  0.3674  0.0271  0.2348  0.0385  0.2479  0.0261 -0.0003  0.1187 0 
 46.0945 -0.6530 -2.8342  0.0024  0.4216  0.1077  0.3051  0.0917 -0.0003  0.2329 0 
 48.3131 -0.4723 -0.8649  0.0379  0.3482  0.0204  0.2584  0.0919 -0.0003  0.1482 0 
 48.0995  0.4596  2.2606  0.0102  0.6336  0.0373  0.3018  0.0113 -0.0003  0.2089 0 
 51.8929 -0.0278 -2.0702  0.0011  0.0748  0.1597  0.0846  0.1415 -0.0003  0.1353 0 
 45.7130  0.0273  1.0572  0.0216  0.3283  0.0513  0.3058  0.0102 -0.0003  0.1967 0 
 45.0813  0.6143 -2.9322  0.0283  0.6309  0.0194  0.2193  0.0150 -0.0003  0.1609 0 
 34.5617 -0.6227  0.2065  0.0105  0.1008  0.0395  0.4243  0.0541 -0.0003  0.0763 0 
 56.6842  0.2158  2.3613  0.1318  0.6556  0.0481  0.5377  0.1080 -0.0003  0.8251 0 
 55.2926 -0.2380 -0.8015  0.0030  0.3503  0.0878  0.4578  0.0628 -0.0003  0.1680 0 
 51.5145 -0.4280 -0.9952  0.0133  0.5380  0.0251  0.2965 -0.0200 -0.0003  0.2154 0 
 50.2174  0.4187  2.1599  0.0569  0.3664  0.0371  0.4691  0.0587 -0.0003  0.3820 0 
 47.8126  0.3930 -1.8224  0.0111  0.7347  0.0651  0.7773  0.1646 -0.0003  0.4619 1 
 40.4822 -0.3932  1.2958  0.2132  0.3111  0.0322  0.3610  0.2208  0.0788  0.8991 1 
 47.7180  0.3077 -2.9915  0.1963  0.2585  0.0967  0.3457  0.0707 -0.0003  0.6620 1 
 46.5431 -0.2934  0.1744  0.0571  0.4673  0.1306  0.3479  0.2222  0.2747  0.9057 1 
 45.6855 -0.4635 -1.6730  0.0112  0.1752  0.0967  0.3496  0.0428 -0.0003  0.1090 0 
 45.5634  0.5073  1.4867  0.0249  0.6309  0.0897  0.4810  0.0270 -0.0003  0.2595 0 
 45.2430  0.5970 -1.3501  0.0025  0.1643  0.0483  0.3067  0.0207 -0.0003  0.0734 0 
 39.7833 -0.5473  1.7986  0.0227  0.2242  0.0634  0.3174  0.0989 -0.0003  0.1984 0 
 47.9744 -0.7134 -2.0849  0.0083  0.1518  0.0549  0.3020  0.0185 -0.0003  0.0832 0 
 47.5044  0.7001  1.0287  0.0307  0.2882  0.0302  0.3028  0.0196 -0.0003  0.1314 0 
 50.5013  0.0788  2.8366  0.0008  0.3749  0.1158  0.5110  0.0423 -0.0003  0.1786 0 
 44.0436 -0.1004 -0.3882  0.0296  0.2682  0.0147  0.3529  0.0538 -0.0003  0.0862 0 
 45.6611  0.0298  3.0104  0.0139  0.2803  0.0408  0.2622  0.0005 -0.0003  0.1403 0 
 43.5218 -0.0400 -0.1379  0.0263  0.5372  0.0721  0.5311  0.0820 -0.0003  0.3058 0 
 47.4189  0.4405  1.6202  0.0201  0.3153  0.1466  0.3895  0.0517 -0.0003  0.2215 0 
 47.2755 -0.4378 -1.5233  0.0096  0.6810  0.0314  0.3898  0.0396  0.0800  0.3013 0 
 49.9001  0.6706  2.1963  0.0443  0.3046  0.0862  0.4698  0.0214 -0.0003  0.2795 0 
 48.4657 -0.6606 -0.9393  0.0001  0.3357  0.0042  0.1291  0.0900 -0.0003  0.0946 0 
 46.5705 -0.2388  0.0554  0.0325  0.6805  0.0841  0.3913  0.0219 -0.0003  0.2852 1 
 34.4030  0.2170 -3.0124  0.0896  0.6413  0.1119  0.4720  0.0484 -0.0003  0.4669 1 
 45.6855 -0.6630 -2.8058  0.1259  0.4314  0.0334  0.5244  0.1132  0.1510  0.8460 0 
 33.8293  0.6564  0.3649  0.0502  0.2275  0.0343  0.3794  0.0274 -0.0003  0.1868 0 
 62.2293 -0.5967 -2.4129  0.0024  0.7605  0.1627  0.3234  0.0306 -0.0003  0.2762 0 
 38.8220  0.5897  0.7537  0.0598  0.0916  0.0363  0.2282  0.1069 -0.0003  0.1234 0 
 46.3539  0.2524  3.1080  0.0279  0.1682  0.0576  0.5659  0.0419 -0.0003  0.2009 0 
 45.1698 -0.2485 -0.0315  0.0881  0.1089  0.0557  0.2191  0.0598 -0.0003  0.1782 0 
 45.2613  0.6671 -0.4111  0.0105  0.2266  0.0315  0.2190  0.1286 -0.0003  0.1274 0 
 42.7802 -0.6649  2.7198  0.0229  0.4726  0.0237  0.2668  0.0085 -0.0003  0.1556 0 
 48.8930 -0.5386  2.8788  0.0256  0.4738  0.0520  0.3005  0.0466 -0.0003  0.2692 0 
 43.6194  0.5541 -0.2638  0.0038  0.0669  0.0507  0.2654  0.1115 -0.0003  0.0768 0 
 45.9907 -0.4935  0.7588  0.0145  0.0836  0.0850  0.3490  0.0225 -0.0003  0.0710 0 
 43.9796  0.4964 -2.3841  0.0065  0.3801  0.0111  0.2648  0.0588 -0.0003  0.0680 0 
 51.3252 -0.1472 -2.5934  0.0875  0.2420  0.0497  0.2120  0.1500 -0.0003  0.5344 0 
 48.5115  0.0917  0.5308  0.0086  0.1610  0.0481  0.3872  0.1452 -0.0003  0.1393 0 
 43.0213  0.2002  1.2072  0.1141  0.4201  0.0701  0.5772  0.1120 -0.0003  0.7151 0 
 36.7132 -0.1501 -1.8878  0.0143  0.1969  0.2620  0.3244  0.0895 -0.0003  0.2387 0 
 47.3274  0.0935 -2.4962  0.1079  0.3562  0.0871  0.9092  0.0826 -0.0003  0.8015 0 
 39.5148 -0.0639  0.6469  0.0202  0.2039  0.0225  0.1817  0.0267 -0.0003  0.0689 0 
 50.8644  0.7918  3.1268  0.0125  0.4218  0.0166  0.1275  0.0026 -0.0003  0.1497 0 
 45.0416 -0.7865  0.0279  0.0967  0.6572  0.0388  0.5702  0.0981 -0.0003  0.7249 0 
 54.3709  0.6607  2.1723  0.0573  0.5226  0.2173  0.5015  0.1479 -0.0003  0.5064 0 
 52.9915 -0.6582 -1.0145  0.0056  0.4751  0.0427  0.2944  0.0682 -0.0003  0.1658 0 
 48.8655 -0.7839 -0.2042  0.0075  0.2766  0.0229  0.3006  0.1210 -0.0003  0.0951 0 
 38.4283  0.7725  2.9130  0.0133  0.1327  0.0046  0.2288  0.0025 -0.0003  0.0359 0 
 42.3987  0.7369 -0.5165  0.0897  0.7069  0.0296  0.3566  0.1414 -0.0003  0.6774 1 
 31.2901 -0.7591  2.6851  0.1335  0.3550  0.0526  0.4365  0.1794 -0.0003  0.8194 1 
 44.2756 -0.5552 -1.5313  0.0247  0.3431  0.1038  0.5728  0.1204 -0.0003  0.3428 0 
 43.2227  0.5669  1.6123  0.0158  0.0429  0.2987  0.2217  0.0287 -0.0003  0.0517 0 
 48.7617 -0.5511 -2.1082  0.0170  0.0417  0.0370  0.0859  0.0799 -0.0003  0.0810 0 
 39.3133  0.6070  1.0457  0.0023  0.0861  0.0263  0.2729  0.1599 -0.0003  0.0750 0 
 57.7707 -0.7391 -1.4506  0.0086  0.2142  0.0441  0.2470  0.0069 -0.0003  0.1003 0 
 36.4416  0.7278  1.7122  0.0125  0.2481  0.0838  0.4645  0.0804 -0.0003  0.1832 0 
 44.0833  0.7041 -1.9100  0.4244  0.2237  0.0479  0.4852  0.5423 -0.0003  0.9973 1 
 26.7521 -0.7369  1.0842  0.1343  0.3498  0.1079  0.6606  0.0014 -0.0003  0.5437 1 
 54.3618 -0.5403 -0.9720  0.0520  0.1516  0.2970  0.4179  0.0657 -0.0003  0.2923 0 
 53.1258  0.5573  2.2738  0.0103  0.2143  0.1190  0.6726  0.0501 -0.0003  0.2297 0 
 44.8341  0.0187 -2.4683  0.0657  0.1492  0.0393  0.2195  0.1434 -0.0003  0.2883 0 
 37.1984 -0.0247  0.6803  0.0049  0.0907  0.0260  0.1847  0.0097 -0.0003  0.0506 0 
 47.1229  0.5102 -0.6458  0.3882  0.3724  0.0493  0.3901  0.5107 -0.0003  0.9972 1 
 41.2238 -0.5241  2.5258  0.1205  0.1574  0.1698  0.4490  0.0743  0.9135  0.9656 1 
 48.3986 -0.5947 -0.7532  0.1257  0.5303  0.0340  0.1291  0.1766 -0.0003  0.6559 0 
 43.9429  0.5983  2.4058  0.0778  0.1652  0.0275  0.2207  0.0384 -0.0003  0.1424 0 
 47.5196  0.7245  2.2578  0.0196  0.1861  0.0680  0.3028  0.0467 -0.0003  0.1279 1 
 36.9726 -0.7524 -0.9680  0.0340  0.5956  0.0302  0.3701  0.2078 -0.0003  0.5128 1 
 47.1077  0.0422  2.3306  0.0212  0.2042  0.0405  0.3035  0.0208 -0.0003  0.1008 0 
 38.7701 -0.0442 -0.8158  0.0645  0.5112  0.0118  0.1370  0.0363 -0.0003  0.1730 0 
 44.9897 -0.7315 -0.8024  0.0090  0.6328  0.0175  0.3510  0.1474 -0.0003  0.1776 0 
 41.7304  0.7294  2.3267  0.0467  0.1338  0.1294  0.7609  0.0235 -0.0003  0.3594 0 
 47.1656  0.2501  1.5244  0.0159  0.1758  0.1472  0.4767  0.1683 -0.0003  0.2681 0 
 43.9033 -0.2350 -1.6201  0.0307  0.3055  0.0250  0.2650  0.0511 -0.0003  0.1125 0 
 46.9612  0.4410 -1.0950  0.0317  0.3600  0.0414  0.3905  0.0350 -0.0003  0.2235 0 
 38.7213 -0.4392  2.0567  0.0446  0.5901  0.0299  0.3654  0.0638 -0.0003  0.3186 0 
 51.3588 -0.1484  2.1428  0.0001  0.2813  0.0395  0.2544  0.1136 -0.0003  0.1196 0 
 39.5575  0.1559 -1.0240  0.1079  0.4346  0.0536  0.7719  0.0610 -0.0003  0.6906 0 
 48.2460 -0.4514 -0.3771  0.0106  0.3507  0.1361  0.6462  0.0353 -0.0003  0.2428 0 
 43.7415  0.4746  2.8471  0.0183  0.1963  0.0880  0.2652  0.1557 -0.0003  0.2831 0 
 46.9734 -0.5541 -1.7485  0.0395  0.4715  0.0226  0.3470  0.0445 -0.0003  0.1920 0 
 41.3550  0.5542  1.4061  0.0689  0.5206  0.0405  0.4487  0.1876 -0.0003  0.7085 0 
 48.7312  0.3219  1.9193  0.0564  0.3114  0.0818  0.4297  0.0457 -0.0003  0.3453 0 
 44.7425 -0.3295 -1.2166  0.0000  0.0362  0.0164  0.0879  0.0113 -0.0003  0.0574 0 
 45.7313 -0.0247 -2.3220  0.2204  0.2272  0.0688  0.3932  0.3543 -0.0003  0.9731 1 
 39.8321  0.0579  0.8915  0.0183  0.2751  0.0927  0.3626  0.0512 -0.0003  0.1833 1 
 45.2857 -0.3510 -0.9123  0.0637  0.2951  0.0523  0.3066  0.0578 -0.0003  0.3405 0 
 28.8365  0.3263  2.1502  0.0142  0.4115  0.0433  0.3974  0.0500  0.1080  0.3497 0 
 50.5653 -0.7069  2.6321  0.0325  0.3813  0.0156  0.2554  0.0292 -0.0003  0.1072 0 
 50.2266  0.6869 -0.5040  0.0201  0.2157  0.1024  0.4264  0.1655 -0.0003  0.2806 0 
 44.5167  0.6782  2.3721  0.0005  0.2967  0.1327  0.2640  0.0219 -0.0003  0.1594 0 
 39.7559 -0.6998 -0.7940  0.0189  0.4661  0.0104  0.2267  0.0390  0.0759  0.1439 0 
 43.7079  0.2522  1.3896  0.0075  0.2147  0.0366  0.3537  0.1881 -0.0003  0.1894 0 
 43.4638 -0.2536 -1.7515  0.0432  0.3537  0.0238  0.3099  0.0297 -0.0003  0.1600 0 
 46.7567 -0.5080 -2.7509  0.0501  0.6258  0.0520  0.5212  0.2429  0.1984  0.8710 0 
 42.5422  0.5081  0.3841  0.1377  0.2030  0.0219  0.4007  0.1154  0.2085  0.8882 0 
 41.1078  0.8103  1.2176  0.0375  0.4667  0.0317  0.2247  0.0140 -0.0003  0.2321 0 
 40.2319 -0.7935 -1.9192  0.0049  0.1430  0.0324  0.3616  0.0291  0.0741  0.1176 0 
 47.9683 -0.6512  2.4535  0.0877  0.6170  0.0970  0.5177  0.2595 -0.0003  0.8804 0 
 43.0152  0.6586 -0.6845  0.0172  0.1740  0.0302  0.4883  0.0788  0.0848  0.2346 0 
 40.6378  0.1144  2.7689  0.5025  0.1904  0.0811  0.2705  0.3071  0.1750  0.9930 1 
 40.3784 -0.1560 -0.2875  0.7350  0.5761  0.0570  0.4515  0.3299  0.3563  0.9975 1 
 46.2776  0.8132  0.3413  0.0077  0.4153  0.0570  0.6968  0.1009 -0.0003  0.2767 0 
 41.8433 -0.7678 -2.7691  0.0109  0.5732  0.0634  0.3578  0.1934 -0.0003  0.5054 0 
 44.5838 -0.5206 -0.3189  0.0033  0.6243  0.0233  0.1759  0.0168 -0.0003  0.1492 0 
 43.8727  0.5072  2.8041  0.0064  0.2927  0.0121  0.1767  0.0126 -0.0003  0.0717 0 
 40.9186  0.2600  2.2083  0.1578  0.3241  0.0373  0.4049  0.2149  0.3185  0.9928 1 
 35.6207 -0.2992 -0.9226  0.0828  0.2325  0.0200  0.4674  0.2056 -0.0003  0.5189 1 
 48.7861  0.6669  1.9881  0.2181  0.6274  0.0374  0.2578  0.4174  0.1583  0.9819 1 
 47.9744 -0.6768 -1.1637  0.0689  0.6552  0.0393  0.5609  0.0784 -0.0003  0.5692 1 
 48.0110  0.4843 -1.5314  0.7393  0.5058  0.0567  0.3882  0.3933 -0.0003  0.9968 1 
 43.8270 -0.4686  1.6172  0.1060  0.7680  0.0693  0.3976  0.1459  0.2875  0.9117 1 
 46.1250  0.1349 -0.6149  0.1891  0.1049  0.0420  0.3923  0.1320 -0.0003  0.6186 0 
 42.9816 -0.1189  2.5047  0.0178  0.5580  0.0121  0.3108  0.0518 -0.0003  0.1064 0 
 45.1728 -0.7419  0.3158  0.0322  0.2263  0.0599  0.3944  0.0126 -0.0003  0.1834 0 
 31.4214  0.7258 -2.8429  0.0106  0.3369  0.0441  0.5328  0.1047  0.1851  0.4654 0 
 47.6936  0.3590 -0.4082  0.0421  0.5328  0.0265  0.2161  0.0579 -0.0003  0.2026 0 
 42.7649 -0.3653  2.7206  0.0510  0.1821  0.0232  0.4447  0.2191 -0.0003  0.3481 0 
 44.3091  0.4671 -0.1184  0.1153  0.3196  0.0288  0.5286  0.1498 -0.0003  0.7143 1 
 28.6534 -0.4009  2.9954  0.2845  0.6992  0.0240  0.3484  0.2397 -0.0003  0.9505 1 
 44.0681 -0.1449  0.3403  0.0418  0.2406  0.0429  0.3529  0.0443 -0.0003  0.1886 0 
 44.0436  0.1259 -2.7937  0.0345  0.4451  0.0758  0.5735  0.0107 -0.0003  0.2762 0 
 47.1717 -0.4474  2.9815  0.0142  0.3642  0.0355  0.4333  0.0349 -0.0003  0.1587 0 
 46.8482  0.4480 -0.1439  0.0042  0.6794  0.0429  0.2605  0.0312 -0.0003  0.2158 0 
 51.0445  0.3244 -2.3737  0.0513  0.1190  0.0554  0.3822  0.0649 -0.0003  0.1575 0 
 43.3600 -0.3121  0.7846  0.0045  0.5242  0.0195  0.1329  0.0180 -0.0003  0.1413 0 
 52.4727 -0.4298  2.1073  0.1989  0.2146  0.0411  0.0843  0.1762  0.0907  0.8116 1 
 47.7211  0.4215 -1.0581  0.0416  0.1021  0.0656  0.4320 -0.0200 -0.0003  0.1274 1 
 49.3904 -0.1042 -2.7499  0.0957  0.5360  0.0785  0.4710  0.0329 -0.0003  0.4972 0 
 43.5157  0.0929  0.3832  0.0287  0.3347  0.0173  0.3984  0.1089 -0.0003  0.1633 0 
 50.4158  0.0726 -2.7323  0.4460  0.7458  0.0659  0.5538  0.4508 -0.0003  0.9957 1 
 41.2726  0.0300  0.4240  0.1816  0.3389  0.0976  0.2694  0.2111  0.3574  0.9716 1 
 52.5917 -0.5834 -2.3950  0.0144  0.5640  0.0464  0.3793  0.0672 -0.0003  0.2318 0 
 36.5759  0.5902  0.7446  0.0009  0.0384  0.0309  0.2784  0.1057 -0.0003  0.0552 0 
 49.9611 -0.3144 -1.2824  0.0236  0.5397  0.0818  0.2989  0.0095 -0.0003  0.2415 0 
 39.7864  0.2897  1.8837  0.0057  0.4683  0.0323  0.3174  0.0645 -0.0003  0.1252 0 
 54.9142 -0.0890  1.1968  0.0396  0.5839  0.2752  0.2918  0.0110 -0.0003  0.2548 0 
 39.2981  0.1381 -1.9689  0.0237  0.6830  0.0337  0.1365  0.0159 -0.0003  0.2609 0 
 55.7168  0.0999  0.1365  0.0126  0.7069  0.0297  0.1662  0.0223 -0.0003  0.1940 0 
 38.5443 -0.1118 -2.9876  0.0735  0.7535  0.0342  0.2744  0.0076 -0.0003  0.5230 0 
 48.2460 -0.5386 -1.8684  0.0299  0.4852  0.0275  0.3447  0.0618 -0.0003  0.1920 0 
 40.0000  0.5407  1.2761  0.0281  0.3078  0.0186  0.3169  0.0290 -0.0003  0.0944 0 
 46.6072 -0.4901  3.0517  0.6777  0.7346  0.0479  0.3912  0.7132 -0.0003  0.9982 1 
 31.8517  0.5017 -0.1049  0.0591  0.3011  0.0346  0.2895  0.0267 -0.0003  0.2331 1 
 35.6817 -0.5228  2.0876  0.0196  0.3997  0.0523  0.2336  0.0934  0.0955  0.4699 1 
 34.3084  0.4557 -1.0923  0.4167  0.1848  0.0305  0.3306  0.2965  0.1529  0.9915 1 
 45.9480 -0.4949 -2.7186  0.0324  0.6242  0.0335  0.5236  0.0331 -0.0003  0.3078 0 
 45.1881  0.4973  0.4471  0.0354  0.3580  0.0350  0.2629  0.1038  0.2948  0.8063 0 
 43.5157 -0.7623 -0.5442  0.0979  0.3972  0.0172  0.3098  0.1147  0.1607  0.7142 1 
 41.6358  0.7716  2.5764  0.1975  0.4262  0.0297  0.2687  0.1363 -0.0003  0.7231 1 
 42.4140  0.6279 -2.4544  0.1266  0.2991  0.0396  0.4902  0.1301  0.1323  0.8435 0 
 37.8302 -0.5958  0.7051  0.0188  0.2409  0.0628  0.3677  0.0119 -0.0003  0.1559 0 
 51.2276 -0.2599 -2.8015  0.0005  0.3786  0.1760  0.5091  0.1100 -0.0003  0.2523 1 
 34.0185  0.2624  0.3879  0.2296  0.6018  0.0263  0.3788  0.2498  0.1298  0.9236 1 
 47.5868  0.1244  2.8727  0.0177  0.1434  0.0613  0.4324  0.0783 -0.0003  0.1284 0 
 42.7283 -0.1348 -0.2656  0.0170  0.4168  0.0371  0.2668  0.0198 -0.0003  0.1730 0 
 46.0761  0.1324 -2.3419  0.1262  0.3622  0.0242  0.3924  0.1113  0.1026  0.7502 0 
 38.6999 -0.1480  0.8091  0.0381  0.0359  0.0463  0.2741  0.0843  0.1732  0.2199 0 
 41.5015  0.0153  0.1205  0.0046  0.1652  0.2322  0.4931  0.0099 -0.0003  0.1533 0 
 33.4997 -0.0207 -3.0351  0.0053  0.1029  0.0205  0.1902  0.0172 -0.0003  0.0432 0 
 50.5226  0.3692 -2.2177  0.1039  0.1503  0.2114  0.3832  0.1768 -0.0003  0.6709 0 
 39.9817 -0.4013  0.9446  0.0745  0.6432  0.0893  0.5886  0.0408  0.0802  0.5785 0 
 52.1889 -0.4208  1.0743  0.0009  0.1714  0.0585  0.2111  0.1309 -0.0003  0.1412 0 
 44.9744  0.3987 -2.0460  0.0069  0.4178  0.0213  0.3510  0.0058 -0.0003  0.1070 0 
 50.8034  0.4885  1.5616  0.0322  0.1873  0.0541  0.1275  0.0089 -0.0003  0.1888 0 
 44.2023 -0.4836 -1.5423  0.1321  0.0731  0.0243  0.1763  0.0847 -0.0003  0.1591 0 
 49.0303 -0.4235  1.5142  0.0956  0.6983  0.0554  0.2145  0.0902 -0.0003  0.7628 1 
 26.5019  0.4127 -1.6646  0.3282  0.3045  0.0674  0.4586  0.3257 -0.0003  0.9916 1 
 46.7536 -0.6958 -0.2491  0.0128  0.1449  0.0245  0.3041  0.0124 -0.0003  0.0524 0 
 45.1423  0.6928  2.8887  0.0634  0.1298  0.0182  0.0439 -0.0200 -0.0003  0.1662 0 
 48.0781  0.6872 -1.0456  0.0243  0.8696  0.0820  0.5606  0.0417 -0.0003  0.3552 0 
 41.9745 -0.6871  2.1104  0.0024  0.4053  0.0401  0.3128  0.0633 -0.0003  0.1248 0 
 49.0944  0.0508  2.0401  0.1627  0.7243  0.0980  0.4718  0.1476 -0.0003  0.9142 1 
 45.5177 -0.0427 -1.0874  0.0459  0.2875  0.0260  0.3062  0.1984  0.0713  0.5092 1 
 45.1179  0.5500 -1.2012  0.0559  0.5038  0.0571  0.3946  0.0287  0.1612  0.6172 1 
 33.2525 -0.5987  1.9281  0.1702  0.5573  0.0854  0.3336  0.1089  0.6807  0.9989 1 
 54.4289 -0.5023 -2.6671  0.0138  0.3991  0.0435  0.2089  0.0103 -0.0003  0.2163 0 
 44.7639  0.5111  0.4638  0.0187  0.0891  0.0510  0.3075  0.0884  0.1537  0.2128 0 
 42.3133  0.5789  1.7532  0.0000  0.0254  0.0151  0.1783  0.0007 -0.0003  0.0460 0 
 38.2086 -0.5830 -1.3709  0.0267  0.6221  0.0178  0.2292  0.0329 -0.0003  0.1434 0 
 47.2175 -0.6170  1.4058  0.4324  0.7153  0.0732  0.4765  0.5528 -0.0003  0.9978 1 
 42.6703  0.6481 -1.6799  0.0034  0.3442  0.0765  0.6229  0.0248 -0.0003  0.1850 1 
 52.9183  0.4161  0.5435  0.0242  0.1938  0.0331  0.2104  0.0379 -0.0003  0.0828 0 
 46.5370 -0.4566 -2.5794  0.0150  0.2351  0.0887  0.4784  0.0606 -0.0003  0.1770 0 
 51.3283  0.3328  2.8361  0.2028  0.3546  0.3549  0.3816  0.2156 -0.0003  0.9756 1 
 39.5300 -0.3225 -0.3126  0.1943  0.3976  0.0671  0.2271  0.2631 -0.0003  0.9418 1 
 43.0671  0.3373 -0.5498  0.4754  0.6007  0.0339  0.6214  0.5069 -0.0003  0.9953 1 
 37.6806 -0.3604  2.5459  0.8687  0.3104  0.1052  0.4602 -0.0200  0.7458  0.9965 1 
 51.6335  0.2154  1.0206  0.2360  0.2752  0.0572  0.5081  0.2131 -0.0003  0.9400 1 
 45.0172 -0.2191 -2.1248  0.1034  0.4829  0.0495  0.4387  0.1219 -0.0003  0.7145 1 
 45.9785  0.0604  1.8263  0.0085  0.4377  0.0197  0.3490  0.0396 -0.0003  0.0913 0 
 45.7740 -0.0420 -1.3301  0.0383  0.1354  0.0352  0.2184  0.0397  0.0837  0.2163 0 
 46.0761 -0.4694  0.5097  0.2658  0.4223  0.0232  0.5232  0.4459 -0.0003  0.9903 1 
 43.2654  0.4549 -2.6226  0.2640  0.5173  0.0618  0.4433  0.2977 -0.0003  0.9853 1 
 53.8003  0.0773 -1.9619  0.0251  0.2222  0.2439  0.2933  0.0654 -0.0003  0.2556 0 
 48.9845 -0.1117  1.1198  0.0285  0.2792  0.2308  0.3862  0.0329 -0.0003  0.2492 0 
 54.3740 -0.3087  1.7965  0.0153  0.1584  0.0174  0.2508  0.0528 -0.0003  0.0435 0 
 46.0273  0.3117 -1.3459  0.0139  0.2016  0.0327  0.2617  0.0113 -0.0003  0.0767 0 
 49.3050  0.7256 -2.6400  0.0141  0.3159  0.0367  0.2142  0.0834 -0.0003  0.1430 0 
 41.5320 -0.7344  0.5218  0.0055  0.1609  0.0243  0.1344  0.0003 -0.0003  0.0732 0 
 48.7221 -0.1918  1.6872  0.0541  0.2746  0.1533  0.4727  0.1415 -0.0003  0.4818 0 
 45.0324  0.1895 -1.4740  0.0406  0.6631  0.0501  0.4825  0.0245 -0.0003  0.3294 0 
 43.4546 -0.5380 -1.0982  0.0212  0.6078  0.0377  0.3985  0.0123 -0.0003  0.2332 0 
 36.9024  0.6038  2.0045  0.0146  0.0716  0.1109  0.2777  0.0474 -0.0003  0.0628 0 
 42.6795 -0.7875  1.8020  0.0044  0.4090  0.0435  0.1779  0.0836  0.0658  0.3227 0 
 40.4364  0.8050 -1.3448  0.0012  0.7119  0.0493  0.4063  0.1558 -0.0003  0.3701 0 
 50.5745  0.7846 -0.4165  0.0605  0.2383  0.0643  0.2128  0.0259 -0.0003  0.2973 0 
 44.8981 -0.7871  2.7024  0.0043  0.4722  0.0157  0.2634  0.1458 -0.0003  0.1327 0 
 43.5767 -0.7323 -1.1928  0.0316  0.2887  0.0141  0.1770  0.0041 -0.0003  0.1070 0 
 39.4995  0.7293  1.9705  0.0100  0.1010  0.0140  0.3634  0.0226 -0.0003  0.0408 0 
 50.8583  0.3968 -2.1335  0.0434  0.4548  0.0480  0.2125  0.0195 -0.0003  0.3463 0 
 46.3294 -0.4187  0.9967  0.0060  0.2145  0.0225  0.4789  0.0772 -0.0003  0.0949 0 
 45.3498 -0.5396  0.9134  0.0898  0.2898  0.1218  0.4378  0.1625  0.1458  0.8360 0 
 41.2665  0.4674 -2.1820  0.0605  0.4312  0.0956  0.4938  0.1022  0.3192  0.7885 0 
 47.0802 -0.3083  1.0303  0.0568  0.6905  0.0163  0.2602  0.0334 -0.0003  0.2272 0 
 41.0925  0.3141 -2.0705  0.0462  0.1182  0.2003  0.4045  0.0405 -0.0003  0.1638 0 
 47.0649 -0.2640  0.8371  0.0251  0.2396  0.2401  0.2168  0.1589 -0.0003  0.4922 0 
 45.4566  0.2720 -2.2947  0.0025  0.4026  0.0631  0.2188  0.0190 -0.0003  0.2275 0 
 60.7706  0.4038  2.5938  0.0098  0.7421  0.0631  0.2033  0.0087 -0.0003  0.3288 0 
 45.2277 -0.3964 -0.5564  0.0309  0.4510  0.0573  0.3943  0.0805 -0.0003  0.3218 0 
 46.6377 -0.0571  2.4339  0.3017  0.3462  0.0447  0.4346  0.3283 -0.0003  0.9844 1 
 37.8698  0.0345 -0.7000  0.0915  0.2388  0.0570  0.4595  0.1201  0.0868  0.6782 1 
 47.5410  0.1381  0.7610  0.2566  0.1680  0.0136  0.3460  0.4039  0.2259  0.9970 1 
 30.5119 -0.1306 -2.3030  0.0341  0.4162  0.1747  0.3908  0.0164  0.7630  0.7459 1 
 49.1859 -0.3001  2.5214  0.0796  0.6712  0.0242  0.3858  0.0467 -0.0003  0.4857 1 
 34.5495  0.3064 -0.5760  0.1840  0.2952  0.0359  0.1414  0.1297 -0.0003  0.6770 1 
 44.6021 -0.3766 -0.7246  0.0692  0.2294  0.0220  0.2199  0.0746 -0.0003  0.1676 0 
 40.6165  0.3880  2.4539  0.0220  0.6805  0.0270  0.4058  0.1431  0.1748  0.6094 0 
 42.1088  0.6952 -2.1133  0.0585  0.0791  0.0365  0.2679  0.0895 -0.0003  0.1005 0 
 41.8006 -0.6671  1.0245  0.0092  0.6575  0.0555  0.5816  0.0285 -0.0003  0.2195 0 
 56.9131 -0.1213  1.1696  0.2570  0.3410  0.0558  0.3719  0.2357 -0.0003  0.9556 1 
 46.7750  0.1519 -1.9475  0.3511  0.2845  0.1055  0.6949  0.2559 -0.0003  0.9919 1 
 52.8756  0.3196 -3.1153  0.0045  0.2146  0.2031  0.3788  0.0631 -0.0003  0.1698 0 
 39.2309 -0.3360  0.0354  0.0033  0.4961  0.0238  0.4551  0.0381 -0.0003  0.1253 0 
 43.4363  0.6318  0.8797  0.0294  0.3075  0.0232  0.2214  0.0894 -0.0003  0.1317 0 
 41.8189 -0.5958 -2.2963  0.0327  0.5089  0.0775  0.4026  0.0350 -0.0003  0.2719 0 
 45.8106  0.0693  1.6824  0.0662  0.2860  0.0765  0.2620  0.0041 -0.0003  0.3419 0 
 43.0304 -0.0865 -1.4379  0.0036  0.3765  0.0140  0.1332  0.0148 -0.0003  0.1105 0 
 46.5003 -0.5249 -1.1461  0.0681  0.0546  0.1140  0.1305  0.0195 -0.0003  0.1112 0 
 43.8788  0.5359  1.9890  0.0058  0.2618  0.0331  0.2650  0.0527 -0.0003  0.0747 0 
 41.3733 -0.3883 -0.1638  0.0227  0.3738  0.0416  0.3140  0.0351 -0.0003  0.1812 0 
 36.8078  0.3709  2.9617  0.0063  0.2102  0.0724  0.2316  0.0153 -0.0003  0.1326 0 
 48.2033  0.7865  0.7194  0.0286  0.1645  0.0205  0.2585  0.0032 -0.0003  0.0640 0 
 48.0781 -0.7700 -2.4457  0.0004  0.4367  0.0352  0.5175  0.0153 -0.0003  0.1506 0 
 49.0700  0.2467 -2.5513  0.0363  0.2599  0.0335  0.3431  0.1562 -0.0003  0.2775 0 
 43.3753 -0.2364  0.5788  0.0359  0.4901  0.0027  0.1329  0.0164 -0.0003  0.1190 0 
 46.4973  0.1581  1.8252  0.0238  0.5285  0.0189  0.3915  0.0504 -0.0003  0.1539 0 
 36.1242 -0.1675 -1.2746  0.0008  0.5685  0.0434  0.4656  0.1158 -0.0003  0.2247 0 
 48.9357  0.8051 -1.7980  0.0068  0.5062  0.0358  0.1288  0.0179 -0.0003  0.2301 0 
 38.1903 -0.8035  1.3837  0.0564  0.2617  0.0164  0.2293  0.0330 -0.0003  0.1144 0 
 45.9968  0.5633 -0.5634  0.0283  0.1374  0.0266  0.2617  0.0755 -0.0003  0.0660 0 
 42.0203 -0.5631  2.5742  0.0345  0.1185  0.0087  0.2681  0.0162 -0.0003  0.0402 0 
 53.8643 -0.7204 -0.5098  0.0100  0.0387  0.0392  0.3770  0.0618 -0.0003  0.0646 0 
 43.1434  0.6982  2.6129  0.0644  0.6800  0.0272  0.0887  0.0014 -0.0003  0.3327 0 
 50.7668 -0.4498 -2.6728  0.3027  0.1622  0.0420  0.2552  0.1356 -0.0003  0.8025 1 
 46.1006  0.4247  0.4317  0.1723  0.8045  0.0726  0.5231  0.4058  0.1963  0.9873 1 
 44.1566  0.1046 -1.1752  0.0296  0.1883  0.0105  0.1764  0.0109 -0.0003  0.0590 0 
 43.1556 -0.1171  1.9619  0.0367  0.3131  0.0598  0.3992  0.0300 -0.0003  0.2486 0 
 44.1474 -0.2055 -1.8232  0.0950  0.0888  0.1051  0.3086  0.1013 -0.0003  0.2685 0 
 36.2646  0.2183  1.2971  0.0180  0.3126  0.1128  0.4650  0.0279 -0.0003  0.1968 0 
 46.2959 -0.5625 -2.1723  0.5267  0.3356  0.0768  0.5661  0.6022 -0.0003  0.9980 1 
 45.8045  0.5558  0.9254  0.0611  0.5571  0.0317  0.3057  0.0208 -0.0003  0.3686 1 
 44.8920  0.3721 -1.8973  0.3360  0.3184  0.0562  0.9219  0.5909 -0.0003  0.9983 1 
 38.8617 -0.3820  1.2470  0.2009  0.7296  0.0463  0.5019  0.2152 -0.0003  0.9504 1 
 51.0903 -0.3263  1.2322  0.0051  0.5031  0.1429  0.3821  0.0202 -0.0003  0.2107 0 
 45.4353  0.3450 -1.9285  0.0380  0.6874  0.0873  0.5689  0.0092 -0.0003  0.3001 0 
 50.3578  0.7467  0.3896  0.0039  0.1888  0.1061  0.2130  0.0119 -0.0003  0.1241 0 
 50.0771 -0.7230 -2.7347  0.0883  0.0819  0.0513  0.3414  0.1647 -0.0003  0.2881 0 
 51.4839 -0.0128 -2.7664  0.0273  0.4276  0.1454  0.5932  0.0129  0.1520  0.4255 0 
 46.5614 -0.0074  0.3619  0.0229  0.5335  0.0620  0.3913  0.0276 -0.0003  0.2402 0 
 47.6356 -0.6770 -2.4343  0.0290  0.4338  0.0801  0.5187  0.0600 -0.0003  0.2839 1 
 38.6938  0.6596  0.6328  0.0251  0.7261  0.0458  0.6396  0.1369 -0.0003  0.4610 1 
 53.2723 -0.6879 -1.0539  0.0003  0.6332  0.1403  0.5881  0.0978 -0.0003  0.2784 0 
 45.8808  0.6898  2.1013  0.0592  0.1944  0.0312  0.3492  0.1268 -0.0003  0.2632 0 
 48.9387 -0.2473 -0.8291  0.0354  0.5172  0.1015  0.5580  0.0224 -0.0003  0.2783 0 
 44.9683  0.2465  2.3145  0.0556  0.1119  0.0471  0.1755  0.0084 -0.0003  0.1135 0 
 46.0029  0.1369  2.1970  0.0088  0.3868  0.2665  0.6542  0.1734 -0.0003  0.4523 0 
 40.4974 -0.2189 -0.9396  0.0416  0.2073  0.0457  0.4963  0.0596 -0.0003  0.2469 0 
 47.5471  0.5885 -2.5693  0.0333  0.5196  0.1524  0.3459  0.0026 -0.0003  0.2479 0 
 45.8656 -0.5695  0.5970  0.0500  0.8241  0.0387  0.3929  0.0634 -0.0003  0.4607 0 
 48.0018  0.7156 -0.9872  0.1358  0.4486  0.0351  0.3882  0.4665  0.0171  0.9636 1 
 42.9297 -0.6664  2.1623  0.3290  0.5833  0.0758  0.2221  0.3392 -0.0003  0.9927 1 
 47.7058 -0.6282 -0.4895  0.0694  0.2036  0.0516  0.2592  0.1022 -0.0003  0.3344 0 
 41.3306  0.6623  2.6735  0.0032  0.2960  0.0746  0.2693  0.0556 -0.0003  0.1647 0 
 44.4068  0.5022  1.5521  0.0241  0.3501  0.0649  0.3962  0.0368 -0.0003  0.2207 0 
 40.7446 -0.4653 -1.6820  0.0042  0.3534  0.1697  0.3604  0.0106 -0.0003  0.1871 0 
 45.8686  0.6942  1.7903  0.0062  0.1680  0.1019  0.3056  0.2120 -0.0003  0.2607 0 
 39.1882 -0.6926 -1.2921  0.0751  0.7755  0.0224  0.3642  0.0749 -0.0003  0.4660 0 
 47.8981  0.4523 -2.0117  0.4197  0.7148  0.0535  0.4316  0.4012 -0.0003  0.9953 1 
 38.4985 -0.4416  1.0973  0.2992  0.4080  0.0495  0.3660  0.3648 -0.0003  0.9896 1 
 49.6895 -0.1619  0.0111  0.0472  0.2380  0.0971  0.5131  0.0231 -0.0003  0.2795 0 
 44.6662  0.1606 -3.1220  0.0016  0.7446  0.0367  0.3517  0.0049 -0.0003  0.1878 0 
 48.4230 -0.4283  1.6045  0.0671  0.4249  0.1808  0.4304  0.1303 -0.0003  0.5017 0 
 42.5025  0.3928 -1.5361  0.0893  0.5894  0.0121  0.2672  0.0679 -0.0003  0.3062 0 
 47.1199  0.7852 -0.6901  0.0052  0.2134  0.0163  0.1734  0.0123 -0.0003  0.0572 0 
 44.5869 -0.7937  2.4186  0.0001  0.2579  0.0370  0.2639  0.1618 -0.0003  0.1636 0 
 49.5644 -0.6401 -1.6114  0.0186  0.4372  0.0193  0.2995  0.0129 -0.0003  0.1164 0 
 43.5218  0.6964  1.5346  0.0184  0.5660  0.0771  0.3098  0.0124 -0.0003  0.2314 0 
 37.4548  0.2442 -1.5608  0.3120  0.3143  0.0453  0.3226  0.2104 -0.0003  0.9384 1 
 18.0026 -0.0633  1.6077  0.4817  0.3042  0.0511  0.4622  0.1909 -0.0003  0.9673 1 
 47.1290  0.1258  0.0294  0.0211  0.2847  0.0801  0.4768  0.0186 -0.0003  0.1939 0 
 40.6226 -0.1675 -3.1176  0.0109  0.1692  0.0643  0.1803  0.0103 -0.0003  0.1228 0 
 47.0161  0.4266  2.4814  0.3714  0.7209  0.0671  0.3036  0.2786 -0.0003  0.9906 1 
 42.4201 -0.3921 -0.6546  0.1569  0.3980  0.0522  0.3565  0.2973  0.3520  0.9937 1 
 51.3680 -0.7248  2.9245  0.0134  0.1235  0.0223  0.2120  0.0124 -0.0003  0.0480 0 
 47.0924  0.7241 -0.2401  0.1391  0.3306  0.1115  0.4769  0.0372 -0.0003  0.5272 0 
 51.2154  0.7267 -1.6900  0.0168  0.4708  0.1747  0.4243  0.0643  0.1848  0.4938 0 
 34.1588 -0.7226  1.4283  0.0613  0.2820  0.0173  0.1892  0.0322 -0.0003  0.1357 0 
 48.6519  0.7439  1.9429  0.1077  0.8178  0.0318  0.4299  0.1422 -0.0003  0.7979 1 
 39.4507 -0.6692 -1.2609  0.0729  0.5548  0.1861  0.5453  0.0765  0.7697  0.9401 1 
 47.0527  0.1099  0.9005  0.0711  0.7252  0.0992  0.5203  0.0927 -0.0003  0.5389 0 
 46.6773 -0.1364 -2.2448  0.0311  0.2339  0.0550  0.3042  0.0806 -0.0003  0.1986 0 
 47.6844  0.6826 -0.2833  0.0091  0.2865  0.0165  0.3025  0.0208 -0.0003  0.0595 0 
 32.7886 -0.6888  2.8328  0.0148  0.2984  0.0451  0.4307  0.0186 -0.0003  0.1590 0 
 46.5248  0.5918  2.4438  0.0235  0.3317  0.0256  0.4349  0.0934 -0.0003  0.1848 0 
 45.7801 -0.6095 -0.6842  0.0065  0.1050  0.0102  0.2620  0.0157 -0.0003  0.0337 0 
 46.1189 -0.3496 -0.5664  0.0305  0.1541  0.0878  0.3051  0.0179 -0.0003  0.1269 0 
 44.7578  0.3432  2.5935  0.0018  0.6055  0.0610  0.2636  0.0840 -0.0003  0.2863 0 
 47.5715  0.6586 -2.1517  0.0061  0.4000  0.0130  0.2594  0.0259 -0.0003  0.0728 0 
 47.2267 -0.6661  1.0558  0.0531  0.0112  0.0263  0.3466  0.0296 -0.0003  0.0641 0 
 46.7689  0.3490  2.9826  0.0286  0.3106  0.0560  0.3474  0.1148 -0.0003  0.2942 0 
 40.6165 -0.3456 -0.1479  0.0815  0.2953  0.0816  0.4509  0.0599 -0.0003  0.4440 0 
 53.5439 -0.5838 -1.3037  0.0355  0.4216  0.1411  0.5035  0.0353 -0.0003  0.2789 0 
 43.1678  0.6129  1.8043  0.0000 -1.0000  0.0038  0.0444  0.0014 -0.0003  0.1790 0 
 52.1828 -0.6786  1.5717  0.1566  0.1453  0.0397  0.1689  0.1008 -0.0003  0.4881 0 
 39.0692  0.6842 -1.5275  0.0146  0.4903  0.0628  0.4556  0.0341 -0.0003  0.2054 0 
 47.8431  0.0653 -0.6332  0.0202  0.4989  0.0612  0.4318  0.0880 -0.0003  0.2825 0 
 39.9664 -0.0640  2.5235  0.0547  0.8707  0.0454  0.2717  0.0330  0.2094  0.7180 0 
 51.4473  0.5376  1.6613  0.0450  0.2571  0.0768  0.3390  0.0191 -0.0003  0.2434 0 
 47.5654 -0.5292 -1.4857  0.0341  0.4157  0.0377  0.4757  0.0598 -0.0003  0.2970 0 
 49.1676 -0.6769 -0.6306  0.0778  0.0244  0.0461  0.2572  0.0109 -0.0003  0.0755 0 
 43.7507  0.6719  2.5211  0.0057  0.1481  0.0099  0.1326  0.1691 -0.0003  0.1161 0 
 44.9134 -0.6396  3.0560  0.0027  0.2739  0.0244  0.3950  0.0671 -0.0003  0.0729 0 
 44.4434  0.6507 -0.1086  0.0246  0.0435  0.2295  0.3961  0.0081 -0.0003  0.0572 0 
 47.1595  0.0942 -1.8634  0.0852  0.3809  0.2766  0.6067  0.0379 -0.0003  0.4805 0 
 45.8442 -0.0899  1.2711  0.0652  0.4736  0.0259  0.4366  0.2038 -0.0003  0.6274 0 
 56.9406 -0.5873  0.3452  0.0099  0.3429  0.1063  0.4545  0.0021 -0.0003  0.1721 0 
 44.0620  0.5603 -2.8530  0.0105  0.4097  0.0199  0.3088  0.0120 -0.0003  0.0988 0 
 45.8015  0.7506  2.6327  0.0000  0.3819  0.0229  0.0873 -0.0200 -0.0003  0.2549 0 
 41.7395 -0.7498 -0.5324  0.0647  0.1998  0.0640  0.4923  0.0324  0.5104  0.8957 0 
 46.2989 -0.4804  0.5940  0.0043  0.0535  0.0371  0.2177  0.0180 -0.0003  0.0543 0 
 45.2583  0.5242 -2.5937  0.0544  0.4655  0.0735  0.4818  0.0203  0.1430  0.5561 0 
 42.0203  0.1130 -2.5905  0.3573  0.4687  0.0283  0.4914  0.3201 -0.0003  0.9819 1 
 24.7807 -0.0235  0.6282  0.1598  0.3004  0.0464  0.3122  0.1014  0.2433  0.9167 1 
 46.9215 -0.7384  2.5688  0.0100  0.2038  0.0789  0.4773  0.0423 -0.0003  0.1383 0 
 35.7122  0.7268 -0.6498  0.0160  0.4215  0.0327  0.3737  0.1191 -0.0003  0.2117 0 
 48.2033  0.0125  1.8555  0.0515  0.0834  0.0563  0.4309  0.0945 -0.0003  0.1643 0 
 44.7578 -0.0159 -1.2732  0.0354  0.4872  0.0154  0.1318  0.1601 -0.0003  0.1970 0 
 42.6947 -0.6568 -2.2662  0.0819  0.6661  0.0604  0.5338  0.0944  0.4181  0.9892 1 
 37.6806  0.6030  0.9040  0.0352  0.4059  0.0833  0.2301  0.0040 -0.0003  0.3030 1 
 45.3681  0.5874  0.1623  0.0016  0.3875  0.1223  0.2189  0.0179 -0.0003  0.1981 0 
 44.5594 -0.5834 -3.0160  0.0060  0.1542  0.1601  0.3079  0.0572 -0.0003  0.1013 0 
 50.1656 -0.0697 -1.1351  0.0216  0.1250  0.0369  0.3412  0.1364 -0.0003  0.1183 0 
 46.2348  0.0647  2.0027  0.0143  0.3786  0.0365  0.2613  0.0477 -0.0003  0.1376 0 
 51.1635  0.5396  2.0057  0.0251  0.4634  0.1131  0.4668  0.0191  0.1827  0.4400 0 
 44.0131 -0.5233 -1.1211  0.0114  0.1396  0.0314  0.3089  0.0049 -0.0003  0.0625 0 
 42.3499 -0.2302  0.1974  0.0072  0.2198  0.0583  0.4458  0.1209 -0.0003  0.1692 0 
 32.7123  0.2680 -2.9394  0.1505  0.1647  0.1103  0.2873  0.0688 -0.0003  0.5130 0 
 43.3326 -0.7001  1.7869  0.0389  0.3164  0.0555  0.3102  0.0187 -0.0003  0.2489 0 
 42.0050  0.6944 -1.3262  0.0013  0.0740  0.0828  0.2234  0.0421 -0.0003  0.0752 0 
 44.4862 -0.7443 -0.4577  0.0594  0.3516  0.0602  0.4840  0.0502 -0.0003  0.3957 0 
 42.4720  0.7261  2.7085  0.0187  0.8474  0.0478  0.3118  0.0161 -0.0003  0.2985 0 
 45.2247 -0.2811 -2.6334  0.7635  0.2664  0.0369  0.3505  0.6948 -0.0003  0.9966 1 
 43.0243  0.2672  0.5376  0.0491  0.7430  0.0239  0.5771  0.1453  0.1903  0.7176 1 
 36.2097 -0.4832  1.0142  0.0220  0.1381  0.0332  0.2791  0.0441 -0.0003  0.0629 0 
 25.5192  0.5433 -2.1102  0.0661  0.6730  0.0235  0.3093  0.0175 -0.0003  0.3553 0 
 53.6751  0.7414  0.0137  0.5543  0.3029  0.0399  0.4612  0.4331 -0.0003  0.9951 1 
 43.1708 -0.7313 -3.1073  0.1794  0.2222  0.1067  0.5322  0.2361 -0.0003  0.9337 1 
 43.5523 -0.5667 -1.3780  0.3807  0.3634  0.0229  0.3540  0.4460 -0.0003  0.9942 1 
 35.7702  0.5542  1.7352  0.0854  0.5245  0.0545  0.2801  0.1855 -0.0003  0.7897 1 
 51.0018  0.5960  0.1124  0.0586  0.1852  0.0678  0.1699  0.1052 -0.0003  0.3591 0 
 44.9622 -0.5582 -3.0221  0.0078  0.1171  0.2729  0.4827  0.0135 -0.0003  0.1317 0 
 45.2461  0.7847 -1.5517  0.0042  0.4303  0.0457  0.3067  0.0915 -0.0003  0.1756 0 
 43.2685 -0.7902  1.6339  0.0814  0.1380  0.0735  0.3989  0.2276 -0.0003  0.5422 0 
 45.1179  0.7774  2.2165  0.0035  0.2658  0.0222  0.3946  0.6312 -0.0003  0.6711 0 
 41.6175 -0.7768 -0.9127  0.0417  0.4087  0.0249  0.4031  0.0919  0.2374  0.7010 0 
 48.6580  0.3703 -2.3351  0.0199  0.7100  0.0967  0.6448  0.0168 -0.0003  0.2775 0 
 45.2125 -0.3808  0.7838  0.0115  0.1237  0.0315  0.1753 -0.0200 -0.0003  0.0871 0 
 49.1554 -0.7657 -1.8843  0.0121  0.4802  0.0535  0.4287  0.0805 -0.0003  0.2278 0 
 34.9340  0.7479  1.2674  0.0344  0.1181  0.0161  0.3760  0.0294 -0.0003  0.0618 0 
 48.4413  0.7058  1.5084  0.0084  0.1944  0.0168  0.3873  0.0341 -0.0003  0.0521 0 
 45.3254 -0.6929 -1.6527  0.0151  0.5962  0.0296  0.4379  0.0109 -0.0003  0.1966 0 
 50.2144 -0.4755 -0.4385  0.0126  0.0898  0.0146  0.3411  0.0732 -0.0003  0.0433 0 
 44.8218  0.4814  2.6880  0.0011  0.2133  0.0220  0.2196  0.0215 -0.0003  0.0508 0 
 46.5431 -0.3788  0.2551  0.0010  0.1341  0.0145  0.2609  0.0515 -0.0003  0.0339 0 
 45.9541  0.3894 -2.8851  0.0113  0.1922  0.0474  0.3927  0.0474 -0.0003  0.1030 0 
 44.6357 -0.8021 -2.4740  0.0109  0.1417  0.0414  0.6155  0.0893 -0.0003  0.1731 1 
 41.1231  0.8109  0.6180  0.1372  0.7859  0.0490  0.5841  0.1107 -0.0003  0.8685 1 
 41.8982  0.7957 -2.5259  0.0000  0.0482  0.0229  0.1789  0.0091 -0.0003  0.0478 0 
 26.2547 -0.7956  0.6756  0.0441  0.2204  0.0049  0.1533  0.0056 -0.0003  0.0818 0 
 46.1463 -0.2066  2.0996  0.0686  0.6211  0.0816  0.5230  0.1711 -0.0003  0.6868 0 
 44.0772  0.2041 -1.0594  0.0370  0.1534  0.0144  0.2647  0.0357  0.0336  0.0827 0 
 44.9500 -0.3041  2.3219  0.0445  0.3115  0.1345  0.3950  0.0895 -0.0003  0.3449 0 
 43.9918  0.3095 -0.8291  0.0049  0.4350  0.0180  0.3089  0.0126 -0.0003  0.0892 0 
 43.2349  0.5354 -1.4531  0.1798  0.5022  0.1276  0.5320  0.3211 -0.0003  0.9833 1 
 34.4762 -0.5070  1.6839  0.3282  0.4422  0.0311  0.5661  0.2531  0.2303  0.9987 1 
 39.2096  0.6498  2.8552  0.2957  0.5292  0.0271  0.4552  0.4090 -0.0003  0.9893 1 
 32.1050 -0.6823 -0.2479  0.2170  0.4811  0.0222  0.3370  0.2238  0.2466  0.9881 1 
 43.9307  0.3163 -2.7422  0.0014  0.4794  0.0282  0.3532  0.1547 -0.0003  0.1885 0 
 42.3560 -0.3339  0.3656  0.0030  0.0783  0.0789  0.3566  0.0616 -0.0003  0.0688 0 
 45.7313  0.6291  1.8385  0.0165  0.5931  0.0407  0.2621  0.0241 -0.0003  0.2342 0 
 39.4995 -0.6286 -1.3247  0.0044  0.3188  0.0371  0.1817  0.0611 -0.0003  0.1237 0 
 39.1821  0.0193 -2.2240  0.2130  0.0905  0.0420  0.2276  0.2999  0.3634  0.9951 1 
 26.3951 -0.0022  0.9389  0.0801  0.5497  0.0194  0.4081  0.0991  0.1991  0.7410 1 
 42.6245  0.1929 -2.6330  0.0560  0.8409  0.0345  0.3115  0.0445 -0.0003  0.4332 0 
 42.6032 -0.1714  0.5392  0.1921  0.7408  0.0349  0.4896  0.1319 -0.0003  0.8816 0 
 50.0130 -0.7467  1.9922  0.0761  0.2690  0.0317  0.2561  0.0320 -0.0003  0.2399 0 
 48.8197  0.7580 -1.2192  0.0292  0.7420  0.1394  0.3007  0.0381 -0.0003  0.3293 0 
 39.7864  0.5663  1.5880  0.0773  0.2165  0.0882  0.5894  0.1685  0.5235  0.9317 1 
 36.7498 -0.5931 -1.5342  0.0842  0.3851  0.0678  0.6024  0.1815  0.5441  0.9913 1 
 39.8230 -0.5755 -1.9653  0.0413  0.6312  0.0931  0.3173  0.0322 -0.0003  0.3264 0 
 36.0113  0.5634  1.1930  0.0266  0.2235  0.0268  0.3262  0.0416 -0.0003  0.0879 0 
 52.3659  0.0340  0.3084  0.1526  0.4613  0.1044  0.4219  0.3155 -0.0003  0.9698 1 
 49.0120 -0.0437 -2.8093  0.2017  0.4055  0.1370  0.4720  0.2507 -0.0003  0.9718 1 
 54.9874  0.3401 -0.0551  0.0143  0.5537  0.0725  0.2084  0.0126 -0.0003  0.3015 0 
 48.2795 -0.3184  3.0308  0.0134  0.2264  0.0433  0.3877  0.0298 -0.0003  0.1123 0 
 48.6946 -0.6415 -0.2250  0.1038  0.1519  0.0486  0.3868  0.1063 -0.0003  0.4079 0 
 44.1138  0.6303  2.9236  0.0868  0.3732  0.1043  0.5292  0.0342 -0.0003  0.4352 0 
 52.4575 -0.5832 -0.1698  0.0335  0.4217  0.0676  0.5482  0.0817 -0.0003  0.3411 0 
 34.8058  0.5978  2.9237  0.0374  0.6336  0.0123  0.1411  0.0475 -0.0003  0.1571 0 
 46.8208  0.7478  0.8855  0.0001  0.2946  0.0115  0.4342  0.0814 -0.0003  0.0635 0 
 35.6542 -0.7641 -2.2394  0.0038  0.5290  0.0241  0.4673  0.0229 -0.0003  0.1386 0 
 50.4219 -0.2820  0.7327  0.0154  0.0883  0.0385  0.3834  0.0428 -0.0003  0.0688 0 
 47.0985  0.2889 -2.4385  0.0201  0.3018  0.0936  0.4769  0.0478 -0.0003  0.2114 0 
 50.8827  0.6111  2.3985  0.0675  0.0916  0.0378  0.2975  0.1019 -0.0003  0.1403 0 
 46.1341 -0.6114 -0.7313  0.0343  0.5152  0.0302  0.2179  0.0366 -0.0003  0.2016 0 
 46.3416  0.0807  1.9267  0.0407  0.6015  0.0362  0.3047  0.0617 -0.0003  0.3150 0 
 45.4139 -0.1209 -1.1717  0.0217  0.0213  0.0594  0.2626  0.0152 -0.0003  0.0739 0 
 43.9765 -0.2360  2.2183  0.0379  0.4087  0.0317  0.2648  0.0213 -0.0003  0.2035 0 
 42.5971  0.2369 -0.9281  0.0446  0.0536  0.0114  0.1780  0.1041 -0.0003  0.0565 0 
 45.2430  0.1689 -1.7117  0.0105  0.3621  0.0182  0.1752  0.1098  0.0318  0.1493 0 
 44.7578 -0.1762  1.4168  0.0720  0.2164  0.1050  0.6590  0.0478 -0.0003  0.4564 0 
 47.4708  0.1376  1.1353  0.0075  0.2535  0.0217  0.4759  0.0508 -0.0003  0.0957 0 
 45.2003 -0.1288 -2.0045  0.0227  0.3305  0.0526  0.3944  0.0289 -0.0003  0.1985 0 
 49.2164  0.4031 -0.7883  0.0158  0.4430  0.0424  0.2143  0.0093 -0.0003  0.2346 0 
 39.0936 -0.4424  2.3500  0.0014  0.0494  0.0237  0.0911  0.0501 -0.0003  0.0564 0 
 48.6488 -0.7959  0.7824  0.0123  0.4150  0.0288  0.1719  0.0021 -0.0003  0.1829 0 
 40.3632  0.7918 -2.3738  0.0222  0.0989  0.0430  0.2258  0.0795 -0.0003  0.0754 0 
 64.6830 -0.5185 -1.8414  0.0102  0.4143  0.1006  0.3204  0.0173 -0.0003  0.1884 0 
 41.8402  0.5309  1.3660  0.0021  0.1430  0.0428  0.1342  0.0515 -0.0003  0.0763 0 
 48.2551 -0.1597  0.8599  0.0609  0.3688  0.1246  0.6031  0.0888 -0.0003  0.4618 0 
 43.1464  0.1677 -2.2596  0.0579  0.4838  0.0136  0.2218  0.0125 -0.0003  0.1667 0 
 40.2472 -0.2142  0.2283  0.0492  0.6956  0.0543  0.2712  0.0517 -0.0003  0.4981 1 
 35.4345  0.2184 -2.9442  0.1449  0.2432  0.0728  0.2808  0.1286 -0.0003  0.7073 1 
 47.2267  0.7106  0.7945  0.2976  0.5161  0.0631  0.3466  0.3955 -0.0003  0.9939 1 
 26.2974 -0.7480 -2.2992  0.0565  0.3688  0.0279  0.2043  0.1028  0.2109  0.6991 1 
 35.9625 -0.6403 -1.7616  0.0665  0.1534  0.0243  0.4661  0.0748 -0.0003  0.2344 0 
 34.9096  0.6111  1.3403  0.0891  0.3075  0.0460  0.3290  0.1207 -0.0003  0.5455 0 
 44.5991 -0.4313 -2.4039  0.1822  0.5019  0.0310  0.3518  0.2054 -0.0003  0.8664 0 
 33.4966  0.4185  0.7537  0.0702  0.4049  0.0248  0.7134  0.1370  0.1130  0.7793 0 
 48.1086 -0.1642 -0.5215  0.0390  0.3104  0.1857  0.4743  0.0394 -0.0003  0.2873 0 
 43.2471  0.1366  2.6397  0.0576  0.3544  0.0399  0.3990  0.0788 -0.0003  0.3763 0 
 48.3375  0.4504  0.3613  0.1971  0.3533  0.0752  0.5167  0.3535 -0.0003  0.9822 1 
 47.3548 -0.4542 -2.7427  0.4413  0.4288  0.1010  0.3896  0.4140 -0.0003  0.9975 1 
 44.7883  0.5652  1.9834  0.0080  0.6321  0.0241  0.2635  0.0392  0.0717  0.2167 0 
 41.7792 -0.5740 -1.1905  0.0410  0.3461  0.0579  0.4922  0.0060 -0.0003  0.2820 0 
 50.3334  0.4385 -2.0570  0.0679  0.2855  0.2271  0.5967  0.0384  0.2855  0.6123 0 
 42.6795 -0.4460  1.0784  0.0177  0.4751  0.0113  0.1335  0.0057 -0.0003  0.1318 0 
 59.2874  0.3399 -2.4716  0.0203  0.2516  0.3565  0.2863  0.0060 -0.0003  0.2006 0 
 46.7109 -0.3706  0.6411  0.0268  0.4617  0.0374  0.3475  0.0222 -0.0003  0.2210 0 
 43.4485  0.4935 -1.6150  0.2876  0.3182  0.0391  0.5313  0.2474 -0.0003  0.9652 1 
 38.8251 -0.4908  1.5206  0.1694  0.3887  0.0390  0.3651  0.0798 -0.0003  0.6735 1 
 53.1197  0.5091  0.4611  0.0960  0.3339  0.0306  0.3783  0.1268 -0.0003  0.5500 0 
 52.0058 -0.4940 -2.6688  0.1254  0.3739  0.0399  0.3381  0.2204 -0.0003  0.8098 0 
 47.8035  0.0791 -2.7823  0.0483  0.1922  0.2106  0.3886  0.0362 -0.0003  0.2487 0 
 39.0387 -0.0740  0.4017  0.0203  0.1859  0.0508  0.5013  0.0154 -0.0003  0.1511 0 
 54.9233 -0.4785  2.8808  0.0188  0.4072  0.1619  0.2918  0.0101 -0.0003  0.2191 0 
 47.5074  0.4743 -0.2957  0.0082  0.1976  0.1735  0.5623  0.0912 -0.0003  0.2218 0 
 49.1920  0.5133  0.2513  0.0884  0.1435  0.0507  0.5144  0.0637 -0.0003  0.3698 0 
 39.6674 -0.5380 -2.8954  0.0013  0.7324  0.0095  0.2722  0.1099  0.1282  0.2488 0 
 51.4626 -0.4629 -0.7561  0.0909  0.1418  0.0408  0.2966  0.0341 -0.0003  0.1974 0 
 35.4314  0.4501  2.3533  0.0040  0.4732  0.0095  0.1872  0.0872  0.1591  0.2384 0 
 47.5349 -0.5672 -2.6360  0.0222  0.4292  0.0772  0.3892  0.0217 -0.0003  0.2185 0 
 42.5971  0.5793  0.5007  0.0015  0.7601  0.0194  0.2671  0.0302 -0.0003  0.1223 0 
 44.9012 -0.7389 -1.7458  0.0534  0.8008  0.1946  0.6146  0.0902 -0.0003  0.4550 0 
 43.2380  0.7625  1.3525  0.0054  0.5965  0.0342  0.2217  0.0196 -0.0003  0.1861 0 
 51.5267 -0.6252 -2.1474  0.0319  0.0604  0.0187  0.1695  0.0091 -0.0003  0.0492 0 
 32.8893  0.6201  1.0148  0.0598  0.3400  0.0472  0.1913  0.0110 -0.0003  0.3440 0 
 48.1178 -0.1325 -0.8872  0.1095  0.3430  0.0945  0.3449  0.2111 -0.0003  0.8332 0 
 35.6268  0.1513  2.2513  0.0330  0.2176  0.0497  0.6076  0.0236  0.0920  0.3354 0 
 43.7507  0.7585 -0.1874  0.0787  0.1673  0.0297  0.3094  0.1558 -0.0003  0.3327 0 
 39.6094 -0.6518  2.9439  0.0115  0.1080  0.1012  0.3177  0.0190 -0.0003  0.0718 0 
 46.2989 -0.3914 -0.5749  0.0070  0.0276  0.0124  0.1742  0.0539  0.1696  0.3043 0 
 43.0549  0.4228  2.5637  0.0786  0.2622  0.0315  0.3551  0.0339 -0.0003  0.2810 0 
 38.7427  0.1849  1.7222  0.4203  0.6403  0.0428  0.4567  0.4477 -0.0003  0.9959 1 
 27.3716 -0.2864 -1.4497  0.1812  0.2392  0.0190  0.3028  0.2222  0.1737  0.9405 1 
 49.6468 -0.5056  2.2309  0.0558  0.7171  0.0697  0.2566  0.0170 -0.0003  0.4545 0 
 47.0222  0.5308 -0.8649  0.0084  0.2085  0.0646  0.4337  0.0903 -0.0003  0.1460 0 
 49.1402  0.4834  1.8560  0.0952  0.2510  0.0837  0.5145  0.3201  0.1897  0.9398 0 
 44.9226 -0.4835 -1.2832  0.0107  0.5726  0.0327  0.5267  0.0096  0.2518  0.5646 0 
 56.1196 -0.3118 -0.1746  0.0267  0.2827  0.0468  0.3732 -0.0200 -0.0003  0.2063 0 
 53.5012  0.3065  2.9965  0.0076  0.1414  0.0366  0.3357  0.0095 -0.0003  0.0662 0 
 42.0600 -0.2546 -2.8073  0.2101  0.5789  0.1537  0.6699  0.2943 -0.0003  0.9876 1 
 40.2869  0.2708  0.3431  0.5020  0.4627  0.0382  0.3163  0.5898 -0.0003  0.9979 1 
 41.6846 -0.0229 -2.0959  0.0028  0.4431  0.0279  0.4029  0.0276 -0.0003  0.1145 0 
 36.3012  0.0532  1.0454  0.0129  0.1373  0.0303  0.1860  0.0085 -0.0003  0.0635 0 
 53.3730  0.1579  0.3350  0.0050  0.4284  0.2504  0.3359  0.0052 -0.0003  0.2084 0 
 46.1158 -0.2146 -2.7720  0.0011  0.0351  0.0519  0.0872  0.1424 -0.0003  0.1168 0 
 47.0253 -0.5153  2.0271  0.0247  0.3663  0.0572  0.6505  0.0519 -0.0003  0.3030 0 
 46.1891  0.5469 -1.1333  0.0273  0.1107  0.0429  0.5229  0.1716 -0.0003  0.2166 0 
 46.9032 -0.1528 -0.3364  0.0218  0.4882  0.0687  0.3906  0.0556 -0.0003  0.2526 0 
 42.4475  0.1997  2.8022  0.0093  0.1312  0.0069  0.1337  0.0279 -0.0003  0.0404 0 
 46.6957  0.5301  1.9603  0.0084  0.1302  0.0377  0.3476  0.0125  0.0589  0.1086 0 
 38.6358 -0.5056 -1.2084  0.0400  0.2586  0.0202  0.1828  0.0591 -0.0003  0.1146 0 
 46.2226  0.3949  2.4833  0.0059  0.2343  0.0593  0.4356  0.1430 -0.0003  0.1899 0 
 38.0255 -0.3799 -0.5990  0.0302  0.1411  0.0111  0.0918  0.0073 -0.0003  0.0685 0 
 44.2359  0.4571  0.2335  0.2004  0.1589  0.0501  0.4407  0.3626 -0.0003  0.9464 1 
 38.1476 -0.4946 -2.8710  0.4175  0.4108  0.0540  0.5962  0.1035 -0.0003  0.9313 1 
 46.1799 -0.1475 -2.4482  0.0105  0.2725  0.0822  0.3486  0.0076 -0.0003  0.1551 0 
 44.3427  0.1562  0.7042  0.0306  0.2672  0.0197  0.4845  0.1113 -0.0003  0.2163 0 
 44.1993  0.7883 -1.5198  0.0336  0.3238  0.0458  0.3085  0.0108 -0.0003  0.2181 1 
 29.9077 -0.7933  1.5743  0.2560  0.5114  0.0198  0.2949  0.2717  0.1824  0.9641 1 
 46.5034 -0.5921 -1.4955  0.0022  0.0988  0.0163  0.1740  0.0057 -0.0003  0.0444 0 
 38.0346  0.6156  1.6089  0.0070  0.2686  0.1062  0.1836  0.0004 -0.0003  0.1996 0 
 50.3426  0.4602 -2.3343  0.0331  0.2259  0.1075  0.3409  0.0360 -0.0003  0.1915 0 
 48.6244 -0.4695  0.8052  0.0126  0.4642  0.0303  0.3870  0.1021 -0.0003  0.1819 0 
 52.1492  0.1407  2.2712  0.0532  0.0825  0.0263  0.0845  0.0112 -0.0003  0.0834 0 
 41.4038 -0.1434 -0.7935  0.0211  0.0934  0.1032  0.3140  0.0499 -0.0003  0.0765 0 
 52.0790 -0.3895  1.3525  0.0622  0.3572  0.1726  0.3802  0.0650 -0.0003  0.3719 0 
 34.5800  0.4238 -1.7389  0.0079  0.4272  0.0227  0.2357  0.0068 -0.0003  0.1200 0 
 43.7324  0.7757  0.7628  0.0197  0.0643  0.1819  0.3094  0.1033 -0.0003  0.0687 0 
 42.4048 -0.7582 -2.2651  0.0266  0.1378  0.2530  0.4011  0.0224 -0.0003  0.1551 0 
 43.0579  0.3875 -2.3762  0.0653  0.5509  0.0269  0.3107  0.0275 -0.0003  0.3409 0 
 40.1495 -0.3916  0.7777  0.0166  0.1262  0.0457  0.4070  0.0444 -0.0003  0.0900 0 
 44.0803  0.1067  1.7029  0.0236  0.0760  0.0869  0.2647  0.0101 -0.0003  0.0775 0 
 39.5819 -0.0716 -1.4101  0.0052  0.5846  0.0095  0.2270  0.0783  0.0363  0.1166 0 
 45.0813  0.7699  1.7813  0.0911  0.1667  0.0197  0.2631  0.0499 -0.0003  0.1502 0 
 37.1191 -0.7725 -1.3542  0.0000  0.6260  0.0100  0.0000 -0.0200 -0.0003  0.2423 0 
 44.7242  0.5027  1.7810  0.0044  0.2153  0.0515  0.3955  0.0534 -0.0003  0.1032 0 
 41.7945 -0.5383 -1.4205  0.0531  0.2785  0.0206  0.4027  0.1809 -0.0003  0.3537 0 
 43.6225  0.4087  1.0996  0.1039  0.7564  0.0424  0.5308  0.0997 -0.0003  0.7796 1 
 43.5187 -0.3839 -2.0490  0.3466  0.5046  0.0592  0.4426  0.3475 -0.0003  0.9922 1 
 48.2643  0.3094 -2.0352  0.3521  0.2622  0.0541  0.3015  0.4588 -0.0003  0.9948 1 
 32.4834 -0.3266  1.0901  0.3333  0.5328  0.0324  0.3359  0.2770 -0.0003  0.9738 1 
 44.7150 -0.7724 -2.3705  0.2914  0.7660  0.0556  0.4395  0.2673 -0.0003  0.9790 1 
 41.5747  0.7812  0.7428  0.0182  0.7249  0.0592  0.6721  0.1038 -0.0003  0.3689 1 
 48.7526 -0.5826  1.7874  0.0109  0.2337  0.0616  0.2148  0.0991 -0.0003  0.1874 0 
 37.9828  0.6036 -1.3759  0.0881  0.3106  0.0154  0.1377  0.0543 -0.0003  0.1830 0 
 46.5553 -0.5901  0.7983  0.0117  0.2944  0.0396  0.3479  0.0566 -0.0003  0.1173 0 
 44.9287  0.5794 -2.3658  0.0272  0.2553  0.0287  0.3950  0.0164 -0.0003  0.1300 0 
 48.7800  0.0964  2.8940  0.2388  0.3507  0.0443  0.3007  0.2569 -0.0003  0.9378 0 
 41.0925 -0.0903 -0.2658  0.1118  0.4569  0.0255  0.2697  0.1451 -0.0003  0.5720 0 
 38.5138 -0.7049 -1.3913  0.2278  0.3976  0.0553  0.3202  0.2026  0.3482  0.9960 1 
 29.7398  0.7338  1.7240  0.0102  0.1526  0.0519  0.3446  0.0030  0.5355  0.9673 1 
 45.2186 -0.2364  2.4237  0.0415  0.2270  0.0837  0.4819  0.1351 -0.0003  0.3711 0 
 44.0314  0.2157 -0.7154  0.0063  0.5507  0.0709  0.4412  0.1673 -0.0003  0.3458 0 
 49.1707 -0.0736  2.9815  0.0201  0.3011  0.0439  0.3430  0.0189 -0.0003  0.1571 0 
 47.5746  0.0529 -0.1982  0.0912  0.3475  0.0887  0.4324  0.0319 -0.0003  0.4435 0 
 52.1523  0.2848  0.6345  0.0011  0.1357  0.0308  0.2956  0.0443 -0.0003  0.0459 0 
 44.9256 -0.3063 -2.5160  0.0194  0.1401  0.0335  0.4828  0.0287 -0.0003  0.1066 0 
 50.7698  0.6849 -2.8357  0.0971  0.8139  0.0504  0.5528  0.2203 -0.0003  0.8959 1 
 45.9754 -0.6838  0.2705  0.1115  0.4222  0.0694  0.3926  0.2242 -0.0003  0.8587 1 
 49.0120 -0.7672 -0.1300  0.0334  0.3007  0.0842  0.5578  0.0222 -0.0003  0.2671 0 
 45.9663  0.7514  3.0229  0.0194  0.3513  0.1144  0.5235  0.1644 -0.0003  0.3548 0 
 46.7933  0.1203 -0.4914  0.0317  0.3575  0.1393  0.9119  0.1175 -0.0003  0.5839 0 
 39.8627 -0.1662  2.6492  0.0915  0.0316  0.1073  0.2719  0.0590 -0.0003  0.0946 0 
 50.7118  0.7345  0.1762  0.0037  0.1633  0.0241  0.4254  0.0989 -0.0003  0.0740 0 
 41.8189 -0.7424 -2.9564  0.0156  0.6528  0.0163  0.4473  0.0113 -0.0003  0.1634 0 
 45.3437  0.1090 -0.2285  0.0063  0.3958  0.0160  0.2189  0.0998 -0.0003  0.1022 0 
 42.2034 -0.0914  2.9239  0.1099  0.7183  0.0521  0.4462  0.0983 -0.0003  0.7877 0 
 46.1769 -0.1507 -2.3809  0.0293  0.2719  0.0382  0.4358  0.0279 -0.0003  0.1819 0 
 44.7181  0.1829  0.7517  0.0240  0.4935  0.0184  0.2197  0.0412 -0.0003  0.1241 0 
 46.8269  0.4652  0.0033  0.4240  0.1050  0.0359  0.7381  0.5093  0.0391  0.9988 1 
 44.2603 -0.4158  3.1310  0.5699  0.6834  0.0314  0.4847  0.6152 -0.0003  0.9980 1 
 45.6123  0.3338  1.3783  0.0232  0.4498  0.0421  0.6557  0.0992 -0.0003  0.3477 0 
 44.0192 -0.3296 -1.7697  0.0352  0.6929  0.0222  0.3530  0.0248 -0.0003  0.2208 0 
 57.6638 -0.3686  0.6826  0.0708  0.0982  0.0129  0.3295  0.0400 -0.0003  0.0735 0 
 44.1596  0.3622 -2.4714  0.0069  0.7413  0.0123  0.3086  0.0280 -0.0003  0.1113 0 
 52.6619  0.5591 -1.8101  0.0724  0.5129  0.0428  0.4634  0.0436 -0.0003  0.4923 0 
 48.2887 -0.5684  1.3414  0.0058  0.5250  0.0434  0.0862  0.0112 -0.0003  0.3285 0 
 48.9448 -0.2641  1.5724  0.4690  0.6814  0.0634  0.4721  0.4088 -0.0003  0.9957 1 
 36.4050  0.2755 -1.5395  0.6614  0.5836  0.0477  0.5110  0.4213 -0.0003  0.9953 1 
 38.2116 -0.4735 -2.2297  0.4858  0.5674  0.0338  0.3209  0.3649 -0.0003  0.9955 1 
 26.6911  0.5083  0.9065  0.0723  0.7745  0.0339  0.5085  0.2038 -0.0003  0.8090 1 
 48.6671 -0.7717  1.8271  0.0147  0.3537  0.0218  0.2579  0.0837 -0.0003  0.1020 0 
 45.0751  0.7630 -1.3129  0.0383  0.2469  0.0471  0.2631  0.0925 -0.0003  0.2270 0 
 48.4962  0.3125 -1.8186  0.4525  0.5388  0.0245  0.3872  0.5106  0.1131  0.9978 1 
 39.6460 -0.3114  1.2800  0.1921  0.2835  0.0186  0.4084  0.1856 -0.0003  0.7676 1 
 47.2358 -0.3215  1.3823  0.0065  0.2011  0.0711  0.2166  0.0496 -0.0003  0.1284 0 
 44.5197  0.3386 -1.7707  0.0038  0.3563  0.0382  0.4400  0.1489 -0.0003  0.2120 0 
 52.3690  0.6028 -1.3502  0.0585  0.4979  0.0579  0.3797  0.4127 -0.0003  0.8844 0 
 48.9906 -0.6168  1.7630  0.0519  0.3135  0.1451  0.5579  0.0295 -0.0003  0.3363 0 
 48.0415 -0.2488 -1.0360  0.0061  0.5563  0.1397  0.4313  0.0123  0.4632  0.5604 0 
 45.8503  0.2330  2.1604  0.0062  0.1754  0.0942  0.3929  0.0117 -0.0003  0.1024 0 
 51.8563  0.0453  0.3560  0.0147  0.3827  0.1040  0.5075  0.0712 -0.0003  0.2345 0 
 48.4901 -0.0492 -2.8260  0.0116  0.7318  0.0180  0.4303  0.1765 -0.0003  0.2813 0 
 34.3511  0.8000 -0.5947  0.0222  0.4198  0.0174  0.2361  0.0114 -0.0003  0.1168 0 
 24.5182 -0.7915  2.6862  0.1094  0.4824  0.0470  0.4176  0.1959 -0.0003  0.8301 0 
 52.6558  0.3969  1.6885  0.0055  0.3537  0.0909  0.3371  0.0098 -0.0003  0.1657 0 
 46.7414 -0.3775 -1.4656  0.0739  0.1541  0.0671  0.4344  0.0319 -0.0003  0.2679 0 
 45.0629  0.5984 -2.6239  0.1675  0.2975  0.0482  0.3947  0.0568 -0.0003  0.5959 1 
 40.9308 -0.6228  0.5107  0.2813  0.3800  0.0682  0.2699  0.2779  0.4963  0.9993 1 
 52.4605 -0.1466  1.8337  0.0129  0.0952  0.0399  0.2952  0.0207 -0.0003  0.0604 0 
 41.2024  0.1377 -1.2474  0.0425  0.2729  0.0678  0.4491  0.0429 -0.0003  0.2749 0 
 44.0803 -0.4195 -2.7551  0.0713  0.5136  0.0180  0.3088  0.0423  0.2080  0.7210 0 
 38.4283  0.3898  0.4053  0.0733  0.7756  0.0210  0.3661  0.1381 -0.0003  0.5418 0 
 37.0306 -0.1730  2.7243  0.0217  0.3608  0.0292  0.1849  0.0035 -0.0003  0.1747 0 
 32.4712  0.2002 -0.4510  0.0567  0.6073  0.0425  0.1440  0.0230 -0.0003  0.4262 0 
 48.0293  0.1251  0.3471  0.3351  0.3374  0.0442  0.5176  0.6238 -0.0003  0.9981 1 
 42.7955 -0.0970 -2.7743  0.1110  0.1205  0.0406  0.1334  0.1229  0.4333  0.9912 1 
 51.1269 -0.4072 -1.6753  0.0000  0.2724  0.1070  0.0849  0.0294 -0.0003  0.2993 0 
 46.1524  0.4230  1.5183  0.0341  0.1926  0.0337  0.3486  0.0136 -0.0003  0.1159 0 
 47.5105  0.2812  0.7315  0.0557  0.3025  0.0723  0.3893  0.0047 -0.0003  0.2997 0 
 45.7008 -0.2817 -2.3923  0.0107  0.6673  0.0337  0.2622  0.0117 -0.0003  0.2066 0 
 47.1626 -0.4033  3.0240  0.0194  0.2380  0.0764  0.3467  0.0276 -0.0003  0.1590 0 
 44.1230  0.4097 -0.0924  0.0017  0.1323  0.0457  0.1764  0.1739 -0.0003  0.1575 0 
 54.0902  0.4276  0.2726  0.0857  0.6687  0.0916  0.6277  0.0560 -0.0003  0.5045 0 
 45.2796 -0.4272 -2.8501  0.0110  0.3574  0.0152  0.2190  0.0280 -0.0003  0.0799 0 
 44.6601  0.4890  2.7084  0.0155  0.4756  0.0261  0.3077  0.0527 -0.0003  0.1270 0 
 38.8434 -0.4752 -0.4137  0.1175  0.3479  0.0392  0.6389  0.0441 -0.0003  0.6037 0 
 46.9398 -0.2803 -1.0243  0.0112  0.2480  0.0998  0.3905  0.0119 -0.0003  0.1437 0 
 41.4099  0.2582  2.1396  0.0101  0.8261  0.0317  0.2243  0.0399 -0.0003  0.1915 0 
 49.4148  0.6382 -1.9083  0.1093  0.3225  0.0510  0.3854  0.0650 -0.0003  0.5267 0 
 45.1667 -0.6553  1.2647  0.0002  0.4057  0.0316  0.3506  0.1674 -0.0003  0.2000 0 
 45.2827 -0.2747  2.2245  0.0914  0.1981  0.0717  0.3504  0.0320 -0.0003  0.3442 0 
 42.2126  0.2754 -0.9272  0.0528  0.3446  0.0338  0.2231  0.0524 -0.0003  0.2261 0 
 47.6417  0.6197 -2.5848  0.1165  0.3337  0.0175  0.5187  0.1170 -0.0003  0.6386 0 
 41.6968 -0.6050  0.5730  0.0066  0.1508  0.0194  0.2238  0.0341 -0.0003  0.0407 0 
 45.7588 -0.3631  0.7663  0.0406  0.4985  0.0920  0.3931  0.0285 -0.0003  0.2863 1 
 44.8310  0.3629 -2.3724  0.6925  0.4926  0.0467  0.3074  0.3101 -0.0003  0.9962 1 
 43.0640 -0.3712 -2.0051  0.0123  0.4604  0.0282  0.3107  0.0035 -0.0003  0.1551 0 
 41.7914  0.3520  1.1091  0.0126  0.2377  0.1408  0.4474  0.0694 -0.0003  0.1851 0 
 44.8554  0.2913 -2.3633  0.0096  0.1047  0.0076  0.2195  0.0417 -0.0003  0.0320 0 
 43.5523 -0.2916  0.8078  0.0219  0.1021  0.0219  0.3540  0.1295 -0.0003  0.0833 0 
 52.7138 -0.4814 -0.5455  0.6649  0.2856  0.0739  0.3370  0.6176 -0.0003  0.9971 1 
 41.2909  0.5123  2.6203  0.1807  0.4561  0.0231  0.4937  0.0604 -0.0003  0.6887 1 
 47.0649 -0.5578  0.8080  0.0138  0.1299  0.0649  0.3902  0.0306 -0.0003  0.0929 0 
 46.9093  0.5657 -2.3085  0.0555  0.2603  0.1393  0.4340  0.0190 -0.0003  0.2857 0 
 41.9989  0.4298  2.3053  0.0254  0.3129  0.0682  0.4021  0.0867 -0.0003  0.2579 0 
 35.3948 -0.4323 -0.8818  0.0697  0.6882  0.0270  0.4214  0.0797  0.2377  0.7765 0 
 40.8545  0.4609  2.5815  0.1722  0.4492  0.1129  0.3151  0.0916 -0.0003  0.7870 1 
 34.9950 -0.4669 -0.5798  0.2618  0.6708  0.0498  0.3758  0.2408 -0.0003  0.9678 1 
 45.4139  0.6593  1.5821  0.1395  0.7126  0.1345  0.3939  0.1411  0.5128  0.9874 1 
 44.0681 -0.6535 -1.5571  0.2765  0.2719  0.0820  0.3529  0.3364  0.6204  0.9996 1 
 42.0447 -0.4908 -2.8736  0.1473  0.5835  0.0150  0.4467  0.2127 -0.0003  0.8051 1 
 41.6785  0.4848  0.2685  0.3222  0.2545  0.0222  0.5373  0.3375 -0.0003  0.9811 1 
 45.1026  0.5240  1.6211  0.0080  0.2092  0.0411  0.4823  0.1419 -0.0003  0.1775 0 
 36.6094 -0.5233 -1.4735  0.0069  0.1664  0.1811  0.3711  0.0324 -0.0003  0.1200 0 
 46.2348 -0.0941 -1.1525  0.0158  0.3043  0.0272  0.3485  0.0101 -0.0003  0.1081 0 
 44.8859  0.1036  1.9546  0.0025  0.2295  0.0616  0.4390  0.0443 -0.0003  0.1189 0 
 46.5736 -0.0926  0.3378  0.0084  0.2373  0.0280  0.4782  0.0754 -0.0003  0.1170 0 
 43.9277  0.0688 -2.8229  0.0062  0.5881  0.2074  0.5740  0.0129 -0.0003  0.2410 0 
 45.7008 -0.2101  0.5246  0.0291  0.1603  0.0227  0.4806  0.0360  0.1230  0.2772 0 
 44.1321  0.1867 -2.6307  0.1597  0.4456  0.0432  0.3087  0.2047 -0.0003  0.8721 0 
 43.3265  0.6171 -2.9432  0.0370  0.2205  0.0795  0.4431  0.0129 -0.0003  0.2061 0 
 34.3145 -0.6183  0.2000  0.0428  0.5274  0.0154  0.1889  0.0266 -0.0003  0.1504 0 
 45.0202  0.4904 -0.8697  0.1667  0.6902  0.0318  0.1316  0.1747 -0.0003  0.7752 0 
 42.5635 -0.4718  2.2774  0.1317  0.1689  0.1453  0.4452  0.0639 -0.0003  0.4711 0 
 57.1695 -0.2824 -2.6419  0.0103  0.0825  0.0824  0.3715  0.0087 -0.0003  0.0699 0 
 48.6732  0.2965  0.4569  0.0166  0.2011  0.0375  0.3009  0.1243 -0.0003  0.1302 0 
 44.7547  0.6710  2.6631  0.6904  0.4904  0.0788  0.3515  0.5363  0.3521  0.9989 1 
 39.0448 -0.6818 -0.4749  0.0220  0.6867  0.0102  0.4101  0.1719 -0.0003  0.2472 1 
 54.7433  0.5722  1.6126  0.0202  0.1700  0.0349  0.2921  0.0222 -0.0003  0.0747 0 
 43.2227 -0.5625 -1.4927  0.0061  0.0384  0.0554  0.4878  0.0189 -0.0003  0.0730 0 
 42.9633  0.6473 -1.3738  0.0960  0.6551  0.0462  0.2221  0.0538 -0.0003  0.6702 1 
 42.4262 -0.6253  1.7351  0.0341  0.1878  0.0488  0.4456  0.0961  0.3579  0.6961 1 
 79.3500 -0.7973  1.0161  0.0226  0.1417  0.0267  0.4200  0.0650 -0.0003  0.0890 0 
 48.2795  0.7883 -2.0956  0.0416  0.4273  0.0351  0.1723  0.1052 -0.0003  0.2742 0 
 44.2298 -0.6473 -2.9547  0.0101  0.0901  0.0315  0.2204  0.1433 -0.0003  0.0831 0 
 35.8923  0.6489  0.1917  0.0645  0.2733  0.0143  0.0933  0.0142 -0.0003  0.1659 0 
 46.6865 -0.7693 -1.5871  0.0024  0.1976  0.0155  0.2173  0.0290 -0.0003  0.0418 0 
 38.6297  0.7779  1.5383  0.0099  0.3402  0.0911  0.5941  0.0086 -0.0003  0.1949 0 
 50.4311  0.3874  0.4486  0.0112  0.3071  0.2554  0.3408  0.0108 -0.0003  0.2058 0 
 43.1250 -0.3819 -2.7345  0.0655  0.3958  0.0153  0.1331  0.0367 -0.0003  0.1653 0 
 57.2641 -0.6382  0.2256  0.0054  0.5899  0.1752  0.3713  0.0251 -0.0003  0.2442 0 
 40.2075  0.6256 -2.9083  0.0225  0.1006  0.0108  0.2260  0.0165 -0.0003  0.0372 0 
 36.4599 -0.0141 -2.2585  0.0851  0.7100  0.0439  0.5572  0.0478 -0.0003  0.5977 0 
 33.8384  0.0292  0.8991  0.1214  0.1146  0.0175  0.2371  0.0591 -0.0003  0.1499 0 
 50.2846  0.1349 -1.6833  0.0039  0.7708  0.0870  0.2131  0.0159 -0.0003  0.2602 0 
 41.2787 -0.1463  1.4263  0.0270  0.3621  0.1458  0.4938  0.0207 -0.0003  0.2432 0 
 47.5502 -0.7137  2.1824  0.0010  0.3749  0.0390  0.3892  0.0916 -0.0003  0.1338 0 
 40.3967  0.7054 -0.9449  0.0298  0.0729  0.0165  0.3160  0.0203 -0.0003  0.0453 0 
 51.6121 -0.6595  0.2011  0.3057  0.3392  0.0823  0.5081  0.4682 -0.0003  0.9973 1 
 30.0999  0.6445 -2.9052  0.3734  0.4088  0.0275  0.3924  0.2557  0.1934  0.9926 1 
 45.6062 -0.7303  1.8015  0.0121  0.1448  0.0320  0.2186  0.0015 -0.0003  0.0674 0 
 38.9624  0.7351 -1.2950  0.0012  0.6929  0.0457  0.4104  0.0120 -0.0003  0.1779 0 
 47.8645  0.7327  0.4055  0.4595  0.7916  0.0482  0.5181  0.4589 -0.0003  0.9961 1 
 46.5827 -0.7382 -2.7074  0.1706  0.3384  0.0574  0.6956  0.1148  0.0405  0.8841 1 
 44.1688 -0.6324  1.8947  0.0110  0.6529  0.0212  0.2645  0.0245 -0.0003  0.1325 0 
 38.3856  0.6517 -1.2567  0.0093  0.2839  0.0136  0.3205  0.0722 -0.0003  0.0587 0 
 44.7059  0.7591  1.1857  0.1772  0.1504  0.0576  0.2637  0.0234 -0.0003  0.4651 0 
 44.6021 -0.7615 -1.9420  0.0000  0.2365  0.0060  0.1319  0.0146 -0.0003  0.0585 0 
 48.3497  0.5494 -1.7056  0.1494  0.8001  0.0318  0.3875  0.2095 -0.0003  0.8906 0 
 43.8117 -0.5418  1.3859  0.0009  0.6441  0.0215  0.3093  0.1019 -0.0003  0.1303 0 
 51.2154 -0.5951 -0.5015  0.0184  0.3211  0.0267  0.2970  0.0157 -0.0003  0.1071 0 
 47.0588  0.5764  2.6484  0.0192  0.5606  0.0649  0.3035  0.0106 -0.0003  0.2487 0 
 50.5501  0.5995 -1.1655  0.0385  0.4433  0.0619  0.2554  0.1579 -0.0003  0.5532 0 
 44.6479 -0.6130  1.9580  0.0163  0.1534  0.0967  0.2638  0.0241 -0.0003  0.1062 0 
 45.0751 -0.6901 -0.2232  0.0253  0.1759  0.0724  0.4385  0.0502 -0.0003  0.1580 0 
 44.2481  0.6983  2.9218  0.0203  0.4618  0.0072  0.2644  0.0743 -0.0003  0.0970 0 
 40.2228  0.6698 -0.7396  0.1769  0.3037  0.0430  0.4068  0.3265 -0.0003  0.9374 1 
 35.9625 -0.7134  2.4145  0.0939  0.6692  0.0226  0.3263  0.0997 -0.0003  0.5235 1 
 41.1048  0.4217 -0.7192  0.7657  0.4090  0.0449  0.4943  0.6860  0.4856  0.9999 1 
 23.0838 -0.4420  2.3192  0.1987  0.5520  0.0156  0.3192  0.3500  0.1538  0.9517 1 
 46.5339  0.3762 -2.7749  0.3497  0.6077  0.0432  0.3914  0.2761 -0.0003  0.9807 0 
 37.7813 -0.3589  0.3470  0.0035  0.6577  0.0423  0.3679  0.0638  0.2036  0.5126 0 
 51.8196  0.1224  2.4198  0.0054  0.2034  0.0067  0.3384  0.0292 -0.0003  0.0361 0 
 48.4840 -0.1306 -0.7567  0.0422  0.1401  0.0823  0.3442  0.0527 -0.0003  0.1533 0 
 49.7047  0.6479 -2.6720  0.0036  0.7997  0.0881  0.4703  0.0268  0.2615  0.5401 0 
 22.6078 -0.6751  0.4287  0.0071  0.1069  0.0183  0.3749  0.0347 -0.0003  0.0439 0 
 42.4506 -0.5509  1.4173  0.9789  0.5910  0.0447  0.5792  1.0017 -0.0003  0.9983 1 
 39.6704  0.5823 -1.7965  0.6131  0.4967  0.0239  0.2722  0.4619  0.1296  0.9978 1 
 55.3414  0.3580 -2.3101  0.0115  0.3000  0.1040  0.3745  0.1039 -0.0003  0.2182 0 
 42.3346 -0.3612  0.7960  0.1732  0.3905  0.0634  0.5350  0.0974 -0.0003  0.7726 0 
 46.6438  0.2796 -2.2535  0.0170  0.4667  0.1375  0.4780  0.0109  0.5535  0.6195 0 
 45.4505 -0.2913  0.8760  0.1120  0.2718  0.0248  0.3938 -0.0200 -0.0003  0.3979 0 
 55.3780 -0.1435  3.0958  0.1228  0.2571  0.0206  0.1664  0.1286 -0.0003  0.3728 0 
 42.2522  0.1844 -0.0485  0.0169  0.4835  0.2004  0.4907  0.0460 -0.0003  0.2630 0 
 39.1943  0.2963 -1.0139  0.1113  0.0871  0.0159  0.1366  0.0342  0.2525  0.9025 1 
 38.9837 -0.2961  2.1233  0.0262  0.7103  0.0229  0.3191  0.0964 -0.0003  0.2175 1 
 45.9419 -0.2494  1.4976  0.0689  0.1399  0.0562  0.3491  0.0651 -0.0003  0.2134 0 
 42.8870  0.2719 -1.6227  0.0139  0.1124  0.2543  0.3555  0.0714 -0.0003  0.1101 0 
 50.3273  0.6176 -1.6123  0.1150  0.5351  0.0313  0.2983  0.1564 -0.0003  0.7079 0 
 43.6347 -0.6398  1.5372  0.0177  0.3012  0.0238  0.2211  0.0189 -0.0003  0.0953 0 
 47.6051  0.3730  1.7086  0.0143  0.6142  0.1303  0.4755  0.0657  0.0135  0.2794 0 
 43.7049 -0.4029 -1.4009  0.0271  0.0679  0.0121  0.2653  0.0261 -0.0003  0.0372 0 
 44.7547  0.3963  2.7369  0.1836  0.3185  0.0117  0.3954  0.1201 -0.0003  0.5782 0 
 38.4985 -0.4014 -0.4340  0.0641  0.5083  0.0339  0.3202  0.0101 -0.0003  0.3905 0 
 46.9459 -0.5805  0.3791  0.0195  0.1334  0.0324  0.2169  0.0582 -0.0003  0.0603 0 
 44.0314  0.5742 -2.7663  0.0122  0.5921  0.0093  0.2647  0.0245 -0.0003  0.0996 0 
 47.4739 -0.0011 -0.9669  0.0093  0.4875  0.0941  0.4326  0.0417 -0.0003  0.1991 0 
 44.0436  0.0384  2.1692  0.0110  0.4658  0.0255  0.3088  0.0054 -0.0003  0.1393 0 
 46.8025  0.3191 -2.5019  0.0888  0.1654  0.0767  0.4776  0.0832 -0.0003  0.4249 0 
 43.5431 -0.3170  0.5866  0.0112  0.5130  0.0627  0.2213  0.2779 -0.0003  0.6174 0 
 49.7902 -0.4497 -0.2314  0.0277  0.2397  0.1188  0.5128  0.0140 -0.0003  0.2087 0 
 43.4119  0.4373  2.9087  0.0087  0.1240  0.1215  0.2657  0.0114 -0.0003  0.0749 0 
 46.6224  0.7174 -1.0640  0.0839  0.4227  0.0403  0.3477  0.2723  0.1347  0.8698 1 
 44.1047 -0.7309  2.1043  0.0780  0.3785  0.0386  0.7057  0.0655  0.0550  0.6509 1 
 47.5898 -0.4918  1.1038  0.0099  0.5856  0.0735  0.4756  0.0767 -0.0003  0.2378 0 
 38.4253  0.4774 -2.0114  0.0265  0.4954  0.0279  0.2746  0.1110 -0.0003  0.2078 0 
 45.7557 -0.5661 -1.3174  0.0646  0.3155  0.0417  0.3057  0.0499 -0.0003  0.3105 0 
 43.5248  0.5731  1.8198  0.0142  0.3623  0.0210  0.1770  0.0162 -0.0003  0.1164 0 
 50.4555  0.1799 -3.0126  0.0089  0.5356  0.0482  0.2555  0.1157 -0.0003  0.2888 0 
 46.3661 -0.2021  0.1400  0.0287  0.2882  0.0672  0.4353  0.1412 -0.0003  0.3345 0 
 48.4138 -0.7783 -0.3134  0.2936  0.4724  0.0346  0.4304  0.4295 -0.0003  0.9922 1 
 46.1921  0.7731  2.8037  0.3361  0.4780  0.0588  0.5664  0.4703 -0.0003  0.9966 1 
 47.5410  0.6948 -2.2775  0.0623  0.4784  0.0692  0.5190  0.0379  0.1506  0.6180 1 
 46.9001 -0.6583  0.8366  0.1247  0.4616  0.0396  0.4340  0.1619  0.3387  0.9906 1 
 49.9611  0.1190 -0.5802  0.0058  0.2578  0.0473  0.4697  0.0604 -0.0003  0.1376 0 
 48.0751 -0.1401  2.5549  0.0111  0.3708  0.0208  0.2156  0.0180 -0.0003  0.0998 0 
 48.3345 -0.4521 -2.7479  0.0521  0.4840  0.0254  0.1723  0.0352 -0.0003  0.2084 0 
 44.0558  0.4460  0.3964  0.0125  0.7499  0.0261  0.2647  0.0394 -0.0003  0.1592 0 
 46.6072  0.2055 -0.2061  0.1349  0.5917  0.0308  0.3912  0.0316 -0.0003  0.6907 0 
 45.7527 -0.2341  2.9772  0.0417  0.4804  0.1183  0.6552  0.0576 -0.0003  0.3533 0 
 49.8329  0.7678 -2.2360  0.0138  0.3482  0.0554  0.2991  0.0756 -0.0003  0.1978 0 
 46.3935 -0.7649  0.8752  0.0181  0.2830  0.0247  0.2176  0.0091 -0.0003  0.0999 0 
 57.8683 -0.5392 -0.1153  0.0214  0.4629  0.0964  0.3704  0.0097  0.3102  0.5294 0 
 49.6010  0.5431  3.0219  0.0125  0.4444  0.0507  0.3422  0.1352  0.0181  0.3440 0 
 48.1666 -0.1887 -2.2666  0.6427  0.4845  0.1063  0.3448  0.3216 -0.0003  0.9964 1 
 39.5178  0.2152  0.8507  0.0043  0.5696  0.0550  0.2725  0.1445 -0.0003  0.3739 1 
 46.0334 -0.7553 -1.7222  0.0187  0.2087  0.0482  0.3489  0.1168 -0.0003  0.1657 0 
 41.1963  0.7660  1.4198  0.0317  0.4003  0.0162  0.1347  0.0158 -0.0003  0.1425 0 
 46.4027 -0.2980  0.8759  0.1814  0.4039  0.0944  0.5658  0.2559 -0.0003  0.9618 1 
 42.3407  0.3158 -2.2363  0.2212  0.7928  0.0487  0.3121  0.3803 -0.0003  0.9842 1 
 43.9582  0.6958 -1.3854  0.0005  0.3123  0.0066  0.1324  0.0234 -0.0003  0.0777 0 
 39.3805 -0.6916  1.7473  0.0300  0.1828  0.0522  0.3637 -0.0200  0.1712  0.2592 0 
 46.1067  0.0844 -0.7012  0.0980  0.4179  0.0169  0.3923  0.1075 -0.0003  0.4744 0 
 43.5035 -0.0821  2.4210  0.0137  0.3614  0.0864  0.4869  0.2032  0.1487  0.6071 0 
 45.4414 -0.3599  0.7725  0.0267  0.1576  0.0310  0.1751  0.0884 -0.0003  0.0939 0 
 43.8392  0.3626 -2.3718  0.0071  0.4969  0.0182  0.3976  0.0222 -0.0003  0.1078 0 
 50.4921 -0.6839  0.0855  0.1677  0.2579  0.0949  0.6387  0.3854 -0.0003  0.9796 1 
 30.9453  0.6944 -3.0523  0.4156  0.4910  0.0616  0.3406  0.2947  0.5474  0.9998 1 
 48.7770  0.6537  1.7036  0.0402  0.4744  0.0514  0.3437  0.0469 -0.0003  0.3326 0 
 47.5044 -0.6945 -1.3655  0.0445  0.2714  0.0750  0.5191  0.0212 -0.0003  0.2871 0 
 49.9580  0.7723 -0.4994  0.0185  0.6507  0.0434  0.2989  0.0425 -0.0003  0.2521 0 
 46.6560 -0.7691  2.6117  0.0234  0.3814  0.0269  0.3477  0.1906  0.0952  0.5193 0 
 52.9000  0.5793 -0.5228  0.0317  0.3172  0.0626  0.1683  0.0815 -0.0003  0.3401 0 
 48.6976 -0.5800  2.5781  0.1465  0.4692  0.1530  0.4728  0.1247 -0.0003  0.7606 0 
 45.9083  0.8020  1.2302  0.0075  0.2337  0.0205  0.3491  0.0355 -0.0003  0.0557 0 
 41.0285 -0.7699 -1.9146  0.0621  0.0513  0.0122  0.3147  0.1041 -0.0003  0.0726 0 
 44.6265  0.1433  2.3627  0.0029  0.3150  0.0612  0.2638  0.0410 -0.0003  0.1525 0 
 43.8849 -0.1576 -0.8215  0.1073  0.5804  0.0147  0.2650  0.1026 -0.0003  0.4241 0 
 46.9398  0.6646 -0.2973  0.4704  0.4587  0.0577  0.5207  0.4700 -0.0003  0.9963 1 
 46.2959 -0.6617  2.8536  0.2529  0.3622  0.0711  0.6532  0.4144 -0.0003  0.9951 1 
 49.3599 -0.3158  1.9164  0.0142  0.5287  0.0110  0.1713  0.0369 -0.0003  0.1108 0 
 42.1881  0.3088 -1.2570  0.0289  0.2265  0.0371  0.4016  0.0484 -0.0003  0.1461 0 
 50.4463 -0.3077  2.2534  0.0107  0.2057  0.0295  0.1704  0.0218 -0.0003  0.0768 0 
 47.3274  0.3093 -0.9247  0.0033  0.3839  0.0665  0.3897  0.0705 -0.0003  0.1718 0 
 45.9846 -0.6013 -2.9943  0.0522  0.3286  0.0456  0.3926  0.0156 -0.0003  0.2928 0 
 37.4914  0.5679  0.1556  0.0356  0.3264  0.1088  0.4608  0.0917 -0.0003  0.3234 0 
 46.1524  0.8008  1.7749  0.0307  0.6846  0.0370  0.2615  0.0186 -0.0003  0.2892 0 
 39.1943 -0.8083 -1.3562  0.0086  0.0429  0.0522  0.1821  0.0162 -0.0003  0.0731 0 
 42.2431  0.1379  1.4895  0.0335  0.0628  0.0402  0.2231  0.0173 -0.0003  0.0667 0 
 41.0437 -0.1363 -1.6771  0.0234  0.2167  0.0144  0.1798  0.0126 -0.0003  0.0674 0 
 47.7699  0.2204 -1.0046  0.1671  0.3798  0.0666  0.3024  0.2287 -0.0003  0.9155 0 
 42.5696 -0.2087  2.1400  0.0041  0.4833  0.0161  0.3561  0.0836  0.1941  0.4306 0 
 48.7251 -0.2182  2.6588  0.0156  0.2436  0.0992  0.3438  0.0079  0.1355  0.2208 0 
 45.5909  0.2052 -0.4970  0.0177  0.4636  0.0924  0.5684  0.0377 -0.0003  0.2364 0 
 47.9927  0.7370  2.0362  0.0226  0.1694  0.0920  0.3451  0.1441 -0.0003  0.2212 0 
 35.1598 -0.7266 -1.1556  0.0018  0.4662  0.0107  0.1876  0.0058 -0.0003  0.1008 0 
 52.2408 -0.7018 -1.9800  0.0101  0.2627  0.1400  0.5910  0.0786 -0.0003  0.2420 0 
 40.7568  0.7011  1.1852  0.0103  0.1555  0.0518  0.2703  0.0095 -0.0003  0.0872 0 
 46.8055 -0.7040 -2.7459  0.0058  0.4435  0.1028  0.4776  0.0217 -0.0003  0.1830 0 
 39.4934  0.6942  0.3812  0.0364  0.1380  0.0463  0.3634  0.0767 -0.0003  0.1324 0 
 48.6976  0.4466 -0.3717  0.0309  0.4564  0.0622  0.4728  0.0145  0.1429  0.4469 0 
 43.2410 -0.4962  2.7250  0.0234  0.6981  0.2373  0.4877  0.0519  0.8922  0.8701 0 
 38.0438 -0.6053  1.5295  0.2107  0.4956  0.0650  0.4130  0.1693  0.4970  0.9988 1 
 35.6817  0.6134 -1.5329  0.0189  0.1708  0.2234  0.4672  0.0795 -0.0003  0.2095 1 
 48.1605 -0.1918 -1.6060  0.2470  0.1944  0.0509  0.6034  0.1435  0.1887  0.9512 0 
 40.2960  0.1953  1.5138  0.0317  0.4678  0.0702  0.1355  0.0690  0.2043  0.6575 0 
 59.7513 -0.3218  1.9723  0.0145  0.2898  0.1534  0.5716  0.0532 -0.0003  0.2407 0 
 50.7057  0.2816 -1.2173  0.0532  0.2809  0.0082  0.1702  0.0557 -0.0003  0.1096 0 
 49.8573 -0.1341 -2.7299  0.0114  0.5252  0.3134  0.2563  0.1749 -0.0003  0.5041 1 
 37.0977  0.1300  0.4260  0.3037  0.2370  0.0393  0.4159  0.2407 -0.0003  0.9498 1 
 46.2684 -0.7070  1.9428  0.0443  0.3477  0.0295  0.3920  0.1313 -0.0003  0.3301 0 
 45.6519  0.7122 -1.2204  0.0710  0.7361  0.0093  0.3059  0.0491 -0.0003  0.2863 0 
 52.5490  0.0353 -3.0255  0.0351  0.7591  0.0551  0.6744  0.0768 -0.0003  0.4194 0 
 45.2491 -0.0081  0.1073  0.0047  0.6848  0.0154  0.4381  0.0916 -0.0003  0.1386 0 
 48.4901  0.2133 -1.0698  0.0361  0.2856  0.0905  0.2581  0.0284 -0.0003  0.2569 0 
 46.6926 -0.2511  2.0798  0.1546  0.4877  0.0227  0.3041  0.2281 -0.0003  0.7819 0 
 44.4434 -0.3342  1.8003  0.2296  0.4297  0.1065  0.5282  0.1962 -0.0003  0.9515 0 
 26.3432  0.3623 -1.3561  0.0627  0.3729  0.0220  0.4595  0.0217  0.2244  0.6791 0 
 47.2511 -0.3925 -0.3451  0.0838  0.1930  0.1059  0.6497  0.0856 -0.0003  0.5480 0 
 46.0883  0.3899  2.7836  0.0131  0.3396  0.2533  0.1744  0.0009 -0.0003  0.2059 0 
 40.7630 -0.2888 -1.6805  0.1846  0.6386  0.0284  0.3153  0.4313 -0.0003  0.9650 1 
 39.3591  0.2569  1.4870  0.2957  0.4534  0.0159  0.2274  0.5587 -0.0003  0.9907 1 
 45.3162 -0.0898  1.2463  0.0022  0.1728  0.0533  0.2628  0.0997 -0.0003  0.0949 0 
 44.9653  0.0601 -1.9038  0.0350  0.5852  0.0365  0.5265  0.0357 -0.0003  0.3200 0 
 40.0458 -0.5143 -2.1021  0.0114  0.3904  0.0966  0.3168  0.0178 -0.0003  0.1894 0 
 28.9311  0.5100  1.0736  0.0021  0.1297  0.0235  0.3970  0.0109 -0.0003  0.0528 0 
 42.6093 -0.5972  0.2089  0.0420  0.1980  0.1378  0.2225  0.0729 -0.0003  0.2722 0 
 42.4109  0.5979 -2.9690  0.0020  0.3475  0.0284  0.1337  0.0158 -0.0003  0.1454 0 
 47.9316  0.0941  2.5119  0.0468  0.0476  0.0577  0.2158  0.0497 -0.0003  0.0846 0 
 39.2523 -0.0847 -0.5985  0.0147  0.1968  0.0272  0.2275  0.0212 -0.0003  0.0639 0 
 45.5940  0.5743 -2.7366  0.1442  0.1289  0.0397  0.5247  0.1862 -0.0003  0.7243 0 
 42.2217 -0.5655  0.3860  0.0132  0.4685  0.0648  0.3123  0.0339 -0.0003  0.2234 0 
 36.2737  0.5262 -1.0134  0.0216  0.4052  0.0191  0.1860  0.0650  0.1633  0.3905 0 
 34.9523 -0.5092  2.1254  0.0247  0.2568  0.0221  0.1880  0.0023 -0.0003  0.1070 0 
 65.2873  0.7485 -0.9530  0.0575  0.0788  0.1461  0.1599  0.0137 -0.0003  0.0941 0 
 27.2404 -0.7663  2.2148  0.0485  0.4378  0.0253  0.1516  0.0005 -0.0003  0.2422 0 
 47.9835  0.2240 -1.1374  0.0030  0.1023  0.0269  0.0863  0.0692 -0.0003  0.0653 0 
 45.7282 -0.2234  2.0303  0.0061  0.7541  0.1371  0.6990  0.0228 -0.0003  0.2749 0 
 48.7678 -0.0997 -2.1224  0.0114  0.4362  0.0442  0.3867  0.0264 -0.0003  0.1762 0 
 44.0131  0.0656  1.0522  0.0007  0.4484  0.1512  0.7943  0.0613 -0.0003  0.2845 0 
 53.8552  0.1565  2.7446  0.0041  0.2957  0.1585  0.5446  0.0327 -0.0003  0.1941 0 
 52.1004 -0.1718 -0.4138  0.0467  0.3619  0.0255  0.3380  0.0541 -0.0003  0.1961 0 
 48.8930  0.1956  2.7382  0.0237  0.0241  0.2139  0.3005  0.0053 -0.0003  0.0441 0 
 47.7302 -0.2257 -0.3913  0.0000  0.0853  0.0122  0.2592  0.1472 -0.0003  0.0524 0 
 49.1341 -0.7380 -1.2973  0.0207  0.2407  0.0735  0.3859  0.0662 -0.0003  0.1826 0 
 45.1667  0.7379  1.8733  0.0145  0.0822  0.0387  0.3068  0.1061 -0.0003  0.0752 0 
 52.3842  0.7158 -0.7847  0.1969  0.6980  0.0797  0.5062  0.3731 -0.0003  0.9900 1 
 28.9067 -0.7256  2.3600  0.0764  0.5689  0.0317  0.2482  0.2455 -0.0003  0.6770 1 
 48.2795 -0.7845  0.0837  0.0016  0.2684  0.1148  0.4738  0.2466 -0.0003  0.3187 0 
 43.8758  0.7780 -3.0641  0.0062  0.3724  0.0344  0.6183  0.1009 -0.0003  0.2383 0 
 43.2715  0.4380  1.7601  0.0023  0.5214  0.1034  0.6206  0.0580 -0.0003  0.2239 0 
 42.7802 -0.4045 -1.3466  0.0334  0.5334  0.0325  0.4446  0.0301 -0.0003  0.2787 0 
 46.4881 -0.3451 -2.1859  0.0041  0.2595  0.0582  0.3480  0.0275 -0.0003  0.1205 0 
 46.0395  0.3375  0.9572  0.0177  0.2708  0.0154  0.3489 -0.0200 -0.0003  0.1023 0 
 43.6255 -0.4302  1.1841  0.0077  0.1171  0.0288  0.2654  0.0219 -0.0003  0.0476 0 
 42.0844  0.4250 -1.9122  0.0316  0.5510  0.0400  0.5805  0.2001 -0.0003  0.5430 0 
 46.8971 -0.7977  2.9958  0.1044  0.1985  0.0289  0.5642  0.1740  0.0571  0.7408 0 
 26.6026  0.7986 -0.1254  0.0252  0.2317  0.0203  0.2036  0.0058 -0.0003  0.0849 0 
 47.4678 -0.4199  2.9441  0.0711  0.3449  0.0169  0.3461  0.1209 -0.0003  0.3015 0 
 46.3539  0.4375 -0.2060  0.0815  0.6999  0.1212  0.6094  0.1902 -0.0003  0.8087 0 
 45.8381  0.1699 -0.7073  0.0040  0.4301  0.0100  0.2183  0.0023 -0.0003  0.0898 0 
 39.1089 -0.1775  2.4370  0.0517  0.3891  0.0174  0.4099  0.0298 -0.0003  0.2224 0 
 50.2815 -0.7272  3.0485  0.1102  0.5849  0.1165  0.4263  0.1816 -0.0003  0.8432 1 
 43.5065  0.7343 -0.0386  0.2499  0.3892  0.0338  0.4869  0.2906 -0.0003  0.9648 1 
 53.0373  0.6425 -0.6425  0.0526  0.2282  0.1259  0.4206  0.0661 -0.0003  0.3079 0 
 44.9287 -0.6494  2.4401  0.0277  0.6183  0.0516  0.2195  0.0092 -0.0003  0.3538 0 
 49.8970  0.4997 -0.3400  0.0186  0.6473  0.0684  0.5125  0.0903 -0.0003  0.3037 0 
 40.0122 -0.4935  2.8171  0.0445  0.5379  0.0513  0.5432  0.0458 -0.0003  0.3617 0 
 48.8746  0.0851 -2.8706  0.0002  0.1783  0.0404  0.3435  0.0577 -0.0003  0.0647 0 
 45.8045 -0.0882  0.2653  0.0045  0.7309  0.0291  0.3493  0.1193 -0.0003  0.2027 0 
 51.0567 -0.6002 -0.1733  0.0112  0.0572  0.0347  0.3821  0.0718 -0.0003  0.0650 0 
 47.0558  0.5981  2.9899  0.0072  0.6111  0.0150  0.2168  0.0062 -0.0003  0.1239 0 
 44.2329 -0.6953 -2.1394  0.0239  0.4778  0.0297  0.2644  0.0059 -0.0003  0.1953 0 
 44.1474  0.7046  0.9970  0.0128  0.0845  0.0233  0.2205  0.1915 -0.0003  0.1103 0 
 53.7301 -0.2827 -1.4654  0.0001  0.4530  0.0360  0.1257  0.1138 -0.0003  0.1952 0 
 44.3122  0.2729  1.6830  0.0068  0.2909  0.1365  0.5286  0.0099 -0.0003  0.1789 0 
 53.2296 -0.4779  0.5119  0.0175  0.2259  0.0334  0.1680  0.0806 -0.0003  0.1168 0 
 37.7508  0.4952 -2.6151  0.0139  0.3043  0.0462  0.1840  0.0046 -0.0003  0.1962 0 
 41.1200  0.1392  0.1357  0.4308  0.4262  0.0735  0.4943  0.1546  0.2480  0.9908 1 
 31.8273 -0.1122 -3.0538  0.6860  0.5744  0.0173  0.5309  0.5502 -0.0003  0.9972 1 
 51.6945  0.6499  0.1210  0.3421  0.3657  0.0571  0.4656  0.2596 -0.0003  0.9809 0 
 41.0620 -0.6604 -2.9952  0.0121  0.3604  0.0771  0.5394  0.0429 -0.0003  0.2040 0 
 50.5501 -0.7001 -0.9332  0.0000  0.1425  0.0515  0.1703  0.1599 -0.0003  0.1575 0 
 43.7842  0.7388  2.1407  0.0742  0.7208  0.0188  0.4861  0.0965 -0.0003  0.5701 0 
 42.9786  0.7514  1.2555  0.1524  0.5694  0.0329  0.2664  0.1636 -0.0003  0.7888 1 
 40.9522 -0.7443 -1.8831  0.0544  0.2420  0.0478  0.2699  0.1337 -0.0003  0.3629 1 
 51.4717 -0.2171  0.1653  0.0102  0.3249  0.0125  0.1695  0.0389 -0.0003  0.0812 0 
 47.2358  0.2245 -2.9641  0.0495  0.2065  0.1125  0.5631  0.0281 -0.0003  0.3000 0 
 46.4576  0.0808  2.6013  0.1655  0.2798  0.0943  0.2610  0.2551 -0.0003  0.9221 1 
 39.1119 -0.0190 -0.6086  0.2761  0.4652  0.0808  0.5010  0.1181 -0.0003  0.9002 1 
 45.7282 -0.3438 -2.8242  0.0280  0.2085  0.0548  0.2621  0.0303 -0.0003  0.1435 0 
 43.1250  0.3315  0.3173  0.0053  0.1434  0.0483  0.3106  0.0386 -0.0003  0.0687 0 
 53.4646  0.2756 -1.7015  0.9012  0.7395  0.1010  0.5036  0.8310 -0.0003  0.9982 1 
 50.8186 -0.2630  1.4404  0.2099  0.5781  0.0388  0.2125  0.2447 -0.0003  0.9203 1 
 47.3426 -0.3000 -1.6145  0.4255  0.3687  0.0628  0.3897  0.2034 -0.0003  0.9736 1 
 32.4712  0.3108  1.5403  0.2150  0.6262  0.0374  0.1919  0.1741  0.4489  0.9974 1 
 34.6258 -0.0784  1.6679  0.0081  0.3786  0.0205  0.2356  0.0152  0.1993  0.4688 0 
 33.8720  0.0753 -1.4784  0.0206  0.3744  0.1382  0.3319  0.1446 -0.0003  0.3674 0 
 58.4573 -0.6230 -1.5154  0.0499  0.5417  0.0392  0.1642  0.1498 -0.0003  0.4403 0 
 45.6886  0.6413  1.6434  0.0500  0.3599  0.0182  0.3933  0.0148 -0.0003  0.2013 0 
 52.8878 -0.2893 -2.7403  0.0345  0.1385  0.1176  0.3788  0.1197 -0.0003  0.2065 0 
 43.3936  0.2943  0.4296  0.0154  0.2347  0.0558  0.1329  0.0056 -0.0003  0.2053 0 
 38.0865  0.5055 -1.7918  0.1151  0.3090  0.0559  0.5047  0.0300 -0.0003  0.5050 0 
 33.9788 -0.4848  1.3323  0.0444  0.0414  0.0238  0.0474  0.0001 -0.0003  0.0889 0 
 63.5965 -0.6790  1.5359  0.0289  0.7135  0.0672  0.2011  0.0213 -0.0003  0.4028 0 
 47.0893  0.6875 -1.5347  0.1059  0.1312  0.0459  0.3035  0.1844  0.0050  0.4955 0 
 43.5431  0.6963 -0.4609  0.2004  0.2063  0.0390  0.4425  0.3284  0.1802  0.9721 1 
 36.5911 -0.7027  2.6849  0.3223  0.8113  0.0267  0.4639  0.3725 -0.0003  0.9879 1 
 33.3959 -0.6322  1.5034  0.2094  0.5976  0.0595  0.3332  0.2545  0.4845  0.9989 1 
 28.4031  0.6101 -1.5716  0.1838  0.3053  0.0499  0.2495  0.1351 -0.0003  0.7813 1 
 47.5074 -0.7451  1.0236  0.0610  0.1286  0.0848  0.3460  0.0285 -0.0003  0.1712 0 
 45.0751  0.7390 -2.0755  0.0182  0.2005  0.0499  0.2631  0.0239 -0.0003  0.1097 0 
 46.0304 -0.5552 -2.0195  0.0045  0.1255  0.0139  0.2180  0.0842 -0.0003  0.0400 0 
 33.9147  0.5397  1.1071  0.0316  0.7855  0.0089  0.3317  0.1118 -0.0003  0.2255 0 
 51.6182  0.4160 -0.0912  0.4751  0.5014  0.0960  0.5081  0.1371 -0.0003  0.9687 1 
 43.1556 -0.3982  3.0741  0.0420  0.6087  0.0194  0.3992  0.0176 -0.0003  0.2541 1 
 48.4901 -0.5333  0.1322  0.0229  0.3705  0.1299  0.6024  0.0532 -0.0003  0.2813 0 
 39.3652  0.4960 -3.0212  0.0203  0.6075  0.0267  0.3183  0.0821 -0.0003  0.1822 0 
 48.3803 -0.2436  2.2988  0.0753  0.1450  0.0704  0.4305  0.0920 -0.0003  0.3329 0 
 46.0761  0.2404 -0.8461  0.0128  0.2320  0.0244  0.3488  0.0120 -0.0003  0.0740 0 
 46.1311  0.4829  1.1452  0.0282  0.2993  0.0634  0.3923  0.0375  0.1444  0.3810 0 
 40.0061 -0.4854 -1.9725  0.0081  0.1081  0.0342  0.3169  0.0488 -0.0003  0.0529 0 
 46.9917 -0.1948 -2.5426  0.0713  0.1871  0.0342  0.6507  0.2148 -0.0003  0.6065 0 
 32.1141  0.2286  0.6390  0.0077  0.2173  0.0496  0.4814  0.0057 -0.0003  0.1304 0 
 59.1165 -0.1211 -0.3417  0.1089  0.5003  0.0240  0.2047  0.1279 -0.0003  0.4838 0 
 53.5958  0.1408  2.7921  0.0701  0.1127  0.0274  0.2936  0.0764  0.0851  0.3132 0 
 50.7729  0.2294 -1.1698  0.0087  0.1395  0.0297  0.2126  0.0135 -0.0003  0.0556 0 
 29.8192 -0.2239  1.9880  0.0374  0.3762  0.0250  0.2460  0.0329 -0.0003  0.1481 0 
 43.1250 -0.0244 -0.3921  0.0208  0.1616  0.1612  0.4437  0.1444 -0.0003  0.2475 0 
 40.5890  0.0058  2.7356  0.0051  0.3745  0.0269  0.4960  0.0313 -0.0003  0.1349 0 
 49.9489  0.1700  1.3077  0.0389  0.4638  0.0886  0.2135  0.0522 -0.0003  0.4116 0 
 42.3133 -0.1734 -1.8382  0.0178  0.1209  0.0171  0.3567  0.0939 -0.0003  0.0588 0 
 50.5928 -0.2926 -0.0805  0.0081  0.4749  0.0476  0.4682  0.0784 -0.0003  0.2060 0 
 45.7496  0.2870  3.0217  0.0528  0.2936  0.0847  0.3931  0.0428 -0.0003  0.3147 0 
 43.1952  0.1347  2.8553  0.0426  0.2791  0.0656  0.4435  0.0131  0.0444  0.3088 0 
 42.9969 -0.1515 -0.2898  0.0603  0.1295  0.0286  0.2664  0.1447 -0.0003  0.1968 0 
 47.6020  0.0766  0.5522  0.0358  0.1213  0.0447  0.4323  0.1696  0.0216  0.2493 0 
 43.1220 -0.0851 -2.6328  0.0649  0.3945  0.1187  0.5324  0.0493 -0.0003  0.3841 0 
 44.6540 -0.7218  2.3252  0.0285  0.0808  0.1016  0.3957  0.0245 -0.0003  0.0782 0 
 27.8264  0.7315 -0.8429  0.0161  0.4820  0.0072  0.1507  0.0025 -0.0003  0.1176 0 
 44.0772 -0.4594 -0.3041  0.0027  0.4010  0.0811  0.2647  0.0767 -0.0003  0.2330 0 
 39.2126  0.4731  2.8030  0.0763  0.2080  0.2838  0.5917  0.0384 -0.0003  0.4337 0 
 47.4891  0.7914 -1.1789  0.0071  0.3787  0.0302  0.3893  0.1010 -0.0003  0.1381 0 
 42.7771 -0.7760  2.0505  0.0114  0.2439  0.1007  0.1778  0.0180 -0.0003  0.2048 0 
 39.1638 -0.4733  1.0015  0.0727  0.2060  0.0347  0.3642  0.0627 -0.0003  0.2542 0 
 38.8434  0.4671 -2.1514  0.0480  0.4978  0.0216  0.3651  0.0737 -0.0003  0.2540 0 
 43.7903 -0.3753 -2.5048  0.0262  0.6978  0.0860  0.3535  0.0095 -0.0003  0.2559 1 
 33.4356  0.3894  0.6077  0.2296  0.2743  0.0155  0.3331  0.1794 -0.0003  0.7015 1 
 44.3030  0.2902 -2.6265  0.0310  0.2006  0.0427  0.4846  0.0838 -0.0003  0.2131 0 
 32.1935 -0.3291  0.5011  0.0171  0.4065  0.0477  0.5772  0.1085  0.1779  0.5333 0 
 54.1878 -0.4072 -2.1304  0.0180  0.3107  0.0300  0.3765  0.0053 -0.0003  0.1337 0 
 49.3751  0.4414  0.9995  0.0279  0.2128  0.1053  0.2998  0.0836 -0.0003  0.2154 0 
 52.8664  0.7305 -0.1516  0.0384  0.4977  0.0180  0.0842  0.0081 -0.0003  0.1866 0 
 48.1941 -0.7122  2.9692  0.0792  0.1489  0.0270  0.2155  0.0239 -0.0003  0.1283 0 
 49.2592  0.4520 -1.8642  0.0360  0.3891  0.1212  0.6000  0.0611 -0.0003  0.3317 0 
 39.5544 -0.4186  1.2576  0.1429  0.2852  0.0596  0.4087  0.0281 -0.0003  0.5208 0 
 35.3368  0.5730 -0.6772  0.2158  0.2088  0.0187  0.2811  0.1328 -0.0003  0.5748 1 
 25.0370 -0.6052  2.4317  0.1006  0.2102  0.0361  0.3111  0.2412  0.2111  0.8764 1 
 54.5418  0.0917 -0.8959  0.0252  0.1335  0.0623  0.2088  0.0220 -0.0003  0.1055 0 
 49.9428 -0.0852  2.2275  0.0696  0.4941  0.0227  0.2562  0.0298  0.0602  0.4263 0 
 46.0456  0.3029  0.2048  0.0229  0.6723  0.0645  0.5233  0.0349 -0.0003  0.2672 0 
 33.6858 -0.3210 -2.9215  0.0090  0.3321  0.0063  0.0475  0.1009 -0.0003  0.1301 0 
 46.7659 -0.7069  2.7873  0.0041  0.6042  0.0996  0.4343  0.1009 -0.0003  0.2630 0 
 45.5573  0.6863 -0.3825  0.0069  0.1232  0.0454  0.5247  0.0148 -0.0003  0.0996 0 
 47.1748  0.1718 -2.4151  0.1215  0.6162  0.0526  0.5200  0.1520 -0.0003  0.8490 1 
 41.7578 -0.2145  0.7341  0.2580  0.5525  0.0457  0.3580  0.2890 -0.0003  0.9743 1 
 50.1778 -0.7364  1.9845  0.0363  0.4079  0.1190  0.3838  0.0457 -0.0003  0.2765 0 
 48.1544  0.7334 -1.1812  0.0213  0.4780  0.0576  0.3017  0.0776 -0.0003  0.2971 0 
 49.5247  0.2492  0.1581  0.0237  0.4986  0.0364  0.2568  0.0789 -0.0003  0.2148 0 
 44.3915 -0.2133 -2.9894  0.0488  0.2352  0.0196  0.1321  0.0698 -0.0003  0.1424 0 
 41.7884  0.1679 -2.8235  0.0000  0.7172  0.0306  0.2684  0.2652  0.1278  0.6962 1 
 41.0498 -0.1623  0.2851  0.1498  0.4470  0.0281  0.4496  0.3797 -0.0003  0.9451 1 
 56.2417 -0.4557  0.4506  0.0177  0.1109  0.1164  0.4558  0.0651 -0.0003  0.1055 0 
 50.4219  0.4221 -2.7027  0.0912  0.3712  0.1371  0.2556  0.1822 -0.0003  0.7755 0 
 37.2442 -0.1684 -2.0520  0.5488  0.2977  0.0908  0.4155  0.4064  0.3444  0.9994 1 
 27.1580  0.1543  1.0750  0.1322  0.3812  0.0276  0.4552  0.2080 -0.0003  0.8095 1 
 50.9407 -0.7775 -1.3862  0.0482  0.6943  0.0304  0.3399  0.0742 -0.0003  0.3565 0 
 49.2561  0.7782  1.7178  0.0240  0.7555  0.0244  0.2571  0.0407 -0.0003  0.1817 0 
 44.1932 -0.2108  3.0675  0.2785  0.5360  0.0562  0.5730  0.3123 -0.0003  0.9882 0 
 25.8335  0.2114 -0.0666  0.0200  0.5698  0.0066  0.2054  0.0755  0.1187  0.2002 0 
 43.5492 -0.2345  0.6202  0.0094  0.6676  0.0698  0.5753  0.0441 -0.0003  0.2392 0 
 39.5087  0.2470 -2.5617  0.0039  0.3914  0.0346  0.4088  0.2376 -0.0003  0.3583 0 
 47.4372  0.0550 -0.7633  0.4395  0.6651  0.0872  0.4327  0.2894 -0.0003  0.9923 1 
 41.2421 -0.0549  2.4105  0.4107  0.6876  0.0295  0.3592  0.3981  0.2576  0.9978 1 
 39.6185 -0.2812 -0.3690  0.2916  0.3450  0.0527  0.3631  0.1968 -0.0003  0.9386 0 
 34.6563  0.2239  2.7869  0.1298  0.3454  0.0971  0.2355  0.1192  0.2707  0.8905 0 
 48.2216 -0.5351  0.0876  0.4555  0.6430  0.0656  0.3016  0.5844 -0.0003  0.9979 1 
 37.8485  0.5415 -3.0699  0.3221  0.1225  0.0426  0.2298  0.3129 -0.0003  0.9506 1 
 46.9306  0.4385  2.9925  0.0187  0.4720  0.0096  0.1302  0.0710 -0.0003  0.1199 0 
 41.8128 -0.4207 -0.1368  0.0055  0.3910  0.0294  0.2684  0.0601 -0.0003  0.1004 0 
 46.2745 -0.3556  0.0553  0.0216  0.2353  0.0284  0.3049 -0.0200 -0.0003  0.1273 0 
 41.1597  0.3630 -3.0999  0.0334  0.6041  0.0140  0.1348  0.0107 -0.0003  0.1550 0 
 48.6152 -0.5098  1.4894  0.0090  0.3558  0.0965  0.6879  0.2076 -0.0003  0.3946 0 
 43.7415  0.5072 -1.6719  0.0249  0.3757  0.0494  0.5304  0.0145 -0.0003  0.2394 0 
 47.2297 -0.4147 -1.2592  0.0104  0.1476  0.0283  0.2599  0.0150 -0.0003  0.0535 0 
 45.7801  0.4344  1.8787  0.0250  0.3566  0.0544  0.3494  0.0882 -0.0003  0.2603 0 
 60.3525 -0.4236  2.0297  0.0890  0.0999  0.1101  0.3258  0.1603 -0.0003  0.4148 0 
 44.8859  0.4259 -1.1153  0.2095  0.0923  0.0956  0.3951  0.2582  0.2063  0.9209 0 
 46.0945  0.7843  2.7219  0.0120  0.6576  0.0976  0.6539  0.0566 -0.0003  0.2754 0 
 45.6886 -0.7949 -0.4225  0.0181  0.1553  0.0294  0.2622  0.0346 -0.0003  0.0573 0 
 46.1128 -0.6272  2.3698  0.0088  0.2806  0.0179  0.3051  0.0453 -0.0003  0.0576 0 
 36.1059  0.6179 -0.7618  0.0216  0.6898  0.0240  0.1863  0.0067 -0.0003  0.1917 0 
 51.2428  0.5673  1.8416  0.0179  0.2822  0.0759  0.4667  0.0328 -0.0003  0.1864 0 
 46.7720 -0.5551 -1.2631  0.0827  0.1170  0.0358  0.1737  0.0234 -0.0003  0.1281 0 
 46.2470  0.6393 -0.2605  0.0048  0.0360  0.0317  0.2613  0.1065  0.0336  0.0813 0 
 46.2165 -0.6835  2.9154  0.0307  0.3592  0.0097  0.2614  0.0106 -0.0003  0.0925 0 
 62.1836  0.3560  2.0639  0.7011  0.3377  0.0276  0.4448  0.3497 -0.0003  0.9925 1 
 46.5980 -0.3726 -1.0929  0.0940  0.6995  0.0318  0.4782  0.0490 -0.0003  0.6531 1 
 47.3701 -0.4057 -0.2500  0.0157  0.3871  0.0792  0.3896  0.0179 -0.0003  0.1921 0 
 47.1290  0.4276  2.9052  0.0069  0.0621  0.0177  0.1734  0.0119 -0.0003  0.0438 0 
 45.0660 -0.7388 -0.0436  0.2102  0.7622  0.0596  0.2631  0.3946  0.3932  0.9963 1 
 36.9177  0.7583  3.0921  0.3164  0.2653  0.0446  0.4628  0.3625 -0.0003  0.9891 1 
 49.2561  0.5144  2.0804  0.0175  0.1958  0.0407  0.3857  0.1508  0.2738  0.5994 1 
 37.1984 -0.5462 -1.0320  0.2032  0.4818  0.0691  0.5080  0.3168  0.5606  0.9995 1 
 43.3112 -0.2026  2.7482  0.0388  0.1835  0.0616  0.1772  0.0748 -0.0003  0.2170 0 
 39.7742  0.2254 -0.4406  0.0229  0.2374  0.1271  0.4081  0.0036 -0.0003  0.1689 0 
 54.5937  0.1046  2.0437  0.0413  0.4779  0.0357  0.0835  0.0059 -0.0003  0.3322 0 
 51.3924 -0.0709 -1.1155  0.0703  0.2689  0.0757  0.3391  0.0941 -0.0003  0.4472 0 
 49.4514 -0.1616  2.8018  0.0619  0.4656  0.0701  0.2141  0.0195 -0.0003  0.4667 0 
 46.2501  0.1608 -0.3594  0.0226  0.2240  0.0185  0.3049  0.0472 -0.0003  0.0634 0 
 63.0625 -0.5597 -3.0528  0.0197  0.3137  0.0552  0.2015  0.0480 -0.0003  0.2158 0 
 54.9599  0.5710  0.0737  0.0378  0.3582  0.0727  0.3751  0.0812 -0.0003  0.3324 0 
 42.8565  0.4709  2.5900  0.2613  0.5425  0.0625  0.3111  0.2335 -0.0003  0.9704 1 
 37.6898 -0.4456 -0.5996  0.2415  0.3202  0.0111  0.2301  0.3328  0.1186  0.9382 1 
 58.3780  0.3511 -1.5714  0.0193  0.0762  0.1971  0.5338  0.0046 -0.0003  0.1049 0 
 47.6204 -0.3674  1.5628  0.0025  0.1749  0.0839  0.4323  0.0668 -0.0003  0.1068 0 
 42.9389  0.5062 -0.7689  0.0018  0.1490  0.0215  0.3998  0.1600 -0.0003  0.0895 0 
 42.5299 -0.4678  2.3549  0.0410  0.3209  0.0287  0.3562  0.1392 -0.0003  0.2855 0 
 45.7435 -0.6724 -0.3914  0.0273  0.2142  0.0179  0.1747  0.0319 -0.0003  0.0728 0 
 41.4618  0.6690  2.7544  0.1322  0.3151  0.0515  0.4483  0.1486 -0.0003  0.7552 0 
 47.7058  0.0199  0.4261  0.0160  0.4890  0.0516  0.5185  0.0102 -0.0003  0.2071 0 
 30.0023 -0.0302 -2.7122  0.0042  0.4467  0.0201  0.2455  0.0090 -0.0003  0.1056 0 
 52.3690  0.4002  2.7191  0.0292  0.6054  0.1665  0.5063  0.3737  0.2637  0.9640 1 
 42.8321 -0.3829 -0.3972  0.0242  0.1278  0.1180  0.2222  0.0098 -0.0003  0.0975 1 
 47.8279 -0.4016 -1.0444  0.0712  0.3553  0.0294  0.5182  0.1408  0.0906  0.6831 0 
 44.5411  0.4237  2.1146  0.0332  0.1198  0.0774  0.3959  0.1143  0.0430  0.2124 0 
 63.7705  0.2200 -0.6209  0.2641  0.1333  0.1098  0.4019  0.3832 -0.0003  0.9848 1 
 52.2438 -0.2269  2.5311  0.7098  0.5238  0.0474  0.2533  0.5394 -0.0003  0.9980 1 
 46.8482 -0.7437  1.3337  0.0236  0.4334  0.1481  0.6512  0.0278  0.4431  0.5776 0 
 43.8270  0.7647 -1.8787  0.0206  0.7481  0.2468  0.7068  0.1563 -0.0003  0.4664 0 
 46.2562 -0.7229  2.8702  0.0060  0.4335  0.0364  0.3920  0.0804 -0.0003  0.1516 0 
 45.3315  0.7125 -0.2604  0.0252  0.2413  0.0476  0.4379  0.0189 -0.0003  0.1707 0 
 59.9039  0.5884 -1.1686  0.0221  0.1979  0.0173  0.1632  0.0191 -0.0003  0.0664 0 
 43.5584 -0.5812  1.9945  0.0078  0.6095  0.0400  0.2655  0.0231 -0.0003  0.2056 0 
 44.6174  0.5001  1.9248  0.0814  0.1698  0.1469  0.3518  0.1009 -0.0003  0.4133 0 
 41.2146 -0.4875 -1.2508  0.0541  0.2182  0.1821  0.5838  0.1942 -0.0003  0.6430 0 
 44.8432 -0.3238 -0.7473  0.0957  0.5078  0.0390  0.4391  0.0236 -0.0003  0.5564 0 
 34.9737  0.3381  2.3914  0.1353  0.2774  0.0276  0.5168  0.0873  0.1227  0.8059 0 
 48.1086 -0.7556 -0.0717  0.0301  0.2415  0.0270  0.2587  0.0880 -0.0003  0.1165 0 
 47.7821  0.7446  3.0850  0.0059  0.4437  0.0931  0.4751  0.0872 -0.0003  0.2152 0 
 46.8696  0.3022 -0.9134  0.6139  0.5212  0.1095  0.3038  0.4271  0.6129  0.9998 1 
 45.2949 -0.3294  2.2165  0.2439  0.3514  0.1620  0.4379  0.0926 -0.0003  0.8113 1 
 45.7221 -0.0033 -1.0010  0.0194  0.6944  0.0731  0.5242  0.0386 -0.0003  0.2675 0 
 45.5695 -0.0035  2.1440  0.0798  0.0685  0.0159  0.3061  0.0500 -0.0003  0.0689 0 
 49.2287 -0.6993  1.0528  0.0260  0.3422  0.0139  0.3000  0.0186 -0.0003  0.0887 0 
 46.8849  0.6950 -2.0896  0.0620  0.5266  0.0145  0.1736  0.1823 -0.0003  0.2971 0 
 48.3955  0.4745 -2.3737  0.1641  0.3544  0.0616  0.2583  0.2844 -0.0003  0.9180 1 
 42.3529 -0.4629  0.7361  0.3199  0.6675  0.0308  0.4904  0.4493  0.1008  0.9949 1 
 47.8706 -0.5767  1.6293  0.0026  0.4365  0.0178  0.2590  0.0266 -0.0003  0.0829 0 
 42.3713  0.5669 -1.4663  0.0167  0.1117  0.1625  0.2229  0.0121 -0.0003  0.0764 0 
 49.7169 -0.4552  1.1516  0.0061  0.2040  0.0233  0.4275  0.0262 -0.0003  0.0692 0 
 42.5391  0.4496 -1.9790  0.0077  0.3006  0.0269  0.2227  0.0292 -0.0003  0.0833 0 
 46.2959 -0.6082 -2.7548  0.0168  0.3968  0.0398  0.5661  0.0242  0.1696  0.4132 0 
 42.1881  0.6146  0.4087  0.0379  0.6380  0.0211  0.2231  0.0187 -0.0003  0.1863 0 
 46.0731 -0.0201 -0.6473  0.0910  0.8270  0.1011  0.3488  0.3094 -0.0003  0.9574 1 
 45.2552  0.0138  2.5219  0.8727  0.6439  0.0660  0.3504  0.2498 -0.0003  0.9958 1 
 46.9764  0.7492  2.4593  0.0000  0.5004  0.0800  0.3037  0.1608 -0.0003  0.3783 0 
 33.6156 -0.7191 -0.7742  0.0003  0.1395  0.1700  0.3326  0.1984 -0.0003  0.1927 0 
 50.7729  0.1802 -2.5755  0.0207  0.7076  0.0452  0.4252  0.0295 -0.0003  0.2545 1 
 41.1017 -0.1556  0.5842  0.4896  0.8150  0.0427  0.3146  0.3143  0.1931  0.9963 1 
 47.8126 -0.6017 -0.3398  0.0312  0.2935  0.1469  0.4750  0.0242 -0.0003  0.2396 0 
 43.5676  0.6636  2.7675  0.0861  0.1232  0.0492  0.2212  0.1088 -0.0003  0.2685 0 
 43.1708 -0.6260 -2.2763  0.0597  0.2185  0.0314  0.4879  0.2324 -0.0003  0.4848 0 
 40.0977  0.5979  0.8412  0.0254  0.3314  0.1543  0.5881  0.0156 -0.0003  0.2594 0 
 50.7881 -0.0750  2.5665  0.0092  0.4613  0.0530  0.2976  0.0899 -0.0003  0.2348 0 
 41.1017  0.0771 -0.5708  0.0120  0.3394  0.0165  0.2247  0.0439 -0.0003  0.0773 0 
 49.1005 -0.4250  2.2551  0.0088  0.1151  0.0369  0.4289  0.0214 -0.0003  0.0738 0 
 45.4200  0.4249 -0.8537  0.0165  0.4012  0.0269  0.2188  0.0849 -0.0003  0.1367 0 
 45.1362 -0.6320  0.0851  0.0310  0.2801  0.0186  0.3945  0.0059 -0.0003  0.1236 0 
 40.3815  0.6303 -3.0414  0.0260  0.1106  0.0348  0.1355  0.0019 -0.0003  0.0845 0 
 52.5643 -0.6649 -0.0228  0.1903  0.4056  0.0318  0.2529  0.0405 -0.0003  0.6285 0 
 49.4118  0.6498  3.1092  0.0092  0.2372  0.0225  0.2997  0.0606 -0.0003  0.0581 0 
 47.5380 -0.1677 -1.0818  0.5526  0.4390  0.0523  0.4325  0.5505 -0.0003  0.9977 1 
 41.7243  0.1589  2.0660  0.0670  0.2183  0.0441  0.5371  0.0557 -0.0003  0.3695 1 
 48.2307  0.0052  2.0676  0.0170  0.1793  0.0334  0.3447  0.0357 -0.0003  0.0758 0 
 45.6001  0.0132 -1.0648  0.0256  0.6162  0.1104  0.5683  0.0132 -0.0003  0.2626 0 
 46.2776 -0.5219  0.7695  0.0233  0.6702  0.0696  0.3919  0.0049 -0.0003  0.2372 0 
 44.4190  0.5296 -2.4047  0.0404  0.1362  0.0739  0.2201  0.0268 -0.0003  0.1354 0 
 46.3050  0.7565 -0.1012  0.0470  0.1528  0.0273  0.4790  0.0626 -0.0003  0.1809 0 
 42.6612 -0.7573  3.0466  0.0286  0.5135  0.0272  0.2670  0.0950 -0.0003  0.1952 0 
 39.6979  0.5222  2.5241  0.1281  0.2601  0.0271  0.3176  0.2637 -0.0003  0.7207 0 
 38.7213 -0.5035 -0.6193  0.0083  0.1250  0.0503  0.3197  0.0153  0.1111  0.1290 0 
 49.8970  0.4886 -0.2811  0.0988  0.2637  0.1486  0.4698  0.0632 -0.0003  0.4493 0 
 40.9064 -0.5018  2.8909  0.0793  0.2864  0.0278  0.2700  0.0735  0.1753  0.6577 0 
 48.8258 -0.3157  0.8771  0.0146  0.1770  0.0689  0.5583  0.0388  0.2828  0.3602 0 
 32.8679  0.3202 -2.2657  0.0374  0.2152  0.0373  0.1913  0.0167 -0.0003  0.1406 0 
 44.5533  0.0815  1.7691  0.0215  0.3596  0.0394  0.2199  0.0082 -0.0003  0.1983 0 
 41.8311 -0.0610 -1.3748  0.0357  0.5655  0.0897  0.5815  0.0740  0.1212  0.5358 0 
 48.1453  0.5291  0.1131  0.1180  0.0233  0.0569  0.3448  0.1085 -0.0003  0.1461 0 
 39.1974 -0.5200 -3.0350  0.0362  0.1520  0.0234  0.2276  0.0759 -0.0003  0.0739 0 
 48.3040  0.3146 -2.8462  0.0051  0.2133  0.0736  0.2584  0.0734 -0.0003  0.1342 0 
 45.2369 -0.3386  0.2690  0.0252  0.3529  0.0820  0.3067  0.0167 -0.0003  0.2285 0 
 47.6875  0.5550 -1.7546  0.0349  0.2435  0.1351  0.4753  0.0269 -0.0003  0.2316 0 
 47.6570 -0.5451  1.4236  0.0249  0.2913  0.0469  0.3890  0.0101 -0.0003  0.1833 0 
 46.8330  0.2836 -3.1082  0.3995  0.3896  0.0656  0.2605  0.3864 -0.0003  0.9954 1 
 33.8018 -0.2458  0.0540  0.1512  0.5518  0.0334  0.2846  0.0969  0.3690  0.9938 1 
 52.2805 -0.2044  2.6128  0.3798  0.2245  0.1347  0.4643  0.4645  0.2539  0.9973 1 
 43.2197  0.2331 -0.5363  0.3305  0.3666  0.0288  0.4434  0.4841  0.1556  0.9980 1 
 48.5908  0.6719 -0.1008  0.0548  0.5342  0.1025  0.3440  0.1221 -0.0003  0.5104 0 
 45.2644 -0.6790  3.0322  0.1268  0.1692  0.0739  0.5256  0.0540 -0.0003  0.5015 0 
 58.5428  0.2464 -2.1396  0.0121  0.3578  0.1215  0.6565  0.0646 -0.0003  0.2701 0 
 39.9298 -0.2666  1.0217  0.0240  0.4089  0.0336  0.2265  0.0814 -0.0003  0.1797 0 
 45.6062 -0.3694  0.8640  0.3410  0.5252  0.0475  0.2186  0.4999 -0.0003  0.9956 1 
 43.5431  0.3528 -2.3072  0.3996  0.0977  0.0789  0.4425  0.4874 -0.0003  0.9935 1 
 46.9123 -0.0901  0.4523  0.0127  0.3435  0.1193  0.4774  0.1130 -0.0003  0.2588 0 
 45.7496  0.0724 -2.7203  0.0032  0.2911  0.0183  0.3057  0.0302 -0.0003  0.0549 0 
 45.9663  0.4711 -1.7384  0.0394  0.4199  0.0170  0.3926  0.0724 -0.0003  0.1874 0 
 45.8900 -0.4771  1.4019  0.0363  0.2924  0.0308  0.3055  0.0222 -0.0003  0.1487 0 
 52.7504  0.3048  0.1224  0.0490  0.5564  0.1637  0.5896  0.0430 -0.0003  0.3283 0 
 45.7801 -0.2669 -3.0593  0.0000  0.2143  0.0381  0.1747  0.0714 -0.0003  0.0834 0 
 57.2213  0.0014  2.6506  0.1177  0.3409  0.0396  0.2063  0.1776 -0.0003  0.6910 0 
 47.8584  0.0036 -0.5176  0.1509  0.0783  0.0620  0.4317  0.1353 -0.0003  0.5185 0 
 46.5095  0.1896 -2.7843  0.0240  0.2761  0.0307  0.4784  0.0701 -0.0003  0.1876 0 
 46.2287 -0.2008  0.3559  0.0418  0.4046  0.0847  0.5663  0.0156 -0.0003  0.3030 0 
 51.8166  0.3441  0.1188  0.0067  0.3289  0.0526  0.2961  0.0107 -0.0003  0.1586 0 
 49.1310 -0.3275 -3.0252  0.0065  0.2619  0.1975  0.4717  0.0292 -0.0003  0.1907 0 
 48.7404 -0.7410  1.4326  0.4977  0.6409  0.0670  0.3867  0.4009  0.3707  0.9992 1 
 46.8177  0.7513 -1.7257  0.0407  0.3055  0.0437  0.2605  0.0447 -0.0003  0.2157 1 
 49.4270  0.5061 -1.7520  0.0200  0.3393  0.0298  0.5994  0.0328 -0.0003  0.2345 0 
 40.6958 -0.5224  1.4135  0.0458  0.4594  0.0124  0.1352  0.0049 -0.0003  0.1559 0 
 51.8318 -0.1877 -1.1755  0.0616  0.4522  0.0482  0.2961  0.0456 -0.0003  0.4220 0 
 42.0508  0.1798  1.9101  0.0361  0.0312  0.0248  0.4020  0.0722 -0.0003  0.0762 0 
 48.7099 -0.7795  2.3987  0.0745  0.5277  0.2036  0.4298  0.0645 -0.0003  0.4075 0 
 41.9348  0.7736 -0.7509  0.0838  0.4679  0.0194  0.4917  0.0967 -0.0003  0.5597 0 
 41.5625  0.7415  0.4148  0.0167  0.5913  0.1313  0.4033  0.0453 -0.0003  0.2626 0 
 24.0024 -0.7491 -2.6116  0.0081  0.7580  0.0286  0.4729  0.0281 -0.0003  0.1822 0 
 47.1534  0.5112 -0.0789  0.1379  0.5366  0.0553  0.4767  0.2205 -0.0003  0.9146 1 
 42.4689 -0.5292  3.0689  1.1143  0.5287  0.0455  0.3564  0.7611 -0.0003  0.9980 1 
 51.1452  0.4803 -2.3503  0.1212  0.5755  0.1637  0.5093  0.1490  0.0732  0.8670 0 
 40.9949 -0.4631  0.7969  0.2174  0.5870  0.0182  0.1349  0.1989  0.1412  0.8577 0 
 51.8196  0.1119  2.0584  0.0105  0.3078  0.2877  0.5922  0.0196 -0.0003  0.2534 0 
 46.0578 -0.0430 -1.1036  0.0439  0.1473  0.0381  0.1744  0.0084 -0.0003  0.1111 0 
 41.3825 -0.6931  1.1382  0.0140  0.1246  0.0307  0.4037  0.0703 -0.0003  0.0750 0 
 39.0723  0.6909 -2.0062  0.0091  0.1142  0.0060  0.0911  0.0042 -0.0003  0.0515 0 
 47.3487  0.7784 -2.0037  0.0177  0.3766  0.0459  0.4329  0.1138 -0.0003  0.2604 0 
 44.6387 -0.7758  1.1211  0.1747  0.6392  0.0174  0.2198  0.2181 -0.0003  0.7694 0 
 46.6926 -0.6313  0.7526  0.0233  0.3915  0.1271  0.4779  0.1735 -0.0003  0.3923 0 
 44.9928  0.6419 -2.5036  0.0021  0.3356  0.0338  0.5265  0.0092 -0.0003  0.1442 0 
 50.0893 -0.5140  2.2680  0.0561  0.4224  0.3135  0.5974  0.0394 -0.0003  0.4130 0 
 45.2064  0.5129 -0.8879  0.0330  0.4608  0.0432  0.3067  0.1485  0.0833  0.5846 0 
 36.7498  0.5975  2.7500  0.0797  0.3544  0.0150  0.2317  0.1091 -0.0003  0.2337 0 
 33.2952 -0.5515 -0.3513  0.0358  0.5376  0.0898  0.2858  0.0317 -0.0003  0.3093 0 
 41.7456 -0.2919  1.7261  0.0082  0.1278  0.1662  0.2685  0.0180 -0.0003  0.0818 0 
 39.3744  0.2918 -1.4377  0.1652  0.3190  0.0332  0.3637  0.1501 -0.0003  0.7477 0 
 48.7434 -0.1043  0.7632  0.0769  0.2959  0.0790  0.3008  0.0549 -0.0003  0.4330 0 
 46.5248  0.1352 -2.4169  0.0135  0.1513  0.2986  0.2609  0.0046 -0.0003  0.1437 0 
 46.2287  0.5577 -2.5969  0.0183  0.5422  0.1041  0.3049  0.0108 -0.0003  0.2195 0 
 46.0853 -0.5767  0.5316  0.0103  0.0726  0.0384  0.4796  0.0319 -0.0003  0.0788 0 
 45.6214  0.4582  2.0074  0.0171  0.2598  0.0833  0.5246  0.0967 -0.0003  0.2396 0 
 45.2155 -0.4594 -1.1351  0.0747  0.0179  0.0633  0.1314  0.0329 -0.0003  0.0964 0 
 47.6661  0.5675 -0.9277  0.0533  0.2562  0.0355  0.2593  0.0224 -0.0003  0.1884 0 
 29.0532 -0.5693  2.2551  0.0081  0.2873  0.0181  0.2974  0.1608 -0.0003  0.1271 0 
 50.1778  0.6210 -3.0683  0.0287  0.5464  0.0468  0.2132  0.0418 -0.0003  0.3101 0 
 47.3671 -0.6045  0.0234  0.0178  0.6446  0.1040  0.5194  0.0645 -0.0003  0.2809 0 
 46.6133 -0.3609  0.7220  0.0321  0.3553  0.0845  0.3478  0.0478 -0.0003  0.2636 0 
 43.4028  0.3429 -2.4386  0.0091  0.1134  0.0141  0.0886  0.0886 -0.0003  0.0614 0 
 47.3762  0.6968  2.2878  0.0165  0.3232  0.0938  0.5194  0.0259  0.0190  0.2186 0 
 42.2736 -0.7039 -0.8743  0.0241  0.4116  0.0305  0.2230  0.0045 -0.0003  0.1889 0 
 51.7311 -0.2149 -1.3491  0.0293  0.1999  0.0919  0.5079  0.0301 -0.0003  0.1978 0 
 42.8412  0.2018  1.7886  0.0021  0.5250  0.0232  0.2667  0.0204 -0.0003  0.1116 0 
 45.3193  0.5685  0.7238  0.0063  0.5893  0.0682  0.6130  0.0917 -0.0003  0.2556 0 
 40.7721 -0.5961 -2.4372  0.0201  0.3897  0.0627  0.4054  0.1343 -0.0003  0.3271 0 
 49.5888 -0.2677  0.2537  0.1481  0.1309  0.0679  0.2567  0.0843 -0.0003  0.4580 1 
 36.4324  0.2165 -2.8641  0.1615  0.3043  0.0584  0.3716  0.1854 -0.0003  0.8494 1 
 55.7107  0.6922 -1.3190  0.0099  0.1955  0.0760  0.4985  0.1140 -0.0003  0.1808 0 
 42.4140 -0.6846  1.7928  0.0161  0.4430  0.0331  0.1783  0.0069 -0.0003  0.2085 0 
 44.6967  0.2497 -0.8263  0.0045  0.5354  0.0045  0.1318  0.0159 -0.0003  0.1074 0 
 40.2411 -0.1504  2.3082  0.0257  0.1093  0.0361  0.3616  0.0266  0.0387  0.1107 0 
 51.5572  0.2209 -2.1263  0.2534  0.6681  0.1009  0.4236  0.3099 -0.0003  0.9924 1 
 40.5035 -0.2314  0.9865  0.2552  0.4220  0.0825  0.4060  0.2198  0.5293  0.9993 1 
 42.1027 -0.7799 -2.1369  0.0139  0.3935  0.0359  0.4019  0.1111 -0.0003  0.2055 0 
 36.4569  0.7936  1.0278  0.0275  0.3732  0.0310  0.2786  0.1379 -0.0003  0.2392 0 
 45.8625  0.3880  1.9515  0.6615  0.3622  0.0536  0.3056  0.5599  0.0858  0.9978 1 
 29.1051 -0.4187 -1.1756  0.1864  0.3665  0.0413  0.3468  0.2150  0.1425  0.9192 1 
 45.3742 -0.2243  0.4536  0.0304  0.6538  0.0308  0.1751  0.0064 -0.0003  0.2611 0 
 40.9613  0.2149 -2.6899  0.0074  0.1310  0.0365  0.1350  0.0131 -0.0003  0.0758 0 
 44.2023 -0.3774  2.9916  0.0051  0.6826  0.0626  0.2645  0.0808 -0.0003  0.3271 0 
 35.0713  0.3662 -0.1329  0.0241  0.1093  0.0215  0.4225  0.0237 -0.0003  0.0695 0 
 47.6143  0.3762 -2.6561  0.0107  0.0893  0.0814  0.2594  0.0157 -0.0003  0.0771 0 
 45.7008 -0.3726  0.4686  0.2072  0.8404  0.0438  0.3058  0.3716 -0.0003  0.9788 0 
 66.0441  0.5915  0.5027  0.0508  0.1368  0.0343  0.3985  0.0164 -0.0003  0.1322 0 
 46.2318 -0.6124 -2.6372  0.0161  0.3989  0.0755  0.6534  0.0705 -0.0003  0.2792 0 
 46.6682  0.2571 -0.5929  0.0619  0.4044  0.1240  0.6084  0.0911 -0.0003  0.4662 0 
 44.5228 -0.2643  2.5509  0.0490  0.2275  0.0134  0.0880  0.0029 -0.0003  0.1489 0 
 46.2409 -0.2125  2.5583  0.0601  0.6979  0.1339  0.6098  0.1806  0.3818  0.9226 0 
 39.2493  0.2005 -0.5839  0.0052  0.7864  0.0222  0.3185  0.0461 -0.0003  0.1344 0 
 53.6751 -0.1648  2.2098  0.1039  0.0894  0.0932  0.2935  0.1835 -0.0003  0.4647 0 
 52.8237  0.1495 -1.0114  0.0887  0.4567  0.1043  0.3789  0.1935  0.0340  0.8150 0 
 52.1157  0.7230 -1.4372  0.1505  0.7790  0.0343  0.4224  0.0214 -0.0003  0.8345 1 
 33.7407 -0.6976  1.7545  0.0399  0.3023  0.0998  0.3322  0.1981 -0.0003  0.5278 1 
 45.6825 -0.7457 -1.7195  0.0153  0.2463  0.2133  0.3933  0.0084  0.3654  0.3813 0 
 43.7781  0.7495  1.4136  0.0143  0.2414  0.0114  0.2651  0.0469 -0.0003  0.0490 0 
 45.4719  0.1074  1.8922  0.0321  0.1497  0.0637  0.5250  0.0058 -0.0003  0.1691 0 
 36.4050 -0.1144 -1.2392  0.0742  0.5366  0.0372  0.5110  0.1262 -0.0003  0.6454 0 
 50.2449  0.6488 -2.6336  0.0053  0.4712  0.0453  0.2558  0.0163 -0.0003  0.1965 0 
 40.9369 -0.6527  0.5098  0.0048  0.3679  0.0844  0.1799  0.1270 -0.0003  0.3834 0 
 46.1830 -0.7503 -0.8012  0.0822  0.2119  0.0734  0.1743  0.0557 -0.0003  0.3988 0 
 39.8016  0.7693  2.3966  0.0046  0.1792  0.0349  0.4533  0.0093 -0.0003  0.0888 0 
 46.9703  0.1841  2.6938  0.3712  0.4874  0.0627  0.4772  0.3735  0.3865  0.9998 1 
 40.0610 -0.2009 -0.4790  0.5345  0.3727  0.0447  0.3620  0.1755  0.4356  0.9983 1 
 52.1798  0.5784 -2.0451  0.0704  0.4691  0.0250  0.2956  0.0943 -0.0003  0.3448 0 
 49.5674 -0.5654  1.0807  0.0023  0.4885  0.0625  0.5134  0.0125 -0.0003  0.1649 0 
 49.4423  0.1530 -0.1784  0.0393  0.3254  0.0941  0.4709  0.0219 -0.0003  0.2650 0 
 39.9176 -0.1624  2.9868  0.0312  0.3976  0.0279  0.3624  0.0457 -0.0003  0.1759 0 
 48.5206 -0.0655 -0.0322  0.0026  0.3792  0.1549  0.2151  0.1411 -0.0003  0.3562 0 
 35.0347  0.0539 -3.1170  0.0199  0.1848  0.0300  0.4226  0.0318 -0.0003  0.0970 0 
 44.8707  0.2171 -1.0546  0.0102  0.4714  0.0296  0.4390  0.0424 -0.0003  0.1551 1 
 42.4414 -0.1994  2.0734  0.1493  0.4313  0.0367  0.5347  0.1138 -0.0003  0.7827 1 
 43.0274 -0.6943  0.4190  0.0083  0.1692  0.0871  0.7991  0.0519  0.2647  0.4099 0 
 38.7274  0.7205 -2.6762  0.0241  0.4442  0.0724  0.3197  0.0345 -0.0003  0.2548 0 
 57.2519 -0.5895  1.7918  0.2980  0.7027  0.0834  0.3713  0.4755 -0.0003  0.9967 1 
 33.1304  0.6110 -1.3182  0.5582  0.3189  0.1122  0.3339  0.2369  0.7418  0.9998 1 
 49.2622 -0.4752  0.5291  0.0152  0.2875  0.1904  0.4285  0.0179 -0.0003  0.2037 0 
 45.5146  0.4749 -2.6859  0.0104  0.3036  0.0271  0.3499  0.0097 -0.0003  0.0972 0 
 47.2267  0.4358 -2.8371  0.1059  0.6522  0.0423  0.5632  0.1700 -0.0003  0.8445 0 
 45.4231 -0.4237  0.3871  0.1414  0.3477  0.1223  0.3939  0.1015 -0.0003  0.6678 0 
 49.6254  0.6979 -2.0583  0.0125  0.7862  0.1125  0.4277  0.1096 -0.0003  0.3708 0 
 49.2256 -0.6865  1.1038  0.0148  0.2169  0.0110  0.3857  0.0508 -0.0003  0.0546 0 
 46.4668  0.2221 -0.5029  0.0532  0.0582  0.0504  0.3045  0.1277  0.1019  0.2469 0 
 43.7934 -0.2341  2.6211  0.0547  0.3047  0.0452  0.5302  0.0086 -0.0003  0.3323 0 
 35.5413  0.7201 -2.4818  0.0993  0.4933  0.0254  0.3274  0.1291  0.0721  0.6770 1 
 34.6654 -0.7356  0.6732  0.0112  0.2196  0.0216  0.4710  0.1822  0.2082  0.5364 1 
 34.3725  0.2589 -0.0168  0.1187  0.1503  0.0223  0.4721  0.2800  0.2132  0.9219 1 
 23.3921 -0.2849  3.1065  0.0978  0.7331  0.0286  0.3179  0.1872 -0.0003  0.7306 1 
 52.8634 -0.6412 -1.1260  0.0050  0.0550  0.0675  0.1684  0.0070 -0.0003  0.0881 0 
 49.9336  0.6372  2.1139  0.0028  0.3972  0.0868  0.6406  0.0163 -0.0003  0.1911 0 
 48.9784  0.4491  0.9665  0.0412  0.7786  0.0427  0.5579  0.0722 -0.0003  0.4410 0 
 47.2084 -0.4473 -2.1437  0.0130  0.4375  0.0748  0.6065  0.0551  0.0760  0.3314 0 
 42.3774  0.5635 -0.8862  0.4052  0.6302  0.0213  0.3120  0.4748 -0.0003  0.9961 1 
 39.1516 -0.5856  2.2177  0.1781  0.1109  0.0390  0.1821  0.2453  0.4753  0.9983 1 
 50.2113  0.7250  2.7936  0.0534  0.6082  0.1072  0.5970  0.0478 -0.0003  0.3541 1 
 46.7018 -0.7171 -0.3198  0.3298  0.7402  0.0451  0.7821  0.4235 -0.0003  0.9909 1 
 45.6794 -0.3535  2.1925  0.0376  0.2164  0.0239  0.4807  0.0580 -0.0003  0.1816 0 
 42.4445  0.3521 -0.9527  0.0352  0.4181  0.0335  0.2228  0.0202 -0.0003  0.2130 0 
 50.7790  0.1706  1.6208  0.0399  0.8413  0.1189  0.6803  0.0746 -0.0003  0.4507 0 
 46.5370 -0.1702 -1.5092  0.0144  0.1427  0.3003  0.5653  0.0217 -0.0003  0.1954 0 
 34.3755 -0.6335 -1.3201  0.0049  0.4115  0.0222  0.2361  0.0068 -0.0003  0.1096 0 
 28.5618  0.6794  1.8172  0.0117  0.3121  0.0221  0.0997  0.0341 -0.0003  0.1353 0 
 40.2533 -0.6347 -1.5050  0.1090  0.1719  0.0334  0.3615  0.1894 -0.0003  0.5417 0 
 31.3573  0.6273  1.7093  0.0244  0.2771  0.0827  0.2908  0.0119 -0.0003  0.2012 0 
 45.2888  0.7659  2.9388  0.0295  0.3185  0.0206  0.2628  0.0410 -0.0003  0.1003 0 
 41.9226 -0.7442 -0.1124  0.0229  0.1148  0.0746  0.5811  0.0134 -0.0003  0.1425 0 
 45.9236 -0.1803  0.4182  0.2124  0.5696  0.0946  0.7419  0.1954 -0.0003  0.9647 1 
 41.9989  0.1726 -2.7109  0.3884  0.5576  0.1350  0.3574  0.1715  0.5113  0.9984 1 
 45.8015 -0.0173  1.6288  0.0374  0.1451  0.2308  0.4367  0.0742 -0.0003  0.2257 0 
 44.3732  0.0305 -1.5457  0.0973  0.3574  0.0365  0.3523  0.0143 -0.0003  0.4396 0 
 51.7220 -0.6938 -0.0519  0.0410  0.2879  0.0361  0.2963  0.0555 -0.0003  0.1807 0 
 45.5299  0.6933  3.1001  0.0076  0.2914  0.0376  0.3499  0.1662 -0.0003  0.2064 0 
 44.9378  0.4559 -0.5459  0.0023  0.4425  0.0272  0.3072  0.0020 -0.0003  0.1253 0 
 44.7456 -0.4633  2.5883  0.0537  0.7461  0.0435  0.4833  0.0363 -0.0003  0.4381 0 
 49.5399  0.7168  0.2041  0.0049  0.0785  0.0504  0.3851  0.1993 -0.0003  0.1297 0 
 41.7121 -0.7175 -2.9473  0.0123  0.2319  0.0545  0.2238  0.0434 -0.0003  0.1280 0 
 54.1726  0.6530  2.4044  0.0577  0.3000  0.0654  0.5856  0.0524 -0.0003  0.4117 0 
 47.1443 -0.6555 -0.7659  0.0049  0.1760  0.0443  0.3034  0.0121 -0.0003  0.0775 0 
 44.1382 -0.4571  1.5676  0.0247  0.3465  0.1382  0.3087  0.0486 -0.0003  0.2445 0 
 42.1546  0.4353 -1.5397  0.0862  0.0794  0.0337  0.3571  0.0268 -0.0003  0.1204 0 
 48.9387 -0.1983 -1.6174  0.0353  0.2853  0.0229  0.3005  0.0130 -0.0003  0.1193 0 
 44.6876  0.1867  1.5249  0.0277  0.4189  0.0207  0.3516  0.0342 -0.0003  0.1357 0 
 45.2827  0.3955 -0.8022  0.0006  0.1103  0.0556  0.2190  0.0720 -0.0003  0.0707 0 
 44.3122 -0.4089  2.3739  0.0563  0.6203  0.0183  0.3084  0.1141 -0.0003  0.3065 0 
 40.7538  0.1659  2.8761  0.0587  0.2190  0.1111  0.5856  0.1806 -0.0003  0.5935 0 
 34.0185 -0.1634 -0.2115  0.0158  0.2324  0.0089  0.1420  0.0344 -0.0003  0.0659 0 
 38.4375  0.6122  3.1308  0.3774  0.5296  0.0820  0.3203  0.3669  0.2925  0.9980 1 
 34.3816 -0.6354 -0.0089  0.0131  0.4787  0.0230  0.2833  0.0268 -0.0003  0.1167 1 
 39.6551 -0.4265  1.2440  0.1259  0.5575  0.1306  0.7261  0.2582 -0.0003  0.9458 1 
 37.2534  0.4181 -1.9093  0.2134  0.4261  0.0546  0.2770  0.3472 -0.0003  0.9712 1 
 49.1035 -0.4565 -0.5286  0.0475  0.5157  0.1031  0.5146  0.0291 -0.0003  0.3088 0 
 45.4536  0.4616  2.6414  0.0164  0.2480  0.1430  0.4375  0.1725  0.4838  0.7749 0 
 45.0904 -0.5939  1.2352  0.0449  0.1511  0.0224  0.3946  0.0770 -0.0003  0.1235 0 
 41.0712  0.5976 -1.8951  0.0000 -1.0000  0.0042  0.0450  0.0030 -0.0003  0.1788 0 
 51.5816  0.7408 -2.0537  0.0434  0.2632  0.0607  0.4235  0.0771  0.2518  0.5749 0 
 44.1230 -0.7479  1.0442  0.0197  0.5462  0.0146  0.1764  0.0755 -0.0003  0.1308 0 
 45.4566 -0.3006 -1.1588  0.0046  0.4866  0.1193  0.5251  0.0324 -0.0003  0.2059 0 
 39.2462  0.2959  1.9890  0.0501  0.6140  0.0813  0.4551  0.0673 -0.0003  0.3821 0 
 50.9560 -0.2246 -2.6849  0.0610  0.2362  0.0516  0.4249  0.0709 -0.0003  0.3288 0 
 44.4465  0.2320  0.4409  0.0417  0.3115  0.0255  0.3521  0.0230 -0.0003  0.1644 0 
 47.0741  0.7192  1.6429  0.0587  0.3847  0.0162  0.3469  0.0855 -0.0003  0.2190 0 
 46.1463 -0.7100 -1.4969  0.0617  0.7083  0.0403  0.2179  0.0856 -0.0003  0.4799 0 
 49.3385 -0.7146 -0.7725  0.0171  0.3431  0.0717  0.7282  0.0663 -0.0003  0.3120 0 
 47.4800  0.6964  2.4581  0.0140  0.5323  0.0504  0.3893  0.0706 -0.0003  0.2339 0 
 52.1309  0.4704 -1.1037  0.1046  0.8069  0.0310  0.4646  0.0466 -0.0003  0.7240 1 
 44.3427 -0.4606  2.0378  0.3351  0.4465  0.0255  0.4845  0.3987 -0.0003  0.9897 1 
 57.1542  0.6864  0.0448  0.0181  0.5308  0.1038  0.4954  0.0078  0.1202  0.3264 0 
 49.0517 -0.6481  3.1396  0.0258  0.6241  0.0493  0.4719  0.0292 -0.0003  0.2630 0 
 46.8635  0.6704 -2.5622  0.0408  0.1654  0.0447  0.2170  0.1174 -0.0003  0.1980 0 
 36.2005 -0.6723  0.6251  0.0037  0.4710  0.0193  0.2326  0.0283 -0.0003  0.0974 0 
 51.2825  0.3203 -2.7114  0.0258  0.6228  0.0264  0.3393  0.0438  0.0525  0.3020 0 
 46.8574 -0.3241  0.4284  0.0236  0.2921  0.0178  0.3039  0.0196 -0.0003  0.0820 0 
 46.6224 -0.3856  2.0985  0.0677  0.1793  0.0280  0.1739  0.0322 -0.0003  0.1420 0 
 40.1617  0.3847 -1.0510  0.1136  0.3512  0.0260  0.4975  0.0252  0.0610  0.6198 0 
 54.3130  0.4557 -1.4445  0.0011  0.4089  0.1566  0.4598  0.0242 -0.0003  0.1965 0 
 48.6610 -0.4336  1.6869  0.0464  0.3363  0.1951  0.5588  0.0170 -0.0003  0.3212 0 
 51.9417  0.7759  1.5926  0.0808  0.2332  0.2136  0.3805  0.0236 -0.0003  0.3664 0 
 48.9326 -0.8006 -1.5519  0.0088  0.7518  0.0411  0.3005  0.0075 -0.0003  0.2370 0 
 47.2145  0.5374  2.0246  0.0825  0.1988  0.0400  0.3899  0.0495 -0.0003  0.2952 1 
 46.9947 -0.5219 -1.1001  0.8562  0.6021  0.0329  0.4338  0.7742 -0.0003  0.9982 1 
 52.0424 -0.2925  1.6777  0.0993  0.0185  0.0465  0.3803  0.1136 -0.0003  0.1369 0 
 47.1412  0.2945 -1.4921  0.0046  0.1243  0.0610  0.2601  0.0220 -0.0003  0.0766 0 
 51.2551 -0.6678 -2.3122  0.3449  0.6691  0.0498  0.2545  0.1773 -0.0003  0.9602 1 
 40.6867  0.6585  0.8204  0.2601  0.4301  0.0750  0.1803  0.1933  0.4506  0.9974 1 
 49.4881  0.3189 -0.7982  0.0129  0.1349  0.0393  0.0856  0.0129 -0.0003  0.1035 0 
 41.8097 -0.2986  2.3427  0.0729  0.3831  0.0195  0.4026  0.0401 -0.0003  0.3145 0 
 46.7689 -0.3584 -1.7173  0.4372  0.2762  0.1271  0.5646  0.6069  0.1153  0.9984 1 
 39.7223  0.4202  1.5371  0.1411  0.4608  0.1291  0.3629  0.2670  0.3395  0.9680 1 
 44.8676 -0.2215  2.9368  0.0585  0.5941  0.0194  0.4829  0.0373 -0.0003  0.4101 0 
 44.7181  0.2250 -0.1973  0.0499  0.2121  0.0727  0.3955  0.0457 -0.0003  0.2491 0 
 57.9782  0.5978  2.0756  0.0093  0.2614  0.0264  0.2468  0.0107 -0.0003  0.0783 0 
 55.0607 -0.5955 -1.0974  0.0999  0.4025  0.0935  0.3750  0.1723 -0.0003  0.7650 0 
 43.7324 -0.5819 -3.1067  0.1219  0.4813  0.0146  0.3978  0.0692  0.0739  0.6196 0 
 40.1221  0.5847  0.0380  0.0483  0.2896  0.0540  0.4071  0.0305 -0.0003  0.2766 0 
 46.2013  0.7494 -2.8111  0.0038  0.6342  0.0331  0.3485  0.0191 -0.0003  0.1591 0 
 33.0724 -0.7609  0.3496  0.0286  0.4460  0.0314  0.3819  0.0317 -0.0003  0.2058 0 
 45.0965  0.1958  0.1988  0.0157  0.4802  0.0251  0.1754  0.1173 -0.0003  0.1689 0 
 41.7884 -0.2058 -2.9193  0.0632  0.0357  0.0355  0.2684  0.1606 -0.0003  0.1348 0 
 53.9834  0.7713  0.1546  0.0260  0.5432  0.1211  0.5443  0.0568 -0.0003  0.2795 0 
 43.5645 -0.7907 -2.9856  0.1344  0.1720  0.0141  0.1770  0.0069 -0.0003  0.2005 0 
 51.5999  0.5515  1.9420  0.0059  0.1233  0.0229  0.3388  0.0521 -0.0003  0.0444 0 
 44.5686 -0.5497 -1.1436  0.0248  0.7912  0.1054  0.3958  0.1165 -0.0003  0.4343 0 
 54.9020  0.4072  2.5524  0.0168  0.3976  0.0497  0.4586  0.0501 -0.0003  0.2109 0 
 41.2940 -0.4112 -0.5611  0.0092  0.5859  0.0201  0.4488  0.0075 -0.0003  0.1549 0 
 49.7841  0.6208 -2.6538  0.0775  0.7167  0.1483  0.4701  0.1000 -0.0003  0.5395 0 
 45.6458 -0.6019  0.4650  0.0669  0.3777  0.0292  0.2623  0.0482 -0.0003  0.2616 0 
 45.2430 -0.4936 -3.0007  0.0571  0.6269  0.0295  0.3067  0.0219  0.1361  0.6026 0 
 45.1057  0.4873  0.1165  0.0297  0.3411  0.0211  0.2192  0.0994 -0.0003  0.1419 0 
 43.8636 -0.1799 -2.3579  0.0316  0.4202  0.0199  0.2650  0.0179  0.1306  0.3743 0 
 35.7946  0.1565  0.7963  0.0213  0.2287  0.0585  0.7002  0.0956 -0.0003  0.3216 0 
 44.1840  0.1093 -0.1696  0.0424  0.1391  0.1204  0.3967  0.0135 -0.0003  0.1448 0 
 44.0009 -0.1214  2.9374  0.0082  0.3573  0.0317  0.2648  0.0126 -0.0003  0.1181 0 
 44.8920 -0.0806 -1.2793  0.1855  0.2696  0.0699  0.3512  0.1986 -0.0003  0.8888 1 
 41.0193  0.0813  1.8401  0.6300  0.5211  0.0236  0.3597  0.4528 -0.0003  0.9973 1 
 51.3985  0.4405 -1.9711  0.1428  0.5138  0.0728  0.5087  0.1588 -0.0003  0.8662 1 
 44.9958 -0.4246  1.1459  0.1627  0.1745  0.2531  0.7019  0.3723 -0.0003  0.9868 1 
 44.7578 -0.3621 -2.0571  0.0393  0.3190  0.0381  0.3515  0.0632 -0.0003  0.2225 0 
 41.4130  0.3689  1.0956  0.0021  0.3595  0.0246  0.0897  0.0268 -0.0003  0.1566 0 
 44.5411  0.5392  1.8007  0.0154  0.3802  0.0967  0.6158  0.0472 -0.0003  0.2468 1 
 25.7481 -0.5411 -1.3917  0.0934  0.1772  0.0317  0.2056  0.1712  0.4054  0.9916 1 
 51.9081 -0.6660  1.3993  0.0590  0.1838  0.0339  0.2960  0.0157 -0.0003  0.1501 0 
 44.0467  0.6715 -1.7629  0.0349  0.5032  0.0133  0.3088  0.1910 -0.0003  0.2489 0 
 48.6030 -0.7163 -1.8116  0.0000  0.4890  0.0276  0.1290  0.3483 -0.0003  0.3473 1 
 45.2430  0.7090  1.3341  0.0808  0.3701  0.1327  0.5695  0.1099 -0.0003  0.5573 1 
 48.9937  0.4150  3.0721  0.0458  0.1385  0.0475  0.3004  0.0446 -0.0003  0.1198 0 
 45.9419 -0.4148 -0.0687  0.0027  0.2540  0.0281  0.2182  0.0338 -0.0003  0.0663 0 
 41.0712  0.2225 -0.7691  0.1939  0.3352  0.0647  0.4944  0.1962 -0.0003  0.9168 0 
 33.6004 -0.1916  2.3831  0.0053  0.3311  0.0334  0.2376  0.0026  0.0939  0.2657 0 
 46.1494  0.7205  1.1368  0.0135  0.4784  0.0290  0.3486  0.0723 -0.0003  0.1463 0 
 42.0020 -0.7107 -1.9830  0.0165  0.5278  0.0470  0.4915  0.1223 -0.0003  0.3176 0 
 41.4984 -0.7552  1.8791  0.0038  0.0928  0.0078  0.1345  0.0328 -0.0003  0.0376 0 
 31.3268  0.7568 -1.2267  0.0143  0.4473  0.0210  0.2424  0.0107 -0.0003  0.1225 0 
 47.1717 -0.2748  2.9371  0.9158  0.3536  0.0584  0.3033  0.6590 -0.0003  0.9970 1 
 46.8299  0.2776 -0.2166  0.0538  0.4724  0.0520  0.5644  0.0168 -0.0003  0.3749 1 
 45.3346  0.4554 -2.0875  0.7904  0.3440  0.0687  0.6130  0.6101 -0.0003  0.9965 1 
 38.4833 -0.4608  1.0430  0.3430  0.8084  0.0223  0.2745  0.4141 -0.0003  0.9924 1 
 54.7433  0.3307  2.0971  0.0090  0.2852  0.0447  0.3338  0.0468 -0.0003  0.1155 0 
 49.4636 -0.3192 -1.0156  0.0612  0.5250  0.0249  0.1712  0.0070 -0.0003  0.2662 0 
 54.0383 -0.7697  0.1762  0.0028  0.2498  0.0648  0.5023  0.0748 -0.0003  0.1519 0 
 45.9571  0.7473 -2.9361  0.0147  0.4683  0.0375  0.3054  0.0695 -0.0003  0.1751 0 
 49.0517 -0.0157 -2.1282  0.1489  0.5487  0.0179  0.2145  0.0723 -0.0003  0.4885 0 
 47.9744  0.0172  1.0073  0.0143  0.1357  0.1029  0.3883  0.1248 -0.0003  0.1386 0 
 45.0233 -0.4822 -1.8130  0.2302  0.4629  0.1077  0.4386  0.0416 -0.0003  0.7550 1 
 41.9928  0.4995  1.3264  0.2101  0.2459  0.0253  0.3575  0.2965  0.1208  0.9420 1 
 48.7556 -0.2122  1.0408  0.0074  0.1231  0.0467  0.3867  0.0231 -0.0003  0.0749 0 
 44.9195  0.2201 -2.1117  0.0957  0.6884  0.0026  0.1756  0.0300 -0.0003  0.2786 0 
 42.6429  0.4008  2.5440  0.1932  0.6169  0.0254  0.3560  0.0952 -0.0003  0.7352 1 
 42.2187 -0.3967 -0.5445  0.0271  0.3688  0.1037  0.6693  0.0518 -0.0003  0.3201 1 
 57.5784  0.5065 -0.7408  0.1045  0.6652  0.0988  0.3296  0.1913 -0.0003  0.8869 1 
 50.2571 -0.5165  2.3985  0.3247  0.4863  0.1486  0.3837  0.1702 -0.0003  0.9786 1 
 47.5105 -0.0905  2.4342  0.0097  0.2208  0.0360  0.7353  0.0674 -0.0003  0.2443 0 
 46.6651  0.1048 -0.6929  0.0663  0.5869  0.0282  0.3042  0.1033 -0.0003  0.4195 0 
 51.4504  0.6235 -2.4123  0.0127  0.0849  0.0394  0.2119  0.0053 -0.0003  0.0656 0 
 43.0579 -0.6216  0.7537  0.0491  0.3295  0.0092  0.3995  0.0638 -0.0003  0.1524 0 
 54.3404  0.1697 -0.5707  0.0529  0.7543  0.0548  0.1672  0.0351 -0.0003  0.5588 0 
 48.1270 -0.1732  2.5743  0.0598  0.3058  0.2253  0.5173  0.0235 -0.0003  0.3570 0 
 46.0761  0.4663  0.7303  0.0321  0.3658  0.0259  0.2180  0.0392 -0.0003  0.1391 0 
 43.3845 -0.4482 -2.4179  0.0215  0.1149  0.0289  0.3544  0.0887 -0.0003  0.0752 0 
 50.4829  0.6172 -2.1201  0.0344  0.5789  0.0306  0.1703  0.0703 -0.0003  0.2178 0 
 48.2277 -0.6491  1.0457  0.0008  0.2385  0.0718  0.5171  0.0306 -0.0003  0.1330 0 
 49.8054 -0.2641  1.1416  0.0484  0.5940  0.0566  0.4700  0.0655 -0.0003  0.4042 0 
 49.4911  0.2428 -1.9713  0.0244  0.1057  0.0844  0.3424  0.0699 -0.0003  0.1009 0 
 52.0821  0.2212  1.0952  0.0049  0.5255  0.0719  0.4225  0.0135 -0.0003  0.1731 0 
 42.3926 -0.2450 -2.0516  0.1049  0.1413  0.0644  0.4011  0.1037 -0.0003  0.4249 0 
 52.8939 -0.6752 -0.2656  0.0599  0.4379  0.0511  0.4208  0.0689 -0.0003  0.4458 0 
 47.9408  0.6841  2.9731  0.0022  0.1754  0.0607  0.2589  0.0336 -0.0003  0.0871 0 
 49.3904  0.3633 -0.1864  0.0350  0.1712  0.0701  0.5995  0.0540 -0.0003  0.2606 0 
 42.6947 -0.3566  2.9257  0.0029  0.4628  0.0194  0.3114  0.0704 -0.0003  0.0877 0 
 51.8715  0.4832  0.9154  0.0575  0.6638  0.1411  0.5075  0.1146 -0.0003  0.4739 0 
 43.0182 -0.4044 -2.2111  0.0000  0.0253  0.0150  0.0444  0.0082 -0.0003  0.0699 0 
 47.2694  0.6607 -2.6185  0.5845  0.5262  0.0526  0.3465  0.4711 -0.0003  0.9976 1 
 37.4334 -0.6479  0.5390  0.2099  0.5212  0.0186  0.2766  0.2552  0.2088  0.9583 1 
 43.6225 -0.5435  1.0442  0.0599  0.8828  0.1234  0.7962  0.0475 -0.0003  0.5102 0 
 35.6786  0.4321 -2.0359  0.0102  0.3165  0.1010  0.5606  0.0098 -0.0003  0.1871 0 
 48.4382 -0.4309 -2.8122  0.8858  0.4058  0.0718  0.7747  0.6024 -0.0003  0.9936 1 
 43.4913  0.4079  0.3113  0.2844  0.6447  0.0734  0.2656  0.1572 -0.0003  0.9582 1 
 48.0049  0.1705  2.1495  0.1587  0.4338  0.1501  0.6471  0.2100 -0.0003  0.9363 1 
 43.4058 -0.1188 -0.9936  0.4292  0.3915  0.0599  0.5315  0.3592  0.3497  0.9998 1 
 48.1056  0.2471  3.0074  0.0227  0.5796  0.1854  0.5605  0.0212 -0.0003  0.2693 0 
 44.5869 -0.2499 -0.1590  0.0091  0.3282  0.0657  0.3958  0.0092 -0.0003  0.1660 0 
 57.4166  0.6932 -1.3551  0.0044  0.2878  0.1434  0.3299  0.0202  0.6171  0.5879 0 
 39.8016 -0.6986  1.7934  0.0068  0.1777  0.0191  0.3173  0.0759 -0.0003  0.0477 0 
 41.3703 -0.2651  1.2000  0.0000  0.1687  0.0627  0.1346  0.2698 -0.0003  0.4111 1 
 35.3338  0.2624 -1.9329  0.4974  0.6170  0.0298  0.3279  0.4862 -0.0003  0.9974 1 
 48.0873  0.5880 -0.2487  0.0115  0.3364  0.0233  0.3019  0.0045 -0.0003  0.0990 0 
 40.0061 -0.5879  2.8908  0.0301  0.2325  0.0201  0.3169  0.0035  0.1095  0.2827 0 
 43.7446  0.4092 -3.0772  0.0305  0.1947  0.0523  0.3536  0.0119 -0.0003  0.1451 0 
 37.1862 -0.4057  0.0568  0.0266  0.4860  0.0230  0.3695  0.0759 -0.0003  0.1763 0 
 58.2376 -0.1752  1.6790  0.0665  0.6349  0.2118  0.4520  0.0340 -0.0003  0.3739 0 
 46.0578  0.1992 -1.4484  0.0066  0.1539  0.0506  0.3488  0.0102 -0.0003  0.0839 0 
 47.6600 -0.4863 -2.8575  0.0234  0.5012  0.0686  0.4322  0.0192 -0.0003  0.2274 0 
 39.1150  0.4720  0.2931  0.0130  0.2010  0.0443  0.4555  0.0678 -0.0003  0.1321 0 
 45.5909  0.6821 -0.0902  0.1335  0.3146  0.0369  0.2186  0.2241 -0.0003  0.7472 0 
 40.1312 -0.6949  3.0059  0.0602  0.6701  0.0557  0.7237  0.2294 -0.0003  0.7876 0 
 44.6265  0.7009  2.2138  0.2103  0.7292  0.0258  0.4836  0.2460 -0.0003  0.9323 1 
 30.2922 -0.6507 -0.8645  0.1293  0.1138  0.0601  0.2938  0.3115  0.2701  0.9020 1 
 48.8136  0.3570  2.1495  0.0341  0.4548  0.0331  0.3436  0.0217 -0.0003  0.2288 0 
 46.8788 -0.3576 -1.0053  0.0080  0.3156  0.0835  0.8681  0.0046 -0.0003  0.2775 0 
 56.1959  0.0960  2.6779  0.0313  0.4347  0.0165  0.2072  0.1076 -0.0003  0.1511 0 
 51.1330 -0.0862 -0.4412  0.0372  0.6215  0.0385  0.2547  0.0373 -0.0003  0.3035 0 
 48.8197 -0.6377 -0.0018  0.0761  0.5403  0.0312  0.3436  0.0327 -0.0003  0.4512 0 
 47.0497  0.6211  3.1218  0.0102  0.3121  0.0358  0.3902  0.0378  0.0839  0.2408 0 
 46.9703  0.7889 -0.4816  0.0299  0.2315  0.0242  0.4338  0.0287 -0.0003  0.1288 0 
 39.7131 -0.7863  2.6181  0.0291  0.4611  0.0206  0.4082  0.0418 -0.0003  0.1756 0 
 48.7984  0.6585  1.6890  0.0287  0.4544  0.0458  0.3007  0.0069 -0.0003  0.2644 0 
 43.3936 -0.6651 -1.4037  0.0065  0.2737  0.0661  0.2657  0.0616 -0.0003  0.1552 0 
 46.0975  0.3555  2.6726  0.2597  0.2168  0.0438  0.3051  0.2123 -0.0003  0.8982 0 
 44.7059 -0.3498 -0.4870  0.0941  0.2040  0.0431  0.3516  0.1428 -0.0003  0.4875 0 
 39.2035  0.5824  0.2049  0.2309  0.5560  0.0641  0.6373  0.2966 -0.0003  0.9865 1 
 20.4715 -0.5564 -2.9767  0.3592  0.3684  0.0427  0.2766  0.2733  0.4007  0.9991 1 
 39.8657 -0.6213  0.7806  0.6955  0.7533  0.0321  0.3172  0.6081  0.1416  0.9982 1 
 37.1496  0.6366 -2.3756  0.2757  0.3447  0.0381  0.4620  0.1807 -0.0003  0.9053 1 
 45.4932 -0.2710  0.7338  0.4884  0.0647  0.0539  0.4812  0.4725 -0.0003  0.9883 1 
 36.4752  0.2586 -2.4029  0.3076  0.8466  0.0216  0.4643  0.0353 -0.0003  0.8568 1 
 52.4697  0.5981 -1.6085  0.0633  0.4415  0.1149  0.2952  0.0882 -0.0003  0.4800 0 
 44.5533 -0.5989  1.5177  0.0001  0.5036  0.0280  0.5278  0.1242 -0.0003  0.2110 0 
 47.6265  0.1951 -0.3706  0.0001  0.0991  0.0323  0.1297  0.0419 -0.0003  0.0569 0 
 42.1393 -0.1950  2.7706  0.0885  0.4124  0.0036  0.2232  0.0628  0.0539  0.2525 0 
 45.9266  0.4644  0.7210  0.0457  0.2955  0.0468  0.3927  0.0206 -0.0003  0.2524 0 
 39.0326 -0.4826 -2.4260  0.0334  0.2429  0.0502  0.3646  0.0963 -0.0003  0.2297 0 
 47.2694 -0.6414  0.7467  0.0079  0.3888  0.0363  0.4764  0.0286 -0.0003  0.1583 0 
 46.8971  0.6617 -2.4064  0.0317  0.3951  0.0278  0.3038  0.0413 -0.0003  0.1564 0 
 54.1085 -0.7875  2.0619  0.0154  0.7563  0.0455  0.3348  0.0716 -0.0003  0.2842 0 
 49.9031  0.7910 -1.0644  0.2174  0.0579  0.0307  0.3844  0.1541 -0.0003  0.6185 0 
 47.0863 -0.2365  1.8021  0.0801  0.3212  0.0487  0.5203  0.0655 -0.0003  0.4879 0 
 35.3460  0.2316 -1.3211  0.0941  0.1831  0.0161  0.1405  0.0408 -0.0003  0.1494 0 
 49.9855  0.6457 -2.5034  0.1114  0.4136  0.0363  0.3415  0.0654 -0.0003  0.5561 0 
 47.9744 -0.6284  0.6677  0.0450  0.4137  0.0388  0.3020  0.1008 -0.0003  0.3352 0 
 47.2175 -0.0980 -3.1142  0.0425  0.0901  0.0290  0.4332  0.1563 -0.0003  0.1701 0 
 43.9094  0.1016  0.0395  0.0386  0.5681  0.0421  0.3091  0.0361  0.0658  0.4699 0 
 43.8758 -0.6141 -2.7648  0.3243  0.6251  0.0311  0.1767  0.2299  0.2311  0.9672 1 
 37.1313  0.5930  0.2788  0.0042  0.1784  0.0604  0.5082  0.0167 -0.0003  0.1159 1 
 52.0668  0.7437 -1.4683  0.0100  0.7127  0.0679  0.3380  0.0189 -0.0003  0.2290 0 
 44.4678 -0.7270  1.6678  0.0166  0.8587  0.0522  0.6601  0.0418 -0.0003  0.3307 0 
 48.8777  0.2529 -0.5540  0.0362  0.0948  0.0431  0.2147  0.0201 -0.0003  0.0765 0 
 47.7272 -0.2464  2.5832  0.0139  0.1076  0.0211  0.1296  0.0099 -0.0003  0.0572 0 
 49.5766 -0.4824  1.7453  0.0125  0.3282  0.1289  0.3423  0.1606 -0.0003  0.3295 0 
 48.9082  0.4967 -1.4348  0.0278  0.5051  0.0411  0.2146  0.0154 -0.0003  0.2762 0 
 40.8820 -0.0424  2.1255  0.0037  0.2360  0.0807  0.2700  0.0220 -0.0003  0.1348 0 
 40.5798  0.0151 -1.0219  0.0009  0.5564  0.0139  0.1804  0.0467 -0.0003  0.1053 0 
 45.0965 -0.6449  2.5977  0.0240  0.5485  0.0217  0.2192  0.0558 -0.0003  0.1435 0 
 38.0804  0.6484 -0.4936  0.0468  0.2924  0.0320  0.1835  0.0207 -0.0003  0.1904 0 
 51.2673 -0.0098 -2.8676  0.0578  0.4626  0.0830  0.7211  0.1003  0.1348  0.7249 0 
 42.4048 -0.0143  0.2975  0.0096  0.2482  0.0153  0.3120  0.1829 -0.0003  0.1355 0 
 46.5034  0.1146  2.4282  0.0279  0.4304  0.0315  0.3045  0.0335 -0.0003  0.1753 0 
 45.3986 -0.1200 -0.6744  0.0515  0.3427  0.0552  0.8754  0.1181 -0.0003  0.6266 0 
 55.8480 -0.1803  3.0974  0.0262  0.0697  0.1461  0.2906  0.0578 -0.0003  0.0610 0 
 49.4789  0.2054  0.0008  0.0572  0.2623  0.0765  0.8133  0.0319 -0.0003  0.4833 0 
 47.2602 -0.1925 -0.3300  0.0826  0.3558  0.0512  0.2599  0.0709 -0.0003  0.4883 0 
 44.7364  0.2145  2.8280  0.0069  0.3496  0.0374  0.4394  0.1480 -0.0003  0.2211 0 
 42.0325  0.0724  0.7553  0.0113  0.4603  0.0443  0.0894  0.0226 -0.0003  0.3027 0 
 40.5493 -0.0334 -2.3468  0.0193  0.1492  0.0610  0.4060  0.0261 -0.0003  0.1113 0 
 56.9314 -0.2017  1.2969  0.0123  0.1846  0.0256  0.4132  0.0020  0.0450  0.1279 0 
 46.5675  0.2228 -1.8459  0.0576  0.5508  0.0609  0.2609  0.0065 -0.0003  0.4303 0 
 47.3701 -0.1020 -3.0535  0.0632  0.4099  0.0306  0.1731  0.0634 -0.0003  0.2616 0 
 43.6652  0.0975  0.1040  0.0233  0.3734  0.0949  0.5306  0.0207 -0.0003  0.2307 0 
 50.0923 -0.6068 -2.1858  0.0036  0.7483  0.0459  0.3840  0.0085 -0.0003  0.1972 0 
 47.1382  0.6039  0.9375  0.0608  0.0802  0.0185  0.4334  0.0784 -0.0003  0.1231 0 
 37.7142 -0.0531 -2.3486  0.1351  0.3093  0.0645  0.5521  0.2589 -0.0003  0.9041 1 
 33.0205 -0.0005  0.8440  0.0989  0.5955  0.0788  0.6685  0.2607 -0.0003  0.8986 1 
 48.6427  0.2611  0.7345  0.3174  0.5356  0.0626  0.6019  0.2340 -0.0003  0.9792 1 
 44.5624 -0.2549 -2.4206  0.5126  0.5047  0.0576  0.4398  0.4212 -0.0003  0.9961 1 
 44.7944 -0.1046 -2.0189  0.0114  0.4483  0.0712  0.5271  0.0109 -0.0003  0.1907 0 
 34.6899  0.0334  1.1243  0.0263  0.5175  0.0265  0.4709  0.0191 -0.0003  0.2352 0 
 57.5235 -0.6804  1.2859  0.0101  0.1243  0.1169  0.4121  0.0761 -0.0003  0.0949 0 
 47.9835  0.6680 -1.8652  0.0460  0.5733  0.0139  0.1726  0.0222 -0.0003  0.1584 0 
 45.0904  0.3903  1.3275  0.0630  0.5952  0.0659  0.6139  0.0858 -0.0003  0.4931 0 
 44.5808 -0.3989 -1.8370  0.0033  0.3362  0.1194  0.5717  0.0855  0.1633  0.3893 0 
 45.4871 -0.4101 -1.8212  0.0922  0.2161  0.1009  0.3937  0.0109 -0.0003  0.3653 0 
 38.8800  0.3973  1.3008  0.0199  0.6180  0.0348  0.3193  0.0121 -0.0003  0.2258 0 
 48.9113  0.4710 -0.2235  0.0019  0.4125  0.0645  0.2146  0.0466 -0.0003  0.2306 0 
 44.7425 -0.5022  2.8986  0.0041  0.0316  0.0211  0.1318  0.0132 -0.0003  0.0524 0 
 53.7850 -0.6629 -2.0871  0.0032  0.5793  0.0999  0.5029  0.0296 -0.0003  0.2048 1 
 47.8248  0.6849  1.0734  0.2582  0.2600  0.0792  0.2159  0.2136 -0.0003  0.9418 1 
 50.4799  0.2326  1.3691  0.0495  0.4450  0.0335  0.3832  0.1661 -0.0003  0.4944 1 
 32.0134 -0.2439 -1.7428  0.4775  0.5181  0.0446  0.1927  0.1138  0.4785  0.9939 1 
 46.0151 -0.7446  2.2498  0.0678  0.2156  0.1028  0.4797  0.0709 -0.0003  0.3842 0 
 36.3073  0.7618 -0.8727  0.1039  0.1659  0.0292  0.2325  0.1597 -0.0003  0.4072 0 
 56.8521 -0.2533  1.6717  0.0123  0.0606  0.0488  0.2480  0.0828 -0.0003  0.0704 0 
 49.7475  0.2627 -1.4542  0.0121  0.1229  0.0138  0.2565  0.1782 -0.0003  0.0890 0 
 51.3039 -0.5677  2.3285  0.0532  0.7263  0.0741  0.3393  0.0434 -0.0003  0.4372 0 
 43.2654  0.5319 -0.8003  0.0895  0.1046  0.0213  0.3546  0.0568 -0.0003  0.1412 0 
 48.4810  0.7422  2.5454  0.0421  0.4931  0.1150  0.6454  0.0466 -0.0003  0.3379 0 
 43.1830 -0.7401 -0.6093  0.0038  0.2727  0.0646  0.3548  0.0145 -0.0003  0.1350 0 
 52.0729 -0.3227  1.5114  0.1638  0.5803  0.0343  0.2958  0.1152 -0.0003  0.7677 1 
 43.4516  0.3234 -1.6276  0.1528  0.2380  0.0187  0.2214  0.1140 -0.0003  0.4141 1 
 41.9959 -0.0060  1.6816  0.0262  0.3894  0.0604  0.2681  0.0347 -0.0003  0.2632 0 
 38.9410  0.0085 -1.4500  0.0153  0.2875  0.0674  0.3192  0.0048 -0.0003  0.1777 0 
 46.0731  0.5335 -0.5714  0.0190  0.5152  0.0397  0.6104  0.0255 -0.0003  0.2455 0 
 45.7710 -0.5248  2.5621  0.0023  0.1654  0.1701  0.3494  0.0311 -0.0003  0.1067 0 
 45.3040 -0.6879 -0.8282  0.0763  0.1330  0.0613  0.2190  0.0829 -0.0003  0.2410 0 
 45.1057  0.6891  2.2940  0.0160  0.2765  0.0265  0.3507  0.1579 -0.0003  0.1763 0 
 49.8665 -0.1153  0.6503  0.0158  0.6412  0.1250  0.9825  0.1223 -0.0003  0.4721 1 
 40.3845  0.1102 -2.4743  0.8341  0.3834  0.0829  0.2258  0.3813 -0.0003  0.9969 1 
 45.7221 -0.0873  0.8527  0.0559  0.2251  0.0360  0.1311  0.0229 -0.0003  0.2141 0 
 39.7406  0.0510 -2.3137  0.0144  0.6228  0.0215  0.2267  0.0058 -0.0003  0.1579 0 
 51.0597 -0.1106 -1.3486  0.3719  0.4119  0.1343  0.3397  0.2850 -0.0003  0.9960 1 
 47.3213  0.1236  1.8345  0.5391  0.6194  0.0931  0.5629  0.5665 -0.0003  0.9977 1 
 47.0832  0.5401  2.4971  0.0190  0.2085  0.0589  0.3035  0.0174 -0.0003  0.1312 0 
 43.2105 -0.5584 -0.6716  0.0108  0.1639  0.0304  0.2217  0.0716 -0.0003  0.0599 0 
 44.2329  0.6521 -0.2156  0.0708  0.0543  0.0404  0.3085  0.1115 -0.0003  0.1241 0 
 42.2614 -0.6231  2.9259  0.0099  0.1121  0.0197  0.1784  0.0270 -0.0003  0.0432 0 
 44.7486  0.3558  2.7072  0.0008  0.3858  0.0414  0.6151  0.1120 -0.0003  0.2237 0 
 39.9390 -0.3712 -0.4361  0.0879  0.2248  0.1176  0.3171  0.0179 -0.0003  0.3598 0 
 44.4800  0.0370 -0.2315  0.0080  0.0907  0.0581  0.3520  0.0097 -0.0003  0.0739 0 
 42.9480 -0.0066  2.8982  0.0297  0.0439  0.0133  0.1777  0.0549 -0.0003  0.0409 0 
 43.3265 -0.2595  0.9829  0.0203  0.3935  0.0349  0.3545  0.0169 -0.0003  0.1710 0 
 41.8219  0.3100 -2.1851  0.0414  0.1904  0.0861  0.2684  0.1256 -0.0003  0.3208 0 
 49.9489 -0.6307 -2.5073  0.0282  0.1939  0.0710  0.4270  0.0308 -0.0003  0.1658 0 
 44.3854  0.6220  0.6570  0.0280  0.1008  0.0603  0.2201  0.0561 -0.0003  0.0925 0 
 42.4720 -0.6963 -1.9425  0.0090  0.4721  0.0251  0.3118  0.0154 -0.0003  0.1224 0 
 38.9899  0.5804  1.1116  0.0087  0.6053  0.1720  0.6838  0.0463 -0.0003  0.2683 0 
 45.1118 -0.7359  3.1364  0.0095  0.1997  0.0682  0.3507  0.1356 -0.0003  0.1774 0 
 43.7659  0.7233  0.0179  0.0043  0.3743  0.1049  0.3535  0.0223 -0.0003  0.1660 0 
 47.3030  0.6910 -1.3056  0.0410  0.2128  0.0331  0.3897  0.0395 -0.0003  0.1545 0 
 46.8757 -0.7223  1.8908  0.0754  0.4537  0.0820  0.5642  0.0915 -0.0003  0.5223 0 
 44.9653  0.3790 -0.9983  0.0038  0.6283  0.0124  0.1755  0.0550 -0.0003  0.1144 0 
 42.7893 -0.3742  2.1328  0.0092  0.3326  0.0450  0.5780  0.0430 -0.0003  0.1957 0 
 52.7687  0.0556 -2.5277  0.0097  0.1385  0.0468  0.2948  0.0418 -0.0003  0.0692 0 
 43.7507 -0.0635  0.6288  0.0027  0.1425  0.0450  0.3094  0.0661 -0.0003  0.0647 0 
 53.3333 -0.6526  1.5540  0.0953  0.2918  0.0219  0.2520  0.0941 -0.0003  0.2967 0 
 45.8228  0.6759 -1.5365  0.0008  0.5798  0.0342  0.2183  0.0721 -0.0003  0.1549 0 
 43.3936 -0.7794  1.5115  0.0085  0.4947  0.0933  0.3544  0.0110 -0.0003  0.1858 0 
 40.7935  0.8025 -1.6060  0.0098  0.5480  0.0382  0.3603  0.0098  0.1628  0.4061 0 
 50.2327  0.1352  0.2013  0.6764  0.4030  0.1064  0.4264  0.8267 -0.0003  0.9983 1 
 44.3305 -0.1289 -2.8851  0.7457  0.4117  0.0598  0.2643  0.3013  0.2163  0.9974 1 
 51.7678 -0.5860  2.0643  0.0214  0.2114  0.1312  0.4231  0.0555 -0.0003  0.1770 0 
 41.5015  0.5966 -1.0885  0.0154  0.3288  0.0155  0.2689  0.0176  0.0333  0.1056 0 
 49.8146 -0.3043  2.5573  0.0146  0.1819  0.0808  0.4700  0.0861 -0.0003  0.1618 0 
 46.8330  0.3231 -0.5866  0.0728  0.1512  0.0400  0.3908  0.0273  0.1556  0.4426 0 
 41.7273  0.4400  1.0338  0.0049  0.6868  0.0925  0.3133  0.2152 -0.0003  0.5900 0 
 39.8657 -0.4610 -2.0685  0.1411  0.4205  0.0048  0.1360  0.1160 -0.0003  0.3483 0 
 51.9783 -0.5602  0.0120  0.1537  0.1309  0.0247  0.2959  0.2249 -0.0003  0.6087 0 
 41.2390  0.5652 -3.1248  0.0209  0.6428  0.0310  0.2694  0.0716 -0.0003  0.1980 0 
 50.0465 -0.3185  1.2345  0.3089  0.2279  0.0762  0.4695  0.3193 -0.0003  0.9897 1 
 38.1384  0.2953 -1.9324  0.4396  0.3516  0.0354  0.3210  0.4057  0.1986  0.9980 1 
 49.9702 -0.4455 -1.5661  0.0449  0.2158  0.0714  0.1281  0.0447 -0.0003  0.3081 0 
 46.5858  0.4466  1.5660  0.0139  0.1439  0.2803  0.4782  0.0303 -0.0003  0.1675 0 
 41.8128 -0.8002 -0.9920  0.0147  0.2135  0.0100  0.3131  0.1896 -0.0003  0.1270 0 
 38.5168  0.7908  2.1097  0.0000  0.2055  0.0253  0.1372  0.0258 -0.0003  0.0695 0 
 52.3354 -0.7865 -2.1392  0.0034  0.6437  0.0300  0.2110  0.0558 -0.0003  0.1499 0 
 45.0690  0.7846  1.0224  0.0017  0.3556  0.0312  0.3508  0.0665 -0.0003  0.0918 0 
 51.8685 -0.6738 -0.9066  0.0648  0.3470  0.0363  0.3806  0.0916 -0.0003  0.3995 0 
 45.0477  0.6901  2.2388  0.0302  0.4950  0.0142  0.2631  0.0081 -0.0003  0.1314 0 
 43.6133 -0.7870  0.6310  0.0150  0.1698  0.0284  0.3096  0.0779 -0.0003  0.0659 0 
 36.5606  0.7867 -2.5156  0.0238  0.6085  0.0341  0.4176  0.0808 -0.0003  0.2755 0 
 46.7964 -0.6111  2.1539  0.0561  0.4721  0.0564  0.5211  0.0518 -0.0003  0.4121 0 
 41.6327  0.5856 -0.9960  0.0554  0.6349  0.0083  0.1791  0.0826 -0.0003  0.2078 0 
 50.5928  0.7754 -1.8670  0.0725  0.4467  0.0631  0.4682  0.0419 -0.0003  0.4481 0 
 44.5747 -0.7854  1.2548  0.1220  0.2307  0.0251  0.3079  0.0539 -0.0003  0.3400 0 
 43.0732  0.6559  0.4827  0.3332  0.4811  0.0311  0.4438  0.1887 -0.0003  0.9150 1 
 39.6277 -0.7010 -2.6473  0.0334  0.5110  0.0981  0.5900  0.1634 -0.0003  0.4541 1 
 47.8096 -0.4855 -1.1923  0.0010  0.1552  0.0485  0.3023  0.1611 -0.0003  0.1265 0 
 47.5929  0.4751  1.9334  0.0211  0.4049  0.0433  0.2162  0.0081 -0.0003  0.2388 0 
 46.2531 -0.3955  1.3937  0.0333  0.6797  0.1445  0.5662  0.0289 -0.0003  0.3032 0 
 46.2379  0.4073 -1.7482  0.0027  0.6627  0.0458  0.2613  0.0255 -0.0003  0.2251 0 
 50.9194  0.4118 -1.8391  0.0214  0.1808  0.0600  0.2549  0.0624 -0.0003  0.1276 0 
 31.6167 -0.3945  1.2798  0.1852  0.4726  0.0161  0.3868  0.1199 -0.0003  0.6470 0 
 49.6254  0.6764  3.0114  0.0872  0.4249  0.0712  0.2994  0.0939 -0.0003  0.6205 0 
 43.0457 -0.6750 -0.2040  0.0863  0.2108  0.0230  0.3107  0.0306 -0.0003  0.1989 0 
 53.9071 -0.0745  0.4262  0.1224  0.4040  0.1541  0.6701  0.1226 -0.0003  0.7673 1 
 42.1149  0.0902 -2.7223  0.1754  0.5334  0.0591  0.6697  0.0347 -0.0003  0.7354 1 
 47.6509  0.1700 -2.9490  0.0671  0.2945  0.0379  0.3458  0.2039 -0.0003  0.5381 0 
 44.9195 -0.1673  0.1762  0.0035  0.6428  0.0277  0.3511  0.0159 -0.0003  0.1438 0 
 50.0832 -0.1067  1.3567  0.0007  0.6200  0.0493  0.4694  0.1100  0.1053  0.3730 0 
 49.1402  0.1045 -1.8249  0.0354  0.4997  0.0614  0.6003  0.0886 -0.0003  0.3723 0 
 47.3060  0.5933  0.9183  0.0595  0.2043  0.0465  0.2165  0.0148 -0.0003  0.2095 0 
 46.3996 -0.5993 -2.2230  0.0352  0.0888  0.0187  0.2611  0.0110 -0.0003  0.0483 0 
 47.3701  0.7865  0.8896  0.0309  0.3479  0.0868  0.6493  0.1194 -0.0003  0.4031 0 
 38.6908 -0.7998 -2.2547  0.0103  0.2239  0.0999  0.4112  0.0236 -0.0003  0.1337 0 
 50.4952 -0.4783  2.4650  0.0274  0.1591  0.0833  0.3832  0.2195 -0.0003  0.3183 0 
 47.2297  0.4894 -0.7029  0.0078  0.0784  0.0227  0.2166  0.0113 -0.0003  0.0448 0 
 48.4657  0.0573  1.7069  0.0276  0.3946  0.0266  0.2152  0.0615 -0.0003  0.1438 0 
 41.1810 -0.0739 -1.4144  0.0053  0.5152  0.0773  0.5839  0.0054 -0.0003  0.1874 0 
 50.9377  0.3162 -0.4615  0.0692  0.2074  0.0428  0.3824  0.0745 -0.0003  0.2939 0 
 41.7182 -0.3032  2.7146  0.0352  0.7168  0.0233  0.2686  0.0524 -0.0003  0.2074 0 
 67.5395  0.2951 -0.2838  0.0125  0.2521  0.1252  0.1586  0.0074 -0.0003  0.2038 0 
 42.1515 -0.3146  2.8094  0.0130  0.4186  0.0776  0.4017  0.1651  0.2577  0.6721 0 
 42.4231  0.1899 -0.0048  0.0115  0.2578  0.0622  0.7130  0.0082 -0.0003  0.2202 0 
 41.8402 -0.1693 -3.1349  0.0162  0.3644  0.0170  0.2236  0.0289 -0.0003  0.0895 0 
 44.9378 -0.7596  0.4223  0.0132  0.3257  0.0417  0.3072  0.0180  0.2374  0.4950 0 
 41.4069  0.7730 -2.7473  0.1436  0.1859  0.1707  0.5382  0.1215  0.5152  0.9386 0 
 45.5879 -0.3531 -1.7770  0.2297  0.1987  0.0423  0.2623  0.2554 -0.0003  0.8861 0 
 36.0327  0.3930  1.3698  0.0247  0.3000  0.0212  0.1864  0.0690 -0.0003  0.1107 0 
 43.8972 -0.4991 -2.6786  0.0037  0.2593  0.0053  0.0883  0.0196 -0.0003  0.0856 0 
 33.9605  0.5006  0.4497  0.0632  0.2136  0.0219  0.4264  0.0826 -0.0003  0.2442 0 
 51.9234  0.1797 -1.4714  0.0401  0.5693  0.1220  0.5919  0.1530 -0.0003  0.4802 0 
 49.4209 -0.1042  1.6667  0.0894  0.3691  0.1162  0.5566  0.0959 -0.0003  0.5530 0 
 48.2795 -0.6682  1.0157  0.0157  0.6071  0.0215  0.1292  0.0007 -0.0003  0.1915 0 
 42.8382  0.6920 -2.1335  0.0240  0.2927  0.0561  0.5778  0.0369 -0.0003  0.2466 0 
 45.6550 -0.7343  1.8105  0.2116  0.2922  0.0720  0.4808  0.0500 -0.0003  0.6784 1 
 27.9667  0.7477 -1.3313  0.1532  0.4668  0.0220  0.3008  0.1835 -0.0003  0.7089 1 
 46.9642 -0.5422  2.4073  0.0340  0.2207  0.1403  0.3037  0.0153 -0.0003  0.1831 0 
 45.6642  0.5536 -0.7521  0.0180  0.5817  0.0155  0.1748  0.0153 -0.0003  0.1340 0 
 50.0740 -0.1632  0.1990  0.0491  0.4428  0.0869  0.2987  0.0589 -0.0003  0.3972 0 
 42.9694  0.1417 -2.9726  0.0658  0.6525  0.0284  0.3553  0.0469 -0.0003  0.4203 0 
 38.5962 -0.3304  1.1004  0.0157  0.2197  0.0451  0.2743 -0.0200 -0.0003  0.1446 0 
 37.6135  0.3383 -2.0459  0.0695  0.4981  0.0397  0.2762  0.0082 -0.0003  0.4330 0 
 46.7567  0.2462  1.0062  0.0244  0.2429  0.0650  0.5212  0.0506 -0.0003  0.2195 0 
 45.0263 -0.2380 -2.1479  0.0128  0.1741  0.0185  0.3509  0.1142 -0.0003  0.0710 0 
 52.8847  0.5670 -0.8250  0.1225  0.1394  0.0370  0.4629  0.2392 -0.0003  0.6706 0 
 44.5411 -0.5567  2.3133  0.2368  0.2060  0.0466  0.3959  0.2073 -0.0003  0.8962 0 
 46.1738 -0.1033  2.0964  0.0286  0.0538  0.0253  0.1743  0.0104 -0.0003  0.0545 0 
 41.9226  0.0868 -1.0311  0.0071  0.3862  0.0166  0.3129  0.0037 -0.0003  0.0870 0 
 53.1075  0.1012  0.3907  0.0272  0.1993  0.1091  0.3784  0.0246 -0.0003  0.1556 0 
 47.5715 -0.1057 -2.7490  0.0181  0.5724  0.0175  0.0865  0.0062 -0.0003  0.1735 0 
 48.8167  0.2402  0.2903  0.0495  0.4915  0.0205  0.1718  0.0162  0.0224  0.2136 0 
 42.1027 -0.2405 -2.8235  0.0096  0.2121  0.0475  0.3572  0.0640 -0.0003  0.1032 0 
 44.1901 -0.7906 -1.1809  0.0084  0.3826  0.0351  0.2645  0.0543 -0.0003  0.1198 0 
 36.6766  0.7852  2.0100  0.0027  0.3889  0.0237  0.1854  0.0384 -0.0003  0.1019 0 
 45.2766  0.1247 -1.1070  0.0422  0.2385  0.0237  0.5256  0.0082 -0.0003  0.2175 0 
 42.6429 -0.1492  1.9905  0.0729  0.5997  0.1197  0.4450  0.1796 -0.0003  0.7066 0 
 49.0517 -0.4324 -1.3441  0.0060  0.0679  0.0136  0.0858  0.0049 -0.0003  0.0578 0 
 46.0273  0.4453  1.7988  0.0672  0.1846  0.0177  0.3053  0.1735 -0.0003  0.2715 0 
 56.0006 -0.3350 -0.7122  0.1744  0.2553  0.0920  0.4564  0.1957 -0.0003  0.8917 1 
 41.0376  0.3371  2.4280  0.3489  0.3889  0.0431  0.3147  0.3719 -0.0003  0.9912 1 
 44.7700  0.3358 -1.7087  0.0965  0.6675  0.0616  0.6150  0.1190 -0.0003  0.7377 1 
 23.2761 -0.2792  1.4212  0.7225  0.0878  0.0215  0.2122  0.3497 -0.0003  0.9737 1 
 51.0567  0.2863 -2.5875  0.0012  0.8533  0.0573  0.5095  0.2288 -0.0003  0.5865 1 
 33.8994 -0.2721  0.5697  0.3076  0.7680  0.0522  0.2844  0.3019  0.4944  0.9993 1 
 47.5105  0.5912  0.7921  0.0698  0.3863  0.0161  0.2595  0.1281 -0.0003  0.2581 0 
 39.1455 -0.5962 -2.3533  0.0721  0.4029  0.0218  0.1366  0.0106 -0.0003  0.2333 0 
 46.1952  0.3753 -1.5831  0.1288  0.4424  0.1325  0.8278  0.0408 -0.0003  0.6705 0 
 39.6338 -0.3800  1.5677  0.0312  0.1090  0.0307  0.2269  0.1149 -0.0003  0.0903 0 
 48.1941 -0.7247 -1.7097  0.0265  0.0595  0.0188  0.1724  0.0043 -0.0003  0.0501 0 
 36.7681  0.6878  1.4303  0.0539  0.2943  0.0443  0.3243  0.0131 -0.0003  0.2601 0 
 53.4493 -0.2888 -0.0664  0.0038  0.3823  0.0188  0.2938  0.1015 -0.0003  0.0897 0 
 42.5269  0.2756  3.0608  0.0072  0.1549  0.1792  0.2227 -0.0001 -0.0003  0.1101 0 
 57.1298  0.6283  1.9101  0.0073  0.6180  0.2619  0.4128  0.0988 -0.0003  0.3260 0 
 41.6663 -0.5792 -1.2376  0.0039  0.4254  0.0246  0.3134  0.1418 -0.0003  0.1483 0 
 47.8584 -0.7765  0.3241  0.0241  0.2134  0.0337  0.3022  0.0908 -0.0003  0.1138 0 
 43.9887  0.7903 -2.8687  0.0010  0.1442  0.0477  0.2207  0.1122 -0.0003  0.0878 0 
 48.3680  0.5753  1.5351  0.0056  0.2515  0.1654  0.3875  0.1412 -0.0003  0.2471 0 
 39.9756 -0.5652 -1.6086  0.0045  0.4372  0.0165  0.2264  0.0078 -0.0003  0.0997 0 
 51.4046  0.5797 -2.0258  0.0552  0.5464  0.1283  0.2543  0.0522 -0.0003  0.4003 0 
 48.6702 -0.5483  1.1490  0.0354  0.0953  0.0314  0.2149  0.0319 -0.0003  0.0595 0 
 48.8991 -0.3218 -0.8209  0.0696  0.4038  0.1392  0.5152  0.0384 -0.0003  0.3749 0 
 43.2349  0.3212  2.2593  0.0221  0.2486  0.0250  0.2660  0.0500 -0.0003  0.0794 0 
 49.7139  0.4449  1.1578  0.0016  0.3632  0.0199  0.2992  0.0297 -0.0003  0.0679 0 
 48.1117 -0.4618 -2.0573  0.0329  0.3868  0.1593  0.4311  0.1021 -0.0003  0.3326 0 
 43.4424  0.3114 -0.7037  0.0161  0.4727  0.0653  0.3100  0.0192 -0.0003  0.2305 0 
 41.7700 -0.3218  2.3840  0.0352  0.4392  0.0676  0.3132  0.0242 -0.0003  0.2944 0 
 46.8513 -0.5414  3.0890  0.0868  0.1502  0.0348  0.3907  0.1650 -0.0003  0.4026 0 
 33.8201  0.5502  0.0356  0.1202  0.2702  0.1552  0.5217  0.0518  0.2986  0.8114 0 
 43.2624  0.6743  3.0325  0.1616  0.6012  0.0344  0.3989  0.1188 -0.0003  0.8127 0 
 39.5026 -0.6956 -0.0103  0.0231  0.3548  0.0677  0.3180  0.0051 -0.0003  0.2244 0 
 55.5886 -0.4579  2.9022  0.0193  0.2545  0.2933  0.3741  0.0832 -0.0003  0.2985 0 
 45.4749  0.4567 -0.2713  0.0337  0.1979  0.0798  0.3937  0.0222 -0.0003  0.1744 0 
 45.3193 -0.0849 -1.1689  0.0276  0.2283  0.0650  0.3065  0.0152 -0.0003  0.1713 0 
 44.4099  0.1016  1.9472  0.0164  0.3006  0.0157  0.1321  0.0186 -0.0003  0.1066 0 
 40.0153 -0.4741  0.8749  0.1384  0.6791  0.0299  0.6337  0.2000 -0.0003  0.9133 1 
 38.5016  0.4795 -2.2077  0.2048  0.5681  0.0666  0.5947  0.2686 -0.0003  0.9775 1 
 41.7304 -0.0377 -0.4995  0.4359  0.2126  0.0206  0.2238  0.6351 -0.0003  0.9956 1 
 39.2309  0.0599  2.6370  0.0392  0.5299  0.0206  0.1821  0.0115 -0.0003  0.1801 1 
 40.3906 -0.5528 -2.9097  0.0395  0.4244  0.0301  0.4064  0.0248 -0.0003  0.2509 1 
 40.1038  0.5341  0.1894  0.4836  0.5092  0.0347  0.2714  0.3514 -0.0003  0.9952 1 
 48.0110  0.5807  2.0296  0.0587  0.2006  0.1110  0.3451  0.0446 -0.0003  0.2653 0 
 45.9632 -0.5717 -1.1205  0.0010  0.3635  0.0037  0.1309  0.0147 -0.0003  0.0882 0 
 50.5440 -0.6439  0.7966  0.1028  0.1995  0.0792  0.2129  0.0760 -0.0003  0.4769 0 
 40.8362  0.6228 -2.3131  0.0095  0.4830  0.0805  0.3601  0.0715 -0.0003  0.2247 0 
 48.4627  0.7243 -0.2842  0.0206  0.4176  0.0327  0.3873  0.0190 -0.0003  0.1786 0 
 44.0467 -0.7272  2.8277  0.0130  0.3686  0.0550  0.1323  0.1798 -0.0003  0.4131 0 
 49.4026 -0.4950 -0.3321  0.0539  0.3313  0.0361  0.2569  0.1971 -0.0003  0.4665 0 
 47.1046  0.4561  2.7915  0.0873  0.5649  0.1883  0.8237  0.0915 -0.0003  0.6466 0 
 48.0232 -0.2506 -2.7461  0.0063  0.5460  0.0291  0.3882  0.0119 -0.0003  0.1523 0 
 47.8065  0.2557  0.4164  0.0350  0.1861  0.0214  0.3023  0.1146 -0.0003  0.1145 0 
 38.7945  0.2328  2.1104  0.0153  0.3074  0.0268  0.5021  0.1125 -0.0003  0.2044 0 
 32.9412 -0.1383 -1.0685  0.2625  0.2518  0.0252  0.2867  0.2252 -0.0003  0.8463 0 
 45.4871 -0.2487  0.6344  0.0062  0.5013  0.0190  0.2625  0.0108 -0.0003  0.1104 0 
 39.3561  0.2450 -2.4855  0.0045  0.3702  0.0914  0.4092  0.0827  0.1637  0.3854 0 
 51.4626  0.6490 -1.3962  0.0103  0.1295  0.0468  0.3814  0.0108 -0.0003  0.0814 0 
 42.4598 -0.6310  1.7283  0.0198  0.4086  0.2068  0.6237  0.0722 -0.0003  0.3113 0 
 46.5339 -0.2146 -1.0035  0.0422  0.3239  0.0863  0.5653  0.0577 -0.0003  0.3459 0 
 44.5411  0.2118  2.1583  0.0085  0.1012  0.1651  0.3079  0.1901 -0.0003  0.1575 0 
 52.9152 -0.3628 -2.3950  0.0118  0.2078  0.0576  0.3787  0.0635 -0.0003  0.1243 0 
 33.3471  0.3408  0.7646  0.0405  0.7997  0.0185  0.1905  0.0200 -0.0003  0.2008 0 
 46.3661 -0.2016 -1.1380  0.4903  0.3924  0.0466  0.3482  0.3516 -0.0003  0.9944 1 
 45.5024  0.2086  1.9985  0.5049  0.6073  0.0303  0.2624  0.3553 -0.0003  0.9960 1 
 46.7567  0.1081 -0.0267  0.0339  0.7574  0.0198  0.6949  0.1679 -0.0003  0.6075 0 
 42.6551 -0.0951  3.0677  0.1155  0.2262  0.0811  0.4894  0.1343 -0.0003  0.6741 0 
 50.7057 -0.6480 -1.1147  0.0886  0.3522  0.1267  0.5105  0.0124 -0.0003  0.4138 0 
 43.1647  0.6229  2.0143  0.0838  0.3833  0.0289  0.3105  0.1148 -0.0003  0.4513 0 
 49.0425 -0.6440  0.4850  0.0251  0.2876  0.0890  0.4719  0.0909 -0.0003  0.2663 0 
 37.4273  0.6586 -2.6647  0.0007  0.4580  0.0612  0.5532  0.0423  0.4359  0.7280 0 
 44.2054 -0.2263  1.9310  0.0134  0.1822  0.0121  0.1763  0.0125 -0.0003  0.0495 0 
 43.6957  0.2397 -1.2150  0.0248  0.2525  0.0196  0.3979  0.0955 -0.0003  0.1214 0 
 46.9429 -0.4934  0.6683  0.0124  0.8046  0.0461  0.3905  0.1201 -0.0003  0.3687 0 
 38.8647  0.4966 -2.4792  0.0165  0.3835  0.0146  0.4107  0.0367 -0.0003  0.1002 0 
 45.6001 -0.4205 -0.7553  0.0757  0.3502  0.0745  0.3060  0.0810 -0.0003  0.5126 1 
 40.5890  0.4125  2.3672  0.2115  0.1683  0.0255  0.3156  0.2547  0.0667  0.8668 1 
 40.3204  0.2916  2.2240  0.3479  0.2706  0.0406  0.4517  0.2391  0.2805  0.9987 1 
 31.2444 -0.3022 -0.9000  0.1710  0.2872  0.0680  0.2426  0.1162  0.4132  0.9896 1 
 46.5248 -0.2263 -2.5773  0.0023  0.1005  0.0291  0.2174  0.2613 -0.0003  0.2067 0 
 35.7092  0.2151  0.5419  0.0434  0.6817  0.0136  0.1868  0.1002  0.1555  0.4595 0 
 57.4838 -0.1114 -2.2536  0.1017  0.4506  0.1101  0.3298  0.0641 -0.0003  0.5471 0 
 49.2622  0.0973  0.9144  0.0006  0.5979  0.0553  0.3000  0.0327 -0.0003  0.2041 0 
 40.5280 -0.4781  1.4402  0.0121  0.3870  0.0522  0.1805  0.0146 -0.0003  0.2533 0 
 38.0835  0.4991 -1.6922  0.0360  0.2264  0.0175  0.0918  0.0186 -0.0003  0.1299 0 
 47.8248  0.6849 -2.3647  0.0233  0.6936  0.1098  0.5613  0.0125 -0.0003  0.2730 0 
 31.9554 -0.5857  0.7826  0.0070  0.1843  0.0173  0.1928  0.0324 -0.0003  0.0459 0 
 53.7484  0.3284  2.7220  0.1308  0.2615  0.0424  0.3353  0.2064 -0.0003  0.7551 1 
 40.3967 -0.2759 -0.3172  0.3651  0.1237  0.1410  0.2709  0.3354  0.7228  0.9996 1 
 47.6295 -0.3918  0.7463  0.0529  0.0656  0.0400  0.2594  0.0634 -0.0003  0.0800 0 
 28.8121  0.3848 -2.3653  0.1092  0.2531  0.0118  0.2485  0.0880 -0.0003  0.2192 0 
 42.1820  0.0216 -2.1807  0.1017  0.5248  0.0311  0.4016  0.1236 -0.0003  0.6830 1 
 40.7141 -0.1490  0.9581  0.2712  0.5912  0.0230  0.4956  0.3475 -0.0003  0.9762 1 
 46.9825 -0.2315 -0.0495  0.3324  0.7018  0.0487  0.6507  0.1735  0.2388  0.9954 1 
 45.7343  0.1883  3.0836  0.0287  0.5484  0.1021  0.4805  0.0086 -0.0003  0.2447 1 
 50.6020  0.0368  1.0005  0.4496  0.5256  0.0865  0.3405  0.4464 -0.0003  0.9975 1 
 41.1902 -0.0157 -2.1790  0.1660  0.3780  0.0664  0.1797  0.1756 -0.0003  0.8631 1 
 47.7119  0.7220  2.6158  0.0045  0.0693  0.0266  0.1728  0.0115 -0.0003  0.0513 0 
 45.7771 -0.7108 -0.5546  0.0625  0.2523  0.1188  0.3930  0.0298 -0.0003  0.3066 0 
 56.8093  0.1794  2.9335  0.0285  0.2436  0.0773  0.3307  0.0760 -0.0003  0.2225 0 
 46.6499 -0.1926 -0.1558  0.0561  0.2129  0.0335  0.3477  0.1050 -0.0003  0.2450 0 
 43.2624 -0.7972  1.1476  0.0076  0.3841  0.0215  0.1773  0.0328 -0.0003  0.1060 0 
 34.9828  0.7799 -1.9567  0.0167  0.3048  0.0425  0.6107  0.2125 -0.0003  0.3767 0 
 40.0854  0.5474 -1.0988  0.1285  0.3403  0.0467  0.3167  0.1409  0.4089  0.9942 1 
 34.5159 -0.5302  2.0224  0.4805  0.2274  0.0300  0.2829  0.3290  0.3651  0.9993 1 
 50.0954 -0.4408  2.8642  0.0120  0.3932  0.2145  0.3414  0.0367 -0.0003  0.2443 0 
 32.1325  0.4444 -0.3028  0.0070  0.1911  0.0447  0.2888  0.0048 -0.0003  0.0893 0 
 45.8625  0.4220  1.8819  0.0396  0.2254  0.0429  0.2619  0.0161 -0.0003  0.1592 0 
 39.1547 -0.4602 -1.2479  0.0378  0.4448  0.0635  0.3643  0.0424 -0.0003  0.3095 0 
 55.7626  0.6365 -0.0136  0.0146  0.3302  0.0485  0.1661  0.0064 -0.0003  0.2341 0 
 38.5962 -0.6488  3.0268  0.0099  0.5825  0.1494  0.4114  0.0504 -0.0003  0.2592 0 
 49.7658  0.4561 -2.9837  0.0374  0.6554  0.1501  0.8121  0.2115 -0.0003  0.7238 0 
 46.3172 -0.4134  0.1639  0.0359  0.4578  0.1148  0.2177  0.0137 -0.0003  0.2821 0 
 49.8421 -0.1188  0.2022  0.0103  0.4883  0.1107  0.4272  0.0283 -0.0003  0.2038 0 
 46.0670  0.1322 -2.9014  0.0506  0.2719  0.0207  0.2616  0.0174 -0.0003  0.1296 0 
 59.8795  0.4896 -3.0801  0.0065  0.1395  0.0042  0.1224  0.0080 -0.0003  0.0443 0 
 48.3741 -0.5044  0.0567  0.0287  0.3061  0.0993  0.3875  0.0633 -0.0003  0.2449 0 
 44.4221  0.1148  0.0275  0.0331  0.6214  0.1492  0.6603  0.0552 -0.0003  0.3168 0 
 43.4333 -0.1235 -3.1134  0.1311  0.6504  0.0270  0.3985  0.1619  0.1483  0.8019 0 
 45.5940 -0.4682 -2.0669  0.0668  0.3146  0.0269  0.3060  0.0391 -0.0003  0.2286 0 
 37.3816  0.4511  1.0738  0.0986  0.4292  0.0555  0.2767  0.1140  0.1390  0.7806 0 
 48.1361 -0.5256 -2.5605  0.0132  0.3124  0.0247  0.3880  0.0377 -0.0003  0.0968 0 
 36.0906  0.5178  0.6017  0.0316  0.1520  0.0116  0.2329  0.0958 -0.0003  0.0618 0 
 45.2369  0.4591 -2.6731  0.0019  0.1006  0.0618  0.3943  0.1198 -0.0003  0.0941 0 
 39.7284 -0.4267  0.4472  0.0487  0.4449  0.0105  0.1360  0.0601 -0.0003  0.1432 0 
 45.6977  0.0184 -1.1818  0.4209  0.5768  0.0432  0.3058  0.4215 -0.0003  0.9961 0 
 38.8190 -0.0139  1.9962  0.1226  0.4180  0.0290  0.3651  0.1076 -0.0003  0.6232 0 
 56.8276 -0.5362  2.4240  0.0551  0.4755  0.3514  0.5374  0.0075 -0.0003  0.3120 0 
 51.5511  0.5449 -0.6841  0.0218  0.4104  0.1505  0.3812  0.0467 -0.0003  0.2479 0 
 42.9297  0.3202  0.5699  0.0419  0.2670  0.0655  0.4886  0.0075  0.3374  0.5587 0 
 41.5106 -0.2948 -2.5293  0.0388  0.5376  0.0347  0.4482  0.0859 -0.0003  0.3743 0 
 45.4902  0.8244 -0.3207  0.0322  0.6429  0.0268  0.5250  0.0626  0.2107  0.6162 1 
 35.7458 -0.7523  2.7830  0.3586  0.2577  0.0914  0.9339  0.4534 -0.0003  0.9981 1 
 38.3124  0.6862 -1.9177  0.0263  0.5730  0.0307  0.3664  0.0533  0.1782  0.5384 0 
 37.7111 -0.7260  1.2050  0.0550  0.2634  0.0371  0.3220  0.0262 -0.0003  0.2139 0 
 51.4778  0.5273 -1.1031  0.0131  0.2255  0.0796  0.2119  0.0812  0.1118  0.3374 0 
 38.6999 -0.5273  2.0493  0.0082  0.1783  0.0147  0.3198  0.0032 -0.0003  0.0468 0 
 48.4596 -0.2287  0.8534  0.0022  0.5785  0.1387  0.4304  0.0135 -0.0003  0.2143 0 
 47.6905  0.2419 -2.3152  0.0157  0.0963  0.0134  0.3025  0.0582 -0.0003  0.0385 0 
 42.0264 -0.7801 -0.2626  0.0119  0.3036  0.0394  0.4467  0.0148 -0.0003  0.1487 0 
 38.3246  0.7646  2.8704  0.0071  0.1753  0.0237  0.2290  0.0059 -0.0003  0.0553 0 
 48.3497 -0.5363 -1.4660  0.0039  0.2123  0.0486  0.4306  0.0655 -0.0003  0.1093 0 
 40.9003  0.5427  1.6540  0.0352  0.6858  0.0096  0.2700  0.0226 -0.0003  0.1451 0 
 48.8563 -0.0489  3.0553  0.0031  0.3845  0.0254  0.1718  0.0806 -0.0003  0.1192 0 
 41.6968  0.0671 -0.0768  0.0063  0.6945  0.0237  0.3134  0.0505 -0.0003  0.1299 0 
 45.3437  0.6598 -2.9836  0.0078  0.2982  0.0680  0.3940  0.0184 -0.0003  0.1528 0 
 44.3153 -0.6594  0.1785  0.0474  0.4460  0.0381  0.3964  0.1052 -0.0003  0.4102 0 
 44.5624 -0.6499  1.7586  0.0081  0.0952  0.0265  0.3079  0.0081 -0.0003  0.0495 0 
 40.1343  0.6457 -1.3515  0.0385  0.4305  0.0313  0.1357  0.0103 -0.0003  0.2511 0 
 46.4363  0.6707  1.4355  0.0037  0.0783  0.0464  0.4786  0.0723  0.1058  0.1254 0 
 44.5075 -0.6881 -1.7150  0.0304  0.3252  0.0318  0.2200  0.0484 -0.0003  0.1467 0 
 40.8789  0.6552 -0.4345  0.0248  0.2635  0.0270  0.2250  0.0176  0.0447  0.1712 0 
 40.6134 -0.6697  2.7136  0.0069  0.6110  0.0396  0.2705  0.1418 -0.0003  0.2803 0 
 45.1881  0.6837  1.8218  0.3305  0.4873  0.0787  0.2191  0.4905 -0.0003  0.9966 1 
 34.4640 -0.6574 -1.3435  0.2252  0.4727  0.0189  0.4246  0.1524 -0.0003  0.7727 1 
 53.7301  0.2804 -0.0559  0.0256  0.5548  0.0599  0.3772  0.0958 -0.0003  0.3505 0 
 53.5164 -0.2955  3.0840  0.0543  0.1787  0.0225  0.3357  0.0408 -0.0003  0.1139 0 
 48.7984 -0.4494 -0.0694  0.0847  0.2030  0.1722  0.3436  0.1141  0.6280  0.8849 0 
 47.6661  0.4718  3.0719  0.0528  0.1243  0.0522  0.3025  0.0513 -0.0003  0.1304 0 
 43.3845 -0.4796  2.4223  0.0497  0.0491  0.1016  0.3987  0.1076 -0.0003  0.1227 0 
 42.3133  0.5188 -0.7363  0.1023  0.1066  0.0154  0.2676  0.2360 -0.0003  0.3712 0 
 48.5725  0.4608  3.0307  0.2297  0.3879  0.0908  0.7311  0.1061 -0.0003  0.8851 1 
 44.9989 -0.4183 -0.0901  0.0289  0.5809  0.0801  0.3510  0.0418 -0.0003  0.2844 1 
 51.1360 -0.5478  2.5289  0.9597  0.3906  0.1383  0.4669  0.2112 -0.0003  0.9867 1 
 40.9644  0.5536 -0.6305  0.0271  0.7745  0.1113  0.5848  0.0126 -0.0003  0.3053 1 
 38.0987  0.7507 -0.0592  0.0258  0.2885  0.0248  0.3211  0.0193  0.0321  0.1587 0 
 37.2747 -0.7414  3.0736  0.0384  0.1407  0.0147  0.0923  0.0091 -0.0003  0.0782 0 
 46.9612  0.2847 -0.0551  0.0423  0.2698  0.0534  0.3905  0.0494 -0.0003  0.2489 0 
 42.3682 -0.2685  3.0588  0.0276  0.1272  0.2839  0.3120  0.0047 -0.0003  0.1338 0 
 54.1360 -0.2022 -2.6376  0.1128  0.4835  0.0293  0.2092  0.0776 -0.0003  0.4856 0 
 46.3813  0.2064  0.4927  0.1744  0.1393  0.0371  0.4352  0.2305 -0.0003  0.8004 0 
 38.0011 -0.4233  2.6252  0.3074  0.5641  0.0441  0.2295  0.3690  0.2523  0.9935 1 
 35.2789  0.3688 -0.5251  0.0928  0.1717  0.0544  0.4218  0.1497  0.4895  0.9842 1 
 45.8991  0.4446 -2.5249  0.0121  0.3873  0.0706  0.5674  0.0718 -0.0003  0.2332 0 
 33.6614 -0.4153  0.6449  0.0172  0.6161  0.0528  0.3799  0.0181 -0.0003  0.2284 0 
 50.1534  0.4752 -0.5192  0.0075  0.6228  0.0950  0.5545  0.0750 -0.0003  0.2561 0 
 45.6733 -0.4972  2.6021  0.0013  0.2391  0.0382  0.2622  0.0313 -0.0003  0.0731 0 
 50.4555 -0.2938  0.1410  0.0273  0.1861  0.0592  0.4685  0.1194 -0.0003  0.2332 0 
 43.9643  0.2795 -3.0156  0.0110  0.3703  0.0309  0.1766 -0.0200 -0.0003  0.2255 0 
 48.0720  0.5818 -2.3776  0.0464  0.4027  0.0762  0.3881  0.1402 -0.0003  0.4914 0 
 36.3409 -0.6057  0.7834  0.0217  0.7053  0.0210  0.5113  0.2065 -0.0003  0.4967 0 
 53.7270  0.1311  0.2680  0.0409  0.4989  0.0698  0.2515  0.0296 -0.0003  0.3750 0 
 44.8432 -0.1517 -2.8703  0.0970  0.0614  0.1002  0.2634  0.0848 -0.0003  0.1636 0 
 47.0832 -0.3299 -1.0591  0.2218  0.2867  0.0629  0.3469  0.3868  0.4407  0.9989 1 
 46.8482  0.3531  2.0665  0.1526  0.3232  0.0655  0.3473  0.2130 -0.0003  0.8778 1 
 51.4931  0.5431 -0.5904  0.0044  0.2301  0.1449  0.5084  0.0272 -0.0003  0.1567 0 
 46.0609 -0.5596  2.5807  0.0346  0.4322  0.0439  0.3052  0.0154 -0.0003  0.2663 0 
 32.1294 -0.7814 -1.2891  0.1470  0.4642  0.0462  0.3369  0.1467  0.4350  0.9973 1 
 30.8415  0.7326  1.9966  0.1193  0.6346  0.0463  0.5357  0.2444  0.2026  0.9202 1 
 47.9713  0.5123 -1.3787  0.2585  0.4182  0.0761  0.5177  0.1901 -0.0003  0.9534 1 
 46.1952 -0.5091  1.7304  0.4456  0.2905  0.0613  0.3485  0.2377 -0.0003  0.9833 1 
 46.6285 -0.0903 -0.7040  0.0140  0.6589  0.0902  0.4347  0.0704 -0.0003  0.2730 0 
 44.3427  0.0869  2.4425  0.1535  0.2383  0.0105  0.3083  0.1147  0.1558  0.8212 0 
 48.5298  0.1421  2.5791  0.0108  0.3181  0.0274  0.3011  0.0820 -0.0003  0.0960 0 
 44.7364 -0.1634 -0.5356  0.0639  0.2951  0.0251  0.3955  0.1263 -0.0003  0.3588 0 
 46.5797 -0.2914  1.3866  0.0029  0.4061  0.0425  0.3043  0.0402  0.0770  0.2581 0 
 43.2471  0.3423 -1.7935  0.0015  0.2405  0.0171  0.3547  0.1183 -0.0003  0.0665 0 
 47.6112  0.4255 -0.7894  0.0203  0.1172  0.0594  0.3458  0.0096 -0.0003  0.0910 0 
 46.3844 -0.4183  2.3430  0.0526  0.3479  0.0436  0.4352  0.0466 -0.0003  0.3360 0 
 50.8186  0.1696 -0.9728  0.0082  0.0519  0.2260  0.3401  0.0349 -0.0003  0.0477 0 
 38.7396 -0.2930  2.1201  0.0273  0.4358  0.0287  0.3197  0.0458 -0.0003  0.1629 0 
 48.8228  0.0067 -2.6135  0.0275  0.1667  0.0711  0.4295  0.0125 -0.0003  0.1437 0 
 41.8433 -0.0292  0.4317  0.0381  0.5434  0.1484  0.4472  0.0344 -0.0003  0.2901 0 
 47.5746 -0.6857  2.9390  0.0256  0.6842  0.0956  0.7350  0.0862 -0.0003  0.3682 1 
 45.8045  0.6987 -0.1974  0.2940  0.4020  0.0305  0.3930  0.3433 -0.0003  0.9790 1 
 51.7189  0.6285  1.1015  0.0056  0.2569  0.0697  0.2539  0.0499 -0.0003  0.1475 0 
 43.0823 -0.6172 -2.0466  0.0091  0.1293  0.0639  0.3550  0.1014 -0.0003  0.1038 0 
 49.6712 -0.2130 -2.5348  0.7321  0.6864  0.0609  0.5559  1.1088 -0.0003  0.9986 1 
 46.8177  0.2168  0.6562  0.1786  0.2245  0.0278  0.3908  0.2484 -0.0003  0.8326 1 
 53.2601 -0.6638 -0.5560  0.0154  0.7514  0.1482  0.3361  0.0220 -0.0003  0.2800 0 
 44.9531  0.6437  2.5383  0.0224  0.0899  0.0235  0.3950  0.0181 -0.0003  0.0618 0 
 52.9488 -0.4040  0.9748  0.0503  0.2441  0.1261  0.5890  0.2241 -0.0003  0.6451 0 
 45.2918  0.4160 -2.2051  0.0294  0.1866  0.1216  0.4379  0.1153 -0.0003  0.2512 0 
 43.9918 -0.5679  0.1494  0.0060  0.4847  0.0329  0.4413  0.0251 -0.0003  0.1527 0 
 38.2208  0.5690 -3.0066  0.0024  0.2949  0.0223  0.1833  0.0087 -0.0003  0.0877 0 
 30.0969 -0.0980  2.3439  0.0997  0.5699  0.0469  0.3434 -0.0200  0.3686  0.9892 1 
 17.9141  0.1215 -0.7873  0.7686  0.6060  0.0193  0.2315  0.6450  0.1870  0.9982 1 
 50.5989  0.3043  0.5776  0.0916  0.2431  0.2082  0.5107  0.0605 -0.0003  0.4345 0 
 34.1924 -0.3008 -2.5134  0.0679  0.2572  0.0317  0.4255  0.0162 -0.0003  0.2780 0 
 45.8259 -0.3241  2.9128  0.1034  0.3435  0.1282  0.2183  0.1385 -0.0003  0.7376 1 
 36.8597  0.3126 -0.2063  0.2975  0.2712  0.0401  0.4167  0.3697  0.2364  0.9983 1 
 44.1321 -0.4195 -1.7740  0.0031  0.7442  0.0673  0.3969  0.0690  0.1935  0.5192 1 
 41.4588  0.4634  1.3743  0.2585  0.1938  0.0679  0.5829  0.2802 -0.0003  0.9759 1 
 52.0760 -0.2001 -0.6206  0.0766  0.5643  0.0834  0.2535  0.1350  0.2917  0.8530 0 
 48.2826  0.2132  2.5269  0.0248  0.2107  0.0899  0.4307  0.0084 -0.0003  0.1621 0 
 48.1514  0.7684 -1.7684  0.0561  0.1660  0.0441  0.3448  0.1216 -0.0003  0.2559 0 
 38.0652 -0.7693  1.3703  0.0029  0.3718  0.0189  0.1836  0.1592 -0.0003  0.1581 0 
 54.8409  0.4277 -1.7859  0.0188  0.6989  0.0721  0.2919  0.0193 -0.0003  0.2689 0 
 43.9185 -0.4303  1.3405  0.0712  0.6331  0.0191  0.1766  0.0429 -0.0003  0.2580 0 
 49.9153 -0.3315 -0.7746  0.3248  0.4794  0.0434  0.3417  0.4301 -0.0003  0.9941 1 
 24.9454  0.3469  2.3573  0.4634  0.1725  0.0448  0.2076  0.3909  0.2521  0.9973 1 
 47.3426 -0.4568  0.0109  0.0016  0.1038  0.0356  0.2165  0.0305 -0.0003  0.0503 0 
 39.9420  0.4762 -3.1051  0.0224  0.3372  0.0190  0.1359  0.1348 -0.0003  0.1715 0 
 49.0730  0.3021  0.8872  0.0522  0.2152  0.0505  0.5147  0.0372 -0.0003  0.2879 0 
 48.6976 -0.2897 -2.2522  0.0022  0.3059  0.0935  0.5158  0.0594 -0.0003  0.1672 0 
 60.2335 -0.6903  2.5462  0.0210  0.4333  0.0321  0.2852  0.0344 -0.0003  0.1560 0 
 36.5545  0.6801 -0.5925  0.0289  0.2363  0.0804  0.3248  0.1321  0.4086  0.7179 0 
 44.7730 -0.1258 -0.3678  0.5029  0.6374  0.0404  0.3954  0.4241  0.2626  0.9984 1 
 41.4160  0.1094  2.7970  0.1865  0.2944  0.0964  0.2691  0.0838 -0.0003  0.7269 1 
 55.1492  0.3335  1.1389  0.0452  0.5133  0.0527  0.2915  0.0604 -0.0003  0.4050 0 
 40.3815 -0.3446 -2.0732  0.0246  0.7233  0.0706  0.3161  0.0453 -0.0003  0.3273 0 
 50.0343 -0.2451  1.2785  0.0189  0.2946  0.0558  0.4268  0.1169 -0.0003  0.2471 0 
 46.4149  0.2358 -1.8367  0.0039  0.6068  0.0397  0.3917  0.0287 -0.0003  0.1667 0 
 45.5177  0.6211 -1.8458  0.0115  0.3978  0.0193  0.2624  0.0683 -0.0003  0.0923 0 
 38.2513 -0.6306  1.3229  0.0201  0.3648  0.0769  0.2749  0.0972 -0.0003  0.3136 0 
 50.7973  0.5805  1.1111  0.0027  0.6944  0.0385  0.3401  0.0705 -0.0003  0.1800 0 
 44.7181 -0.5746 -2.0337  0.0124  0.2755  0.0293  0.2197  0.0311 -0.0003  0.0875 0 
 48.5542  0.1946  1.3915  0.0227  0.4253  0.0136  0.2581  0.0430 -0.0003  0.0963 0 
 44.6113 -0.1933 -1.7726  0.0331  0.3268  0.1864  0.4397  0.0156 -0.0003  0.2516 0 
 47.6661  0.3994 -1.7796  0.5215  0.2824  0.0576  0.5186  0.2043 -0.0003  0.9730 1 
 34.3297 -0.4323  1.3176  0.1433  0.2439  0.0124  0.1889  0.1550 -0.0003  0.3777 1 
 47.1595  0.1602  2.8707  0.3154  0.4995  0.0557  0.3900  0.3448 -0.0003  0.9908 0 
 46.0029 -0.1895 -0.2661  0.0442  0.1710  0.2445  0.5234  0.0500  0.2310  0.4417 0 
 46.0487  0.7306 -2.2224  0.0137  0.8141  0.0384  0.4797  0.0513  0.1377  0.4272 0 
 38.2483 -0.7293  0.9043  0.0190  0.6588  0.0254  0.2292  0.0106 -0.0003  0.1823 0 
 46.9886  0.5609  1.5703  0.0998  0.4696  0.0607  0.6073  0.1296 -0.0003  0.7295 1 
 43.9796 -0.5482 -1.6006  0.0922  0.3877  0.0379  0.3089  0.1495 -0.0003  0.6251 1 
 42.8382 -0.1754  1.7360  0.0183  0.6083  0.0924  0.3111  0.0722  0.0932  0.4260 0 
 42.5940  0.1854 -1.4141  0.0001  0.2334  0.0817  0.4451  0.2935 -0.0003  0.3440 0 
 48.9387 -0.2481  2.2713  0.0437  0.2541  0.0494  0.3005  0.0673 -0.0003  0.2295 0 
 42.0905  0.2358 -0.8491  0.0098  0.6165  0.0325  0.2233  0.0239 -0.0003  0.1827 0 
 40.7568 -0.0136  2.3674  0.0825  0.4831  0.0128  0.2703  0.1585  0.0459  0.4518 0 
 29.0349  0.0342 -0.7784  0.0642  0.6058  0.0291  0.3470  0.0532 -0.0003  0.4030 0 
 43.5798 -0.4674 -2.2443  0.1552  0.2255  0.1436  0.4424  0.1204 -0.0003  0.7007 0 
 43.3539  0.4219  0.9414  0.0112  0.0901  0.0311  0.3545  0.0616 -0.0003  0.0568 0 
 41.3123 -0.7577 -0.6872  0.0425  0.4283  0.0834  0.3590  0.0801 -0.0003  0.3731 0 
 25.4765  0.7673  2.4323  0.0053  0.2878  0.0145  0.3610  0.0030 -0.0003  0.0643 0 
 49.5033  0.5030  2.1230  0.0018  0.4100  0.2205  0.4708  0.0572 -0.0003  0.2384 0 
 39.6704 -0.4621 -1.0127  0.0076  0.7721  0.1211  0.4537  0.1109 -0.0003  0.3524 0 
 54.0414  0.3455 -2.0235  0.0712  0.1837  0.1054  0.5023  0.1174  0.2313  0.6870 0 
 40.6714 -0.3379  1.1309  0.0305  0.2226  0.0703  0.5408  0.1367  0.1539  0.5024 0 
 47.8859 -0.5646  2.5699  0.0057  0.4313  0.0644  0.6043  0.0444 -0.0003  0.1998 0 
 45.8839  0.5340 -0.5446  0.0234  0.4167  0.0853  0.4801  0.1503 -0.0003  0.3610 0 
 51.9753  0.7324  0.7371  0.0087  0.4018  0.0256  0.4227  0.1081 -0.0003  0.1536 0 
 32.2240 -0.7206 -2.3795  0.0260  0.1789  0.0226  0.1924  0.0198 -0.0003  0.0659 0 
 52.0485 -0.4880 -1.0851  0.0350  0.2525  0.0101  0.2535  0.0193 -0.0003  0.0699 0 
 40.7752  0.4919  2.0441  0.0079  0.1665  0.0233  0.1801  0.0076 -0.0003  0.0586 0 
 56.1349  0.6168  1.4794  0.8975  0.2863  0.0479  0.4146  0.4489 -0.0003  0.9942 1 
 46.4546 -0.6120 -1.6865  0.3388  0.4909  0.1649  0.6091  0.1722  0.4990  0.9982 1 
 49.3721 -0.0891 -1.7645  0.1014  0.4852  0.0539  0.3426  0.0179 -0.0003  0.5748 1 
 47.8126  0.1062  1.3733  0.6397  0.3834  0.0452  0.5614  0.7757 -0.0003  0.9984 1 
 42.9023 -0.7051  1.2392  0.0227  0.1460  0.0511  0.3999  0.0172 -0.0003  0.1089 0 
 41.0651  0.6871 -1.9207  0.0625  0.5331  0.0330  0.7192  0.0600 -0.0003  0.5249 0 
 43.2685  0.4132  2.0168  0.0529  0.2167  0.0588  0.2217  0.1324 -0.0003  0.3806 0 
 42.5422 -0.3915 -1.1067  0.0220  0.1229  0.1341  0.3562  0.0728 -0.0003  0.1057 0 
 43.6072  0.5111 -1.4225  0.4987  0.4152  0.1025  0.4423  0.2642 -0.0003  0.9921 1 
 39.7742 -0.5106  1.7287  0.0382  0.3631  0.0547  0.3174  0.0287  0.4416  0.9523 1 
 51.3008 -0.7289  2.1789  0.0864  0.1054  0.1698  0.3393  0.0646 -0.0003  0.2512 0 
 47.3823  0.7159 -1.0313  0.0454  0.0714  0.1056  0.2597  0.0005 -0.0003  0.0787 0 
 47.3213 -0.7822 -2.8665  0.1235  0.2066  0.0238  0.3897  0.0865 -0.0003  0.4282 0 
 40.0397  0.7739  0.2659  0.0089  0.5961  0.0130  0.2263  0.0131 -0.0003  0.1122 0 
 49.7444 -0.7007 -0.6287  0.0372  0.7026  0.0120  0.3420  0.1131  0.0726  0.3497 0 
 46.7353  0.7172  2.5316  0.0628  0.1019  0.0616  0.2172  0.0176 -0.0003  0.1211 0 
 49.4881  0.6258  1.9086  0.0071  0.3256  0.2314  0.2568  0.0461  0.1360  0.3560 0 
 38.4680 -0.6375 -1.2033  0.0011  0.0958  0.0281  0.3203  0.0871 -0.0003  0.0491 0 
 47.2267 -0.6920 -0.7593  0.0000  0.5433  0.0523  0.2166  0.1234 -0.0003  0.2993 0 
 41.3794  0.6979  2.3942  0.0095  0.0615  0.0206  0.2243  0.0240 -0.0003  0.0404 0 
 46.9825 -0.0223  0.0290  0.1097  0.4896  0.1622  0.5205  0.2391  0.1009  0.9446 1 
 43.1159 -0.0325 -3.1272  0.2641  0.3194  0.1512  0.7986  0.2104 -0.0003  0.9793 1 
 46.3355 -0.5148 -3.0733  0.0190  0.6201  0.0318  0.1306  0.0045 -0.0003  0.2632 0 
 44.9256  0.5128  0.0779  0.0230  0.1636  0.0178  0.3511  0.0312 -0.0003  0.0566 0 
 47.6204  0.2543  1.4198  0.4309  0.6587  0.0855  0.4323  0.7230 -0.0003  0.9984 1 
 39.7620 -0.2707 -1.7151  0.0899  0.3001  0.0369  0.4535  0.2300 -0.0003  0.6968 1 
 48.2338 -0.0726 -1.7568  0.0156  0.1186  0.0326  0.1293  0.0021 -0.0003  0.0799 0 
 33.0327  0.0458  1.3858  0.0420  0.1248  0.0236  0.1432  0.0302 -0.0003  0.0675 0 
 46.9215 -0.2228  0.3406  0.0512  0.2920  0.0296  0.1302  0.0444 -0.0003  0.1978 0 
 42.7619  0.2493 -2.7707  0.0529  0.2371  0.0878  0.3113  0.0374 -0.0003  0.2703 0 
 47.2023  0.7628 -2.1390  0.0642  0.4925  0.0330  0.3899  0.1929  0.1673  0.7902 1 
 41.5686 -0.7632  1.0645  0.1061  0.4849  0.0775  0.4928  0.1032 -0.0003  0.6548 1 
 45.3132 -0.6635  2.7497  0.6460  0.4330  0.0379  0.4379  0.6252 -0.0003  0.9980 1 
 44.8676  0.6747 -0.3835  0.4177  0.2734  0.0470  0.5268  0.1933 -0.0003  0.9623 1 
 54.3435 -0.3511 -0.9016  0.2109  0.1592  0.0377  0.3344  0.1287 -0.0003  0.6797 1 
 47.6539  0.3484  2.2317  0.3230  0.4125  0.0288  0.5187  0.3747 -0.0003  0.9877 1 
 38.8312  0.4160  0.7607  0.0192  0.2918  0.0150  0.2282  0.0356 -0.0003  0.0714 0 
 30.2770 -0.4170 -2.3531  0.0340  0.2919  0.0137  0.1469  0.0207 -0.0003  0.1100 0 
 47.9133  0.7144 -0.6344  0.0269  0.2592  0.2137  0.4748  0.0329 -0.0003  0.2455 0 
 45.1820 -0.7098  2.4562  0.0509  0.1932  0.0520  0.3506  0.0529 -0.0003  0.2049 0 
 42.7283 -0.7787  0.2275  0.0070  0.1403  0.0232  0.2224  0.0360 -0.0003  0.0430 0 
 42.1454  0.7910 -2.9062  0.0117  0.2582  0.0263  0.2678  0.0038 -0.0003  0.0840 0 
 40.9766  0.6745  1.4705  0.5204  0.5342  0.0391  0.3598  0.6238 -0.0003  0.9981 1 
 39.2432 -0.6669 -1.7433  0.2819  0.5157  0.0277  0.3641  0.2824  0.1894  0.9829 1 
 46.5583  0.7720  0.7636  0.0527  0.5949  0.1200  0.6957  0.0272  0.0454  0.4285 1 
 43.4669 -0.7627 -2.4107  0.2643  0.3369  0.0722  0.2214  0.3342 -0.0003  0.9803 1 
 49.3538 -0.2303  0.2294  0.0323  0.0430  0.0373  0.2570  0.0073 -0.0003  0.0648 0 
 45.0263  0.2489 -2.9210  0.0333  0.5665  0.0377  0.3070  0.2049  0.0479  0.6390 0 
 47.3457  0.2481 -0.4584  0.1062  0.1208  0.0338  0.3463  0.0831 -0.0003  0.2593 0 
 39.0387 -0.2258  2.6871  0.0136  0.6085  0.0544  0.3646  0.0246 -0.0003  0.2207 0 
 42.4933 -0.7560 -0.8230  0.0572  0.4891  0.0382  0.1782  0.0316 -0.0003  0.3393 0 
 39.6490  0.7366  2.2658  0.0878  0.2244  0.0353  0.4992  0.0770 -0.0003  0.4366 0 
 43.6835  0.5289 -3.0840  0.0586  0.2345  0.0257  0.2653  0.1035 -0.0003  0.2026 0 
 41.3428 -0.4928  0.1101  0.0751  0.0471  0.0549  0.2244  0.1339  0.0833  0.2678 0 
 42.9541  0.4936 -3.0374  0.1616  0.7215  0.0320  0.3109  0.1479 -0.0003  0.8330 1 
 30.9087 -0.4792  0.0296  0.3818  0.2738  0.0263  0.3894  0.4870  0.0465  0.9961 1 
 44.1382  0.2454 -0.7834  0.0159  0.4270  0.0822  0.4851  0.0257 -0.0003  0.2038 0 
 42.2797 -0.2439  2.3746  0.0041  0.3727  0.0247  0.3568  0.0950 -0.0003  0.0996 0 
 45.7008 -0.1922 -1.7946  0.0107  0.1550  0.1444  0.7864  0.0360 -0.0003  0.2577 0 
 44.0772  0.1994  1.3807  0.0050  0.2494  0.0542  0.2206  0.2114 -0.0003  0.3580 0 
 42.5971 -0.5494  2.2112  0.0312  0.3802  0.0670  0.3561  0.0672 -0.0003  0.2903 0 
 41.0681  0.5852 -0.9137  0.0145  0.3859  0.0138  0.1349  0.0106 -0.0003  0.1230 0 
 51.4321 -0.4019 -2.5844  0.0753  0.5218  0.1236  0.4238  0.1484 -0.0003  0.6112 0 
 39.6765  0.4173  0.5885  0.0205  0.4711  0.0510  0.1361  0.0391 -0.0003  0.3176 0 
 47.5898 -0.5377 -2.3492  0.0115  0.5366  0.4258  0.4756  0.0524 -0.0003  0.2695 0 
 46.3264  0.5185  0.8048  0.0322  0.5788  0.0154  0.2177  0.0137 -0.0003  0.1457 0 
 40.6470 -0.6620  0.5428  0.0244  0.0850  0.0956  0.4958  0.1107 -0.0003  0.1418 0 
 34.6838  0.6371 -2.5414  0.1170  0.2115  0.0321  0.2355  0.1805 -0.0003  0.5534 0 
 53.7697  0.5236 -2.3184  0.0097  0.3421  0.2291  0.5029  0.0141 -0.0003  0.2240 0 
 47.1504 -0.5180  0.7956  0.0104  0.4434  0.0313  0.5634  0.0994 -0.0003  0.2465 0 
 44.3763  0.5945 -0.7418  0.0322  0.5360  0.2425  0.3082  0.0113 -0.0003  0.2531 0 
 43.6011 -0.6345  2.3954  0.0219  0.1116  0.0607  0.2212  0.0884 -0.0003  0.1066 0 
 52.5338 -0.7352  2.1474  0.0315  0.2999  0.0397  0.2108  0.2265 -0.0003  0.4324 0 
 45.5909  0.7435 -0.9949  0.0012  0.3324  0.0545  0.1312  0.0202 -0.0003  0.2377 0 
 46.2165  0.1948 -0.8111  0.0179  0.1692  0.0331  0.3485  0.1354 -0.0003  0.1239 0 
 37.1710 -0.2060  2.3401  0.0079  0.4743  0.0834  0.3695  0.0673 -0.0003  0.2111 0 
 54.5205 -0.2114  0.6547  0.0329  0.3273  0.1607  0.5847  0.0214 -0.0003  0.2858 0 
 39.4415  0.2018 -2.5167  0.0033  0.2507  0.0266  0.2272  0.0054 -0.0003  0.0751 0 
 46.4698 -0.3621  0.5126  0.0050  0.3010  0.0308  0.2610  0.0823 -0.0003  0.0898 0 
 44.7669  0.3556 -2.6274  0.0085  0.3536  0.0584  0.4393  0.0496 -0.0003  0.1716 0 
 46.8727 -0.7899 -2.9788  0.0919  0.6940  0.0339  0.4775  0.1536 -0.0003  0.7874 1 
 40.6989  0.7809  0.2122  0.4682  0.2676  0.0549  0.3154  0.3489 -0.0003  0.9934 1 
 48.7007 -0.2394 -0.2822  0.0153  0.6328  0.0246  0.2149  0.0147 -0.0003  0.1650 0 
 43.5065  0.2519  2.8450  0.0107  0.7635  0.0119  0.3098  0.0093 -0.0003  0.1215 0 
 45.6306 -0.7362 -1.9310  0.0319  0.3702  0.0126  0.2185  0.1525 -0.0003  0.1681 0 
 38.1720  0.6967  1.2043  0.1375  0.4675  0.1251  0.6419  0.0964 -0.0003  0.7280 0 
 47.9683  0.0095  0.6568  0.0217  0.4555  0.0702  0.8629  0.1671 -0.0003  0.5026 0 
 44.8127  0.0106 -2.5006  0.0011  0.1778  0.1341  0.3953  0.0092  0.7682  0.7144 0 
 43.6378 -0.2795 -3.0637  0.1845  0.7930  0.0374  0.6192  0.2528 -0.0003  0.9525 1 
 41.4527  0.2723  0.0627  0.0862  0.2096  0.0130  0.2242  0.0689 -0.0003  0.1427 1 
 45.1850  0.0266  1.9722  0.0394  0.0830  0.0315  0.3068  0.0179 -0.0003  0.0666 0 
 38.8403 -0.0203 -1.1959  0.0013  0.2584  0.0245  0.4564  0.0368 -0.0003  0.0807 0 
 45.9907  0.4704  0.5463  0.0097  0.3624  0.0273  0.3053  0.0060 -0.0003  0.1137 0 
 37.1252 -0.2340 -2.5938  0.0266  0.4847  0.0165  0.2310 -0.0200 -0.0003  0.1917 0 
 46.4149 -0.1042  2.5170  0.0782  0.6109  0.0221  0.3046  0.1506 -0.0003  0.4942 0 
 43.2105  0.1044 -0.6426  0.0734  0.3769  0.0652  0.4878  0.1053 -0.0003  0.5385 0 
 36.9726  0.6752  0.4399  0.1157  0.3668  0.0329  0.3238  0.1053  0.3345  0.9845 1 
 33.4661 -0.6711 -2.6416  0.1714  0.6950  0.0367  0.3805  0.0690  0.3682  0.9940 1 
 49.0150 -0.1707 -1.7413  0.0136  0.6756  0.0763  0.2575  0.0704 -0.0003  0.3586 0 
 43.8727  0.1878  1.4164  0.0211  0.4436  0.0175  0.3091  0.0425 -0.0003  0.1057 0 
 58.5855  0.5709 -2.1059  0.0204  0.1505  0.0421  0.0820  0.0048 -0.0003  0.1336 0 
 44.8859 -0.5677  1.0716  0.0669  0.3325  0.0692  0.4390  0.0430  0.2911  0.6747 0 
 49.2592  0.1633  1.5787  0.0708  0.0824  0.1072  0.3428  0.0109 -0.0003  0.1227 0 
 41.8341 -0.1411 -1.5496  0.0350  0.0972  0.1107  0.4473  0.0123 -0.0003  0.1064 0 
 52.3323  0.4732  1.1891  0.0371  0.3269  0.0418  0.4220  0.0303 -0.0003  0.2397 0 
 42.1485 -0.4846 -1.9878  0.0629  0.4469  0.0266  0.4017  0.1531 -0.0003  0.5070 0 
 44.3824  0.0766  2.5732  0.0042  0.3425  0.0223  0.0881  0.0190 -0.0003  0.1555 0 
 41.5351 -0.1138 -0.5244  0.0242  0.2875  0.1328  0.4930  0.1498 -0.0003  0.3515 0 
 48.9998  0.6249 -1.0702  0.0776  0.3513  0.0789  0.5149  0.1096  0.0753  0.6702 0 
 47.2511 -0.6367  2.0706  0.0826  0.3691  0.0130  0.3032  0.0712 -0.0003  0.2203 0 
 45.1362  0.7111  0.9289  0.1945  0.3547  0.1249  0.3507  0.3469 -0.0003  0.9853 1 
 41.5137 -0.7029 -2.2119  0.1870  0.7658  0.0386  0.2689  0.2476 -0.0003  0.9363 1 
 46.8391 -0.5136  1.7323  0.0328  0.3659  0.0611  0.3907  0.0147 -0.0003  0.2482 0 
 46.0883  0.4918 -1.4050  0.0104  0.3091  0.0286  0.4360  0.0528 -0.0003  0.1172 0 
 50.9163 -0.7033  2.4077  0.0467  0.6157  0.0494  0.4249  0.1852 -0.0003  0.6652 1 
 34.6899  0.6895 -0.7785  0.2147  0.4989  0.0271  0.2825  0.1058  0.2013  0.8931 1 
 43.4028 -0.0305  0.0702  0.0293  0.2717  0.0179  0.1772  0.0549 -0.0003  0.0981 0 
 31.9036  0.0373 -3.0541  0.0022  0.6004  0.0099  0.1929  0.0101 -0.0003  0.1083 0 
 44.4923 -0.2541  1.2225  0.0043  0.1565  0.0158  0.2640  0.0281 -0.0003  0.0370 0 
 42.5879  0.2210 -1.9098  0.0472  0.4882  0.0507  0.4006  0.1129  0.0465  0.5553 0 
 50.7759  0.1402 -0.6112  0.1860  0.1797  0.0501  0.4252  0.3704 -0.0003  0.9423 1 
 42.0935 -0.1304  2.5674  0.0208  0.5774  0.0831  0.4912  0.0234  0.1939  0.4853 1 
 52.5582  0.6655  0.2498  0.1676  0.3457  0.0210  0.4637  0.3445 -0.0003  0.9196 0 
 35.9442 -0.6795 -2.9545  0.0197  0.0985  0.0251  0.1865  0.0170  0.2346  0.6329 0 
 56.1898 -0.7380 -2.0386  0.0113  0.0585  0.1512  0.2487  0.0425 -0.0003  0.0488 0 
 46.4973  0.7510  1.1080  0.0027  0.7247  0.0189  0.3045  0.0395 -0.0003  0.1150 0 
 54.7799 -0.2363  2.7060  0.0077  0.3819  0.0447  0.4589  0.0224 -0.0003  0.1637 0 
 44.7578  0.2457 -0.4316  0.0070  0.1736  0.0312  0.3515  0.0096 -0.0003  0.0667 0 
 44.6693  0.6148  2.0784  0.0316  0.1834  0.0496  0.3956  0.0180 -0.0003  0.1449 1 
 44.4923 -0.6241 -1.0425  0.0526  0.2183  0.0591  0.3960  0.1750 -0.0003  0.4265 1 
 50.9255  0.7235 -2.8882  0.1574  0.2429  0.0401  0.5524  0.0790 -0.0003  0.6677 1 
 45.8656 -0.7121  0.2407  0.0104  0.8712  0.0320  0.4365  0.0196 -0.0003  0.2053 1 
 52.1248  0.1686  0.4337  0.0782  0.4257  0.1445  0.5069  0.0767 -0.0003  0.4343 0 
 43.2807 -0.1871 -2.7065  0.0221  0.0560  0.0119  0.1773  0.0102 -0.0003  0.0409 0 
 45.1911  0.5978 -2.9481  0.0025  0.5229  0.1648  0.7450  0.0510 -0.0003  0.2651 1 
 25.7053 -0.5828  0.2213  0.8479  0.6863  0.0388  0.5144  0.4332  0.2082  0.9974 1 
 48.6244  0.6733 -2.8796  0.0150  0.1799  0.0810  0.4730  0.1243 -0.0003  0.1923 0 
 43.3356 -0.6918  0.2596  0.0717  0.1230  0.0855  0.4431  0.1452 -0.0003  0.3843 0 
 48.3131 -0.5099  2.0221  0.0598  0.4387  0.0285  0.0862  0.0193 -0.0003  0.2658 0 
 39.6490  0.5525 -1.0963  0.0063  0.3575  0.0203  0.3630  0.0275 -0.0003  0.0790 0 
 44.5258 -0.0149 -1.3039  0.4079  0.2663  0.0828  0.3519  0.4102 -0.0003  0.9964 1 
 37.4334 -0.0170  1.8673  0.3592  0.2220  0.0487  0.2305  0.3998  0.5275  0.9998 1 
 48.1910 -0.3012  2.2083  0.0306  0.2100  0.1737  0.3879  0.1541 -0.0003  0.3629 1 
 35.3368  0.3057 -0.9184  0.3905  0.5439  0.0313  0.2811  0.4206  0.3268  0.9992 1 
 50.1015 -0.6774 -2.0943  0.0000  0.2005  0.0070  0.0853 -0.0200 -0.0003  0.0975 0 
 49.9397  0.6794  1.0698  0.0141  0.1891  0.0504  0.3416  0.0413 -0.0003  0.1005 0 
 44.9714  0.6077 -0.8562  0.0265  0.5978  0.0394  0.5265  0.1009  0.0772  0.4768 0 
 41.2421 -0.6002  2.3098  0.1203  0.4818  0.0616  0.4041  0.0611  0.1139  0.7604 0 
 44.2908  0.4115 -1.6219  0.0431  0.3333  0.0590  0.3084  0.0309 -0.0003  0.2820 0 
 36.3439 -0.4194  1.5170  0.2652  0.3280  0.0385  0.2789  0.3004  0.2110  0.9875 0 
 50.0069  0.0621 -1.2926  0.0857  0.2880  0.0119  0.3415  0.0302  0.0797  0.4338 0 
 32.6146 -0.0666  1.8631  0.0641  0.4818  0.0070  0.1438  0.0255 -0.0003  0.1506 0 
 48.5634  0.6541  2.3981  0.1543  0.3926  0.1451  0.2151  0.0079 -0.0003  0.6705 0 
 30.0237 -0.7073 -0.6951  0.1115  0.4375  0.0445  0.2945  0.0490 -0.0003  0.5871 0 
 44.0375 -0.7248 -1.6352  0.0440  0.6233  0.0435  0.3089  0.0204 -0.0003  0.3698 1 
 36.7468  0.6787  1.4913  0.0321  0.0543  0.1291  0.4170  0.1356  0.6346  0.6846 1 
 50.2022  0.0473 -1.8305  0.1590  0.4440  0.2890  0.2985  0.1644 -0.0003  0.9179 0 
 41.4191 -0.0416  1.3330  0.0215  0.6978  0.0201  0.3588  0.0197 -0.0003  0.1656 0 
 41.6968  0.0165 -2.3224  0.2486  0.6328  0.0306  0.4029  0.5091 -0.0003  0.9929 1 
 40.5127  0.0078  0.7757  0.3508  0.7596  0.1247  0.7219  0.5943 -0.0003  0.9985 1 
 54.4686  0.3390 -1.1797  0.0019  0.8097  0.0515  0.2924  0.1218 -0.0003  0.3624 0 
 51.0506 -0.3518  1.9682  0.0511  0.3016  0.0545  0.2972  0.0457 -0.0003  0.2905 0 
 49.1493  0.4340  1.9118  0.0238  0.1243  0.0450  0.2573  0.0186 -0.0003  0.0780 0 
 47.6967 -0.4362 -1.2126  0.0006  0.3916  0.0519  0.2593  0.0090 -0.0003  0.1800 0 
 44.8737 -0.3990  0.7849  0.0048  0.2668  0.0168  0.3512  0.0131 -0.0003  0.0579 0 
 43.2990  0.4367 -2.3491  0.0422  0.3141  0.0237  0.1773  0.0297 -0.0003  0.1455 0 
 46.0853 -0.0061  1.2977  0.0274  0.2590  0.1063  0.3924  0.0181 -0.0003  0.1881 0 
 41.3367 -0.0251 -1.8049  0.0022  0.1032  0.0985  0.2692  0.0355 -0.0003  0.0687 0 
 49.7749 -0.6034  0.0785  0.0349  0.2607  0.0424  0.3847  0.0339 -0.0003  0.1852 0 
 27.9667  0.6052 -3.0825  0.0221  0.0902  0.0021  0.0501 -0.0200 -0.0003  0.0752 0 
 47.1778  0.3543 -1.6536  0.0599  0.4917  0.0177  0.1733  0.0870 -0.0003  0.2090 0 
 45.9449 -0.3353  1.5394  0.1113  0.3845  0.0478  0.3054  0.1266 -0.0003  0.6870 0 
 49.6468  0.4279 -0.7666  0.0951  0.3964  0.0779  0.2138  0.2333 -0.0003  0.8218 0 
 41.7334 -0.4127  2.3465  0.0096  0.7030  0.0247  0.2685  0.0051 -0.0003  0.1681 0 
 54.2580  0.7898  2.5266  0.0022  0.7256  0.0877  0.3763  0.1575 -0.0003  0.4005 0 
 44.5716 -0.7954 -0.6229  0.0618  0.4318  0.0112  0.1759  0.0351 -0.0003  0.1478 0 
 39.9573  0.7457 -0.3326  0.2056  0.8245  0.0348  0.4528  0.3474 -0.0003  0.9736 1 
 27.4266 -0.7547  2.7631  0.1163  0.1383  0.0382  0.3026  0.1292  0.1040  0.6346 1 
 43.9948 -0.1177 -2.8295  0.0171  0.3972  0.0441  0.1765  0.0137 -0.0003  0.2418 0 
 33.4569  0.1255  0.3510  0.0060  0.0663  0.0791  0.3806  0.0143 -0.0003  0.0653 0 
 44.8310 -0.5243 -0.0612  0.0834  0.3973  0.0622  0.5709  0.1102 -0.0003  0.6100 1 
 40.8881  0.5013  3.0120  0.4146  0.1479  0.1151  0.4050  0.3463 -0.0003  0.9938 1 
 43.3936 -0.1902 -2.2402  0.5501  0.7619  0.0670  0.4429  0.6300 -0.0003  0.9981 1 
 37.3999  0.1590  0.8361  0.1358  0.2124  0.0594  0.4150 -0.0200  0.3577  0.8396 1 
 54.0261  0.3751  1.0898  0.0169  0.2810  0.1710  0.7535  0.0484  0.2467  0.4772 0 
 49.8451 -0.3194 -2.0180  0.1373  0.1775  0.1829  0.4699  0.2674 -0.0003  0.9210 0 
 45.0782  0.7643 -2.1361  0.0001  0.3140  0.0899  0.4385  0.0662 -0.0003  0.1512 0 
 42.6215 -0.7436  1.0063  0.0205  0.5135  0.0718  0.5786  0.1550 -0.0003  0.3752 0 
 43.5126  0.5363  2.9970  0.0449  0.4520  0.0511  0.5312  0.0773 -0.0003  0.4019 0 
 35.2544 -0.5603 -0.1979  0.0615  0.7028  0.0665  0.2344  0.0828 -0.0003  0.6617 0 
 53.7972  0.0330 -2.3522  0.0076  0.6819  0.1195  0.4610  0.0814 -0.0003  0.2877 0 
 44.7059 -0.0332  0.8033  0.0980  0.5645  0.0302  0.5274  0.1758 -0.0003  0.7980 0 
 41.4282  0.2519  1.0428  0.1241  0.6142  0.0671  0.4933  0.1843 -0.0003  0.8851 0 
 40.9125 -0.2456 -2.1175  0.0090  0.2951  0.1787  0.6299  0.0090 -0.0003  0.2251 0 
 52.1981  0.5194 -0.5240  0.0081  0.2543  0.4532  0.3378  0.0319 -0.0003  0.2124 0 
 45.2186 -0.5308  2.5814  0.2044  0.2534  0.0256  0.2629  0.1310 -0.0003  0.6309 0 
 46.3478 -0.2440  0.0254  0.1036  0.1060  0.0266  0.3483  0.0403 -0.0003  0.1696 0 
 43.8148  0.2348 -3.1168  0.0176  0.3185  0.0386  0.2651  0.1462 -0.0003  0.2385 0 
 44.5350 -0.7509  0.9013  0.0179  0.3591  0.0085  0.2200  0.0493 -0.0003  0.0785 0 
 43.1006  0.7743 -2.2544  0.0076  0.1622  0.0418  0.4437  0.0532 -0.0003  0.0938 0 
 46.0151  0.1303 -0.1947  0.0489  0.4326  0.0430  0.2181  0.0917 -0.0003  0.3629 0 
 38.7915 -0.1213  2.9442  0.0176  0.2071  0.0354  0.4565  0.0422 -0.0003  0.1239 0 
 46.0883 -0.1791  1.2624  0.0981  0.3383  0.0690  0.3052  0.2158 -0.0003  0.7835 0 
 36.3409  0.2036 -1.8808  0.0600  0.3539  0.0325  0.5577  0.0202 -0.0003  0.3871 0 
 49.2439 -0.4936 -1.3067  0.0282  0.2095  0.0290  0.2571  0.0268 -0.0003  0.0843 0 
 36.2188  0.4794  1.8322  0.0043  0.0527  0.0168  0.3257  0.0292 -0.0003  0.0380 0 
 55.2651 -0.5921  1.1999  0.0107  0.3855  0.0588  0.2914  0.0739 -0.0003  0.2117 0 
 53.0892  0.6453 -1.9254  0.0039  0.3864  0.0908  0.2943  0.0469 -0.0003  0.1902 0 
 47.4708 -0.7497 -0.2037  0.1730  0.2040  0.1060  0.6057  0.2914 -0.0003  0.9572 0 
 43.3417  0.7406  2.9421  0.0393  0.7203  0.0116  0.3101  0.0200 -0.0003  0.1709 0 
 49.7719  0.1515 -1.3060  0.0114  0.4122  0.0420  0.4701  0.0410  0.2082  0.4475 0 
 45.9113 -0.1533  1.8319  0.0098  0.1364  0.0090  0.2182  0.0091 -0.0003  0.0372 0 
 49.7902 -0.2699 -1.5365  0.1042  0.2913  0.0231  0.3846  0.0867 -0.0003  0.4319 0 
 45.2277  0.2768  1.5945  0.0443  0.1802  0.0127  0.2629  0.0524 -0.0003  0.0654 0 
 49.2164 -0.6921  0.8332  0.0009  0.3676  0.1293  0.3000  0.0334 -0.0003  0.1777 0 
 45.8015  0.7132 -2.3331  0.0731  0.1086  0.0988  0.3057  0.1450 -0.0003  0.3315 0 
 46.5095 -0.2341  2.6778  0.0065  0.6829  0.0396  0.3480  0.0344 -0.0003  0.1864 1 
 30.6615  0.1821 -0.4763  0.0131  0.5950  0.0229  0.4879  0.1761 -0.0003  0.3503 1 
 41.9104  0.5955  0.1513  0.1682  0.4066  0.0340  0.3577  0.1835  0.1807  0.9172 0 
 41.6052 -0.5628 -3.0197  0.0031  0.4935  0.0739  0.4927  0.0074 -0.0003  0.1675 0 
 50.2144  0.0488 -3.0687  0.0300  0.1067  0.0150  0.2132  0.0877 -0.0003  0.0517 0 
 44.8859 -0.0596  0.0713  0.0148  0.5465  0.0297  0.4390  0.0187 -0.0003  0.1874 0 
 38.8678  0.4299 -2.2070  0.0974  0.8135  0.0800  0.5475  0.1840  0.2102  0.9017 1 
 33.3135 -0.4331  0.9654  0.5345  0.3536  0.0694  0.3810  0.2589  0.4223  0.9991 1 
 43.7751  0.7482  1.1850  0.0174  0.4353  0.0590  0.3535  0.0316 -0.0003  0.2158 0 
 42.3957 -0.7555 -1.9214  0.0294  0.2340  0.0801  0.5348  0.2888 -0.0003  0.4975 0 
 48.5664 -0.1263 -0.2858  0.0007  0.1385  0.0448  0.2151  0.0289 -0.0003  0.0630 0 
 38.4527  0.1458  2.8285  0.0466  0.4111  0.0348  0.2746  0.0269 -0.0003  0.2492 0 
 47.3945 -0.0523  0.7660  0.1232  0.3811  0.0205  0.4761  0.0865 -0.0003  0.6043 0 
 42.9358  0.0380 -2.4107  0.1060  0.2355  0.0634  0.4886  0.0889 -0.0003  0.5440 0 
 40.4028  0.6297 -0.9603  0.2800  0.4193  0.0723  0.4966  0.5496 -0.0003  0.9978 1 
 31.0430 -0.6293  2.1536  0.0641  0.3960  0.0496  0.2917  0.0704  0.2257  0.7051 1 
 38.4741 -0.5927 -1.8019  0.2034  0.4798  0.0813  0.3203  0.3569  0.6440  0.9995 1 
 37.3938  0.5863  1.3661  0.1630  0.3911  0.0366  0.3228  0.2304  0.3960  0.9977 1 
 36.0479  0.7431  1.2555  0.1268  0.3495  0.0283  0.4658  0.1673 -0.0003  0.7492 1 
 33.4813 -0.7183 -1.9209  0.0633  0.7021  0.1295  0.6659  0.0679  0.3554  0.8125 1 
 53.6141 -0.5711 -1.6159  0.1679  0.6157  0.0984  0.4194  0.1835 -0.0003  0.9399 1 
 39.6216  0.5472  1.5449  0.1844  0.6925  0.0547  0.4085  0.3005 -0.0003  0.9740 1 
 44.1169 -0.6484 -2.5539  0.0035  0.4879  0.0583  0.6615  0.0104 -0.0003  0.1896 0 
 36.8353  0.6448  0.5917  0.0102  0.4181  0.0196  0.2315  0.1779 -0.0003  0.1874 0 
 59.2233  0.2487 -0.4803  0.0885  0.1485  0.0495  0.2864  0.0704 -0.0003  0.2539 0 
 50.6691 -0.2522  2.6667  0.0019  0.3799  0.0834  0.3829  0.0123 -0.0003  0.1565 0 
 55.4726  0.5286 -0.8741  0.0038  0.1274  0.1492  0.3327  0.0190 -0.0003  0.0756 0 
 36.5698 -0.5318  2.2934  0.0590  0.6804  0.0393  0.2320  0.0159 -0.0003  0.4460 0 
 49.0791  0.4283 -1.0031  0.0120  0.0908  0.0740  0.4289  0.0135 -0.0003  0.0791 0 
 41.5015 -0.4319  2.1591  0.0128  0.4736  0.0479  0.4034  0.0075 -0.0003  0.1966 0 
 46.7597  0.8024 -1.8609  0.0490  0.4616  0.0504  0.8252  0.1810 -0.0003  0.6609 0 
 43.9216 -0.7958  1.2820  0.0224  0.4100  0.0885  0.3973  0.1710 -0.0003  0.4048 0 
 49.1035  0.1534  2.9578  0.0316  0.1869  0.0735  0.3431  0.1402 -0.0003  0.2657 0 
 45.8625 -0.1365 -0.1567  0.0927  0.1744  0.0355  0.3929  0.0046 -0.0003  0.2665 0 
 41.1200 -0.6969 -0.2723  0.0934  0.5896  0.0291  0.3145  0.0287 -0.0003  0.5184 0 
 36.3134  0.7130  2.7683  0.0719  0.2107  0.1682  0.4184  0.0932 -0.0003  0.4057 0 
 40.4883  0.5867  0.4409  0.0587  0.2136  0.0489  0.3159  0.0818 -0.0003  0.2668 1 
 39.0356 -0.5410 -2.7305  0.3514  0.3959  0.0778  0.5469  0.4310 -0.0003  0.9970 1 
 44.9012 -0.5275  0.8425  0.0531  0.7255  0.0482  0.3073  0.0368 -0.0003  0.4774 1 
 44.5441  0.5522 -2.3113  0.2040  0.1605  0.0520  0.4399  0.2272  0.4024  0.9969 1 
 45.0996  0.0079 -3.1174  0.0091  0.3311  0.0364  0.5261  0.0242  0.0878  0.2584 0 
 38.6236 -0.0075  0.0161  0.0701  0.2442  0.0231  0.3199  0.0381  0.2049  0.6437 0 
 50.8675  0.0486 -1.8528  0.0092  0.3886  0.0519  0.5100  0.1379 -0.0003  0.2683 0 
 47.5257 -0.0415  1.2897  0.0624  0.3224  0.0252  0.2595  0.0255 -0.0003  0.1949 0 
 44.1413 -0.3269  0.8859  0.0422  0.3428  0.0170  0.3968  0.1013 -0.0003  0.2048 0 
 42.0722  0.3398 -2.2703  0.0704  0.3949  0.0249  0.3126  0.0906  0.1165  0.5941 0 
 47.3823 -0.0581 -1.0265  0.0341  0.6618  0.0428  0.4328  0.1481 -0.0003  0.5267 0 
 44.6479  0.0662  2.1015  0.0258  0.1201  0.1441  0.4396  0.0638 -0.0003  0.1286 0 
 48.7953 -0.7750 -0.1880  0.0730  0.2973  0.0375  0.3866  0.0666 -0.0003  0.3664 0 
 41.5869  0.7795  2.9369  0.0389  0.3647  0.0382  0.5824  0.0532 -0.0003  0.3464 0 
 45.2003 -0.6824  0.3171  0.2609  0.2383  0.0955  0.4382  0.3638 -0.0003  0.9902 1 
 43.0640  0.6860 -2.9177  0.0798  0.5674  0.0776  0.2663  0.0596 -0.0003  0.6078 1 
 49.6223  0.6964  2.8929  0.0524  0.3617  0.0363  0.3422  0.0900 -0.0003  0.3256 0 
 45.3803 -0.6943 -0.2921  0.0225  0.4072  0.0149  0.3064  0.0217 -0.0003  0.0984 0 
 45.1331  0.7082  1.9890  0.0273  0.5901  0.0207  0.1315  0.0131 -0.0003  0.1748 0 
 44.8920 -0.6822 -1.1454  0.0262  0.1461  0.0295  0.4829  0.0353 -0.0003  0.1178 0 
 53.4188  0.3823 -1.2031  0.0282  0.1009  0.2324  0.2938  0.0207 -0.0003  0.0930 0 
 48.0629 -0.4079  1.9186  0.0218  0.2148  0.1433  0.2587  0.0058 -0.0003  0.1563 0 
 46.9642  0.3956  2.4299  0.2997  0.1651  0.0415  0.4338  0.3148 -0.0003  0.9722 1 
 45.7740 -0.3672 -0.7248  0.7029  0.6260  0.0275  0.4368  0.6397 -0.0003  0.9981 1 
 46.3325  0.7194  2.0623  0.0085  0.5729  0.0190  0.1741  0.0894 -0.0003  0.1340 0 
 45.1423 -0.7039 -1.0969  0.0024  0.4145  0.0388  0.3068  0.0286 -0.0003  0.1272 0 
 49.8482  0.2284  0.2061  0.0239  0.4255  0.0460  0.3845  0.0134 -0.0003  0.2251 0 
 44.1596 -0.2221 -2.9622  0.0005  0.0456  0.3680  0.2645  0.0097  0.4508  0.2230 0 
 56.0067  0.3727 -2.0466  0.0480  0.5598  0.1225  0.1659  0.0172 -0.0003  0.3391 0 
 41.2177 -0.3570  1.0774  0.0152  0.6331  0.0282  0.3593  0.0283 -0.0003  0.1707 0 
 44.8463  0.6770 -2.5948  0.0927  0.4891  0.0177  0.5269  0.1088 -0.0003  0.6380 1 
 44.4251 -0.7151  0.5965  0.5643  0.3600  0.0455  0.5723  0.4544  0.1311  0.9983 1 
 46.3600  0.4047 -2.0942  0.0035  0.5299  0.1810  0.5224  0.0711 -0.0003  0.2535 0 
 45.6733 -0.4458  1.0866  0.0158  0.3347  0.0367  0.3059  0.0279 -0.0003  0.1302 0 
 45.0599 -0.6637  0.1514  0.1877  0.5143  0.0265  0.3508  0.1404 -0.0003  0.7629 1 
 43.5096  0.6351 -2.9669  0.0241  0.6470  0.0664  0.3984  0.0515 -0.0003  0.2841 1 
 43.6530 -0.2672 -0.3224  0.0088  0.1353  0.0949  0.4423  0.1489 -0.0003  0.1484 0 
 43.2746  0.2086  2.8215  0.0097  0.6268  0.0876  0.7978  0.0228 -0.0003  0.2617 0 
 45.9571 -0.5934  3.1406  0.0115  0.6327  0.0345  0.3054  0.0222 -0.0003  0.1880 0 
 43.6225  0.5901 -0.0041  0.0002  0.3094  0.0287  0.1769  0.0257 -0.0003  0.0958 0 
 55.3262  0.5363  2.7660  0.0306  0.4976  0.1326  0.3329  0.1660 -0.0003  0.4699 0 
 34.0734 -0.5262 -0.4254  0.0095  0.4668  0.0681  0.4733  0.0192  0.2530  0.4600 0 
 48.8746  0.1008  0.7171  0.1240  0.4437  0.0497  0.4294  0.1904 -0.0003  0.8428 1 
 41.1688 -0.0358 -2.4540  0.7276  0.5994  0.0293  0.3593  0.8939 -0.0003  0.9984 1 
 43.4913 -0.2100 -0.3059  0.3876  0.7380  0.0217  0.7083  0.7899  0.0706  0.9984 1 
 40.9827  0.2182  2.8196  0.5203  0.6408  0.0392  0.3598  0.3577 -0.0003  0.9957 1 
 48.1605 -0.1709 -1.9055  0.6525  0.6306  0.0709  0.6034  0.5374 -0.0003  0.9966 1 
 45.9266  0.1658  1.2055  0.0621  0.2618  0.0439  0.3491  0.0821 -0.0003  0.3198 1 
 47.5837  0.6262  1.1257  0.0001  0.0982  0.0208  0.2594  0.1284 -0.0003  0.0532 0 
 47.1687 -0.6264 -1.9939  0.0730  0.6101  0.0374  0.3467  0.0110 -0.0003  0.5011 0 
 46.1158 -0.2834 -0.7433  0.0180  0.1119  0.0275  0.3487  0.0435 -0.0003  0.0569 0 
 45.1453  0.2744  2.4078  0.0143  0.0689  0.0418  0.2630  0.0458 -0.0003  0.0580 0 
 55.9213 -0.3794  1.3758  0.0002  0.8606  0.0440  0.1660  0.0538 -0.0003  0.2523 0 
 50.4982  0.3611 -1.7715  0.0392  0.6454  0.1353  0.7664  0.0532 -0.0003  0.3591 0 
 50.1259 -0.4111 -0.3689  0.6353  0.5507  0.0810  0.3839  0.5423 -0.0003  0.9979 1 
 42.6154  0.4243  2.8249  0.7408  0.4022  0.0369  0.5341  0.6273 -0.0003  0.9976 1 
 47.9377 -0.7733  1.6779  0.0030  0.3454  0.0362  0.1295  0.0844 -0.0003  0.1684 0 
 41.9135  0.7726 -1.4678  0.0737  0.0988  0.0227  0.3129  0.0485 -0.0003  0.0924 0 
 43.7049  0.7203  3.0726  0.2903  0.5695  0.0194  0.3537  0.2434 -0.0003  0.9345 1 
 35.3277 -0.7108 -0.0753  0.1486  0.5241  0.0284  0.2811  0.1345 -0.0003  0.6971 1 
 48.1422 -0.1355 -3.0846  0.0234  0.3729  0.0238  0.1724  0.0919 -0.0003  0.1490 0 
 47.0314  0.1358  0.0516  0.0084  0.1381  0.0237  0.2602  0.1617 -0.0003  0.0919 0 
 54.2824 -0.4260 -1.6819  0.0469  0.0791  0.2204  0.2091  0.0001 -0.0003  0.0774 0 
 44.3671  0.4513  1.4996  0.0184  0.5432  0.0291  0.3523  0.0836 -0.0003  0.1866 0 
 52.9885 -0.2573 -1.7470  0.0203  0.2808  0.2486  0.2944  0.0159 -0.0003  0.2149 0 
 45.3468  0.3003  1.3811  0.0247  0.2794  0.1777  0.6567  0.0084 -0.0003  0.2760 0 
 42.0508 -0.1368 -0.9421  0.0273  0.1355  0.0154  0.3573  0.0474 -0.0003  0.0549 0 
 29.4377  0.1275  2.1942  0.1652  0.3365  0.0277  0.2469  0.2059 -0.0003  0.7397 0 
 45.9754  0.1894  1.0420  0.0116  0.1891  0.0472  0.4363  0.0132 -0.0003  0.1135 0 
 43.6225 -0.2171 -2.0494  0.0215  0.3180  0.0624  0.4423  0.0180 -0.0003  0.1999 0 
 45.5604  0.1116 -1.1820  0.0219  0.1391  0.0472  0.4810  0.0360 -0.0003  0.1250 0 
 42.3407 -0.1272  1.9282  0.0206  0.7064  0.0157  0.3121  0.0676 -0.0003  0.1504 0 
 46.3935  0.6074  2.2289  0.0000  0.0446  0.2078  0.1741  0.0360 -0.0003  0.0458 0 
 45.5177 -0.6118 -0.9271  0.0267  0.3804  0.0280  0.2624  0.0831 -0.0003  0.1532 0 
 48.6885 -0.0780 -2.6800  0.0280  0.2010  0.0601  0.4298  0.0179  0.2947  0.4515 0 
 45.0843  0.0765  0.4375  0.0894  0.5857  0.0262  0.3508  0.0829 -0.0003  0.5173 0 
 52.0516 -0.6265  0.6865  0.0166  0.2068  0.2272  0.3803  0.0903 -0.0003  0.2309 0 
 38.6664  0.6574 -2.4010  0.0578  0.5142  0.0481  0.3655  0.0526 -0.0003  0.4396 0 
 48.2643  0.1258 -1.9898  0.1504  0.1319  0.0234  0.3015  0.1268 -0.0003  0.4292 0 
 42.9847 -0.1022  1.1695  0.0522  0.1366  0.0421  0.2220  0.0372 -0.0003  0.1105 0 
 45.3162 -0.1252 -0.9832  0.2520  0.3330  0.0535  0.5255  0.4781  0.2432  0.9976 1 
 42.3804  0.1469  2.1351  0.6980  0.6696  0.0206  0.2674  0.4886 -0.0003  0.9979 1 
 40.4364 -0.6831  1.5712  0.0027  0.4391  0.0573  0.2708  0.0187 -0.0003  0.1987 0 
 35.5657  0.6886 -1.6236  0.0077  0.3247  0.0189  0.2806  0.1591 -0.0003  0.1389 0 
 44.7272 -0.7562 -0.2864  0.0602  0.2712  0.1096  0.5273  0.1422 -0.0003  0.5235 1 
 44.3763  0.7667  2.8706  0.2391  0.6167  0.0454  0.4403  0.2435 -0.0003  0.9617 1 
 47.7852  0.3025 -1.1926  0.0916  0.7366  0.1875  0.3887  0.0703 -0.0003  0.5471 0 
 42.5269 -0.2975  1.9380  0.0085  0.5590  0.0271  0.3117  0.0932 -0.0003  0.1474 0 
 45.2338 -0.4389 -1.8959  0.0210  0.4624  0.0344  0.3943  0.0161 -0.0003  0.2003 0 
 31.5282  0.4319  1.2543  0.0210  0.2525  0.0507  0.3871  0.0458 -0.0003  0.1574 0 
 47.2480 -0.6841 -3.0811  0.0023  0.3700  0.0318  0.3032  0.0215 -0.0003  0.0999 0 
 44.3000  0.6770  0.0460  0.0013  0.3180  0.0601  0.3084  0.1027 -0.0003  0.1720 0 
 41.6846  0.1046  0.4582  0.3217  0.2166  0.0732  0.4925  0.0399 -0.0003  0.8055 0 
 38.1506 -0.0822 -2.7368  0.0011  0.6137  0.0235  0.3669  0.1015 -0.0003  0.1347 0 
 50.2266  0.5470  2.7397  0.0000  0.0369  0.0090  0.0000 -0.0200 -0.0003  0.1015 0 
 47.5074 -0.5453 -0.3710  0.0679  0.3360  0.0459  0.3460  0.0311 -0.0003  0.3526 0 
 45.7099 -0.6014 -0.7731  0.0278  0.5619  0.0531  0.6553  0.0461 -0.0003  0.3056 0 
 45.1057  0.6036  2.3716  0.0318  0.4083  0.1237  0.3069  0.0197 -0.0003  0.2464 0 
 48.7282 -0.4423 -1.3054  0.0436  0.5086  0.0252  0.4727  0.0648 -0.0003  0.3463 0 
 43.4852  0.4487  1.8253  0.0383  0.1533  0.0597  0.4427  0.0861 -0.0003  0.2028 0 
 49.5735  0.2000  0.4695  0.0139  0.0752  0.0038  0.1284  0.0020 -0.0003  0.0421 0 
 43.7842 -0.1929 -2.7059  0.0477  0.0416  0.0582  0.1767  0.0141 -0.0003  0.0880 0 
 45.3712  0.2321  1.9542  0.0172  0.1678  0.0284  0.3502  0.1270 -0.0003  0.1043 0 
 43.1586 -0.2637 -1.1987  0.0056  0.5935  0.0136  0.2661  0.0213 -0.0003  0.1006 0 
 56.4340  0.6247 -1.9680  0.0011  0.1125  0.0763  0.1656  0.0317 -0.0003  0.0935 0 
 40.0366 -0.6320  1.1465  0.0186  0.1983  0.0346  0.2715  0.1418 -0.0003  0.1490 0 
 41.3489  0.4699 -1.1322  0.0208  0.2407  0.0683  0.7179  0.0775 -0.0003  0.3199 0 
 40.8576 -0.5158  2.0556  0.0034  0.3455  0.0573  0.3151  0.1335 -0.0003  0.2306 0 
 44.2878  0.2604 -2.0793  0.0119  0.4604  0.0986  0.5287  0.0488 -0.0003  0.2197 1 
 28.1956 -0.2560  1.0355  0.2281  0.3314  0.0496  0.2501  0.1236 -0.0003  0.8122 1 
 49.0547 -0.1102  2.7301  0.0030  0.3083  0.0325  0.1287  0.0740 -0.0003  0.1398 0 
 36.0052  0.1051 -0.3791  0.0628  0.1008  0.0362  0.3728  0.1038 -0.0003  0.1663 0 
 51.6609 -0.6545 -2.7170  0.0263  0.3067  0.0631  0.4233  0.0379 -0.0003  0.2167 1 
 34.6532  0.6585  0.4660  0.3956  0.6200  0.0260  0.3768  0.6243  0.1205  0.9982 1 
 43.5065  0.7522  1.3576  0.0035  0.3087  0.0094  0.2213  0.0163 -0.0003  0.0574 0 
 41.5717 -0.7512 -1.8302  0.0701  0.2345  0.0707  0.3136  0.1057 -0.0003  0.4299 0 
 44.9073  0.7102  0.1360  0.1076  0.2545  0.0616  0.3073  0.0660 -0.0003  0.4802 1 
 25.8335 -0.7343 -3.0126  0.2144  0.5279  0.0537  0.4108  0.1302  0.4291  0.9980 1 
 44.1718 -0.7821 -0.1589  0.0322  0.5378  0.0132  0.3086  0.1362 -0.0003  0.1896 0 
 40.3021  0.7695  2.9611  0.1904  0.3344  0.0297  0.3163  0.1310 -0.0003  0.7016 0 
 43.1098 -0.3323 -1.0992  0.0232  0.6378  0.1024  0.4437  0.0237 -0.0003  0.2571 0 
 40.2747  0.2969  2.0244  0.0216  0.6142  0.0228  0.3163  0.0247 -0.0003  0.1581 0 
 46.5736 -0.7750  3.0120  0.0568  0.4715  0.0172  0.1304  0.0269  0.0608  0.2461 0 
 45.5512  0.7625 -0.0586  0.0628  0.2411  0.0931  0.4810  0.0759 -0.0003  0.3912 0 
 51.5175  0.4559  1.0573  0.0665  0.1547  0.0602  0.4660  0.1478  0.0991  0.5392 0 
 46.4790 -0.4592 -2.1003  0.0401  0.4230  0.0308  0.3915  0.1249 -0.0003  0.3455 0 
 48.1544  0.5290  2.5549  0.0140  0.3477  0.0457  0.3017  0.1690 -0.0003  0.3109 0 
 37.9583 -0.5078 -0.5883  0.0157  0.0563  0.1462  0.2755  0.0060 -0.0003  0.0487 0 
 48.2673 -0.7312 -2.0928  0.0136  0.4190  0.0434  0.3877  0.0434 -0.0003  0.1780 0 
 48.0629  0.7310  1.1253  0.0000  0.2515  0.0594  0.1725  0.0069 -0.0003  0.1623 0 
 47.3426 -0.3504 -0.4093  0.0041  0.6525  0.0606  0.6927  0.1042 -0.0003  0.2872 0 
 46.0761  0.3489  2.7276  0.0169  0.1236  0.0284  0.2180  0.0110 -0.0003  0.0563 0 
 38.8098  0.8144  0.4094  0.0408  0.6374  0.0503  0.5021  0.1214  0.2068  0.7158 1 
 27.3167 -0.8041 -2.8455  0.0007  0.3528  0.0317  0.2525  0.2941  0.2797  0.7755 1 
 45.5817 -0.0882  1.5292  0.0014  0.3734  0.0309  0.2623  0.0432 -0.0003  0.0921 0 
 44.9043  0.0840 -1.6032  0.0128  0.1982  0.0620  0.2634  0.1129 -0.0003  0.1653 0 
 49.8726  0.1123 -2.2535  0.0767  0.2324  0.0295  0.2563  0.0303 -0.0003  0.2036 0 
 39.0204 -0.1162  0.9283  0.0089  0.2565  0.0352  0.3191  0.1389 -0.0003  0.1450 0 
 46.5309 -0.3564 -2.6627  0.0011  0.2526  0.0373  0.3044  0.0618 -0.0003  0.0740 0 
 44.1413  0.3579  0.4617  0.0194  0.3286  0.0104  0.3087  0.1037 -0.0003  0.0907 0 
 48.7770  0.7200 -1.9215  0.0062  0.0787  0.0869  0.4296  0.0045 -0.0003  0.0670 0 
 40.8118 -0.7096  1.2555  0.0287  0.6947  0.0790  0.3602  0.0451 -0.0003  0.3114 0 
 49.0608 -0.5006  2.2161  0.0019  0.1605  0.0939  0.3003  0.0145 -0.0003  0.0894 0 
 47.0283  0.4954 -0.9737  0.0232  0.5089  0.0331  0.3036  0.0410 -0.0003  0.1868 0 
 48.1788 -0.2189 -1.2981  0.0491  0.5802  0.1522  0.6465  0.1943 -0.0003  0.6555 0 
 43.2502  0.2211  1.8154  0.0095 -1.0000  0.0014  0.0887  0.0058 -0.0003  0.1777 0 
 54.2641 -0.3810 -0.4689  0.0480  0.2111  0.0658  0.4181  0.0219 -0.0003  0.2293 0 
 43.7690  0.3745  2.6799  0.0249  0.7582  0.0201  0.1768  0.0313 -0.0003  0.1687 0 
 46.4607  0.0471  0.7900  0.0139  0.3481  0.0348  0.2610  0.0318 -0.0003  0.1235 0 
 38.3307  0.0126 -2.4202  0.0163  0.1560  0.0620  0.3664  0.0652 -0.0003  0.1120 0 
 51.8227  0.2254  2.7458  0.0099  0.6869  0.1095  0.4653  0.1685 -0.0003  0.4099 0 
 44.9989 -0.2296 -0.3668  0.0013  0.2817  0.0712  0.4826  0.1236 -0.0003  0.1858 0 
 53.0922 -0.0564 -1.9340  0.0119  0.1208  0.0531  0.2523  0.0150 -0.0003  0.0776 0 
 44.9195  0.0305  1.2068  0.0549  0.6719  0.0437  0.2195  0.0467  0.2142  0.7123 0 
 47.5746  0.6280 -2.3856  0.0066  0.1855  0.0286  0.3892  0.0156 -0.0003  0.0684 0 
 45.7862 -0.6311  0.7829  0.0076  0.1857  0.0170  0.1747  0.0478 -0.0003  0.0492 0 
 54.7951 -0.6528 -0.7700  0.0659  0.5406  0.1234  0.2920  0.0256 -0.0003  0.3761 1 
 50.5867  0.6797  2.4134  0.8186  0.8420  0.0345  0.3405  0.7390 -0.0003  0.9982 1 
 47.2175  0.0845 -1.6673  0.2355  0.5757  0.0737  0.3899  0.1331 -0.0003  0.9240 1 
 32.2148 -0.0805  1.4706  0.2030  0.5042  0.0603  0.2405  0.3161  0.4574  0.9987 1 
 57.1145 -0.5517 -1.4463  0.0126  0.1929  0.1055  0.4129  0.0554 -0.0003  0.1328 0 
 48.0140  0.5534  1.6694  0.0012  0.3809  0.0507  0.1725  0.0132 -0.0003  0.2227 0 
 49.4240 -0.6581  2.4339  0.1456  0.3480  0.0815  0.5994  0.0524 -0.0003  0.6326 0 
 40.5524  0.6609 -0.6761  0.1148  0.3560  0.0638  0.4510  0.1386  0.4854  0.9936 0 
 42.6307 -0.7371  0.5084  0.0507  0.0945  0.0594  0.3115  0.0555 -0.0003  0.1132 1 
 37.3999  0.7112 -2.6987  0.2237  0.3913  0.0593  0.3689  0.2871 -0.0003  0.9687 1 
 52.1981 -0.2752 -0.8705  0.0119  0.2267  0.0829  0.2956  0.0113 -0.0003  0.1431 0 
 45.6672  0.3179  2.3003  0.0020  0.1561  0.2740  0.2622  0.0021 -0.0003  0.1340 0 
 47.2877  0.6309  2.7355  0.1042  0.5913  0.0398  0.3897  0.0118 -0.0003  0.6299 0 
 44.9043 -0.6228 -0.4105  0.0010  0.6782  0.0268  0.4829  0.0960 -0.0003  0.1835 0 
 42.0356 -0.5070  0.0786  0.1990  0.5915  0.0249  0.3127  0.2138  0.0849  0.8719 0 
 36.4935  0.4901 -3.0519  0.0333  0.3754  0.0210  0.0928  0.0075 -0.0003  0.1942 0 
 56.1654  0.6628  0.0344  0.0001  0.4586  0.0373  0.2902  0.0859 -0.0003  0.1362 0 
 45.7069 -0.6604 -3.0703  0.0075  0.4290  0.0447  0.5680  0.0463 -0.0003  0.1970 0 
 46.8849 -0.1501  1.6142  0.0275  0.2569  0.1461  0.4340  0.1116 -0.0003  0.2969 0 
 41.7823  0.1437 -1.5270  0.0425  0.3673  0.0240  0.4921  0.0230  0.0496  0.3694 0 
 51.3252  0.3325  2.8234  0.0021  0.2877  0.1329  0.4665  0.0808 -0.0003  0.1816 0 
 41.7884 -0.3239 -0.2886  0.0190  0.6276  0.0136  0.1789  0.0635 -0.0003  0.1346 0 
 56.3516 -0.7507  2.1343  0.0006  0.3086  0.0411  0.2071  0.0206 -0.0003  0.1204 0 
 48.0232  0.7327 -0.9785  0.0153  0.2266  0.1660  0.4745  0.0524 -0.0003  0.1939 0 
 48.3101  0.0571 -1.8322  0.0013  0.1618  0.1354  0.4307  0.0726 -0.0003  0.1072 0 
 43.1769 -0.0606  1.3063  0.0152  0.1287  0.0544  0.4435 -0.0200 -0.0003  0.1100 0 
 50.5257  0.3076 -3.0578  0.0273  0.5661  0.0684  0.3406  0.1032 -0.0003  0.3969 0 
 46.9856 -0.3047  0.0691  0.0308  0.3322  0.0260  0.3470  0.0456 -0.0003  0.1388 0 
 45.6062  0.6096  3.0747  0.0462  0.1589  0.0571  0.4809  0.0380 -0.0003  0.2098 1 
 44.3519 -0.5847 -0.1131  0.1565  0.0975  0.0331  0.2642  0.3538  0.3815  0.9950 1 
 50.6844  0.6285 -2.3200  0.0070  0.3223  0.0376  0.2553  0.0844 -0.0003  0.1207 0 
 46.1463 -0.6307  0.7843  0.0058  0.1566  0.0382  0.3487  0.0502 -0.0003  0.0648 0 
 52.4697 -0.7238  0.4742  0.0573  0.2601  0.0208  0.4639  0.1955 -0.0003  0.4192 0 
 43.7842  0.7316 -2.6887  0.0266  0.2281  0.0102  0.3535  0.1606 -0.0003  0.1319 0 
 52.3262 -0.6848  1.9357  0.1325  0.3682  0.0707  0.4642  0.1104 -0.0003  0.7075 0 
 36.3012  0.6892 -1.2342  0.0078  0.5112  0.0251  0.0930  0.0164 -0.0003  0.1883 0 
 45.5879  0.0280  1.7493  0.1371  0.2688  0.0423  0.4372  0.1669  0.1089  0.8589 1 
 45.2033  0.0054 -1.3890  0.4439  0.3945  0.1181  0.5696  0.4295  0.3050  0.9996 1 
 52.4361  0.7322  2.8807  0.0739  0.4100  0.0667  0.2531  0.0182 -0.0003  0.4662 0 
 43.5950 -0.7287 -0.2760  0.0042  0.3665  0.0273  0.2654  0.1035 -0.0003  0.1106 0 
 44.1596  0.6628  1.2641  0.1410  0.3990  0.1210  0.3527  0.2535 -0.0003  0.9414 1 
 42.0294 -0.6422 -1.8840  0.0970  0.5067  0.0384  0.3127  0.1177 -0.0003  0.6553 1 
 44.7150 -0.4947 -1.6594  0.0011  0.2325  0.0268  0.5273  0.2387  0.2350  0.6316 0 
 37.8424  0.4813  1.4883  0.0046  0.3246  0.0159  0.3217  0.0547 -0.0003  0.0589 0 
 48.7770 -0.6085  0.2090  0.4589  0.3126  0.0413  0.6444  0.6223 -0.0003  0.9982 1 
 27.9515  0.6489 -2.9658  0.0456  0.5554  0.0319  0.4513  0.1450 -0.0003  0.5157 1 
 50.3426  0.1512 -0.9991  0.0345  0.2797  0.0221  0.2131  0.0286 -0.0003  0.1068 0 
 47.5044 -0.1653  2.1106  0.0302  0.1267  0.0685  0.2163  0.0677 -0.0003  0.1240 0 
 42.9908 -0.6034 -2.3642  0.0582  0.5466  0.0560  0.2664  0.0336  0.1900  0.6838 0 
 35.5962  0.6373  0.8635  0.0662  0.2746  0.0843  0.2805  0.1212 -0.0003  0.5165 0 
 49.7841  0.2736  2.6011  0.0094  0.1664  0.0273  0.2137  0.0057 -0.0003  0.0614 0 
 49.0944 -0.2902 -0.5367  0.0208  0.4205  0.0125  0.1716  0.0078 -0.0003  0.1183 0 
 49.9550 -0.2332 -0.8366  0.0831  0.3221  0.0750  0.3843  0.0943 -0.0003  0.5224 1 
 36.4416  0.2841  2.3196  0.2338  0.2863  0.1064  0.3716  0.1557  0.2572  0.9566 1 
 54.1604  0.6554 -1.3890  0.0137  0.2850  0.0391  0.3347  0.0223 -0.0003  0.1184 0 
 44.5472 -0.6597  1.7763  0.0272  0.4349  0.0121  0.3959  0.0131  0.1502  0.4036 0 
 45.9663 -0.0750  0.2708  0.0074  0.3222  0.0092  0.3054  0.0030  0.1402  0.2613 0 
 40.2441  0.0466 -2.8760  0.0000  0.0351  0.0353  0.2260  0.1634 -0.0003  0.0861 0 
 46.8788 -0.5770 -2.3206  0.0105  0.2497  0.0222  0.0868  0.0095 -0.0003  0.1359 0 
 35.4955  0.5520  0.7738  0.0033  0.5376  0.0068  0.1871  0.0274 -0.0003  0.0949 0 
 51.4748  0.2375  2.8129  0.0072  0.5276  0.0596  0.1271  0.0159 -0.0003  0.3645 0 
 49.4209 -0.2607 -0.2808  0.0210  0.3375  0.0459  0.3425  0.1024 -0.0003  0.2247 0 
 45.5268 -0.1467 -2.5957  0.0287  0.7717  0.0638  0.7435  0.0185 -0.0003  0.3299 1 
 42.2217  0.1153  0.5257  0.6667  0.7639  0.0360  0.3569  0.4298 -0.0003  0.9976 1 
 49.8787  0.6249  0.1949  0.0339  0.2531  0.0339  0.3417  0.0159 -0.0003  0.1447 0 
 49.0150 -0.6178 -2.9624  0.2754  0.5620  0.0265  0.2575  0.2221 -0.0003  0.9187 0 
 50.4372 -0.7292  0.0504  0.0444  0.4913  0.0432  0.3408  0.0817 -0.0003  0.3813 0 
 48.9479  0.6997 -3.0462  0.0189  0.2882  0.0819  0.3434  0.0262 -0.0003  0.1818 0 
 47.0832 -0.5995  2.9503  0.0084  0.6665  0.0960  0.5636  0.1176 -0.0003  0.3158 0 
 38.5107  0.6088 -0.2076  0.0369  0.1611  0.0217  0.1830  0.0193 -0.0003  0.0692 0 
 55.5825  0.4215  1.0970  0.0171  0.0796  0.1419  0.2494  0.0052 -0.0003  0.0572 0 
 47.9713 -0.4226 -2.0426  0.1150  0.2488  0.0242  0.5177  0.1977 -0.0003  0.7070 0 
 45.3529  0.4637 -2.8094  0.1657  0.4757  0.0986  0.2627  0.2630 -0.0003  0.9601 1 
 42.9999 -0.4481  0.2810  0.0767  0.5567  0.1138  0.6216  0.1088 -0.0003  0.5553 1 
 49.2531 -0.4006 -0.9413  0.1306  0.6841  0.0244  0.5143  0.1697 -0.0003  0.8484 1 
 48.5145  0.3803  2.2192  0.2295  0.4779  0.0541  0.1721  0.3159 -0.0003  0.9622 1 
 47.2877 -0.4982  1.0745  0.0689  0.5904  0.0581  0.5197  0.2122 -0.0003  0.7618 0 
 40.4150  0.4768 -2.0858  0.0008  0.7076  0.0638  0.4515  0.0350 -0.0003  0.1980 0 
 46.7231  0.1282  1.6405  0.0105  0.5790  0.0994  0.3910  0.0273 -0.0003  0.2139 0 
 37.5799 -0.1217 -1.4731  0.0313  0.1941  0.0390  0.1842  0.0283 -0.0003  0.1153 0 
 56.8429  0.6076 -0.3303  0.0034  0.2558  0.0705  0.2480  0.0837 -0.0003  0.1644 0 
 51.1727 -0.6194  2.8317  0.0131  0.3487  0.0381  0.3395  0.0480 -0.0003  0.1323 0 
 49.9062 -0.1419  0.7243  0.3106  0.6179  0.0310  0.2990  0.1282  0.1156  0.8822 0 
 46.8025  0.1436 -2.4672  0.0115  0.4475  0.0314  0.2605  0.0259 -0.0003  0.1391 0 
 41.5747  0.0044  2.0678  0.0400  0.5713  0.0884  0.2688  0.0430 -0.0003  0.3640 1 
 27.4540 -0.1130 -0.9659  0.2417  0.5365  0.1145  0.3529  0.1242  0.4988  0.9967 1 
 49.2409 -0.0896  0.9268  0.0877  0.4942  0.1255  0.5143  0.0667 -0.0003  0.4524 0 
 45.6367  0.0869 -2.1750  0.0048  0.2431  0.0188  0.2623  0.0507 -0.0003  0.0495 0 
 46.4790  0.0903  0.4698  0.0025  0.3687  0.0291  0.3915  0.0164 -0.0003  0.1055 0 
 42.8534 -0.0867 -2.6668  0.0081  0.0900  0.0327  0.2667  0.0084  0.0862  0.1153 0 
 51.8196 -0.2266  1.3480  0.0449  0.4198  0.0598  0.5076  0.0390 -0.0003  0.3398 0 
 43.0030  0.2017 -1.8018  0.0058  0.5228  0.0253  0.3108  0.0419 -0.0003  0.1115 0 
 44.0711 -0.2049 -1.7864  0.0661  0.5093  0.0641  0.5294  0.0654 -0.0003  0.4596 1 
 41.6968  0.1963  1.3884  0.2097  0.5460  0.0628  0.1791  0.0743  0.2839  0.9190 1 
 45.2155  0.4087 -1.4365  0.0359  0.0771  0.2353  0.3943  0.0849 -0.0003  0.1119 0 
 36.3745 -0.3761  1.6346  0.0418  0.5558  0.0310  0.3253  0.0367  0.1310  0.5395 0 
 79.5148  0.2845  3.0176  0.3316  0.2082  0.1205  0.3816  0.4531 -0.0003  0.9967 1 
 42.6581 -0.3325  0.0169  0.0011  0.5514  0.2152  0.5784  0.1380 -0.0003  0.3140 1 
 47.0253 -0.4832 -1.9058  0.0173  0.5422  0.1891  0.5204  0.1408 -0.0003  0.3539 0 
 45.8991  0.4693  1.2220  0.0056  0.5608  0.0284  0.2618  0.0524 -0.0003  0.1291 0 
 62.8122  0.7815  0.0851  0.0154  0.4125  0.0117  0.1614  0.0102  0.0953  0.1751 0 
 51.5938 -0.8000 -3.0286  0.0392  0.4109  0.2322  0.2118  0.0306 -0.0003  0.3061 0 
 48.7526 -0.4916  1.9732  0.0765  0.4776  0.0681  0.6015  0.0423 -0.0003  0.4693 0 
 48.0690  0.4901 -1.1946  0.0182  0.1050  0.0991  0.1725  0.1777 -0.0003  0.2364 0 
 54.0749 -0.6226  0.4462  0.1258  0.3702  0.0493  0.2092  0.0268 -0.0003  0.5923 0 
 49.1005  0.6125 -2.6738  0.1351  0.5949  0.1483  0.3002  0.1517  0.4760  0.9601 0 
 46.6865 -0.6246  2.2424  0.0017  0.1677  0.0728  0.3911  0.0318 -0.0003  0.0916 0 
 41.6266  0.6156 -0.9013  0.0220  0.4725  0.0085  0.2239  0.0307 -0.0003  0.0979 0 
 45.7038  0.1847 -1.6321  0.0132  0.5667  0.0272  0.1748  0.0240 -0.0003  0.1665 0 
 39.3561 -0.1943  1.5006  0.0380  0.3578  0.0246  0.3638  0.0513 -0.0003  0.1726 0 
 47.7028 -0.2565 -0.4783  0.0713  0.1571  0.0320  0.3889  0.0724  0.0879  0.4050 0 
 47.2358  0.2422  2.6687  0.1181  0.6832  0.0114  0.2599  0.0696 -0.0003  0.4576 0 
 52.4239  0.7253 -2.8544  0.0139  0.4437  0.0750  0.5905  0.1004  0.3249  0.6373 0 
 27.4022 -0.7462  0.4072  0.0023  0.4113  0.0410  0.0504  0.0357 -0.0003  0.2689 0 
 45.8076 -0.5736  1.1828  0.2451  0.6357  0.0781  0.4803  0.3890 -0.0003  0.9940 1 
 45.6275  0.6001 -1.9282  0.1474  0.1870  0.0975  0.5682  0.0611 -0.0003  0.5935 1 
 48.6000 -0.1258 -2.8048  0.0498  0.3401  0.0481  0.3010  0.0206 -0.0003  0.2859 0 
 46.6835  0.1440  0.3429  0.0746  0.2283  0.2067  0.6083  0.0272 -0.0003  0.4120 0 
 48.0720  0.1147 -2.4429  0.0055  0.4022  0.0886  0.5175  0.0484 -0.0003  0.1868 0 
 41.1688 -0.1572  0.7220  0.0577  0.2221  0.0338  0.3144  0.0186 -0.0003  0.1798 0 
 43.7934  0.7496  0.4745  0.0363  0.0701  0.0213  0.3535  0.1882 -0.0003  0.1300 0 
 42.7314 -0.7532 -2.7218  0.0379  0.4517  0.0197  0.2224  0.1509 -0.0003  0.2212 0 
 40.8942  0.0233 -1.1472  0.4770  0.4443  0.0602  0.2700  0.6607 -0.0003  0.9982 1 
 36.4446 -0.0830  1.9888  0.4705  0.3284  0.0745  0.4645  0.5778 -0.0003  0.9980 1 
 40.5707 -0.5881 -1.7796  0.5438  0.3881  0.0211  0.5863  0.4129 -0.0003  0.9936 1 
 40.5432  0.5883  1.3791  0.1339  0.5786  0.0507  0.7217  0.0867 -0.0003  0.7997 1 
 61.4786 -0.7184  0.9488  0.0314  0.5084  0.0274  0.1216  0.0071 -0.0003  0.2329 0 
 46.0578  0.7016 -2.2320  0.0053  0.1434  0.1063  0.2616  0.0071 -0.0003  0.0863 0 
 42.6307 -0.6405 -2.8597  0.0017  0.2327  0.0626  0.4895  0.0805 -0.0003  0.1417 0 
 41.2482  0.6393  0.3226  0.0201  0.7114  0.0756  0.3592  0.0103 -0.0003  0.2431 0 
 49.0425  0.4444 -1.9439  0.0213  0.1542  0.0482  0.4290  0.0262 -0.0003  0.1147 0 
 46.1830 -0.4622  1.2347  0.0258  0.7645  0.1142  0.3486  0.0290 -0.0003  0.3067 0 
 51.8379 -0.5429  2.7990  0.0192  0.2777  0.0461  0.4653  0.0250 -0.0003  0.1749 0 
 46.3874  0.5604 -0.3370  0.0147  0.3436  0.0624  0.4352  0.0181 -0.0003  0.1843 0 
 40.4181  0.7206  1.9829  0.0338  0.3249  0.1238  0.6772  0.0091 -0.0003  0.3093 1 
 39.3103 -0.7936 -1.2058  0.0118  0.3041  0.0886  0.1365  0.0098  0.5661  0.9533 1 
 48.8136  0.3903 -2.8665  0.0321  0.4552  0.0286  0.2147  0.1337 -0.0003  0.2416 0 
 43.2532 -0.3992  0.2721  0.0316  0.3777  0.0292  0.2660  0.0499 -0.0003  0.1532 0 
 41.1017 -0.6615 -0.5368  0.1033  0.2611  0.1307  0.5393  0.0948 -0.0003  0.5660 0 
 40.7202  0.6874  2.5980  0.0437  0.4214  0.0273  0.1802  0.0063 -0.0003  0.2242 0 
 48.4779  0.1479  0.8888  0.0315  0.3750  0.0178  0.0861  0.0101 -0.0003  0.1747 0 
 48.3009 -0.1334 -2.2727  0.0113  0.2068  0.0445  0.5168  0.1944 -0.0003  0.2506 0 
 43.7263 -0.6699  2.3266  0.0313  0.7669  0.0374  0.2210  0.0294  0.1725  0.6212 0 
 38.8556  0.6347 -0.8511  0.0454  0.3910  0.0130  0.2282  0.0147 -0.0003  0.1265 0 
 48.3345 -0.0222 -1.4005  0.0067  0.1216  0.0325  0.3014  0.0524 -0.0003  0.0505 0 
 43.4516  0.0267  1.7660  0.0014  0.7192  0.0470  0.2656  0.0610 -0.0003  0.2292 0 
 43.2197 -0.1836  0.2178  0.0337  0.5696  0.0201  0.3991  0.0270 -0.0003  0.2095 0 
 36.8078  0.1893 -2.9562  0.1229  0.2107  0.0136  0.3242  0.0729  0.0693  0.5197 0 
 55.9701  0.2801  0.2357  0.0761  0.6217  0.0983  0.6224  0.0755 -0.0003  0.4890 0 
 52.2988 -0.3372 -2.9173  0.0249  0.4925  0.1722  0.3799  0.1103 -0.0003  0.3407 0 
 46.7170  0.7301  2.0137  0.1268  0.5286  0.0619  0.3041  0.3592 -0.0003  0.9475 1 
 35.1385 -0.7229 -1.1048  0.2345  0.5075  0.0549  0.5631  0.3160 -0.0003  0.9853 1 
 52.8115 -0.7974 -2.5857  0.0219  0.6549  0.0186  0.2526  0.0189 -0.0003  0.1454 0 
 43.0335  0.7831  0.5246  0.0323  0.3892  0.0262  0.4883  0.1088 -0.0003  0.3084 0 
 49.9550 -0.7250 -0.7369  0.0388  0.3557  0.0275  0.2135  0.0428 -0.0003  0.1573 0 
 47.0222  0.7216  2.3961  0.0664  0.1350  0.0344  0.2602  0.0776 -0.0003  0.1436 0 
 48.1788  0.6233 -0.8749  0.2828  0.4872  0.0463  0.2586  0.2071 -0.0003  0.9391 1 
 42.3102 -0.6179  2.3609  0.1179  0.3525  0.0920  0.4905  0.1219  0.1269  0.8475 1 
 47.2023  0.2472 -1.1576  0.1417  0.5262  0.0406  0.5199  0.1063 -0.0003  0.7928 1 
 43.2227 -0.2614  1.9816  0.3601  0.4573  0.0306  0.4878  0.5300 -0.0003  0.9967 1 
 37.9736 -0.6411 -3.0411  0.4898  0.4628  0.0844  0.3214  0.4670  0.3608  0.9996 1 
 32.8618  0.6010  0.1156  0.1359  0.7973  0.0105  0.2869  0.2750  0.0216  0.7947 1 
 49.4240  0.2903 -2.2906  0.0722  0.6441  0.0445  0.5138  0.1037  0.0486  0.6792 1 
 43.0396 -0.2730  0.8776  0.2509  0.4260  0.0501  0.6215  0.2003  0.3433  0.9985 1 
 44.8341  0.1665  1.0048  0.0157  0.6420  0.0203  0.3513  0.0327 -0.0003  0.1381 0 
 39.3500 -0.1742 -2.1580  0.0046  0.2155  0.0555  0.3183  0.0053 -0.0003  0.1100 0 
 48.9143  0.2226 -2.1250  0.0009  0.2240  0.1011  0.4722  0.0142 -0.0003  0.1231 0 
 47.6997 -0.2156  1.0304  0.0135  0.3161  0.0890  0.2592  0.0089 -0.0003  0.2011 0 
 50.7301 -0.3474  1.5895  0.0287  0.5414  0.0393  0.2552  0.0369 -0.0003  0.2516 0 
 48.1483  0.3648 -1.5661  0.0004  0.4149  0.0237  0.3448  0.0334 -0.0003  0.0827 0 
 47.8401  0.7473  0.2389  0.2656  0.2313  0.0357  0.3022  0.3851 -0.0003  0.9690 1 
 43.1586 -0.7441 -2.8760  0.3503  0.8379  0.0334  0.3992  0.4752 -0.0003  0.9955 1 
 44.0131 -0.4699  3.0877  0.1530  0.6352  0.0720  0.4854  0.4204 -0.0003  0.9866 1 
 39.7406  0.4564 -0.0766  0.2947  0.1125  0.0509  0.4989  0.1883  0.4561  0.9991 1 
 47.9622  0.7298 -0.8558  0.0002  0.6060  0.0287  0.3020  0.0513 -0.0003  0.1213 0 
 34.3633 -0.7249  2.2719  0.0067  0.4511  0.0976  0.2833  0.0333 -0.0003  0.2058 0 
 56.8643 -0.7295 -0.1689  0.0191  0.3212  0.0306  0.1653  0.0031 -0.0003  0.1694 0 
 41.7456  0.7311  2.9186  0.0465  0.1848  0.0741  0.3580  0.0539 -0.0003  0.2119 0 
 48.4321  0.5885  0.3903  0.1346  0.5960  0.0314  0.3443  0.1815 -0.0003  0.8166 1 
 46.7536 -0.5861 -2.7630  0.8267  0.4490  0.0566  0.5647  0.5845 -0.0003  0.9971 1 
 46.0639 -0.0271 -2.4436  0.0089  0.3959  0.0198  0.3488  0.1354 -0.0003  0.1347 0 
 38.4527  0.0362  0.7358  0.0154  0.7156  0.0431  0.5491  0.0161 -0.0003  0.2352 0 
 50.8888  0.6982 -0.4878  0.0082  0.2683  0.2943  0.5100  0.0065 -0.0003  0.2116 0 
 42.9267 -0.6921  2.6697  0.0227  0.5643  0.1483  0.4886  0.0257 -0.0003  0.2595 0 
 43.5065 -0.2741  1.6913  0.2067  0.4077  0.0240  0.2656  0.2809 -0.0003  0.8681 1 
 35.3704  0.2850 -1.4340  0.1089  0.4514  0.0542  0.2341  0.0862  0.4496  0.9937 1 
 49.2287 -0.2941 -2.4882  0.0292  0.1095  0.0480  0.1714  0.0969 -0.0003  0.1115 0 
 45.4139  0.2738  0.6493  0.0242  0.6358  0.0281  0.2188  0.0261 -0.0003  0.1898 0 
 47.9225  0.5927 -1.5800  0.1166  0.4217  0.1049  0.4316  0.1385 -0.0003  0.7369 0 
 42.3713 -0.6019  1.5988  0.0464  0.1508  0.0213  0.2229  0.0396 -0.0003  0.0683 0 
 46.7597 -0.3821  2.9643  0.0043  0.1187  0.0236  0.3474  0.1044 -0.0003  0.0559 0 
 42.9114  0.3821 -0.1851  0.0093  0.4314  0.0359  0.4887  0.1149 -0.0003  0.2328 0 
 47.7333  0.1540 -1.7604  0.0204  0.5328  0.0847  0.6912  0.1307 -0.0003  0.3698 0 
 41.2543 -0.1346  1.3767  0.0201  0.5174  0.0038  0.0898  0.0312 -0.0003  0.1191 0 
 46.8818 -0.0935 -0.1249  0.0258  0.6843  0.1045  0.5642  0.0189  0.3644  0.6345 1 
 35.0744  0.0991  3.0577  0.3052  0.3733  0.0222  0.3756  0.5096 -0.0003  0.9941 1 
 51.0384 -0.5980 -2.0406  0.0106  0.2920  0.1858  0.4247  0.1392 -0.0003  0.2999 0 
 48.9357  0.5805  1.0716  0.0015  0.3677  0.0980  0.3434  0.1234 -0.0003  0.2318 0 
 47.1260  0.5127  2.0053  0.3637  0.4695  0.0448  0.3468  0.3101  0.1724  0.9912 1 
 29.5506 -0.4780 -1.1560  0.4623  0.3435  0.0440  0.2959  0.2966  0.2079  0.9952 1 
 45.6519  0.2532  0.9561  0.0363  0.4990  0.0730  0.2185  0.1528 -0.0003  0.6082 0 
 40.3510 -0.2555 -2.1865  0.0253  0.2019  0.0428  0.3161  0.0363 -0.0003  0.1110 0 
 54.3832 -0.4469  1.8554  0.0237  0.0735  0.0632  0.2508  0.0875 -0.0003  0.0938 0 
 45.9113  0.4681 -1.3161  0.0531  0.2311  0.0727  0.4364  0.0235 -0.0003  0.2694 0 
 44.6265  0.2005  1.9617  0.0324  0.5429  0.0231  0.3518  0.1215 -0.0003  0.2535 0 
 37.5738 -0.2230 -1.2144  0.1444  0.3930  0.0209  0.2763  0.0877  0.2169  0.8949 0 
 46.6285 -0.5757 -0.0281  0.0089  0.3331  0.0203  0.2173  0.0167 -0.0003  0.0863 0 
 46.5003  0.5739  3.1177  0.0452  0.5508  0.0566  0.4785  0.1050 -0.0003  0.4510 0 
 51.8532  0.0346  1.0874  0.0084  0.3718  0.0326  0.1692  0.0010 -0.0003  0.1822 0 
 45.2857 -0.0371 -2.0559  0.0049  0.6627  0.0121  0.1752  0.0104 -0.0003  0.1227 0 
 46.9764 -0.7312 -2.3070  0.2513  0.5096  0.0942  0.4772  0.3456 -0.0003  0.9934 1 
 44.6693  0.6960  0.8313  0.0195  0.2623  0.0545  0.5714  0.0987  0.0870  0.3635 1 
 45.3712 -0.5873 -2.5373  0.0186  0.3034  0.0387  0.2627  0.0601 -0.0003  0.1319 0 
 44.1047  0.5734  0.5928  0.0068  0.0994  0.0847  0.4410  0.0218 -0.0003  0.0755 0 
 47.0283 -0.6820 -1.7454  0.0067  0.0526  0.0464  0.2602  0.0825 -0.0003  0.0644 0 
 44.7761  0.6926  1.4065  0.0038  0.2478  0.0172  0.2636  0.0248 -0.0003  0.0487 0 
 46.4881  0.4968 -2.2245  0.0708  0.7177  0.0587  0.5220  0.1359 -0.0003  0.6896 1 
 45.0446 -0.5199  0.9357  0.1540  0.4015  0.1833  0.6579  0.2954  0.2918  0.9815 1 
 40.5066 -0.6056 -1.5214  0.0637  0.3422  0.0197  0.2707  0.0916  0.1697  0.6158 0 
 36.4202  0.5975  1.6353  0.0785  0.2172  0.0231  0.2323  0.0635  0.2391  0.7936 0 
 62.8244  0.2979 -2.0887  0.0717  0.1310  0.0905  0.4840  0.0296 -0.0003  0.2671 0 
 48.6549 -0.3052  1.0312  0.0420  0.1773  0.0629  0.3009  0.0030 -0.0003  0.1665 0 
 49.5552 -0.1770 -1.8711  0.0067  0.4083  0.0350  0.2139  0.0313 -0.0003  0.1401 0 
 44.1779  0.1680  1.2526  0.0015  0.1710  0.0168  0.3967  0.2181 -0.0003  0.1319 0 
 49.6010  0.7172  1.1122  0.0853  0.3442  0.0367  0.2994  0.0191 -0.0003  0.3724 0 
 41.3886 -0.7244 -2.0169  0.0240  0.1112  0.0405  0.3140  0.0222  0.2276  0.3380 0 
 46.6896  0.5181 -1.9219  0.0619  0.3267  0.0486  0.5214  0.0275 -0.0003  0.3825 0 
 40.8392 -0.5307  1.2182  0.0059  0.3625  0.0328  0.3601  0.0836 -0.0003  0.1174 0 
 48.1056 -0.0816 -1.8200  0.0570  0.5417  0.1526  0.3449  0.0178 -0.0003  0.3223 0 
 45.9724  0.0844  1.3004  0.0070  0.0586  0.0267  0.1309  0.0200 -0.0003  0.0554 0 
 47.5868  0.6386  1.8640  0.0018  0.3355  0.0461  0.4324  0.0495 -0.0003  0.1321 0 
 44.3488 -0.6331 -1.2724  0.0095  0.6432  0.1085  0.6165  0.0212 -0.0003  0.2435 0 
 45.7343  0.6708  1.9525  0.0473  0.5250  0.0496  0.6116  0.1119 -0.0003  0.4811 0 
 45.7313 -0.6589 -1.1749  0.0308  0.2042  0.0253  0.3058  0.1337 -0.0003  0.1469 0 
 51.2123 -0.0085 -0.7414  0.0633  0.2891  0.1435  0.2970  0.0373 -0.0003  0.3404 0 
 47.9835  0.0099  2.4388  0.0339  0.3175  0.0494  0.3452  0.0562 -0.0003  0.2315 0 
 47.9194 -0.5423 -1.9852  0.0255  0.5082  0.0157  0.2158  0.0330 -0.0003  0.1220 0 
 44.9531  0.5385  1.1505  0.0113  0.1687  0.0247  0.4827  0.0187 -0.0003  0.0884 0 
 48.2002 -0.3753 -2.4497  0.0057  0.1515  0.0037  0.1293  0.0329 -0.0003  0.0404 0 
 46.9459  0.3809  0.6854  0.0156  0.2801  0.0508  0.4773  0.0092 -0.0003  0.1727 0 
 50.4555 -0.4659 -1.4050  0.0836  0.2384  0.0683  0.2981  0.0617  0.0316  0.4675 0 
 47.3274  0.4654  1.7781  0.0372  0.4421  0.0300  0.2598  0.0207 -0.0003  0.2031 0 
 58.8937 -0.4031 -0.8006  0.3133  0.5980  0.0478  0.4507  0.4239 -0.0003  0.9941 0 
 47.5380  0.3871  2.3110  0.0161  0.5628  0.0448  0.4325  0.0554 -0.0003  0.2283 0 
 50.8400  0.5264  2.0610  0.0168  0.3987  0.3267  0.5101  0.0101 -0.0003  0.2382 0 
 49.4942 -0.5269 -1.0571  0.1652  0.1070  0.0431  0.3852  0.1354  0.0946  0.7530 0 
 52.2438 -0.1564  1.2870  0.0034  0.5385  0.0689  0.2955  0.0829 -0.0003  0.2581 0 
 47.1321  0.1588 -1.9385  0.0520  0.3573  0.1853  0.3901  0.0175 -0.0003  0.3000 0 
 43.9429  0.5312 -1.0709  0.0210  0.0756  0.0778  0.3090  0.0234 -0.0003  0.0757 0 
 42.5849 -0.5804  2.0632  0.0213  0.4187  0.0280  0.1335  0.0544 -0.0003  0.1630 0 
 44.5441  0.0297  1.0545  0.0638  0.3714  0.0416  0.4839  0.0417 -0.0003  0.4071 0 
 37.7569 -0.0557 -2.0811  0.0034  0.5078  0.0584  0.3679  0.0445 -0.0003  0.1786 0 
 45.0874 -0.4586 -0.3983  0.0122  0.3351  0.0309  0.4824  0.0336  0.1235  0.3117 0 
 43.6286  0.4094  2.7397  0.0122  0.1151  0.0110  0.3096  0.1496 -0.0003  0.0637 0 
 39.5270  0.5825  1.9065  0.0120  0.0873  0.0214  0.4996  0.0610  0.1489  0.2033 1 
 33.0846 -0.5819 -1.2527  0.0028  0.7290  0.0148  0.3818  0.0257 -0.0003  0.1074 1 
 51.0414 -0.0384  0.5279  0.0052  0.2101  0.0118  0.2123  0.0440  0.0545  0.0711 0 
 46.6682  0.0593 -2.5935  0.0254  0.1917  0.0371  0.3042  0.1696 -0.0003  0.2149 0 
 51.7617  0.2824 -0.6562  0.1955  0.5123  0.0461  0.2962  0.1738 -0.0003  0.8930 0 
 44.8371 -0.3352  2.4487  0.1524  0.2916  0.2053  0.3952  0.0748 -0.0003  0.5955 0 
 44.3763 -0.3555 -0.3727  0.0204  0.3587  0.0866  0.6164  0.1395 -0.0003  0.3530 0 
 42.1485  0.3551  2.8253  0.0366  0.2386  0.0742  0.2232  0.0095 -0.0003  0.2347 0 
 46.6285 -0.1138 -2.6264  0.0285  0.3801  0.0305  0.3912  0.0618 -0.0003  0.1919 0 
 45.5970  0.1384  0.5209  0.0117  0.1675  0.0640  0.4809  0.0706 -0.0003  0.1367 0 
 46.9368  0.4608 -0.9292  0.0827  0.1649  0.1684  0.2603  0.0235 -0.0003  0.2919 0 
 46.3203 -0.4700  2.1984  0.0071  0.4743  0.0430  0.3483  0.0146  0.2896  0.6665 0 
 42.7527  0.7638  1.1153  0.0311  0.3480  0.0770  0.4002  0.2017 -0.0003  0.4781 0 
 39.1394 -0.7809 -2.0193  0.1402  0.5309  0.0160  0.2732  0.3260 -0.0003  0.7742 0 
 49.2470 -0.7853  0.9741  0.0077  0.5685  0.0540  0.4286  0.0079  0.1847  0.4054 0 
 45.9358  0.7901 -2.1576  0.0042  0.4503  0.0151  0.2182  0.0550  0.1026  0.1685 0 
 50.2510  0.6020  0.4091  0.0156  0.1651  0.0622  0.2984  0.0158 -0.0003  0.1048 0 
 44.5686 -0.5835 -2.7530  0.0018  0.0677  0.0103  0.1759  0.0104  0.0921  0.0948 0 
 52.1523  0.0405 -0.0839  0.0010  0.4682  0.0712  0.5913  0.0170 -0.0003  0.1742 0 
 47.4464  0.0491  3.0179  0.1154  0.1604  0.0381  0.3894  0.2070  0.0971  0.7599 0 
 51.1055  0.7446 -2.4746  0.0075  0.6284  0.0432  0.4245  0.0716 -0.0003  0.2091 0 
 47.7516 -0.7283  0.6238  0.0337  0.1772  0.0559  0.3888  0.0599 -0.0003  0.1641 0 
 46.4607 -0.0395  2.5616  0.0013  0.3677  0.0506  0.4786  0.0471 -0.0003  0.1506 0 
 45.8869  0.0651 -0.6063  0.0487  0.2086  0.0789  0.4365  0.1071 -0.0003  0.3354 0 
 42.6459  0.7588  0.2803  0.0061  0.7758  0.0125  0.3560  0.1511 -0.0003  0.1835 0 
 37.8637 -0.7595 -2.8941  0.0034  0.3817  0.0998  0.3676  0.0635 -0.0003  0.1793 0 
 44.0681  0.7895 -2.9195  0.2697  0.4138  0.0272  0.5294  0.3953 -0.0003  0.9868 1 
 34.8852 -0.7940  0.2391  0.1874  0.2423  0.0335  0.4702  0.1766 -0.0003  0.8306 1 
 55.4818 -0.4959 -0.5553  0.0420  0.3276  0.1074  0.3742  0.0152 -0.0003  0.2531 0 
 37.5891  0.4759  2.5193  0.1059  0.2229  0.1385  0.4605  0.0670 -0.0003  0.4590 0 
 46.0548  0.1327 -0.1581  0.0275  0.8200  0.0346  0.3924  0.0535 -0.0003  0.2880 0 
 44.5869 -0.1460  2.9718  0.0815  0.2410  0.0423  0.3958  0.0872 -0.0003  0.3993 0 
 44.5624  0.0670  1.7549  0.0343  0.4623  0.1065  0.6158  0.1545 -0.0003  0.4481 0 
 44.1047 -0.0701 -1.3973  0.0820  0.5307  0.0285  0.3969  0.1370 -0.0003  0.6198 0 
 50.6905  0.0309  0.8300  0.0269  0.1052  0.1185  0.1702  0.0811 -0.0003  0.1328 0 
 39.1180  0.0117 -2.2950  0.0086  0.3575  0.0114  0.1822  0.0214 -0.0003  0.0829 0 
 48.6732 -0.0341  1.7137  0.0000  0.4075  0.0667  0.1719  0.0104 -0.0003  0.2745 0 
 45.8503  0.0484 -1.4470  0.0036  0.2762  0.0717  0.4802  0.0428 -0.0003  0.1462 0 
 45.6031 -0.7005 -1.0408  0.0561  0.5262  0.0456  0.3497  0.1638 -0.0003  0.6305 1 
 41.5442  0.6941  2.1171  0.2644  0.4034  0.0194  0.6721  0.5462 -0.0003  0.9956 1 
 44.3030  0.4988 -0.4435  0.7525  0.9141  0.0539  0.5286  0.5805  0.3049  0.9983 1 
 43.0762 -0.4487  2.6789  0.1830  0.1950  0.0779  0.2219  0.0408  0.0058  0.6011 1 
 43.3234 -0.5000  2.7355  0.0446  0.0775  0.0186  0.3545  0.0141 -0.0003  0.0616 0 
 35.2453  0.4959 -0.4487  0.0331  0.1228  0.0070  0.1875  0.1005 -0.0003  0.0563 0 
 47.4861 -0.0985 -2.2776  0.0281  0.1623  0.0467  0.2596  0.1393 -0.0003  0.1844 0 
 46.9215  0.1320  0.8775  0.0548  0.2048  0.1366  0.4339  0.0153 -0.0003  0.2505 0 
 41.4923  0.6604  2.2945  0.2285  0.1960  0.0685  0.4482  0.3494  0.3998  0.9975 1 
 29.8100 -0.6178 -0.8343  0.0377  0.5921  0.1055  0.4428  0.0306 -0.0003  0.2881 1 
 50.2510  0.0189  1.2672  0.0045  0.4818  0.1428  0.4690  0.0263 -0.0003  0.2105 0 
 39.5544  0.0328 -1.8118  0.1484  0.4026  0.1371  0.4541  0.0516 -0.0003  0.5746 0 
 49.3355 -0.6226 -2.3035  0.3934  0.5783  0.0623  0.3427  0.6048 -0.0003  0.9979 1 
 40.4913  0.5988  0.8333  0.0450  0.5363  0.0944  0.5866  0.0390  0.1658  0.5755 1 
 52.0638 -0.4736  2.4566  0.0017  0.5581  0.0457  0.4225  0.0754 -0.0003  0.1796 0 
 41.9898  0.4888 -0.6746  0.0093  0.2265  0.0194  0.2234  0.0685 -0.0003  0.0578 0 
 45.2461 -0.2231 -1.0218  0.0048  0.4752  0.0095  0.3067  0.0538 -0.0003  0.0739 0 
 42.3163  0.1739  2.0991  0.0273  0.1027  0.0840  0.2675  0.0573 -0.0003  0.0981 0 
 44.2481 -0.2998  0.5619  0.4692  0.3115  0.0444  0.3966  0.7818 -0.0003  0.9984 1 
 39.6429  0.3492 -2.6488  0.0551  0.6599  0.1363  0.5900  0.0474  0.6963  0.9726 1 
 48.2063  0.5013 -2.5476  0.0388  0.4685  0.1154  0.4309  0.0360 -0.0003  0.2803 0 
 45.9754 -0.5048  0.6592  0.0656  0.4074  0.0303  0.2181  0.0527 -0.0003  0.2681 0 
 44.6143  0.0622  0.0531  0.0475  0.3895  0.0205  0.1759  0.0225 -0.0003  0.1614 0 
 39.1547 -0.0581 -3.0737  0.1466  0.1999  0.0234  0.2732  0.0284 -0.0003  0.3354 0 
 49.8787 -0.3682 -1.7996  0.3466  0.5061  0.0826  0.2563  0.5028  0.1071  0.9971 1 
 38.6694  0.3831  1.3233  0.0701  0.3002  0.1296  0.2742  0.0677  0.2647  0.6633 1 
 43.5859  0.2406 -1.5624  0.0068  0.2060  0.0742  0.3539  0.1083 -0.0003  0.1487 0 
 41.0163 -0.2578  1.6338  0.0768  0.4917  0.0255  0.2698  0.0533 -0.0003  0.3239 0 
 47.9591 -0.2485  2.6865  0.0054  0.3990  0.1059  0.4746  0.0512 -0.0003  0.1885 0 
 42.0447  0.2416 -0.4954  0.0472  0.3251  0.2007  0.2680  0.0461 -0.0003  0.3337 0 
 46.8208  0.5332  0.6322  0.0417  0.4870  0.0354  0.4342  0.0438 -0.0003  0.3224 0 
 44.1657 -0.5354 -2.4950  0.0080  0.0321  0.0496  0.1763  0.0107 -0.0003  0.0736 0 
 51.5511 -0.1939  1.4752  0.0035  0.1932  0.0433  0.3389  0.0158 -0.0003  0.0801 0 
 44.5960  0.1946 -1.6775  0.0410  0.2615  0.0340  0.3958  0.0318 -0.0003  0.1868 0 
 82.0142 -0.5141  2.7922  0.0058  0.3167  0.0865  0.2274 -0.0200 -0.0003  0.2101 0 
 44.7730  0.4790 -0.3367  0.1489  0.5993  0.2258  0.8347  0.1115 -0.0003  0.8345 0 
 47.9072 -0.0473  0.8243  0.3644  0.5921  0.0404  0.3453  0.4260 -0.0003  0.9950 1 
 43.0732  0.0408 -2.3214  0.1017  0.2117  0.0446  0.3550  0.2040 -0.0003  0.6255 1 
 40.9155  0.3322 -3.1218  0.0000  0.3575  0.0123  0.0900  0.0005 -0.0003  0.1416 0 
 33.3410 -0.3345  0.0473  0.0194  0.2867  0.0503  0.1905  0.0029 -0.0003  0.2093 0 
 47.8035  0.6245 -1.8595  0.0307  0.3471  0.0297  0.1295  0.0193 -0.0003  0.1944 0 
 45.9876 -0.6352  1.2282  0.0003  0.3591  0.0046  0.1745  0.0858 -0.0003  0.0820 0 
 51.8013  0.3393 -2.1514  0.0051  0.3415  0.0127  0.2115  0.1317 -0.0003  0.1100 0 
 47.2602 -0.2940  0.9894  0.0335  0.0603  0.1234  0.2599  0.0582 -0.0003  0.0692 0 
 52.8847  0.0341 -1.7204  0.5956  0.5762  0.0951  0.4629  0.6011 -0.0003  0.9981 1 
 38.4741 -0.0548  1.3364  0.5951  0.3898  0.0904  0.4118  0.3466 -0.0003  0.9951 1 
 51.6243 -0.5671 -1.5697  0.0465  0.3082  0.0640  0.2964  0.0071 -0.0003  0.2812 0 
 43.6561  0.5948  1.5857  0.0341  0.2958  0.0519  0.5307  0.0687 -0.0003  0.3002 0 
 49.4087  0.7289  2.8602  0.0122  0.3844  0.1174  0.4282  0.0828  0.1685  0.4419 0 
 48.8411 -0.7303 -0.2480  0.0442  0.3351  0.1233  0.2147  0.1037 -0.0003  0.4726 0 
 52.7840 -0.6405  1.5622  0.1113  0.6016  0.1072  0.3368  0.1124 -0.0003  0.7431 0 
 31.9188  0.6629 -1.6068  0.0536  0.3705  0.0037  0.1447  0.0206  0.0766  0.1636 0 
 47.1290 -0.6454  1.9011  0.0082  0.3482  0.1012  0.4335  0.0418 -0.0003  0.1751 0 
 40.1587  0.6400 -1.2413  0.0148  0.7460  0.0295  0.2261  0.0148 -0.0003  0.2003 0 
 49.7383 -0.0152  2.1254  0.0486  0.1681  0.0380  0.4275  0.0574 -0.0003  0.1857 0 
 43.5218  0.0192 -1.0273  0.0049  0.2150  0.0325  0.3541  0.0081 -0.0003  0.0766 0 
 46.8849 -0.5448  1.4712  0.0499  0.0599  0.0333  0.3038  0.0355 -0.0003  0.0686 0 
 44.4709  0.5610 -1.6626  0.0464  0.2852  0.0294  0.3521  0.1122 -0.0003  0.2507 0 
 48.4016 -0.1730 -1.8530  0.0416  0.0771  0.0400  0.3444  0.0455 -0.0003  0.0827 0 
 45.7893  0.1535  1.2910  0.0929  0.4835  0.0187  0.2620  0.0370 -0.0003  0.3046 0 
 43.4546 -0.3336  3.1349  0.1079  0.5602  0.0438  0.2656  0.0793 -0.0003  0.6783 0 
 41.9440  0.3400 -0.0113  0.0341  0.2502  0.0567  0.3129  0.1657 -0.0003  0.3626 0 
 44.4678 -0.6047 -1.1405  0.4425  0.3989  0.0454  0.3521  0.3621 -0.0003  0.9940 1 
 40.5219  0.6123  1.9968  0.2573  0.2383  0.0479  0.2707  0.3736 -0.0003  0.9691 1 
 44.3946 -0.6590 -0.7709  0.0434  0.4025  0.0153  0.1761  0.1044 -0.0003  0.1617 0 
 41.2299  0.6588  2.3958  0.0441  0.0098  0.0230  0.1347  0.0054 -0.0003  0.0609 0 
 42.1241  0.6768 -2.4732  0.0194  0.3242  0.1396  0.2679  0.0358  0.6931  0.7365 1 
 34.9615 -0.6718  0.6396  0.1245  0.6933  0.0233  0.5168  0.2631 -0.0003  0.8917 1 
 45.1453  0.5904  2.7719  0.0410  0.4767  0.0916  0.4822  0.0096 -0.0003  0.2737 0 
 44.7547 -0.5790 -0.3944  0.0336  0.5123  0.0006  0.0878 -0.0200 -0.0003  0.1506 0 
 44.7272  0.5942  1.7060  0.0937  0.3274  0.0132  0.3076  0.0538 -0.0003  0.2245 0 
 31.6655 -0.5872 -1.4009  0.0101  0.1917  0.0218  0.2900  0.0132 -0.0003  0.0531 0 
 43.2807  0.7282 -2.0647  0.0731  0.5604  0.0716  0.4876  0.0584 -0.0003  0.4633 0 
 31.9554 -0.7472  1.1150  0.0906  0.0679  0.0154  0.2410  0.0179 -0.0003  0.0598 0 
 48.4993 -0.4986  1.0781  0.8864  0.2290  0.0894  0.3872  0.9686 -0.0003  0.9937 1 
 43.0396  0.4665 -2.0637  0.2661  0.7067  0.0342  0.3995  0.3987 -0.0003  0.9883 1 
 51.7006 -0.3134  2.4800  0.0248  0.3837  0.0785  0.1693  0.0417 -0.0003  0.3539 0 
 36.7346  0.3646 -0.6823  0.0065  0.2341  0.0754  0.3244  0.0391 -0.0003  0.1277 0 
 55.6924  0.7726  2.6774  0.0199  0.2990  0.0266  0.3323  0.2037 -0.0003  0.2748 0 
 38.8098 -0.7531 -0.5005  0.0616  0.0340  0.0876  0.1369  0.0380 -0.0003  0.1068 0 
 61.1276 -0.4907  1.3747  0.1722  0.5601  0.1389  0.3248  0.2077 -0.0003  0.9607 0 
 46.2623  0.5490 -1.8487  0.1657  0.1061  0.0696  0.3484  0.0778 -0.0003  0.4482 0 
 46.6804  0.0695  1.7335  0.3206  0.6427  0.0735  0.5214  0.2651 -0.0003  0.9856 1 
 45.1942 -0.0730 -1.4093  0.2406  0.7518  0.0209  0.3944  0.2484 -0.0003  0.9368 1 
 43.1800  0.4708  2.0481  0.0163  0.0381  0.0850  0.2217  0.0193 -0.0003  0.0779 0 
 32.1294 -0.4695 -1.1535  0.0267  0.2773  0.0173  0.1925  0.0590 -0.0003  0.0923 0 
 44.1321 -0.6557 -2.6337  0.0046  0.2836  0.0396  0.1323  0.0172 -0.0003  0.1592 0 
 37.5341  0.6774  0.4980  0.0088  0.5979  0.0384  0.2764  0.0103 -0.0003  0.2122 0 
 51.4656  0.1952  0.6101  0.2405  0.2013  0.0561  0.2119  0.2471 -0.0003  0.9044 1 
 43.6042 -0.1864 -2.5384  0.1356  0.7871  0.0403  0.2212  0.1197 -0.0003  0.8081 1 
 56.6720  0.4269 -2.7706  0.1023  0.7752  0.0294  0.4136  0.2725  0.0823  0.9003 0 
 48.0385 -0.4228  0.3601  0.0141  0.5273  0.0396  0.4313  0.0447 -0.0003  0.2007 0 
 49.6376  0.6166  0.8382  0.4313  0.5134  0.1121  0.4705  0.3850 -0.0003  0.9973 1 
 45.2674 -0.6311 -2.3229  0.3408  0.6414  0.0829  0.4818  0.4710 -0.0003  0.9973 1 
 47.7821  0.2335 -1.7698  0.0258  0.2286  0.0285  0.3023  0.0173 -0.0003  0.0927 0 
 42.5727 -0.2429  1.3777  0.0229  0.1207  0.0475  0.3117  0.0374 -0.0003  0.0801 0 
 48.3986  0.4527 -2.5480  0.0013  0.2113  0.0744  0.3874  0.2048 -0.0003  0.2333 0 
 43.9643 -0.4325  0.6299  0.0096  0.3449  0.1151  0.5738  0.0196 -0.0003  0.2017 0 
 53.4005  0.5145  0.0114  0.2206  0.4757  0.0437  0.3359  0.3341 -0.0003  0.9713 1 
 45.2705 -0.5110  3.1257  0.6208  0.2612  0.0263  0.1752  0.5069 -0.0003  0.9955 1 
 48.9448  0.4134  1.1517  0.0128  0.4878  0.0949  0.4721  0.1861 -0.0003  0.3733 0 
 45.1576 -0.3690 -1.9806  0.0094  0.4073  0.0361  0.4383  0.0766 -0.0003  0.1708 0 
 43.6225  0.3944 -0.8412  0.0235  0.2083  0.0561  0.3539  0.0156 -0.0003  0.1411 0 
 41.1872 -0.3655  2.3136  0.0335  0.6416  0.0325  0.2695  0.0931 -0.0003  0.2776 0 
 44.9012 -0.7309 -1.4024  0.0268  0.2068  0.0081  0.0878  0.0020 -0.0003  0.0977 0 
 39.0997  0.7250  1.7269  0.0341  0.1008  0.0271  0.3189  0.0318 -0.0003  0.0617 0 
 46.1433 -0.7282  1.7175  0.0058  0.4712  0.0231  0.1743  0.0565 -0.0003  0.1210 0 
 44.4526  0.7312 -1.4241  0.0247  0.7249  0.0587  0.3961  0.0187  0.1314  0.4500 0 
 45.2735  0.5154 -2.0160  0.0027  0.1370  0.0578  0.4818  0.0095 -0.0003  0.0935 0 
 43.3814 -0.5015  1.1345  0.0210  0.1899  0.0214  0.2658  0.0052 -0.0003  0.0643 0 
 46.4576 -0.6131 -2.9934  0.0572  0.1320  0.0362  0.4351  0.0245 -0.0003  0.1619 0 
 41.5045  0.6238  0.1304  0.0053  0.1275  0.0297  0.4034  0.0502 -0.0003  0.0600 0 
 46.1250  0.1424  0.0954  0.0320  0.2353  0.0355  0.4359  0.1210 -0.0003  0.2370 0 
 41.4527 -0.1030 -3.0523  0.0144  0.2403  0.0423  0.3138  0.0110 -0.0003  0.1137 0 
 47.7394 -0.2965 -1.1131  0.2363  0.3473  0.0277  0.3024  0.2580 -0.0003  0.8919 1 
 26.4805  0.2786  2.0302  0.1447  0.4642  0.0545  0.4077  0.2393  0.2637  0.9670 1 
 45.8686  0.3613 -1.0299  0.0284  0.6196  0.2522  0.4365  0.0164 -0.0003  0.2639 1 
 43.3387 -0.3212  2.0756  0.2649  0.5022  0.0262  0.5317  0.4295 -0.0003  0.9895 1 
 46.9184 -0.0951 -1.1072  0.1924  0.2922  0.1131  0.3906  0.0812 -0.0003  0.6926 1 
 30.9758  0.0964  2.0105  0.1331  0.5933  0.0443  0.5837  0.1899  0.4018  0.9972 1 
 55.8755 -0.6899  2.9815  0.0488  0.6085  0.0797  0.2906  0.0200 -0.0003  0.3596 0 
 33.9666  0.6798 -0.1910  0.0109  0.5386  0.0225  0.3316  0.0378  0.0844  0.2509 0 
 46.3020  0.2007  0.1066  0.1730  0.1456  0.1377  0.2612  0.1472 -0.0003  0.7461 1 
 42.1271 -0.1689 -3.0614  0.0773  0.1271  0.0681  0.4018  0.0955 -0.0003  0.2972 1 
 48.9143  0.3108 -1.1518  0.1582  0.3345  0.1019  0.4293  0.0811 -0.0003  0.6515 0 
 48.8411 -0.3264  1.9910  0.1885  0.5690  0.0321  0.4295  0.1669 -0.0003  0.8713 0 
 44.7089  0.7735 -2.1546  0.0010  0.4103  0.0641  0.3955  0.0563 -0.0003  0.1600 0 
 44.0864 -0.7703  1.0064  0.0109  0.2114  0.0120  0.1764  0.0048 -0.0003  0.0575 0 
 50.0801 -0.2615  2.7913  0.0015  0.6171  0.0793  0.3414  0.1121 -0.0003  0.2924 0 
 47.3976  0.2590 -0.3632  0.0281  0.0929  0.0297  0.2164  0.0195 -0.0003  0.0559 0 
 57.8256 -0.4676  1.9143  0.0509  0.1007  0.0228  0.3704  0.1085 -0.0003  0.1193 0 
 37.4487  0.5019 -1.2249  0.0077  0.1337  0.0433  0.3227  0.1277 -0.0003  0.0963 0 
 50.4860 -0.0494  1.3462  0.1057  0.4006  0.0618  0.1703  0.0988 -0.0003  0.6952 0 
 46.1067  0.0561 -1.7683  0.0057  0.1515  0.0441  0.3487  0.0643  0.1770  0.2428 0 
 44.7700  0.4442 -1.7846  0.0255  0.2685  0.0359  0.5272  0.0500  0.1412  0.3835 0 
 44.6479 -0.4141  1.3088  0.0096  0.1737  0.0691  0.5275  0.0651 -0.0003  0.1458 0 
 59.0280 -0.2593 -1.7408  0.0124  0.0624  0.0241  0.3276  0.0079 -0.0003  0.0494 0 
 38.0987  0.2579  1.4166  0.0303  0.4193  0.0172  0.4129  0.0456 -0.0003  0.1573 0 
 45.8137 -0.6669  0.9927  0.0258  0.3456  0.0470  0.2183  0.0389 -0.0003  0.2130 0 
 39.9146  0.6631 -2.1442  0.0080  0.2676  0.0526  0.3171  0.0314  0.1791  0.3156 0 
 49.0028  0.0435 -0.4688  0.0614  0.1154  0.0124  0.3004  0.0307  0.0307  0.1031 0 
 47.4067 -0.0235  2.6652  0.0436  0.2750  0.1026  0.3895  0.1531 -0.0003  0.4378 0 
 50.7271 -0.3701 -2.3008  0.0212  0.4950  0.0595  0.5104  0.0262 -0.0003  0.2306 0 
 45.5329  0.3764  0.8581  0.0766  0.1681  0.0342  0.1750  0.0255 -0.0003  0.1751 0 
 45.7160  0.5512  0.6851  0.0604  0.7557  0.0221  0.3058  0.0816 -0.0003  0.3520 0 
 39.1455 -0.5592 -2.4914  0.0192  0.1470  0.0441  0.4098  0.0451 -0.0003  0.1009 0 
 44.9622 -0.5762 -1.8347  0.0538  0.3396  0.0384  0.5266  0.1878  0.0566  0.6275 0 
 39.3194  0.5953  1.3266  0.0705  0.3342  0.0540  0.4548  0.2648  0.1513  0.8695 0 
 52.1828  0.6687 -2.1492  0.0094  0.6644  0.0563  0.2111  0.0528 -0.0003  0.3259 0 
 47.4830 -0.6722  0.9997  0.0250  0.6724  0.0245  0.4326  0.0228 -0.0003  0.2239 0 
 51.9875  0.6546  0.9904  0.0662  0.2197  0.0866  0.2536  0.0208 -0.0003  0.2969 0 
 38.7823 -0.6576 -2.1874  0.0021  0.3055  0.0264  0.2283  0.0922 -0.0003  0.0891 0 
 46.8025 -0.2037 -0.3922  0.0500  0.1841  0.1366  0.2605  0.0184 -0.0003  0.1977 0 
 46.6438  0.2231  2.7426  0.0282  0.2725  0.0308  0.2173  0.0620 -0.0003  0.1232 0 
 51.5999  0.5961  2.0627  0.1023  0.5841  0.0829  0.2117  0.1570  0.3762  0.9579 1 
 41.6510 -0.6082 -1.0380  0.2002  0.1828  0.0246  0.3583  0.2530 -0.0003  0.8210 1 
 48.5542 -0.7577 -1.2573  0.0878  0.1087  0.0745  0.5161  0.1256 -0.0003  0.4357 0 
 45.6916  0.7513  1.8727  0.0718  0.1632  0.0815  0.2622  0.2099 -0.0003  0.5351 0 
 49.9245  0.7014 -0.9419  0.1063  0.1576  0.0720  0.2989  0.1599 -0.0003  0.5647 0 
 44.8066 -0.6616  2.2302  0.0210  0.5943  0.2817  0.6149  0.1297 -0.0003  0.3577 0 
 44.1871 -0.3152  3.0483  0.0556  0.2194  0.0158  0.1763  0.0273 -0.0003  0.1044 0 
 43.5554  0.3213 -0.1096  0.0414  0.1568  0.0336  0.2655  0.0703 -0.0003  0.1028 0 
 40.7477 -0.7367  1.2081  0.1971  0.1632  0.0533  0.4054  0.2005 -0.0003  0.8423 1 
 36.5637  0.7424 -1.9280  0.0858  0.6591  0.0588  0.4640  0.1575  0.0882  0.8326 1 
 48.2216 -0.7906 -0.4338  0.0078  0.1736  0.0986  0.4740  0.0556 -0.0003  0.1231 0 
 25.2506  0.8001  2.6707  0.0290  0.5270  0.0248  0.2069  0.0135 -0.0003  0.1812 0 
 44.8280  0.4370  3.0426  0.0168  0.0922  0.0205  0.3513  0.0356 -0.0003  0.0475 0 
 42.3346 -0.4441 -0.1168  0.0218  0.4445  0.0339  0.5350  0.0463  0.1794  0.4902 0 
 51.5541 -0.6220 -3.0733  0.2548  0.4829  0.0298  0.2542  0.1096 -0.0003  0.7377 1 
 43.3722  0.6257  0.0289  0.0682  0.2322  0.0791  0.1772  0.1351  0.4381  0.8829 1 
 49.6620 -0.3386  1.4210  0.0035  0.1104  0.0409  0.1711  0.0738 -0.0003  0.0643 0 
 45.1148  0.3568 -1.7228  0.0546  0.3983  0.0965  0.6138  0.0185 -0.0003  0.3611 0 
 46.2562  0.3081 -2.3405  0.0231  0.3472  0.0291  0.3485  0.0164 -0.0003  0.1418 1 
 40.3082 -0.3158  0.8305  0.1043  0.3686  0.0180  0.3614  0.1760 -0.0003  0.5596 1 
 45.1637 -0.1389 -2.9629  0.1959  0.3007  0.0743  0.3068  0.3140 -0.0003  0.9583 1 
 44.7883  0.1345  0.1894  0.6870  0.5433  0.0615  0.5710  0.6281 -0.0003  0.9977 1 
 45.5512 -0.7498  2.3393  0.0944  0.2834  0.0658  0.3498  0.2283 -0.0003  0.7475 1 
 16.4828  0.7622 -0.8012  0.2840  0.1259  0.0180  0.2980  0.2571 -0.0003  0.8436 1 
 49.6986  0.0693  0.0209  0.1012  0.2923  0.0647  0.2138  0.1000  0.1981  0.7728 0 
 42.7863 -0.0904 -3.1045  0.0069  0.1621  0.0677  0.2667  0.0084  0.2476  0.2838 0 
 45.2064  0.3247 -0.2381  0.5105  0.3992  0.0341  0.3506  0.6090  0.1280  0.9987 1 
 44.5228 -0.3192  2.8592  0.1513  0.5566  0.0739  0.3519  0.1542  0.5619  0.9985 1 
 47.1107 -0.4447  3.0957  0.0000  0.2222  0.0948  0.3902  0.1596 -0.0003  0.1836 1 
 42.2705  0.4794 -0.0557  0.1446  0.8539  0.0506  0.6690  0.2597  0.1038  0.9514 1 
 50.5806 -0.7898  2.2413  0.0181  0.6728  0.0464  0.3405  0.0178 -0.0003  0.2495 0 
 41.5869  0.8027 -0.8155  0.0154  0.3088  0.0688  0.3584  0.0274 -0.0003  0.1772 0 
 49.6468  0.7381  2.4748  0.0028  0.6119  0.0405  0.1711  0.0668 -0.0003  0.2053 0 
 47.5929 -0.7012 -0.6645  0.0042  0.1264  0.0844  0.3891  0.2181 -0.0003  0.1790 0 
 52.6284 -0.3490  1.2471  0.0214  0.2139  0.0940  0.4635  0.0670  0.1540  0.3242 0 
 47.9591  0.4196 -1.8584  0.0111  0.3620  0.0873  0.3452  0.0626 -0.0003  0.2000 0 
 48.9693 -0.7871 -0.0289  0.0069  0.3955  0.0792  0.2575  0.0147 -0.0003  0.2144 0 
 42.3743  0.7834  3.0634  0.0000  0.0539  0.3701  0.0000 -0.0200 -0.0003  0.0636 0 
 53.4524 -0.2823 -2.4900  0.0093  0.1270  0.0591  0.3358  0.0057 -0.0003  0.0846 0 
 48.5298  0.2379  0.7705  0.0183  0.3558  0.1171  0.4732  0.0269 -0.0003  0.2093 0 
 47.6295 -0.5576 -2.8776  0.3099  0.6857  0.0308  0.4323  0.4145 -0.0003  0.9916 1 
 45.9266  0.5739  0.3059  0.0258  0.4149  0.0382  0.3927  0.0230 -0.0003  0.2129 1 
 44.5899 -0.7240  1.5702  0.0160  0.0924  0.0323  0.4837  0.0180 -0.0003  0.0851 0 
 29.5354  0.7400 -1.5188  0.0353  0.3961  0.0377  0.2959  0.0381 -0.0003  0.2170 0 
 43.6561  0.6835 -3.0903  0.0363  0.3608  0.0434  0.3538  0.0333 -0.0003  0.2379 0 
 41.5564 -0.6882  0.0634  0.0832  0.1232  0.0138  0.2240  0.0379 -0.0003  0.0784 0 
 44.2237  0.4499  2.2358  0.4696  0.5845  0.0667  0.6170  0.8325 -0.0003  0.9986 1 
 39.8505 -0.4478 -0.9058  0.5329  0.3335  0.0522  0.4079  0.3759  0.3381  0.9994 1 
 39.5575  0.5720  0.6797  0.1771  0.2423  0.0480  0.3633  0.1849  0.1804  0.9230 1 
 29.7246 -0.5212 -2.5115  0.2674  0.2048  0.0251  0.2954  0.1745  0.2673  0.9923 1 
 44.0375 -0.1290  1.0191  0.0750  0.2987  0.1512  0.4853  0.0452 -0.0003  0.3861 0 
 42.9541  0.1381 -2.0359  0.0435  0.6563  0.0181  0.3109  0.0156 -0.0003  0.2082 0 
 47.2908 -0.0025  0.8899  0.0435  0.3971  0.0800  0.3464  0.0157  0.2384  0.5533 0 
 36.8688  0.0340 -2.2570  0.0313  0.4183  0.0223  0.3703  0.0125 -0.0003  0.1723 0 
 44.0620 -0.0352  2.3302  0.0734  0.3459  0.0309  0.3529  0.1408 -0.0003  0.4730 1 
 36.5209  0.0488 -0.7872  0.4811  0.2257  0.0425  0.5570  0.5967 -0.0003  0.9980 1 
 40.1190  0.0615  2.9202  0.0091  0.4431  0.0297  0.2262  0.0611  0.0433  0.1868 1 
 32.7276 -0.1282 -0.2189  0.3317  0.2462  0.0379  0.3351  0.4901 -0.0003  0.9941 1 
 48.6397 -0.1556 -1.7546  0.0421  0.7927  0.1062  0.8168  0.0295 -0.0003  0.3857 0 
 44.3915  0.1828  1.4047  0.0092  0.1519  0.1086  0.3522  0.0145 -0.0003  0.0910 0 
 42.7070 -0.3267  1.6910  0.0078  0.1362  0.0916  0.1779  0.0053 -0.0003  0.1091 0 
 39.7528  0.3411 -1.4083  0.0021  0.3271  0.0034  0.2721  0.1035 -0.0003  0.0618 0 
 47.3030 -0.5494 -0.0271  0.0000  0.1115  0.0340  0.2598  0.0396 -0.0003  0.0462 0 
 37.6043  0.5966 -3.1287  0.0063  0.4833  0.0452  0.1842  0.0682 -0.0003  0.2142 0 
 46.2531 -0.6846 -3.0529  0.0146  0.2495  0.0862  0.3049  0.0327 -0.0003  0.1593 0 
 41.6297  0.6537  0.1068  0.0162  0.4254  0.0706  0.4479  0.0180 -0.0003  0.1985 0 
 40.1160 -0.5327 -2.2410  0.1273  0.3604  0.0316  0.2262  0.1505  0.2427  0.9262 0 
 33.1640  0.5066  0.8909  0.0261  0.6280  0.0423  0.3816  0.0877  0.2814  0.7450 0 
 48.2704 -0.0908  1.4151  0.0165  0.6899  0.0977  0.6031  0.1081 -0.0003  0.3457 0 
 45.7893  0.0972 -1.7457  0.0704  0.2923  0.0339  0.2184  0.0414 -0.0003  0.2494 0 
 47.8981 -0.3102 -1.3826  0.0024  0.1647  0.0543  0.3453  0.1240 -0.0003  0.1106 0 
 37.6928  0.3045  1.7765  0.0081  0.1127  0.0368  0.3681  0.0234 -0.0003  0.0626 0 
 50.3487  0.4337 -2.2774  0.0074  0.1790  0.0494  0.3835  0.1060 -0.0003  0.1157 0 
 50.0374 -0.3938  0.8128  0.0151  0.4996  0.2224  0.3415  0.0667 -0.0003  0.3008 0 
 46.8238 -0.5700  2.8701  0.4185  0.3787  0.1072  0.1737  0.1715 -0.0003  0.9868 1 
 38.8342  0.5905 -0.3098  0.4363  0.2115  0.0388  0.4108  0.4426  0.4045  0.9998 1 
 47.2847 -0.7299  1.4281  0.0204  0.2133  0.0192  0.2598  0.0377 -0.0003  0.0573 0 
 34.3725  0.7391 -1.6632  0.0044  0.2802  0.0182  0.1416  0.1631 -0.0003  0.1736 0 
 52.9915 -0.5523  2.7100  0.1547  0.4709  0.0478  0.3365  0.1791 -0.0003  0.8706 1 
 46.7720  0.5545 -0.4237  0.2469  0.5092  0.0297  0.3040  0.3430 -0.0003  0.9676 1 
 37.7508 -0.2238 -3.0585  0.0885  0.5607  0.0424  0.5979  0.1518 -0.0003  0.7510 1 
 26.8650  0.2227  0.0766  0.2124  0.6185  0.0612  0.4567  0.2825  0.3841  0.9985 1 
 44.7211  0.0137 -1.6442  0.0355  0.6947  0.0760  0.3515  0.0778 -0.0003  0.4031 0 
 44.3763 -0.0093  1.5173  0.0072  0.4614  0.0474  0.1762  0.0047 -0.0003  0.2731 0 
 44.4892  0.7582 -1.1308  0.0056  0.2818  0.0284  0.1760  0.0124 -0.0003  0.1016 0 
 33.7499 -0.7731  1.9914  0.0574  0.4073  0.0150  0.1898  0.0902 -0.0003  0.1743 0 
 53.1930 -0.7050  2.3032  0.0318  0.2846  0.0599  0.2101  0.0125 -0.0003  0.2480 0 
 47.2755  0.7092 -0.8139  0.0371  0.7033  0.0073  0.3032  0.1496  0.1323  0.4504 0 
 46.1158 -0.4409  1.4725  0.3155  0.2929  0.0557  0.4359  0.4031  0.0071  0.9935 1 
 40.0336  0.4389 -1.6386  0.5261  0.3028  0.0211  0.4073  0.7548 -0.0003  0.9983 1 
 45.1667  0.4408 -0.3849  0.0567  0.8029  0.0516  0.7013  0.1030  0.0058  0.6149 1 
 34.4366 -0.4321  2.7497  0.2214  0.7159  0.0475  0.3303  0.2897  0.1063  0.9678 1 
 45.7893 -0.0234 -2.8150  0.0070  0.4546  0.0662  0.3930  0.0460 -0.0003  0.1834 0 
 38.1903  0.0578  0.3514  0.0014  0.3616  0.0470  0.2751  0.1111 -0.0003  0.1731 0 
 51.8166 -0.2770  2.3510  0.5480  0.1778  0.1039  0.3384  0.3983 -0.0003  0.9928 1 
 43.8483  0.2683 -0.7720  0.1318  0.4885  0.1025  0.5301  0.2794  0.3517  0.9718 1 
 54.1237  0.4204 -1.4727  0.0901  0.3833  0.0949  0.3347  0.0563 -0.0003  0.4987 0 
 52.7596 -0.4184  1.6894  0.0123  0.5660  0.0530  0.3790  0.0223 -0.0003  0.2067 0 
 47.2786  0.0718 -0.2451  0.0235  0.2398  0.1165  0.4764  0.0322 -0.0003  0.1939 0 
 38.8617 -0.1081  2.8666  0.0036  0.2163  0.0426  0.5019  0.1752 -0.0003  0.2017 0 
 48.9815  0.2421 -2.4707  0.0125  0.3896  0.0901  0.3862  0.0184 -0.0003  0.1826 0 
 41.0376 -0.2031  0.6297  0.0015  0.2239  0.0249  0.3147  0.0366 -0.0003  0.0510 0 
 49.9519  0.1671 -1.8409  0.0386  0.6700  0.3897  0.6832  0.1149 -0.0003  0.4389 0 
 48.8563 -0.1545  1.2945  0.0500  0.4167  0.1103  0.5153  0.0080 -0.0003  0.3034 0 
 39.4965 -0.3718  0.5717  0.0393  0.4258  0.0183  0.4543  0.0139 -0.0003  0.2304 0 
 38.0438  0.3706 -2.5431  0.2124  0.2313  0.0445  0.5966  0.1284 -0.0003  0.8485 0 
 48.3009 -0.1160 -2.6202  0.0680  0.0575  0.0095  0.0862  0.0917 -0.0003  0.0687 0 
 36.6583  0.1642  0.5505  0.0359  0.3619  0.0412  0.3246  0.0229 -0.0003  0.2255 0 
 53.5531  0.7269  0.0193  0.2253  0.7072  0.0596  0.6293  0.3973 -0.0003  0.9909 1 
 49.0639 -0.7466 -3.1027  0.0603  0.5950  0.1462  0.2145  0.0861 -0.0003  0.4955 1 
 46.6224  0.6483  2.5603  0.0252  0.6027  0.0954  0.5651  0.0102 -0.0003  0.2537 0 
 44.7913 -0.6370 -0.5746  0.0763  0.6490  0.0611  0.3953  0.0556 -0.0003  0.5513 0 
 46.7048 -0.6797  2.1515  0.0151  0.1609  0.0432  0.3476  0.0219 -0.0003  0.0848 0 
 44.5167  0.6748 -1.0123  0.0035  0.0652  0.0161  0.1320  0.0290 -0.0003  0.0437 0 
 46.3325  0.0105 -0.6795  0.0744  0.6285  0.1330  0.8272  0.0787 -0.0003  0.5742 0 
 43.9826 -0.0017  2.4612  0.0216  0.5960  0.0273  0.3531  0.0463 -0.0003  0.1796 0 
 52.7626 -0.2666 -0.2877  0.0206  0.3802  0.0871  0.4211  0.0388 -0.0003  0.2145 0 
 42.2095  0.2758  2.8266  0.0349  0.3308  0.0570  0.2678  0.0239 -0.0003  0.2551 0 
 48.8411 -0.5621  0.2412  0.0175  0.2890  0.0446  0.3436  0.1003 -0.0003  0.1782 0 
 44.1413  0.5522 -2.9108  0.0384  0.1268  0.0314  0.2205  0.0093 -0.0003  0.0753 0 
 39.2676 -0.1303 -1.2675  0.0000  0.1301  0.0555  0.1820  0.1513 -0.0003  0.1382 0 
 37.6654  0.1336  1.8498  0.1198  0.1125  0.0144  0.1381  0.1487 -0.0003  0.2649 0 
 48.8808  0.0183  1.1046  0.0347  0.1393  0.0398  0.3006  0.0255 -0.0003  0.0896 0 
 46.6560  0.0068 -2.0333  0.0037  0.4186  0.0193  0.2607  0.0064 -0.0003  0.0967 0 
 48.2918 -0.0393  2.1821  0.0180  0.2665  0.0334  0.2584  0.0383  0.0805  0.2426 0 
 42.0783  0.0399 -0.9597  0.0215  0.6895  0.0342  0.3572  0.0300  0.1230  0.4485 0 
 46.2898 -0.3089  0.7626  0.1743  0.4354  0.0994  0.3484  0.1964  0.2125  0.9489 1 
 31.8547  0.3262 -2.3798  0.6353  0.2652  0.0396  0.4825  0.6679  0.4313  0.9999 1 
 42.4720 -0.5430 -1.1193  0.0007  0.1546  0.1051  0.3118  0.0549 -0.0003  0.0844 0 
 39.3408  0.5449  2.0141  0.0011  0.3795  0.0385  0.4093  0.0381 -0.0003  0.1211 0 
 40.7813 -0.1962 -2.2086  0.5695  0.6927  0.0245  0.4053  0.3037 -0.0003  0.9935 1 
 18.8571  0.1821  0.9640  0.0378  0.4700  0.0388  0.2843  0.0882  0.4271  0.9838 1 
 41.7090  0.2538 -0.5074  0.0108  0.5457  0.0146  0.3581  0.0245 -0.0003  0.1034 0 
 41.1475 -0.2580  2.6125  0.0229  0.2775  0.0310  0.3145  0.0703 -0.0003  0.1165 0 
 46.9703  0.5276 -2.8558  0.1629  0.8007  0.0513  0.5206  0.1631 -0.0003  0.9243 1 
 33.9940 -0.5523  0.2793  0.1437  0.5417  0.0322  0.2841  0.2382  0.3596  0.9947 1 
 48.5786 -0.4376  1.2865  0.0256  0.3212  0.0776  0.3870  0.0295 -0.0003  0.2134 0 
 42.2522  0.4236 -1.8913  0.0286  0.3722  0.0363  0.4461  0.0727 -0.0003  0.2485 0 
 39.9359 -0.7636  1.7163  0.0484  0.6752  0.0324  0.3171  0.0471  0.3061  0.9248 1 
 33.1792  0.7311 -1.3868  0.1840  0.5018  0.0246  0.1908  0.2238 -0.0003  0.7723 1 
 48.2887  0.2063 -2.5969  0.0148  0.5375  0.1013  0.3446  0.0131 -0.0003  0.2087 0 
 42.6032 -0.1959  0.5132  0.0054  0.3568  0.0540  0.3116  0.0539 -0.0003  0.1533 0 
 51.4717  0.6111 -3.0724  0.0223  0.4094  0.0191  0.2119  0.0467 -0.0003  0.1120 0 
 45.5055 -0.6120  0.0355  0.0482  0.0526  0.0442  0.4374  0.0720 -0.0003  0.1156 0 
 46.8177 -0.3705 -1.7411  0.1869  0.3064  0.1057  0.5210  0.4146 -0.0003  0.9892 1 
 46.1707  0.3808  1.3636  0.1643  0.2575  0.0069  0.1307  0.0950 -0.0003  0.2873 1 
 50.4280  0.6177  2.7171  0.0434  0.6021  0.0942  0.4260  0.0352 -0.0003  0.3113 1 
 44.3793 -0.5893 -0.4923  0.2767  0.3710  0.0669  0.3963  0.1677 -0.0003  0.9298 1 
 45.1240  0.0027 -1.1891  0.0153  0.5639  0.0634  0.4822  0.0207 -0.0003  0.2087 0 
 31.7052 -0.0122  2.0279  0.0807  0.1973  0.0418  0.1449  0.1656  0.1063  0.5927 0 
 42.0233  0.5049  1.4888  0.0109  0.5569  0.0092  0.0447  0.0059 -0.0003  0.1511 0 
 41.6083 -0.5080 -1.6753  0.0390  0.3044  0.0095  0.2239  0.0388 -0.0003  0.0878 0 
 45.6672 -0.2400 -3.1091  0.0537  0.4524  0.0580  0.5244  0.0776 -0.0003  0.4355 0 
 34.9737  0.2384  0.0124  0.0033  0.5410  0.0289  0.2819  0.0198 -0.0003  0.1337 0 
 48.9174  0.5721 -0.4745  0.2764  0.6266  0.0457  0.4293  0.1076 -0.0003  0.8518 1 
 38.1353 -0.5579  2.7015  0.1095  0.5507  0.0306  0.5504  0.3051 -0.0003  0.9059 1 
 46.6316 -0.6411 -2.9589  0.1719  0.6474  0.0541  0.4781  0.2762 -0.0003  0.9657 1 
 41.4954  0.6379  0.2203  0.0049  0.4607  0.0489  0.5827  0.1192 -0.0003  0.2496 1 
 44.0925  0.7050 -0.1427  0.0690  0.6508  0.0112  0.1323  0.0825 -0.0003  0.2546 0 
 42.8229 -0.7093  2.9950  0.0024  0.3512  0.0287  0.2222  0.0246 -0.0003  0.0966 0 
 46.9429 -0.2571  0.6537  0.0020  0.3663  0.0268  0.2603  0.0549 -0.0003  0.0830 0 
 46.6163  0.2936 -2.5260  0.0169  0.6701  0.1265  0.3912  0.0341 -0.0003  0.2715 0 
 52.2225  0.6509  2.5029  0.0387  0.1263  0.0576  0.5066  0.1151 -0.0003  0.2324 0 
 48.4077 -0.6305 -0.6448  0.0301  0.4460  0.0899  0.5165  0.0701 -0.0003  0.2960 0 
 53.4737 -0.6579 -1.4777  0.2325  0.2981  0.0589  0.2938  0.1843 -0.0003  0.9034 1 
 43.5035  0.6632  1.6495  0.0335  0.6424  0.0817  0.3984  0.0661  0.3286  0.7382 1 
 55.6283 -0.0068 -1.5029  0.0056  0.3186  0.0831  0.3324  0.0367 -0.0003  0.1602 0 
 46.1555  0.0582  1.6740  0.0041  0.6219  0.0358  0.2179  0.0146 -0.0003  0.2056 0 
 41.7273  0.4634  0.8850  0.8510  0.4909  0.0767  0.4923  0.4800  0.6272  0.9996 1 
 35.4131 -0.4933 -2.1853  0.1722  0.3468  0.1184  0.5150  0.1756  0.3204  0.9586 1 
 52.7474  0.3561 -1.3977  0.3927  0.2488  0.1914  0.5474  0.3680 -0.0003  0.9975 0 
 43.9521 -0.3671  1.7788  0.2180  0.4889  0.0344  0.3973  0.2325 -0.0003  0.9244 0 
 56.6629 -0.4558 -0.4475  0.3601  0.5337  0.0561  0.5377  0.2307 -0.0003  0.9713 1 
 33.7255  0.4844  2.7588  0.2972  0.3904  0.0415  0.3322  0.3881  0.4220  0.9996 1 
 49.7108  0.2243 -0.7073  0.0016  0.4596  0.1543  0.7696  0.0380 -0.0003  0.2608 0 
 41.6938 -0.2156  2.4677  0.0296  0.3571  0.0577  0.4477  0.0860 -0.0003  0.2969 0 
 45.4627  0.0152 -0.1859  0.0529  0.1609  0.0940  0.2188  0.0206 -0.0003  0.1980 0 
 39.5605  0.0081  2.9689  0.0205  0.4610  0.0908  0.4541  0.0292 -0.0003  0.2206 0 
 50.0282  0.0884  0.5473  0.0058  0.3934  0.0404  0.4695  0.0241 -0.0003  0.1566 0 
 41.4191 -0.0900 -2.6352  0.0115  0.1403  0.0276  0.2691  0.0231 -0.0003  0.0502 0 
 41.9562 -0.3855  1.2869  0.1476  0.5944  0.0212  0.3128  0.1605 -0.0003  0.7122 0 
 41.7884  0.3979 -1.8717  0.0468  0.1982  0.0396  0.2684  0.1657 -0.0003  0.3124 0 
 44.2603 -0.2349 -1.3084  0.0005  0.2613  0.0892  0.4847  0.0401  0.0977  0.1956 0 
 41.1994  0.2139  1.8394  0.2299  0.5068  0.0222  0.2695  0.1771  0.1970  0.9290 0 
 50.9163 -0.5970  1.1208  0.0234  0.2231  0.1068  0.5524  0.0537 -0.0003  0.2280 0 
 44.9866  0.5694 -2.0059  0.0498  0.1517  0.0375  0.3949  0.0167 -0.0003  0.1452 0 
 41.9318 -0.6984 -1.9947  0.1200  0.0805  0.0292  0.2235  0.1258 -0.0003  0.2389 0 
 35.0439  0.6824  1.1598  0.0426  0.0858  0.0313  0.2348  0.1236 -0.0003  0.1022 0 
 55.4208  0.5835 -2.3776  0.0222  0.2287  0.1495  0.3328  0.0932 -0.0003  0.2280 0 
 45.5512 -0.5559  0.7463  0.0053  0.4435  0.0452  0.5247  0.0624 -0.0003  0.1879 0 
 46.3020 -0.2532  1.2303  0.0459  0.3562  0.1829  0.6096  0.0486 -0.0003  0.3589 0 
 35.2422  0.2750 -1.8771  0.0039  0.4532  0.0176  0.3282  0.0286 -0.0003  0.0822 0 
 42.0569  0.0874  1.6495  0.0011  0.2531  0.0403  0.2680  0.0347 -0.0003  0.0795 0 
 38.0865 -0.0686 -1.5463  0.0248  0.6501  0.1469  0.5047  0.0425 -0.0003  0.2894 0 
 45.2094 -0.4646 -0.0310  0.1176  0.6652  0.0385  0.5258  0.1196 -0.0003  0.8139 1 
 44.9928  0.4502  3.1153  0.3742  0.7047  0.0258  0.6142  0.5154 -0.0003  0.9949 1 
 48.1666  0.7787  1.1326  0.0115  0.1229  0.1155  0.4741  0.0179 -0.0003  0.0954 0 
 40.9125 -0.7718 -2.0061  0.0043  0.1843  0.0126  0.3150  0.1381 -0.0003  0.0622 0 
 48.2277 -0.2371 -1.7042  0.0788  0.5641  0.1265  0.9479  0.0211 -0.0003  0.5591 0 
 42.5757  0.2846  1.3994  0.0696  0.1162  0.0870  0.4452  0.2067 -0.0003  0.4504 0 
 45.6123  0.1763  2.3172  0.0002  0.3351  0.0749  0.2623 -0.0200 -0.0003  0.1964 0 
 42.8077 -0.2209 -0.8052  0.0112  0.0613  0.1343  0.3112  0.0717 -0.0003  0.0545 0 
 43.7659 -0.3203  2.8645  0.0064  0.1769  0.1061  0.1768  0.0045 -0.0003  0.1338 0 
 40.9674  0.3368 -0.2767  0.0206  0.0697  0.0326  0.2249  0.0145 -0.0003  0.0557 0 
 45.9419 -0.6458 -0.9643  0.0267  0.1412  0.0289  0.3491  0.1143 -0.0003  0.1049 0 
 42.4109  0.6631  2.1907  0.0087  0.4251  0.0425  0.1783  0.0256 -0.0003  0.2073 0 
 47.9225  0.7984  1.5939  0.0121  0.1285  0.0476  0.2158  0.0561 -0.0003  0.0722 0 
 42.9694 -0.7936 -1.5848  0.0777  0.6168  0.0118  0.3109  0.1483 -0.0003  0.3975 0 
 55.7046  0.7473  0.3544  0.0044  0.3821  0.0661  0.1662  0.0118 -0.0003  0.2783 0 
 42.9480 -0.7593 -2.7521  0.0360  0.3125  0.0456  0.3553  0.0446 -0.0003  0.2211 0 
 47.3640 -0.6806 -0.6420  0.0172  0.1339  0.1775  0.3463  0.0338 -0.0003  0.1042 0 
 43.5737  0.6753  2.5072  0.0006  0.2704  0.0227  0.3982  0.0629 -0.0003  0.0657 0 
 37.2351 -0.0930  2.5456  0.0472  0.3803  0.0340  0.3232  0.1793 -0.0003  0.4407 0 
 33.3593  0.1540 -0.6088  0.0456  0.6432  0.0351  0.3809  0.0703  0.1952  0.6417 0 
 41.5503  0.2469  0.0212  0.4357  0.2878  0.0320  0.5377  0.4658 -0.0003  0.9958 1 
 40.7660 -0.2781 -3.1252  0.0472  0.3296  0.0775  0.4054  0.0095  0.0805  0.3803 1 
 49.4362  0.5350 -0.4090  0.0190  0.2372  0.0753  0.4710  0.0402 -0.0003  0.1770 0 
 37.9187 -0.5394  2.7544  0.0556  0.0787  0.0423  0.2756  0.0190 -0.0003  0.0831 0 
 45.0202  0.7031 -1.4520  0.4072  0.3414  0.0832  0.3071  0.4777 -0.0003  0.9974 1 
 36.1883 -0.6778  1.7013  0.1316  0.8630  0.0864  0.5584  0.0897  0.5398  0.9977 1 
 45.9358  0.5841 -0.0841  0.0024  0.6410  0.1083  0.7854  0.0568 -0.0003  0.2697 0 
 41.0346 -0.5763  3.0552  0.1280  0.3015  0.0139  0.2698  0.1064 -0.0003  0.3471 0 
 48.6641 -0.3657  2.6066  0.1635  0.3368  0.2389  0.5159  0.5154 -0.0003  0.9969 1 
 43.6347  0.3690 -0.5286  0.6878  0.5894  0.0310  0.3980  0.7637 -0.0003  0.9983 1 
 54.7402  0.7911 -2.6621  0.0032  0.4955  0.1736  0.2921  0.1412 -0.0003  0.3555 0 
 48.1422 -0.7916  0.3825  0.0226  0.6988  0.0396  0.4311  0.0396  0.1082  0.4332 0 
 45.9297 -0.7465  2.8477  0.0729  0.0530  0.0266  0.3927  0.1346 -0.0003  0.1525 0 
 38.7060  0.7465 -0.2989  0.0245  0.6605  0.0131  0.1827  0.0069  0.1583  0.3805 0 
 45.2033  0.0722  0.0730  0.5771  0.8899  0.0221  0.3506  0.2744  0.1305  0.9962 1 
 43.2959 -0.0811 -3.0657  0.1189  0.3003  0.0370  0.3989  0.1660 -0.0003  0.7005 1 
 49.2256  0.0548 -1.2233  0.0749  0.6817  0.0451  0.5572  0.0182 -0.0003  0.4922 0 
 47.0802 -0.0625  1.9142  0.0121  0.3066  0.0246  0.3035  0.0065 -0.0003  0.0928 0 
 49.4514  0.5659 -2.8103  0.0858  0.6400  0.0331  0.5137  0.1807 -0.0003  0.7939 1 
 39.9451 -0.6030  0.2887  0.1136  0.1755  0.0978  0.4529  0.1788  0.6223  0.9807 1 
 43.9979 -0.7019  3.0705  0.0017  0.4894  0.1600  0.4855  0.0721 -0.0003  0.2375 0 
 41.3977  0.7097 -0.0949  0.0056  0.2308  0.0665  0.5382  0.1247 -0.0003  0.1995 0 
 48.0537  0.1004 -2.3073  0.0157  0.5344  0.1499  0.2588  0.1232 -0.0003  0.3825 0 
 47.5044 -0.1670  0.8224  0.1742  0.2277  0.0870  0.3460  0.1603 -0.0003  0.8172 0 
 50.2968 -0.3374 -0.0157  0.0018  0.4140  0.2053  0.4688  0.0516 -0.0003  0.2309 0 
 45.6306  0.3571  3.1246  0.0136  0.6779  0.0130  0.3497  0.0109 -0.0003  0.1226 0 
 55.4055  0.6613  1.0060  0.0023  0.5430  0.0511  0.2080  0.0482 -0.0003  0.2384 0 
 43.9796 -0.6625 -2.1425  0.0139  0.0976  0.0568  0.3089  0.0173 -0.0003  0.0755 0 
 51.5053 -0.7671 -0.6180  0.0157  0.4938  0.0296  0.3389  0.0225  0.0507  0.2501 0 
 48.1361  0.7600  2.5511  0.0414  0.4836  0.1464  0.6035  0.0607 -0.0003  0.3331 0 
 46.9459 -0.2707 -2.6868  0.0277  0.4469  0.1073  0.8244  0.0554 -0.0003  0.3889 1 
 30.9331  0.2637  0.3628  0.0272  0.4549  0.0261  0.1946  0.0114 -0.0003  0.1784 1 
 46.8391  0.0139 -0.5338  0.2573  0.3679  0.0484  0.2605  0.2440  0.0815  0.9419 1 
 43.9582 -0.0303  2.6469  0.5144  0.7251  0.0296  0.4856  0.5565 -0.0003  0.9976 1 
 47.7821  0.6768 -2.1319  0.0983  0.6342  0.0278  0.3023  0.0335  0.0879  0.6552 0 
 47.5898 -0.6790  0.9994  0.0197  0.3042  0.0513  0.3891  0.0578 -0.0003  0.1838 0 
 48.6366  0.2779 -3.0853  0.0050  0.1926  0.0756  0.4729  0.0318 -0.0003  0.1184 0 
 47.9622 -0.2851  0.0547  0.0423  0.4076  0.0263  0.2589  0.0352 -0.0003  0.1754 0 
 47.7211  0.1878 -0.9211  0.0139  0.2972  0.0626  0.4320  0.0189 -0.0003  0.1698 1 
 37.2076 -0.1659  2.2025  0.7285  0.2490  0.0560  0.2770  0.2495 -0.0003  0.9873 1 
 45.6947  0.0867 -0.1007  0.0133  0.2431  0.0230  0.1748  0.0761 -0.0003  0.0875 0 
 42.1790 -0.0771  3.0482  0.0598  0.3669  0.0112  0.0893  0.0902 -0.0003  0.1647 0 
 47.3396  0.5187 -0.1099  0.0457  0.1305  0.0421  0.3463  0.0259 -0.0003  0.1134 0 
 35.2636 -0.5020  3.0319  0.0095  0.3899  0.0340  0.2813  0.0441 -0.0003  0.1192 0 
 36.3348 -0.3056 -2.2328  0.0052  0.1636  0.0602  0.1859  0.0198 -0.0003  0.1015 0 
 33.3623  0.2594  0.8717  0.0627  0.2094  0.0185  0.2857  0.2029 -0.0003  0.3204 0 
 47.5441 -0.3377  2.2838  0.0772  0.2181  0.0176  0.2163  0.0848 -0.0003  0.1682 0 
 34.4244  0.2792 -0.8757  0.0582  0.4480  0.0297  0.3775  0.1465 -0.0003  0.4781 0 
 49.3904  0.7109 -1.2716  0.0894  0.5867  0.2065  0.6423  0.2226 -0.0003  0.8781 1 
 42.1668 -0.7166  1.9056  0.0329  0.3363  0.0238  0.0893  0.0152 -0.0003  0.1940 1 
 60.6241 -0.1218  2.1995  0.0297  0.0676  0.0320  0.3255  0.0300  0.2395  0.3743 0 
 44.7639  0.1115 -0.9249  0.0060  0.5461  0.0619  0.4393  0.0262 -0.0003  0.1793 0 
 49.2042  0.4827  1.6562  0.0099  0.2475  0.0328  0.1715  0.0950 -0.0003  0.1217 0 
 49.0486 -0.4807 -1.4640  0.0285  0.2649  0.0220  0.2574  0.0054 -0.0003  0.1000 0 
 47.0680  0.8000 -3.0588  0.1048  0.6421  0.0484  0.4336  0.1935 -0.0003  0.8680 1 
 46.7567 -0.7937  0.0732  0.0277  0.6079  0.0272  0.3909  0.0349 -0.0003  0.2208 1 
 44.8615  0.5820 -2.3347  0.0482  0.3133  0.2526  0.3512  0.0867 -0.0003  0.3977 0 
 44.8310 -0.6159  0.7936  0.0410  0.3212  0.0661  0.6587  0.0714 -0.0003  0.4020 0 
 47.4556  0.7866 -0.8305  0.0394  0.7938  0.0575  0.3894  0.0735 -0.0003  0.4467 1 
 47.2938 -0.7850  2.2894  0.0423  0.2877  0.0350  0.3464  0.0263 -0.0003  0.1891 1 
 44.9928  0.5178  2.2538  0.0795  0.2654  0.0536  0.3949  0.0340 -0.0003  0.3670 0 
 41.5259 -0.5292 -0.8933  0.0884  0.7410  0.0266  0.4930  0.1131 -0.0003  0.7095 0 
 50.9438  0.7926 -0.2937  0.0315  0.5939  0.0615  0.3399  0.1049 -0.0003  0.4372 0 
 42.8504 -0.7814  2.8500  0.0266  0.1533  0.0127  0.2222  0.0314 -0.0003  0.0437 0 
 43.3356  0.4870  2.1811  0.0760  0.1327  0.0675  0.3102  0.0245 -0.0003  0.1935 0 
 41.2360 -0.5025 -0.9455  0.1401  0.3764  0.0274  0.2694  0.1433 -0.0003  0.6303 0 
 51.0262  0.0580 -2.4531  0.0374  0.3504  0.0365  0.4672  0.1984 -0.0003  0.4565 0 
 46.2104 -0.0471  0.7358  0.0104  0.3650  0.1229  0.3050  0.0604 -0.0003  0.2145 0 
 54.6212 -0.1866  2.2662  0.2151  0.2784  0.1155  0.1670  0.0777 -0.0003  0.8126 1 
 45.8686  0.0972 -0.9118  0.3894  0.3506  0.0280  0.3929  0.5089 -0.0003  0.9965 1 
 46.3478  0.4540  0.7878  0.0612  0.0326  0.0313  0.3047  0.1362 -0.0003  0.1121 0 
 41.5351 -0.4694 -2.3196  0.1502  0.3766  0.0085  0.1793  0.0096 -0.0003  0.3042 0 
 45.8076 -0.4148  1.3350  0.0338  0.0855  0.0717  0.1747  0.0156 -0.0003  0.1018 0 
 34.3511  0.4042 -1.7977  0.0075  0.1731  0.0286  0.2833  0.0108 -0.0003  0.0579 0 
 45.9815 -0.7284 -0.4564  0.3353  0.4155  0.0378  0.3926  0.0372 -0.0003  0.7757 0 
 41.8311  0.7420  2.6664  0.0118  0.1339  0.0086  0.4920  0.0099 -0.0003  0.0619 0 
 52.0394  0.0830  1.8100  0.0816  0.2683  0.0428  0.3381  0.1396 -0.0003  0.5018 0 
 45.7923 -0.0818 -1.3420  0.0350  0.2210  0.0154  0.5241  0.1534 -0.0003  0.2657 0 
 49.1218 -0.1190  0.4820  0.0901  0.2126  0.0644  0.2573  0.1616 -0.0003  0.5761 0 
 45.2613  0.1471 -2.6418  0.0119  0.3849  0.0176  0.3504  0.0473 -0.0003  0.0840 0 
 46.3935 -0.5214  2.4011  0.0179  0.3600  0.0464  0.3046  0.0386 -0.0003  0.1746 0 
 39.4385  0.5081 -0.7782  0.1215  0.3097  0.0246  0.3181  0.1378 -0.0003  0.5514 0 
 46.3752 -0.1111  2.1618  0.0122  0.0428  0.1097  0.1741  0.1133 -0.0003  0.1078 0 
 43.8453  0.1029 -0.9799  0.0401  0.1292  0.0279  0.1767  0.0513 -0.0003  0.0712 0 
 45.6519 -0.4016 -1.1319  0.0565  0.1550  0.0215  0.3059  0.0311 -0.0003  0.0922 0 
 42.4567  0.4169  1.9715  0.0345  0.4678  0.1019  0.3119  0.1380 -0.0003  0.4668 0 
 49.1035  0.5090  0.2073  0.1566  0.4591  0.0323  0.3431  0.2110 -0.0003  0.8449 0 
 45.0690 -0.4817 -2.8946  0.0217  0.3616  0.0511  0.3070  0.0412 -0.0003  0.2024 0 
 49.2988 -0.7963 -2.9263  0.0258  0.2492  0.0206  0.2999  0.0793 -0.0003  0.0889 0 
 47.0130  0.7828  0.2143  0.0078  0.2035  0.0770  0.3903  0.0098 -0.0003  0.1195 0 
 56.5377  0.3299  2.0375  0.0020  0.0668  0.0331  0.2897  0.0616 -0.0003  0.0473 0 
 44.4038 -0.2271 -1.0985  0.0195  0.5609  0.0165  0.2641  0.0027 -0.0003  0.1388 0 
 43.8117 -0.4694 -1.9329  0.7569  0.7548  0.0489  0.5302  0.3270 -0.0003  0.9930 1 
 42.1393  0.4502  1.2402  0.0855  0.1882  0.0169  0.3125  0.0933 -0.0003  0.2033 1 
 45.5390 -0.3570  2.4156  0.0061  0.0033  0.0264  0.1312  0.0538 -0.0003  0.0539 0 
 42.9175  0.3669 -0.7102  0.0480  0.3425  0.0272  0.2221  0.0233 -0.0003  0.1780 0 
 49.4209  0.7195  0.3789  0.0043  0.3850  0.1259  0.5138  0.2925 -0.0003  0.4885 0 
 46.9703 -0.7317 -2.7551  0.0007  0.0051  0.0366  0.0867  0.1956 -0.0003  0.1275 0 
 45.9907  0.4702  2.1770  0.1776  0.3185  0.0309  0.2181  0.1699 -0.0003  0.7171 0 
 44.7486 -0.4641 -0.9585  0.0182  0.2970  0.0177  0.2636  0.0578 -0.0003  0.0747 0 
 50.6447 -0.6218  3.0350  0.0502  0.4635  0.0888  0.5957  0.0290 -0.0003  0.3446 0 
 50.5837  0.6255 -0.1204  0.0747  0.1592  0.0242  0.2554  0.0473 -0.0003  0.1263 0 
 43.3631 -0.7001 -0.8321  0.0253  0.4103  0.0342  0.2658  0.0080 -0.0003  0.1968 0 
 40.0397  0.7137  2.2846  0.0061  0.6488  0.0580  0.4526  0.0528  0.1661  0.4357 0 
 76.8383  0.1480  1.3794  0.0556  0.0902  0.0789  0.3077  0.0593  0.1778  0.2924 0 
 46.0822 -0.1649 -1.7395  0.0311  0.1492  0.0805  0.5232  0.0283 -0.0003  0.1738 0 
 49.1615  0.3462  2.5812  0.0093  0.4663  0.0400  0.2573  0.0740 -0.0003  0.1732 0 
 46.2379 -0.3473 -0.5436  0.0164  0.4771  0.0212  0.3485  0.1097 -0.0003  0.1529 0 
 48.0232 -0.6296  2.6254  0.0788  0.1902  0.0503  0.0431  0.0239 -0.0003  0.3669 0 
 42.2400  0.5847 -0.5101  0.0155  0.2388  0.1050  0.5799  0.0700 -0.0003  0.2292 0 
 47.2175 -0.4958 -2.7703  0.0012  0.7489  0.0159  0.3033  0.0381 -0.0003  0.1103 0 
 40.2228  0.4845  0.3334  0.0142  0.5922  0.0997  0.2260  0.1186 -0.0003  0.4494 0 
 46.2226  0.4652 -3.1010  0.3505  0.4444  0.0586  0.1307  0.2657  0.4699  0.9989 1 
 40.6073 -0.4303 -0.0094  0.0352  0.4524  0.1201  0.7665  0.0574 -0.0003  0.3909 1 
 46.0395  0.6980 -0.1338  0.1120  0.4328  0.0281  0.3489  0.1065 -0.0003  0.5850 0 
 41.2757 -0.6966  2.9987  0.0656  0.4847  0.0383  0.3142  0.1397 -0.0003  0.5568 0 
 50.4402 -0.1628  2.6386  0.0604  0.2968  0.0305  0.2556  0.0621 -0.0003  0.2148 0 
 45.5024  0.1983 -0.5025  0.0890  0.4931  0.2174  0.7874  0.0690 -0.0003  0.5620 0 
 46.8605 -0.1757 -0.8889  0.0033  0.3751  0.1521  0.7380  0.0425 -0.0003  0.2627 0 
 37.1862  0.1742  2.2704  0.0587  0.5591  0.0236  0.2771  0.0900 -0.0003  0.2921 0 
 43.9002 -0.4521 -0.2509  0.0063  0.4257  0.0432  0.3974  0.0507 -0.0003  0.1549 0 
 39.1272  0.4233  2.8713  0.0143  0.1580  0.0623  0.2732  0.0087 -0.0003  0.1029 0 
 51.3741  0.1824 -1.7207  0.0007  0.0469  0.0247  0.5087  0.0104 -0.0003  0.0658 0 
 46.4851 -0.1846  1.4095  0.1477  0.5534  0.0152  0.3045  0.0584 -0.0003  0.4931 0 
 47.9866  0.6039 -0.8557  0.0070  0.2127  0.0389  0.3883  0.1950 -0.0003  0.2036 0 
 35.3796 -0.6180  2.2519  0.0065  0.5959  0.1277  0.4215  0.0915 -0.0003  0.2768 0 
 44.6418 -0.7239 -0.1370  0.0785  0.3089  0.0363  0.3957  0.0764 -0.0003  0.4124 0 
 37.8241  0.7342  3.0370  0.0970  0.2516  0.1403  0.4137  0.1257 -0.0003  0.5818 0 
 53.1441  0.7711 -2.5445  0.2252  0.2682  0.0855  0.3363  0.2455 -0.0003  0.9545 1 
 44.3122 -0.7794  0.6318  0.3778  0.5570  0.0913  0.4846  0.1400 -0.0003  0.9575 1 
 47.3915  0.5946 -1.6169  0.0485  0.2238  0.0443  0.4761  0.0294 -0.0003  0.2476 0 
 40.7782 -0.5846  1.5362  0.0435  0.2911  0.0654  0.1801  0.0137 -0.0003  0.3172 0 
 46.4729 -0.6564 -1.9328  0.1339  0.1782  0.0299  0.3915  0.0995 -0.0003  0.4806 0 
 31.4702  0.6477  1.2078  0.0724  0.5719  0.0587  0.5810  0.0760  0.0742  0.6527 0 
 43.2532  0.1551 -0.7716  0.4925  0.7665  0.0319  0.4433  0.4943 -0.0003  0.9972 1 
 30.7591 -0.1582  2.4276  0.5417  0.1198  0.1456  0.4387  0.2036  0.8358  0.9999 1 
 37.1038 -0.6130  2.2831  0.0138  0.1872  0.0717  0.3235  0.0313 -0.0003  0.1169 0 
 36.7529  0.6383 -0.8610  0.0280  0.4706  0.0122  0.1390 -0.0200  0.1946  0.6180 0 
 48.8441  0.5215  2.2427  0.0217  0.2983  0.1230  0.2147  0.0610 -0.0003  0.2662 0 
 36.7773 -0.5226 -0.8235  0.0362  0.0941  0.1365  0.4169  0.1114 -0.0003  0.1554 0 
 48.6152  0.7791  1.8374  0.0636  0.2628  0.0677  0.3010  0.4797 -0.0003  0.8249 0 
 40.3174 -0.7726 -1.3344  0.1707  0.4748  0.0649  0.4065  0.1939 -0.0003  0.9213 0 
 35.7610  0.4218  0.8922  0.1640  0.5331  0.0392  0.4669  0.1774  0.3942  0.9977 1 
 26.4897 -0.3848 -2.3256  0.5167  0.4422  0.0315  0.3058  0.3609  0.3528  0.9989 1 
 51.6487  0.2321 -2.6415  0.1298  0.5378  0.0475  0.5927  0.2945 -0.0003  0.9370 1 
 39.2859 -0.2318  0.4388  0.1141  0.1917  0.0307  0.3185  0.1691  0.3394  0.9830 1 
 42.8717  0.6722  2.7325  0.0030  0.4436  0.0598  0.4444  0.0367  0.1239  0.2949 0 
 39.8230 -0.6557 -0.4114  0.0264  0.2539  0.0203  0.2720  0.0740 -0.0003  0.0867 0 
 46.9490 -0.2836  1.9615  0.3032  0.2184  0.0173  0.3471  0.1303 -0.0003  0.6770 0 
 44.0681  0.2645 -1.1886  0.3486  0.5060  0.0519  0.4852  0.1811  0.0829  0.9485 0 
 47.7302 -0.5425  0.8202  0.1484  0.3177  0.0299  0.3888  0.2745 -0.0003  0.8479 0 
 42.9084  0.5350 -2.3062  0.0617  0.4554  0.0147  0.2666  0.1152  0.1289  0.5206 0 
 31.6777  0.7839 -1.5819  0.0333  0.0821  0.0193  0.3383  0.1611 -0.0003  0.1051 0 
 15.6466 -0.8021  1.5095  0.0000  0.3765  0.0069  0.0607  0.0112 -0.0003  0.1328 0 
 47.7821  0.1754  2.3618  0.0132  0.5612  0.0259  0.4751  0.0140 -0.0003  0.1851 0 
 46.1860 -0.1801 -0.7842  0.0532  0.3633  0.0129  0.2179  0.0244 -0.0003  0.1267 0 
 45.5604  0.3119 -0.9219  0.0767  0.4263  0.0425  0.3061  0.1962 -0.0003  0.6839 0 
 41.0803 -0.3116  2.2071  0.0120  0.1064  0.0433  0.2697  0.0182 -0.0003  0.0643 0 
 50.8919 -0.1621  1.8462  0.1583  0.3780  0.0501  0.2550  0.3166 -0.0003  0.9126 1 
 47.0954  0.1565 -1.2427  0.0942  0.1888  0.2115  0.6503  0.0893 -0.0003  0.5451 1 
 47.0253  0.7053  1.6771  0.0373  0.1479  0.0669  0.2602  0.0805 -0.0003  0.1610 0 
 45.5726 -0.7063 -1.4722  0.0049  0.3081  0.0100  0.3061  0.0689 -0.0003  0.0528 0 
 47.4708  0.5767  2.4553  0.0114  0.4255  0.0220  0.4759  0.0314 -0.0003  0.1450 0 
 35.3552 -0.5549 -0.6954  0.0340  0.7541  0.0376  0.2342  0.0207 -0.0003  0.3199 0 
 43.8880  0.2986 -1.2506  0.0368  0.2143  0.1252  0.4416  0.0712 -0.0003  0.2516 0 
 37.6715 -0.3086  1.8469  0.0145  0.3256  0.0093  0.2761  0.1060 -0.0003  0.0838 0 
 44.9653 -0.7089 -2.8424  0.3243  0.1571  0.0802  0.3072  0.3450 -0.0003  0.9845 1 
 38.9929  0.6888  0.3012  0.1325  0.2519  0.0441  0.2279  0.1284  0.3366  0.9760 1 
 47.5959 -0.1883  1.0671  0.1197  0.6405  0.0378  0.3026  0.0928 -0.0003  0.7246 0 
 44.1779  0.2059 -2.0623  0.0670  0.2345  0.0310  0.5290  0.0850 -0.0003  0.3904 0 
 36.2219  0.1837  2.4669  0.0095  0.5731  0.0687  0.5117  0.0202 -0.0003  0.1966 0 
 35.9960 -0.2008 -0.6455  0.1245  0.1034  0.0207  0.2796  0.0810 -0.0003  0.1944 0 
 46.7323  0.5542  1.4717  0.0344  0.5272  0.0398  0.4344  0.0751 -0.0003  0.3373 0 
 45.6031 -0.5480 -1.6609  0.0062  0.1023  0.0482  0.2623  0.1223 -0.0003  0.0869 0 
 48.1605 -0.1446 -2.0036  0.0343  0.2622  0.0242  0.3448  0.0242  0.1465  0.3889 0 
 43.3295  0.1488  1.1296  0.0136  0.2444  0.0669  0.7090  0.0302 -0.0003  0.2394 0 
 49.2500 -0.7709  3.1113  0.0139  0.2707  0.0597  0.2571  0.0164 -0.0003  0.1649 0 
 46.5187  0.7536 -0.0185  0.0138  0.2772  0.0074  0.1740  0.0129 -0.0003  0.0679 0 
 47.2541  0.4518  0.5227  0.2169  0.6375  0.0548  0.7363  0.1844 -0.0003  0.9646 1 
 44.6601 -0.4516 -2.6148  0.4270  0.1934  0.0778  0.3517  0.6506  0.5341  0.9999 1 
 47.0314  0.1315  1.7314  0.4149  0.5650  0.0365  0.3469  0.3972  0.2423  0.9980 1 
 39.6307 -0.1268 -1.3952  0.2325  0.3223  0.0567  0.4085  0.1568 -0.0003  0.8795 1 
 51.2825 -0.5319  2.6180  0.0061  0.3919  0.0909  0.4666  0.0385 -0.0003  0.1759 0 
 45.7923  0.5098 -0.6040  0.0294  0.3344  0.0325  0.2184  0.1174 -0.0003  0.2120 0 
 47.9927  0.2000  2.9092  0.0369  0.3472  0.0888  0.4745  0.1819 -0.0003  0.4636 0 
 45.9358 -0.2054 -0.2236  0.0128  0.0966  0.0320  0.1745  0.1546 -0.0003  0.1052 0 
 45.5756 -0.2834  2.3791  0.0602  0.3876  0.0288  0.2623  0.0333 -0.0003  0.2390 0 
 45.0690  0.2860 -0.7444  0.0129  0.1401  0.0584  0.2193  0.0781 -0.0003  0.0985 0 
 49.4514  0.3314  0.2432  0.0197  0.4936  0.0133  0.2997  0.0121 -0.0003  0.1094 0 
 40.5310 -0.3180 -2.8904  0.0503  0.1677  0.0602  0.2707  0.0223 -0.0003  0.1680 0 
 47.5441  0.2120 -1.1859  0.0014  0.4720  0.0235  0.3027  0.2687 -0.0003  0.3370 0 
 45.9480 -0.2243  1.9696  0.2373  0.5383  0.1756  0.7417  0.1220 -0.0003  0.9128 0 
 46.4424  0.5581  1.9360  0.0431  0.2114  0.0589  0.5656  0.0268 -0.0003  0.2740 0 
 43.1525 -0.5384 -1.2081  0.0129  0.5345  0.0393  0.3549  0.1341 -0.0003  0.2879 0 
 44.2267  0.1757  1.6190  0.0071  0.3780  0.0511  0.3085  0.0174 -0.0003  0.1686 0 
 37.8637 -0.1645 -1.5416  0.0024  0.4754  0.0184  0.2757  0.0806 -0.0003  0.0935 0 
 48.8960  0.4283  1.7198  0.0589  0.4367  0.0213  0.3005  0.0270 -0.0003  0.2174 0 
 47.9377 -0.4247 -1.4345  0.1415  0.0517  0.0386  0.2589  0.1009 -0.0003  0.1903 0 
 47.4067  0.4002  0.2554  0.0292  0.4934  0.1351  0.4328  0.0132 -0.0003  0.2477 0 
 40.2808 -0.3700 -2.9030  0.0473  0.1901  0.3235  0.5422  0.0118 -0.0003  0.2840 0 
 52.1065 -0.3108  1.8854  0.0133  0.5420  0.1108  0.3802  0.0063 -0.0003  0.2051 0 
 51.8563  0.3277 -1.2721  0.0353  0.1323  0.0966  0.4229  0.0397 -0.0003  0.1400 0 
 46.2989  0.4955  0.0075  0.0112  0.0647  0.1440  0.3919  0.2886 -0.0003  0.1965 0 
 38.7427 -0.4617 -3.1395  0.0216  0.3430  0.0535  0.3653  0.0187 -0.0003  0.1987 0 
 47.4220  0.0826  1.4551  0.0291  0.6088  0.1083  0.4327  0.0501 -0.0003  0.2878 0 
 46.8360 -0.0663 -1.6489  0.0654  0.8282  0.0327  0.4341  0.0745 -0.0003  0.5541 0 
 49.1554  0.0484 -2.5325  0.0363  0.2744  0.0413  0.2573  0.0651  0.0290  0.2555 1 
 40.3937 -0.0463  0.6152  0.7234  0.4736  0.0562  0.4967  1.1336 -0.0003  0.9987 1 
 49.2226 -0.5341  1.9947  0.0089  0.0989  0.1558  0.2143  0.0058 -0.0003  0.0633 0 
 41.7365  0.5398 -1.1171  0.0079  0.2075  0.0402  0.3133  0.0255 -0.0003  0.0794 0 
 43.1922  0.2007 -0.8130  0.2048  0.4927  0.0254  0.3548  0.0670 -0.0003  0.6490 0 
 38.0682 -0.2074  2.3696  0.0130  0.7014  0.0762  0.4130  0.0251 -0.0003  0.2338 0 
 38.7762  0.2127 -0.5749  0.0154  0.2654  0.0269  0.4566  0.0098 -0.0003  0.1244 0 
 32.9595 -0.2146  2.5396  0.0095  0.3638  0.0315  0.2867  0.0895 -0.0003  0.1216 0 
 46.4607 -0.0238  2.9266  0.0000  0.0317  0.0897  0.0435  0.0031 -0.0003  0.1289 0 
 42.2065  0.0464 -0.2089  0.0231  0.1322  0.0193  0.2678  0.0167 -0.0003  0.0477 0 
 47.6844  0.0989  1.4842  0.0346  0.6819  0.0651  0.5186  0.0873  0.2638  0.7057 1 
 31.6869 -0.1389 -1.7002  0.3194  0.2394  0.0493  0.5316  0.1353  0.2274  0.9773 1 
 50.8278 -0.4119 -2.3674  0.0319  0.5580  0.1675  0.7227  0.1208  0.2777  0.7638 0 
 43.5767  0.4138  0.7701  0.0501  0.3290  0.0250  0.3982  0.1027 -0.0003  0.2831 0 
 52.8878 -0.4698 -1.1573  0.1949  0.3759  0.0724  0.3367  0.1528 -0.0003  0.8793 1 
 48.7160  0.4825  1.9683  0.0760  0.4387  0.1086  0.6876  0.0798 -0.0003  0.5409 1 
 44.1627  0.3512 -2.4687  0.0356  0.0373  0.0443  0.3968  0.0590 -0.0003  0.0857 0 
 41.3092 -0.3826  0.6763  0.0022  0.5878  0.0306  0.3142  0.1553 -0.0003  0.2201 0 
 45.4841  0.3957 -0.0786  0.0616  0.6349  0.0517  0.3062  0.2546 -0.0003  0.8202 0 
 40.7874 -0.4106  3.1253  0.1259  0.0849  0.0511  0.2252  0.0412 -0.0003  0.1774 0 
 48.8594  0.2175  2.3786  0.0532  0.3037  0.0498  0.3006  0.1155 -0.0003  0.3894 0 
 47.1473 -0.2037 -0.7883  0.0388  0.2352  0.0497  0.6068  0.1885 -0.0003  0.4435 0 
 51.1757 -0.1055  2.4932  0.2321  0.3759  0.0723  0.5092  0.3807  0.2163  0.9905 1 
 48.9784  0.1006 -0.6411  0.4782  0.7611  0.0478  0.2575  0.4300  0.0647  0.9973 1 
 47.7607 -0.3076  3.0488  0.1099  0.1919  0.1369  0.6047  0.1159  0.2291  0.8545 0 
 36.0357  0.2973 -0.0120  0.0359  0.4423  0.0519  0.3261  0.0504 -0.0003  0.3045 0 
 48.6732  0.2364 -0.3141  0.0175  0.2840  0.0442  0.3009  0.0338 -0.0003  0.1338 0 
 38.6938 -0.2570  2.7943  0.0000  0.7634  0.1307  0.2284  0.0367 -0.0003  0.2712 0 
 50.4646  0.0695  1.3985  0.0838  0.8038  0.0671  0.5536  0.1137 -0.0003  0.7273 1 
 30.1732 -0.0398 -1.7686  0.1966  0.4912  0.0687  0.4412  0.1674 -0.0003  0.9202 1 
 55.9548 -0.5825  2.9833  0.0035  0.2537  0.0506  0.3320  0.0396 -0.0003  0.1030 0 
 46.4363  0.5866 -0.1462  0.0169  0.3388  0.0319  0.2611  0.0108 -0.0003  0.1331 0 
 49.4362  0.3334  0.6154  0.0121  0.5847  0.0354  0.1713  0.0552 -0.0003  0.1921 0 
 45.3925 -0.3276 -2.5394  0.0100  0.2426  0.0753  0.3501  0.0153 -0.0003  0.1397 0 
 44.8768 -0.7118  1.3213  0.2599  0.2781  0.1145  0.5268  0.2286 -0.0003  0.9682 0 
 30.8049  0.7314 -1.8332  0.0309  0.0135  0.0208  0.1462  0.0170 -0.0003  0.0518 0 
 35.5169 -0.5707 -2.7482  0.4487  0.2387  0.0298  0.3742  0.3377 -0.0003  0.9885 0 
 32.1172  0.5669  0.4168  0.0027  0.0828  0.0028  0.0963  0.0118  0.0414  0.0522 0 
 46.1982 -0.5802 -2.7496  0.0203  0.1930  0.0165  0.3921  0.0197 -0.0003  0.0669 0 
 36.7590  0.5910  0.3821  0.0002  0.3900  0.0403  0.2317  0.0095 -0.0003  0.1546 0 
 44.3610  0.6442  2.8327  0.1302  0.7491  0.0206  0.4404  0.1757 -0.0003  0.8031 1 
 33.1426 -0.6807 -0.2971  0.4172  0.4724  0.0244  0.4770  0.2082  0.3394  0.9992 1 
 47.9530 -0.4971 -0.5581  0.3012  0.4166  0.0347  0.3883  0.4003 -0.0003  0.9898 1 
 33.8018  0.5212  2.5870  0.2455  0.3712  0.0356  0.1897  0.1151  0.4395  0.9974 1 
 52.7504 -0.8017  2.1088  0.0011  0.0938  0.0916  0.4632  0.0792 -0.0003  0.0783 0 
 42.7222  0.8001 -1.0585  0.0453  0.6524  0.1342  0.6227  0.0425 -0.0003  0.3325 0 
 46.0182 -0.5917 -1.3592  0.2241  0.5427  0.0299  0.3489  0.5588 -0.0003  0.9914 1 
 36.2188  0.6129  1.8171  0.1891  0.4711  0.0474  0.2326  0.1928  0.2591  0.9648 1 
 48.4047  0.7016 -1.8664  0.0025  0.3506  0.0926  0.6027  0.0099 -0.0003  0.1779 0 
 44.1535 -0.6948  1.2495  0.0294  0.3462  0.1621  0.6613  0.0283 -0.0003  0.3117 0 
 46.2898 -0.2614 -3.0571  0.0334  0.0555  0.0479  0.0871  0.2064 -0.0003  0.1936 0 
 45.5787  0.2795  0.0659  0.0257  0.3115  0.0201  0.2186  0.0197 -0.0003  0.1005 0 
 49.3904 -0.5916  2.4889  0.0148  0.3099  0.1566  0.5995  0.1072  0.6647  0.8166 0 
 44.1596  0.5782 -0.7393  0.0129  0.3314  0.0357  0.2645  0.0985  0.1231  0.3971 0 
 46.3172 -0.1254  2.8615  0.0346  0.4606  0.0710  0.5660  0.0667 -0.0003  0.3292 1 
 41.7823  0.1294 -0.2931  0.6350  0.8104  0.0336  0.4921  0.4483 -0.0003  0.9968 1 
 38.5840  0.7373  1.7794  0.0625  0.1457  0.1451  0.2743  0.0480 -0.0003  0.2156 0 
 26.4042 -0.7169 -1.3179  0.0568  0.3170  0.0178  0.4591  0.2119  0.1267  0.6944 0 
 49.0974 -0.5805 -2.8856  0.0385  0.3031  0.0875  0.4718  0.0422 -0.0003  0.2762 1 
 34.8486  0.5582  0.2911  0.3547  0.6729  0.0419  0.3762  0.4567  0.4061  0.9997 1 
 40.1862 -0.5963  3.1370  0.2645  0.4317  0.0264  0.4069  0.1624 -0.0003  0.8255 1 
 36.3043  0.6042  0.0195  0.2714  0.6438  0.0219  0.2790  0.2459 -0.0003  0.9395 1 
 45.3315  0.6446 -0.1920  0.0413  0.1817  0.0268  0.2627  0.0425 -0.0003  0.0874 0 
 45.0019 -0.6449  2.9607  0.0293  0.3543  0.0341  0.3510  0.0612 -0.0003  0.1817 0 
 44.0558  0.2285  0.9930  0.0743  0.4337  0.0288  0.1765  0.0517 -0.0003  0.2852 0 
 35.1080 -0.2008 -2.1769  0.0038  0.3545  0.0131  0.2816  0.0296 -0.0003  0.0600 0 
 47.2419  0.3261  2.9710  0.0113  0.5766  0.0329  0.3465  0.1162 -0.0003  0.2201 0 
 37.2839 -0.3225 -0.1746  0.0307  0.3080  0.0533  0.3230  0.0163 -0.0003  0.2131 0 
 45.9297 -0.6844 -1.4801  0.3560  0.1227  0.0365  0.4800  0.2123  0.0247  0.9490 1 
 38.8891  0.6884  1.5914  0.0479  0.8060  0.0222  0.3650  0.0827 -0.0003  0.3368 1 
 45.6764  0.4558 -0.9788  0.5786  0.4598  0.0995  0.6118  0.7039  0.2126  0.9997 1 
 45.0141 -0.4587  2.1363  0.4987  0.5435  0.0541  0.3071  0.3257 -0.0003  0.9951 1 
 49.5949 -0.6806 -2.7301  0.0021  0.3600  0.0121  0.3422  0.0416 -0.0003  0.0565 0 
 45.8686  0.6884  0.4119  0.0331  0.1276  0.0724  0.2619  0.0688 -0.0003  0.1275 0 
 47.8828  0.3757 -0.7225  0.6989  0.5467  0.0461  0.4748  1.0106 -0.0003  0.9986 1 
 42.0935 -0.3937  2.4214  0.0104  0.2276  0.0522  0.4466  0.2099 -0.0003  0.2727 1 
 47.3762 -0.2746  2.8322  0.0203  0.1870  0.0143  0.0866 -0.0200 -0.0003  0.1251 0 
 45.2735  0.3163 -0.2988  0.0020  0.1243  0.0496  0.3504  0.1439  0.3284  0.5640 0 
 44.0986 -0.4257 -1.3041  0.0021  0.5729  0.0142  0.1323  0.0112 -0.0003  0.1317 0 
 41.4801  0.4275  1.8173  0.0320  0.3151  0.0285  0.6276  0.0674 -0.0003  0.3236 0 
 45.8076  0.2935 -2.1178  0.0867  0.1428  0.0129  0.2183  0.0888 -0.0003  0.1286 0 
 43.5950 -0.2713  1.0248  0.0348  0.5142  0.0503  0.2212  0.2293 -0.0003  0.6151 0 
 44.8188  0.4438  1.7325  0.0623  0.6233  0.0151  0.2196  0.0576 -0.0003  0.2248 0 
 31.2688 -0.4098 -1.4294  0.0129  0.4969  0.0410  0.4851  0.0444 -0.0003  0.2037 0 
 47.6936 -0.4496  0.3471  0.0051  0.2523  0.0273  0.3025  0.0206 -0.0003  0.0658 0 
 46.5278  0.4357 -2.8221  0.0316  0.2481  0.1107  0.4349  0.0185 -0.0003  0.2027 0 
 54.7311  0.7133  0.2200  0.0268  0.4250  0.0650  0.3338  0.1822 -0.0003  0.4999 0 
 44.8157 -0.7082 -2.9195  0.0558  0.5011  0.0106  0.3513  0.1113 -0.0003  0.2350 0 
 43.6469 -0.5817  2.6923  0.0881  0.4719  0.0268  0.2654  0.2127 -0.0003  0.6132 0 
 42.2248  0.5745 -0.4051  0.1329  0.4722  0.0245  0.4908  0.1053 -0.0003  0.7197 0 
 46.5309 -0.3023  2.7346  0.0004  0.4672  0.0336  0.4784  0.0517 -0.0003  0.1420 0 
 41.8006  0.3087 -0.4068  0.0396  0.2126  0.0585  0.1789  0.0056 -0.0003  0.2186 0 
 50.7668 -0.1993  2.4488  0.0197  0.2397  0.0468  0.3402  0.0097 -0.0003  0.1372 0 
 40.7233  0.2085 -0.6605  0.0280  0.5008  0.0529  0.5406  0.0136 -0.0003  0.2565 0 
 45.8167 -0.7552  0.4353  0.0215  0.4640  0.0274  0.2620  0.0576 -0.0003  0.1432 0 
 41.0224  0.7598 -2.7222  0.0306  0.6703  0.0383  0.2698  0.0611 -0.0003  0.2877 0 
 48.5054  0.1780 -2.6951  0.0287  0.3160  0.1496  0.3872  0.0775  0.1979  0.5029 0 
 47.2084 -0.1644  0.4791  0.0100  0.2075  0.1097  0.3899  0.0103 -0.0003  0.1247 0 
 51.4595  0.5251  1.2055  0.0027  0.2825  0.0496  0.4238  0.0456 -0.0003  0.1230 0 
 51.0384 -0.5131 -1.9563  0.0226  0.4792  0.0850  0.5945  0.1358 -0.0003  0.3570 0 
 44.0986 -0.5523 -1.2620  0.2286  0.1774  0.0726  0.6616  0.2708 -0.0003  0.9691 0 
 41.2634  0.5463  1.8792  0.0193  0.2812  0.0848  0.2694  0.0080  0.1559  0.3014 0 
 47.1077  0.5914  1.5713  0.0340  0.1158  0.1242  0.2168  0.0141 -0.0003  0.0981 0 
 44.8493 -0.6095 -1.5414  0.0605  0.3558  0.0373  0.3073  0.0283 -0.0003  0.2931 0 
 47.5563 -0.2620 -2.9020  0.0238  0.3652  0.0175  0.3027  0.0501 -0.0003  0.0959 0 
 46.1555  0.2598  0.2418  0.1072  0.5352  0.1050  0.5665  0.1874 -0.0003  0.8356 0 
 47.4861  0.0061 -1.8420  0.0006  0.0801  0.1128  0.3461  0.0394 -0.0003  0.0540 0 
 46.2867  0.0022  1.3128  0.0298  0.5085  0.0208  0.3919  0.0187 -0.0003  0.1871 0 
 49.6681  0.6694 -2.7608  0.0197  0.6310  0.0563  0.5559  0.1486 -0.0003  0.4006 0 
 38.6267 -0.6635  0.3456  0.0000  0.1101  0.0041  0.1828  0.0215 -0.0003  0.0320 0 
 42.4353  0.1667 -1.2234  0.2575  0.2191  0.0794  0.4901  0.4495  0.1803  0.9919 1 
 41.8830 -0.1809  1.8881  0.3857  0.6560  0.0527  0.2683  0.3066  0.3742  0.9979 1 
 54.3130  0.7848 -2.2502  0.0709  0.2457  0.0618  0.5435  0.1600 -0.0003  0.5719 0 
 42.3255 -0.7942  0.8925  0.0068  0.3618  0.1462  0.4459  0.0215 -0.0003  0.1907 0 
 46.2989  0.2259  1.5225  0.0395  0.5221  0.1378  0.4790  0.1359 -0.0003  0.4142 0 
 43.3753 -0.2104 -1.6118  0.0310  0.1641  0.1007  0.1329  0.0102 -0.0003  0.1953 0 
 46.6743 -0.4332 -0.0346  0.1174  0.3308  0.0701  0.3476  0.1514 -0.0003  0.7428 0 
 39.5117  0.4705  3.1055  0.0491  0.2775  0.0141  0.2271  0.0687 -0.0003  0.1141 0 
 52.4636 -0.3901 -0.8984  0.0390  0.2395  0.0163  0.0843  0.0239 -0.0003  0.1378 0 
 48.8502  0.3673  2.1864  0.0404  0.4859  0.1079  0.4294  0.1019 -0.0003  0.3671 0 
 48.5512  0.2046 -1.7759  0.2210  0.5164  0.0522  0.4301  0.1253 -0.0003  0.8733 0 
 38.1720 -0.1993  1.3507  0.0497  0.3882  0.0565  0.3210  0.1340 -0.0003  0.4979 0 
 47.4556  0.7063  0.2798  0.0225  0.2247  0.0522  0.3894  0.0612 -0.0003  0.1576 0 
 35.8984 -0.6936 -2.8166  0.0435  0.4475  0.0297  0.3265  0.1000  0.0487  0.4245 0 
 47.4495 -0.6028  0.9842  0.0000  0.0776  0.0210  0.0865  0.0467 -0.0003  0.0546 0 
 38.8861  0.6254 -2.1396  0.0028  0.2921  0.0328  0.4106  0.0218 -0.0003  0.0974 0 
 45.8991 -0.3391 -0.4807  0.3094  0.8067  0.0612  0.3055  0.3869 -0.0003  0.9931 1 
 42.7497  0.3367  2.6250  0.0000  0.2521  0.1190  0.1334  0.0042 -0.0003  0.2059 1 
 57.8683 -0.1069  1.5465  0.8704  0.5353  0.0451  0.2881  0.6207 -0.0003  0.9980 1 
 44.8096  0.1147 -1.5662  0.3670  0.6389  0.0412  0.6149  0.3037 -0.0003  0.9823 1 
 50.0069 -0.5385  2.6164  0.0390  0.2665  0.1542  0.4269  0.0385 -0.0003  0.2549 0 
 45.9083  0.4917 -0.5118  0.0371  0.1513  0.2222  0.6110  0.0225 -0.0003  0.2651 0 
 42.3163 -0.7103  0.3623  0.1435  0.3158  0.1505  0.2676  0.0300  0.1712  0.7456 0 
 29.2638  0.7200 -2.7078  0.0102  0.6770  0.0379  0.3462  0.0665 -0.0003  0.2022 0 
 47.3640 -0.6696 -2.9619  0.0312  0.1474  0.0615  0.3896  0.0287 -0.0003  0.1292 0 
 45.4444  0.6710  0.1643  0.0429  0.3180  0.0099  0.2625  0.2348 -0.0003  0.2682 0 
 48.5420 -0.6138  2.4434  0.0005  0.3343  0.0476  0.3441  0.0784 -0.0003  0.1258 0 
 32.6329  0.5998 -0.7148  0.0075  0.0328  0.0641  0.2875  0.0203 -0.0003  0.0695 0 
 53.0373 -0.1975  0.6990  0.0334  0.1563  0.1324  0.4206  0.0555 -0.0003  0.1693 0 
 48.6213  0.1932 -2.4555  0.0150  0.5602  0.0258  0.2580  0.0104 -0.0003  0.1624 0 
 44.7608 -0.3883  0.4349  0.0761  0.6655  0.0304  0.2196  0.1386 -0.0003  0.5014 0 
 27.7226  0.4197 -2.7008  0.0189  0.2818  0.0592  0.4022  0.0090 -0.0003  0.1758 0 
 45.6916  0.7937 -1.9703  0.0607  0.2460  0.0210  0.3496  0.0379 -0.0003  0.1650 0 
 45.5146 -0.7955  1.1360  0.0406  0.1407  0.0267  0.2624  0.1324 -0.0003  0.1323 0 
 49.3538 -0.4416 -1.7047  0.1736  0.3196  0.0916  0.4283  0.1182 -0.0003  0.7698 1 
 44.0986  0.4521  1.4642  0.0522  0.8614  0.0764  0.3969  0.1280  0.0914  0.7357 1 
 47.1260  0.6819  0.8789  0.0060  0.3610  0.0620  0.2601  0.0230 -0.0003  0.1903 0 
 39.9725 -0.7142 -2.2674  0.0150  0.0783  0.1342  0.0905  0.0389 -0.0003  0.1009 0 
 55.2102  0.7446  1.9083  0.0186  0.5250  0.1065  0.4580  0.0723  0.3900  0.6583 0 
 48.1239 -0.7336 -1.2617  0.0252  0.8129  0.0937  0.7329  0.1256 -0.0003  0.4967 0 
 50.6783 -0.3100  1.1212  0.1597  0.3007  0.0512  0.2978  0.2105 -0.0003  0.8476 1 
 33.7255  0.3098 -2.0480  0.1206  0.1036  0.0098  0.3797  0.2267 -0.0003  0.4120 1 
 45.4505 -0.4281  0.8586  0.4111  0.6778  0.1644  0.3063  0.3278 -0.0003  0.9978 1 
 41.5442  0.4528 -2.3510  0.0011  0.6113  0.0577  0.3137  0.0555  0.2700  0.6048 1 
 49.1676 -0.0543  3.1019  0.0145  0.3845  0.0219  0.2572  0.0057 -0.0003  0.1145 0 
 40.7202  0.0542 -0.0536  0.0222  0.2566  0.0260  0.4956  0.0516 -0.0003  0.1595 0 
 55.6985  0.4052 -0.0592  0.3177  0.4832  0.0554  0.2077  0.2983 -0.0003  0.9830 1 
 46.3233 -0.3650  3.0945  0.0876  0.2407  0.2253  0.4789  0.2706 -0.0003  0.8959 1 
 57.2702  0.3162 -2.1941  0.0225  0.3358  0.0950  0.5776  0.0330 -0.0003  0.2465 0 
 48.8319 -0.3333  0.9658  0.0941  0.5377  0.1469  0.6013  0.1135 -0.0003  0.6099 0 
 50.5623  0.2150 -1.5747  0.3855  0.5592  0.0161  0.1703  0.2916  0.0674  0.9855 0 
 44.3641 -0.2116  1.5574  0.1527  0.1341  0.0687  0.7046  0.1694 -0.0003  0.8639 0 
 50.0679  0.2269  2.8983  0.0207  0.1616  0.0102  0.3414  0.0978 -0.0003  0.0577 0 
 38.0743 -0.2112 -0.2509  0.0047  0.3064  0.0264  0.3212  0.0532 -0.0003  0.0719 0 
 45.5879  0.2950  1.7857  0.0089  0.1327  0.0970  0.3061  0.0204 -0.0003  0.0818 0 
 39.8688 -0.2758 -1.3853  0.0277  0.5954  0.0378  0.1812  0.0067 -0.0003  0.3038 0 
 46.6773  0.4043  2.6338  0.3571  0.4407  0.0850  0.6083  0.3485 -0.0003  0.9957 1 
 24.8356 -0.4105 -0.4593  0.2941  0.3149  0.0306  0.3119  0.2581  0.2457  0.9944 1 
 57.5845  0.2494  2.9037  0.4747  0.5941  0.1004  0.3708  0.5562 -0.0003  0.9982 1 
 42.5574 -0.2180 -0.2887  0.1889  0.4069  0.0297  0.3117  0.2181  0.2607  0.9872 1 
 46.6377  0.2130 -3.0397  0.0264  0.6520  0.0245  0.4346  0.0933 -0.0003  0.2736 0 
 46.3874 -0.2250  0.0981  0.0030  0.3355  0.0353  0.3046  0.0395 -0.0003  0.0936 0 
 44.3580  0.2568  1.0804  0.3460  0.5259  0.0347  0.5285  0.6826 -0.0003  0.9981 1 
 35.4162 -0.2725 -2.0359  0.0703  0.5506  0.0258  0.3745  0.1331  0.2597  0.8777 1 
 55.9701  0.2298  0.2269  0.0200  0.5758  0.0841  0.2075  0.0399 -0.0003  0.3407 0 
 55.1644 -0.2106 -2.8616  0.0811  0.5527  0.0211  0.2499  0.0147 -0.0003  0.3212 0 
 47.2511 -0.5747 -3.0709  0.0030  0.2287  0.0786  0.2166  0.1324 -0.0003  0.2397 0 
 44.2298  0.5826  0.0821  0.0341  0.3147  0.0316  0.1763  0.1483 -0.0003  0.2697 0 
 43.9612 -0.7426 -1.1027  0.0268  0.4388  0.0210  0.3531  0.0157 -0.0003  0.1496 0 
 43.1525  0.7544  2.0437  0.0144  0.4129  0.0266  0.3105  0.0217  0.1140  0.3136 0 
 51.1025  0.1933 -0.9255  0.3320  0.5066  0.1513  0.5095  0.4577 -0.0003  0.9985 1 
 46.0060 -0.1658  2.2317  0.0762  0.6975  0.0735  0.3053  0.1690 -0.0003  0.8259 1 
 52.6711  0.4211 -2.8088  0.1806  0.5447  0.2155  0.5056  0.1074 -0.0003  0.7829 1 
 31.2566 -0.4054  0.2958  0.1755  0.1290  0.0474  0.2911  0.0817  0.4039  0.9920 1 
 46.8086  0.7671  1.9140  0.1760  0.1535  0.0415  0.6079  0.0507 -0.0003  0.6409 0 
 36.9055 -0.7672 -1.2856  0.0678  0.3913  0.1143  0.4628  0.0792 -0.0003  0.4216 0 
 50.9926 -0.0369 -2.8446  0.3962  0.6385  0.0677  0.4672  0.3610 -0.0003  0.9938 1 
 44.7150  0.0462  0.2978  0.1096  0.6399  0.0487  0.5713  0.2538 -0.0003  0.9079 1 
 48.4962  0.1345  2.0022  0.0151  0.5386  0.1831  0.3872  0.1243 -0.0003  0.3440 0 
 47.8279 -0.1685 -1.1426  0.0798  0.5019  0.0330  0.3023  0.0090 -0.0003  0.4489 0 
 44.2878  0.4696 -0.1633  0.1604  0.2913  0.0203  0.3965  0.1016 -0.0003  0.5838 0 
 43.7507 -0.4715  2.9800  0.0086  0.2118  0.0629  0.4862  0.0158 -0.0003  0.1347 0 
 46.1707 -0.6576 -2.2223  0.0280  0.0691  0.1459  0.2615  0.0162 -0.0003  0.0567 0 
 44.3000  0.6363  0.9013  0.0055  0.0737  0.0492  0.3084  0.0889 -0.0003  0.0694 0 
 50.5226 -0.4011  1.1538  0.0002  0.1399  0.0764  0.3406  0.0605 -0.0003  0.0805 0 
 43.6988  0.3585 -1.9905  0.0363  0.2117  0.0580  0.3095  0.0482 -0.0003  0.1774 0 
 47.0802  0.5837 -2.8608  0.0441  0.5072  0.0672  0.5636  0.0776 -0.0003  0.3846 1 
 21.6037 -0.6763  0.3293  0.0092  0.3866  0.0278  0.2174  0.1884  0.2175  0.6334 1 
 48.3223  0.6507  1.2188  0.4101  0.5149  0.0417  0.4307  0.6098 -0.0003  0.9979 1 
 44.2023 -0.6513 -1.9298  0.4629  0.7514  0.0235  0.5730  0.7386 -0.0003  0.9983 1 
 47.1809  0.3319 -0.9406  0.1285  0.0589  0.0185  0.4333  0.2130 -0.0003  0.4067 0 
 46.3844 -0.3177  2.1752  0.0118  0.3814  0.0435  0.3046  0.0633  0.1517  0.4139 0 
 48.7312  0.3810  3.0714  0.0727  0.6022  0.0526  0.3867  0.0598 -0.0003  0.5476 0 
 46.4118 -0.3625 -0.1088  0.0198  0.0589  0.0719  0.3046  0.0358 -0.0003  0.0740 0 
 45.4292 -0.5591  0.7480  0.0181  0.5079  0.1757  0.6564  0.1420  0.5385  0.8712 0 
 40.6592  0.5523 -2.4339  0.1535  0.0868  0.0213  0.4056  0.3443 -0.0003  0.6960 0 
 41.7151  0.0846  0.8694  0.0793  0.4640  0.0767  0.4028  0.0139  0.0862  0.5713 0 
 36.9238 -0.1209 -2.2057  0.0686  0.1146  0.1595  0.2776  0.0168 -0.0003  0.1569 0 
 47.9622 -0.3691  1.8420  0.3525  0.4394  0.0204  0.3883  0.3240 -0.0003  0.9796 1 
 22.3209  0.3844 -1.2509  0.3276  0.5746  0.0347  0.5377  0.1015 -0.0003  0.8276 1 
 47.4983 -0.5139 -2.3315  0.1890  0.4196  0.0445  0.2163  0.2343 -0.0003  0.8897 0 
 42.9053  0.5156  0.7945  0.0378  0.5884  0.0111  0.2222  0.0191 -0.0003  0.1384 0 
 47.7852  0.0521  1.5859  0.0019  0.4833  0.0395  0.3455  0.0157 -0.0003  0.1523 0 
 41.5503 -0.0387 -1.5555  0.0891  0.3731  0.0380  0.3585  0.0635 -0.0003  0.4717 0 
 54.9081  0.3905 -0.8910  0.0384  0.4613  0.0629  0.4169  0.0099 -0.0003  0.2800 0 
 45.1270 -0.3786  2.2615  0.0255  0.2212  0.2483  0.6137  0.0279 -0.0003  0.2806 0 
 55.9121  0.0345  1.9648  0.1113  0.2030  0.1371  0.4150  0.0976  0.2065  0.7794 0 
 45.6733 -0.0638 -1.1176  0.0114  0.0849  0.0237  0.1311  0.0355 -0.0003  0.0509 0 
 50.3700  0.5004  2.2806  0.0704  0.2613  0.0845  0.3409  0.0346 -0.0003  0.3483 0 
 41.3123 -0.4944 -0.8127  0.1529  0.7794  0.0210  0.4039  0.0685 -0.0003  0.7457 0 
 52.0424 -0.7922  0.1964  0.0479  0.3535  0.0639  0.5493  0.1350 -0.0003  0.4758 0 
 49.5186  0.7868 -2.9910  0.1011  0.6472  0.0240  0.1284  0.0965 -0.0003  0.4280 0 
 47.1260  0.5333 -2.6243  0.0077  0.4790  0.0278  0.3468  0.0872 -0.0003  0.1332 0 
 44.4495 -0.5294  0.5126  0.0254  0.3619  0.0157  0.1761  0.0178 -0.0003  0.1134 0 
 50.1747 -0.0751 -3.0888  0.0134  0.2755  0.0345  0.5118  0.0930 -0.0003  0.1895 0 
 44.0986  0.0658  0.0319  0.0241  0.3135  0.0152  0.3528  0.0096 -0.0003  0.0940 0 
 51.4260  0.0034  2.9202  0.0218  0.3199  0.0380  0.5086  0.1700 -0.0003  0.3342 0 
 47.5868 -0.0404 -0.2049  0.0371  0.3089  0.0946  0.3459  0.0239 -0.0003  0.2418 0 
 48.6732  0.2983 -2.9796  0.0076  0.7703  0.0384  0.3009  0.0903 -0.0003  0.2325 0 
 43.8514 -0.3059  0.1656  0.0517  0.3670  0.0845  0.2650  0.0427 -0.0003  0.3776 0 
 48.7282  0.5453 -2.6042  0.0294  0.2245  0.0989  0.4297  0.0926 -0.0003  0.2448 0 
 46.2287 -0.5224  0.5034  0.1297  0.2749  0.1111  0.3049  0.1393  0.3075  0.9099 0 
 48.2033 -0.0891  2.1831  0.1906  0.2147  0.1414  0.3447  0.1647  0.3205  0.9498 1 
 41.5747  0.1096 -0.9023  0.1344  0.6758  0.0238  0.3136  0.1223  0.1156  0.7368 1 
 49.8634 -0.2394  2.3116  0.2031  0.4383  0.0572  0.4699  0.0815 -0.0003  0.7768 1 
 41.5076  0.2183 -0.8149  0.1817  0.5429  0.0858  0.2689  0.2172 -0.0003  0.9570 1 
 45.5116 -0.7605  1.4247  0.1123  0.6485  0.0309  0.7873  0.2349 -0.0003  0.9114 1 
 42.7222  0.7521 -1.7102  0.3634  0.7416  0.0706  0.2669  0.4794 -0.0003  0.9965 1 
 50.1747 -0.6698  1.9180  0.1420  0.2903  0.0432  0.2559  0.2620  0.2047  0.9313 0 
 44.0925  0.6786 -1.2341  0.0986  0.0515  0.0902  0.5293  0.1262  0.1904  0.5668 0 
 58.2345  0.3675 -2.6492  0.0102  0.6853  0.0979  0.3287  0.0137 -0.0003  0.2245 0 
 36.2280 -0.3186  0.4489  0.0009  0.3150  0.0212  0.3257  0.0854 -0.0003  0.0677 0 
 41.4191 -0.7255  1.3110  0.0616  0.1821  0.0245  0.5382  0.1365 -0.0003  0.3679 1 
 17.4258  0.7305 -1.6865  0.0013  0.7543  0.0071  0.4675  0.0546 -0.0003  0.1066 1 
 49.9092  0.5512  0.1439  0.0179  0.3510  0.0132  0.2563  0.0035 -0.0003  0.0884 0 
 48.4138 -0.5577 -2.9962  0.0846  0.4762  0.1382  0.4735  0.0108 -0.0003  0.3947 0 
 47.9164 -0.4571  1.2350  0.0392  0.7261  0.0385  0.3884  0.0579 -0.0003  0.3688 0 
 47.1290  0.4621 -1.9191  0.0180  0.2619  0.0458  0.3034  0.0135 -0.0003  0.1376 0 
 47.2938  0.5043  2.3412  0.0861  0.5532  0.0387  0.1732  0.1039 -0.0003  0.5346 1 
 38.7243 -0.4986 -0.7808  0.3060  0.3117  0.0368  0.4110  0.1691 -0.0003  0.8825 1 
 47.3915  0.6542  1.6139  0.0219  0.4260  0.0263  0.2597  0.0241 -0.0003  0.1376 0 
 43.0610 -0.6484 -1.5279  0.0275  0.1473  0.0259  0.2219  0.0386 -0.0003  0.0581 0 
 48.4810 -0.3206  3.1151  0.1406  0.4912  0.0962  0.4303  0.0435 -0.0003  0.6111 0 
 45.8228  0.2939 -0.0471  0.0300  0.4270  0.0269  0.3057  0.0768 -0.0003  0.1702 0 
 52.5704 -0.2318  1.4993  0.5543  0.3145  0.0625  0.3794  0.4611 -0.0003  0.9968 1 
 37.2320  0.2305 -1.6370  0.2815  0.3732  0.1791  0.3232  0.2321 -0.0003  0.9876 1 
 52.6864 -0.0120 -2.9743  0.0607  0.2568  0.1675  0.5476  0.0865 -0.0003  0.4214 0 
 46.8421  0.0596  0.1259  0.1592  0.6864  0.0232  0.2605  0.3026 -0.0003  0.8680 0 
 47.0314  0.7947 -0.1175  0.1035  0.5414  0.0419  0.5638  0.1165 -0.0003  0.7382 1 
 44.2084 -0.7880  3.0179  0.0619  0.4030  0.0778  0.3526  0.0882 -0.0003  0.4775 1 
 38.4497 -0.3881 -0.6441  0.3208  0.7003  0.0870  0.5491  0.2842  0.5789  0.9998 1 
 37.0245  0.3832  2.6148  0.3841  0.5686  0.0556  0.4162  0.2377  0.0593  0.9790 1 
 47.7516 -0.3722  1.5215  0.3292  0.3735  0.1914  0.5615  0.4998 -0.0003  0.9987 1 
 42.0264  0.3715 -1.6177  0.5399  0.2042  0.0441  0.4021  0.2767 -0.0003  0.9814 1 
 48.5298 -0.7608 -1.3983  0.0480  0.1662  0.0161  0.1721  0.1175 -0.0003  0.1322 0 
 47.4006  0.7379  1.7452  0.0057  0.1200  0.0502  0.4761  0.0356 -0.0003  0.0893 0 
 46.8269  0.7358 -1.5060  0.0095  0.3629  0.0135  0.1737  0.0355 -0.0003  0.0886 0 
 29.2149 -0.7112  1.5974  0.0817  0.1585  0.0242  0.1485  0.0295 -0.0003  0.1439 0 
 45.2033  0.6984 -2.3183  0.0073  0.3862  0.1904  0.3944  0.0529 -0.0003  0.2333 0 
 32.4468 -0.6996  0.8067  0.0337  0.1377  0.1039  0.2880  0.1390 -0.0003  0.2317 0 
 44.1474  0.6231  0.3198  0.0732  0.2496  0.0745  0.6614  0.0331 -0.0003  0.4558 0 
 42.8473 -0.6303 -2.8375  0.0401  0.2954  0.0408  0.4444  0.0512 -0.0003  0.2547 0 
 55.4269  0.4907  2.4979  0.0256  0.1023  0.1662  0.4159  0.0163 -0.0003  0.0966 0 
 45.2003 -0.5083 -0.6245  0.0041  0.2424  0.1040  0.2629  0.0485 -0.0003  0.1467 0 
 46.0761  0.5610 -3.0266  0.2080  0.5205  0.0392  0.4796  0.2228 -0.0003  0.9400 1 
 30.2251 -0.5954  0.1653  0.0523  0.2642  0.0817  0.3919  0.1099  0.2603  0.6565 1 
 51.4046 -0.3056  2.5914  0.3538  0.8203  0.0988  0.2967  0.2498 -0.0003  0.9916 1 
 47.4952  0.3133 -0.5136  0.1382  0.4357  0.0463  0.3893  0.0806 -0.0003  0.6799 1 
 47.4617 -0.7799  0.0966  0.0005  0.7620  0.0211  0.5192 -0.0200 -0.0003  0.1732 1 
 31.2535  0.7589 -3.0500  0.1807  0.2920  0.0356  0.2911  0.2938 -0.0003  0.8796 1 
 50.0099  0.5390 -3.1405  0.0045  0.1945  0.0327  0.2561  0.1137 -0.0003  0.0816 0 
 49.5949 -0.5375  0.0078  0.0559  0.2147  0.0253  0.3422  0.0386 -0.0003  0.1492 0 
 45.1911 -0.6812 -2.4125  0.0634  0.4907  0.0084  0.2629  0.0817 -0.0003  0.1839 0 
 43.1800  0.6655  0.7634  0.0245  0.6024  0.0347  0.2661  0.0084 -0.0003  0.2496 0 
 52.0577 -0.2619 -1.9851  0.1404  0.1008  0.0999  0.4648  0.0482 -0.0003  0.4079 0 
 40.6989  0.2413  1.1460  0.0328  0.4653  0.0162  0.3154  0.0546 -0.0003  0.1316 0 
 46.2470  0.1168  2.8569  0.0118  0.3565  0.0799  0.3049  0.0121 -0.0003  0.1938 0 
 42.1698 -0.0902 -0.2855  0.0997  0.1524  0.0217  0.2678  0.0209 -0.0003  0.1605 0 
 46.7842 -0.6633 -1.1711  0.0727  0.2716  0.1153  0.3908  0.0601 -0.0003  0.3873 0 
 40.0824  0.6453  1.9689  0.0077  0.0960  0.0747  0.3167  0.0062 -0.0003  0.0756 0 
 43.9002  0.7741 -2.1545  0.0775  0.4859  0.0451  0.4857  0.2424 -0.0003  0.7900 0 
 38.1292 -0.7762  0.9859  0.0191  0.6639  0.0232  0.3669  0.0084 -0.0003  0.1833 0 
 47.6936  0.0681 -1.2967  0.0073  0.1485  0.0684  0.4321  0.0640 -0.0003  0.1039 0 
 44.8615 -0.0461  1.8524  0.0655  0.0759  0.0869  0.3951  0.0065 -0.0003  0.1232 0 
 57.7279  0.7617  0.9152  0.0405  0.2597  0.0468  0.2059  0.0176  0.0640  0.3374 0 
 44.9653 -0.7553 -2.2372  0.0169  0.4291  0.1023  0.4388  0.0109 -0.0003  0.1996 0 
 48.4199 -0.2811 -0.3114  0.1060  0.5515  0.0938  0.9039  0.0430 -0.0003  0.6855 0 
 46.1830  0.2746  2.8535  0.0758  0.1690  0.0267  0.2614  0.0294 -0.0003  0.1417 0 
 53.9437 -0.7629 -3.0588  0.0164  0.6377  0.1584  0.7538  0.0543 -0.0003  0.3004 0 
 38.1598  0.7671  0.1262  0.0032  0.5450  0.0152  0.2751  0.0200 -0.0003  0.0950 0 
 46.3111  0.2820  2.1787  0.0327  0.3464  0.0827  0.4790  0.0189 -0.0003  0.2475 0 
 46.1158 -0.2863 -0.9612  0.0334  0.1979  0.0382  0.4359  0.1171 -0.0003  0.2186 0 
 50.3304  0.7681 -0.2990  0.0054  0.1112  0.0282  0.2557  0.0197 -0.0003  0.0463 0 
 46.9978 -0.7739  2.8653  0.0260  0.1446  0.2325  0.4337  0.0057 -0.0003  0.1585 0 
 43.7415 -0.3124  1.7851  0.1944  0.1091  0.0327  0.2652  0.1567 -0.0003  0.6241 0 
 34.1741  0.3624 -1.3507  0.0068  0.1124  0.0763  0.2364  0.1946 -0.0003  0.1949 0 
 43.7598  0.7641  2.3106  0.0148  0.3475  0.0393  0.2652  0.0034 -0.0003  0.1677 0 
 41.4466 -0.7303 -0.8549  0.0275  0.4180  0.0487  0.5381  0.1256 -0.0003  0.3677 0 
 50.4036  0.1965  0.3259  0.0032  0.2179  0.0771  0.5538  0.0374 -0.0003  0.1432 0 
 44.9134 -0.2133 -2.8164  0.0421  0.2844  0.0165  0.1317  0.0051 -0.0003  0.1459 0 
 48.2002 -0.2264 -0.8223  0.0336  0.6053  0.0743  0.5602  0.0306 -0.0003  0.2892 0 
 37.8515  0.2152  2.2748  0.0134  0.3403  0.0305  0.3217  0.0561 -0.0003  0.1070 0 
 26.0044  0.3547 -1.8956  0.2708  0.7658  0.0482  0.8201  0.1716 -0.0003  0.9707 1 
 25.2140 -0.4266  1.1313  0.1470  0.4813  0.0576  0.1035  0.0789  0.3992  0.9855 1 
 48.9326  0.6089  0.1999  0.0039  0.5736  0.0259  0.2575  0.0281 -0.0003  0.1264 0 
 46.4729 -0.6145 -2.9524  0.0125  0.5723  0.0626  0.6526  0.0158 -0.0003  0.2245 0 
 48.0720  0.2243  1.3964  0.1261  0.3986  0.1390  0.5175 -0.0200  0.1337  0.6348 0 
 38.7976 -0.1866 -1.7854  0.0441  0.2528  0.0208  0.2739  0.0396 -0.0003  0.1062 0 
 51.5358 -0.2585  2.5653  0.1237  0.6106  0.0426  0.3812  0.0981 -0.0003  0.7722 1 
 45.2003  0.2705 -0.5782  0.1439  0.4392  0.0263  0.5258  0.1877  0.2055  0.9434 1 
 48.7861  0.7954 -0.4386  0.0172  0.6792  0.0452  0.4726  0.0612 -0.0003  0.2618 0 
 45.0263 -0.7932  2.6779  0.0109  0.1077  0.0182  0.3070  0.0168 -0.0003  0.0413 0 
 43.6988  0.4936 -0.3102  0.0018  0.5160  0.0182  0.3537  0.1431 -0.0003  0.1390 0 
 35.7855 -0.4985  2.8807  0.0153  0.2215  0.0448  0.2801  0.0826 -0.0003  0.1161 0 
 54.5602 -0.4140 -2.7778  0.0564  0.2618  0.0677  0.3340  0.0646 -0.0003  0.3253 0 
 38.0682  0.4147  0.3919  0.0767  0.3591  0.0116  0.1836  0.0294  0.1403  0.4843 0 
 57.5540  0.5302  0.0329  0.0314  0.1053  0.0581  0.2884  0.0700 -0.0003  0.1006 0 
 41.1749 -0.5331 -3.0853  0.0453  0.4471  0.0240  0.5390  0.1536  0.1991  0.7369 0 
 50.2205  0.7860  2.5567  0.0175  0.5140  0.1025  0.5970  0.0554 -0.0003  0.2597 1 
 44.8615 -0.7949 -0.5113  0.0369  0.5000  0.1845  0.4829  0.0821 -0.0003  0.3212 1 
 47.0588 -0.7473  2.5358  0.1122  0.1046  0.0681  0.2168  0.0329 -0.0003  0.2145 0 
 44.6113  0.7309 -0.6273  0.0111  0.4939  0.0075  0.1319  0.0082 -0.0003  0.1176 0 
 44.2817  0.5903 -1.5900  0.0573  0.3924  0.0323  0.3965  0.1231 -0.0003  0.4331 0 
 40.2594 -0.6149  1.5793  0.0324  0.1270  0.1156  0.4067  0.0578 -0.0003  0.1329 0 
 42.7802  0.0546 -0.0956  0.0473  0.3778  0.0288  0.3112  0.1447 -0.0003  0.3302 0 
 39.4507 -0.0666  3.0690  0.0652  0.6031  0.0620  0.4544  0.0440 -0.0003  0.4414 0 
 48.8655 -0.4247 -0.0807  0.0285  0.1590  0.0388  0.3435  0.1592 -0.0003  0.1883 0 
 45.2613  0.4480  3.0748  0.0383  0.2283  0.1847  0.3942  0.0571 -0.0003  0.2561 0 
 42.3194  0.2596 -0.6521  0.2087  0.3541  0.0469  0.3567  0.2431  0.3273  0.9963 0 
 32.4620 -0.2445  2.4336  0.1822  0.4587  0.0142  0.2879  0.1806 -0.0003  0.6606 0 
 52.5673  0.5669 -1.4130  0.0127  0.1489  0.1398  0.4215  0.0373 -0.0003  0.1094 0 
 40.6653 -0.5688  1.7097  0.0208  0.6818  0.0238  0.3605  0.0213 -0.0003  0.1788 0 
 48.7770  0.0121  1.6440  0.0185  0.1438  0.0170  0.1289  0.0038 -0.0003  0.0632 0 
 46.7323  0.0058 -1.5289  0.0278  0.2233  0.0417  0.4778  0.0240 -0.0003  0.1757 0 
 47.0130 -0.5298 -0.2170  0.0526  0.3175  0.0190  0.3903  0.0906 -0.0003  0.2299 0 
 46.8299  0.5399  2.9178  0.0034  0.1376  0.0271  0.1302  0.0098 -0.0003  0.0655 0 
 51.5450  0.1712 -1.9510  0.0397  0.5000  0.1212  0.2542  0.0309 -0.0003  0.3099 0 
 44.9958 -0.1720  1.1713  0.0414  0.4040  0.0290  0.2194  0.0207 -0.0003  0.1967 0 
 48.5359 -0.4936  0.7361  0.0097  0.5092  0.0175  0.2581  0.0134 -0.0003  0.1104 0 
 48.3528  0.4809 -2.3904  0.1687  0.0625  0.0195  0.2584  0.0451 -0.0003  0.1697 0 
 44.9287 -0.7289  2.0858  0.0000  0.3238  0.0107  0.2195  0.3218  0.0229  0.3491 0 
 43.4974  0.7339 -1.0757  0.0504  0.4251  0.0229  0.3099  0.0912 -0.0003  0.2321 0 
 48.8777 -0.6572  0.8559  0.0001  0.2629  0.0670  0.5582  0.0809 -0.0003  0.1655 0 
 45.6214  0.6747 -2.2869  0.0183  0.3904  0.0586  0.5246  0.1452 -0.0003  0.3290 0 
 46.6438 -0.4523  2.7643  0.0246  0.1420  0.0308  0.2607  0.1376 -0.0003  0.1148 0 
 41.1322  0.4651 -0.3678  0.0288  0.3011  0.0350  0.1797  0.0987 -0.0003  0.1980 0 
 44.4190  0.5483 -2.8782  0.0168  0.0361  0.2893  0.3081  0.0123 -0.0003  0.0495 0 
 43.7537 -0.5100  0.1991  0.0142  0.2840  0.0449  0.1326  0.0069  0.4994  0.9928 0 
 49.9916  0.7091 -0.0166  0.0255  0.3622  0.0123  0.1707  0.0184 -0.0003  0.1061 0 
 44.2084 -0.6943 -3.1300  0.0142  0.0626  0.1157  0.2204  0.1113 -0.0003  0.0935 0 
 47.8004 -0.6425 -0.4075  0.0029  0.3273  0.0230  0.2591  0.0419 -0.0003  0.0686 0 
 41.9562  0.6277  2.7142  0.0785  0.6286  0.0292  0.3128  0.0694 -0.0003  0.4658 0 
 45.2522  0.1734 -1.7881  0.0167  0.2142  0.1178  0.4381  0.0865 -0.0003  0.1873 0 
 34.7265 -0.1834  1.4165  0.0241  0.7240  0.0137  0.0942  0.0007 -0.0003  0.1682 0 
 43.3661  0.2853 -0.2563  0.0148  0.7370  0.0168  0.3101  0.0261 -0.0003  0.1333 0 
 38.6847 -0.2719  2.8991  0.0195  0.1865  0.0410  0.3198  0.0215 -0.0003  0.0930 0 
 46.7262 -0.4276 -3.0384  0.0135  0.2440  0.0310  0.3910  0.0261 -0.0003  0.0962 0 
 45.9388  0.4383  0.0963  0.0327  0.2233  0.0496  0.2618  0.0934 -0.0003  0.1978 0 
 45.8076 -0.4788 -0.5256  0.2004  0.3559  0.0511  0.5240  0.2326 -0.0003  0.9424 1 
 42.1393  0.4627  2.5908  0.3916  0.3440  0.0351  0.1786  0.4820  0.1385  0.9964 1 
 47.4434  0.3914  2.3588  0.0266  0.4147  0.0486  0.3462  0.1755 -0.0003  0.4360 0 
 45.8686 -0.3936 -0.7782  0.0349  0.5441  0.0460  0.3929  0.0552 -0.0003  0.3232 0 
 42.1149  0.4244  2.1081  0.0278  0.0448  0.0062  0.1339  0.0176 -0.0003  0.0396 0 
 35.7671 -0.4221 -1.0222  0.0128  0.3062  0.0226  0.1867  0.1281 -0.0003  0.1458 0 
 49.1463  0.1134  1.1997  0.0079  0.2495  0.1392  0.3430  0.0557 -0.0003  0.1583 0 
 41.3031 -0.1184 -1.9376  0.0517  0.6348  0.0499  0.4937  0.1119 -0.0003  0.5278 0 
 48.1025 -0.2683 -2.2715  0.0288  0.1356  0.0635  0.4743  0.1586 -0.0003  0.2325 0 
 31.1315  0.2585  0.9068  0.0533  0.6894  0.0074  0.3886  0.0297  0.0546  0.3247 0 
 51.1696 -0.6364  0.1927  0.1559  0.4400  0.0509  0.2546  0.1838 -0.0003  0.8610 1 
 48.3925  0.6302 -2.9542  0.4308  0.5620  0.0312  0.5596  0.2974 -0.0003  0.9835 1 
 45.1423  0.5448  0.6587  0.0710  0.3793  0.0245  0.2192  0.0709 -0.0003  0.2396 0 
 30.3258 -0.5542 -2.5266  0.0178  0.5015  0.0322  0.2447  0.0082 -0.0003  0.1977 0 
 49.5277 -0.6866  2.4113  0.0861  0.5499  0.0717  0.3851  0.0563 -0.0003  0.5439 1 
 46.8055  0.6724 -0.6833  0.0495  0.3606  0.0605  0.3908  0.1579 -0.0003  0.5130 1 
 44.9195  0.6028 -0.5291  0.0055  0.8144  0.1176  0.4828  0.0517 -0.0003  0.2986 0 
 38.5260 -0.5800  2.6337  0.0004  0.7223  0.0398  0.3202  0.0620 -0.0003  0.1776 0 
 42.9572  0.1724  0.7417  0.0298  0.5303  0.0689  0.5773  0.0095 -0.0003  0.2596 0 
 42.9297 -0.1682 -2.4172  0.0027  0.1046  0.0979  0.3554  0.0920 -0.0003  0.0775 0 
 44.2573 -0.4671  2.9637  0.0077  0.2183  0.3036  0.6169  0.0145 -0.0003  0.2308 0 
 42.6215  0.4992 -0.2074  0.0674  0.2957  0.0135  0.1780  0.0775 -0.0003  0.1527 0 
 48.9235  0.2582  1.0156  0.0089  0.5207  0.0415  0.5151  0.0742 -0.0003  0.2158 1 
 48.6976 -0.2472 -2.1581  0.0743  0.0655  0.0137  0.2579  0.0757  0.0574  0.1496 1 
 44.8157  0.5288 -0.1334  0.0182  0.1979  0.0937  0.2196  0.0045 -0.0003  0.1576 0 
 43.4882 -0.5388  3.0101  0.0063  0.4927  0.0446  0.2656  0.0048 -0.0003  0.2145 0 
 62.9343  0.4849  1.4267  0.0012  0.1061  0.0914  0.3629  0.0866 -0.0003  0.0764 0 
 50.8675 -0.5104 -1.7060  0.0000  0.1361  0.0916  0.1700  0.0855 -0.0003  0.1238 0 
 50.3395 -0.7035 -1.5190  0.0292  0.4819  0.0878  0.5114  0.0545 -0.0003  0.2770 0 
 46.2257  0.7127  1.6559  0.0940  0.0904  0.0337  0.2178  0.0255 -0.0003  0.1055 0 
 52.6253 -0.3912 -1.7534  0.0000  0.0601  0.0181  0.1686  0.0195 -0.0003  0.0419 0 
 49.0761  0.3978  1.3881  0.0095  0.2722  0.0213  0.1716  0.0049 -0.0003  0.0938 0 
 50.2358  0.0979 -1.7145  0.0337  0.7204  0.0761  0.4264  0.0296 -0.0003  0.3083 0 
 49.8177 -0.1074  1.4657  0.0105  0.1471  0.0427  0.2991  0.0057 -0.0003  0.0766 0 
 45.6458 -0.2988  2.2102  0.0050  0.2211  0.0829  0.4371  0.0438 -0.0003  0.1261 0 
 38.0224  0.2671 -0.9703  0.0327  0.4876  0.0347  0.3213  0.1175 -0.0003  0.3078 0 
 49.1096  0.2103 -0.2488  0.0157  0.0640  0.1027  0.1287  0.0059 -0.0003  0.0978 0 
 41.1078 -0.2017  2.8483  0.0793  0.1810  0.0139  0.2696  0.0650 -0.0003  0.1258 0 
 41.0712 -0.5335  2.0739  0.4538  0.1765  0.0389  0.2697  0.4941  0.1009  0.9961 1 
 35.0225  0.5232 -1.1002  0.0502  0.3333  0.0425  0.4696  0.1976 -0.0003  0.5244 1 
 48.2948 -0.3862 -0.3476  0.0722  0.5760  0.0471  0.6030  0.1043 -0.0003  0.6014 1 
 45.0202  0.3867  2.7978  0.1699  0.2287  0.0411  0.3071  0.2147 -0.0003  0.8093 1 
 52.3873  0.0055  0.9557  0.0016  0.2487  0.1237  0.4219  0.0269 -0.0003  0.1339 0 
 50.5776  0.0042 -2.1816  0.0088  0.7251  0.0147  0.2128  0.0207 -0.0003  0.1261 0 
 51.7952  0.5518 -1.3898  0.2916  0.6723  0.0627  0.3808  0.3671 -0.0003  0.9924 1 
 50.6416 -0.5354  1.7412  0.1295  0.3591  0.0440  0.3404  0.0574 -0.0003  0.5698 1 
 46.4576 -0.5823  2.6128  0.0398  0.2448  0.0779  0.1740  0.0167 -0.0003  0.2845 0 
 44.1444  0.5799 -0.4883  0.0435  0.6590  0.0419  0.3968  0.1881 -0.0003  0.6604 0 
 52.6833  0.0308 -2.8381  0.2889  0.4450  0.0645  0.4212  0.1973 -0.0003  0.9578 1 
 40.7813 -0.0467  0.3591  0.0532  0.3396  0.0367  0.5404  0.1314 -0.0003  0.4777 1 
 46.2043 -0.7832  2.9829  0.0628  0.7201  0.0737  0.3485  0.1030  0.2302  0.7765 1 
 43.6530  0.7878 -0.1536  0.0890  0.3782  0.0324  0.3095  0.1186 -0.0003  0.5091 1 
 47.7455 -0.4736  1.7897  0.0002  0.1110  0.0686  0.4320  0.0181 -0.0003  0.0760 0 
 43.4760  0.4728 -1.3496  0.0020  0.2424  0.0322  0.3099  0.0284 -0.0003  0.0658 0 
 51.7098  0.1109  1.4616  0.0096  0.2814  0.2470  0.4233  0.0109 -0.0003  0.2025 0 
 41.5290 -0.0754 -1.6978  0.0094  0.0748  0.0860  0.3585  0.1699 -0.0003  0.1174 0 
 49.3172 -0.6326  2.6417  0.0393  0.4139  0.0340  0.1713  0.0106 -0.0003  0.2535 0 
 45.7862  0.6237 -0.4925  0.0307  0.2255  0.0609  0.1310  0.0724 -0.0003  0.2687 0 
 47.0253  0.3002 -2.4144  0.0153  0.2266  0.0589  0.3469  0.0353 -0.0003  0.1319 0 
 22.3209 -0.2962  0.7319  0.2815  0.1022  0.0177  0.2151  0.1110  0.1484  0.8375 0 
 66.1906 -0.7265 -2.9472  0.0193  0.2198  0.1329  0.4382  0.0533 -0.0003  0.1785 0 
 48.5573  0.7578  0.1598  0.0047  0.0749  0.1045  0.2580  0.2197 -0.0003  0.1627 0 
 60.8377  0.0046  2.6700  0.0302  0.2293  0.0623  0.3252  0.0256 -0.0003  0.1743 0 
 48.9540  0.0476 -0.4894  0.0092  0.1338  0.1177  0.3863  0.0511 -0.0003  0.0869 0 
 42.8473 -0.2838  0.0643  0.2579  0.5720  0.0348  0.4000  0.3159  0.1260  0.9704 1 
 41.1322  0.2665 -3.0954  0.0032  0.7408  0.0331  0.3145  0.1757 -0.0003  0.3009 1 
 48.3314  0.7726 -2.7610  0.0390  0.2943  0.0259  0.2584  0.1126 -0.0003  0.1839 0 
 45.3834 -0.7542  0.4218  0.0633  0.6019  0.0379  0.2626  0.0829 -0.0003  0.4585 0 
 45.6642 -0.6777 -1.1659  0.3201  0.3477  0.1169  0.3059  0.3277 -0.0003  0.9945 1 
 42.5116  0.6991  1.9774  0.3191  0.4175  0.0622  0.5344  0.3579  0.4542  0.9998 1 
 49.4942 -0.5965  0.5464  0.0182  0.1798  0.1521  0.3852  0.0757 -0.0003  0.1600 0 
 36.3745  0.5613 -2.5556  0.0050  0.0481  0.0557  0.1859  0.0760 -0.0003  0.0746 0 
 49.4484  0.3660  2.7108  0.0179  0.1807  0.0244  0.2569  0.0097 -0.0003  0.0618 0 
 42.5238 -0.3679 -0.4463  0.0085  0.1244  0.0317  0.3117  0.0585 -0.0003  0.0525 0 
 48.1239 -0.4240  0.8522  0.0091  0.2118  0.0474  0.2156  0.0667 -0.0003  0.1022 0 
 33.7682  0.5029 -2.2674  0.0745  0.3795  0.0833  0.5220  0.0444 -0.0003  0.4318 0 
 49.9428  0.4079  1.7167  0.2116  0.5614  0.1406  0.5124  0.1033 -0.0003  0.8365 1 
 47.1748 -0.4245 -1.4779  0.8184  0.4024  0.0331  0.3900  0.5742 -0.0003  0.9976 1 
 44.5380 -0.5786 -2.6698  0.0477  0.3282  0.0348  0.2640  0.0112 -0.0003  0.2232 0 
 36.1669  0.6091  0.5329  0.0383  0.1280  0.1017  0.1862  0.0317 -0.0003  0.1391 0 
 47.4525  0.5539  2.6526  0.0639  0.2805  0.0512  0.3461  0.0944  0.0808  0.5390 0 
 44.7395 -0.5476 -0.4883  0.1158  0.4258  0.1566  0.7469  0.0623  0.3410  0.8971 0 
 39.7314  0.5870  2.7301  0.0042  0.2553  0.0244  0.3175  0.0628 -0.0003  0.0595 0 
 37.8576 -0.5909 -0.4053  0.0068  0.6289  0.0536  0.4596  0.0433 -0.0003  0.1978 0 
 47.6570 -0.6093  0.7605  0.0458  0.3794  0.0279  0.4754  0.0311 -0.0003  0.2926 0 
 45.8503  0.6574 -2.4044  0.0684  0.2254  0.0287  0.3929  0.0500  0.0809  0.4286 0 
 36.0906  0.5311  2.2483  0.0766  0.2594  0.0212  0.2329  0.0328 -0.0003  0.1701 0 
 32.4559 -0.5295 -0.9579  0.0085  0.4559  0.0216  0.2400  0.0018 -0.0003  0.1296 0 
 45.3040  0.4145  1.0791  0.0441  0.1876  0.0671  0.4817  0.0538  0.3887  0.6317 1 
 32.9137 -0.3872 -2.0202  0.6419  0.1361  0.0461  0.3346  0.4258  0.5062  0.9997 1 
 51.5938 -0.2945  1.4132  0.5021  0.3771  0.0729  0.5082  0.7943  0.3061  0.9998 1 
 42.5177  0.3039 -1.7077  0.1419  0.3383  0.0892  0.4899  0.0775 -0.0003  0.6302 1 
 45.5055 -0.1986 -2.9120  0.0992  0.0915  0.0959  0.2624  0.0449 -0.0003  0.1919 0 
 40.1404  0.2062  0.2160  0.1484  0.2370  0.0550  0.3166  0.0571 -0.0003  0.5229 0 
 53.5531  0.3103 -2.4729  0.0242  0.3279  0.0294  0.2517  0.0253 -0.0003  0.1248 0 
 45.9541 -0.2970  0.6721  0.0081  0.0500  0.0099  0.3054  0.0411 -0.0003  0.0338 0 
 46.9825  0.0527  0.9156  0.0741  0.3002  0.0976  0.3904  0.1252 -0.0003  0.5367 0 
 43.1403 -0.0754 -2.2151  0.0424  0.2635  0.0453  0.1774  0.0178 -0.0003  0.2291 0 
 44.9775  0.4845  1.7116  0.0483  0.2303  0.0740  0.5704  0.4017 -0.0003  0.7620 1 
 32.6299 -0.4240 -1.4133  0.0876  0.5135  0.0325  0.1437  0.1315 -0.0003  0.4741 1 
 53.0892 -0.2632 -1.4459  0.0222  0.2092  0.0507  0.2523  0.0312 -0.0003  0.1230 0 
 39.8230  0.2900  1.6576  0.0178  0.1082  0.0214  0.2720  0.0097 -0.0003  0.0472 0 
 58.8144  0.4050 -1.7259  0.0123  0.3614  0.0727  0.3689  0.0268 -0.0003  0.1828 0 
 48.3192 -0.3808  1.4023  0.0054  0.3557  0.0659  0.2584  0.0410 -0.0003  0.1898 0 
 59.1287 -0.1207  0.3864  0.0015  0.0768  0.1014  0.3275  0.1066 -0.0003  0.0726 0 
 42.5116  0.1342 -2.7433  0.0025  0.1435  0.0673  0.6680  0.0510 -0.0003  0.1517 0 
 46.5034  0.7068  0.9286  0.0026  0.2503  0.0665  0.4785  0.0146 -0.0003  0.1335 0 
 42.7375 -0.7091 -2.2277  0.0053  0.8682  0.0403  0.2224  0.0659 -0.0003  0.2360 0 
 51.3558 -0.6711  1.5772  0.0349  0.1663  0.2100  0.3392  0.0745 -0.0003  0.2163 0 
 29.7551  0.6792 -1.5796  0.0004  0.0850  0.0130  0.4430  0.1391 -0.0003  0.0679 0 
 44.6448  0.6910 -1.9117  0.2397  0.7038  0.0377  0.3517  0.4324 -0.0003  0.9883 1 
 43.7293 -0.6876  1.2150  0.2943  0.1504  0.0493  0.5304  0.3366 -0.0003  0.9833 1 
 53.1563  0.2594  2.4801  0.0335  0.7079  0.0173  0.2102  0.0344  0.1082  0.3354 0 
 49.0608 -0.2611 -0.6603  0.0392  0.2340  0.0355  0.3861  0.0204 -0.0003  0.1658 0 
 45.2247  0.1254 -2.2083  0.1733  0.3865  0.0226  0.3505  0.1079 -0.0003  0.6197 0 
 34.4762 -0.1251  0.9154  0.2333  0.0981  0.0479  0.3774  0.1673 -0.0003  0.7617 0 
 49.4453  0.2107  2.1804  0.4268  0.1981  0.0423  0.4709  0.5751  0.0532  0.9982 1 
 24.2527 -0.2060 -0.9956  0.0231  0.3216  0.0357  0.4714  0.1004  0.2925  0.6682 1 
 47.7150 -0.7249 -2.0455  0.0444  0.6061  0.0523  0.3888  0.0287 -0.0003  0.3565 0 
 46.2898  0.7165  1.1401  0.0794  0.2841  0.0303  0.3048  0.1218 -0.0003  0.3863 0 
 48.3253 -0.4501 -2.0211  0.0879  0.3576  0.0828  0.6460  0.0273 -0.0003  0.4855 1 
 33.5668  0.4501  1.1446  0.0844  0.6318  0.0515  0.3802  0.0517 -0.0003  0.6030 1 
 45.6092 -0.1318  0.8218  0.0054  0.3999  0.0354  0.3935  0.0291 -0.0003  0.1296 0 
 44.9439  0.1261 -2.2834  0.0060  0.1059  0.0837  0.2633  0.0528 -0.0003  0.0786 0 
 45.2857 -0.6781  0.4971  0.0976  0.6522  0.0581  0.3942  0.1711 -0.0003  0.8452 1 
 40.2869  0.6741 -2.6776  0.4447  0.4486  0.0456  0.3615  0.4174  0.3683  0.9997 1 
 47.3426  0.4845 -1.8657  0.1796  0.5328  0.0216  0.1299  0.1733 -0.0003  0.6512 0 
 45.7923 -0.4683  1.2519  0.0133  0.2985  0.0368  0.5677  0.1296 -0.0003  0.2614 0 
 48.2551  0.5880  1.4553  0.0050  0.4592  0.0089  0.0862  0.0091 -0.0003  0.1322 0 
 45.5268 -0.5784 -1.7080  0.0326  0.1006  0.0380  0.2187  0.0151 -0.0003  0.0708 0 
 53.7972 -0.7182 -1.8738  0.0134  0.4793  0.0671  0.2095  0.0949 -0.0003  0.3679 0 
 44.8981  0.7300  1.2318  0.0217  0.2076  0.0114  0.2634  0.0174 -0.0003  0.0496 0 
 56.0983 -0.0484  0.1630  0.0026  0.1645  0.0608  0.3317  0.0097 -0.0003  0.0892 0 
 45.1240  0.0624 -3.0001  0.0387  0.0432  0.0298  0.2630  0.1097 -0.0003  0.0782 0 
 47.4403  0.1369 -2.2753  0.0091  0.3358  0.0657  0.3029  0.0139 -0.0003  0.1806 0 
 31.0857 -0.1255  0.8532  0.0021  0.5692  0.0288  0.2916  0.0117 -0.0003  0.1440 0 
 46.9368 -0.1057 -0.2047  0.0172  0.0949  0.0321  0.3471  0.0357 -0.0003  0.0588 0 
 44.4282  0.1156  2.9241  0.0067  0.1960  0.0054  0.0880  0.1028 -0.0003  0.0916 0 
 40.7263  0.7048  0.4892  0.0550  0.5039  0.0249  0.3154  0.1268 -0.0003  0.3504 0 
 35.9869 -0.6685 -2.6007  0.0140  0.2556  0.0553  0.3729  0.0054  0.3005  0.5019 0 
 48.0537  0.1599  2.5584  0.0096  0.2849  0.0338  0.3450 -0.0200 -0.0003  0.1420 0 
 46.0151 -0.1337 -0.5370  0.0087  0.4935  0.0141  0.3053  0.0766 -0.0003  0.0943 0 
 45.6977 -0.6876 -1.9708  0.0663  0.4514  0.0327  0.4369  0.0589 -0.0003  0.4423 0 
 41.3916  0.7073  1.1509  0.0094  0.1412  0.1110  0.7177  0.1686 -0.0003  0.3202 0 
 43.6744 -0.4106  0.3103  0.0095  0.2709  0.0256  0.4864  0.0335  0.1623  0.3153 0 
 43.1403  0.4234 -2.8147  0.0170  0.1807  0.0251  0.4880  0.0339 -0.0003  0.1056 0 
 52.7260  0.1673 -0.5729  0.0771  0.0176  0.0642  0.1263  0.0273 -0.0003  0.0979 0 
 47.1015 -0.1419  2.5362  0.0019  0.2142  0.0894  0.3902  0.0063 -0.0003  0.1142 0 
 43.7293  0.4525 -0.5691  0.0780  0.4729  0.0190  0.0884  0.0836 -0.0003  0.2462 0 
 37.2869 -0.5219  2.5315  0.0473  0.1719  0.1260  0.2308  0.0009 -0.0003  0.1759 0 
 48.3497  0.6618  0.8586  0.0071  0.4668  0.1007  0.3445  0.0148 -0.0003  0.1839 0 
 43.0365 -0.6311 -2.3490  0.1421  0.1398  0.0896  0.3107  0.0911 -0.0003  0.4939 0 
 46.0517  0.3843 -2.9384  0.0087  0.4331  0.0415  0.5669  0.0579 -0.0003  0.2084 0 
 40.4486 -0.3469  0.2495  0.0081  0.5246  0.0372  0.4062  0.0379 -0.0003  0.1662 0 
 53.9620  0.2629  0.5057  0.0062  0.0626  0.0458  0.2512  0.0795  0.1947  0.2229 0 
 46.0548 -0.2900 -2.6539  0.0325  0.4892  0.1029  0.4361  0.0056 -0.0003  0.2417 0 
 43.0732 -0.5251 -2.3096  0.2717  0.1471  0.0846  0.3107  0.2755  0.5670  0.9991 1 
 41.2238  0.5295  0.7855  0.0035  0.4218  0.1664  0.8083  0.2263 -0.0003  0.5288 1 
 54.1451  0.4386  2.5853  0.0358  0.6460  0.0754  0.1674  0.0250 -0.0003  0.4424 0 
 50.1167 -0.4113 -0.5449  0.0086  0.5259  0.0660  0.4266  0.0367 -0.0003  0.1902 0 
 35.4101 -0.1646 -0.1986  0.1422  0.3309  0.0293  0.3745  0.1403  0.0856  0.7951 0 
 29.5171  0.1826  2.9390  0.0868  0.2287  0.0195  0.3453  0.0154 -0.0003  0.2171 0 
 51.1635  0.7266  2.4873  0.0843  0.4200  0.0337  0.2971  0.2391 -0.0003  0.6971 0 
 38.5016 -0.7380 -0.6586  0.0794  0.1718  0.0405  0.4575  0.1005 -0.0003  0.3666 0 
 40.7691 -0.7889 -2.2807  0.0487  0.0586  0.0445  0.3153  0.0174 -0.0003  0.0790 0 
 39.7986  0.7969  0.8655  0.0369  0.2708  0.0900  0.4080  0.1003 -0.0003  0.3145 0 
 40.7477  0.6898  3.0628  0.0075  0.5599  0.1316  0.2703  0.0230 -0.0003  0.2274 0 
 40.7019 -0.7220 -0.0325  0.0315  0.2331  0.0734  0.2704  0.0557 -0.0003  0.2120 0 
 51.9356  0.1350  2.0089  0.3429  0.2089  0.1277  0.5073  0.2933  0.1444  0.9940 1 
 38.5931 -0.1359 -1.1265  0.0378  0.5417  0.0649  0.4571  0.3210 -0.0003  0.7850 1 
 50.2144  0.6950  1.1544  0.0098  0.3664  0.0666  0.2985  0.0333  0.2637  0.4949 0 
 40.7843 -0.7134 -1.9999  0.0032  0.6328  0.0488  0.5854  0.0816 -0.0003  0.2295 0 
 48.9937 -0.6027 -0.5144  0.0287  0.2830  0.1521  0.3862  0.0504 -0.0003  0.2351 0 
 39.8169  0.5875  2.6956  0.0020  0.1779  0.1098  0.3626  0.0156 -0.0003  0.0957 0 
 46.9398  0.1565  2.3532  0.1844  0.2063  0.0111  0.2603  0.0214 -0.0003  0.3264 0 
 45.9815 -0.1590 -0.7895  0.0013  0.2263  0.0389  0.5671  0.1041 -0.0003  0.1637 0 
 50.3639 -0.6714  0.3628  0.0266  0.0408  0.0144  0.3409  0.0353 -0.0003  0.0443 0 
 43.3326  0.6740 -2.7803  0.0085  0.2584  0.0159  0.1772  0.0141 -0.0003  0.0693 0 
 57.7188 -0.3782  2.6430  0.0125  0.5748  0.0459  0.3706  0.1425 -0.0003  0.3531 0 
 48.5481  0.3746 -0.5578  0.1661  0.2560  0.1387  0.3871  0.1904 -0.0003  0.8872 0 
 50.2815  0.4490 -2.5938  0.0289  0.4833  0.0475  0.3410  0.0070 -0.0003  0.2651 0 
 48.9418 -0.4510  0.5396  0.0418  0.1445  0.0813  0.4293  0.1280 -0.0003  0.2580 0 
 58.4970 -0.1538  0.6164  0.0092  0.3042  0.2167  0.1231  0.0115 -0.0003  0.2090 0 
 43.3295  0.1477 -2.5381  0.0038  0.3870  0.0450  0.2659  0.0202  0.0654  0.2547 0 
 42.2217  0.7057  0.9586  0.0363  0.3816  0.0819  0.5354  0.0457 -0.0003  0.3025 0 
 40.5066 -0.6845 -2.2088  0.0242  0.6029  0.0299  0.4512  0.0256 -0.0003  0.2372 0 
 53.2174 -0.5850  0.9136  0.0808  0.1572  0.0622  0.2941  0.0711 -0.0003  0.2763 0 
 47.0100  0.6068 -2.2740  0.0068  0.2720  0.0614  0.2168  0.0418  0.1894  0.3826 0 
 55.2468 -0.6889 -0.8140  0.0458  0.3956  0.4801  0.5411  0.0253 -0.0003  0.2889 0 
 45.0477  0.7063  2.2980  0.0129  0.5502  0.0508  0.2631  0.0438 -0.0003  0.2478 0 
 49.9916  0.7695 -2.2661  0.0105  0.4139  0.0535  0.3415  0.0562 -0.0003  0.1874 0 
 47.7760 -0.7795  0.8615  0.0792  0.3488  0.0137  0.2160  0.0486 -0.0003  0.1662 0 
 40.9918 -0.6830 -2.4204  0.1925  0.4112  0.0496  0.7196  0.0952  0.1370  0.9198 1 
 39.6399  0.6373  0.7344  0.9001  0.5849  0.0376  0.6353  0.4686  0.0573  0.9946 1 
 50.8949 -0.1145 -1.8770  0.0616  0.6922  0.0627  0.3400  0.0388 -0.0003  0.4883 1 
 33.5943  0.1276  1.3416  0.0957  0.2485  0.0426  0.3326  0.1459 -0.0003  0.5466 1 
 44.4007  0.4549  1.9527  0.0143  0.3439  0.0233  0.2641  0.0270 -0.0003  0.0912 0 
 43.0518 -0.4206 -1.1873  0.0160  0.0679  0.0286  0.2663  0.0318 -0.0003  0.0472 0 
 48.9570 -0.5051  1.3613  0.1427  0.2905  0.0345  0.3434  0.1245 -0.0003  0.6454 0 
 42.0203  0.4818 -1.7597  0.0029  0.2730  0.0363  0.4021  0.0356  0.1121  0.2210 0 
 39.3744  0.2828 -0.4679  0.0046  0.5620  0.0266  0.2728  0.1177  0.1269  0.4122 0 
 38.0102 -0.2754  2.6782  0.0394  0.1478  0.0505  0.5968  0.0364 -0.0003  0.2341 0 
 50.1869 -0.2789 -1.6730  0.0328  0.1130  0.0490  0.2132  0.0217 -0.0003  0.0873 0 
 48.2399  0.2892  1.4668  0.0013  0.1315  0.0309  0.3877  0.0272 -0.0003  0.0556 0 
 48.5084  0.6409 -2.7554  0.1149  0.1104  0.1485  0.2581  0.1845  0.0526  0.6922 1 
 40.4791 -0.6410  0.4139  0.0177  0.4406  0.0994  0.3610  0.0197 -0.0003  0.2054 1 
 48.5420  0.7412  1.3997  0.0282  0.5268  0.0282  0.3441  0.0273 -0.0003  0.1978 0 
 46.2501 -0.7340 -1.7734  0.0082  0.1409  0.0272  0.5227  0.0313 -0.0003  0.0927 0 
 53.2662  0.2659  1.2136  0.0053  0.1717  0.0149  0.2101  0.0092 -0.0003  0.0444 0 
 49.7017 -0.2819 -1.9735  0.0098  0.4343  0.0739  0.4703  0.1196 -0.0003  0.2568 0 
 47.8767  0.7133  1.7109  0.1001  0.4431  0.0066  0.2590  0.0650 -0.0003  0.2310 1 
 33.6431 -0.7284 -1.4621  0.0486  0.2991  0.0179  0.3325  0.0593 -0.0003  0.1417 1 
 63.2547 -0.5156 -1.2349  0.0292  0.2035  0.2626  0.2416  0.0212 -0.0003  0.2024 0 
 43.7354  0.5140  1.9404  0.0141  0.2614  0.0569  0.3536  0.0317 -0.0003  0.1437 0 
 56.1593 -0.4024  1.1608  0.0189  0.2101  0.0627  0.3731  0.0151  0.0149  0.1521 0 
 43.5340  0.3999 -1.9760  0.0373  0.3233  0.0126  0.0885  0.0147 -0.0003  0.1460 0 
 51.2154 -0.0136 -1.8825  0.0305  0.4105  0.0827  0.6789  0.0360 -0.0003  0.3183 0 
 46.8879  0.0216  1.2304  0.0206  0.2781  0.0215  0.3038  0.0193 -0.0003  0.0825 0 
 39.6124  0.3755 -3.0469  0.0119  0.1313  0.0542  0.3631  0.0595 -0.0003  0.0866 0 
 37.4578 -0.3910  0.0510  0.1019  0.2626  0.0961  0.5531  0.0633 -0.0003  0.5142 0 
 47.7302 -0.5738  0.7542  0.0192  0.4012  0.1424  0.4752  0.0886 -0.0003  0.2742 0 
 42.7771  0.5902 -2.4165  0.0290  0.3336  0.0256  0.2668  0.0108 -0.0003  0.1335 0 
 48.9021  0.0210  1.0878  0.0011  0.4085  0.0022  0.1288  0.0523 -0.0003  0.0916 0 
 40.7660 -0.0128 -2.0645  0.0032  0.2145  0.0259  0.2702  0.0479 -0.0003  0.0509 0 
 52.2866 -0.0807 -0.1702  0.0115  0.7200  0.0445  0.2532  0.0252 -0.0003  0.2633 0 
 51.3985  0.0810  2.9483  0.0138  0.3583  0.0524  0.2543  0.0185 -0.0003  0.1972 0 
 57.5448 -0.4934  1.3184  0.1592  0.2350  0.0754  0.2884  0.1019 -0.0003  0.6609 1 
 39.2523  0.4986 -1.8848  0.0469  0.7416  0.0242  0.2730  0.2479  0.2470  0.8287 1 
 50.9712 -0.6139  3.0462  0.0109  0.1934  0.0305  0.2974  0.0773 -0.0003  0.0677 0 
 47.1565  0.6067 -0.0653  0.0642  0.5746  0.0256  0.4334  0.0970  0.2230  0.7531 0 
 50.6569  0.6539  3.1087  0.0111  0.2435  0.1172  0.4680  0.0366 -0.0003  0.1605 0 
 39.4842 -0.6665 -0.0665  0.0809  0.5592  0.0177  0.2271  0.0602 -0.0003  0.2795 0 
 50.9773  0.6090 -1.4781  0.1060  0.7218  0.1288  0.5522  0.1517  0.3033  0.9266 0 
 41.1810 -0.5947  1.7130  0.0038  0.1979  0.0305  0.2695  0.0501  0.1104  0.1978 0 
 45.9022 -0.1344 -0.2892  0.0149  0.5741  0.0391  0.1745  0.0019 -0.0003  0.2905 0 
 42.9023  0.1445  2.8455  0.0276  0.2563  0.0285  0.4443  0.0710 -0.0003  0.1668 0 
 43.8666  0.5963 -2.5393  0.3718  0.4078  0.0430  0.5742  0.3679  0.1944  0.9994 1 
 35.0378 -0.6028  0.6194  0.1088  0.5363  0.0306  0.3287  0.3200  0.2407  0.9368 1 
 53.4249  0.1761 -2.5945  0.0179  0.7876  0.1393  0.6297  0.1362 -0.0003  0.4469 0 
 43.1189 -0.1617  0.5296  0.0070  0.4752  0.0207  0.3106  0.0452 -0.0003  0.0944 0 
 42.8046 -0.3953  0.5156  0.0296  0.1265  0.0906  0.1778  0.0428 -0.0003  0.1327 0 
 32.7398  0.4287 -2.6156  0.0621  0.3580  0.0264  0.2872  0.0390 -0.0003  0.2233 0 
 54.4900  0.6852  0.0388  0.0275  0.3588  0.2258  0.3342  0.0098 -0.0003  0.2361 0 
 48.8869 -0.6723  3.0860  0.0284  0.5836  0.0511  0.3864  0.0331 -0.0003  0.2791 0 
 45.7954 -0.3564 -3.0118  0.1166  0.5898  0.1326  0.7860  0.0980 -0.0003  0.7527 0 
 40.1221  0.4134  0.1357  0.0565  0.1273  0.0856  0.5428  0.0181 -0.0003  0.2375 0 
 47.7394  0.5778 -2.4445  0.0361  0.5166  0.1914  0.6048  0.1706 -0.0003  0.5016 0 
 38.5321 -0.5642  0.6791  0.0157  0.2209  0.0131  0.1829  0.0115 -0.0003  0.0602 0 
 48.6580  0.4539  2.2032  0.1458  0.7653  0.0489  0.4729  0.2852 -0.0003  0.9575 1 
 37.3510 -0.4218 -0.9341  0.2545  0.5986  0.0499  0.2768  0.0959  0.3174  0.9703 1 
 47.3121  0.6111 -3.0260  0.2071  0.1918  0.0457  0.2165  0.1751 -0.0003  0.7945 0 
 43.3173 -0.6215  0.1227  0.0412  0.4058  0.0529  0.3545  0.1116 -0.0003  0.4088 0 
 43.4028 -0.5173  2.0054  0.0936  0.1909  0.0040  0.1329  0.0541 -0.0003  0.1180 0 
 41.0010  0.5243 -1.0905  0.0502  0.1906  0.0563  0.2249  0.0257 -0.0003  0.1916 0 
 50.3090 -0.3230  0.4228  0.0130  0.4108  0.0832  0.3410  0.0534 -0.0003  0.2121 0 
 50.2113  0.3270 -2.7730  0.1245  0.1753  0.1494  0.1279  0.1375 -0.0003  0.7234 0 
 50.4799  0.6545 -0.3601  0.2473  0.3690  0.0813  0.3407  0.1852 -0.0003  0.9443 1 
 40.0824 -0.6962  2.7973  0.4999  0.6322  0.0641  0.4977  0.3419  0.1668  0.9958 1 
 48.2979  0.6134  1.1922  0.0239  0.2797  0.0595  0.5599  0.0375 -0.0003  0.2363 0 
 39.2889 -0.6114 -1.9612  0.0011  0.0791  0.0338  0.3639  0.0118 -0.0003  0.0550 0 
 50.7546 -0.6678 -0.2090  0.0554  0.5591  0.0187  0.1701  0.1821 -0.0003  0.3095 0 
 46.5644  0.6849  2.9111  0.0015  0.2669  0.0453  0.4348  0.1014 -0.0003  0.1357 0 
 44.6235  0.7447 -1.5695  0.3900  0.6688  0.0471  0.4397  0.5731 -0.0003  0.9976 1 
 43.4852 -0.7228  1.5318  0.3438  0.5233  0.0400  0.3541  0.4655  0.4000  0.9997 1 
 44.8615 -0.2486  2.4736  0.2209  0.5555  0.0650  0.5708  0.2222 -0.0003  0.9687 0 
 43.7659  0.2284 -0.6453  0.0172  0.3135  0.0721  0.3094  0.0064 -0.0003  0.1960 0 
 47.0222  0.6727  0.8112  0.0454  0.4550  0.0245  0.3036  0.0383 -0.0003  0.1988 0 
 46.7262 -0.6683 -2.3532  0.0176  0.1641  0.0249  0.3475  0.0241 -0.0003  0.0617 0 
 47.6326 -0.7876 -2.4632  0.0103  0.1871  0.0156  0.2594  0.0198 -0.0003  0.0436 0 
 44.8768  0.7816  0.7235  0.0246  0.3110  0.0457  0.3951  0.0272 -0.0003  0.1863 0 
 48.7190 -0.6445  0.5197  0.0005  0.2741  0.2406  0.1719  0.0467 -0.0003  0.2281 0 
 44.0162  0.6516 -2.6946  0.0010  0.0349  0.2140  0.2648  0.0045 -0.0003  0.0426 0 
 46.7994 -0.4838 -2.8390  0.2433  0.1060  0.0218  0.3040  0.2379  0.0638  0.8413 0 
 41.3184  0.4724  0.3239  0.0674  0.6630  0.0404  0.3141  0.1293  0.1268  0.7347 0 
 47.1107 -0.7359 -2.1916  0.0619  0.3036  0.0440  0.1734  0.0185 -0.0003  0.3109 0 
 44.9622  0.7281  0.8821  0.1016  0.2547  0.0451  0.3511  0.1253 -0.0003  0.5489 0 
 45.0568  0.7017 -3.1065  0.0019  0.2732  0.1765  0.3947  0.0803 -0.0003  0.1937 0 
 42.8870 -0.6753  0.0076  0.0230  0.5882  0.0193  0.3555  0.0345 -0.0003  0.1484 0 
 50.3548  0.5264 -2.8865  0.1161  0.7747  0.0735  0.5113  0.1259 -0.0003  0.8337 1 
 38.8525 -0.4913  0.3151  0.1200  0.2127  0.0426  0.3651  0.1487  0.2661  0.9113 1 
 46.9398 -0.6387  2.4835  0.0075  0.4995  0.0551  0.2603  0.0158 -0.0003  0.2343 0 
 42.4811  0.6470 -0.6754  0.0588  0.1794  0.1014  0.3118  0.0228 -0.0003  0.2205 0 
 41.9471  0.5703 -1.9655  0.0093  0.1971  0.0238  0.2235  0.0724 -0.0003  0.0577 0 
 41.0468 -0.5916  1.2127  0.0785  0.5550  0.1028  0.2248  0.1728 -0.0003  0.7908 0 
 46.3050 -0.5078  1.6151  0.0247  0.2896  0.0359  0.3919  0.0140 -0.0003  0.1575 1 
 45.0690  0.5337 -1.4905  0.2174  0.5389  0.0771  0.4824  0.3174  0.1296  0.9788 1 
 45.4353 -0.1796 -2.0095  0.0396  0.1852  0.0156  0.3501  0.0402 -0.0003  0.0779 0 
 44.9561  0.1859  1.0835  0.0871  0.7137  0.1187  0.6143  0.0966 -0.0003  0.5962 0 
 50.0526  0.0239 -0.8120  0.1444  0.6810  0.0491  0.3414  0.1285 -0.0003  0.8728 0 
 48.2612 -0.0382  2.3171  0.0656  0.3070  0.1744  0.5600  0.0869 -0.0003  0.4415 0 
 46.7903 -0.6656  2.8661  0.0052  0.3144  0.0820  0.3040  0.0507 -0.0003  0.1687 0 
 45.7282  0.6601 -0.2601  0.0154  0.1144  0.0304  0.3058  0.0217 -0.0003  0.0547 0 
 44.4160 -0.1343  1.9470  0.0048  0.1560  0.0162  0.1761  0.0228 -0.0003  0.0436 0 
 41.7914  0.1506 -1.1713  0.0248  0.6543  0.0153  0.2237  0.0727  0.0784  0.2325 0 
 45.6153  0.7157 -1.6548  0.0056  0.4681  0.1220  0.1749  0.0185 -0.0003  0.2347 0 
 45.3407 -0.7118  1.4392  0.0410  0.3069  0.0068  0.1751  0.1047 -0.0003  0.1259 0 
 46.2409 -0.1072  2.9643  0.0013  0.2727  0.0198  0.3485  0.0781 -0.0003  0.0586 0 
 42.3529  0.0965 -0.1750  0.0023  0.0992  0.0167  0.3566  0.0461 -0.0003  0.0385 0 
 49.1188 -0.1254 -0.9194  0.0419  0.5403  0.0123  0.3002  0.0558 -0.0003  0.1496 0 
 46.0639  0.1342  2.2164  0.1541  0.1863  0.0392  0.3924  0.1146 -0.0003  0.6014 0 
 46.4515  0.3707 -1.5193  0.0981  0.2998  0.1428  0.3916  0.1500  0.5505  0.9381 1 
 43.9857 -0.4018  1.6015  0.1069  0.4652  0.0442  0.5296  0.0784 -0.0003  0.6433 1 
 46.6865  0.1349 -2.7047  0.0195  0.7345  0.1939  0.6083  0.0361 -0.0003  0.2997 0 
 44.7303 -0.1170  0.4022  0.0128  0.4026  0.0233  0.1318  0.0049 -0.0003  0.1709 0 
 48.5542 -0.5005 -2.3489  0.0009  0.3941  0.0391  0.4731  0.0399 -0.0003  0.1393 0 
 43.7934  0.4942  0.7747  0.0280  0.0674  0.0235  0.2651  0.0192 -0.0003  0.0479 0 
 47.5044  0.3756 -1.0272  0.0356  0.0930  0.0425  0.3460  0.0633 -0.0003  0.0907 0 
 44.5533 -0.3847  2.0461  0.0020  0.2456  0.0549  0.2199  0.0755 -0.0003  0.1247 0 
 51.0506 -0.3822  1.2761  0.0340  0.3421  0.0269  0.4671  0.0665 -0.0003  0.2373 0 
 44.7822  0.3909 -1.8796  0.0011  0.3599  0.0448  0.3953  0.0294 -0.0003  0.1282 0 
 46.4515  0.3116  1.3494  0.3720  0.4782  0.1498  0.4786  0.2393 -0.0003  0.9932 1 
 43.1708 -0.2691 -1.7357  0.2106  0.3386  0.0390  0.2218  0.2503 -0.0003  0.8822 1 
 35.2758 -0.1943  2.9247  0.0235  0.0999  0.0756  0.3281  0.0316 -0.0003  0.0862 0 
 30.3990  0.2054 -0.1599  0.0351  0.6226  0.0526  0.2445  0.0206 -0.0003  0.3741 0 
 41.7365  0.7254  2.3646  0.0670  0.4320  0.0207  0.5371  0.1220 -0.0003  0.5463 0 
 39.6307 -0.7167 -0.7582  0.1014  0.4395  0.0747  0.3631  0.1224 -0.0003  0.6942 0 
 42.2675  0.3518 -3.0659  0.0777  0.4429  0.0381  0.4461  0.0838 -0.0003  0.5389 0 
 40.7477 -0.3539  0.0755  0.0016  0.0821  0.0433  0.3604  0.0507 -0.0003  0.0591 0 
 48.9509 -0.4798 -1.7879  0.4372  0.3038  0.0686  0.3434  0.5395 -0.0003  0.9976 1 
 43.7934  0.4670  1.3749  0.2219  0.5720  0.0559  0.2209  0.0761 -0.0003  0.8636 1 
 45.0416  0.5276  2.5613  0.2980  0.1346  0.0315  0.4824  0.2791 -0.0003  0.9556 1 
 41.7182 -0.5291 -0.5865  0.1269  0.4169  0.0381  0.3133  0.1968 -0.0003  0.7953 1 
 52.5002 -0.6318 -1.1357  0.0688  0.3524  0.1090  0.4216  0.0554 -0.0003  0.3913 1 
 45.2888  0.6216  1.9264  0.8204  0.3751  0.1431  0.6569  0.4290 -0.0003  0.9905 1 
 41.0620 -0.2038 -2.9344  0.3765  0.1410  0.0464  0.4495  0.4276 -0.0003  0.9925 1 
 39.6582  0.1999  0.1862  0.2054  0.5214  0.0661  0.2722  0.1530  0.4100  0.9957 1 
 46.4027  0.6388  1.8271  0.0050  0.1973  0.0611  0.3046  0.0545 -0.0003  0.0990 0 
 36.5026 -0.6081 -1.3062  0.0061  0.2396  0.0199  0.1857  0.0018 -0.0003  0.0739 0 
 54.7463 -0.4307 -2.5174  0.0027  0.1821  0.0911  0.3755  0.1462 -0.0003  0.1551 0 
 47.0588  0.4643  0.6423  0.0630  0.2865  0.0327  0.2168  0.0102 -0.0003  0.2348 0 
 48.2063  0.5504  2.6361  0.0028  0.1141  0.0278  0.2155  0.0101 -0.0003  0.0498 0 
 44.4678 -0.5544 -0.4968  0.0174  0.2168  0.0585  0.3961  0.0045 -0.0003  0.1430 0 
 45.9968 -0.3844  0.6401  0.1169  0.5673  0.1403  0.4362  0.0561 -0.0003  0.5374 1 
 39.0051  0.3399 -2.4459  0.2914  0.5909  0.0256  0.4103  0.3299 -0.0003  0.9772 1 
 46.9215  0.7524 -2.8666  0.0057  0.5476  0.0286  0.2604  0.0234 -0.0003  0.1386 0 
 44.0009 -0.7729  0.2898  0.0027  0.1810  0.0366  0.0883  0.0550 -0.0003  0.1047 0 
 47.2084  0.2186 -1.6822  0.0375  0.5197  0.0401  0.2600  0.1671 -0.0003  0.4648 1 
 38.5443 -0.2264  1.4587  0.2535  0.2199  0.0775  0.2744  0.2626 -0.0003  0.9548 1 
 44.6326  0.7580 -0.3368  0.0627  0.1429  0.0722  0.2198  0.0799 -0.0003  0.2370 0 
 34.1772 -0.7719  2.8110  0.0865  0.3906  0.0065  0.2364  0.0836 -0.0003  0.1910 0 
 45.2766  0.8034  1.5443  0.0331  0.1309  0.0211  0.3504  0.0280 -0.0003  0.0646 0 
 41.5991 -0.7992 -1.5733  0.0118  0.6660  0.0264  0.1792  0.0157 -0.0003  0.1771 0 
 49.6651 -0.5472  2.3250  0.0240  0.2760  0.0551  0.3848  0.0286 -0.0003  0.1806 1 
 19.7513  0.5071 -0.7425  0.3590  0.1487  0.0408  0.3359  0.3370 -0.0003  0.9786 1 
 55.5581  0.1005  0.9314  0.5110  0.7973  0.0616  0.4988  0.5811 -0.0003  0.9978 1 
 31.3939 -0.0367 -2.2307  0.2340  0.7480  0.0644  0.6783  0.1041  0.3539  0.9966 1 
 34.9859 -0.4634 -0.5863  0.1597  0.2343  0.1881  0.5637  0.4597 -0.0003  0.9920 1 
 32.5444  0.4392  2.6202  0.2380  0.3516  0.0547  0.3836  0.2689 -0.0003  0.9629 1 
 46.6896  0.1351 -2.7624  0.0482  0.1499  0.0616  0.5214  0.1605 -0.0003  0.3543 0 
 45.8747 -0.1416  0.3595  0.0110  0.5206  0.0569  0.3492  0.0037 -0.0003  0.2065 0 
 49.0578  0.6078 -0.8500  0.0224  0.5378  0.0403  0.3432  0.0462 -0.0003  0.2302 0 
 37.5158 -0.6035  2.3192  0.0023  0.1333  0.0433  0.0921  0.0136 -0.0003  0.0981 0 
 44.9073  0.4262  0.8387  0.0147  0.3227  0.0860  0.3951  0.0065 -0.0003  0.1755 0 
 44.6448 -0.3982 -2.3167  0.0243  0.2648  0.0867  0.7913  0.0850 -0.0003  0.4009 0 
 45.1057  0.1883  1.7990  0.0009  0.5036  0.1191  0.4823  0.1135 -0.0003  0.2493 0 
 42.7619 -0.2475 -1.3443  0.0138  0.2946  0.0497  0.4002  0.0502 -0.0003  0.1558 0 
 48.6854 -0.4174  0.7761  0.0470  0.5085  0.0344  0.2149  0.0047 -0.0003  0.3125 0 
 46.8147  0.4138 -2.3287  0.0148  0.5137  0.0258  0.4342  0.0631 -0.0003  0.1725 0 
 46.4332  0.6500  0.4011  0.1860  0.7013  0.0577  0.6962  0.1813 -0.0003  0.9534 1 
 43.0274 -0.6631 -2.6893  0.2030  0.1428  0.1010  0.5327  0.3035 -0.0003  0.9570 1 
 46.9245 -0.6309 -0.4282  0.0099  0.1390  0.1232  0.3905  0.0172 -0.0003  0.0890 0 
 36.2737  0.6168  2.6817  0.0057  0.2842  0.0769  0.3255  0.0762 -0.0003  0.1644 0 
 50.1198  0.0999 -0.6676  0.0516  0.3569  0.2324  0.3413  0.1068 -0.0003  0.4418 0 
 45.3346 -0.1151  2.4585  0.0010  0.5174  0.0368  0.3065  0.0762 -0.0003  0.1424 0 
 40.8850 -0.0052  2.4599  0.0115  0.5770  0.0199  0.4050  0.0020  0.0449  0.2214 0 
 37.4853 -0.0289 -0.6790  0.0535  0.1979  0.0240  0.3226  0.0988 -0.0003  0.1664 0 
 39.9847  0.1828 -3.0758  0.6246  0.2018  0.0984  0.5886  0.4239  0.5103  0.9999 1 
 36.4050 -0.1933  0.1262  0.0576  0.5411  0.0455  0.4181  0.1089 -0.0003  0.5401 1 
 46.7353 -0.5107  3.0677  0.0536  0.6662  0.1272  0.7819  0.0803 -0.0003  0.4615 0 
 43.4485  0.5801 -0.1081  0.0653  0.2660  0.0688  0.3100  0.0873  0.1143  0.5746 0 
 63.6393 -0.4678 -0.0374  0.0120  0.2838  0.1281  0.2011  0.0195 -0.0003  0.1968 0 
 47.5898  0.4717  3.1239  0.0035  0.2805  0.1689  0.4756  0.1444 -0.0003  0.2648 0 
 44.5960  0.7643  0.1300  0.0275  0.6894  0.0353  0.3078  0.0206 -0.0003  0.2621 0 
 37.7783 -0.7836 -2.9714  0.0120  0.1758  0.0379  0.2759  0.0400 -0.0003  0.0679 0 
 52.8939  0.4141 -2.9673  0.0090  0.1805  0.0462  0.3367  0.0504 -0.0003  0.0832 0 
 44.2267 -0.4101  0.1912  0.0620  0.1430  0.0338  0.2644  0.0141 -0.0003  0.1174 0 
 46.5614  0.0851 -1.5898  0.0379  0.6660  0.0349  0.4783  0.0370 -0.0003  0.3388 1 
 45.8350 -0.0859  1.5551  0.9719  0.5782  0.0397  0.5676  0.5211 -0.0003  0.9967 1 
 40.8698  0.0849  0.9896  0.0870  0.3788  0.0164  0.3151  0.0882 -0.0003  0.2943 0 
 35.6542 -0.0813 -2.1795  0.0045  0.2598  0.0768  0.3271  0.0611 -0.0003  0.1406 0 
 52.9854 -0.7716  1.4159  0.0414  0.2256  0.0424  0.2524  0.0922 -0.0003  0.2026 0 
 42.4018  0.7783 -1.6766  0.0364  0.4144  0.0283  0.5794  0.1183 -0.0003  0.4120 0 
 44.4923 -0.7037 -2.2327  0.0722  0.6295  0.0333  0.2640  0.0113 -0.0003  0.4572 0 
 40.2625  0.6958  0.9210  0.0318  0.3826  0.0675  0.5423  0.0222 -0.0003  0.2702 0 
 43.2624 -0.5231  2.5548  0.0247  0.0932  0.0347  0.3989  0.0569 -0.0003  0.0809 0 
 37.8607  0.5256 -0.5986  0.0021  0.0774  0.0021  0.0460  0.0251 -0.0003  0.0493 0 
 49.2561 -0.5251  0.4910  0.8344  0.5874  0.0431  0.6428  0.6347 -0.0003  0.9972 1 
 48.7434  0.5249 -2.6648  0.1364  0.7114  0.0457  0.2578  0.1000 -0.0003  0.8244 1 
 48.3314 -0.2423 -2.2880  0.0145  0.4177  0.1110  0.3875  0.0360 -0.0003  0.2051 0 
 46.6926  0.2293  0.7934  0.0013  0.0854  0.2611  0.4780  0.0120 -0.0003  0.0922 0 
 43.4455 -0.2539  2.5704  0.1635  0.2416  0.3222  0.4428  0.0831  0.5648  0.9347 1 
 36.0632  0.2675 -0.5485  0.3658  0.4974  0.0603  0.3726  0.1868  0.3748  0.9976 1 
 47.7089 -0.7912 -2.8248  0.0122  0.1753  0.0922  0.4321  0.0545 -0.0003  0.1245 0 
 46.1341  0.7868  0.2288  0.0096  0.7912  0.0500  0.3923  0.0350 -0.0003  0.2355 0 
 44.9561  0.2356 -1.7104  0.4091  0.4813  0.0800  0.3949  0.4381 -0.0003  0.9972 1 
 41.4740 -0.2379  1.4129  0.2034  0.3671  0.0350  0.3587  0.2636  0.1986  0.9726 1 
 46.8574  0.0774 -2.8765  0.0025  0.7148  0.0588  0.5643  0.0991 -0.0003  0.2687 0 
 45.0080 -0.0699  0.2685  0.0065  0.1406  0.0484  0.3509  0.0074 -0.0003  0.0796 0 
 51.2978 -0.8002  2.4927  0.0000  0.1038  0.0586  0.4665  0.1224 -0.0003  0.1024 0 
 44.3000  0.7913 -0.6767  0.0014  0.2806  0.0259  0.2643  0.0092 -0.0003  0.0723 0 
 38.4039  0.5959 -1.4699  0.0293  0.6689  0.0484  0.3662  0.0456 -0.0003  0.3140 1 
 33.3257 -0.5967  1.7080  0.6381  0.8744  0.0112  0.3334  0.4998  0.1073  0.9980 1 
 46.9612  0.5242 -0.8362  0.0779  0.3589  0.0249  0.4338  0.0884 -0.0003  0.4409 0 
 38.4924 -0.5066  2.3446  0.0044  0.2100  0.0225  0.2287  0.0107  0.1475  0.2872 0 
 46.2104 -0.1303  2.0359  0.0111  0.7836  0.0429  0.7406  0.1497  0.0768  0.5007 0 
 43.6591  0.1258 -1.0241  0.0192  0.4126  0.2010  0.3980  0.0190 -0.0003  0.2389 0 
 45.0721 -0.5803  2.0700  0.1290  0.2413  0.0767  0.2193  0.2598 -0.0003  0.8267 0 
 40.1556  0.6030 -1.0749  0.0091  0.4799  0.0249  0.2713  0.0584 -0.0003  0.1123 0 
 62.5620 -0.2146 -0.0500  0.0002  0.5020  0.0406  0.2826  0.0368 -0.0003  0.1485 0 
 42.0325  0.2099 -3.1365  0.0051  0.1503  0.0482  0.3127  0.0479 -0.0003  0.0699 0 
 45.1148 -0.5487  3.0341  0.0968  0.2565  0.0310  0.3069  0.0352 -0.0003  0.3075 0 
 45.1118  0.5434 -0.0964  0.0171  0.4583  0.2023  0.4384  0.0547 -0.0003  0.2669 0 
 50.9438  0.1542 -1.5273  0.0242  0.3809  0.1424  0.3399  0.0276 -0.0003  0.2312 0 
 40.2075 -0.1671  1.6327  0.0423  0.4841  0.1035  0.2260  0.0208 -0.0003  0.3264 0 
 52.3720  0.3276  1.1447  0.0277  0.6967  0.1149  0.3375  0.0200 -0.0003  0.2807 0 
 45.1057 -0.3248 -2.0418  0.0088  0.2687  0.0244  0.2192  0.0089 -0.0003  0.0811 0 
 46.8086 -0.1528 -1.7202  0.0230  0.4208  0.0724  0.3908  0.1459 -0.0003  0.3802 0 
 44.6448  0.1660  1.4065  0.0186  0.1217  0.0424  0.5275  0.0038 -0.0003  0.1181 0 
 50.4463 -0.4134 -2.2704  0.0362  0.7155  0.1592  0.4685  0.0257 -0.0003  0.3160 0 
 42.2156  0.3701  0.7887  0.0015  0.4823  0.0693  0.5354  0.1824 -0.0003  0.3019 0 
 48.2856  0.6403  1.8143  0.0213  0.5496  0.0236  0.1723  0.1447 -0.0003  0.2006 0 
 44.0223 -0.6383 -1.3459  0.0282  0.2045  0.0592  0.5295  0.0551 -0.0003  0.2185 0 
 46.1372  0.7514  1.9324  0.3851  0.1560  0.0564  0.5666  0.5756 -0.0003  0.9974 1 
 36.7285 -0.7496 -1.1952  0.1637  0.2996  0.0252  0.2780  0.1929 -0.0003  0.7080 1 
 45.7557  0.4289 -0.8224  0.0329  0.0798  0.0330  0.2621  0.0237 -0.0003  0.0595 0 
 40.6867 -0.4299  2.3256  0.0015  0.5924  0.0132  0.2253  0.0886 -0.0003  0.1105 0 
 42.1393 -0.7432  3.0125  0.0489  0.3842  0.0185  0.3125  0.0159 -0.0003  0.1666 0 
 36.4355  0.7582 -0.1653  0.0016  0.1885  0.0250  0.0929  0.0244 -0.0003  0.0845 0 
 48.8319 -0.7253 -0.9250  0.0188  0.3645  0.0875  0.2577  0.1290  0.0673  0.4739 0 
 45.3864  0.7298  2.1681  0.0046  0.3731  0.0349  0.1751  0.1197  0.1252  0.4165 0 
 50.5318  0.7001 -0.7097  0.0131  0.2571  0.1260  0.2980  0.0729 -0.0003  0.1884 0 
 47.1046 -0.7116  2.4728  0.0120  0.3959  0.0352  0.2168  0.0795 -0.0003  0.1535 0 
 47.1412  0.6575 -1.2030  0.0013  0.6759  0.0313  0.2601  0.0203 -0.0003  0.1612 0 
 45.2705 -0.6532  1.9676  0.0079  0.1635  0.0163  0.2190  0.1032 -0.0003  0.0539 0 
 59.6109 -0.6050 -0.8823  0.0194  0.0817  0.0681  0.4085  0.0818  0.2413  0.2560 0 
 36.6552  0.6799  2.2839  0.0444  0.4034  0.0552  0.1391  0.0082 -0.0003  0.3946 0 
 42.8046 -0.5379 -1.7952  0.0008  0.4707  0.0798  0.4001  0.0379 -0.0003  0.1657 0 
 38.0529  0.4595  1.3518  0.0194  0.5752  0.1316  0.4130  0.1282  0.2825  0.6952 0 
 43.5187  0.7833 -2.4688  0.0029  0.3761  0.0141  0.2656  0.0717 -0.0003  0.0699 0 
 41.0376 -0.7760  0.6759  0.0331  0.1903  0.0243  0.2698  0.0961 -0.0003  0.1002 0 
 47.0680 -0.0781 -0.5808  0.0032  0.0898  0.0289  0.2168  0.0099 -0.0003  0.0498 0 
 46.4912  0.0866  2.5521  0.0297  0.1609  0.0346  0.3480  0.0663 -0.0003  0.0998 0 
 38.3062 -0.3672 -0.2133  0.1650  0.5440  0.0092  0.2290  0.0932  0.1840  0.7838 0 
 37.0550  0.3770  2.9585  0.0078  0.3354  0.0624  0.3698  0.0081 -0.0003  0.1659 0 
 51.4656 -0.7267  2.6422  0.0617  0.3443  0.0881  0.3390  0.0474  0.2426  0.6264 0 
 51.1940  0.6991 -0.5121  0.0049  0.0526  0.0348  0.2546  0.0412 -0.0003  0.0481 0 
 52.3903  0.1580 -2.0053  0.0561  0.5292  0.1051  0.4218  0.1553 -0.0003  0.5522 0 
 44.7761 -0.1871  1.0866  0.0824  0.2939  0.1165  0.5711  0.0320  0.2065  0.6381 0 
 50.9377 -0.6342  2.1725  0.0385  0.3667  0.1301  0.5523  0.0884 -0.0003  0.3569 0 
 49.7383  0.6705 -1.0075  0.0197  0.2050  0.0708  0.2992  0.0195 -0.0003  0.1408 0 
 55.7412  0.1210 -2.7869  0.0185  0.0499  0.0243  0.2077  0.0131 -0.0003  0.0481 0 
 47.2450 -0.1069  0.3398  0.0549  0.3181  0.0443  0.3465  0.0547 -0.0003  0.3016 0 
 37.9217  0.1299 -2.0519  0.0759  0.2512  0.0245  0.2756  0.0766  0.1063  0.5084 1 
 29.6727 -0.1157  1.0264  0.3103  0.3504  0.0174  0.1970  0.1795  0.1973  0.9478 1 
 51.5877  0.6517  2.0634  0.0169  0.4632  0.1913  0.4659  0.0425 -0.0003  0.2562 0 
 50.9346 -0.6442 -1.0840  0.0175  0.0862  0.0290  0.2549  0.1147 -0.0003  0.0681 0 
 49.9886  0.0433 -1.7703  0.0648  0.0753  0.0286  0.4269  0.1943 -0.0003  0.2343 0 
 47.0497 -0.0296  1.3682  0.0078  0.6206  0.0168  0.3035  0.0102 -0.0003  0.1180 0 
 57.2061 -0.2782  2.2051  0.0351  0.5270  0.0240  0.1651  0.0103 -0.0003  0.1981 0 
 45.9113  0.2775 -0.9640  0.0085  0.1918  0.1143  0.7855  0.0751 -0.0003  0.2964 0 
 53.7667  0.1776  0.4897  0.0887  0.5212  0.0905  0.5030  0.1245 -0.0003  0.6320 0 
 39.6979 -0.1936 -2.6956  0.0389  0.1085  0.0972  0.4083  0.0331 -0.0003  0.1191 0 
 47.0771 -0.6962 -2.3485  0.0738  0.2010  0.0617  0.4336  0.1586  0.3920  0.8955 1 
 41.7792  0.7323  0.8654  0.0026  0.6969  0.1152  0.2685  0.0438 -0.0003  0.2623 1 
 51.2062  0.3488 -0.6112  0.0588  0.2278  0.0458  0.1697  0.0132 -0.0003  0.2513 0 
 45.9174 -0.3540  2.5403  0.0007  0.1983  0.0626  0.5673  0.0574  0.0229  0.1521 0 
 46.1433  0.0889  0.1399  0.0182  0.4113  0.1246  0.5230  0.1606 -0.0003  0.3557 0 
 45.6611 -0.0654 -2.9962  0.1784  0.2851  0.0399  0.3496  0.1336 -0.0003  0.7383 0 
 38.6450 -0.7447 -2.0810  0.0001  0.4428  0.0667  0.4570  0.0203 -0.0003  0.1545 0 
 38.0285  0.7252  1.0609  0.0009  0.4310  0.0115  0.1836  0.0649 -0.0003  0.0901 0 
 43.7415 -0.3979  2.1185  0.0241  0.4362  0.1452  0.6630  0.0222 -0.0003  0.2820 0 
 41.7243  0.3841 -1.0194  0.0069  0.6060  0.0159  0.2686  0.0963 -0.0003  0.1224 0 
 67.4784  0.5775  2.0926  0.0566  0.1196  0.0164  0.1586  0.0191 -0.0003  0.0622 0 
 48.0354 -0.5934 -1.0273  0.1259  0.4082  0.0479  0.3882  0.0688 -0.0003  0.6209 0 
 54.7951  0.1441 -2.7973  0.0098  0.1771  0.0351  0.3754  0.0279 -0.0003  0.0747 0 
 44.3122 -0.1536  0.3627  0.1146  0.6568  0.0128  0.3084  0.0063  0.1062  0.6368 0 
 46.9398 -0.4771 -2.3180  0.0263  0.8240  0.0858  0.2169  0.0756 -0.0003  0.5100 0 
 46.4729  0.4780  0.8615  0.1232  0.2406  0.0499  0.4785  0.0972 -0.0003  0.5966 0 
 42.2278  0.5072 -0.1658  0.2499  0.6165  0.0883  0.2677  0.1835  0.5510  0.9988 1 
 40.7446 -0.4774  2.8867  0.1093  0.3070  0.1480  0.4054  0.1596 -0.0003  0.7398 1 
 44.5747 -0.4332 -0.4054  0.0042  0.3383  0.0347  0.3518  0.0579 -0.0003  0.1001 0 
 43.6408  0.4502  2.7581  0.0219  0.2956  0.0988  0.3538  0.0583 -0.0003  0.2105 0 
 47.7485  0.5742 -3.0636  0.0091  0.1245  0.0502  0.3024  0.0103 -0.0003  0.0753 0 
 46.2104 -0.5826  0.0942  0.0482  0.9084  0.0634  0.9149  0.0677 -0.0003  0.5922 0 
 51.3405 -0.0055  0.0332  0.0216  0.2929  0.4618  0.6360  0.0279 -0.0003  0.2714 0 
 46.8605 -0.0003 -3.0912  0.0352  0.6920  0.0874  0.1736  0.0192 -0.0003  0.3789 0 
 36.8414  0.3748 -0.3969  0.0595  0.2966  0.1041  0.5556  0.0286 -0.0003  0.3622 1 
 36.7529 -0.3573  2.7360  0.3334  0.2337  0.0992  0.4170  0.1655  0.3603  0.9933 1 
 48.2918 -0.4929  2.5225  0.0426  0.5569  0.0447  0.3446  0.0211 -0.0003  0.3410 0 
 48.2216  0.4984 -0.6466  0.0089  0.2486  0.0492  0.6463  0.1009 -0.0003  0.2417 0 
 53.3150 -0.2192  1.5431  0.0187  0.7151  0.0129  0.1260  0.0015 -0.0003  0.1536 0 
 47.7668  0.2391 -1.5597  0.0024  0.2650  0.0982  0.5615  0.1640 -0.0003  0.2457 0 
 49.1188  0.0436  2.2996  0.0331  0.1702  0.1557  0.4288  0.1588 -0.0003  0.3333 0 
 44.7364 -0.0309 -0.8754  0.0245  0.0949  0.2210  0.5273  0.0123 -0.0003  0.1351 0 
 52.8603 -0.3034 -2.9266  0.0057  0.4536  0.0912  0.2526  0.0569 -0.0003  0.2456 0 
 40.2991  0.3137  0.2080  0.0720  0.5594  0.0167  0.1807  0.1099  0.0309  0.3303 0 
 44.3488  0.0410 -0.4144  0.0140  0.1369  0.0161  0.3523  0.1497 -0.0003  0.0817 0 
 30.8598 -0.0487  2.7354  0.2367  0.3676  0.0141  0.3409  0.2265  0.1730  0.9681 0 
 47.6753 -0.2158  2.0381  0.0240  0.3740  0.0182  0.1729  0.3937 -0.0003  0.4086 0 
 35.7244  0.2407 -1.0956  0.0098  0.5206  0.0069  0.1868  0.1400 -0.0003  0.1297 0 
 46.1372 -0.7079  3.0254  0.0403  0.5189  0.0424  0.3051  0.0910 -0.0003  0.3707 0 
 38.7121  0.6987 -0.1691  0.1100  0.2676  0.1040  0.5938  0.1214 -0.0003  0.7032 0 
 45.4353 -0.7561  2.8457  0.0072  0.3598  0.0923  0.2626  0.0488 -0.0003  0.2100 0 
 42.2614  0.7442 -0.3928  0.0060  0.6405  0.0276  0.2230  0.0195 -0.0003  0.1581 0 
 45.7343 -0.0262  1.0487  0.0535  0.2362  0.0139  0.3058  0.0710 -0.0003  0.1153 0 
 42.8656  0.0327 -2.0725  0.0256  0.3411  0.0540  0.2222  0.0082 -0.0003  0.2514 0 
 43.1708 -0.6607  2.4153  0.0415  0.4971  0.0792  0.4435  0.0029 -0.0003  0.2718 0 
 42.7710  0.6601 -0.6667  0.0040  0.5236  0.0245  0.2668  0.1441 -0.0003  0.1658 0 
 50.3273 -0.1779  0.4129  0.0428  0.2421  0.1050  0.5540  0.1102  0.1160  0.5200 0 
 40.2167  0.1746 -2.7063  0.0200  0.7834  0.0261  0.3164  0.0266 -0.0003  0.1865 0 
 51.5358  0.6948 -0.7576  0.0526  0.6256  0.0482  0.5507  0.2117 -0.0003  0.7062 1 
 49.7536 -0.7084  2.3704  0.5485  0.7053  0.0617  0.5129  0.6339 -0.0003  0.9981 1 
 44.8341  0.6292  1.6212  0.0287  0.1819  0.0360  0.4391  0.0563 -0.0003  0.1400 0 
 35.5261 -0.6401 -1.5173  0.0003  0.1743  0.0293  0.5145  0.1094 -0.0003  0.1128 0 
 46.3813  0.5383  3.0037  0.0058  0.1149  0.0629  0.3482  0.0336 -0.0003  0.0751 0 
 34.2107 -0.5285 -0.1349  0.0412  0.2564  0.0110  0.2836  0.1159 -0.0003  0.1229 0 
 45.4414 -0.4627  1.2016  0.2987  0.3577  0.0398  0.4813  0.2767  0.1006  0.9749 0 
 36.1364  0.4380 -1.9662  0.0638  0.2652  0.0772  0.4190  0.0583 -0.0003  0.3650 0 
 50.4128  0.7413  0.6499  0.0026  0.3127  0.0381  0.3834  0.0834 -0.0003  0.1133 0 
 44.0223 -0.7350 -2.5102  0.0031  0.1845  0.0259  0.2206  0.0191 -0.0003  0.0524 0 
 48.0232  0.1019 -1.3877  0.2108  0.6265  0.0468  0.4314  0.2265 -0.0003  0.9534 1 
 41.5900 -0.0918  1.7822  0.2130  0.2557  0.2755  0.4928  0.0683  1.0267  0.9827 1 
 47.8187 -0.6108 -2.6829  0.0255  0.5998  0.1375  0.5614  0.0333 -0.0003  0.2751 0 
 43.9948  0.6365  0.4528  0.0663  0.4539  0.0376  0.3972  0.1054 -0.0003  0.5135 0 
 40.9583  0.7047 -0.2229  0.0041  0.7079  0.0301  0.2699  0.1336 -0.0003  0.2075 0 
 40.0366 -0.6974  2.9266  0.0575  0.1881  0.0265  0.2263  0.1337 -0.0003  0.2241 0 
 56.8978  0.0161  2.1916  0.0620  0.3627  0.2456  0.2893  0.0562 -0.0003  0.4214 0 
 44.2542 -0.0253 -0.9525  0.0579  0.2297  0.0161  0.3525  0.0891 -0.0003  0.1648 0 
 52.6741  0.1949 -2.7822  0.0500  0.3907  0.0478  0.5055  0.0903 -0.0003  0.4292 0 
 45.6794 -0.2079  0.3241  0.0077  0.3389  0.1502  0.3933  0.0804 -0.0003  0.2199 0 
 47.1839 -0.5330  0.9814  0.0621  0.3839  0.1671  0.4766  0.3189 -0.0003  0.8805 1 
 38.5748  0.5362 -2.1307  0.1672  0.4568  0.0155  0.2743  0.2233 -0.0003  0.6997 1 
 45.5329  0.7894 -1.4240  0.0119  0.4278  0.0375  0.3936  0.0396 -0.0003  0.1606 0 
 45.5238 -0.8047  1.7208  0.0701  0.4179  0.0573  0.5686  0.0696  0.0481  0.5763 0 
 44.8676 -0.6188  2.4463  0.0873  0.3412  0.0110  0.3073  0.0692 -0.0003  0.2092 0 
 43.8178  0.6146 -0.6730  0.0725  0.1384  0.0084  0.1767  0.0372 -0.0003  0.0678 0 
 48.3497 -0.5690  0.0220  0.0377  0.5973  0.0304  0.4306  0.0461  0.1356  0.5462 0 
 40.9522  0.5805 -3.1141  0.0781  0.1219  0.1661  0.4049  0.0717  0.2539  0.5042 0 
 45.0935 -0.7674 -1.9813  0.0137  0.4770  0.0366  0.3069  0.0187 -0.0003  0.1770 0 
 41.7670  0.7590  1.1161  0.0357  0.2029  0.1487  0.4027  0.0405 -0.0003  0.2038 0 
 45.3559  0.2031  1.8821  0.0128  0.3800  0.1105  0.3940  0.0035 -0.0003  0.1810 0 
 36.0845 -0.2116 -1.2875  0.0144  0.7030  0.0108  0.1863  0.0296 -0.0003  0.1257 0 
 44.5045 -0.1561 -2.8932  0.1602  0.3637  0.0551  0.2200  0.2034 -0.0003  0.8582 1 
 42.5605  0.1792  0.2202  0.4204  0.3456  0.1324  0.8014  0.2711 -0.0003  0.9950 1 
 43.0243  0.6996 -2.5887  0.0235  0.4802  0.0836  0.5771  0.0108 -0.0003  0.2388 1 
 38.2452 -0.7262  0.5148  0.1552  0.1722  0.1100  0.5958  0.1590 -0.0003  0.8355 1 
 50.5257  0.3508 -0.4427  0.0083  0.2919  0.0792  0.5535  0.0433 -0.0003  0.1831 0 
 47.4556 -0.3521  2.7024  0.0006  0.3231  0.0858  0.1298  0.0292 -0.0003  0.2890 0 
 49.7414 -0.3174 -2.1532  0.0852  0.3790  0.0291  0.2992  0.0850  0.1541  0.6831 0 
 40.4791  0.3519  1.0059  0.0156  0.5276  0.0309  0.2708  0.0809 -0.0003  0.1670 0 
 47.2084 -0.4400  0.1501  0.0294  0.2683  0.1165  0.3899  0.0267 -0.0003  0.2025 0 
 38.6297  0.4344 -2.9923  0.1474  0.6221  0.0181  0.3199  0.0740  0.1433  0.6914 0 
 52.8878 -0.7111 -1.9751  0.0301  0.1491  0.1559  0.4208  0.0880 -0.0003  0.1894 0 
 51.3313  0.7082  1.1936  0.0117  0.3503  0.0425  0.2968  0.1229 -0.0003  0.2044 0 
 43.7751 -0.5740  1.4355  0.0117  0.2618  0.1026  0.3977  0.0552 -0.0003  0.1619 0 
 41.9226  0.5796 -1.6569  0.0432  0.0360  0.0064  0.0894  0.0126 -0.0003  0.0475 0 
 45.0385 -0.6524  1.6493  0.1781  0.0941  0.0816  0.3947  0.3134 -0.0003  0.8699 1 
 28.5832  0.6876 -1.5274  0.1528  0.6535  0.0227  0.1992  0.0682  0.1279  0.7185 1 
 67.7867  0.5325  2.0261  0.0150  0.0588  0.0172  0.3169  0.0041 -0.0003  0.0446 0 
 42.5849 -0.5381 -1.1086  0.0915  0.4305  0.0360  0.4451  0.1430 -0.0003  0.6748 0 
 45.3986  0.7426  1.1176  0.0402  0.7120  0.0374  0.5690  0.2349 -0.0003  0.7223 0 
 44.8920 -0.7410 -2.0183  0.0286  0.4643  0.0271  0.4829  0.1444 -0.0003  0.3669 0 
 49.7078  0.2984  1.9548  0.0959  0.4855  0.0521  0.4703  0.0336 -0.0003  0.5398 0 
 49.1676 -0.2872 -1.1822  0.0076  0.3003  0.0737  0.4716  0.0226 -0.0003  0.1586 0 
 45.3834  0.3278  3.0972  0.0084  0.5815  0.0429  0.3064  0.0523 -0.0003  0.1942 0 
 44.2878 -0.3077 -0.0289  0.0227  0.1671  0.0491  0.3524  0.0508  0.0935  0.2114 0 
 40.8148  0.7594 -2.8212  0.0714  0.7060  0.0424  0.2701  0.0517  0.1150  0.6929 0 
 38.5657 -0.7629  0.3714  0.0169  0.7818  0.0176  0.3658  0.0453 -0.0003  0.1523 0 
 49.5033  0.6849 -1.8059  0.1207  0.3747  0.0761  0.3424  0.0757 -0.0003  0.6113 1 
 33.7285 -0.6555  1.3596  0.3714  0.1881  0.0514  0.5221  0.4343  0.1714  0.9990 1 
 49.7902  0.0954 -3.0000  0.0347  0.2924  0.0778  0.2992  0.0108  0.2280  0.4500 0 
 44.3488 -0.1096  0.1194  0.0251  0.1219  0.0238  0.2642  0.0228 -0.0003  0.0509 0 
 51.4015 -0.1335  1.2403  0.0077  0.4040  0.0523  0.5087  0.0089 -0.0003  0.1768 0 
 45.0294  0.1602 -1.9176  0.1737  0.1916  0.0481  0.3070  0.0739 -0.0003  0.5455 0 
 51.2093  0.1720 -0.9481  0.0081  0.6981  0.1251  0.5516  0.0754 -0.0003  0.2895 0 
 45.0721 -0.2104  2.1589  0.1596  0.6010  0.0154  0.3947  0.0948 -0.0003  0.6425 0 
 46.8605  0.4848  3.0504  0.0063  0.3899  0.0430  0.2605 -0.0200 -0.0003  0.2185 0 
 35.3765 -0.4589 -0.0775  0.0182  0.1639  0.0297  0.2810  0.0164 -0.0003  0.0639 0 
 46.9856  0.3476 -1.3882  0.0180  0.7992  0.0253  0.1735  0.0291 -0.0003  0.1810 0 
 39.1241 -0.3351  1.7828  0.0434  0.3795  0.0586  0.3643  0.1091 -0.0003  0.4111 0 
 42.3255 -0.6978  0.1624  0.0233  0.3030  0.0257  0.5796  0.1611 -0.0003  0.3328 1 
 41.5869  0.7133 -2.9802  0.4795  0.2720  0.1089  0.4928  0.4759 -0.0003  0.9978 1 
 49.3233  0.5377 -1.5555  0.0352  0.3011  0.0427  0.3855  0.0241 -0.0003  0.2089 0 
 44.8157 -0.5409  1.5842  0.0164  0.0597  0.0208  0.3074  0.0024 -0.0003  0.0483 0 
 45.5970 -0.5924 -2.4748  0.0183  0.1108  0.0297  0.3935  0.0943 -0.0003  0.0832 0 
 45.5482  0.5942  0.6684  0.0105  0.2279  0.0697  0.4373  0.0089 -0.0003  0.1394 0 
 50.1045  0.4221 -2.4076  0.0451  0.1548  0.0596  0.3413  0.1402 -0.0003  0.2611 0 
 44.3671 -0.4142  0.7580  0.0237  0.3625  0.0141  0.2202  0.0178 -0.0003  0.0962 0 
 50.0069  0.0482 -2.5042  0.0367  0.2146  0.1526  0.5976  0.0568 -0.0003  0.3138 0 
 48.2582 -0.0085  0.6483  0.0159  0.5781  0.0683  0.5600  0.0634 -0.0003  0.2546 0 
 48.1422  0.5694 -0.3968  0.0164  0.1240  0.0541  0.3448  0.0052  0.2800  0.3474 0 
 46.0029 -0.5705  2.7412  0.0012  0.6941  0.0208  0.3490  0.0786 -0.0003  0.1226 0 
 47.1321  0.6577 -0.1206  0.0154  0.6057  0.0635  0.4768  0.0137 -0.0003  0.2107 0 
 45.1759 -0.6525  3.0125  0.0271  0.1167  0.0134  0.2629  0.0181 -0.0003  0.0413 0 
 47.4525  0.0145 -0.2275  0.0207  0.5344  0.0074  0.2596  0.1220 -0.0003  0.1327 0 
 46.5339 -0.0008  2.9159  0.0019  0.2443  0.0512  0.3044  0.0760 -0.0003  0.1031 0 
 48.1178  0.1929  0.0764  0.3787  0.8559  0.0513  0.4311  0.5425 -0.0003  0.9972 1 
 37.2869 -0.1981 -3.0891  0.8216  0.2367  0.0324  0.4153  0.7333 -0.0003  0.9959 1 
 57.8286  0.1396 -0.5703  0.3678  0.1572  0.0633  0.3704  0.4650 -0.0003  0.9939 1 
 43.0457 -0.1558  2.5958  0.0835  0.3904  0.0448  0.3551  0.1909  0.2701  0.9088 1 
 45.5055  0.6487 -2.4979  0.0016  0.1085  0.0393  0.1312  0.0211 -0.0003  0.0699 0 
 42.0661 -0.6516  0.6166  0.0848  0.3708  0.0263  0.1787  0.0355 -0.0003  0.2702 0 
 46.8299  0.1726  1.5323  0.0089  0.1926  0.1219  0.5210  0.0898 -0.0003  0.1773 0 
 45.7954 -0.2060 -1.6202  0.0185  0.3517  0.0122  0.2620  0.0357 -0.0003  0.0749 0 
 47.9713 -0.1495  3.0806  0.0179  0.3289  0.0143  0.4314  0.0169 -0.0003  0.1024 0 
 44.8615  0.2060 -0.0500  0.0246  0.2053  0.0435  0.1756  0.0125 -0.0003  0.1340 0 
 45.7374  0.1033  0.4321  0.1512  0.1058  0.0471  0.4369  0.1600 -0.0003  0.6189 1 
 38.7640 -0.1020 -2.7088  0.4655  0.5018  0.0411  0.2740  0.5129 -0.0003  0.9974 1 
 47.4525  0.1080 -1.3519  0.0180  0.2246  0.0947  0.3461  0.0161 -0.0003  0.1471 0 
 34.0887 -0.1026  1.8215  0.0467  0.7717  0.0216  0.3312  0.0279 -0.0003  0.2675 0 
 50.8797  0.3553 -1.2538  0.0025  0.4425  0.0492  0.3400  0.0309 -0.0003  0.1575 0 
 47.0344 -0.3626  1.8583  0.0187  0.7549  0.0289  0.4337  0.0938 -0.0003  0.2666 0 
 48.6091 -0.3842  0.8694  0.0869  0.2962  0.1010  0.3870  0.0181 -0.0003  0.3997 0 
 47.5166  0.3786 -2.2293  0.0101  0.3026  0.0507  0.5623  0.0279  0.2353  0.3968 0 
 43.4333  0.2417 -2.2009  0.4743  0.1507  0.0521  0.3543  0.6896  0.0224  0.9966 1 
 40.3937 -0.2468  0.9509  0.3195  0.0307  0.0864  0.1806  0.2995  0.5704  0.9982 1 
 45.7618 -0.3053 -0.7724  0.0034  0.5661  0.0512  0.3057  0.0085 -0.0003  0.2076 0 
 45.6886  0.3004  2.3631  0.0072  0.5512  0.0322  0.4369  0.0429  0.0516  0.2440 0 
 42.1759  0.7638  1.6570  0.0857  0.6413  0.0252  0.2678  0.1710 -0.0003  0.5697 0 
 38.4894 -0.7512 -1.4924  0.0000  0.2045  0.0319  0.1372  0.0477 -0.0003  0.0773 0 
 45.7710 -0.3197  2.9628  0.0635  0.3206  0.1811  0.3931  0.0069 -0.0003  0.3141 0 
 37.3632  0.3373 -0.1885  0.0693  0.3056  0.0202  0.1845  0.0944 -0.0003  0.2044 0 
 40.6592 -0.3231  2.8486  0.1779  0.4136  0.0721  0.6310  0.2338  0.5027  0.9986 1 
 40.5920  0.3169 -0.2946  0.3470  0.2286  0.0645  0.3156  0.4475  0.5714  0.9998 1 
 51.9600 -0.5357 -0.4810  0.0101  0.1902  0.0790  0.1268  0.0128 -0.0003  0.1825 0 
 41.1963  0.5187  2.5896  0.0174  0.3706  0.0685  0.3593  0.0101 -0.0003  0.2011 0 
 50.6966  0.0711 -2.3498  0.0256  0.4314  0.0944  0.4254  0.0311 -0.0003  0.2326 0 
 39.8688 -0.0647  0.7723  0.0774  0.1993  0.0224  0.3625  0.0441 -0.0003  0.1978 0 
 46.8086  0.7111 -1.3314  0.0232  0.4282  0.0270  0.5210  0.0096 -0.0003  0.2260 0 
 44.4892 -0.7192  1.8092  0.0325  0.1714  0.0221  0.3080  0.0400 -0.0003  0.0679 0 
 45.1362 -0.7393  0.8587  0.0232  0.1769  0.0536  0.2630  0.0766 -0.0003  0.1258 0 
 29.4438  0.7166 -2.2989  0.0076  0.4492  0.0148  0.2469  0.0268 -0.0003  0.0871 0 
 41.7121 -0.1942  0.3103  0.0528  0.7189  0.0786  0.5371  0.0411 -0.0003  0.3857 0 
 30.2434  0.2542 -2.8203  0.0083  0.8133  0.0109  0.2449  0.0078 -0.0003  0.1254 0 
 47.7333  0.4119 -0.7644  0.0289  0.6652  0.0381  0.3456  0.0150 -0.0003  0.2791 0 
 45.6886 -0.4132  2.3760  0.0472  0.0524  0.0152  0.2622  0.1564 -0.0003  0.0914 0 
 42.9511 -0.4539  1.4774  0.1062  0.2249  0.0343  0.3553  0.0521  0.1553  0.6641 1 
 37.0245  0.4214 -1.6395  0.1942  0.5349  0.0262  0.3237  0.2259 -0.0003  0.8680 1 
 46.6590  0.5066 -2.4847  0.4670  0.6453  0.0645  0.4780  0.5510 -0.0003  0.9977 1 
 27.6158 -0.4829  0.6209  0.1685  0.4543  0.0313  0.2516  0.1370  0.3374  0.9926 1 
 50.4646 -0.7154 -2.2584  0.0273  0.0757  0.0396  0.2555  0.0319 -0.0003  0.0624 0 
 47.0375  0.7329  0.8924  0.0219  0.1452  0.0454  0.4336  0.0084 -0.0003  0.1119 0 
 50.1869 -0.4446  1.9109  0.0108  0.2560  0.0745  0.1279  0.0139 -0.0003  0.2523 0 
 45.7038  0.4402 -1.2559  0.0594  0.6910  0.0231  0.2622  0.0651 -0.0003  0.2974 0 
 40.9735 -0.7186  0.6077  0.0336  0.1052  0.0231  0.2249  0.0119 -0.0003  0.0539 0 
 27.1885  0.7006 -2.4811  0.1051  0.4530  0.0603  0.2528  0.0960 -0.0003  0.6997 0 
 49.6529  0.7167 -0.9840  0.0314  0.3839  0.0609  0.2993  0.1505 -0.0003  0.4458 1 
 45.3712 -0.7101  2.1381  0.0894  0.3362  0.0332  0.1751  0.1889  0.0964  0.7023 1 
 44.6448  0.0535 -1.3404  0.0674  0.3364  0.0391  0.5275  0.0572 -0.0003  0.4390 0 
 39.4598 -0.0272  1.8381  0.0377  0.1370  0.0072  0.1363  0.0274 -0.0003  0.0496 0 
 51.2337 -0.0522 -2.3579  0.0517  0.3160  0.0451  0.4667  0.0842 -0.0003  0.3758 0 
 48.6793  0.0719  0.8098  0.0311  0.0783  0.0865  0.3009  0.0125 -0.0003  0.0793 0 
 46.8605  0.5410  0.1473  0.0232  0.4987  0.1135  0.6077  0.0837 -0.0003  0.3050 0 
 42.2980 -0.5406 -3.0462  0.0657  0.0612  0.0876  0.2230  0.1470  0.2514  0.5012 0 
 49.1188  0.5375 -1.7961  0.0348  0.2207  0.1513  0.5146  0.0322 -0.0003  0.2431 0 
 45.7679 -0.5249  1.3075  0.2358  0.4449  0.0301  0.3494  0.2950 -0.0003  0.9456 0 
 45.4658 -0.7020 -1.6359  0.0589  0.2540  0.0360  0.4375  0.0327  0.1265  0.4727 0 
 44.8310  0.7180  1.5050  0.0073  0.7387  0.0437  0.5270  0.1658 -0.0003  0.4109 0 
 46.4240 -0.7555 -1.2776  0.0095  0.0778  0.0753  0.3046  0.1240 -0.0003  0.1000 1 
 44.7089  0.7502  1.8946  0.1790  0.4572  0.1413  0.5713  0.2764  0.7886  0.9990 1 
 48.5939  0.3627  0.7209  0.0224  0.7745  0.0535  0.3010  0.0704 -0.0003  0.3760 0 
 45.8198 -0.3666 -2.4374  0.0169  0.2805  0.0633  0.2620  0.0130 -0.0003  0.1851 0 
 50.5531  0.4329  0.4087  0.0259  0.2338  0.1223  0.2554  0.0550 -0.0003  0.2067 0 
 47.0802 -0.4382 -2.7099  0.0392  0.5826  0.0360  0.2168  0.0947 -0.0003  0.3059 0 
 48.5512 -0.1865  1.8225  0.0278  0.3080  0.0283  0.3441  0.0618 -0.0003  0.1346 0 
 48.5206  0.1802 -1.3153  0.0699  0.1025  0.0287  0.1721 -0.0010 -0.0003  0.0946 0 
 45.9846 -0.5858 -2.7076  0.0753  0.2938  0.0477  0.6107  0.0562 -0.0003  0.4867 1 
 29.1875  0.5981  0.4284  0.1986  0.2498  0.0238  0.4455  0.1569 -0.0003  0.7773 1 
 47.1412 -0.1053 -2.8107  0.0921  0.3161  0.0727  0.5201  0.0587 -0.0003  0.4974 0 
 46.3325  0.1300  0.3399  0.0288  0.0650  0.1577  0.3047  0.0043 -0.0003  0.0565 0 
 48.5817 -0.6296  0.0522  0.0200  0.3711  0.0387  0.3870  0.0894  0.2412  0.5859 0 
 46.4973  0.6262 -3.1126  0.0150  0.6756  0.0485  0.3915  0.0047 -0.0003  0.2212 0 
 56.0952  0.7336  0.8634  0.0009  0.5964  0.0187  0.1659  0.0361 -0.0003  0.1218 0 
 47.7089 -0.7210 -2.2559  0.0002  0.1388  0.0854  0.3024  0.0201 -0.0003  0.0792 0 
 47.9622  0.1758 -0.7121  0.0227  0.0834  0.0306  0.3883  0.0262 -0.0003  0.0669 0 
 31.5068 -0.1923  2.4277  0.0016  0.5207  0.0202  0.2420  0.0705 -0.0003  0.1037 0 
 49.6223 -0.7171  1.9741  0.0008  0.1420  0.0552  0.5988  0.3310 -0.0003  0.2762 0 
 34.3175  0.7298 -1.1973  0.0346  0.6995  0.0240  0.2834  0.0405  0.1054  0.4220 0 
 51.2551  0.1472  0.8836  0.0682  0.1062  0.1859  0.5090  0.1513 -0.0003  0.4432 0 
 49.7414 -0.0993 -2.2637  0.0226  0.2964  0.0471  0.2565  0.0323 -0.0003  0.1657 0 
 44.1474 -0.0282 -1.7538  0.2283  0.8049  0.0590  0.2645  0.2448 -0.0003  0.9727 1 
 37.8485  0.0427  1.3493  0.4025  0.2173  0.0440  0.2298  0.4414  0.0546  0.9932 1 
 44.4526  0.6000 -1.2430  0.3083  0.2666  0.0301  0.3521  0.3142  0.3016  0.9989 0 
 31.4275 -0.6063  1.8700  0.0232  0.3290  0.0241  0.4359  0.0797  0.0347  0.2415 0 
 47.7241 -0.7684 -0.7465  0.0230  0.4318  0.0388  0.3024  0.0170 -0.0003  0.2039 1 
 39.9176  0.7711  2.3652  0.0746  0.6728  0.0323  0.7247  0.3326 -0.0003  0.8970 1 
 44.2084  0.6897 -0.0097  0.0032  0.4232  0.0179  0.3967  0.0362 -0.0003  0.0835 0 
 43.5706 -0.6859 -3.1358  0.0102  0.1697  0.0475  0.3982  0.0143  0.3821  0.6917 0 
 39.3652 -0.7536 -1.4417  0.0593  0.2898  0.0741  0.3637  0.0206 -0.0003  0.3141 0 
 32.3766  0.7402  1.7778  0.0164  0.2144  0.0380  0.2881  0.0115 -0.0003  0.0954 0 
 44.7059  0.5310  0.2523  0.5449  0.0895  0.0383  0.3076  0.3817 -0.0003  0.9778 1 
 34.4884 -0.5810 -2.8949  0.0949  0.3554  0.0164  0.4245  0.1412  0.2632  0.9491 1 
 45.5665  0.4915 -1.7431  0.0338  0.4575  0.0075  0.1312  0.0140 -0.0003  0.1252 0 
 45.2613 -0.4979  1.3758  0.0402  0.1661  0.0214  0.3066  0.0518 -0.0003  0.0765 0 
 42.4567  0.7124 -0.7960  0.0442  0.0755  0.1068  0.4010 -0.0200  0.5402  0.5369 0 
 36.2860 -0.7394  2.3913  0.1068  0.2663  0.0463  0.3720  0.0722 -0.0003  0.4785 0 
 45.5024 -0.3607 -2.1045  0.0583  0.2671  0.0411  0.3937  0.0311 -0.0003  0.2680 0 
 45.0538  0.3637  0.9640  0.0020  0.8075  0.0479  0.3947  0.0790 -0.0003  0.2356 0 
 47.4983 -0.0469  1.2842  0.0303  0.5374  0.1719  0.7354  0.0549 -0.0003  0.3389 0 
 43.9460  0.0538 -1.8635  0.0070  0.1917  0.0282  0.4415  0.1280 -0.0003  0.1165 0 
 50.1320 -0.3177 -1.5379  0.0558  0.2439  0.2344  0.4693  0.0590 -0.0003  0.3494 0 
 46.6377  0.3251  1.5915  0.1616  0.1588  0.0250  0.4781  0.3516 -0.0003  0.8654 0 
 49.7444  0.4911 -0.5191  0.0162  0.2965  0.2736  0.5984  0.0342 -0.0003  0.2801 0 
 45.6855 -0.4487  2.6406  0.0140  0.6420  0.0319  0.2622  0.0246 -0.0003  0.1852 0 
 46.1769 -0.5736 -0.4116  0.0525  0.3972  0.0207  0.1743  0.0204 -0.0003  0.1737 0 
 44.6418  0.5771  2.7307  0.0180  0.4478  0.0690  0.3957  0.0676  0.0528  0.3175 0 
 50.6325 -0.4944 -2.9976  0.0382  0.4094  0.3785  0.3404  0.0797 -0.0003  0.4263 0 
 48.7282  0.5066  0.1843  0.0164  0.6713  0.0373  0.4297  0.1271 -0.0003  0.3433 0 
 46.3325 -0.0892  2.3018  0.0483  0.4320  0.1144  0.5660  0.1603 -0.0003  0.5177 0 
 39.1302  0.0974 -0.8044  0.0323  0.3782  0.0616  0.3188  0.0773 -0.0003  0.3102 0 
 46.6590 -0.6887 -1.9638  0.1405  0.0830  0.0515  0.3042  0.0616 -0.0003  0.2521 0 
 43.7232  0.7224  1.1708  0.0422  0.6092  0.0134  0.2210  0.0986 -0.0003  0.1926 0 
 48.1025 -0.3934  0.8108  0.0376  0.6400  0.1748  0.5605  0.1099 -0.0003  0.3788 0 
 38.3825  0.3856 -2.3371  0.0071  0.5602  0.0217  0.2289  0.0239 -0.0003  0.1233 0 
 47.0130  0.5470  1.5524  0.0923  0.4685  0.0276  0.2602  0.0982  0.0854  0.6295 1 
 35.9655 -0.5571 -1.6500  0.4371  0.4015  0.0752  0.2797  0.2021  0.4272  0.9978 1 
 50.0069  0.6712 -1.3076  0.0091  0.1663  0.0593  0.5550  0.0518 -0.0003  0.1423 0 
 44.7944 -0.6775  1.8217  0.0405  0.4807  0.0201  0.3514  0.0773 -0.0003  0.2015 0 
 35.6237 -0.7391 -2.3390  0.0269  0.6126  0.0530  0.4206  0.0223 -0.0003  0.2612 0 
 27.3960  0.7465  0.7949  0.0345  0.2218  0.0245  0.2522  0.0071 -0.0003  0.0980 0 
 48.2399 -0.7457  1.4593  0.0774  0.1964  0.0233  0.2585  0.1745 -0.0003  0.3406 0 
 47.6143  0.7427 -1.7018  0.0183  0.2154  0.0160  0.3891  0.1364 -0.0003  0.1113 0 
 46.3996  0.5648 -2.3166  0.1413  0.5465  0.0162  0.4352  0.1497 -0.0003  0.7222 1 
 43.3356 -0.5532  0.7530  0.0534  0.1774  0.1039  0.5317  0.0502 -0.0003  0.3027 1 
 68.3055 -0.4423 -0.0979  0.0095  0.1312  0.0493  0.3163  0.0179 -0.0003  0.0746 0 
 55.7595  0.4277  3.0800  0.0183  0.4207  0.0323  0.3738  0.0455 -0.0003  0.1597 0 
 48.9784 -0.0964  0.4015  0.0134  0.8077  0.0425  0.4292  0.2026 -0.0003  0.5804 0 
 48.1575  0.0423 -2.7362  0.0099  0.1494  0.0889  0.3017  0.0120 -0.0003  0.0942 0 
 44.8005  0.0077 -1.3778  0.0130  0.2283  0.0504  0.3514  0.0284 -0.0003  0.1169 0 
 44.6448  0.0005  1.7492  0.0227  0.1365  0.0563  0.1319  0.0038 -0.0003  0.1253 0 
 45.7618 -0.4945 -0.1583  0.0259  0.1010  0.0573  0.3931  0.0379 -0.0003  0.0956 0 
 35.0378  0.4831  2.9922  0.0033  0.5566  0.0084  0.3287  0.0224 -0.0003  0.0804 0 
 51.6335  0.7218  1.8541  0.0180  0.2660  0.1295  0.5081  0.0251 -0.0003  0.1977 0 
 37.6623 -0.7244 -1.2551  0.0126  0.1772  0.0319  0.2761  0.1756 -0.0003  0.1560 0 
 51.1025 -0.8003 -0.3245  0.0098  0.4436  0.0156  0.4245  0.1513 -0.0003  0.1720 0 
 38.4710  0.7849  2.7636  0.0029  0.0603  0.0283  0.1373  0.2440 -0.0003  0.1645 0 
 47.5257  0.1213  3.0096  0.6317  0.6488  0.1523  0.4758  0.4666 -0.0003  0.9977 1 
 44.9897 -0.1311 -0.1476  0.5709  0.4465  0.0479  0.6581  0.7066 -0.0003  0.9982 1 
 42.3072 -0.7229 -0.1924  0.0395  0.1930  0.1617  0.2676  0.0314 -0.0003  0.1934 0 
 37.2717  0.7285  2.9243  0.0386  0.3654  0.0254  0.3231  0.0583 -0.0003  0.1658 0 
 44.1230 -0.3592 -2.4216  0.0236  0.6063  0.1064  0.3528  0.0059  0.2271  0.5117 0 
 43.4669  0.3828  0.7104  0.0698  0.1399  0.3702  0.3984  0.0737 -0.0003  0.3761 0 
 59.1684 -0.7119 -0.3873  0.0447  0.6193  0.0227  0.2455  0.1439 -0.0003  0.2992 0 
 45.3254  0.7184  2.7277  0.0446  0.3811  0.0220  0.3503  0.0240 -0.0003  0.1830 0 
 46.4790  0.0373  0.9871  0.0409  0.3224  0.1473  0.5220  0.0615 -0.0003  0.3210 0 
 39.6277 -0.0488 -2.1066  0.0424  0.2558  0.0330  0.2723  0.0795 -0.0003  0.1702 0 
 48.4749  0.4296 -1.5347  0.0074  0.2906  0.0403  0.3442  0.0253 -0.0003  0.1088 0 
 48.1239 -0.4233  1.6338  0.0771  0.2220  0.0696  0.3449  0.1252 -0.0003  0.4773 0 
 48.8167  0.2579 -2.0436  0.0045  0.1693  0.0392  0.3865  0.0128  0.1120  0.1541 0 
 36.7864 -0.2242  1.0761  0.0224  0.4935  0.0085  0.1390  0.0308 -0.0003  0.1163 0 
 43.2746  0.1776 -0.5978  0.1134  0.6800  0.0519  0.3989  0.1649  0.4059  0.9952 1 
 26.6758 -0.1902  2.5171  0.5115  0.6219  0.0530  0.3051  0.2817  0.4412  0.9985 1 
 44.2023  0.6636 -2.7824  0.3739  0.5565  0.0667  0.3967  0.1942 -0.0003  0.9674 1 
 43.3631 -0.6872  0.3603  0.0526  0.2080  0.1297  0.4430  0.0699 -0.0003  0.3072 1 
 48.2612  0.1633  0.3784  0.5001  0.4110  0.0937  0.5170  0.5991 -0.0003  0.9982 1 
 28.3818 -0.1498 -2.7002  0.0566  0.2603  0.0699  0.3993  0.0364  0.3000  0.5993 1 
 44.3824  0.6726  1.9524  0.4526  0.5892  0.1124  0.4843  0.5258 -0.0003  0.9982 1 
 40.6378 -0.6765 -1.2401  0.0717  0.7579  0.0418  0.4057  0.0425 -0.0003  0.5668 1 
 46.1585  0.1224 -2.0454  0.0013  0.1827  0.0493  0.4794  0.0324 -0.0003  0.1012 0 
 44.2115 -0.1133  1.0926  0.2058  0.6341  0.0224  0.4407  0.1744 -0.0003  0.8585 0 
 47.3060  0.3605  2.1218  0.0439  0.4036  0.0219  0.3464  0.0726 -0.0003  0.1968 0 
 43.0243 -0.3586 -1.0097  0.0783  0.2965  0.0567  0.5327 -0.0200 -0.0003  0.3951 0 
 51.3191  0.5029 -0.3030  0.1156  0.1558  0.1736  0.4241  0.2078  0.1728  0.8827 0 
 44.4831 -0.5330  2.8414  0.0796  0.1956  0.0250  0.4840  0.1071 -0.0003  0.3806 0 
 48.7678  0.2238 -3.0371  0.0079  0.3199  0.0846  0.1718  0.0097 -0.0003  0.2567 0 
 39.1394 -0.2557  0.1317  0.0023  0.0708  0.1356  0.4098  0.0157 -0.0003  0.0532 0 
 46.6163  0.5700 -1.3268  0.0175  0.1304  0.0587  0.3912  0.1523 -0.0003  0.1616 0 
 41.5930 -0.6034  1.8030  0.0029  0.2947  0.0052  0.2240  0.0117 -0.0003  0.0510 0 
 44.6510  0.5278  2.8092  0.1202  0.2815  0.0526  0.3957  0.1114 -0.0003  0.6202 0 
 36.5240 -0.5103 -0.3395  0.0396  0.3035  0.0537  0.3713  0.1766  0.4104  0.9148 0 
 45.7740 -0.3855  2.5094  0.0002  0.4282  0.0430  0.2184  0.0400  0.3535  0.8880 0 
 40.7416  0.3738 -0.6241  0.2069  0.6175  0.0287  0.4054  0.0985 -0.0003  0.7782 0 
 55.3841 -0.2180 -1.7005  0.0346  0.3402  0.0605  0.1664  0.0251 -0.0003  0.3242 0 
 43.0732  0.2301  1.4315  0.0176  0.6436  0.0337  0.5769  0.0909  0.2216  0.6113 0 
 53.0892  0.1263  1.2702  0.0052  0.2078  0.1439  0.7568  0.0850 -0.0003  0.2974 0 
 34.8882 -0.1534 -1.9204  0.0037  0.1102  0.0755  0.1410  0.0103 -0.0003  0.1053 0 
 49.9336 -0.0680 -2.6991  0.0054  0.1632  0.0816  0.2989  0.1813 -0.0003  0.2083 0 
 48.4566  0.0857  0.4374  0.0265  0.5732  0.0266  0.3873  0.1089 -0.0003  0.2622 0 
 48.5023 -0.2574  0.7119  0.1271  0.3004  0.1999  0.4732  0.1142 -0.0003  0.6330 1 
 43.7293  0.2243 -2.4054  0.2808  0.3110  0.1252  0.3978  0.1046  0.7307  0.9994 1 
 43.2807 -0.7707 -2.1879  0.0497  0.2792  0.0332  0.2660  0.0638 -0.0003  0.1909 0 
 36.8170  0.7703  0.9890  0.0510  0.4756  0.0246  0.5095  0.1745 -0.0003  0.5531 0 
 47.1260 -0.7811 -2.3844  0.0226  0.1476  0.0497  0.3468  0.0427 -0.0003  0.0977 0 
 43.0701  0.7922  0.7411  0.0059  0.6794  0.0146  0.3107  0.0443 -0.0003  0.1070 0 
 51.0445 -0.2013 -0.8886  0.0313  0.3450  0.0312  0.4671  0.1479 -0.0003  0.3370 0 
 47.3152  0.2025  2.2600  0.1719  0.2400  0.0240  0.4330  0.3190  0.0403  0.9012 0 
 48.3803 -0.5001 -2.2123  0.0401  0.4681  0.0867  0.3014  0.0131 -0.0003  0.2896 0 
 47.1107  0.5462  0.9339  0.0186  0.6547  0.1072  0.6069  0.0229 -0.0003  0.2643 0 
 48.0201  0.7100 -2.3290  0.0112  0.6094  0.0191  0.4314  0.0192 -0.0003  0.1452 0 
 42.6886 -0.7339  0.8164  0.0487  0.4357  0.0166  0.3114  0.0446 -0.0003  0.1607 0 
 44.4831 -0.3304 -2.7756  0.0180  0.5875  0.1536  0.5720  0.0063 -0.0003  0.2495 0 
 43.6835  0.3168  0.3963  0.0038  0.2798  0.0291  0.3095  0.0381 -0.0003  0.0691 0 
 47.2938 -0.1384 -0.6510  0.0089  0.1579  0.0207  0.3464  0.0096  0.1360  0.2033 0 
 37.2168  0.1484  2.4542  0.0129  0.4657  0.0996  0.1847  0.0049 -0.0003  0.2565 0 
 39.0478  0.4158 -1.1376  0.0681  0.4111  0.0292  0.4101  0.1148 -0.0003  0.4766 0 
 37.2625 -0.4453  1.9883  0.0367  0.6402  0.0194  0.3231  0.0682 -0.0003  0.1989 0 
 56.6415 -0.2040 -2.5772  0.1033  0.2513  0.0385  0.2896  0.0679 -0.0003  0.3925 0 
 48.9326  0.2047  0.5392  0.0179  0.4482  0.0608  0.5580  0.0106 -0.0003  0.2172 0 
 49.2470  0.7628 -1.7002  0.0284  0.4106  0.0356  0.2143  0.0082 -0.0003  0.2237 0 
 49.2164 -0.7593  1.4211  0.0090  0.1390  0.0653  0.3858  0.0097 -0.0003  0.0917 0 
 46.5431 -0.2456 -1.0643  0.1310  0.0512  0.0511  0.3479  0.1225 -0.0003  0.2551 0 
 42.8748  0.2457  2.0643  0.0011  0.1374  0.0601  0.3555  0.0157 -0.0003  0.0782 0 
 47.9255 -0.6169 -2.4999  0.0140  0.0357  0.0985  0.1295  0.0121 -0.0003  0.0982 0 
 33.3104  0.6156  0.6079  0.0034  0.0953  0.0967  0.2382  0.0081 -0.0003  0.0733 0 
 49.5796  0.6603 -1.5911  0.4589  0.5324  0.0817  0.5561  0.6507 -0.0003  0.9984 1 
 39.2615 -0.6332  1.5768  0.0275  0.2690  0.0292  0.3640  0.1055  0.2145  0.5586 1 
 47.2419 -0.3074 -1.9448  0.0106  0.2224  0.1188  0.2166  0.0029 -0.0003  0.1536 0 
 33.4295  0.3327  1.2364  0.0155  0.4010  0.0763  0.1428 -0.0200 -0.0003  0.3329 0 
 46.5400  0.4739 -0.8602  0.0154  0.2158  0.0337  0.3479  0.0318 -0.0003  0.0853 0 
 45.3132 -0.4597  2.2656  0.0305  0.4301  0.0174  0.2190  0.1652 -0.0003  0.2036 0 
 42.2644 -0.2564  1.6496  0.4274  0.4559  0.0514  0.4461  0.3294 -0.0003  0.9909 1 
 29.7795  0.1682 -1.4440  0.3222  0.2033  0.0424  0.4428  0.1473 -0.0003  0.8808 1 
 49.6376 -0.6767 -2.1914  0.0245  0.0895  0.0478  0.1283  0.0373 -0.0003  0.0854 0 
 41.6358  0.6498  0.9535  0.0220  0.2900  0.1742  0.4478  0.0245 -0.0003  0.2191 0 
 43.0182  0.5222 -1.3386  0.0178  0.6228  0.1644  0.7547  0.0178 -0.0003  0.2828 0 
 39.2432 -0.5424  1.8222  0.0029  0.5180  0.0415  0.5006  0.0357 -0.0003  0.1654 0 
 45.4871  0.5557  0.3561  0.0660  0.5459  0.0254  0.4375  0.0826 -0.0003  0.4755 1 
 39.8810 -0.5582 -2.7894  0.3020  0.8841  0.0302  0.4984  0.5086 -0.0003  0.9950 1 
 49.9794 -0.5244  2.7535  0.0456  0.2398  0.0273  0.2989  0.0360 -0.0003  0.1290 0 
 43.9857  0.4995 -0.3795  0.0203  0.0499  0.0489  0.2648  0.0090 -0.0003  0.0702 0 
 47.1565 -0.6976  1.1782  0.1457  0.8266  0.0341  0.4334  0.2060 -0.0003  0.8994 1 
 36.2432  0.7400 -1.9686  0.0890  0.1906  0.0265  0.6512  0.1550  0.0760  0.7308 1 
 49.2317 -0.4092 -1.7385  0.0332  0.0932  0.0949  0.3429  0.0938 -0.0003  0.1186 0 
 44.1535  0.4527  1.4337  0.0067  0.7067  0.0275  0.3527  0.0463 -0.0003  0.1443 0 
 54.0139  0.1153  0.5676  0.0699  0.4772  0.0352  0.4605  0.1030 -0.0003  0.5540 0 
 51.4931 -0.1337 -2.5697  0.0064  0.2987  0.0891  0.4237  0.0178 -0.0003  0.1508 0 
 49.3904 -0.4358 -1.1995  0.0550  0.3177  0.0311  0.5139  0.1395 -0.0003  0.4580 0 
 46.3752  0.4406  1.9628  0.0630  0.2832  0.0313  0.2612  0.0356 -0.0003  0.2090 0 
 48.0446  0.4320 -0.1708  0.0284  0.4017  0.1263  0.9488  0.0140 -0.0003  0.4228 0 
 43.0213 -0.4714  2.9766  0.0223  0.5029  0.0092  0.1776  0.1060 -0.0003  0.1320 0 
 47.3030 -0.6986  1.0588  0.0933  0.1140  0.1030  0.3464  0.1058 -0.0003  0.3489 0 
 41.8555  0.6975 -2.0766  0.0052  0.1728  0.0522  0.3578  0.0114 -0.0003  0.0899 0 
 51.7494 -0.3705 -0.6986  0.0035  0.1424  0.1882  0.2116  0.0521 -0.0003  0.1055 0 
 46.6987  0.3808  2.4521  0.2131  0.2288  0.0233  0.2173  0.1136 -0.0003  0.5552 0 
 48.0995  0.6531 -1.7913  0.0206  0.0439  0.0267  0.2156  0.0289 -0.0003  0.0474 0 
 43.3173 -0.6493  1.3425  0.0270  0.7930  0.0414  0.2216  0.0131 -0.0003  0.3407 0 
 44.5655 -0.6843  0.8281  0.0239  0.5657  0.0535  0.3958  0.0278 -0.0003  0.2503 1 
 32.9442  0.6713 -2.3467  0.4125  0.4348  0.0350  0.1912  0.4238  0.3894  0.9996 1 
 58.0484 -0.5689 -1.6509  0.0105  0.3740  0.0450  0.3290  0.0500 -0.0003  0.1517 0 
 41.2909  0.5887  1.5467  0.0168  0.2311  0.1509  0.5386  0.0251 -0.0003  0.1978 0 
 47.6478 -0.2152 -0.1490  0.2981  0.3099  0.0363  0.3890  0.3570 -0.0003  0.9827 1 
 39.1180  0.2019  3.0564  0.1657  0.2635  0.0511  0.4099  0.3040 -0.0003  0.9189 1 
 42.0203 -0.5744 -2.1557  0.0258  0.5836  0.1190  0.4914  0.0500 -0.0003  0.2762 0 
 31.2474  0.4741  1.0300  0.2178  0.3239  0.0155  0.2911  0.1024 -0.0003  0.5057 0 
 47.6967  0.3212 -0.7073  0.0762  0.1412  0.0522  0.4753  0.1990 -0.0003  0.4740 0 
 42.1668 -0.3217  2.4279  0.0238  0.4956  0.0168  0.3571  0.0855 -0.0003  0.1430 0 
 47.5532  0.4206  2.1974  0.0049  0.3574  0.0949  0.3027  0.0316 -0.0003  0.1757 0 
 46.0304 -0.4059 -0.9456  0.0479  0.1863  0.0712  0.2617  0.0079 -0.0003  0.1969 0 
 51.0170  0.1810 -2.5910  0.9952  0.5429  0.0334  0.3398  0.6099 -0.0003  0.9980 1 
 41.1444 -0.1577  0.5987  0.1119  0.6312  0.0883  0.5841  0.0611  0.1205  0.7809 1 
 45.9937 -0.3050  1.4078  0.2167  0.5613  0.0670  0.4362  0.2596  0.1117  0.9618 1 
 45.9174  0.2949 -1.7215  0.0417  0.3271  0.0345  0.2182  0.0479 -0.0003  0.1893 1 
 44.3977  0.5087 -0.3006  0.0930  0.3537  0.0456  0.2201  0.1000 -0.0003  0.5472 0 
 42.9511 -0.5011  2.8159  0.0356  0.6586  0.1004  0.4886  0.1063 -0.0003  0.3920 0 
 43.6469  0.7837 -1.2939  0.0272  0.5809  0.0553  0.4865  0.0718  0.1361  0.5283 0 
 28.9128 -0.7780  1.8412  0.0083  0.4079  0.0098  0.2978  0.0323 -0.0003  0.0678 0 
 50.4738 -0.7733  0.5224  0.0492  0.2687  0.2308  0.6388  0.1680 -0.0003  0.6128 0 
 46.4515  0.7727 -2.6112  0.0028  0.4075  0.0317  0.2175  0.0244 -0.0003  0.1239 0 
 51.5480 -0.5981  3.0827  0.0465  0.6523  0.1567  0.6354  0.1030 -0.0003  0.4136 0 
 33.8506  0.5769 -0.1078  0.0413  0.7298  0.0318  0.2845  0.0463 -0.0003  0.2940 0 
 53.3272  0.1082  1.1778  0.0012  0.5736  0.1066  0.3780  0.0554 -0.0003  0.2158 0 
 47.0863 -0.0789 -1.9808  0.0297  0.1204  0.0172  0.3469  0.0831 -0.0003  0.0645 0 
 48.1605  0.6784  0.5773  0.0103  0.3270  0.2463  0.3879  0.0148 -0.0003  0.2137 0 
 46.7781 -0.6654 -2.5555  0.0497  0.0869  0.0236  0.1303  0.0589 -0.0003  0.0661 0 
 49.7230 -0.4944 -1.8377  0.1500  0.5456  0.1527  0.9405  0.4453 -0.0003  0.9920 1 
 47.1687  0.4904  1.2916  0.1864  0.6897  0.1337  0.3467  0.1246 -0.0003  0.9245 1 
 42.3011 -0.1887 -1.9649  0.0934  0.1810  0.0606  0.3567  0.0900 -0.0003  0.3989 0 
 38.5229  0.2445  1.1408  0.0067  0.4430  0.0235  0.2744  0.0844 -0.0003  0.1077 0 
 50.1289  0.3221  1.2629  0.0025  0.3138  0.0629  0.3413  0.0153 -0.0003  0.1460 0 
 49.6284 -0.3642 -1.9015  0.0090  0.6455  0.1147  0.6843  0.0269 -0.0003  0.2546 0 
 49.4301 -0.5787  0.4661  0.2213  0.2657  0.0642  0.1285  0.1736 -0.0003  0.8644 1 
 42.3285  0.5699 -2.6938  0.1899  0.7343  0.0322  0.3567  0.2007 -0.0003  0.9054 1 
 57.9263 -0.0492 -1.4265  0.2153  0.2441  0.0247  0.3703  0.0334 -0.0003  0.5534 0 
 46.1738  0.0563  1.7064  0.0049  0.0764  0.0186  0.0436  0.0043 -0.0003  0.0777 0 
 48.3650  0.7802  1.3982  0.0648  0.3270  0.1214  0.3014  0.1417 -0.0003  0.5724 0 
 43.0671 -0.7751 -1.7524  0.0039  0.1979  0.0953  0.3550  0.0215 -0.0003  0.1068 0 
 41.0163  0.2542 -0.4254  0.0304  0.2785  0.0378  0.4047  0.1408  0.1204  0.4816 0 
 36.2860 -0.2771  2.6549  0.0645  0.4650  0.0467  0.4650  0.1578 -0.0003  0.6250 0 
 47.8401  0.0270  1.0964  0.1290  0.2896  0.0699  0.4318  0.1989 -0.0003  0.8264 0 
 45.2583 -0.0453 -2.0537  0.0085  0.6023  0.0131  0.1752 -0.0200 -0.0003  0.1731 0 
 50.5867  0.6736  0.1208  0.0265  0.5732  0.1225  0.5959  0.0298 -0.0003  0.2728 0 
 42.5971 -0.6846 -3.0475  0.0671  0.4793  0.0374  0.4451  0.0316 -0.0003  0.4429 0 
 47.7943 -0.2510 -0.8690  0.0230  0.3167  0.0876  0.3023  0.0256 -0.0003  0.2124 0 
 46.8605  0.2244  2.2804  0.0310  0.1188  0.1484  0.3907  0.0181 -0.0003  0.1088 0 
 49.9733 -0.3269  1.6251  0.0390  0.5753  0.2205  0.3843  0.0154  0.6133  0.6244 0 
 42.4201  0.3206 -1.4705  0.0046  0.2691  0.1028  0.1337  0.0783 -0.0003  0.3002 0 
 47.4189  0.1809  2.6658  0.2320  0.6386  0.0797  0.4327  0.1021 -0.0003  0.9061 0 
 42.5086 -0.1693 -0.4655  0.0185  0.2596  0.0477  0.2672  0.0156  0.1514  0.3323 0 
 45.5543  0.1099 -0.3457  0.0757  0.4930  0.0638  0.5247  0.1381 -0.0003  0.6350 0 
 41.3458 -0.1052  2.7934  0.0022  0.2169  0.0970  0.4487  0.0505 -0.0003  0.1227 0 
 41.0040  0.6765 -0.9132  0.0297  0.3769  0.0031  0.1799  0.0895 -0.0003  0.1090 0 
 34.9706 -0.7024  2.2018  0.0325  0.3528  0.0382  0.4228  0.0457 -0.0003  0.2314 0 
 53.7392  0.4384 -3.0282  0.1167  0.2159  0.0183  0.2096  0.0475 -0.0003  0.2097 0 
 43.1769 -0.4203  0.1043  0.0049  0.6046  0.0169  0.3548  0.1317  0.2184  0.5460 0 
 45.3010  0.4611  1.8612  0.0250  0.6417  0.0580  0.3941  0.0141 -0.0003  0.2520 0 
 41.3001 -0.4520 -1.3170  0.0313  0.2003  0.0207  0.2693  0.0837 -0.0003  0.0838 0 
 46.4302  0.3829 -1.1407  0.0645  0.1631  0.0971  0.3481  0.1336 -0.0003  0.3890 0 
 46.2806 -0.3945  1.9931  0.0232  0.2553  0.0828  0.3919  0.0899 -0.0003  0.2259 0 
 46.4332  0.7726  0.2532  0.0326  0.1508  0.0318  0.2176  0.0178 -0.0003  0.0762 0 
 36.3073 -0.7690 -2.9043  0.0163  0.3601  0.0191  0.3254  0.0425 -0.0003  0.0869 0 
 45.0111 -0.0710 -2.0872  0.0222  0.6901  0.0084  0.1316  0.0075 -0.0003  0.1373 0 
 42.2217  0.1184  1.0323  0.0500  0.3353  0.1689  0.3569  0.0519 -0.0003  0.3220 0 
 47.1931 -0.8094  1.7114  0.2822  0.3371  0.0545  0.4333  0.3323 -0.0003  0.9863 1 
 44.8951  0.7901 -1.5189  0.0172  0.4175  0.1415  0.5268  0.0102 -0.0003  0.2248 1 
 47.5746  0.3574 -0.9807  0.0922  0.2784  0.0508  0.4324  0.0631 -0.0003  0.4612 0 
 38.8067 -0.3630  2.1815  0.0104  0.2619  0.0106  0.1369  0.0281 -0.0003  0.0745 0 
 53.2967 -0.3536 -2.8814  0.0150  0.3402  0.1780  0.3780  0.0080 -0.0003  0.2035 0 
 43.2258  0.3774  0.2072  0.0086  0.0567  0.0947  0.2660  0.0211 -0.0003  0.0654 0 
 48.0598  0.5837 -0.9946  0.2509  0.3022  0.0278  0.3450  0.2324 -0.0003  0.8846 0 
 40.8270 -0.5931  2.1681  0.0414  0.2584  0.0447  0.4052  0.0891 -0.0003  0.2657 0 
 47.7821 -0.3333  1.4403  0.5666  0.3376  0.0974  0.5183  0.8028 -0.0003  0.9986 1 
 38.1872  0.3590 -1.6690  0.3379  0.5318  0.0655  0.5043  0.4757 -0.0003  0.9970 1 
 57.1298  0.6453  1.4902  0.0134  0.0484  0.0180  0.1238  0.0024 -0.0003  0.0560 0 
 44.4251 -0.6411 -1.6637  0.0094  0.5177  0.0197  0.3081  0.0646 -0.0003  0.1058 0 
 50.4189 -0.3928 -0.4878  0.0251  0.4676  0.0428  0.5112  0.0547 -0.0003  0.2726 0 
 47.9866  0.3857  2.6542  0.0193  0.2686  0.0164  0.2157  0.0109 -0.0003  0.0760 0 
 45.0660  0.6157  0.3453  0.0171  0.1812  0.0322  0.2631  0.0587 -0.0003  0.0679 0 
 41.3886 -0.6100 -2.8198  0.0037  0.2395  0.0222  0.3140  0.0853 -0.0003  0.0593 0 
 54.7066  0.3551  2.7738  0.0064  0.1677  0.1252  0.2504  0.0712 -0.0003  0.1161 0 
 40.9339 -0.3582 -0.3831  0.0109  0.2606  0.0225  0.2249  0.0286 -0.0003  0.0675 0 
 49.1005 -0.3370  0.4289  0.4897  0.7492  0.1868  0.5576  0.6383 -0.0003  0.9988 1 
 40.7874  0.3638 -2.6887  0.3463  0.6882  0.0405  0.4053  0.3061 -0.0003  0.9854 1 
 51.6487  0.1757 -2.9861  0.0150  0.3377  0.0432  0.2540  0.0425 -0.0003  0.1496 0 
 47.6967 -0.1759  0.1474  0.0157  0.5661  0.0333  0.2161  0.0093 -0.0003  0.2180 0 
 49.6956 -0.5533  2.1969  0.0241  0.4501  0.0714  0.3848  0.0276 -0.0003  0.2337 0 
 36.8750  0.5596 -0.9409  0.0017  0.0544  0.0292  0.0926  0.0302 -0.0003  0.0630 0 
 46.4912  0.6626 -2.6449  0.0152  0.3006  0.0152  0.1740  0.0197 -0.0003  0.0856 0 
 43.7568 -0.6630  0.5591  0.0267  0.1550  0.0279  0.3536  0.0444 -0.0003  0.0757 0 
 47.2908  0.1503 -2.8233  0.0191  0.2037  0.0745  0.3464  0.1089 -0.0003  0.1911 0 
 44.4648 -0.1836  0.3106  0.0260  0.3325  0.0334  0.1761  0.0038 -0.0003  0.1954 0 
 51.1818 -0.3544 -0.9980  0.0491  0.4965  0.0467  0.3819  0.0767 -0.0003  0.4205 0 
 49.2622  0.3690  2.1611  0.0000  0.1922  0.0411  0.2571  0.2474 -0.0003  0.2985 0 
 49.2287  0.0433  2.9876  0.1252  0.2092  0.1101  0.5572  0.1133 -0.0003  0.6804 1 
 44.3793 -0.0386 -0.1629  0.3268  0.5122  0.0361  0.3082  0.3502 -0.0003  0.9876 1 
 46.5522 -0.5786 -2.4682  0.0330  0.4019  0.1162  0.4348  0.0204 -0.0003  0.2470 0 
 40.8667  0.5879  0.6983  0.1071  0.1309  0.0154  0.2700  0.1088 -0.0003  0.2030 0 
 52.7626  0.1177  2.2808  0.0050  0.3932  0.0324  0.3790  0.0587 -0.0003  0.1145 0 
 45.6580 -0.1424 -0.8529  0.1156  0.1997  0.0114  0.2622  0.1199  0.0486  0.4126 0 
 44.4312 -0.0562  1.2754  0.0831  0.3179  0.0204  0.1761  0.0635 -0.0003  0.2082 0 
 42.2187  0.0325 -1.8672  0.0040  0.5749  0.0539  0.4016  0.0253 -0.0003  0.1772 0 
 48.1544  0.0497 -1.5937  0.0117  0.4980  0.0255  0.5172  0.0325 -0.0003  0.1845 0 
 45.7588 -0.0533  1.5454  0.0226  0.7790  0.0227  0.3494  0.0580 -0.0003  0.1908 0 
 42.2675 -0.1789 -1.4057  0.0238  0.2589  0.0218  0.2230  0.0695 -0.0003  0.0892 0 
 40.2472  0.1989  1.7416  0.0145  0.2495  0.0276  0.1808  0.0053 -0.0003  0.1033 0 
 45.4749 -0.4302  2.5911  0.0693  0.3459  0.0309  0.3500  0.0587 -0.0003  0.3220 0 
 45.4017  0.4301 -0.5434  0.1309  0.6594  0.0789  0.3939  0.1959 -0.0003  0.9226 0 
 42.5574  0.1765  1.7785  0.0843  0.3139  0.0748  0.5343  0.0593 -0.0003  0.4823 1 
 19.5926 -0.1642 -1.3764  0.3774  0.2868  0.0449  0.3368  0.4320  0.3500  0.9997 1 
 45.3651 -0.1482 -0.9416  0.0700  0.0739  0.0380  0.3502  0.0601 -0.0003  0.1116 0 
 37.3449  0.1816  2.2064  0.0377  0.6503  0.0147  0.4613  0.0435 -0.0003  0.2526 0 
 43.0884 -0.6949 -1.4441  0.0057  0.2690  0.0844  0.5325  0.0172 -0.0003  0.1565 0 
 40.9522  0.6551  1.6534  0.0031  0.6368  0.1012  0.4499  0.0357 -0.0003  0.2185 0 
 55.1522  0.4701  1.9206  0.0047  0.3149  0.0208  0.2499  0.0414 -0.0003  0.0659 0 
 49.0394 -0.4677 -1.2338  0.0112  0.8074  0.0893  0.6435  0.0344 -0.0003  0.2963 0 
 48.1910 -0.7018 -0.9372  0.0253  0.2628  0.0418  0.3879  0.1397 -0.0003  0.2490 0 
 46.9306  0.6878  2.2067  0.0453  0.2959  0.0486  0.2603  0.0860 -0.0003  0.2904 0 
 51.6945 -0.1728 -2.4640  0.6864  0.3479  0.1389  0.5503  0.3841  0.1720  0.9958 1 
 44.7761  0.1779  0.6601  0.1949  0.5565  0.0487  0.3514  0.2491  0.1646  0.9368 1 
 51.2764  0.5002 -1.9664  0.1568  0.1477  0.1129  0.4242  0.0228 -0.0003  0.4572 0 
 49.0272 -0.4877  1.1877  0.0783  0.4173  0.0113  0.2574  0.0808 -0.0003  0.2057 0 
 49.8787 -0.2703  3.1348  0.1157  0.2382  0.0387  0.4699  0.1589 -0.0003  0.6690 0 
 34.9035  0.2503 -0.0118  0.0626  0.4717  0.0248  0.3761  0.0695  0.3747  0.9853 0 
 47.8370 -0.3507  0.2362  0.0251  0.2518  0.0326  0.1727  0.0494 -0.0003  0.1227 0 
 47.5471  0.3482 -2.9210  0.0286  0.1537  0.0259  0.3892  0.1130 -0.0003  0.1197 0 
 48.1758 -0.4267  1.3950  0.0163  0.4750  0.0593  0.3448  0.1672 -0.0003  0.4282 0 
 33.0846  0.4513 -1.7368  0.0023  0.2125  0.1201  0.1909  0.0329 -0.0003  0.1496 0 
 57.6852 -0.7132  2.8647  0.0955  0.1691  0.0823  0.4119  0.0349 -0.0003  0.3499 0 
 45.1728  0.7153 -0.2608  0.0106  0.1599  0.0284  0.2191  0.0193 -0.0003  0.0556 0 
 50.1259 -0.2651 -2.7115  0.0409  0.1214  0.0752  0.2986  0.0082 -0.0003  0.1177 0 
 48.4474  0.2725  0.4490  0.0585  0.1746  0.0300  0.2152  0.0080 -0.0003  0.1294 0 
 47.4495  0.4146  0.3641  0.0357  0.3919  0.1216  0.5625  0.0624  0.5102  0.7424 0 
 45.9937 -0.4079 -2.7769  0.0585  0.1588  0.0970  0.3053  0.0316 -0.0003  0.2006 0 
 49.8848 -0.0708 -0.3481  0.3622  0.3778  0.0733  0.5553  0.5183 -0.0003  0.9979 1 
 40.5554  0.0881  2.8055  0.0135  0.2718  0.0619  0.6765  0.0182  0.1044  0.3066 1 
 48.0323 -0.2479 -2.1699  0.0335  0.2307  0.1750  0.4313  0.0323 -0.0003  0.2255 0 
 47.2053  0.2439  0.9398  0.1253  0.1232  0.0889  0.2600  0.0585  0.3042  0.6929 0 
 46.6285 -0.2317  2.5466  0.0031  0.1701  0.0495  0.4781  0.0698 -0.0003  0.1086 0 
 44.5869  0.2347 -0.5658  0.0256  0.7445  0.0385  0.4838  0.0125 -0.0003  0.2710 0 
 59.0402 -0.2043  2.8278  0.0777  0.5266  0.0968  0.4095  0.0378 -0.0003  0.4194 0 
 38.4344  0.2088 -0.3144  0.0288  0.2181  0.0278  0.2288  0.0035 -0.0003  0.1008 0 
 47.5868 -0.0458  0.8156  0.0461  0.1540  0.0385  0.2594  0.0727 -0.0003  0.1233 0 
 46.1494  0.0638 -2.3361  0.0111  0.1685  0.0680  0.3922  0.0707 -0.0003  0.1166 0 
 43.3600  0.5882  0.5430  0.1353  0.6793  0.0957  0.6645 -0.0200 -0.0003  0.6124 1 
 34.1405 -0.5993 -2.5895  0.1035  0.5069  0.0204  0.3784  0.0971 -0.0003  0.5287 1 
 44.0467 -0.0923 -2.6593  0.0123  0.1883  0.0322  0.4412  0.0350  0.1189  0.2158 0 
 43.4760  0.0792  0.4711  0.0012  0.4136  0.1507  0.4427  0.0303 -0.0003  0.1960 0 
 44.7120 -0.1297  1.1412  0.4092  0.3432  0.1038  0.3516  0.6625 -0.0003  0.9985 1 
 29.8955  0.1850 -2.0850  0.2820  0.7446  0.0415  0.2949  0.3613  0.1718  0.9875 1 
 41.1902  0.0777 -0.7092  0.7097  0.4213  0.0883  0.4042  0.2852 -0.0003  0.9933 1 
 38.9746 -0.0538  2.3863  0.1852  0.1614  0.1198  0.3648  0.2809 -0.0003  0.9338 1 
 44.0558  0.7196 -0.9540  0.0243  0.4520  0.0576  0.7058  0.0495 -0.0003  0.3145 1 
 43.7354 -0.7357  2.2100  0.2794  0.7461  0.0863  0.4420  0.4711  0.5714  0.9998 1 
 41.6693 -0.5043  2.8795  0.0313  0.3507  0.0224  0.3134  0.1035 -0.0003  0.1590 0 
 40.7202  0.5475 -0.2708  0.0709  0.2067  0.0205  0.4505  0.2101 -0.0003  0.4378 0 
 46.8177  0.6333  2.5389  0.4964  0.3947  0.0690  0.4776  0.2342 -0.0003  0.9823 1 
 35.1171 -0.6338 -0.5700  0.1139  0.2765  0.0188  0.0938  0.1795  0.2781  0.9677 1 
 44.3091 -0.5970  0.0286  0.0405  0.4092  0.0560  0.4846  0.1027 -0.0003  0.3983 0 
 42.9877  0.6058 -3.1040  0.0165  0.3921  0.0513  0.5328  0.0406 -0.0003  0.2208 0 
 48.7312  0.5179 -0.0882  0.0302  0.0760  0.0300  0.3008  0.0331 -0.0003  0.0569 0 
 34.3908 -0.4965  3.0696  0.0174  0.2917  0.0055  0.1416  0.0153 -0.0003  0.0824 0 
 51.7647 -0.4757 -0.3875  0.2289  0.1378  0.0268  0.2962  0.1480 -0.0003  0.6715 0 
 47.4983  0.4952  2.7435  0.0118  0.5420  0.0155  0.3028  0.0773 -0.0003  0.1094 0 
 48.5176  0.0753  1.3857  0.0148  0.2584  0.0374  0.3442  0.0192 -0.0003  0.1095 0 
 47.1962 -0.0786 -1.7658  0.0154  0.2411  0.0179  0.1733  0.0209 -0.0003  0.0721 0 
 39.5941 -0.0815 -0.5645  0.5496  0.1717  0.0355  0.1816  0.2331  0.3992  0.9959 1 
 38.5840  0.0918  2.5472  0.0149  0.4726  0.0999  0.2743  0.1351 -0.0003  0.4017 1 
 56.9741 -0.3619  2.5561  0.0016  0.3616  0.0305  0.2065  0.1579  0.1585  0.4863 0 
 50.2663  0.3634 -0.5460  0.0128  0.0690  0.1042  0.4689  0.0789  0.1866  0.1599 0 
 44.3549 -0.4440 -0.1823  0.0205  0.0948  0.0545  0.3523  0.0513 -0.0003  0.0828 0 
 43.4669  0.4653  2.9461  0.0226  0.3102  0.0976  0.6198  0.0444  0.0375  0.3143 0 
 58.6709 -0.2318  2.0902  0.0078  0.3214  0.2941  0.2051  0.0070 -0.0003  0.2039 0 
 45.9571  0.2240 -1.0568  0.0279  0.6481  0.0255  0.3054  0.0739 -0.0003  0.2006 0 
 42.1118 -0.0586  0.8813  0.3103  0.3209  0.0392  0.2679  0.4482 -0.0003  0.9911 1 
 28.3299  0.1131 -2.2765  0.1151  0.3835  0.0180  0.5494  0.2871  0.1121  0.8959 1 
 48.7068 -0.1212  1.7626  0.0962  0.3581  0.0839  0.3438  0.0596 -0.0003  0.5159 0 
 42.5635  0.1349 -1.3876  0.0036  0.7634  0.0173  0.3117  0.0982 -0.0003  0.1447 0 
 52.6192  0.4237 -0.3784  0.0659  0.3381  0.1012  0.4635  0.0733 -0.0003  0.4168 0 
 46.2409 -0.4404  2.7777  0.0167  0.3787  0.0441  0.4356  0.0228 -0.0003  0.1887 0 
 53.2845  0.7278  2.9642  0.0102  0.2765  0.0153  0.2520  0.0508 -0.0003  0.0573 0 
 42.4292 -0.7165 -0.1916  0.0039  0.1646  0.0417  0.4456  0.0076 -0.0003  0.0903 0 
 47.6295 -0.6603  2.5410  0.1467  0.0846  0.0388  0.3890  0.2564  0.3118  0.9615 1 
 44.4862  0.6354 -0.6080  0.2501  0.4084  0.0566  0.4840  0.3958 -0.0003  0.9918 1 
 59.3179 -0.7101 -0.3327  0.0108  0.4595  0.0595  0.3681  0.0095 -0.0003  0.1944 0 
 39.4965  0.7236  2.8226  0.0002  0.6698  0.0164  0.3180  0.1251 -0.0003  0.1356 0 
 52.3445 -0.5424 -2.7074  0.0283  0.0617  0.0242  0.3798  0.0286 -0.0003  0.0602 0 
 49.4453  0.5465  0.4479  0.0078  0.0581  0.0395  0.2997  0.0096 -0.0003  0.0590 0 
 45.0416  0.3337 -1.2777  0.5437  0.5505  0.0608  0.3947  0.6961 -0.0003  0.9983 1 
 39.7925 -0.3544  1.9028  0.6839  0.3289  0.1023  0.3627  0.3421 -0.0003  0.9951 1 
 45.3681  0.6774 -1.2996  0.1045  0.2520  0.1382  0.6129  0.0632 -0.0003  0.5302 0 
 42.9053 -0.6720  1.8681  0.0000  0.1394  0.0292  0.4443  0.1760  0.0409  0.1650 0 
 52.3354 -0.6563  1.5209  0.0659  0.1473  0.1848  0.3376  0.0307 -0.0003  0.2280 0 
 46.5370  0.6721 -1.6392  0.0472  0.3304  0.1501  0.3479  0.0303 -0.0003  0.2858 0 
 55.9854 -0.1654  1.2019  0.2660  0.6830  0.1291  0.5809  0.3424 -0.0003  0.9954 1 
 50.2480  0.2172 -1.9533  0.3717  0.5055  0.1303  0.6395  0.2371  0.1171  0.9941 1 
 45.3590  0.7223  0.8737  0.0101  0.4184  0.1736  0.6129  0.1744  0.1956  0.6574 0 
 44.8676 -0.7526 -2.3268  0.0074  0.3040  0.0712  0.4829  0.0644 -0.0003  0.1749 0 
 43.0518 -0.1693  2.7311  0.2303  0.6215  0.0291  0.3995  0.2215 -0.0003  0.9203 0 
 42.6947  0.1895 -0.4015  0.1357  0.4011  0.0458  0.3114  0.1678 -0.0003  0.8005 0 
 45.0416 -0.6066 -1.7019  0.0414  0.2926  0.0204  0.1754  0.0834 -0.0003  0.1452 0 
 43.0060  0.5862  1.4425  0.0145  0.7077  0.0328  0.2220  0.0185 -0.0003  0.2131 0 
 45.6031  0.6615  0.3389  0.0077  0.4734  0.0581  0.3497  0.0480 -0.0003  0.1929 0 
 44.7272 -0.6503 -2.7484  0.0609  0.0497  0.0423  0.0439  0.0286 -0.0003  0.1096 0 
 52.2316  0.1377  2.3082  0.0069  0.0627  0.0391  0.2111  0.0049 -0.0003  0.0625 0 
 46.5888 -0.1389 -0.8239  0.0364  0.0476  0.0339  0.3043  0.0369 -0.0003  0.0619 0 
 46.6468  0.1779  1.9673  0.0443  0.2451  0.0427  0.3911  0.1146  0.0534  0.3967 0 
 43.9277 -0.1771 -1.1627  0.0896  0.6592  0.0278  0.3973  0.1241 -0.0003  0.6581 0 
 54.5144 -0.0580 -2.6238  0.0017  0.7379  0.0216  0.3341  0.0590 -0.0003  0.1226 0 
 42.6245  0.0534  0.4877  0.0073  0.2571  0.0335  0.4005  0.0932 -0.0003  0.1108 0 
 52.2621 -0.1829  1.2319  0.0253  0.0962  0.0304  0.3799  0.0726  0.0654  0.1457 0 
 42.1973  0.2067 -1.8961  0.0095  0.1968  0.0154  0.2678  0.0410 -0.0003  0.0422 0 
 49.3294  0.3601  1.8910  0.0778  0.1364  0.1269  0.2570  0.0840 -0.0003  0.3170 0 
 45.0629 -0.3577 -1.2473  0.0372  0.3435  0.0205  0.1754  0.0098 -0.0003  0.1487 0 
 49.3660 -0.2432  3.0339  0.0062  0.1721  0.0469  0.2998  0.0742 -0.0003  0.0795 0 
 42.8595  0.2701 -0.0812  0.0275  0.7096  0.0338  0.4000  0.1089 -0.0003  0.3541 0 
 46.7445  0.0339 -0.6873  0.0125  0.2280  0.0361  0.4778  0.0801 -0.0003  0.1444 0 
 44.6143 -0.0466  2.4652  0.0305  0.4027  0.0135  0.3078  0.0637 -0.0003  0.1092 0 
 50.6844  0.2527 -3.1017  0.0136  0.3921  0.1520  0.3403  0.0120 -0.0003  0.2042 0 
 45.5573 -0.2305  0.0114  0.0153  0.3061  0.0613  0.3061  0.0191  0.2389  0.4354 0 
 43.9765  0.3127  0.5385  0.0354  0.3569  0.0211  0.3089  0.0125 -0.0003  0.1397 0 
 37.4456 -0.3232 -2.5975  0.0254  0.1067  0.0701  0.1844  0.0082 -0.0003  0.1047 0 
 46.9734  0.0542  1.0726  0.0187  0.6105  0.1597  0.5206  0.2984 -0.0003  0.7289 0 
 35.8953 -0.0689 -2.0775  0.0356  0.3335  0.0078  0.2798  0.0192 -0.0003  0.0847 0 
 46.3752  0.4008  0.1550  0.1482  0.4233  0.0369  0.5223  0.1281 -0.0003  0.7981 1 
 42.2614 -0.4086 -2.9914  0.2712  0.6934  0.0181  0.3568  0.1152 -0.0003  0.8155 1 
 55.8785  0.5333 -2.1143  0.0109  0.3864  0.0237  0.2905  0.0576 -0.0003  0.0933 0 
 48.3253 -0.5172  1.0394  0.0569  0.3952  0.1292  0.3014  0.0839 -0.0003  0.4260 0 
 46.4302 -0.6531  1.2756  0.0340  0.5415  0.0996  0.5657  0.0821  0.3001  0.6757 0 
 43.6805  0.6520 -1.9005  0.0128  0.4169  0.0226  0.2653  0.0323 -0.0003  0.1019 0 
 55.2529  0.0648 -0.0278  0.0293  0.3287  0.2250  0.7076  0.0412  0.0405  0.4140 0 
 42.0020 -0.0894  3.0683  0.2050  0.1504  0.0406  0.3574  0.2260 -0.0003  0.8359 0 
 46.1311  0.5519 -0.0838  0.0483  0.2465  0.0634  0.4795  0.0684 -0.0003  0.3206 0 
 40.8087 -0.5520  3.1271  0.0195  0.1027  0.0996  0.3602  0.0744 -0.0003  0.0914 0 
 50.4280  0.6392 -1.7133  0.0320  0.2487  0.0322  0.2982  0.1147 -0.0003  0.1758 0 
 48.4108 -0.6287  1.4305  0.0667  0.0825  0.0496  0.3443  0.1132  0.2626  0.5754 0 
 45.1667 -0.3032 -1.2242  0.1218  0.0896  0.0271  0.4821  0.3045 -0.0003  0.6190 0 
 40.9644  0.3034  1.9190  0.0062  0.6829  0.0215  0.3599  0.0147 -0.0003  0.1334 0 
 45.6703 -0.4495  0.6134  0.0013  0.4277  0.1274  0.6992  0.0185 -0.0003  0.2199 0 
 44.2084  0.4525 -2.4928  0.0198  0.1104  0.1370  0.2204  0.0027 -0.0003  0.0770 0 
 50.8705 -0.1052 -2.5137  0.0318  0.4340  0.0542  0.2550  0.0390 -0.0003  0.2979 0 
 47.4189  0.0838  0.6174  0.0336  0.4228  0.0548  0.6059  0.0895 -0.0003  0.3729 0 
 57.1481 -0.5283  0.9837  0.0056  0.2536  0.0717  0.2889  0.0312 -0.0003  0.1377 0 
 32.2240  0.5069 -2.1783  0.0745  0.5547  0.0209  0.3847  0.1226 -0.0003  0.4833 0 
 48.8930  0.7808 -2.7595  0.0029  0.2768  0.0505  0.4293  0.0464 -0.0003  0.1243 1 
 38.4588 -0.7644  0.3333  0.0695  0.2292  0.0170  0.1830  0.1159  0.2561  0.8738 1 
 43.7232  0.4387  1.4976  0.8099  0.3846  0.0364  0.6189  0.5861 -0.0003  0.9961 1 
 40.0824 -0.4182 -1.6513  0.2301  0.2023  0.0700  0.4977  0.2089  0.1437  0.9533 1 
 49.6864 -0.6078 -2.7798  0.0036  0.5834  0.0444  0.2565  0.0230 -0.0003  0.2108 0 
 48.0293  0.6139  0.3771  0.0066  0.2845  0.1214  0.4313  0.0662 -0.0003  0.1729 0 
 47.7882 -0.1380 -0.6566  0.0157  0.7052  0.0346  0.4319  0.0191 -0.0003  0.2152 0 
 41.0651  0.1292  2.4810  0.1548  0.2887  0.0361  0.3147  0.0657 -0.0003  0.5453 0 
 50.0648 -0.7530 -1.9999  0.0014  0.0868  0.0409  0.4267  0.0475 -0.0003  0.0660 0 
 38.5809  0.7537  1.1437  0.0328  0.2249  0.0173  0.2286  0.0097 -0.0003  0.0785 0 
 43.1739 -0.1866 -2.5488  0.0210  0.3371  0.0157  0.2217  0.0128 -0.0003  0.0931 0 
 36.7498  0.1852  0.5990  0.0048  0.1639  0.0328  0.2317  0.0065 -0.0003  0.0633 0 
 47.2663 -0.4694 -1.2822  0.0594  0.0674  0.0910  0.5198  0.0369 -0.0003  0.1701 0 
 42.3651  0.4481  1.8360  0.0092  0.0879  0.2004  0.2675  0.0049 -0.0003  0.0628 0 
 46.2409 -0.2788 -1.6276  0.0718  0.6287  0.0204  0.3485  0.0978 -0.0003  0.4064 0 
 45.9907  0.2909  1.5369  0.0029  0.1724  0.0325  0.4798  0.0555  0.2450  0.3588 0 
 47.5166 -0.0082  1.4042  0.0628  0.1660  0.0352  0.3893  0.0651 -0.0003  0.2036 0 
 41.9867  0.0087 -1.7356  0.0024  0.2356  0.0239  0.2234  0.0919 -0.0003  0.0673 0 
 47.5227 -0.5628  1.9560  0.0519  0.4060  0.0295  0.5190  0.0379 -0.0003  0.3684 0 
 45.5634  0.5541 -1.1737  0.1934  0.3711  0.0178  0.3061  0.2122 -0.0003  0.7388 0 
 52.6650  0.3290  3.0459  0.0282  0.4782  0.0903  0.3371  0.0734 -0.0003  0.3093 0 
 49.0089 -0.2944 -0.0658  0.0357  0.6566  0.0242  0.5149  0.0743  0.1111  0.5399 0 
 43.1739 -0.7536 -0.3390  0.0533  0.2929  0.0427  0.3992  0.1595 -0.0003  0.4427 0 
 37.3388  0.7568  2.7946  0.0215  0.2820  0.0452  0.5074  0.0641 -0.0003  0.2177 0 
 46.8452  0.1005  2.8647  0.4612  0.5157  0.0859  0.5209  0.3892  0.0548  0.9957 1 
 31.7662 -0.1360 -0.2854  0.0349  0.2934  0.0644  0.4829  0.0079  0.2978  0.5103 1 
 50.5653  0.0264  2.6577  0.0145  0.6207  0.0413  0.4682  0.0360 -0.0003  0.2161 0 
 43.0793 -0.0041 -0.4608  0.0099  0.3203  0.0217  0.3994  0.0320 -0.0003  0.0884 0 
 45.5238  0.3225 -0.7763  0.0403  0.1788  0.0305  0.3499  0.0467 -0.0003  0.1132 0 
 44.5106 -0.2680  2.3785  0.0821  0.7760  0.0501  0.2640  0.0633 -0.0003  0.6916 0 
 50.7546  0.4709  1.4181  0.0080  0.3216  0.0325  0.4253  0.0190  0.0828  0.2276 0 
 19.3210 -0.4763 -1.7156  0.1127  0.2314  0.0165  0.3948  0.2016 -0.0003  0.5549 0 
 48.6030 -0.7072  1.5789  0.0085  0.3004  0.2119  0.2580  0.0020 -0.0003  0.1885 0 
 46.3508  0.7199 -1.6177  0.0045  0.1944  0.1905  0.0871  0.0054  0.8547  0.6531 0 
 39.6460 -0.5359  2.2076  0.4319  0.2276  0.0582  0.4084  0.3935  0.0607  0.9950 1 
 33.9422  0.5248 -0.9560  0.0069  0.5413  0.0157  0.3790  0.1649  0.1426  0.4860 1 
 49.2897 -0.5089 -0.9548  0.0498  0.0787  0.0259  0.2571  0.0579 -0.0003  0.0617 0 
 45.5085  0.4727  2.1569  0.0745  0.4307  0.0310  0.3062  0.0362 -0.0003  0.3576 0 
 46.9581  0.7442  0.9730  0.0128  0.0862  0.0529  0.2603  0.0059 -0.0003  0.0745 0 
 39.5666 -0.7370 -2.1781  0.0019  0.2811  0.0089  0.1362  0.0276 -0.0003  0.0711 0 
 66.0899 -0.5969 -2.0022  0.0258  0.2305  0.1031  0.3188  0.0665 -0.0003  0.1987 0 
 40.0946  0.5691  1.1274  0.0000  0.3255  0.0072  0.1810  0.0174 -0.0003  0.0648 0 
 46.9306  0.0243  2.9587  0.0190  0.2060  0.1935  0.5207  0.0805  0.4770  0.5445 0 
 45.8961 -0.0129 -0.1789  0.2041  0.7597  0.0435  0.3491  0.3018 -0.0003  0.9694 0 
 39.3683  0.5491 -0.2585  0.0749  0.2146  0.0480  0.1819  0.0053  0.3132  0.8177 0 
 37.6928 -0.5370  2.9149  0.0399  0.1448  0.1018  0.3221  0.1597 -0.0003  0.2942 0 
 47.0497 -0.2161 -0.9345  0.0209  0.0557  0.0717  0.2602  0.0076 -0.0003  0.0783 0 
 46.8360  0.2021  2.2129  0.0336  0.4328  0.1699  0.5644  0.1197 -0.0003  0.3808 0 
 45.5482  0.6632 -1.3439  0.0953  0.4797  0.0572  0.3936  0.0693 -0.0003  0.5932 0 
 37.2564 -0.6080  1.7919  0.0103  0.4516  0.0193  0.3693  0.0109 -0.0003  0.1128 0 
 52.0211  0.4288  0.6668  0.0154  0.6246  0.0086  0.1691  0.0276 -0.0003  0.1178 0 
 40.0092 -0.4368 -2.4821  0.0387  0.4486  0.0211  0.1811  0.0148 -0.0003  0.1671 0 
 51.6243  0.5606  1.3469  0.1396  0.4971  0.1187  0.3811  0.2656 -0.0003  0.9534 1 
 33.6065 -0.5785 -1.7245  0.1016  0.1001  0.0548  0.2376  0.1472  0.4707  0.9782 1 
 50.7027 -0.2976 -1.5588  0.0121  0.6300  0.0556  0.4679  0.0176 -0.0003  0.2044 0 
 40.0427  0.3075  1.5849  0.0763  0.1783  0.0761  0.1810  0.0491 -0.0003  0.3197 0 
 44.5533  0.3496  0.4308  0.1841  0.7116  0.0696  0.7918  0.3691 -0.0003  0.9868 1 
 40.1038 -0.3500 -2.6996  0.4066  0.1843  0.0306  0.1810  0.2918 -0.0003  0.9690 1 
 49.1798  0.3974  2.6639  0.0090  0.3362  0.0489  0.2572  0.0372 -0.0003  0.1510 0 
 43.0213 -0.3851 -0.4738  0.0252  0.1511  0.0399  0.3551  0.1210 -0.0003  0.1365 0 
 48.7709 -0.0448 -0.8647  0.1222  0.7464  0.1330  0.4726  0.1472 -0.0003  0.8393 0 
 39.5880  0.0649  2.3023  0.0183  0.2262  0.0326  0.3178  0.0212  0.1189  0.2618 0 
 46.7140  0.7928 -0.7200  0.0211  0.4601  0.1230  0.4779  0.0353 -0.0003  0.2383 0 
 45.5848 -0.7930  2.4152  0.0078  0.4078  0.0375  0.2186  0.0344 -0.0003  0.1489 0 
 45.8839 -0.2462  1.5905  0.2872  0.1364  0.0369  0.2619  0.4415 -0.0003  0.9697 0 
 41.1383  0.2309 -1.5617  0.1533  0.6261  0.0206  0.3594  0.1143 -0.0003  0.6930 0 
 46.3600  0.5839 -3.0820  0.0866  0.1132  0.0902  0.3918  0.0399 -0.0003  0.2416 0 
 43.6225 -0.5770  0.0711  0.0547  0.3386  0.0248  0.3096  0.0547  0.1132  0.4748 0 
 48.9082  0.1582 -1.6981  0.0016  0.7421  0.0800  0.4722  0.0842 -0.0003  0.2657 0 
 45.4749 -0.1385  1.4490  0.0032  0.5417  0.0276  0.1312  0.0627 -0.0003  0.1496 0 
 45.6794 -0.3223 -1.3437  0.0640  0.4746  0.1439  0.5244  0.2122  0.3140  0.9244 0 
 45.2461  0.2707  1.8168  0.0103  0.3995  0.0530  0.3067  0.0158 -0.0003  0.1904 0 
 47.4464 -0.4951 -2.8953  0.0063  0.2322  0.0475  0.2596  0.0273 -0.0003  0.0976 0 
 45.7130  0.4873  0.2489  0.0073  0.4142  0.0627  0.5680  0.1017 -0.0003  0.2377 0 
 45.4109 -0.3691 -2.9330  0.0702  0.6386  0.0279  0.3939  0.3005 -0.0003  0.7915 0 
 34.9767  0.3944  0.2254  0.0787  0.0548  0.0373  0.1879  0.0991 -0.0003  0.1106 0 
 48.4566 -0.5080  3.1153  0.0076  0.1913  0.0543  0.4304  0.0097 -0.0003  0.1123 0 
 44.8829  0.4976 -0.0061  0.0688  0.4365  0.0187  0.3951  0.1168 -0.0003  0.3943 0 
 45.2522  0.6866  1.1173  0.0144  0.5931  0.0643  0.4818  0.1194 -0.0003  0.3131 0 
 44.9561 -0.6914 -2.0312  0.0328  0.2211  0.0107  0.2633  0.0482 -0.0003  0.0608 0 
 46.7720 -0.1448 -2.2808  0.2004  0.0560  0.0296  0.3474  0.1531 -0.0003  0.5368 0 
 44.8829  0.1548  0.8696  0.0056  0.6057  0.0521  0.3512  0.0826  0.1873  0.5366 0 
 51.0903 -0.0652  2.5631  0.0065  0.4669  0.0479  0.3396  0.0985 -0.0003  0.2106 0 
 47.5654  0.0723 -0.6044  0.0191  0.1090  0.0144  0.3027  0.0276 -0.0003  0.0396 0 
 48.0018 -0.7923 -2.6540  0.0882  0.0659  0.0885  0.1294  0.0075 -0.0003  0.1367 0 
 32.6207  0.7953  0.4523  0.0403  0.3986  0.0180  0.4313  0.0707 -0.0003  0.2207 0 
 47.3182  0.1244  1.8424  0.0172  0.1088  0.1729  0.3031  0.0281 -0.0003  0.0774 0 
 45.8717 -0.1322 -1.3067  0.0169  0.4318  0.0299  0.2619  0.0196 -0.0003  0.1469 0 
 48.7037 -0.0155  1.8671  0.0042  0.1398  0.0509  0.3868  0.0494 -0.0003  0.0779 0 
 43.5767  0.0162 -1.2538  0.0565  0.6959  0.0106  0.3539  0.0416 -0.0003  0.2364 0 
 48.9021 -0.7135  2.4426  0.0219  0.6690  0.1592  0.5152  0.0211 -0.0003  0.2765 0 
 26.1723  0.6943 -0.7340  0.0045  0.2252  0.0482  0.4604  0.1099 -0.0003  0.1483 0 
 43.1312 -0.2000  2.7588  0.0471  0.2804  0.0856  0.4436  0.1181  0.6761  0.9835 1 
 38.7732  0.1498 -0.4056  0.0113  0.2170  0.0555  0.2739  0.1616  0.4620  0.8686 1 
 49.0791  0.6396 -2.7041  0.0023  0.2364  0.2015  0.4718  0.0319 -0.0003  0.1748 0 
 47.6753 -0.6310  0.3880  0.0142  0.0985  0.0390  0.2593  0.0119 -0.0003  0.0622 0 
 44.0223  0.6917  2.1767  0.0397  0.4766  0.0323  0.3089  0.1076 -0.0003  0.2985 0 
 42.7741 -0.6782 -0.9246  0.0054  0.3277  0.1264  0.5335  0.0233 -0.0003  0.1843 0 
 48.7953 -0.3447 -0.6847  0.0542  0.1148  0.0639  0.6014  0.0632 -0.0003  0.2899 0 
 44.0803  0.3568  2.4783  0.0032  0.2960  0.0285  0.3529  0.0275 -0.0003  0.0771 0 
 47.1260  0.3564  0.7890  0.0303  0.2695  0.0590  0.3468  0.0159 -0.0003  0.1976 0 
 32.5292 -0.2893 -2.3847  0.0123  0.0656  0.0839  0.1919  0.0403 -0.0003  0.0853 0 
 58.5367 -0.3709  2.1009  0.0440  0.0840  0.0273  0.2462  0.0640 -0.0003  0.0623 0 
 44.5197  0.3783 -1.0457  0.0069  0.7332  0.0453  0.4400  0.1088 -0.0003  0.2872 0 
 50.1045 -0.1974  3.0977  0.0606  0.1838  0.0425  0.4266  0.0467 -0.0003  0.2364 0 
 41.9837  0.2203 -0.0877  0.0139  0.2543  0.0274  0.3575  0.0410 -0.0003  0.0820 0 
 46.1860  0.5770  2.5191  0.2229  0.1456  0.0353  0.3486  0.2580  0.2861  0.9937 1 
 37.0825 -0.5561 -0.5930  0.1184  0.3915  0.0467  0.4622  0.2459  0.4127  0.9955 1 
 37.0092  0.6616  2.0137  0.0187  0.2396  0.0206  0.4162  0.1821 -0.0003  0.1966 0 
 36.5179 -0.6348 -1.1522  0.0742  0.3458  0.0306  0.3249  0.0313 -0.0003  0.3069 0 
 45.3712 -0.7119 -1.1587  0.0535  0.3647  0.0390  0.3502  0.0688 -0.0003  0.3221 0 
 45.0965  0.7246  2.0126  0.0006  0.2924  0.0131  0.5262  0.0184 -0.0003  0.0888 0 
 52.2499 -0.1003 -0.6181  0.0037  0.0680  0.0905  0.4644  0.0162 -0.0003  0.0632 0 
 44.8341  0.1277  2.5409  0.0561  0.3799  0.0153  0.1756  0.0433 -0.0003  0.1451 0 
 44.9958  0.6574  2.0712  0.0938  0.3414  0.0256  0.1316  0.1686 -0.0003  0.4177 0 
 42.4445 -0.6081 -1.1102  0.0598  0.2393  0.2043  0.4010  0.0451 -0.0003  0.3237 0 
 42.0325 -0.7238 -2.0170  0.0015  0.1879  0.0135  0.1787  0.0794 -0.0003  0.0488 0 
 35.7427  0.7164  1.1546  0.0186  0.5714  0.1523  0.1868  0.0043 -0.0003  0.2308 0 
 51.9997 -0.4990  1.1944  0.0034  0.2647  0.0225  0.2113  0.0759 -0.0003  0.0695 0 
 37.1069  0.5175 -1.9507  0.0136  0.0665  0.0224  0.2773  0.0937 -0.0003  0.0504 0 
 44.3061  0.2759 -1.6405  0.0069  0.5705  0.0532  0.4405  0.0314 -0.0003  0.1841 0 
 44.0681 -0.2716  1.5867  0.0745  0.1506  0.0850  0.3529  0.2379 -0.0003  0.5630 0 
 46.1463  0.1963  0.2431  0.6098  0.5750  0.0823  0.5666  0.4660 -0.0003  0.9958 1 
 41.2604 -0.2373 -2.9102  0.3730  0.6236  0.0686  0.3143  0.3824 -0.0003  0.9954 1 
 49.5155 -0.1452 -0.0829  0.0000  0.5419  0.0334  0.2140  0.2036 -0.0003  0.2829 0 
 44.0681  0.1592  3.0596  0.0027  0.4303  0.0539  0.4852  0.0178 -0.0003  0.1609 0 
 55.3536  0.6426 -2.6776  0.0166  0.3356  0.1954  0.5825  0.1382 -0.0003  0.3700 0 
 45.7282 -0.6307  0.4352  0.0793  0.3057  0.0213  0.2621  0.1539  0.0574  0.5065 0 
 48.7861  0.5940 -2.5008  0.0463  0.1250  0.0845  0.3007  0.0108 -0.0003  0.1283 0 
 29.1142 -0.6032  0.6914  0.0425  0.2577  0.0303  0.2477  0.0197  0.3416  0.9446 0 
 42.5574  0.6102 -3.0829  0.0340  0.2012  0.1165  0.3117  0.0823 -0.0003  0.2247 0 
 31.1192 -0.6437  0.0863  0.0402  0.6892  0.0099  0.3400  0.0783 -0.0003  0.1969 0 
 44.3977 -0.3225 -0.8935  0.0361  0.1175  0.0503  0.2201  0.0433 -0.0003  0.0929 0 
 37.7173  0.3106  2.2265  0.1077  0.4059  0.0221  0.1840  0.0501 -0.0003  0.3198 0 
 55.5795  0.1685 -1.7071  0.0169  0.4204  0.1056  0.4572  0.0369 -0.0003  0.2143 0 
 43.5065 -0.1549  1.4098  0.0404  0.2152  0.0363  0.3098  0.0523 -0.0003  0.1393 0 
 48.2551 -0.4947  2.5474  0.0304  0.2798  0.0408  0.3877  0.1345 -0.0003  0.2733 0 
 46.2379  0.4684 -0.5206  0.0066  0.6876  0.1046  0.3049  0.1568 -0.0003  0.4396 0 
 46.7201  0.0180  1.4013  0.0495  0.3078  0.0235  0.1303  0.0170 -0.0003  0.1818 0 
 45.2827 -0.0368 -1.7617  0.0009  0.1766  0.0205  0.2190  0.0095 -0.0003  0.0478 0 
 46.8421 -0.1044 -2.6774  0.4976  0.3326  0.1096  0.5209  0.5640 -0.0003  0.9983 1 
 37.9828  0.1244  0.5000  0.0635  0.1803  0.0822  0.4132  0.1063 -0.0003  0.3616 1 
 48.2948  0.0977 -0.2327  0.0516  0.1858  0.1358  0.5169  0.0162 -0.0003  0.2619 0 
 47.4769 -0.1368  2.9314  0.0016  0.1998  0.0194  0.1298  0.0317 -0.0003  0.0623 0 
 49.5674 -0.5570 -2.0738  0.0474  0.1804  0.0537  0.2995  0.0198 -0.0003  0.1655 0 
 46.5126  0.5502  1.0834  0.0026  0.1660  0.0325  0.2175  0.0670 -0.0003  0.0551 0 
 44.5106  0.4851 -2.3998  0.3441  0.5521  0.0679  0.6160  0.3824 -0.0003  0.9945 1 
 40.1190 -0.4873  0.7669  0.7643  0.4913  0.0235  0.2714  0.3322  0.2926  0.9978 1 
 45.5329 -0.7940 -0.9106  0.0111  0.1564  0.0473  0.2624  0.0881 -0.0003  0.0881 0 
 37.3358  0.7891  2.2267  0.0117  0.3946  0.0272  0.2768  0.1214 -0.0003  0.1508 0 
 48.6488  0.2318 -1.2920  0.0142  0.2396  0.1195  0.5589  0.0224 -0.0003  0.1881 0 
 43.0854 -0.2166  1.8601  0.0298  0.3102  0.0144  0.2663  0.1680 -0.0003  0.1819 0 
 50.3181 -0.6292 -0.0190  0.3377  0.6629  0.0670  0.2557  0.3629 -0.0003  0.9936 0 
 49.2775  0.6324  3.1075  0.0495  0.5902  0.0476  0.5999  0.1614 -0.0003  0.5898 0 
 44.8218  0.7554 -1.6499  0.0194  0.1516  0.0497  0.6148  0.0140 -0.0003  0.1683 0 
 38.3703 -0.7517  1.5217  0.0096  0.2886  0.0179  0.3205  0.0143 -0.0003  0.0660 0 
 45.9724 -0.5713 -1.4811  0.0564  0.2789  0.0807  0.4799  0.0808 -0.0003  0.3939 0 
 44.7486  0.5640  1.6641  0.0276  0.2705  0.0165  0.2197  0.0167 -0.0003  0.0830 0 
 46.4790  0.1170 -1.0166  0.0661  0.6301  0.0168  0.2175  0.0143 -0.0003  0.2345 0 
 39.1760 -0.1041  2.1339  0.0823  0.1621  0.0337  0.4553  0.0286 -0.0003  0.2658 0 
 50.4829 -0.2467 -2.0389  0.0771  0.2976  0.1530  0.4258  0.0949 -0.0003  0.4531 0 
 44.4800  0.2570  1.1175  0.0049  0.1056  0.0176  0.2200  0.0035 -0.0003  0.0431 0 
 49.5369 -0.6762 -1.6153  0.1183  0.7143  0.1144  0.4707  0.1263  0.2677  0.9069 1 
 47.3335  0.6682  1.4948  0.3111  0.7335  0.0368  0.5628  0.4472 -0.0003  0.9925 1 
 47.6295  0.7224 -1.6226  0.0353  0.3089  0.0466  0.3890  0.0259 -0.0003  0.2223 0 
 46.7109 -0.7270  1.4986  0.0455  0.0443  0.0138  0.2607  0.0447 -0.0003  0.0423 0 
 48.7129 -0.0883  0.0122  0.0357  0.3919  0.2621  0.6446  0.1500 -0.0003  0.5034 0 
 45.2918  0.1074 -3.0971  0.0160  0.7486  0.0217  0.3066  0.0057 -0.0003  0.1679 0 
 47.7943  0.4672 -0.4598  0.0066  0.1779  0.0266  0.3887  0.0969 -0.0003  0.0745 0 
 45.2369 -0.4682  2.6833  0.0009  0.2002  0.1553  0.3943  0.1074 -0.0003  0.1538 0 
 47.7089 -0.7301  0.2889  0.1116  0.5104  0.0315  0.4321  0.0491 -0.0003  0.6098 1 
 47.6081  0.7383 -2.8248  0.2973  0.5148  0.0625  0.4323  0.2459 -0.0003  0.9777 1 
 59.7665 -0.6594 -2.9261  0.0035  0.2635  0.0763  0.1633  0.0124 -0.0003  0.2099 0 
 45.1453  0.6531  0.1582  0.0048  0.3519  0.0570  0.2192  0.0124 -0.0003  0.2021 0 
 42.2644  0.2266  2.8139  0.5660  0.4755  0.0209  0.4461  0.6915 -0.0003  0.9982 1 
 37.5250 -0.1942 -0.3364  0.3568  0.2104  0.0529  0.4146  0.3255  0.4691  0.9998 1 
 51.4809  0.3083 -2.7366  0.0070  0.6721  0.0233  0.2119  0.0037 -0.0003  0.1663 0 
 46.7170 -0.2739  0.3408  0.0387  0.1690  0.0387  0.1738  0.0178 -0.0003  0.1160 0 
 50.3395 -0.0211  0.5531  0.0190  0.3888  0.0545  0.5540  0.1288 -0.0003  0.3198 0 
 47.3732  0.0183 -2.5669  0.0841  0.1710  0.0490  0.4761  0.0108 -0.0003  0.3089 0 
 47.2206 -0.7657  0.8436  0.0362  0.7123  0.1429  0.4765  0.1439 -0.0003  0.4892 0 
 44.9989  0.7687 -2.3236  0.0113  0.1454  0.0801  0.3510  0.0389 -0.0003  0.0942 0 
 42.5757  0.7273  0.1966  0.0040  0.5876  0.0367  0.3561  0.0375  0.0458  0.2277 1 
 37.6318 -0.7325 -2.9571  0.0679  0.5454  0.0092  0.2762  0.1000 -0.0003  0.2392 1 
 45.2308  0.2221 -3.0394  0.0144  0.2674  0.0992  0.3067  0.0672 -0.0003  0.1870 0 
 40.2533 -0.2081  0.0788  0.0056  0.2996  0.0430  0.2712  0.0403 -0.0003  0.1077 0 
 32.4163  0.1081  2.0995  0.3394  0.7454  0.0360  0.4320  0.3144  0.2798  0.9967 1 
 27.2374 -0.1332 -1.0785  0.0556  0.6497  0.0190  0.2022  0.0329  0.2684  0.8717 1 
 45.7893 -0.7391 -3.0783  0.0179  0.3607  0.0382  0.2620  0.0126 -0.0003  0.1663 0 
 37.9126  0.7061  0.1267  0.0811  0.3711  0.0473  0.3675  0.0071 -0.0003  0.4220 0 
 46.6682 -0.2591 -1.4922  0.0275  0.3538  0.0837  0.3042  0.1807 -0.0003  0.4838 0 
 41.5930  0.2776  1.7135  0.0050  0.6834  0.1955  0.8959  0.0948 -0.0003  0.3536 0 
 50.8431 -0.3715 -0.1979  0.0775  0.4500  0.1608  0.4676  0.1364 -0.0003  0.5637 1 
 34.4335  0.3861  2.8686  0.1400  0.7351  0.0726  0.5191  0.1937  0.1202  0.9334 1 
 46.1097 -0.0434 -2.4691  0.4090  0.5378  0.0542  0.5667  0.4267 -0.0003  0.9944 1 
 45.6703  0.1129  0.5576  0.0020  0.2277  0.1703  0.5244  0.0728  0.7635  0.6939 1 
 54.9355 -0.3992  1.1713  0.0392  0.4012  0.0727  0.3752  0.0421 -0.0003  0.2996 0 
 43.9216  0.3743 -1.9727  0.0137  0.2049  0.0329  0.2649  0.0721 -0.0003  0.0754 0 
 55.5795 -0.4113  2.6860  0.0052  0.1629  0.1099  0.3741  0.0453 -0.0003  0.0941 0 
 48.9021  0.3723 -0.4898  0.0088  0.1170  0.0406  0.3005  0.0197 -0.0003  0.0616 0 
 54.5541 -0.0784  3.0183  0.0328  0.1597  0.0918  0.3758  0.0995 -0.0003  0.1968 0 
 41.9684  0.0783 -0.1470  0.0761  0.1906  0.0427  0.2234  0.0601 -0.0003  0.2406 0 
 48.7922 -0.6122  0.4124  0.0172  0.0394  0.2717  0.1718  0.0087 -0.0003  0.0491 0 
 47.2999  0.6585 -2.6901  0.0000  0.0865  0.0224  0.0866 -0.0200 -0.0003  0.0889 0 
 47.1687  0.1627  0.3307  0.0294  0.3026  0.2146  0.4333  0.0441 -0.0003  0.2671 0 
 47.0893 -0.1795 -2.8052  0.0562  0.4477  0.0985  0.4336  0.0353  0.3659  0.6905 0 
 48.7221  0.1407 -1.1992  0.0168  0.2263  0.1280  0.4298  0.0286 -0.0003  0.1598 0 
 41.0620 -0.1227  1.9361  0.0471  0.0336  0.0217  0.1798  0.0229 -0.0003  0.0498 0 
 49.4759  0.1789 -1.5879  0.0655  0.1398  0.0445  0.5565  0.1165 -0.0003  0.3700 0 
 40.6622 -0.1597  1.6021  0.0208  0.3951  0.0640  0.2704  0.0157 -0.0003  0.2484 0 
 52.6619  0.2122  1.3735  0.0026  0.0903  0.0439  0.1264  0.0411 -0.0003  0.0702 0 
 45.2338 -0.2330 -1.7564  0.0175  0.1602  0.0252  0.3067 -0.0200 -0.0003  0.0826 0 
 44.3885 -0.7045  1.6260  0.0215  0.2596  0.0258  0.2642  0.1102 -0.0003  0.1208 0 
 42.5422  0.7041 -1.5721  0.0879  0.2119  0.1159  0.2672  0.0637 -0.0003  0.4281 0 
 46.2928  0.1783  2.4901  0.0381  0.1254  0.0735  0.5225  0.0246 -0.0003  0.1722 0 
 43.9368 -0.2184 -0.6575  0.0288  0.4539  0.0138  0.4415  0.0082  0.0651  0.3030 0 
 47.5410 -0.6999  1.3740  0.0047  0.1611  0.0498  0.2163  0.0270 -0.0003  0.0779 0 
 37.1313  0.6856 -1.7596  0.0412  0.2591  0.0136  0.2772  0.0648 -0.0003  0.0925 0 
 48.6152  0.0357 -1.1041  0.3956  0.7232  0.0837  0.4730  0.4470 -0.0003  0.9969 1 
 43.8392 -0.0356  2.0536  0.0175  0.7184  0.0244  0.2209  0.0229 -0.0003  0.1670 1 
 58.8846 -0.6538 -1.0683  0.0302  0.3163  0.0298  0.3688  0.0576 -0.0003  0.1579 0 
 54.2275  0.6639  2.1072  0.0174  0.3859  0.0293  0.2927  0.0128 -0.0003  0.1373 0 
 44.7669 -0.1323  2.2776  0.0956  0.3995  0.1003  0.3514  0.1219 -0.0003  0.6428 0 
 43.2380  0.0907 -0.8957  0.1008  0.5135  0.0383  0.2217  0.0026 -0.0003  0.5612 0 
 49.2958 -0.5070 -1.1596  0.0597  0.4894  0.1607  0.4713  0.0534 -0.0003  0.3464 0 
 47.9011  0.4885  1.9973  0.0292  0.6458  0.0325  0.4316  0.0490 -0.0003  0.2787 0 
 45.6367  0.3171 -1.7141  0.0140  0.3588  0.0590  0.5245  0.0338 -0.0003  0.2020 0 
 42.8809 -0.3098  1.4455  0.0281  0.0718  0.0335  0.2666  0.1229 -0.0003  0.0864 0 
 48.1544 -0.7675 -2.1756  0.0916  0.3127  0.0928  0.5172  0.0253 -0.0003  0.4387 0 
 43.0671  0.7644  0.9588  0.0790  0.2695  0.0177  0.2663  0.0947 -0.0003  0.2136 0 
 47.6234 -0.0888  2.7355  0.0764  0.4079  0.0262  0.2594  0.0252 -0.0003  0.2870 0 
 47.3274  0.1133 -0.3785  0.0098  0.1742  0.0490  0.1732  0.0842 -0.0003  0.1104 0 
 43.1556 -0.3968  1.9863  0.1366  0.2925  0.0340  0.3549  0.2429 -0.0003  0.7949 1 
 40.3784  0.4203 -1.1388  0.2354  0.6669  0.0567  0.2258  0.2652 -0.0003  0.9712 1 
 45.3925  0.6909  1.6310  0.0044  0.0898  0.0868  0.3939  0.0450 -0.0003  0.0680 0 
 41.6327 -0.6985 -1.5926  0.0126  0.2774  0.1223  0.1791  0.0286 -0.0003  0.2182 0 
 48.5512  0.7849 -0.8995  0.0211  0.3603  0.0714  0.3441  0.0279  0.0672  0.2893 0 
 43.4363 -0.8046  2.2301  0.0697  0.4846  0.0202  0.2214  0.0063 -0.0003  0.2488 0 
 51.2123  0.3283 -0.7251  0.0952  0.3190  0.0280  0.2970  0.0715 -0.0003  0.3622 0 
 42.3285 -0.3352  2.4350  0.0739  0.1967  0.0462  0.2675  0.1247 -0.0003  0.3652 0 
 46.6072  0.3193  0.8241  0.5267  0.3854  0.0389  0.6520  0.7824 -0.0003  0.9986 1 
 32.5292 -0.3010 -2.3216  0.2360  0.4045  0.0424  0.2878  0.2314  0.4216  0.9987 1 
 51.3527  0.1438 -1.5535  0.0250  0.1215  0.0370  0.4664  0.0253 -0.0003  0.1069 0 
 48.2765 -0.1328  1.5908  0.0060  0.1613  0.0249  0.1292 -0.0200 -0.0003  0.0985 0 
 47.1260 -0.4020 -0.6330  0.0668  0.0547  0.1176  0.3468  0.0958 -0.0003  0.1300 0 
 46.6102  0.3657  2.5304  0.3729  0.2740  0.0665  0.3478  0.3113 -0.0003  0.9907 0 
 48.3772 -0.4730 -1.3812  0.0213  0.3047  0.0742  0.6888  0.0362 -0.0003  0.2838 0 
 46.7445  0.4814  1.7424  0.0072  0.3791  0.0160  0.4344  0.0795  0.0290  0.1441 0 
 47.7150 -0.1512 -1.5092  0.0725  0.4219  0.0852  0.3457  0.0527 -0.0003  0.4541 1 
 44.5777  0.1627  1.6381  0.0298  0.7798  0.0525  0.3958  0.0159 -0.0003  0.3040 1 
 53.1594 -0.4772 -0.3257  0.0368  0.4645  0.2067  0.4623  0.0269 -0.0003  0.2899 0 
 46.2959  0.4552  2.8145  0.0045  0.2714  0.0390  0.3919  0.0982 -0.0003  0.1202 0 
 55.1308 -0.1295 -0.3058  0.0166  0.6957  0.0393  0.1666  0.0191 -0.0003  0.2809 0 
 40.2228  0.1099  2.8465  0.0139  0.3749  0.0115  0.1356  0.0189 -0.0003  0.1092 0 
 40.5493 -0.5125 -0.0475  0.2861  0.4764  0.0363  0.3157  0.2562 -0.0003  0.9542 1 
 29.4438  0.5403  3.1191  0.1346  0.4710  0.0406  0.4444  0.0339 -0.0003  0.6291 1 
 49.5460  0.5335 -0.8685  0.0490  0.3472  0.0878  0.2140  0.1440 -0.0003  0.5779 0 
 46.0121 -0.4994  2.2500  0.0377  0.1036  0.7161  0.2617  0.0402 -0.0003  0.1908 0 
 48.3650  0.5221 -0.9019  0.0150  0.4323  0.0847  0.5166  0.0648 -0.0003  0.2325 0 
 41.8647 -0.4909  2.2285  0.1688  0.3819  0.0220  0.1789  0.1601 -0.0003  0.5868 0 
 49.7871  0.1386 -2.7833  0.0458  0.4360  0.0947  0.6410  0.0500 -0.0003  0.3689 0 
 45.3895 -0.1392  0.3547  0.0341  0.5864  0.0113  0.1313  0.0179 -0.0003  0.1431 0 
 45.0538  0.2837 -1.2602  0.6013  0.1156  0.0461  0.5263  0.7348 -0.0003  0.9970 1 
 43.6774 -0.2569  1.8672  0.0068  0.2234  0.1846  0.5306  0.1535  1.0033  0.9174 1 
 50.6752 -0.3516 -1.5377  0.0117  0.3706  0.0253  0.4680  0.1210 -0.0003  0.1935 0 
 44.6662  0.3441  1.5982  0.0036  0.2487  0.0225  0.2637  0.0073 -0.0003  0.0625 0 
 48.6519  0.0942  0.4169  0.0347  0.4576  0.1806  0.7308  0.4783 -0.0003  0.9640 1 
 43.6835 -0.0858 -2.7900  0.1774  0.4006  0.0660  0.3095  0.3292 -0.0003  0.9610 1 
 46.2806 -0.6014  0.0472  0.0012  0.0628  0.5039  0.5226  0.1232 -0.0003  0.1191 0 
 44.6845  0.6100 -3.1055  0.0423  0.1703  0.0451  0.2637  0.0242 -0.0003  0.1261 0 
 41.9379  0.7113 -2.0140  0.0565  0.0584  0.0052  0.0894  0.0324 -0.0003  0.0446 0 
 36.3836 -0.6975  1.1158  0.0374  0.6368  0.0285  0.2788  0.0305 -0.0003  0.2347 0 
 50.6630 -0.3117  2.0020  0.0186  0.2496  0.2477  0.6382  0.0215 -0.0003  0.2729 0 
 45.4780  0.2795 -1.1386  0.0292  0.3204  0.2426  0.6125  0.0280 -0.0003  0.3109 0 
 44.2634 -0.1663  0.2464  0.0355  0.2452  0.0479  0.3525  0.0121 -0.0003  0.1834 0 
 40.0610  0.1453 -2.8975  0.0164  0.5813  0.0295  0.2263  0.0074 -0.0003  0.1995 0 
 51.2612 -0.1065 -0.3264  0.0322  0.3012  0.0423  0.7635  0.0627 -0.0003  0.3919 1 
 40.9094  0.0945  2.8335  0.0453  0.5949  0.0255  0.4500  0.0591 -0.0003  0.3545 1 
 52.7779  0.4535 -2.1328  0.0026  0.1800  0.0582  0.1263  0.0303 -0.0003  0.1252 0 
 34.4091 -0.4067  0.9845  0.0373  0.3215  0.0248  0.2360  0.0224  0.1795  0.5070 0 
 48.2734 -0.4027  2.5961  0.0148  0.3151  0.0150  0.4738  0.1468 -0.0003  0.1801 0 
 43.1006  0.4055 -0.5529  0.0364  0.3644  0.0207  0.3994  0.0451 -0.0003  0.1696 0 
 49.3324  0.6310 -2.5530  0.0014  0.1437  0.0257  0.3427  0.0333 -0.0003  0.0457 0 
 43.1769 -0.6196  0.5957  0.0419  0.7414  0.0266  0.2661  0.1047 -0.0003  0.3058 0 
 57.5570 -0.2199 -1.4757  0.0227  0.6031  0.1893  0.3296  0.0474 -0.0003  0.3046 0 
 37.2534  0.2467  1.6575  0.0040  0.4912  0.0592  0.4155  0.0342 -0.0003  0.1703 0 
 44.6510 -0.7365 -0.0581  0.0568  0.1882  0.0985  0.4396  0.1196 -0.0003  0.3811 0 
 42.6062  0.7413  3.0947  0.0322  0.5083  0.0800  0.6677  0.0706 -0.0003  0.3440 0 
 50.4402  0.5562 -2.9587  0.0245  0.4368  0.0685  0.4260  0.0112 -0.0003  0.2239 0 
 46.6865 -0.5466  0.1382  0.0358  0.5905  0.0276  0.2173  0.0873 -0.0003  0.2216 0 
 46.1250  0.3215 -2.9486  0.0172  0.3371  0.0299  0.1744  0.0058 -0.0003  0.1605 0 
 35.4589 -0.3061  0.1713  0.0357  0.1873  0.0099  0.2808  0.1260 -0.0003  0.0955 0 
 49.7780 -0.1442  1.0123  0.0019  0.5484  0.1313  0.6838  0.0932 -0.0003  0.2721 0 
 49.2012  0.1591 -2.1466  0.0012  0.5207  0.0279  0.4715  0.2094  0.1244  0.5554 0 
 55.8938  0.4718  0.8796  0.1835  0.2883  0.1934  0.1660  0.1092 -0.0003  0.8440 1 
 48.9235 -0.4246 -2.3189  1.0201  0.3963  0.5809  0.5151  0.4284 -0.0003  0.9971 1 
 43.5920 -0.5797 -1.6200  0.0680  0.7002  0.0279  0.2655  0.0423 -0.0003  0.3741 0 
 37.3663  0.6274  1.5464  0.0981  0.5319  0.0558  0.5073  0.1385 -0.0003  0.7414 0 
 39.6857 -0.1930  2.0648  0.0900  0.4115  0.0214  0.1815  0.0576 -0.0003  0.2646 0 
 37.3358  0.1760 -1.0493  0.0215  0.3728  0.0182  0.1384  0.0046 -0.0003  0.1486 0 
 46.2684 -0.2986 -2.2406  0.0378  0.3167  0.0184  0.1306  0.0168 -0.0003  0.1451 0 
 38.0896  0.3116  0.9152  0.0565  0.1573  0.0608  0.3670  0.0349 -0.0003  0.1908 0 
 42.3590  0.0655  0.2447  0.0027  0.1945  0.0073  0.3121  0.0667 -0.0003  0.0355 0 
 41.8280 -0.0334 -2.8845  0.0283  0.2902  0.0219  0.3131  0.0522 -0.0003  0.0988 0 
 46.7781 -0.5382 -2.8984  0.0743  0.6572  0.0369  0.2171  0.0287 -0.0003  0.4811 0 
 39.7101  0.5643  0.2675  0.0436  0.1953  0.0283  0.4990  0.0463 -0.0003  0.2045 0 
 45.0202  0.7741 -2.7254  0.0539  0.2202  0.0176  0.4386  0.0468 -0.0003  0.1790 0 
 36.6735 -0.7868  0.4276  0.0936  0.5224  0.0174  0.2318  0.0320 -0.0003  0.2960 0 
 50.6325  0.6259  2.6586  0.0132  0.4334  0.0542  0.3830  0.0244 -0.0003  0.1935 0 
 39.7101 -0.6319 -0.4748  0.0068  0.3607  0.0344  0.2268  0.0220 -0.0003  0.1248 0 
 46.3600  0.6547  0.0920  0.0534  0.3773  0.0483  0.3047  0.0338 -0.0003  0.3276 0 
 43.2013 -0.6288 -3.0115  0.0462  0.8188  0.0468  0.3104  0.0589  0.3489  0.9445 0 
 47.4434  0.7048  0.5204  0.2778  0.2102  0.0505  0.4327  0.7442 -0.0003  0.9980 1 
 46.1646 -0.6858 -2.6182  0.0616  0.6909  0.0509  0.3486  0.1548 -0.0003  0.7267 1 
 48.8808  0.5113 -2.2641  0.2057  0.4458  0.1136  0.5153  0.1290 -0.0003  0.8594 1 
 42.2126 -0.5085  0.8579  0.0057  0.7888  0.0676  0.6693  0.0939 -0.0003  0.3272 1 
 52.6650  0.2822 -1.5177  0.0514  0.4804  0.0851  0.4634  0.1066 -0.0003  0.4357 0 
 43.5462 -0.2635  1.6129  0.0096  0.1722  0.1811  0.5753  0.0098  0.1609  0.2325 0 
 50.2846 -0.1107 -0.4424  0.0453  0.4521  0.0186  0.3410  0.0749 -0.0003  0.1947 0 
 39.9512  0.1220  2.7096  0.0272  0.3364  0.1244  0.4076  0.0070  0.1058  0.2987 0 
 53.2357 -0.7678  0.8813  0.0089  0.1461  0.4749  0.5462  0.0419 -0.0003  0.2032 0 
 51.4626  0.7626 -2.3345  0.0898  0.1228  0.0336  0.3814  0.1393 -0.0003  0.3210 0 
 56.5438 -0.0479 -1.3151  0.0910  0.1432  0.5158  0.2897  0.0339  0.2800  0.5283 0 
 48.2307  0.0611  1.8130  0.0214  0.1749  0.0700  0.3878  0.1539 -0.0003  0.2237 0 
 37.8576  0.4940  0.8000  0.0193  0.6201  0.0544  0.3217  0.0916  0.5233  0.9913 1 
 22.8672 -0.4121 -2.3717  0.1768  0.5055  0.1024  0.5336  0.1188  0.0658  0.8801 1 
 53.1868  0.0536 -0.6589  0.0041  0.3534  0.1255  0.4202  0.0651 -0.0003  0.1883 0 
 44.8615 -0.0608  2.4747  0.0578  0.6736  0.0383  0.4390  0.0539 -0.0003  0.4742 0 
 42.2736  0.1145  0.1349  0.0334  0.2519  0.0903  0.4906  0.0421 -0.0003  0.2429 0 
 39.3774 -0.0674 -3.0372  0.1446  0.5224  0.0342  0.4092  0.2150 -0.0003  0.8781 0 
 53.3730  0.6971  0.6743  0.0430  0.1058  0.0496  0.2519  0.0128 -0.0003  0.0941 0 
 49.6559 -0.7038 -2.3997  0.0019  0.4471  0.1105  0.2993  0.0178 -0.0003  0.1818 0 
 50.4006 -0.0887 -2.2491  0.0362  0.1657  0.0267  0.1278  0.0524 -0.0003  0.0968 0 
 47.5257  0.0994  0.9201  0.0076  0.2144  0.2194  0.4758  0.0837 -0.0003  0.2127 0 
 40.9827 -0.2075  2.2543  0.0888  0.5169  0.0667  0.4947  0.1066 -0.0003  0.6252 1 
 38.0713  0.2118 -0.8335  0.3347  0.2355  0.0636  0.1377  0.1513 -0.0003  0.9195 1 
 48.4047 -0.4650 -0.3761  0.0401  0.5373  0.1051  0.3874  0.1254 -0.0003  0.4276 0 
 45.3071  0.4739  2.7678  0.1521  0.5247  0.0220  0.3503  0.1688 -0.0003  0.7391 0 
 48.4047  0.0677  1.1830  0.0936  0.6875  0.0514  0.4735  0.1039 -0.0003  0.7276 0 
 36.1151 -0.0622 -1.9443  0.0207  0.2024  0.0254  0.4656  0.0374  0.1884  0.3636 0 
 49.1707 -0.2365 -2.8963  0.1058  0.5180  0.0396  0.4287  0.1967 -0.0003  0.8242 0 
 43.4485  0.2249  0.2216  0.0045  0.4532  0.0384  0.3542  0.0434 -0.0003  0.1371 0 
 45.1972 -0.1972 -2.9761  0.1331  0.2337  0.0587  0.3506  0.1512  0.1643  0.8620 1 
 32.7489  0.2028  0.1926  0.1968  0.5671  0.0243  0.0957  0.1937  0.1043  0.8188 1 
 51.4687  0.3701 -2.2348  0.0016  0.1103  0.0635  0.3390  0.0229 -0.0003  0.0715 0 
 47.4983 -0.3705  0.8978  0.0427  0.6078  0.1038  0.3461  0.0338 -0.0003  0.3172 0 
 40.9003 -0.0388 -2.5839  0.0730  0.0672  0.0127  0.3600  0.0704 -0.0003  0.0828 0 
 40.8331  0.0543  0.5636  0.0463  0.5592  0.0273  0.5403  0.0311  0.2904  0.8306 0 
 43.3478 -0.2483  0.0023  0.1427  0.2782  0.0376  0.6203  0.0523 -0.0003  0.6393 1 
 42.2889  0.2838 -3.1267  0.1115  0.3778  0.0440  0.3568  0.2368 -0.0003  0.8128 1 
 52.0607  0.5451 -1.5572  0.0204  0.0883  0.0461  0.3380  0.0067 -0.0003  0.0759 0 
 49.3660 -0.5450  1.6147  0.0043  0.4424  0.0068  0.2998  0.0496 -0.0003  0.0660 0 
 50.2693  0.7278 -0.6712  0.0960  0.3899  0.0460  0.2984  0.1371 -0.0003  0.6593 0 
 43.4821 -0.7346  2.4621  0.2471  0.0726  0.0576  0.3984  0.3414 -0.0003  0.9310 0 
 45.9144 -0.6985 -0.6267  0.0018  0.6436  0.0264  0.4800  0.1079 -0.0003  0.1950 0 
 43.6164  0.6990  2.5183  0.0657  0.3304  0.0209  0.3539  0.1215 -0.0003  0.3152 0 
 41.7426 -0.7513 -2.7015  0.0914  0.6297  0.0262  0.6266  0.1065  0.1570  0.8009 1 
 35.8129  0.7503  0.4718  0.1444  0.2062  0.0262  0.3734  0.1219 -0.0003  0.5573 1 
 47.6905  0.6303  3.0820  0.0159  0.2774  0.1377  0.3457  0.1592 -0.0003  0.3218 0 
 44.7700 -0.5975 -0.0917  0.0535  0.2916  0.1427  0.4393  0.0410 -0.0003  0.3108 0 
 60.1480 -0.7659  0.6727  0.1050  0.1227  0.0372  0.5299  0.1290 -0.0003  0.4881 0 
 47.6967  0.7723 -2.4850  0.0186  0.3983  0.0596  0.2592  0.0037 -0.0003  0.2503 0 
 47.0863 -0.4215 -0.3401  0.0313  0.3092  0.0440  0.3902  0.0646 -0.0003  0.2210 0 
 44.1840  0.4154  2.8049  0.0311  0.4682  0.0219  0.2204  0.0121 -0.0003  0.1603 0 
 38.7518  0.1053  2.3128  0.0239  0.4100  0.0518  0.3653  0.0101 -0.0003  0.2280 0 
 31.9036 -0.1285 -0.8347  0.0103  0.5890  0.0039  0.2412  0.0701 -0.0003  0.1012 0 
 53.9010  0.3934 -2.1989  0.0162  0.4455  0.0628  0.2932  0.0120 -0.0003  0.2352 0 
 51.2032 -0.3844  0.8529  0.0575  0.1721  0.3153  0.4243  0.1100 -0.0003  0.4021 0 
 50.0587  0.3093 -0.4234  0.0390  0.2669  0.0370  0.2134  0.0115 -0.0003  0.1781 0 
 48.6641 -0.3032  2.7049  0.0038  0.0983  0.1298  0.2579  0.0093 -0.0003  0.0598 0 
 47.7180  0.6493 -2.1119  0.0288  0.3007  0.0506  0.3024  0.1186 -0.0003  0.2795 0 
 44.2756 -0.6284  1.0472  0.0073  0.2681  0.0286  0.2203  0.0922 -0.0003  0.0936 0 
 45.3498  0.5820  2.7753  0.0072  0.4219  0.0659  0.4378  0.0627 -0.0003  0.1874 0 
 44.5502 -0.5749 -0.3556  0.0105  0.1032  0.0643  0.3079  0.1173 -0.0003  0.1034 0 
 44.8768 -0.0582  0.5010  0.0258  0.2834  0.1100  0.2634  0.0567 -0.0003  0.2404 0 
 43.7629  0.0650 -2.6776  0.0361  0.7054  0.0445  0.4419  0.0468 -0.0003  0.3477 0 
 45.4322 -0.1136  2.0918  0.0047  0.3910  0.0421  0.4376  0.0460 -0.0003  0.1478 0 
 34.5586  0.1175 -1.0062  0.0197  0.2327  0.0133  0.1414  0.0328 -0.0003  0.0752 0 
 44.8707 -0.6761  0.8847  0.0277  0.3771  0.0630  0.3951  0.0851 -0.0003  0.2906 0 
 31.5221  0.6590 -2.2697  0.1617  0.4553  0.0099  0.3388  0.1558 -0.0003  0.5795 0 
 48.6183 -0.7629  2.1042  0.0457  0.3591  0.1691  0.3440  0.0346 -0.0003  0.2976 0 
 40.9918  0.7378 -1.0670  0.0208  0.0668  0.0328  0.2249  0.0460 -0.0003  0.0524 0 
 44.8341 -0.6665 -1.5725  0.0344  0.6046  0.0652  0.6148  0.1382 -0.0003  0.4526 0 
 39.9176  0.6628  1.5834  0.3385  0.6137  0.0480  0.3624  0.1052 -0.0003  0.8722 0 
 44.9744 -0.6681  2.7366  0.0087  0.5679  0.0130  0.2633  0.0875 -0.0003  0.1109 0 
 41.2451  0.6757 -0.4055  0.0763  0.3423  0.0250  0.4490  0.1594 -0.0003  0.5404 0 
 60.5875  0.5154 -1.5203  0.0179  0.2925  0.0525  0.3255  0.0131 -0.0003  0.1670 0 
 47.2724 -0.5122  1.5963  0.0487  0.1398  0.0433  0.2599  0.0309 -0.0003  0.1103 0 
 55.4513  0.4408 -1.5031  0.1142  0.2065  0.0214  0.3743  0.1487 -0.0003  0.4828 0 
 54.7494 -0.3934  1.6088  0.0432  0.2585  0.1785  0.4172  0.0596 -0.0003  0.2904 0 
 44.1169  0.7456 -2.5223  0.0092  0.4712  0.0480  0.3969  0.0178  0.4260  0.9444 0 
 43.1495 -0.7264  0.5996  0.0265  0.1866  0.1321  0.3105  0.0214 -0.0003  0.1430 0 
 46.5522  0.4125 -2.8552  0.3978  0.1980  0.0457  0.4348  0.3892 -0.0003  0.9924 1 
 44.5838 -0.4178  0.2610  0.1845  0.7655  0.0482  0.7036  0.3062 -0.0003  0.9753 1 
 40.6836  0.0147  2.5676  0.1695  0.3420  0.0627  0.2253  0.0941 -0.0003  0.7476 1 
 38.3673 -0.0512 -0.5558  0.2204  0.8406  0.0176  0.3663  0.1503 -0.0003  0.8700 1 
 43.3631  0.4423  1.7684  0.0052  0.3027  0.1934  0.2215  0.0294 -0.0003  0.2058 0 
 40.8057 -0.4169 -1.4043  0.0246  0.2498  0.0594  0.1801  0.0060 -0.0003  0.2184 0 
 45.8412 -0.7495 -1.9098  0.0564  0.2931  0.0598  0.6549  0.0683 -0.0003  0.4573 0 
 43.6469  0.7399  1.2180  0.0183  0.6201  0.0423  0.6191  0.0076 -0.0003  0.2356 0 
 48.1239  0.7674 -1.8611  0.0188  0.5033  0.0685  0.3880  0.0192 -0.0003  0.2160 1 
 40.3479 -0.7667  1.2770  0.4067  0.6286  0.0191  0.4516  0.3035  0.1944  0.9948 1 
 48.7648  0.0773  3.0556  0.1179  0.5132  0.1628  0.6444  0.2282  0.5820  0.9765 1 
 43.2074 -0.0981 -0.0639  0.0125  0.3266  0.0472  0.3548  0.0097  0.2433  0.4551 1 
 45.4353 -0.0992  2.6137  0.0067  0.1918  0.2194  0.4813  0.0483 -0.0003  0.1749 0 
 40.6531  0.1015 -0.5311  0.0091  0.4074  0.1519  0.5409  0.0847 -0.0003  0.2544 0 
 55.2285  0.2171  0.9596  0.0024  0.1335  0.0368  0.2914  0.0814 -0.0003  0.0572 0 
 48.3619 -0.2016 -2.1624  0.0210  0.5654  0.0486  0.3014  0.0861 -0.0003  0.3078 0 
 47.7211 -0.6100  1.4249  0.0045  0.3753  0.2467  0.4320  0.0026 -0.0003  0.2055 0 
 42.8901  0.5986 -1.6944  0.0373  0.1149  0.2339  0.3110  0.0057  0.1849  0.1947 0 
 43.2349 -0.4193 -0.2848  0.2633  0.4824  0.0862  0.3990  0.3646 -0.0003  0.9936 1 
 39.0204  0.4818  2.8275  0.1413  0.7443  0.0476  0.2279  0.1817 -0.0003  0.8900 1 
 48.1971 -0.7402  3.0467  0.0125  0.6366  0.0259  0.6033  0.1097 -0.0003  0.3120 1 
 47.1748  0.7438 -0.0961  0.1622  0.8686  0.0277  0.3900  0.2053 -0.0003  0.8897 1 
 52.5551  0.0608 -3.1173  0.0217  0.6416  0.1628  0.6744  0.2303 -0.0003  0.6295 0 
 51.9265 -0.0844  0.0054  0.0808  0.1642  0.2632  0.5496  0.1137 -0.0003  0.4736 0 
 47.8096  0.3089  2.0765  0.0061  0.7014  0.0663  0.6046  0.1291  0.1072  0.4189 0 
 44.4160 -0.3125 -1.0708  0.1632  0.5738  0.0501  0.2641  0.0621 -0.0003  0.8011 0 
 48.5420  0.5400  2.8965  0.3636  0.2560  0.0130  0.2151  0.4880 -0.0003  0.9896 0 
 41.5991 -0.5533 -0.2352  0.0223  0.5334  0.0361  0.4032  0.0345 -0.0003  0.2228 0 
 56.5774  0.2228  0.9003  0.0534  0.0924  0.0331  0.2069  0.0237 -0.0003  0.0719 0 
 42.9297 -0.2221 -2.2304  0.0366  0.0825  0.0087  0.2221  0.1431 -0.0003  0.0711 0 
 48.2033 -0.4533  1.8451  0.0086  0.3604  0.1317  0.3447  0.0197 -0.0003  0.1821 0 
 46.5492  0.4615 -1.3410  0.0025  0.1104  0.0526  0.5218  0.1456 -0.0003  0.1331 0 
 49.9092  0.0306  1.9023  0.1773  0.5098  0.1919  0.5125  0.1414 -0.0003  0.8474 1 
 28.6870 -0.0612 -1.3999  0.3517  0.5714  0.0330  0.5971  0.2444  0.2849  0.9994 1 
 51.8318 -0.7624  1.5616  0.1512  0.5791  0.0289  0.2961  0.1932 -0.0003  0.8071 0 
 36.4691  0.7673 -1.6058  0.0189  0.1960  0.0519  0.2786  0.0060 -0.0003  0.1202 0 
 38.9685 -0.4487 -1.2534  0.6438  0.5426  0.0673  0.3648  0.3030 -0.0003  0.9953 1 
 34.3542  0.4503  1.8234  0.3453  0.4569  0.0398  0.2361  0.2759 -0.0003  0.9767 1 
 52.2103  0.4383  0.8821  0.4683  0.5444  0.0818  0.2955  0.4138 -0.0003  0.9972 1 
 44.8493 -0.4256 -2.2290  0.2461  0.1774  0.0721  0.5708  0.1277 -0.0003  0.8528 1 
 47.9103  0.5740  3.0599  0.0082  0.3297  0.1481  0.2590  0.0244 -0.0003  0.1917 0 
 47.5593 -0.5729 -0.0881  0.0046  0.5407  0.0209  0.1297  0.1534 -0.0003  0.1644 0 
 51.4473 -0.2025  0.1029  0.0267  0.4525  0.1291  0.3814  0.0728 -0.0003  0.2847 0 
 34.8089  0.2042 -3.0539  0.0157  0.2291  0.0117  0.2352  0.0473 -0.0003  0.0501 0 
 46.1006 -0.7592  1.6695  0.0621  0.1294  0.0202  0.1744  0.0157 -0.0003  0.0769 0 
 35.0988  0.7543 -1.4732  0.1102  0.6011  0.0280  0.2816  0.0609 -0.0003  0.5449 0 
 71.8425  0.1414  1.0254  0.0426  0.0939  0.0168  0.3126  0.0700 -0.0003  0.0591 0 
 50.7027 -0.1336 -2.1167  0.1329  0.5799  0.0255  0.3403  0.1451  0.1612  0.7944 0 
 56.5835  0.3197 -0.0863  0.0269  0.1228  0.0352  0.2897 -0.0009 -0.0003  0.0777 0 
 47.3152 -0.2873  3.0621  0.0257  0.2008  0.1136  0.2598  0.0217 -0.0003  0.1573 0 
 45.2399 -0.7756 -1.8025  0.0178  0.6093  0.0111  0.2190  0.1118 -0.0003  0.1439 0 
 42.7588  0.7693  1.4038  0.0031  0.6619  0.0930  0.4891  0.1475 -0.0003  0.3286 0 
 43.1739 -0.6364 -0.0708  0.0374  0.2065  0.0246  0.3992  0.2431  0.1643  0.6401 0 
 36.2036  0.6201  3.0634  0.0056  0.2253  0.0363  0.2792  0.1599 -0.0003  0.1539 0 
 43.1861 -0.0380  0.4675  0.0280  0.2868  0.0348  0.2217  0.0418  0.2036  0.5247 0 
 35.6603  0.0808 -2.6630  0.0485  0.8567  0.0651  0.3271  0.0324 -0.0003  0.4630 0 
 42.7283 -0.4337 -1.6614  0.0046  0.2896  0.0157  0.2668  0.0195 -0.0003  0.0558 0 
 42.1942  0.4264  1.4666  0.0153  0.2874  0.0517  0.4016  0.1099  0.1612  0.4301 0 
 46.4546  0.3034  0.4072  0.0028  0.7253  0.0704  0.5221  0.0812 -0.0003  0.2571 0 
 45.0111 -0.2960 -2.7409  0.0063  0.6348  0.0425  0.3071  0.0148 -0.0003  0.2082 0 
 55.5947  0.7308 -1.3150  0.0226  0.3327  0.0350  0.3325  0.0153 -0.0003  0.1532 0 
 45.6489 -0.7406  1.8546  0.0111  0.1977  0.0291  0.3496  0.0220 -0.0003  0.0686 0 
 50.3090  0.6960 -0.6031  0.0625  0.5693  0.0796  0.5967  0.1584 -0.0003  0.6204 0 
 49.9031 -0.6943  2.5209  0.0250  0.4310  0.0406  0.2563  0.0318 -0.0003  0.2113 0 
 56.7239 -0.4861 -2.0805  0.0043  0.5957  0.0377  0.2895  0.0833 -0.0003  0.1782 0 
 42.8870  0.4656  1.0781  0.0190  0.5459  0.0211  0.3999  0.1442 -0.0003  0.2399 0 
 45.4780 -0.8039 -0.8231  0.0056  0.1514  0.0885  0.3937  0.0117 -0.0003  0.0910 0 
 45.2216  0.7826  2.3478  0.0460  0.1915  0.0927  0.6134  0.0880 -0.0003  0.3792 0 
 47.1168  0.4909  2.7210  0.1122  0.1907  0.0410  0.3901  0.0110 -0.0003  0.3484 0 
 39.5544 -0.4791 -0.4088  0.0404  0.4711  0.0223  0.2725  0.0417 -0.0003  0.1663 0 
 51.7647 -0.6702  1.6257  0.0016  0.1493  0.0497  0.2116  0.0084 -0.0003  0.0805 0 
 47.5105  0.6901 -1.5096  0.0260  0.2579  0.0236  0.2163  0.0240 -0.0003  0.0909 0 
 50.8827 -0.2643  1.4899  0.0081  0.3791  0.2293  0.4250  0.0181 -0.0003  0.2215 0 
 48.4535  0.2501 -1.6937  0.1199  0.6560  0.0923  0.2582  0.0446 -0.0003  0.7422 0 
 47.6875  0.3763  2.8630  0.0555  0.1382  0.1272  0.3889  0.0363 -0.0003  0.1876 0 
 39.5392 -0.4165 -0.3244  0.1534  0.3293  0.0208  0.4087  0.1017 -0.0003  0.6040 0 
 46.7811 -0.0758 -0.3356  0.0215  0.7182  0.0628  0.3040  0.0251 -0.0003  0.2947 0 
 43.6713  0.0865  2.8186  0.0068  0.3909  0.0317  0.2211  0.0085 -0.0003  0.1429 0 
 49.6925  0.2010  2.3940  0.1362  0.3257  0.0706  0.6413  0.1807 -0.0003  0.8762 0 
 44.7547 -0.1961 -0.7282  0.1124  0.5792  0.0270  0.3954  0.1170 -0.0003  0.6872 0 
 49.0394 -0.5221 -2.0671  0.0372  0.6046  0.0127  0.1716  0.0866 -0.0003  0.1704 0 
 47.4983  0.5030  1.0676  0.0059  0.1813  0.0830  0.6488  0.0445 -0.0003  0.1722 0 
 45.1850 -0.6136  0.9268  0.0137  0.5765  0.0367  0.3068  0.0215 -0.0003  0.1967 0 
 42.2156  0.6258 -2.1660  0.0011  0.3381  0.0478  0.1339  0.0229 -0.0003  0.2102 0 
 47.7089 -0.1163 -2.2304  0.0382  0.4147  0.0277  0.2160  0.0215 -0.0003  0.1838 0 
 44.8035  0.1100  0.9095  0.0430  0.2192  0.0444  0.2635  0.0329 -0.0003  0.1630 0 
 43.5035  0.6179  0.5081  0.0318  0.0880  0.0371  0.3099  0.0720 -0.0003  0.0760 0 
 37.4670 -0.6199 -2.6096  0.3646  0.1910  0.0215  0.1382  0.3597 -0.0003  0.9613 0 
 46.5126  0.5286  0.4119  0.1318  0.4962  0.0341  0.4784  0.1287 -0.0003  0.7841 0 
 41.4679 -0.5303 -2.7314  0.0698  0.3097  0.0221  0.3587  0.0488 -0.0003  0.2431 0 
 48.1117  0.2008 -0.4729  0.0652  0.4429  0.1207  0.6467  0.2053 -0.0003  0.7374 1 
 37.9278 -0.2237  2.7482  0.8682  0.4786  0.0492  0.3215  0.6478 -0.0003  0.9980 1 
 48.5481  0.1173 -0.3316  0.2531  0.4534  0.2167  0.4301  0.3726 -0.0003  0.9971 1 
 42.7924 -0.1134  2.8632  0.0341  0.2844  0.0442  0.4890  0.0350 -0.0003  0.2404 1 
 46.3874  0.0002  0.5674  0.0056  0.6919  0.0785  0.5658  0.0374 -0.0003  0.2343 0 
 39.1211  0.0081 -2.5570  0.2635  0.3626  0.0154  0.3644  0.2471 -0.0003  0.8706 0 
 48.0690  0.7563 -0.1001  0.0222  0.2915  0.0451  0.3019  0.0241 -0.0003  0.1562 0 
 37.8210 -0.7581  3.0159  0.0573  0.3245  0.0562  0.3678  0.0739 -0.0003  0.3798 0 
 45.9480  0.4255 -1.5418  0.0020  0.0921  0.0374  0.2618  0.0554 -0.0003  0.0494 0 
 44.6021 -0.4280  1.5842  0.0241  0.3732  0.2389  0.5717  0.0296 -0.0003  0.2873 0 
 46.1524  0.5763 -0.0368  0.0184  0.4477  0.0457  0.1743  0.0182 -0.0003  0.2700 0 
 43.9521 -0.5783  3.1047  0.0103  0.7610  0.0535  0.4414  0.0766 -0.0003  0.2736 0 
 39.8260  0.5398 -2.6875  0.4534  0.1881  0.0569  0.4986  0.6911  0.2995  0.9998 1 
 37.2351 -0.5238  0.4322  0.1737  0.3525  0.0234  0.3232  0.2061 -0.0003  0.7647 1 
 50.8217 -0.0307 -0.4020  0.0560  0.8015  0.0859  0.3826  0.0296 -0.0003  0.4218 0 
 46.1036  0.0078  2.7316  0.0545  0.2690  0.0221  0.2616  0.0280 -0.0003  0.1370 0 
 49.8665 -0.6608 -3.1084  0.0116  0.4990  0.1488  0.2563  0.0189 -0.0003  0.2287 0 
 35.0439  0.6514  0.0700  0.0497  0.0360  0.0276  0.2348  0.0099 -0.0003  0.0579 0 
 49.4728  0.5359 -1.4813  0.0221  0.1816  0.1000  0.3853  0.0460 -0.0003  0.1402 0 
 42.4506 -0.4876  1.6545  0.1104  0.1409  0.0974  0.5346  0.0353 -0.0003  0.4199 0 
 43.1678 -0.0514 -2.3372  0.0366  0.6070  0.0111  0.3548  0.0611 -0.0003  0.1621 0 
 42.5116  0.0324  0.8360  0.0365  0.5590  0.0407  0.3117  0.1147 -0.0003  0.3966 0 
 46.3844 -0.2277  1.8081  0.0255  0.2267  0.0394  0.2176  0.0219 -0.0003  0.1197 0 
 45.1667  0.2461 -1.3546  0.1117  0.4493  0.0449  0.4383  0.1635 -0.0003  0.7836 0 
 47.9713 -0.2238 -1.2943  0.0462  0.2529  0.0934  0.3020  0.0733 -0.0003  0.3104 0 
 42.0386  0.2317  1.8447  0.0033  0.2453  0.0235  0.3573  0.0788  0.1542  0.3106 0 
 43.6866  0.3929 -3.0693  0.0095  0.3826  0.0219  0.2653  0.0187 -0.0003  0.0933 0 
 42.8656 -0.3991  0.0495  0.0013  0.6099  0.0273  0.3555  0.0152 -0.0003  0.1343 0 
 49.4148 -0.2127  2.8098  0.2578  0.7638  0.0289  0.3854  0.1649 -0.0003  0.9062 1 
 30.6828  0.1177 -0.3123  0.3279  0.6080  0.0488  0.2439  0.3221  0.2448  0.9904 1 
 43.2929  0.7430  1.9541  0.0009  0.6088  0.1050  0.7091  0.0689 -0.0003  0.2558 0 
 27.1885 -0.7141 -1.2346  0.0002  0.2117  0.1310  0.3539  0.0831 -0.0003  0.1290 0 
 45.7954  0.3046  0.7770  0.0138  0.1241  0.0557  0.3930  0.0189 -0.0003  0.0887 0 
 42.7344 -0.2873 -2.3551  0.0874  0.4489  0.0714  0.4003  0.0443 -0.0003  0.4980 0 
 43.3600 -0.6902  1.0615  0.6420  0.3725  0.0579  0.5759  0.7061 -0.0003  0.9982 1 
 43.2471  0.6663 -2.0934  0.4638  0.2960  0.0801  0.3103  0.4623  0.3249  0.9995 1 
 54.0200  0.6869 -1.0072  0.0174  0.4327  0.0619  0.4186  0.0360 -0.0003  0.2113 0 
 42.6703 -0.6766  2.1549  0.0330  0.4160  0.0154  0.2225  0.0110 -0.0003  0.1264 0 
 46.3142  0.0524  1.9573  0.0919  0.3659  0.0369  0.3483  0.1408 -0.0003  0.6031 0 
 42.7893 -0.0355 -1.1621  0.0129  0.8075  0.0155  0.4001  0.0629 -0.0003  0.1535 0 
 51.3069 -0.4755  0.5132  0.0329  0.1330  0.0206  0.3393  0.0445 -0.0003  0.0627 0 
 49.5003  0.5147 -2.6085  0.0260  0.1934  0.0367  0.1712  0.0270 -0.0003  0.1045 0 
 47.5898 -0.4476  0.6704  0.5719  0.3828  0.0610  0.6485  0.6599  0.4936  0.9999 1 
 45.7923  0.4536 -2.4625  0.0255  0.4882  0.0780  0.3494  0.0751 -0.0003  0.3033 1 
 43.4333  0.0850 -2.3930  0.0464  0.2320  0.0224  0.2214  0.1006 -0.0003  0.1510 0 
 40.4364 -0.0652  0.7406  0.0023  0.6612  0.0734  0.3160  0.0067  0.2845  0.5872 0 
 52.2896  0.0452  0.2819  0.0650  0.4307  0.1904  0.2954  0.0190 -0.0003  0.3458 0 
 45.8686 -0.0161 -2.8354  0.0209  0.1449  0.0310  0.4365  0.0598 -0.0003  0.0982 0 
 50.8461 -0.6489  0.4769  0.0821  0.6417  0.0833  0.5101  0.0787 -0.0003  0.5323 0 
 46.3081  0.6852 -2.6850  0.0753  0.4413  0.0464  0.5661  0.0114 -0.0003  0.4576 0 
 46.5339  0.0337  2.3039  0.0681  0.0827  0.0175  0.2609  0.0079 -0.0003  0.0612 0 
 45.9693 -0.0292 -0.8331  0.0200  0.0773  0.0263  0.4799  0.0226 -0.0003  0.0799 0 
 48.0415 -0.7582 -2.6848  0.1599  0.2897  0.1138  0.6038  0.3409 -0.0003  0.9725 0 
 42.2492  0.7455  0.4310  0.0771  0.3509  0.0296  0.4015  0.1386 -0.0003  0.5140 0 
 45.2888  0.5327  2.9432  0.0185  0.2518  0.0636  0.3942  0.0225 -0.0003  0.1614 0 
 42.7100 -0.5267 -0.2038  0.0580  0.6215  0.0219  0.2224  0.0289 -0.0003  0.2378 0 
 52.6925 -0.6693 -2.3154  0.0065  0.3955  0.0693  0.3370  0.0098 -0.0003  0.1814 0 
 41.0956  0.6520  0.8164  0.0265  0.3885  0.0481  0.3146  0.0091 -0.0003  0.2323 0 
 47.3762  0.6766 -2.5747  0.0951  0.3942  0.0302  0.1731  0.1190 -0.0003  0.4417 0 
 42.5086 -0.6925  0.5871  0.0030  0.6632  0.0308  0.4008  0.0665 -0.0003  0.1519 0 
 63.7461 -0.4186 -1.6468  0.2368  0.4821  0.0801  0.3617  0.5280 -0.0003  0.9965 1 
 44.8310  0.4389  1.4792  0.0372  0.6681  0.0525  0.2196  0.0654 -0.0003  0.4480 1 
 48.8563 -0.2697  2.7004  0.0166  0.3176  0.0216  0.1718  0.0026 -0.0003  0.1246 0 
 47.0497  0.2640 -0.4846  0.0184  0.5999  0.0421  0.5203  0.0734 -0.0003  0.2742 0 
 46.7689  0.2409 -1.1470  0.0427  0.1693  0.1437  0.2606  0.0369 -0.0003  0.1774 0 
 32.7520 -0.2317  2.0146  0.0299  0.1787  0.0092  0.2872  0.0517 -0.0003  0.0486 0 
 47.0893  0.5261  1.1298  0.0826  0.2715  0.1196  0.3902  0.0419 -0.0003  0.3904 0 
 45.5421 -0.5223 -2.0164  0.0994  0.3849  0.1565  0.5248  0.2725 -0.0003  0.9129 0 
 46.1158  0.5872 -0.8077  0.0215  0.1169  0.0204  0.3487  0.0204 -0.0003  0.0527 0 
 45.1148 -0.5949  2.3262  0.0294  0.4967  0.0226  0.3507  0.0590  0.0197  0.2090 0 
 67.5669  0.6674  2.5426  0.0176  0.2856  0.1026  0.2378  0.0184 -0.0003  0.2032 0 
 48.9998 -0.6715 -0.5898  0.0014  0.5052  0.0229  0.3433  0.0463 -0.0003  0.0947 0 
 56.0861  0.3147  1.2485  0.0429  0.4427  0.1862  0.3732  0.1391 -0.0003  0.4451 0 
 44.9378 -0.2961 -1.7710  0.0062  0.3245  0.1545  0.4389  0.1042 -0.0003  0.2353 0 
 44.0681 -0.3886 -1.1240  0.1013  0.5226  0.1602  0.3529  0.0403 -0.0003  0.4862 0 
 35.6329  0.3718  2.0197  0.0121  0.5259  0.0205  0.3272  0.0290 -0.0003  0.1147 0 
 41.0468 -0.6435 -0.5161  0.0123  0.5059  0.0955  0.4945  0.0593 -0.0003  0.2275 1 
 39.2859  0.6727  2.6568  0.3864  0.5828  0.0423  0.3185  0.2195 -0.0003  0.9730 1 
 55.3750 -0.3070  1.2111  0.0504  0.3183  0.1167  0.3744  0.0185 -0.0003  0.2798 0 
 45.5940  0.2925 -1.9322  0.0072  0.5853  0.1204  0.3935  0.0059 -0.0003  0.2068 0 
 47.0985 -0.8126  1.3709  0.0151  0.2496  0.1204  0.4769  0.0209 -0.0003  0.1712 0 
 41.9654  0.7635 -1.8243  0.0034  0.5199  0.0741  0.4022  0.1381 -0.0003  0.2845 0 
 53.6690  0.2811  2.3548  0.0038  0.1830  0.0359  0.4193  0.0519 -0.0003  0.0783 0 
 50.4585 -0.2529 -0.7634  0.1590  0.2627  0.0506  0.2130  0.0187 -0.0003  0.5669 0 
 52.7962 -0.6336 -2.0069  0.0810  0.3039  0.0897  0.5474  0.1022 -0.0003  0.5481 0 
 48.1910  0.6384  1.1242  0.0331  0.5778  0.0294  0.0862  0.0289  0.0949  0.3784 0 
 51.0933 -0.4811  3.0814  0.1195  0.5901  0.1322  0.5519  0.0787 -0.0003  0.5972 0 
 43.4241  0.5110 -0.0431  0.0109  0.2252  0.0213  0.3543  0.0152 -0.0003  0.0640 0 
 47.3457 -0.5642  0.7264  0.2073  0.7346  0.1391  0.5195  0.2100  0.5391  0.9983 0 
 40.0000  0.5518 -2.4229  0.0261  0.4509  0.0170  0.4980  0.0063  0.1014  0.3770 0 
 49.1066  0.6406  0.8038  0.0066  0.3673  0.0250  0.1715  0.0053 -0.0003  0.1357 0 
 46.9093 -0.6445 -2.2996  0.0194  0.0950  0.0331  0.3906  0.0558 -0.0003  0.0717 0 
 45.8381  0.3156  2.3129  0.0100  0.4769  0.0541  0.4802  0.1539 -0.0003  0.3164 1 
 33.9422 -0.3171 -0.7517  0.2520  0.4490  0.0804  0.2843  0.2110  0.2452  0.9684 1 
 45.0111 -0.1411  1.3836  0.0670  0.3536  0.0183  0.2193  0.0851 -0.0003  0.1940 0 
 37.4273  0.1429 -1.7438  0.0458  0.4973  0.0554  0.7377  0.0402 -0.0003  0.4070 0 
 43.4028 -0.4319  1.9575  0.0198  0.1451  0.3173  0.3543  0.0159 -0.0003  0.1562 0 
 41.5045  0.4464 -1.1836  0.0356  0.1708  0.0280  0.3138  0.0030 -0.0003  0.0936 0 
 49.3874 -0.4383  3.0680  0.0580  0.1009  0.0452  0.4710  0.1791 -0.0003  0.2910 0 
 46.3905  0.4666 -0.0753  0.0010  0.5608  0.0375  0.3046  0.0754 -0.0003  0.1532 0 
 51.8959 -0.6165  2.7648  0.0323  0.3531  0.2066  0.5074  0.0710 -0.0003  0.3123 0 
 45.2461  0.6036 -0.3742  0.0100  0.3291  0.0268  0.2629  0.0091 -0.0003  0.1009 0 
 53.5927 -0.0244 -0.8748  0.1119  0.2344  0.2179  0.7550  0.1285 -0.0003  0.7851 0 
 39.6551 -0.0071  2.2296  0.0965  0.4986  0.0569  0.3630  0.1064 -0.0003  0.6848 0 
 50.4707  0.7317  1.6706  0.0506  0.5484  0.0196  0.2130  0.0268 -0.0003  0.1867 0 
 49.3721 -0.7292 -1.4625  0.0435  0.4783  0.0121  0.1285  0.0320 -0.0003  0.1416 0 
 50.2388 -0.6040 -2.7775  0.0446  0.0922  0.0862  0.5969  0.1015 -0.0003  0.2701 0 
 36.4355  0.6310  0.4022  0.0167  0.4392  0.0577  0.2322  0.0073 -0.0003  0.2723 0 
 47.8798  0.1182 -1.6149  0.4161  0.3859  0.1478  0.3885  0.4455 -0.0003  0.9984 1 
 38.0377 -0.1011  1.4559  0.1298  0.4611  0.2079  0.5049  0.2595  1.0612  0.9967 1 
 51.9478  0.7966  1.9205  0.0042  0.2724  0.2311  0.5073  0.0977 -0.0003  0.2549 0 
 38.8830 -0.7976 -1.1869  0.0114  0.1762  0.0225  0.3650  0.0075 -0.0003  0.0617 0 
 47.0375 -0.1492 -0.7073  0.1946  0.1505  0.0258  0.5204  0.1354 -0.0003  0.7501 0 
 44.7730  0.1592  2.4554  0.0266  0.2583  0.0413  0.2196  0.0185 -0.0003  0.1491 0 
 44.5960  0.5579 -1.8774  0.0000  0.1184  0.0185  0.1759  0.0711 -0.0003  0.0419 0 
 43.0152 -0.5389  1.2701  0.0094  0.1681  0.1930  0.3552  0.0041 -0.0003  0.1288 0 
 53.4737  0.0224 -0.0257  0.0096  0.4046  0.0297  0.4617  0.0386 -0.0003  0.1493 0 
 48.1453 -0.0181  3.1235  0.0386  0.4664  0.0362  0.3448  0.0230 -0.0003  0.2660 0 
 37.0153 -0.7037  1.8684  0.0627  0.1879  0.0882  0.5087  0.1103 -0.0003  0.4188 0 
 34.6380  0.6866 -1.3025  0.0189  0.0675  0.0351  0.1884  0.0285  0.1192  0.1637 0 
 47.0741 -0.6942  0.3329  0.0620  0.2879  0.0339  0.4770  0.0119  0.0370  0.3848 1 
 45.7099  0.7029 -2.8224  0.0385  0.0404  0.0270  0.4806  0.1097  0.1436  0.2481 1 
 50.1045  0.4071  2.0741  0.0113  0.2366  0.0321  0.2133  0.0182 -0.0003  0.0850 0 
 45.3559 -0.4162 -1.0799  0.2370  0.8107  0.1807  0.4816  0.1400 -0.0003  0.9503 0 
 52.8939  0.5498  0.6608  0.0170  0.0633  0.0161  0.2525  0.0471 -0.0003  0.0378 0 
 41.3581 -0.5548 -2.4674  0.0093  0.2378  0.0234  0.3141  0.0817 -0.0003  0.0669 0 
 48.5023 -0.4724  0.7651  0.0645  0.2618  0.0703  0.5163  0.3281 -0.0003  0.7491 1 
 46.9337  0.4742 -2.3894  0.0880  0.2777  0.1317  0.5207  0.1618 -0.0003  0.6921 1 
 45.1240 -0.3964  1.7288  0.0009  0.0537  0.0141  0.3069  0.1224  0.1223  0.1672 0 
 43.3539  0.4005 -1.4075  0.0018  0.3107  0.0072  0.1772  0.0386 -0.0003  0.0625 0 
 48.6305 -0.5469  1.0816  0.0928  0.4574  0.0586  0.5589  0.0538 -0.0003  0.5429 0 
 44.4953  0.5509 -2.0523  0.0531  0.3172  0.0156  0.2200  0.0695 -0.0003  0.1350 0 
 44.6510  0.6126  1.8243  0.0260  0.1503  0.1615  0.2638  0.0182 -0.0003  0.1199 0 
 43.7263 -0.6623 -1.2969  0.0120  0.0461  0.0311  0.2652  0.1404 -0.0003  0.0770 0 
 45.8991 -0.2265 -0.3418  0.0181  0.1562  0.0800  0.3055  0.0772 -0.0003  0.1266 0 
 43.1159  0.2167  2.7461  0.0251  0.2842  0.1060  0.5768  0.0609 -0.0003  0.2747 0 
 47.5654  0.0902 -0.1818  0.0272  0.8089  0.0570  0.3027  0.0615 -0.0003  0.4087 0 
 43.4058 -0.0851  2.9901  0.0310  0.6185  0.1020  0.4429  0.1672 -0.0003  0.4817 0 
 43.6408 -0.5674 -3.0355  0.0174  0.3347  0.0203  0.1769  0.0869 -0.0003  0.1193 0 
 41.2329  0.5653  0.1378  0.0063  0.7378  0.0187  0.3592  0.1098 -0.0003  0.1600 0 
 40.6989 -0.3396  3.0310  0.0324  0.2813  0.0548  0.4957  0.0349 -0.0003  0.2440 0 
 33.0266  0.3799 -0.0506  0.0321  0.2667  0.0264  0.1910  0.0087 -0.0003  0.1303 0 
 54.5998 -0.8005 -2.9880  0.0179  0.2304  0.0396  0.4175  0.0164 -0.0003  0.1283 0 
 30.5486  0.7913  0.1406  0.0567  0.5016  0.0052  0.1954  0.1299 -0.0003  0.1962 0 
 55.0454  0.0436 -0.8085  0.0115  0.1625  0.0537  0.2916  0.0148 -0.0003  0.0907 0 
 45.7893 -0.0759  2.3294  0.0498  0.3529  0.0663  0.3494  0.1680 -0.0003  0.5420 0 
 48.4382  0.6728  2.9174  0.0309  0.5813  0.0318  0.3443  0.2205  0.1993  0.7704 0 
 48.2002 -0.6643 -0.1774  0.1849  0.1149  0.0222  0.3017  0.0991  0.0160  0.4965 0 
 44.6235  0.3575 -2.0552  0.0150  0.1905  0.0203  0.2198  0.0053 -0.0003  0.0601 0 
 44.4923 -0.3566  1.0644  0.0323  0.4516  0.0404  0.5280  0.0086 -0.0003  0.2764 0 
 41.3764 -0.7770  2.3145  0.0008  0.2346  0.0166  0.2692  0.0727 -0.0003  0.0462 0 
 39.0204  0.7813 -0.7915  0.0489  0.1536  0.0490  0.4102  0.1138 -0.0003  0.2404 0 
 49.1981 -0.3952 -0.8084  0.0675  0.6693  0.1364  0.3429  0.0573 -0.0003  0.4330 0 
 46.0243  0.4166  2.3372  0.0213  0.5404  0.0191  0.1308  0.0037 -0.0003  0.1736 0 
 47.6143  0.1753 -2.2279  0.2333  0.8306  0.1187  0.6916  0.1954 -0.0003  0.9734 1 
 44.3763 -0.1588  0.9006  0.6399  0.1490  0.0344  0.7926  0.4230 -0.0003  0.9930 1 
 43.7903  0.7608  1.0468  0.3253  0.6353  0.0814  0.5744  0.5124 -0.0003  0.9976 1 
 42.8504 -0.7549 -2.0874  0.1074  0.3800  0.0500  0.2667  0.2675 -0.0003  0.8201 1 
 47.3671 -0.1067 -1.4078  0.0344  0.1378  0.0625  0.5194  0.0290 -0.0003  0.1725 0 
 42.0752  0.0781  1.7460  0.0932  0.2837  0.0490  0.4912  0.1889 -0.0003  0.6932 0 
 49.9672 -0.6019 -1.1926  0.0007  0.4776  0.0521  0.4697  0.0107  0.1114  0.2553 0 
 43.5737  0.5880  1.9395  0.0508  0.5151  0.0571  0.1328  0.0521 -0.0003  0.4857 0 
 50.6477 -0.5316  1.8805  0.0729  0.5921  0.1115  0.6382  0.0558 -0.0003  0.4294 0 
 39.9634  0.5310 -1.3413  0.0007  0.2560  0.0199  0.3170  0.1124 -0.0003  0.0669 0 
 48.1056  0.1855  0.0954  0.0131  0.0889  0.0129  0.3018  0.0390 -0.0003  0.0359 0 
 45.7771 -0.1616 -3.0413  0.0259  0.1398  0.0215  0.2620  0.1365 -0.0003  0.0940 0 
 47.8981 -0.1900 -2.3783  0.0048  0.1702  0.1495  0.4316  0.0440 -0.0003  0.1161 0 
 45.4963  0.1537  0.7760  0.0334  0.6709  0.0262  0.3937  0.1096 -0.0003  0.3224 0 
 49.2226  0.6368  2.0010  0.0323  0.1852  0.0267  0.1714  0.0421 -0.0003  0.0845 0 
 47.5227 -0.6303 -1.1410  0.0070  0.2557  0.0404  0.3028  0.0099 -0.0003  0.1022 0 
 45.1759  0.4408 -0.4074  0.0098  0.2167  0.0361  0.3506  0.0139 -0.0003  0.0871 0 
 42.7863 -0.4508  2.7300  0.0177  0.3974  0.1498  0.5780  0.0372 -0.0003  0.2514 0 
 52.1004 -0.3031  2.1203  0.0466  0.1714  0.1199  0.1690  0.0580 -0.0003  0.2631 0 
 43.6805  0.3094 -0.9904  0.0209  0.3290  0.1015  0.4864  0.0832 -0.0003  0.2560 0 
 45.2430  0.7167  2.4663  0.0089  0.6452  0.0588  0.5695  0.0281 -0.0003  0.2151 0 
 37.2992 -0.7507 -0.5748  0.0429  0.1685  0.0378  0.1384  0.0999 -0.0003  0.1885 0 
 48.6427  0.4855  2.7617  0.2082  0.2838  0.0442  0.6019  0.1851 -0.0003  0.9162 1 
 36.9787 -0.5128 -0.3295  0.0725  0.5463  0.0175  0.2775  0.1033 -0.0003  0.3111 1 
 47.0039  0.7442 -1.3457  0.5762  0.4948  0.0780  0.4337  0.6621 -0.0003  0.9983 1 
 45.1331 -0.7249  1.8774  0.2115  0.5168  0.0360  0.4384  0.2580 -0.0003  0.9468 1 
 56.2600 -0.1579  1.5120  0.1712  0.1788  0.0767  0.5801  0.2717 -0.0003  0.9321 1 
 47.6661  0.1639 -1.6095  0.1148  0.5716  0.0529  0.5186  0.1801 -0.0003  0.8550 1 
 47.2267 -0.7826  2.7519  0.0190  0.0586  0.0090  0.2166  0.0123 -0.0003  0.0360 0 
 24.1672  0.7760 -0.4459  0.0069  0.2246  0.0096  0.1573  0.1088 -0.0003  0.0807 0 
 50.9773  0.5628  2.7140  0.1859  0.5093  0.0554  0.5097  0.3647 -0.0003  0.9823 1 
 33.6309 -0.5666 -0.4746  0.2871  0.4598  0.0572  0.1900  0.2579  0.5362  0.9993 1 
 56.4096 -0.3056  2.3393  0.0363  0.3121  0.2241  0.4555  0.0587 -0.0003  0.3054 0 
 45.5940  0.3463 -0.8326  0.1035  0.1652  0.0134  0.2186  0.0845 -0.0003  0.1654 0 
 50.4829  0.3898  0.9965  0.0662  0.3627  0.0893  0.5536  0.0798 -0.0003  0.4624 0 
 41.2787 -0.3818 -2.1654  0.0599  0.3690  0.0127  0.4489  0.0466 -0.0003  0.2590 0 
 48.7068 -0.2602  3.0304  0.0127  0.4685  0.0276  0.3008  0.0855 -0.0003  0.1381 0 
 45.5451  0.2628 -0.1161  0.0377  0.6700  0.0718  0.4811  0.1317 -0.0003  0.4758 0 
 50.7240 -0.1484 -1.8630  0.2013  0.1616  0.0634  0.2977  0.4683 -0.0003  0.9660 0 
 38.6175  0.1832  1.2672  0.0589  0.2539  0.0453  0.2285  0.1187 -0.0003  0.3559 0 
 54.9203  0.4412 -0.5410  0.0022  0.0489  0.0528  0.2918  0.0804 -0.0003  0.0660 0 
 53.4676 -0.4115  2.6512  0.1187  0.2609  0.1667  0.5456  0.0174 -0.0003  0.4769 0 
 48.2704 -0.0008 -1.3617  0.0133  0.4189  0.0286  0.4308  0.1545  0.1457  0.5245 0 
 46.4240  0.0067  1.7628  0.0397  0.5587  0.0587  0.2611  0.0196 -0.0003  0.3708 0 
 44.9775  0.2788 -1.7617  0.0473  0.1550  0.0450  0.1316  0.0035 -0.0003  0.1591 0 
 44.1291 -0.2956  1.3475  0.0041  0.2344  0.0081  0.2646  0.0291 -0.0003  0.0387 0 
 45.9144  0.2936  2.0029  0.0240  0.9126  0.0235  0.3928  0.1315 -0.0003  0.3350 0 
 40.5798 -0.3090 -1.1404  0.0249  0.0949  0.0443  0.3608  0.0458 -0.0003  0.0802 0 
 47.1107 -0.5910  1.2464  0.0724  0.4898  0.0451  0.3468  0.0700 -0.0003  0.5165 0 
 44.7456  0.5756 -1.8830  0.0272  0.1680  0.0362  0.3515  0.0137 -0.0003  0.0975 0 
 45.9174  0.7043 -2.2586  0.1818  0.5581  0.0276  0.3928  0.2883 -0.0003  0.9269 1 
 22.1408 -0.6657  0.8738  0.0383  0.2193  0.0136  0.2157  0.0961 -0.0003  0.1006 1 
 53.9345  0.4453 -0.1927  0.0361  0.0965  0.0196  0.2094  0.1511 -0.0003  0.1027 0 
 49.1310 -0.4499  2.9258  0.0417  0.1997  0.0167  0.1286  0.0186 -0.0003  0.0989 0 
 47.6143 -0.4471 -1.1479  0.1423  0.2600  0.1444  0.3891  0.1865 -0.0003  0.8560 0 
 45.1118  0.4489  2.0485  0.0137  0.4793  0.0613  0.3507  0.0605 -0.0003  0.2289 0 
 44.8615  0.6795 -2.6466  0.0163  0.5404  0.0505  0.2634  0.1553 -0.0003  0.4241 0 
 44.7150 -0.6587  0.5237  0.0441  0.3569  0.1152  0.3516  0.1122  0.5192  0.8383 0 
 48.7037  0.4072  0.0133  0.0295  0.2979  0.1047  0.6447  0.0281 -0.0003  0.2930 1 
 40.5341 -0.3836 -3.0928  0.1583  0.7033  0.0432  0.3609  0.1329 -0.0003  0.8747 1 
 47.3732  0.5386 -2.3974  0.0635  0.5598  0.0557  0.3030  0.1528  0.0111  0.7079 0 
 45.1118 -0.5574  0.7423  0.0172  0.2166  0.0548  0.3069  0.0081 -0.0003  0.1314 0 
 53.0587 -0.4235 -2.4307  0.3909  0.4823  0.1195  0.4205  0.2873 -0.0003  0.9958 1 
 45.6489  0.4009  0.6945  0.6674  0.5948  0.0382  0.5245  0.4660 -0.0003  0.9961 1 
 50.6569  0.4722 -0.6150  0.3314  0.6847  0.0587  0.2127  0.4216 -0.0003  0.9941 1 
 36.7376 -0.4903  2.5426  0.2561  0.2056  0.0537  0.1390  0.1253 -0.0003  0.8125 1 
 44.0223  0.6339  0.4117  0.0635  0.0185  0.0201  0.3089  0.0978 -0.0003  0.0751 0 
 42.3590 -0.6469 -2.7260  0.0769  0.3061  0.0170  0.3121  0.1569  0.0679  0.5184 0 
 45.5146 -0.7400  1.3181  0.0001  0.5058  0.0474  0.4811  0.4130 -0.0003  0.7286 0 
 45.0965  0.7358 -1.8947  0.0351  0.3413  0.0407  0.3069  0.1544 -0.0003  0.3542 0 
 49.5338 -0.4429  0.6852  0.0100  0.3157  0.0603  0.2995  0.0208 -0.0003  0.1673 0 
 43.2654  0.4426 -2.4373  0.0127  0.4898  0.0828  0.4876  0.0259 -0.0003  0.2004 0 
 45.5634 -0.4427  0.2890  0.0476  0.4973  0.2279  0.3498  0.0922  0.9129  0.9319 1 
 44.9836  0.4820 -2.8491  0.3156  0.4984  0.0883  0.5704  0.4433 -0.0003  0.9974 1 
 48.9601  0.2980 -2.5061  0.0015  0.4133  0.0319  0.3434  0.0665 -0.0003  0.1043 0 
 45.5116 -0.2932  0.6312  0.0355  0.5588  0.0239  0.3062  0.0027 -0.0003  0.2228 0 
 48.3101 -0.4422 -2.4676  0.0842  0.6590  0.0284  0.3015  0.0609 -0.0003  0.4775 1 
 39.0326  0.4687  0.6759  0.4908  0.1375  0.0674  0.7292  0.4847  0.1515  0.9997 1 
 46.8208  0.3149 -2.2874  0.0317  0.1949  0.0494  0.3474  0.1176 -0.0003  0.2057 0 
 46.4332 -0.3271  0.8454  0.0234  0.2992  0.0186  0.3481  0.0145 -0.0003  0.0945 0 
 51.4961  0.2534  1.5091  0.0325  0.0668  0.0277  0.4237  0.1103 -0.0003  0.1048 1 
 40.8179 -0.2305 -1.6700  0.4976  0.5872  0.0226  0.4503  0.5148 -0.0003  0.9972 1 
 58.3383  0.2290  0.2126  0.1840  0.3098  0.0564  0.1643  0.1801 -0.0003  0.8400 1 
 36.8505 -0.2461 -2.9669  0.1609  0.1241  0.0425  0.3704  0.1630 -0.0003  0.6384 1 
 45.3773  0.2987  1.5492  0.0014  0.6270  0.1135  0.5253  0.0903 -0.0003  0.2602 0 
 40.2197 -0.2849 -1.5406  0.0034  0.4270  0.0267  0.5425  0.1044 -0.0003  0.1968 0 
 49.9001 -0.6750  2.8663  0.0019  0.3258  0.0316  0.3417  0.0148 -0.0003  0.0932 0 
 45.5482  0.6749 -0.2660  0.0069  0.7658  0.0522  0.2187  0.0829 -0.0003  0.3324 0 
 52.0058  0.5884  2.7708  0.0453  0.6578  0.1341  0.5917  0.1920  0.2092  0.8599 0 
 46.5675 -0.5770 -0.4262  0.0280  0.1863  0.0187  0.3044  0.0322 -0.0003  0.0605 0 
 43.7049 -0.0260 -2.2463  0.1762  0.4619  0.1212  0.6631  0.3546 -0.0003  0.9857 1 
 41.0651  0.0037  0.9192  0.4168  0.1133  0.0687  0.3147  0.3922  0.0517  0.9883 1 
 47.4647 -0.1166 -0.9845  0.0617  0.2944  0.0841  0.4326  0.1486 -0.0003  0.5250 0 
 46.6926  0.1297  2.1623  0.0096  0.4254  0.0295  0.2607  0.0328 -0.0003  0.1190 0 
 46.4057  0.4501  2.4421  0.1087  0.1297  0.0831  0.3481  0.0767 -0.0003  0.3598 0 
 27.3686 -0.4520 -0.7162  0.4647  0.4524  0.0289  0.3028  0.1539 -0.0003  0.9596 0 
 46.6438 -0.6024 -0.1357  0.0642  0.1116  0.0439  0.2607  0.1893 -0.0003  0.3024 0 
 43.3967  0.5952  3.0566  0.0309  0.2161  0.0845  0.4429  0.1436 -0.0003  0.3070 0 
 47.8950  0.0802  2.4531  0.0078  0.5750  0.0905  0.6475  0.0572 -0.0003  0.2457 0 
 43.2136 -0.0592 -0.6956  0.0684  0.7522  0.0177  0.3547  0.0724 -0.0003  0.3764 0 
 54.9294  0.3482 -0.1099  0.0673  0.3953  0.4281  0.3335  0.0297 -0.0003  0.3389 0 
 51.9326 -0.3526  3.0179  0.2275  0.5052  0.0359  0.2114  0.1743  0.2705  0.9706 0 
 53.9406  0.0914 -1.1583  0.0867  0.3354  0.0253  0.2932  0.1003 -0.0003  0.3599 0 
 50.6294 -0.1474  1.8923  0.1682  0.0900  0.2473  0.5532  0.0462 -0.0003  0.5377 0 
 42.1668 -0.0046  0.9085  0.0829  0.2432  0.0539  0.3571  0.0372 -0.0003  0.3488 0 
 39.3652 -0.0112 -2.2627  0.0155  0.0420  0.0495  0.0910  0.0213 -0.0003  0.0911 0 
 50.4982 -0.6878 -0.6723  0.0054  0.7734  0.0106  0.2981  0.0803 -0.0003  0.1297 0 
 46.7628  0.7082  2.4584  0.0428  0.3251  0.0629  0.6515  0.0436 -0.0003  0.3751 0 
 50.0008 -0.7420 -0.5571  0.0011  0.1568  0.0248  0.3415  0.0440 -0.0003  0.0452 0 
 45.0355  0.7357  2.5918  0.0748  0.2016  0.0621  0.3509  0.3850 -0.0003  0.7386 0 
 49.9428  0.4227 -1.6926  0.3235  0.1684  0.0397  0.2989  0.2147 -0.0003  0.9166 0 
 48.4962 -0.4011  1.4447  0.0193  0.2676  0.0699  0.4303  0.0631 -0.0003  0.1942 0 
 47.4739 -0.0025  1.1475  0.0246  0.2853  0.0542  0.6489  0.0200 -0.0003  0.2627 0 
 46.9398 -0.0237 -2.0122  0.0325  0.1546  0.0206  0.2169  0.0167 -0.0003  0.0592 0 
 46.1738 -0.0648  1.6464  0.0501  0.4095  0.0980  0.6101  0.0233 -0.0003  0.3473 0 
 44.4800  0.0087 -1.4730  0.0205  0.1613  0.0770  0.5280  0.1068 -0.0003  0.2063 0 
 44.8371 -0.6125  2.2864  0.0993  0.7883  0.0214  0.2195  0.1199 -0.0003  0.5410 0 
 44.2908  0.6295 -0.8537  0.0782  0.1990  0.0388  0.2203  0.1579 -0.0003  0.4134 0 
 49.0639  0.7840  2.1560  0.0341  0.3037  0.1082  0.3431  0.1332 -0.0003  0.3829 0 
 41.4038 -0.7730 -1.0064  0.0155  0.5767  0.0222  0.4037  0.0117 -0.0003  0.1650 0 
 46.4729 -0.5838  0.0433  0.0348  0.5279  0.0264  0.2175  0.0220 -0.0003  0.1918 0 
 46.3874  0.5913 -3.1221  0.1313  0.2957  0.0210  0.3482  0.1284  0.1100  0.7517 0 
 44.9256  0.7940 -0.4531  0.0224  0.0984  0.0733  0.2634  0.0208 -0.0003  0.0863 0 
 40.1465 -0.7862  2.6928  0.0719  0.4742  0.0278  0.2261  0.0467 -0.0003  0.2950 0 
 50.8583  0.1134 -1.6373  0.0961  0.6493  0.0840  0.3400  0.0286 -0.0003  0.5693 0 
 35.2636 -0.1889  1.5082  0.0643  0.2327  0.0749  0.2344  0.0263  0.0463  0.3841 0 
 47.7790 -0.5802  1.6147  0.0252  0.1470  0.0301  0.4751  0.0571 -0.0003  0.1209 0 
 45.6214  0.5709 -1.5115  0.0163  0.3968  0.0263  0.4371  0.0372 -0.0003  0.1505 0 
 48.5969  0.4373 -0.1399  0.0154  0.6213  0.0332  0.3010  0.2571 -0.0003  0.4892 1 
 46.2013 -0.4377  2.9871  0.0999  0.3118  0.0578  0.3485  0.3592  0.2348  0.9465 1 
 52.3415 -0.6367 -1.7547  0.0255  0.1268  0.0281  0.1266  0.0075 -0.0003  0.0775 0 
 43.4577  0.6355  1.3913  0.0582  0.6002  0.0149  0.3099  0.1083 -0.0003  0.2775 0 
 52.6619 -0.2222 -2.2087  0.0052  0.1165  0.0514  0.2528  0.0244 -0.0003  0.0677 0 
 49.4301  0.2120  0.9671  0.0120  0.7939  0.0761  0.3425  0.0349 -0.0003  0.2726 0 
 46.5431  0.2020 -1.0513  0.0098  0.0539  0.0132  0.0870  0.0031 -0.0003  0.0582 0 
 45.3773 -0.1849  2.0781  0.0696  0.4299  0.0431  0.5691  0.1079 -0.0003  0.5702 0 
 54.1451  0.0473 -0.8249  0.0370  0.3146  0.0313  0.2510  0.1193 -0.0003  0.2238 0 
 48.1117 -0.0276  2.2998  0.0086  0.4830  0.0580  0.4311  0.0270 -0.0003  0.1819 0 
 50.6325  0.7451 -2.7877  0.0828  0.1497  0.2730  0.5106  0.1889  0.2174  0.8392 0 
 42.4567 -0.7810  0.4897  0.0155  0.6165  0.1559  0.5346  0.0024 -0.0003  0.2435 0 
 43.9124  0.5629 -3.0577  0.0621  0.4066  0.0161  0.2649  0.0253 -0.0003  0.1694 0 
 42.6215 -0.5630  0.1355  0.0130  0.1828  0.0901  0.2670  0.0104  0.1984  0.2231 0 
 46.1250  0.1545  2.7471  0.0102  0.0877  0.0362  0.3051  0.1612 -0.0003  0.0991 0 
 44.1688 -0.1434 -0.3951  0.0680  0.3584  0.0174  0.2204  0.1274 -0.0003  0.2406 0 
 49.0120  0.1224 -1.4573  0.0102  0.5431  0.0744  0.4291  0.0154 -0.0003  0.1891 0 
 42.3102 -0.1597  1.7146  0.0060  0.6106  0.0401  0.5351  0.0270 -0.0003  0.1858 0 
 45.3895  0.5602 -2.3544  0.0864  0.2144  0.0736  0.4377  0.0584 -0.0003  0.4047 1 
 38.7610 -0.6051  0.8730  0.1484  0.7666  0.0354  0.5936  0.0729 -0.0003  0.8454 1 
 45.7771  0.5696 -1.0150  0.1821  0.6886  0.0314  0.3930  0.2204 -0.0003  0.9113 1 
 42.5635 -0.5418  2.1469  0.4035  0.4077  0.0158  0.5788  0.3813  0.0841  0.9975 1 
 46.4576 -0.2829 -1.0222  0.1117  0.4678  0.0873  0.5221  0.0964  0.0307  0.7028 0 
 44.8035  0.2886  2.1166  0.0027  0.5591  0.0679  0.6149  0.0804 -0.0003  0.2267 0 
 47.0405  0.5803  2.8117  0.0139  0.3031  0.0490  0.2168  0.1353 -0.0003  0.2629 0 
 40.6104 -0.5852 -0.2926  0.0016  0.1619  0.0370  0.5410  0.0475 -0.0003  0.1052 0 
 53.8186  0.5129  0.5662  0.0212  0.1630  0.1519  0.4190  0.0535 -0.0003  0.1465 0 
 49.4667 -0.4484 -2.5692  0.0038  0.1416  0.0555  0.1284  0.0373 -0.0003  0.0979 0 
 49.1585  0.0175 -0.3085  0.1149  0.4368  0.0935  0.3001  0.0760 -0.0003  0.6441 0 
 33.1487 -0.0454  2.7945  0.0000  0.0165  0.0639  0.0954  0.0519 -0.0003  0.0949 0 
 52.3140  0.5350 -3.0209  0.0303  0.0885  0.0317  0.2954  0.0971 -0.0003  0.0771 0 
 45.8717 -0.5251  0.1017  0.0263  0.1425  0.0814  0.3056  0.0192 -0.0003  0.1119 0 
 48.6824 -0.4847  2.8007  0.5136  0.3981  0.0596  0.3009  0.5843 -0.0003  0.9979 1 
 43.3234  0.4640 -0.3124  0.2242  0.0795  0.0469  0.1772  0.2841  0.1243  0.8353 1 
 56.8032 -0.6368 -2.1357  0.0094  0.4557  0.1592  0.1653  0.0255 -0.0003  0.2436 0 
 47.3884  0.6024  0.9292  0.0280  0.3633  0.0169  0.2164  0.0670 -0.0003  0.1109 0 
 47.8523 -0.6974  3.0816  0.1566  0.2073  0.0556  0.5181  0.0672 -0.0003  0.6062 0 
 38.2422  0.7042 -0.0142  0.0069  0.7611  0.0176  0.3208  0.0187 -0.0003  0.1249 0 
 42.4842 -0.6127  2.8594  0.0044  0.3153  0.1151  0.4455  0.1022 -0.0003  0.2010 0 
 38.2025  0.6311 -0.3112  0.0545  0.6005  0.0154  0.3667  0.0350 -0.0003  0.2442 0 
 51.9051  0.6936  0.7471  0.1095  0.4913  0.0982  0.4651  0.0364 -0.0003  0.5055 0 
 50.4006 -0.7068 -2.3929  0.0356  0.4074  0.0543  0.2556  0.0540  0.1869  0.5812 0 
 45.0111 -0.5378 -0.5228  0.0002  0.3836  0.0093  0.3509  0.0217 -0.0003  0.0568 0 
 38.5168  0.5255  2.6532  0.0534  0.3935  0.1742  0.5031  0.0290 -0.0003  0.3280 0 
 47.0375 -0.7589 -2.7294  0.0732  0.6817  0.0309  0.3035  0.0571 -0.0003  0.4566 0 
 36.9329  0.7668  0.4146  0.0440  0.1853  0.0315  0.2776  0.0342 -0.0003  0.1063 0 
 48.8655  0.7684 -1.2193  0.0043  0.3034  0.0443  0.3435  0.0186 -0.0003  0.1181 0 
 43.4943 -0.7784  1.9205  0.0733  0.7481  0.0306  0.3984  0.0549 -0.0003  0.5352 0 
 46.5614  0.0786  1.8372  0.0011  0.2511  0.0858  0.3479  0.0681 -0.0003  0.1317 0 
 42.2126 -0.0552 -1.3187  0.0173  0.1597  0.0631  0.2677  0.0063 -0.0003  0.1097 0 
 57.8225 -0.2882 -1.1376  0.0790  0.1767  0.1381  0.4527  0.1280 -0.0003  0.4924 0 
 38.7945  0.2780  2.0280  0.0159  0.3505  0.0721  0.5935  0.0638 -0.0003  0.2494 0 
 52.8298 -0.3001  1.1869  0.0867  0.0810  0.0596  0.2947  0.0115 -0.0003  0.1273 0 
 48.0446  0.2983 -1.9714  0.0742  0.2456  0.0151  0.3881  0.0740 -0.0003  0.2271 0 
 47.9347 -0.7723  0.4151  0.0227  0.1862  0.1355  0.6042  0.0816 -0.0003  0.2696 0 
 41.7884  0.7540 -2.7653  0.0121  0.4820  0.0515  0.3579  0.0313 -0.0003  0.1986 0 
 48.5176 -0.6903  2.2308  0.0211  0.2435  0.0373  0.4732  0.0689 -0.0003  0.1736 0 
 32.8618  0.6848 -0.9424  0.0867  0.2793  0.0175  0.2869  0.1254  0.1435  0.6520 0 
 41.8463  0.7402 -3.1177  0.5158  0.3807  0.1257  0.2683  0.7099 -0.0003  0.9984 1 
 30.5028 -0.7052 -0.0475  0.0874  0.5607  0.0348  0.1954  0.1961  0.2727  0.9002 1 
 58.9395  0.6006 -0.2438  0.0034  0.2089  0.0984  0.3277  0.0513 -0.0003  0.1144 0 
 44.7974 -0.6253  2.9107  0.3812  0.6304  0.0363  0.4831  0.2542  0.0199  0.9750 0 
 46.6682 -0.7477  1.3928  0.0056  0.4287  0.2522  0.7388  0.0263 -0.0003  0.2886 0 
 46.6072  0.7497 -1.7384  0.0081  0.0994  0.0192  0.1304  0.0002 -0.0003  0.0580 0 
 45.0080 -0.5635 -2.5246  0.0712  0.6001  0.0280  0.1316  0.0341 -0.0003  0.3067 1 
 36.0723  0.5586  0.6448  0.1516  0.7182  0.0248  0.3726  0.1218  0.0686  0.7812 1 
 40.6561  0.7154 -2.8647  0.0575  0.2903  0.0970  0.6761  0.0419  0.1263  0.5546 1 
 39.6796 -0.7651  0.1225  0.0748  0.7139  0.1209  0.8167  0.1877  0.3560  0.9407 1 
 51.9234  0.4822  1.6139  0.0439  0.3499  0.0202  0.1691  0.0372 -0.0003  0.1429 0 
 44.5502 -0.4526 -1.5459  0.0130  0.1069  0.0617  0.3519  0.0383 -0.0003  0.0799 0 
 48.0934 -0.3937 -0.5361  0.2911  0.5349  0.0421  0.4743  0.2553  0.0679  0.9609 1 
 38.4649  0.3752  2.5949  0.2642  0.4286  0.1039  0.5948  0.4184 -0.0003  0.9966 1 
 45.0416  0.7479  2.7403  0.0529  0.3715  0.0602  0.5263  0.0865 -0.0003  0.4347 0 
 39.3866 -0.7512 -0.4545  0.0107  0.4791  0.0460  0.4092  0.0703 -0.0003  0.2008 0 
 47.2114  0.3362  0.9068  0.0510  0.5841  0.0914  0.2600  0.1368 -0.0003  0.6349 0 
 37.0306 -0.3717 -2.1846  0.0360  0.0799  0.0569  0.3699  0.0062 -0.0003  0.0918 0 
 46.4637  0.7145 -2.8471  0.0499  0.1172  0.0345  0.3046  0.0771 -0.0003  0.1068 0 
 39.3927 -0.7141  0.3217  0.0892  0.4835  0.0347  0.3637  0.1401 -0.0003  0.6550 0 
 43.8087  0.5618 -2.6685  0.0025  0.1399  0.0487  0.2651  0.0145 -0.0003  0.0704 0 
 42.2766 -0.5662  0.4786  0.0104  0.4843  0.0201  0.2676  0.0275 -0.0003  0.1052 0 
 47.3243  0.1511  2.1448  0.0069  0.5347  0.0947  0.1732  0.0068 -0.0003  0.2636 0 
 38.8617 -0.1853 -1.0067  0.0096  0.4307  0.0092  0.2282  0.0008 -0.0003  0.0925 0 
 49.9977 -0.6445  2.0349  0.0544  0.2732  0.0343  0.4269  0.0604 -0.0003  0.2786 0 
 43.0762  0.6443 -1.1119  0.0201  0.0665  0.1061  0.3994  0.0118 -0.0003  0.0633 0 
 48.0354  0.4742 -1.0701  0.1968  0.6334  0.1226  0.5176  0.1382 -0.0003  0.9015 0 
 41.6297 -0.5067  2.0555  0.0751  0.3874  0.0316  0.3583  0.1397  0.1007  0.6783 0 
 48.9815 -0.7328 -0.7043  0.0041  0.1355  0.0475  0.2146  0.0113 -0.0003  0.0743 0 
 41.6754  0.7324  2.4135  0.0380  0.1429  0.0371  0.2686  0.0068 -0.0003  0.0937 0 
 51.8654 -0.3825 -0.6304  0.0255  0.0566  0.0988  0.2537  0.1098 -0.0003  0.1021 0 
 43.2349  0.4001  2.4951  0.0964  0.4628  0.0241  0.4434  0.0882 -0.0003  0.5722 0 
 45.2399 -0.4846  1.2906  0.0197  0.1508  0.0197  0.1314  0.0186 -0.0003  0.0620 0 
 35.1873  0.5068 -1.8589  0.0965  0.5073  0.0458  0.2814  0.0534 -0.0003  0.6011 0 
 51.6823  0.2790 -0.9300  0.1273  0.2267  0.0165  0.4656  0.0131 -0.0003  0.4054 0 
 39.0265 -0.2835  2.2214  0.0686  0.7785  0.0231  0.3190  0.0549 -0.0003  0.3888 0 
 51.7617  0.6022  0.8933  0.0176  0.5504  0.1153  0.2539  0.0067 -0.0003  0.2224 0 
 49.0486 -0.6043 -2.2985  0.0073  0.1871  0.2022  0.4719  0.1440 -0.0003  0.2498 0 
 49.0608 -0.1239  2.0475  0.3209  0.7792  0.0291  0.3003  0.3143 -0.0003  0.9848 1 
 47.7821  0.0946 -1.1077  0.2397  0.1010  0.0357  0.5615  0.3358 -0.0003  0.9548 1 
 46.7201  0.4781  2.3493  0.6118  0.7471  0.0413  0.5213  0.8187 -0.0003  0.9984 1 
 42.4506 -0.5065 -0.7988  0.3702  0.5831  0.0930  0.9802  0.3123  0.2781  0.9996 1 
 49.4484  0.7760 -1.8589  0.0167  0.3088  0.0723  0.4709  0.0212 -0.0003  0.1870 0 
 42.5635 -0.7573  1.2900  0.0308  0.3317  0.0477  0.2226  0.0480 -0.0003  0.2236 0 
 48.9754 -0.1825 -1.0489  0.0974  0.5668  0.0237  0.2146  0.0511 -0.0003  0.3849 0 
 33.1853  0.1879  2.0806  0.0210  0.3594  0.0620  0.4292  0.3341  0.4099  0.9375 0 
 41.6114 -0.1829  2.2175  0.0175  0.1770  0.0601  0.3583  0.0933 -0.0003  0.1407 0 
 38.2605  0.1937 -0.9678  0.0302  0.2331  0.0390  0.4124  0.0651 -0.0003  0.1721 0 
 47.8065 -0.1949 -0.5329  0.0586  0.1397  0.0915  0.3455  0.0239 -0.0003  0.1774 0 
 45.8259  0.2068  2.5972  0.0337  0.5573  0.0389  0.1746  0.0095 -0.0003  0.3171 0 
 44.0467  0.6084 -1.4679  0.0554  0.2965  0.0360  0.4412  0.1049 -0.0003  0.3719 0 
 39.1943 -0.5655  1.6684  0.0252  0.5008  0.0809  0.2732  0.0108 -0.0003  0.2602 0 
 49.4453 -0.6100 -1.1579  0.0127  0.1919  0.1337  0.2997  0.0145 -0.0003  0.1226 0 
 47.8981  0.6195  1.9915  0.0107  0.1621  0.0445  0.3885  0.0617 -0.0003  0.0903 0 
 47.4830  0.0798 -2.7306  0.0113  0.1854  0.0364  0.3893  0.0771 -0.0003  0.0924 0 
 45.3681 -0.0749  0.4051  0.0328  0.5984  0.0217  0.3064  0.0255 -0.0003  0.1793 0 
 51.6854 -0.0999  1.5029  0.0090  0.4011  0.1559  0.4233  0.0070 -0.0003  0.1992 0 
 32.3796  0.0704 -1.6849  0.0234  0.3782  0.0285  0.2881 -0.0200 -0.0003  0.2068 0 
 61.2680  0.5721 -1.3178  0.0849  0.0885  0.0541  0.2435  0.0574 -0.0003  0.1356 0 
 45.0385 -0.5737  1.8272  0.0066  0.5071  0.0368  0.4825  0.0339 -0.0003  0.1711 0 
 49.0883  0.4153  2.1816  0.0248  0.6426  0.0182  0.3003  0.0320  0.1346  0.3729 0 
 43.1556 -0.4144 -0.9659  0.0465  0.1778  0.0364  0.2661  0.1148 -0.0003  0.1885 0 
 39.4812  0.1181  2.7300  0.0627  0.5795  0.0364  0.4997  0.0632  0.2271  0.7326 1 
 39.3591 -0.0752 -0.4057  0.2014  0.3620  0.0379  0.3637  0.2905 -0.0003  0.9346 1 
 46.4118 -0.6038  2.9648  0.0115  0.1972  0.0602  0.4787  0.0252 -0.0003  0.1334 0 
 41.9348  0.6281 -0.1883  0.0251  0.3355  0.0956  0.4023  0.0242  0.3285  0.5078 0 
 46.0578  0.5239  0.4092  0.0086  0.2142  0.0707  0.0872  0.0873 -0.0003  0.2707 0 
 37.7630 -0.5044 -2.6960  0.0099  0.5759  0.0310  0.1380  0.0036 -0.0003  0.2397 0 
 40.5188 -0.0624  0.4611  0.0170  0.3484  0.0853  0.4060  0.0143 -0.0003  0.1874 0 
 37.6165  0.0268 -2.6699  0.1345  0.5185  0.0410  0.4143  0.2476  0.0852  0.9094 0 
 50.1473 -0.8031 -0.3606  0.0083  0.0894  0.0216  0.2986  0.0091 -0.0003  0.0443 0 
 37.2076  0.7897  2.8166  0.0205  0.5242  0.0179  0.3232  0.0298 -0.0003  0.1227 0 
 49.6437  0.6781  0.3147  0.0017  0.6241  0.0532  0.3849  0.1085 -0.0003  0.2516 0 
 44.1840 -0.6835 -2.7751  0.0212  0.1719  0.0489  0.2645  0.1679 -0.0003  0.2217 0 
 46.1341  0.7444 -0.2449  0.1189  0.3785  0.0785  0.6538  0.0287 -0.0003  0.5614 0 
 42.2065 -0.7291  2.9031  0.0755  0.2109  0.0505  0.5355  0.0395 -0.0003  0.3796 0 
 49.5796  0.3519  2.6801  0.0586  0.3875  0.1927  0.2567  0.0384 -0.0003  0.3692 0 
 48.5603 -0.3677 -0.4782  0.0857  0.2093  0.1487  0.5591  0.0334 -0.0003  0.4087 0 
 47.2602  0.7409  2.2429  0.0726  0.3659  0.1177  0.3032  0.0255 -0.0003  0.3885 0 
 42.4903 -0.7295 -0.9191  0.0256  0.6396  0.1227  0.4454  0.0493 -0.0003  0.2900 0 
 44.5289 -0.2843 -0.0659  0.1090  0.4525  0.0330  0.3079  0.1337 -0.0003  0.6492 0 
 41.8219  0.2603  3.0701  0.0162  0.7324  0.0270  0.1789  0.0179 -0.0003  0.1888 0 
 58.2284 -0.4693  2.5726  0.0450  0.1256  0.3713  0.6163  0.0063 -0.0003  0.2581 0 
 47.7455  0.4864 -0.6505  0.0338  0.3562  0.0620  0.4752  0.0320 -0.0003  0.2679 0 
 46.6102  0.6507 -3.1054  0.0257  0.3206  0.0873  0.5651  0.0623 -0.0003  0.2786 0 
 36.1608 -0.6154  0.0399  0.0327  0.0520  0.0694  0.2793  0.0508 -0.0003  0.0819 0 
 45.4170  0.6305 -1.2448  0.0006  0.8057  0.0810  0.4814  0.0314 -0.0003  0.2431 1 
 23.2273 -0.6592  1.8465  0.2438  0.5829  0.0266  0.4248  0.2988  0.2373  0.9928 1 
 46.6957  0.4139 -1.4788  0.0074  0.6364  0.0306  0.3910  0.0134  0.1061  0.3136 0 
 46.4454 -0.4133  1.7183  0.0319  0.6094  0.1046  0.6526  0.0505 -0.0003  0.3122 0 
 46.3508  0.3536  2.5591  0.0008  0.2847  0.0259  0.4353  0.0506 -0.0003  0.0817 0 
 44.6571 -0.3754 -0.5685  0.1050  0.1767  0.2496  0.4835  0.2412 -0.0003  0.8622 0 
 42.4018  0.7582 -3.0489  0.0211  0.2242  0.2809  0.4457  0.0264 -0.0003  0.2244 0 
 39.6307 -0.7322  0.0796  0.0791  0.4167  0.0244  0.4085  0.1202 -0.0003  0.5054 0 
 47.2663 -0.7195  2.5540  0.0095  0.5002  0.0871  0.7796  0.0057 -0.0003  0.2434 0 
 41.8158  0.6451 -0.6617  0.0011  0.4619  0.2468  0.4026  0.0582 -0.0003  0.2588 0 
 54.3893 -0.5723  0.7957  0.1416  0.3902  0.1038  0.3761  0.3365  0.4989  0.9909 1 
 47.0527  0.5921 -2.3581  0.2418  0.6941  0.0400  0.3035  0.2946 -0.0003  0.9710 1 
 46.3783 -0.7323 -1.5375  0.0302  0.3461  0.0280  0.3047  0.0906 -0.0003  0.1648 0 
 46.3233  0.7278  1.5854  0.0036  0.5021  0.0424  0.3483  0.1754 -0.0003  0.3241 0 
 47.3793 -0.7164 -2.5777  0.0082  0.3759  0.1166  0.6926  0.1055 -0.0003  0.3033 0 
 42.8962  0.7276  0.5618  0.0257  0.6831  0.0136  0.1777  0.0214 -0.0003  0.1427 0 
 49.9214 -0.4906 -1.0838  0.0133  0.3094  0.0468  0.2136  0.0208 -0.0003  0.1657 0 
 47.4922  0.5195  2.0630  0.0094  0.3031  0.0693  0.5191  0.1464 -0.0003  0.2583 0 
 46.5370 -0.1298 -2.4585  0.0609  0.6792  0.0363  0.2174  0.0543 -0.0003  0.4017 0 
 45.3132  0.1232  0.7074  0.0193  0.1047  0.0691  0.1751  0.0118 -0.0003  0.1005 0 
 50.8095  0.5462 -0.7352  0.0354  0.1837  0.0426  0.3827 -0.0200 -0.0003  0.1613 0 
 46.4485 -0.5563  2.3964  0.0402  0.1440  0.0613  0.3046  0.0403 -0.0003  0.1313 0 
 43.7995  0.2879  0.6813  0.0326  0.3233  0.0551  0.4418  0.0644 -0.0003  0.2699 0 
 42.2827 -0.2523 -2.4586  0.0384  0.2588  0.0161  0.4014  0.0406 -0.0003  0.1212 0 
 46.7872 -0.0381  2.1013  0.0440  0.3477  0.0729  0.2171  0.0091 -0.0003  0.3352 0 
 45.5116  0.0667 -1.0519  0.0288  0.0974  0.0248  0.2187  0.0760 -0.0003  0.0560 0 
 45.0294  0.4733 -3.0666  0.0443  0.2657  0.0388  0.4825  0.0261 -0.0003  0.2533 0 
 39.6368 -0.4604 -0.0432  0.0194  0.2665  0.1592  0.3631  0.0485  0.4991  0.5434 0 
 46.4271 -0.3691  1.2736  0.0857  0.2037  0.1621  0.6092  0.0222  0.1751  0.5798 0 
 40.9827  0.4392 -1.8706  0.0317  0.2448  0.1388  0.3598  0.0268 -0.0003  0.1996 0 
 53.2815  0.2716  2.6056  0.0621  0.3515  0.1158  0.4201  0.0284 -0.0003  0.3375 0 
 44.4800 -0.2770 -0.5433  0.0590  0.4465  0.0612  0.3080  0.0646 -0.0003  0.4625 0 
 45.8381  0.7563 -0.2517  0.0004  0.2108  0.0160  0.2619  0.0998 -0.0003  0.0501 0 
 42.4933 -0.7456  2.8835  0.0158  0.3465  0.0202  0.4454  0.0230 -0.0003  0.1227 0 
 55.0027 -0.4214  0.4096  0.0632  0.3056  0.0324  0.2084  0.0811 -0.0003  0.2562 0 
 54.7555  0.4383 -2.7234  0.0842  0.3228  0.0298  0.2086  0.0291 -0.0003  0.2806 0 
 48.2429 -0.0894  3.0829  0.0007  0.1311  0.0240  0.3016  0.0444 -0.0003  0.0402 0 
 46.4240  0.0941 -0.0522  0.1565  0.2315  0.0340  0.3046  0.0392  0.1735  0.7829 0 
 49.5308  0.1949 -2.7421  0.0091  0.3994  0.0356  0.2568  0.0696 -0.0003  0.1340 0 
 45.6184 -0.1995  0.3539  0.0071  0.2190  0.0277  0.1749  0.0566 -0.0003  0.0714 0 
 47.0314 -0.3027 -1.8411  0.0097  0.2385  0.0584  0.4337  0.0104 -0.0003  0.1383 0 
 44.3549  0.2923  1.3107  0.0142  0.0578  0.0189  0.4844  0.0447 -0.0003  0.0683 0 
 37.1130 -0.7740  2.3948  0.1090  0.4724  0.0285  0.2773  0.1160  0.2468  0.9028 1 
 31.9921  0.7468 -0.7097  0.1226  0.3205  0.0156  0.2891  0.3550  0.2317  0.9520 1 
 48.3680 -0.3014 -2.3309  0.0138  0.2901  0.0375  0.2583  0.0311 -0.0003  0.1106 0 
 47.6844  0.3112  0.8117  0.0036  0.1536  0.1677  0.4753  0.0117 -0.0003  0.1180 0 
 37.4914 -0.5690  1.7832  0.3231  0.3918  0.0085  0.3225  0.4995 -0.0003  0.9920 0 
 36.0082  0.5550 -1.2906  0.0143  0.2796  0.0507  0.5126  0.0148 -0.0003  0.1764 0 
 48.3497 -0.5367  1.8821  0.0609  0.5855  0.0544  0.3875  0.0172 -0.0003  0.4198 0 
 38.9349  0.5522 -1.1790  0.1136  0.3509  0.0110  0.1824  0.0900 -0.0003  0.2573 0 
 42.2095 -0.6658  0.4898  0.1890  0.3234  0.0425  0.4908  0.3414 -0.0003  0.9626 1 
 41.6205  0.6774 -2.6579  0.4823  0.6419  0.0485  0.3583  0.3684  0.2619  0.9976 1 
 49.3233  0.6316 -1.1919  0.0501  0.3356  0.0164  0.1713  0.1132 -0.0003  0.1754 0 
 47.7821 -0.6322  1.9492  0.0269  0.1888  0.0126  0.2591  0.0460 -0.0003  0.0503 0 
 51.3405 -0.4463 -2.3916  0.0699  0.7068  0.0487  0.4240  0.1409  0.1040  0.7802 1 
 37.0123  0.3962  0.7520  0.2502  0.1601  0.0348  0.2775  0.2148 -0.0003  0.8431 1 
 50.1900 -0.6046  1.0518  0.1319  0.6666  0.0683  0.4691  0.1957 -0.0003  0.9160 1 
 42.3468  0.5960 -2.1250  0.4036  0.4154  0.0428  0.4012  0.5057 -0.0003  0.9971 1 
 50.3975  0.3410  0.0972  0.0846  0.4165  0.0493  0.4260  0.1605  0.0309  0.7218 0 
 47.0283 -0.3586 -3.0961  0.0797  0.2037  0.0132  0.2602  0.2632 -0.0003  0.3959 0 
 57.5662 -0.2959 -2.9573  0.0108  0.1024  0.1408  0.1648  0.0049 -0.0003  0.0730 0 
 43.7476  0.2929  0.1741  0.0000  0.6252  0.0058  0.2210  0.0904 -0.0003  0.1058 0 
 47.4861  0.3592  1.0717  0.0962  0.2965  0.1051  0.3893  0.0650 -0.0003  0.4697 0 
 45.7038 -0.3642 -2.0482  0.1020  0.3009  0.0165  0.3058  0.1747 -0.0003  0.4423 0 
 47.4708 -0.4243  2.7984  0.0520  0.1670  0.1144  0.3029  0.0283 -0.0003  0.1889 0 
 38.8434  0.4516 -0.2921  0.0497  0.3135  0.2275  0.2282  0.0640 -0.0003  0.4010 0 
 48.0232 -0.7772 -1.7007  0.1618  0.8546  0.0696  0.6039  0.3347 -0.0003  0.9774 1 
 42.7039  0.7841  1.3769  0.0957  0.2137  0.0806  0.4003  0.0418  0.6026  0.9853 1 
 46.6896  0.1891 -2.0272  0.0241  0.7946  0.0106  0.2173  0.0269 -0.0003  0.1468 0 
 40.4212 -0.1849  1.0941  0.0156  0.1545  0.0189  0.3611  0.0124 -0.0003  0.0548 0 
 43.4333 -0.5782  2.3063  0.0703  0.4333  0.0208  0.4428  0.1783 -0.0003  0.5628 1 
 34.5586  0.5908 -0.7812  0.1046  0.5113  0.0337  0.3300  0.1274 -0.0003  0.6686 1 
 45.9358  0.3305  0.8978  0.2084  0.3963  0.0371  0.4800  0.2767 -0.0003  0.9516 1 
 32.8985 -0.3041 -2.2253  0.5118  0.4962  0.0303  0.5736  0.3967 -0.0003  0.9926 1 
 45.1453 -0.7489 -1.0290  0.1066  0.1433  0.0356  0.3068  0.4124 -0.0003  0.6849 0 
 43.9490  0.7353  2.1154  0.0708  0.3083  0.1713  0.3090  0.2065 -0.0003  0.7301 0 
 43.7873 -0.5347  1.9412  0.0341  0.4201  0.2162  0.2651  0.0095 -0.0003  0.2518 0 
 40.0916  0.5278 -1.1641  0.0091  0.6904  0.0475  0.2262  0.0125 -0.0003  0.2903 0 
 53.6385  0.0623  1.2443  0.1811  0.2205  0.0502  0.2936  0.1646  0.1367  0.8869 0 
 47.2541 -0.0490 -1.8741  0.1160  0.2446  0.0227  0.3465  0.1828 -0.0003  0.5660 0 
 44.3397 -0.1338  1.1506  0.0670  0.6885  0.0773  0.4845  0.1373 -0.0003  0.6407 0 
 41.3214  0.1029 -1.9769  0.0034  0.1926  0.1444  0.5834  0.2962 -0.0003  0.4115 0 
 55.8541  0.4706 -3.0052  0.0034  0.6867  0.0888  0.4981  0.0849 -0.0003  0.2620 0 
 52.5002 -0.4860  0.1847  0.0494  0.2826  0.0974  0.3794  0.0948 -0.0003  0.3710 0 
 49.0486 -0.4365  0.2309  0.1491  0.3616  0.1208  0.7293  0.0978 -0.0003  0.7989 0 
 42.7405  0.4578 -2.9078  0.0572  0.5597  0.0564  0.4447  0.1594 -0.0003  0.6326 0 
 44.8341 -0.4065  1.0397  0.0363  0.1039  0.0267  0.2195  0.0690 -0.0003  0.0617 0 
 35.9838  0.4005 -2.1201  0.0344  0.5418  0.0174  0.2331  0.0034 -0.0003  0.1647 0 
 41.7334 -0.1338 -2.5074  0.0169  0.5479  0.0527  0.4028  0.0469 -0.0003  0.2296 0 
 37.9309  0.1196  0.6708  0.1043  0.7835  0.0136  0.2297  0.1054 -0.0003  0.5056 0 
 45.6550 -0.6434  2.5540  0.0035  0.5234  0.1035  0.4370  0.0262 -0.0003  0.1901 0 
 41.2085  0.6676 -0.6653  0.0180  0.4559  0.0884  0.5389  0.0678 -0.0003  0.2527 0 
 52.5887 -0.6884 -0.4120  0.0777  0.2747  0.0847  0.3371  0.1142 -0.0003  0.5254 0 
 49.1707  0.6931  2.7121  0.0117  0.2454  0.0455  0.4716  0.2252 -0.0003  0.3036 0 
 49.2958  0.1747  2.2176  0.0142  0.0622  0.0699  0.3856  0.1758 -0.0003  0.1267 0 
 38.9624 -0.1563 -0.9126  0.0785  0.5311  0.0054  0.3192  0.1253 -0.0003  0.2926 0 
 41.6968 -0.2228  0.1565  0.0053  0.2472  0.0527  0.2238  0.0888 -0.0003  0.1381 0 
 41.4862  0.1700 -2.9481  0.0053  0.4834  0.1368  0.5828  0.1546 -0.0003  0.3175 0 
 45.4566 -0.4824  2.9582  0.0245  0.2978  0.0488  0.3938  0.0052 -0.0003  0.1909 0 
 44.9287  0.5188 -0.1978  0.0023  0.3414  0.0198  0.2633  0.0281 -0.0003  0.0671 0 
 50.5806  0.3899  1.1178  0.0442  0.2149  0.0580  0.4256  0.0392 -0.0003  0.2268 0 
 47.9744 -0.4540 -2.0884  0.0822  0.2549  0.2426  0.4746  0.1055 -0.0003  0.4721 0 
 56.4614 -0.4656  0.4285  0.0029  0.7148  0.0348  0.3312  0.0963  0.0766  0.3469 0 
 49.8116  0.4936 -2.7246  0.0088  0.3120  0.1566  0.4273  0.0162 -0.0003  0.1838 0 
 45.4322 -0.4012 -1.4515  0.0503  0.6585  0.0577  0.5251  0.1384 -0.0003  0.5662 0 
 44.4862  0.3970  1.7137  0.1423  0.2134  0.1190  0.3080  0.2082 -0.0003  0.8573 0 
 44.1596 -0.6468  0.1497  0.0013  0.3340  0.0770  0.3968  0.0064 -0.0003  0.1491 0 
 40.2106  0.6681 -2.9308  0.0112  0.6329  0.0413  0.3165 -0.0200 -0.0003  0.2460 0 
 45.1118  0.3286 -2.6036  0.0237  0.1797  0.0276  0.3069  0.0085 -0.0003  0.0759 0 
 42.0752 -0.3347  0.5534  0.0449  0.3098  0.0444  0.2233  0.0439 -0.0003  0.2412 0 
 32.6329 -0.7100  1.6794  0.0293  0.4453  0.0509  0.2875  0.0452 -0.0003  0.2735 0 
 31.6320  0.7528 -1.4443  0.0711  0.1300  0.0278  0.1934  0.0804 -0.0003  0.1319 0 
 49.4972 -0.7705  2.8107  0.0305  0.3457  0.0167  0.1712  0.0613 -0.0003  0.1182 0 
 43.7354  0.7742 -0.3145  0.0226  0.6333  0.0246  0.1768  0.0131 -0.0003  0.1845 0 
 52.9427 -0.1343  0.7445  0.0950  0.1766  0.0924  0.2104  0.1638 -0.0003  0.6130 0 
 43.3875  0.1082 -2.3949  0.0001  0.3711  0.0385  0.2215  0.0634 -0.0003  0.1207 0 
 46.4363  0.7083 -3.0028  0.0233  0.6184  0.0194  0.2611  0.0224 -0.0003  0.1451 0 
 44.4068 -0.6845  0.1458  0.0069  0.3815  0.0451  0.4843  0.1685 -0.0003  0.2851 0 
 40.5585 -0.4474 -0.5198  0.1106  0.4434  0.0863  0.3157  0.2016  0.6016  0.9972 1 
 39.6551  0.4224  2.7185  0.1988  0.8123  0.0536  0.1815  0.1614  0.3727  0.9767 1 
 47.9164 -0.5446 -1.1023  0.0008  0.4085  0.0270  0.4316  0.0849 -0.0003  0.1175 0 
 47.8126  0.5551  2.0522  0.0897  0.6368  0.0445  0.4318  0.0384  0.1425  0.7174 0 
 68.7358  0.5677 -2.3726  0.0015  0.1029  0.0734  0.3948  0.0312 -0.0003  0.0714 0 
 57.9202 -0.5525  0.8141  0.0060  0.5721  0.0575  0.2057  0.0529 -0.0003  0.2926 0 
 46.8391  0.1933  2.4160  0.0428  0.7592  0.0311  0.6512  0.1014 -0.0003  0.5246 1 
 46.4271 -0.1741 -0.7579  0.1479  0.6519  0.0259  0.5222  0.1673 -0.0003  0.8691 1 
 44.9714 -0.3717 -1.9213  0.0172  0.2591  0.0141  0.2633  0.0889 -0.0003  0.0716 0 
 35.6878  0.3646  1.2061  0.0447  0.4113  0.0534  0.4205  0.0543 -0.0003  0.3442 0 
 47.2145 -0.2253 -0.4418  0.0786  0.0691  0.0726  0.3899  0.1503 -0.0003  0.2527 0 
 44.9073  0.2212  2.7046  0.0037  0.3087  0.0237  0.3073  0.2712 -0.0003  0.3321 0 
 51.3252  0.1884  2.2789  0.0416  0.2088  0.0224  0.1696  0.0220 -0.0003  0.1011 0 
 48.2155 -0.1782 -0.8740  0.0429  0.2763  0.0501  0.0862  0.0157 -0.0003  0.3336 0 
 38.9075 -0.7323  2.2545  0.5104  0.4604  0.0563  0.4105  0.4588 -0.0003  0.9970 1 
 36.9604  0.6898 -0.8069  0.0928  0.1097  0.0895  0.5551  0.2228  0.2561  0.8506 1 
 47.8492 -0.7701 -1.7569  0.0710  0.4196  0.0693  0.4749  0.0193 -0.0003  0.4074 0 
 35.1751  0.7684  1.3833  0.0544  0.6538  0.0356  0.4691  0.0659 -0.0003  0.4691 0 
 42.4201 -0.3694 -2.3534  0.0035  0.2656  0.0518  0.2228  0.0203 -0.0003  0.1281 0 
 42.2858  0.3653  0.7819  0.0578  0.3011  0.0309  0.1338  0.0106 -0.0003  0.2477 0 
 46.7201 -0.5879  2.3470  0.0264  0.1844  0.0349  0.4344  0.1176  0.1407  0.3817 0 
 45.5726  0.6182 -0.8185  0.0285  0.1834  0.0262  0.2186  0.0272 -0.0003  0.0710 0 
 31.5190 -0.2655 -2.0283  0.1399  0.2802  0.0981  0.3872  0.1885 -0.0003  0.8467 1 
 30.1213  0.3731  1.0986  0.2044  0.6085  0.0283  0.0981  0.2169  0.2344  0.9166 1 
 44.3214  0.5402  2.5778  0.0521  0.3860  0.0623  0.5285  0.1771 -0.0003  0.5575 0 
 43.8056 -0.5273 -0.5699  0.0963  0.1352  0.0254  0.3977  0.0245  0.0219  0.2691 0 
 60.0351  0.1268 -2.0088  0.0676  0.5481  0.2912  0.1631  0.1009 -0.0003  0.5930 0 
 55.8419 -0.0824  1.0605  0.0242  0.3185  0.0516  0.3321  0.0573 -0.0003  0.1986 0 
 50.7576 -0.5935  0.3388  0.0108  0.3278  0.1743  0.4678  0.1878 -0.0003  0.3686 0 
 43.9399  0.5818 -2.7938  0.0081  0.4271  0.0084  0.2649  0.0714 -0.0003  0.0780 0 
 47.4647  0.7096  1.6844  0.0146  0.2532  0.1150  0.5192  0.0333 -0.0003  0.1858 0 
 41.6999 -0.7238 -1.4328  0.0126  0.5270  0.1213  0.4924  0.0379 -0.0003  0.2308 0 
 64.0513 -0.0574 -0.1076  0.2794  0.4966  0.0365  0.2007  0.3906 -0.0003  0.9815 1 
 34.2168  0.1150  3.0128  0.2297  0.4343  0.0196  0.2363  0.3428  0.0483  0.9321 1 
 46.6102  0.5007  1.1080  0.0620  0.6676  0.1767  0.4347  0.0938 -0.0003  0.4378 0 
 42.2431 -0.4862 -2.0129  0.0021  0.4111  0.0143  0.2231  0.0540 -0.0003  0.0788 0 
 44.2329 -0.6880 -1.0957  0.1491  0.6642  0.0194  0.1763  0.1516 -0.0003  0.6433 1 
 42.9938  0.6730  2.0540  0.3555  0.0814  0.0249  0.3108  0.1909  0.2791  0.9941 1 
 46.7628  0.6376  2.9911  0.0066  0.3406  0.0979  0.4343  0.0143 -0.0003  0.1617 0 
 46.6529 -0.6360 -0.1310  0.0000  0.2539  0.0279  0.3477  0.0800 -0.0003  0.0659 0 
 57.1878  0.5277 -2.7121  0.0116  0.1553  0.0897  0.2064  0.1290 -0.0003  0.1988 0 
 50.1015 -0.5501  0.3997  0.0212  0.3097  0.1158  0.4267  0.0087 -0.0003  0.1915 0 
 45.5329  0.6770 -2.3237  0.0882  0.1854  0.0463  0.3499  0.0782 -0.0003  0.3318 0 
 30.0114 -0.7104  0.9188  0.0640  0.1867  0.0351  0.2455  0.1651 -0.0003  0.3448 0 
 50.7942 -0.0445  0.4062  0.0551  0.2408  0.0712  0.2551  0.1193 -0.0003  0.4159 0 
 38.7274  0.0377 -2.7100  0.0026  0.5122  0.0232  0.4567  0.0749 -0.0003  0.1329 0 
 50.1228 -0.7440 -0.9099  0.0814  0.6735  0.0635  0.2560  0.1541 -0.0003  0.8170 1 
 40.6317  0.7068  2.3164  0.0979  0.1833  0.0463  0.4508  0.1271 -0.0003  0.5027 1 
 59.8245  0.6497  1.9484  0.0000  0.3522  0.0099  0.0816  0.0977 -0.0003  0.1219 0 
 35.7275 -0.6435 -1.1914  0.0016  0.0852  0.0211  0.3269  0.0654 -0.0003  0.0406 0 
 44.3000  0.6204  0.3475  0.0063  0.3665  0.0364  0.4405  0.0417 -0.0003  0.1376 0 
 38.8403 -0.6145 -2.8484  0.0021  0.1220  0.0166  0.2282  0.1103 -0.0003  0.0470 0 
 45.1179 -0.1825 -1.1331  0.0554  0.5416  0.1112  0.3069  0.0816 -0.0003  0.4388 0 
 39.1424  0.1531  1.9022  0.0004  0.2191  0.0139  0.2277  0.0261 -0.0003  0.0417 0 
 55.7473  0.5360 -0.1518  0.0123  0.1228  0.0352  0.4153  0.1657 -0.0003  0.1334 0 
 40.8240 -0.5671  3.0200  0.0096  0.0574  0.0594  0.1801  0.0109 -0.0003  0.0815 0 
 53.1075  0.2671  0.5340  0.0039  0.2342  0.0179  0.1682  0.0124 -0.0003  0.0651 0 
 51.9814 -0.2635 -2.6240  0.0115  0.4438  0.0296  0.2959  0.0168 -0.0003  0.1367 0 
 51.9783  0.6711  0.7614  0.0061  0.4987  0.2239  0.7186  0.2039 -0.0003  0.4813 0 
 37.4060 -0.6577 -2.4361  0.0315  0.6055  0.0223  0.3689  0.0212 -0.0003  0.2057 0 
 43.9368  0.1774  2.4741  0.0230  0.5935  0.0383  0.3532  0.1732  0.2189  0.7174 0 
 42.6062 -0.1666 -0.6892  0.0189  0.2878  0.0172  0.2226  0.0032 -0.0003  0.0874 0 
 43.6896 -0.7430 -0.8828  0.2129  0.4205  0.0254  0.4863  0.3193 -0.0003  0.9555 1 
 37.7081  0.7367  2.1476  0.0717  0.5005  0.0621  0.3680  0.0546 -0.0003  0.4982 1 
 34.1375  0.6628  0.4040  0.2069  0.2679  0.0256  0.3311  0.1677  0.1366  0.8887 1 
 25.6107 -0.6683 -2.6604  0.3194  0.2806  0.0489  0.3604  0.5589  0.4609  0.9998 1 
 39.0784  0.3654 -2.8401  0.0221  0.5184  0.0047  0.1367  0.0023 -0.0003  0.1211 0 
 38.5595 -0.3499  0.2774  0.1126  0.1844  0.0983  0.4115  0.0865  0.2266  0.7603 0 
 48.9143 -0.1288  2.3364  0.4120  0.6287  0.0354  0.3005  0.6586 -0.0003  0.9978 1 
 47.8401  0.1142 -0.7615  0.1646  0.1568  0.0461  0.5613  0.1668 -0.0003  0.8063 1 
 45.7740  0.5385 -1.8027  0.0136  0.4596  0.0435  0.3057  0.0059 -0.0003  0.2089 0 
 40.3235 -0.4872  1.3549  0.0261  0.2429  0.0618  0.5421  0.0645  0.1408  0.3826 0 
 46.7506  0.5838  0.9983  0.0009  0.1926  0.2052  0.2606  0.0964 -0.0003  0.1827 0 
 46.2409 -0.5610 -2.2046  0.0164  0.1777  0.0242  0.3485  0.0307 -0.0003  0.0612 0 
 48.6458  0.7648  0.9926  0.0976  0.2683  0.0557  0.5589  0.0665  0.1784  0.7427 0 
 42.9053 -0.7560 -2.1326  0.1530  0.4836  0.0289  0.2222  0.1115 -0.0003  0.6249 0 
 45.2827  0.5206 -1.7014  0.3658  0.5291  0.0534  0.7008  0.2675  0.3106  0.9997 1 
 43.9490 -0.4796  1.4174  0.2045  0.6956  0.0163  0.5739  0.1426  0.0471  0.8397 1 
 49.0303  0.7038  1.8222  0.0108  0.6641  0.1269  0.5149  0.0146  0.3893  0.5625 0 
 43.9338 -0.6894 -1.3310  0.0098  0.3157  0.0099  0.2207  0.0866 -0.0003  0.0758 0 
 47.4647 -0.0751 -2.7413  0.0515  0.4042  0.0250  0.3029  0.0811 -0.0003  0.2294 0 
 47.2602  0.1043  0.4005  0.0085  0.8594  0.3073  0.3898  0.0273 -0.0003  0.2481 0 
 47.2908 -0.3317 -1.0471  0.0434  0.5062  0.0916  0.5630  0.0678  0.1276  0.5648 0 
 44.1779  0.3287  2.1322  0.0007  0.6895  0.0284  0.1763  0.0678 -0.0003  0.1523 0 
 39.6521  0.6749 -0.9606  0.3270  0.3693  0.0285  0.3630 -0.0200  0.1438  0.8904 1 
 27.0390 -0.7367  2.1900  0.1277  0.8140  0.0524  0.3039  0.0812  0.2113  0.8062 1 
 40.9186  0.6121  2.4227  0.0370  0.7071  0.0202  0.3149  0.0350 -0.0003  0.2009 0 
 36.1578 -0.6201 -0.7180  0.0026  0.3519  0.0665  0.3258  0.0255 -0.0003  0.1592 0 
 48.1056  0.5426 -0.3349  0.0223  0.2098  0.0569  0.3449  0.0176 -0.0003  0.1388 0 
 35.1995 -0.5275  2.8461  0.0219  0.4083  0.0124  0.2814  0.0591 -0.0003  0.0920 0 
 48.6580 -0.3983  1.0661  0.0384  0.0831  0.0267  0.3439  0.1871 -0.0003  0.1496 0 
 46.5248  0.3924 -2.0696  0.0138  0.4829  0.0516  0.6089  0.0240 -0.0003  0.2202 0 
 44.6540  0.7327 -1.4536  0.0391  0.3588  0.0630  0.5715  0.0253 -0.0003  0.3118 0 
 43.0091 -0.7188  1.6394  0.0456  0.5160  0.0855  0.2664  0.0196 -0.0003  0.3426 0 
 51.6701 -0.4643  1.6938  0.0055  0.5405  0.0437  0.2963 -0.0200 -0.0003  0.2379 0 
 47.6173  0.4586 -1.4494  0.0695  0.1862  0.0603  0.3891  0.0107 -0.0003  0.2549 0 
 44.5991 -0.7431 -2.7528  0.0108  0.6597  0.0305  0.2199  0.0181 -0.0003  0.1862 1 
 32.0592  0.7349  0.4034  0.1344  0.2656  0.0261  0.3371  0.1307 -0.0003  0.5709 1 
 46.7079 -0.7609 -0.0483  0.0415  0.1531  0.1042  0.3476  0.0650 -0.0003  0.1770 0 
 46.5980  0.7499  3.0269  0.0172  0.4244  0.0745  0.3043  0.0079 -0.0003  0.2228 0 
 52.6223 -0.7448 -2.8887  0.0451  0.1561  0.0230  0.2107  0.0739 -0.0003  0.0866 0 
 44.6448  0.7290  0.2251  0.0086  0.5346  0.0143  0.2638  0.0358 -0.0003  0.0958 0 
 50.4738  0.5962  0.4983  0.0267  0.2523  0.0789  0.5962  0.0812 -0.0003  0.2981 0 
 44.6113 -0.6140 -2.6448  0.0056  0.2854  0.0192  0.2199  0.1039 -0.0003  0.0862 0 
 57.6608  0.2774 -0.0378  0.0238  0.1541  0.0360  0.3707  0.0820 -0.0003  0.1031 0 
 48.1941 -0.2605  3.1030  0.0395  0.4183  0.0482  0.2585  0.0113 -0.0003  0.3038 0 
 50.5196  0.7823  2.3294  0.0135  0.2510  0.0780  0.4258  0.0174 -0.0003  0.1533 0 
 42.7436 -0.7649 -0.7783  0.0187  0.4860  0.0265  0.3558  0.1398 -0.0003  0.2302 0 
 46.9825  0.0901  1.4620  0.0164  0.3245  0.2302  0.4338  0.0528  0.6518  0.6355 1 
 40.3357 -0.0263 -1.7439  0.4631  0.4162  0.0239  0.3162  0.2374  0.2064  0.9920 1 
 51.3344 -0.7264 -0.4355  0.0291  0.2196  0.3127  0.4240  0.0910 -0.0003  0.3244 0 
 45.6062  0.7158  2.7412  0.0244  0.2450  0.0337  0.2623  0.0159 -0.0003  0.1092 0 
 46.5583  0.5320  2.2741  0.4052  0.6586  0.0402  0.4348  0.3493 -0.0003  0.9916 1 
 30.6035 -0.5838 -0.8225  0.4470  0.7272  0.0335  0.3417  0.3264  0.2453  0.9960 1 
 46.0700 -0.0644 -1.4557  0.0533  0.1401  0.0210  0.2180  0.0378 -0.0003  0.0701 0 
 41.9776  0.0470  1.6580  0.0115  0.3323  0.0441  0.4469  0.0309 -0.0003  0.1609 0 
 44.8005 -0.5945  2.2921  0.0848  0.5292  0.0242  0.1317  0.0705  0.1373  0.6037 0 
 37.8820  0.5947 -0.8074  0.0005  0.4395  0.0185  0.2298  0.0065 -0.0003  0.1011 0 
 46.7536  0.0919  2.5642  0.0248  0.2651  0.0311  0.1303 -0.0200 -0.0003  0.2218 0 
 44.8707 -0.0776 -0.6013  0.0195  0.4202  0.0272  0.3073  0.0107 -0.0003  0.1477 0 
 46.8025  0.7510 -2.8279  0.0089  0.3483  0.0631  0.3908  0.0029 -0.0003  0.1724 0 
 43.9185 -0.7153  0.2754  0.0022  0.4336  0.0905  0.3974  0.0130 -0.0003  0.1627 0 
 47.6967 -0.7766  0.4708  0.0368  0.2201  0.0274  0.3457  0.1966 -0.0003  0.2873 0 
 42.1454  0.7881 -2.6142  0.0103  0.2071  0.0128  0.2678  0.0101 -0.0003  0.0459 0 
 46.4607  0.1607 -1.1816  0.0903  0.0622  0.0212  0.3915  0.1424 -0.0003  0.1928 0 
 42.9603 -0.1534  1.9426  0.0651  0.5256  0.0449  0.4441  0.0269 -0.0003  0.4434 0 
 49.8054 -0.3857 -2.8018  0.0121  0.5410  0.0559  0.2564  0.0152 -0.0003  0.2615 0 
 47.8279  0.3898  0.3274  0.0193  0.1453  0.0117  0.3023  0.0910 -0.0003  0.0494 0 
 51.8715  0.2532  1.7137  0.0127  0.2286  0.1205  0.2537  0.0556 -0.0003  0.1663 0 
 46.6102 -0.3018 -1.4413  0.0504  0.1763  0.1266  0.4347  0.1861 -0.0003  0.4595 0 
 51.6670 -0.3664 -1.9019  0.0662  0.4877  0.0671  0.1693  0.0182 -0.0003  0.5152 0 
 44.5502  0.3438  1.2352  0.0457  0.6063  0.0972  0.3519  0.0923 -0.0003  0.4230 0 
 43.1373  0.4268  1.8154  0.0118  0.4840  0.0625  0.3106  0.0124 -0.0003  0.2189 0 
 40.8362 -0.4180 -1.3641  0.0090  0.4287  0.0601  0.3151  0.0263 -0.0003  0.1965 0 
 46.3386  0.4481 -0.3472  0.0616  0.1099  0.0482  0.6095  0.0137 -0.0003  0.2612 0 
 36.0906 -0.4687  2.8118  0.0026  0.1232  0.0866  0.4657  0.0259 -0.0003  0.0828 0 
 44.4068 -0.4642  0.4367  0.0283  0.4090  0.0908  0.5283  0.0123 -0.0003  0.2428 0 
 37.9706  0.5001 -2.7135  0.1678  0.6529  0.1151  0.6888  0.2554 -0.0003  0.9677 0 
 48.2887 -0.0410  1.8124  0.0503  0.6851  0.0316  0.4738  0.0309 -0.0003  0.4050 0 
 38.8037  0.0480 -1.3215  0.0758  0.2594  0.0234  0.4108  0.1369 -0.0003  0.4016 0 
 46.5766  0.6813  2.2915  0.0200  0.1462  0.0562  0.3913  0.0872 -0.0003  0.1271 0 
 43.5035 -0.6687 -0.8753  0.0033  0.4113  0.1550  0.3541  0.0601 -0.0003  0.2217 0 
 41.2268  0.3092  1.0079  0.0949  0.4524  0.0381  0.4490  0.0670  0.2173  0.7906 1 
 36.8170 -0.2974 -2.1474  0.0034  0.4493  0.0651  0.3242  0.0241 -0.0003  0.1829 1 
 45.7008 -0.3145  1.3538  0.0741  0.7686  0.0339  0.3496  0.0956 -0.0003  0.5836 1 
 30.9361  0.3409 -1.7724  0.4027  0.4378  0.0523  0.4866  0.1612 -0.0003  0.9396 1 
 47.1931 -0.5476 -2.9336  0.0129  0.4466  0.0857  0.5633  0.0931 -0.0003  0.2598 0 
 43.7324  0.5466  0.1978  0.0022  0.7251  0.0407  0.3978  0.1771  0.3243  0.7884 0 
 47.7546 -0.3411  0.6420  0.0049  0.2827  0.0891  0.3456  0.1389 -0.0003  0.2268 0 
 43.0640  0.3280 -2.5677  0.0199  0.4607  0.0098  0.3107  0.0091  0.0990  0.2168 0 
 49.7444 -0.5519 -1.0007  0.0570  0.2880  0.0462  0.2565  0.1685 -0.0003  0.4681 0 
 43.5187  0.5664  2.1509  0.0160  0.1297  0.0178  0.3098  0.0340 -0.0003  0.0427 0 
 48.7770  0.7457  1.8999  0.0271  0.4508  0.0455  0.5585  0.0208 -0.0003  0.2650 0 
 43.5004 -0.7526 -1.1998  0.0291  0.1400  0.0341  0.2213  0.1638  0.2061  0.5417 0 
 53.5500  0.1363 -0.2777  0.0573  0.1157  0.0331  0.3356  0.0128 -0.0003  0.1051 0 
 49.3721 -0.1171  2.8454  0.0385  0.4561  0.1013  0.2998  0.0289 -0.0003  0.2911 0 
 45.6672  0.3184  0.9544  0.0774  0.3610  0.0530  0.4807  0.0900 -0.0003  0.5252 0 
 43.4943 -0.3380 -2.1734  0.0137  0.2285  0.0155  0.1328  0.0878 -0.0003  0.0946 0 
 51.1360 -0.6394 -1.5967  0.4857  0.6916  0.0846  0.4669  0.3344 -0.0003  0.9940 1 
 39.3652  0.6495  1.5260  0.0998  0.4783  0.0468  0.2728  0.1732  0.4050  0.9922 1 
 44.5869  0.2526  1.3864  0.0134  0.1547  0.0227  0.3518  0.0251 -0.0003  0.0540 0 
 44.0101 -0.2654 -1.7507  0.0276  0.6571  0.0417  0.3530  0.0217 -0.0003  0.2791 0 
 48.7037 -0.6703  2.6103  0.0133  0.4991  0.1266  0.6447  0.1232 -0.0003  0.3244 0 
 45.1972  0.6928 -0.5039  0.0593  0.2694  0.0581  0.1315  0.0881  0.1492  0.6006 0 
 44.9012  0.1050 -2.2289  0.0618  0.3774  0.0392  0.6585  0.2374 -0.0003  0.6969 0 
 39.1882 -0.0710  0.9195  0.0009  0.2286  0.1810  0.3187  0.1301 -0.0003  0.2214 0 
 58.2681  0.2050  0.1865  0.0049  0.1174  0.1541  0.4108  0.0204  0.0292  0.0872 0 
 46.0182 -0.2118 -2.9422  0.0424  0.6364  0.0436  0.3925  0.0637 -0.0003  0.3957 0 
 45.9663 -0.1637  1.6736  0.0267  0.5447  0.0246  0.2181  0.0151 -0.0003  0.1749 0 
 44.7395  0.1489 -1.4559  0.0212  0.3461  0.0184  0.3515  0.0806 -0.0003  0.1079 0 
 39.4568 -0.0766 -2.7641  0.0359  0.3016  0.1512  0.5907  0.0121 -0.0003  0.2850 0 
 36.0723  0.0767  0.3453  0.0482  0.4023  0.0173  0.4192  0.1071  0.0812  0.4829 0 
 51.9905  0.7430 -0.1857  0.1941  0.5655  0.0781  0.3804  0.1370 -0.0003  0.9135 0 
 34.0185 -0.7538  2.9932  0.0160  0.2139  0.0228  0.3315  0.0412  0.2626  0.6672 0 
 49.4179 -0.5910 -2.1961  0.0095  0.5656  0.0674  0.3425  0.1662 -0.0003  0.4416 0 
 47.7516  0.5833  0.9339  0.0202  0.4478  0.0404  0.3456  0.0384 -0.0003  0.1965 0 
 52.9885  0.5154  1.8324  0.0337  0.1724  0.0433  0.3786  0.0367 -0.0003  0.1297 0 
 34.9035 -0.5072 -1.3325  0.0053  0.4201  0.0088  0.3290  0.0162 -0.0003  0.0677 0 
 46.3783  0.0791 -2.8482  0.5216  0.7396  0.0421  0.3047  0.8150 -0.0003  0.9983 1 
 44.7791 -0.0874  0.2754  0.2791  0.4322  0.0378  0.3514  0.4766 -0.0003  0.9933 1 
 44.7059  0.4699  0.4657  0.3369  0.3953  0.0175  0.1318  0.3066 -0.0003  0.9520 1 
 42.9480 -0.4635 -2.7091  0.1965  0.2577  0.1032  0.2221  0.2475 -0.0003  0.9372 1 
 52.9122 -0.7931 -0.9331  0.0196  0.7914  0.0384  0.5470  0.0392 -0.0003  0.2848 0 
 46.5492  0.7953  2.1927  0.0194  0.0937  0.0253  0.1740  0.0268 -0.0003  0.0500 0 
 49.9367 -0.5099  2.8564  0.0232  0.2975  0.0521  0.3843  0.0038 -0.0003  0.1900 0 
 46.8238  0.5000 -0.2996  0.0638  0.5847  0.0686  0.3039  0.0361 -0.0003  0.4799 0 
 48.7678 -0.7708  0.4116  0.0018  0.6074  0.0297  0.4296  0.0705 -0.0003  0.1475 0 
 40.6378  0.7761 -2.6912  0.0042  0.1807  0.0729  0.2254  0.0524 -0.0003  0.1111 0 
 51.2245 -0.0621  0.7349  0.0570  0.1306  0.0475  0.3818  0.0655 -0.0003  0.1733 0 
 44.5930  0.0767 -2.4247  0.0295  0.3417  0.1979  0.6596  0.2303  0.2373  0.8687 0 
 51.7372 -0.1745  0.4567  0.0530  0.1030  0.0426  0.1693  0.1146 -0.0003  0.1546 0 
 47.0344  0.1475 -2.6771  0.0526  0.3503  0.0256  0.1734  0.0289 -0.0003  0.1848 0 
 48.5298  0.1255 -0.0430  0.0510  0.4514  0.0114  0.2581  0.0797 -0.0003  0.1541 0 
 48.3375 -0.1379  3.0963  0.0115  0.1928  0.0317  0.4306  0.0762  0.0524  0.1686 0 
 43.0976  0.3735  1.8479  0.0882  0.6334  0.0500  0.3550  0.0744 -0.0003  0.6634 0 
 39.5361 -0.3546 -1.3469  0.0684  0.2986  0.0300  0.3633  0.0460 -0.0003  0.2785 0 
 49.3935 -0.4526 -1.1911  0.0637  0.2834  0.0416  0.4710  0.1085 -0.0003  0.4367 0 
 35.3399  0.4314  1.9106  0.0020  0.2819  0.0130  0.1405  0.0075 -0.0003  0.0829 0 
 36.7315  0.2950  2.0058  0.2851  0.0963  0.0521  0.1854  0.2189  0.1861  0.9107 1 
 34.1588 -0.2778 -1.0882  0.3099  0.2740  0.0579  0.1892  0.3557 -0.0003  0.9813 1 
 39.5941 -0.0459 -2.6274  0.9968  0.7360  0.0285  0.6356  1.0235 -0.0003  0.9983 1 
 37.5677  0.0397  0.5222  0.5584  0.1687  0.0602  0.3684  0.1685 -0.0003  0.9483 1 
 60.1114  0.6002  1.8801  0.0523  0.1326  0.0240  0.1631  0.0632 -0.0003  0.0853 0 
 38.1811 -0.5817 -1.2297  0.0144  0.8007  0.0240  0.3668  0.0041 -0.0003  0.1840 0 
 51.4534  0.6898  0.4974  0.0683  0.5784  0.1312  0.4238  0.1081 -0.0003  0.4790 0 
 46.3996 -0.6652 -2.6829  0.0455  0.4870  0.0343  0.3482  0.0505 -0.0003  0.3012 0 
 39.7314 -0.0098 -0.5106  0.0226  0.1040  0.0242  0.2721  0.0891 -0.0003  0.0577 0 
 29.0135 -0.0810  2.5293  0.0061  0.4493  0.1173  0.4959  0.0462 -0.0003  0.2052 0 
 52.1828  0.3694 -2.1663  0.0117  0.4607  0.0520  0.3800  0.0798 -0.0003  0.2193 0 
 43.0884 -0.3599  0.9568  0.0114  0.5631  0.0363  0.4881  0.0213 -0.0003  0.1926 0 
 54.2672  0.3437  3.0202  0.2374  0.3658  0.0478  0.4600  0.5134 -0.0003  0.9951 1 
 44.4587 -0.3070 -0.1669  0.1781  0.3491  0.0742  0.1320  0.1096  0.4988  0.9965 1 
 43.5157  0.7597 -0.8232  0.0180  0.5391  0.0088  0.2656  0.1025 -0.0003  0.1206 0 
 37.5860 -0.7491  2.3237  0.0329  0.1084  0.0515  0.1842  0.0159 -0.0003  0.0935 0 
 51.6945 -0.5932 -1.2799  0.2293  0.4741  0.0469  0.4656  0.3974 -0.0003  0.9888 1 
 38.9990  0.5758  1.8807  0.5826  0.6185  0.0421  0.4558  0.4761  0.3424  0.9993 1 
 50.0710  0.3063 -1.1393  0.0338  0.4068  0.0939  0.5121  0.0696 -0.0003  0.3080 0 
 43.8422 -0.3225  2.0444  0.0415  0.2842  0.0665  0.2650  0.0652 -0.0003  0.2943 0 
 46.2196  0.1149 -0.5113  0.1437  0.1901  0.0434  0.5228  0.1981 -0.0003  0.7985 0 
 39.8444 -0.1179  2.6372  0.0363  0.1671  0.0892  0.4985  0.0291 -0.0003  0.1937 0 
 44.2969  0.6554 -2.6075  0.0096  0.1024  0.0425  0.3965  0.1107 -0.0003  0.0920 0 
 26.3249 -0.6829  0.4985  0.0402  0.5735  0.0342  0.1532  0.0129 -0.0003  0.2950 0 
 49.8116 -0.1680 -0.6083  0.0330  0.2719  0.0548  0.2136  0.0146 -0.0003  0.2258 0 
 48.5176  0.1316  2.5021  0.1737  0.2398  0.0474  0.2581  0.0397 -0.0003  0.5511 0 
 48.1605  0.5976  1.7756  0.0153  0.1442  0.2151  0.2586  0.0091 -0.0003  0.1195 0 
 42.4628 -0.6140 -1.4259  0.0385  0.0710  0.0598  0.2228  0.0357 -0.0003  0.0853 0 
 45.7008  0.4394  2.0187  0.3132  0.3659  0.1036  0.3058  0.2244 -0.0003  0.9836 0 
 33.0785 -0.4355 -1.1418  0.0794  0.4146  0.0179  0.2864  0.0469 -0.0003  0.2388 0 
 47.6936 -0.0146 -2.8156  0.1563  0.3183  0.0591  0.5185  0.0475 -0.0003  0.6095 0 
 32.0653  0.0284  0.3321  0.0318  0.1171  0.0220  0.4334  0.1434 -0.0003  0.1416 0 
 53.2570  0.7996 -2.8108  0.0875  0.3082  0.2329  0.4621  0.0117 -0.0003  0.4178 0 
 47.9286 -0.8057  0.3491  0.0511  0.4839  0.1725  0.3884  0.0710 -0.0003  0.3512 0 
 47.5227 -0.3378 -0.7805  0.4607  0.6124  0.0858  0.6488  0.2313 -0.0003  0.9791 1 
 37.2747  0.3942  2.4165  0.0323  0.5843  0.0241  0.5539  0.1433 -0.0003  0.4610 1 
 52.5643  0.6838 -1.4659  0.0325  0.3642  0.1193  0.4215  0.0869 -0.0003  0.3054 0 
 30.6584 -0.6867  1.7478  0.0154  0.4509  0.0265  0.3903  0.0035 -0.0003  0.1643 0 
 34.1192 -0.1605 -0.1479  0.2409  0.3118  0.0347  0.2839  0.3182 -0.0003  0.9415 1 
 26.8467  0.1420  2.9961  0.1796  0.4589  0.0274  0.3046  0.0676  0.1430  0.7698 1 
 52.2133 -0.2943 -0.3079  0.0587  0.1175  0.0478  0.3378  0.0598 -0.0003  0.1425 0 
 47.4250  0.3244  2.8303  0.0381  0.3064  0.0500  0.3029  0.0071 -0.0003  0.2346 0 
 42.9816 -0.3099  0.8678  0.0176  0.1487  0.2155  0.3996  0.1699 -0.0003  0.2881 0 
 41.7273  0.3021 -2.3248  0.0104  0.6122  0.0960  0.6714  0.1608 -0.0003  0.3804 0 
 49.8054 -0.6786  2.1738  0.0485  0.6839  0.1939  0.4273  0.1557 -0.0003  0.5513 0 
 48.3558  0.6744 -0.9014  0.0089  0.1020  0.1946  0.4306  0.1407 -0.0003  0.1343 0 
 35.3155  0.7405 -2.3408  0.1285  0.3374  0.0156  0.2343  0.1236  0.1975  0.8590 0 
 32.1202 -0.7548  0.7987  0.0437  0.4599  0.0833  0.3851  0.1212  0.1170  0.6297 0 
 48.8472  0.5225  0.5688  0.1707  0.4249  0.1047  0.3436  0.0858 -0.0003  0.7463 1 
 40.7233 -0.5489 -2.5487  0.2687  0.5956  0.1105  0.4505  0.5516  0.1490  0.9978 1 
 46.7842 -0.3210 -3.1161  0.0007  0.3051  0.0788  0.3474  0.0624 -0.0003  0.1465 0 
 42.2400  0.3640  0.0587  0.0075  0.1481  0.1202  0.3569  0.0289 -0.0003  0.0872 0 
 44.3915 -0.3043  3.0391  0.0211  0.1733  0.0276  0.3522  0.1077 -0.0003  0.0990 0 
 40.8087  0.2893 -0.1436  0.0183  0.0863  0.0708  0.2702  0.1673 -0.0003  0.1511 0 
 44.8005  0.6232  0.0452  0.0352  0.0247  0.0420  0.0878  0.0068 -0.0003  0.0927 0 
 44.1932 -0.5857 -3.1059  0.0377  0.5922  0.1209  0.6171  0.0723 -0.0003  0.3382 0 
 45.1911 -0.0888  0.0273  0.2104  0.4615  0.0407  0.3944  0.2148 -0.0003  0.9220 1 
 43.5065  0.0932 -3.1135  0.0563  0.5321  0.0385  0.4426  0.1151 -0.0003  0.5326 1 
 48.8960  0.4858 -0.3767  0.0350  0.6601  0.1269  0.3435  0.0091 -0.0003  0.2757 0 
 45.0477 -0.5048  2.7271  0.0060  0.6434  0.0320  0.3070  0.0139 -0.0003  0.1717 0 
 47.5807 -0.5826 -0.3098  0.0097  0.4675  0.0495  0.1297  0.0887 -0.0003  0.2792 0 
 46.6194  0.5685  2.8203  0.0199  0.7026  0.0688  0.3912  0.0198 -0.0003  0.2484 0 
 45.9968 -0.3981 -1.3834  0.2838  0.6530  0.1147  0.5670  0.3574 -0.0003  0.9961 1 
 45.9785  0.4353  1.7410  0.3267  0.5160  0.1357  0.3054  0.2159 -0.0003  0.9905 1 
 49.3599 -0.5112 -0.6400  0.0075  0.1643  0.0487  0.5139  0.0276 -0.0003  0.1154 0 
 44.4038  0.5043  2.5046  0.0923  0.8135  0.0151  0.3522  0.0605 -0.0003  0.4893 0 
 46.6773  0.1373  0.9814  0.0076  0.2199  0.1429  0.3476  0.0635 -0.0003  0.1463 0 
 32.2393 -0.1578 -2.1352  0.0438  0.4170  0.0310  0.3847  0.0375 -0.0003  0.2598 0 
 47.2877  0.3515 -1.3844  0.0069  0.5647  0.0825  0.3897  0.0283 -0.0003  0.1935 0 
 45.9266 -0.3261  1.7440  0.0305  0.6829  0.1436  0.4800  0.1881  0.1043  0.6537 0 
 47.0344  0.0386 -0.8742  0.0461  0.4221  0.2542  0.5637  0.0422 -0.0003  0.3560 0 
 46.8055 -0.0385  2.2521  0.0017  0.2929  0.0757  0.4776  0.1584  0.1056  0.3559 0 
 46.1097  0.2922 -2.2997  0.0568  0.6511  0.0475  0.2616  0.0285 -0.0003  0.4786 0 
 37.5067 -0.2339  0.8300  0.0557  0.4195  0.1282  0.4607  0.1241 -0.0003  0.4540 0 
 45.2796  0.6423 -1.3345  0.2734  0.4063  0.1089  0.6132  0.2498  0.3335  0.9941 1 
 36.9390 -0.6263  1.8814  0.2794  0.5068  0.0253  0.4164  0.3803 -0.0003  0.9835 1 
 42.4659  0.2594 -1.5939  0.0049  0.1605  0.0161  0.1782  0.0034 -0.0003  0.0502 0 
 38.3032 -0.2524  1.5199  0.0410  0.3513  0.0129  0.0916  0.0284 -0.0003  0.1415 0 
 56.5835 -0.6147  2.2244  0.3006  0.6177  0.1092  0.4138  0.1245 -0.0003  0.9513 0 
 37.4731  0.6218 -0.9113  0.0040  0.4739  0.0227  0.0922  0.0607 -0.0003  0.1431 0 
 48.3925  0.1159 -2.6041  0.0621  0.2763  0.0310  0.4305  0.0435 -0.0003  0.2862 0 
 37.6104 -0.1074  0.5368  0.0185  0.6491  0.0184  0.2762  0.0285 -0.0003  0.1340 0 
 47.2755  0.0738 -2.8384  0.0061  0.8472  0.1080  0.6930  0.0910 -0.0003  0.3624 1 
 36.6186 -0.1039  0.2596  0.5346  0.4157  0.0535  0.3247  0.5616  0.5054  0.9999 1 
 46.5553  0.0285  2.5403  0.2223  0.0938  0.0504  0.3044  0.0714 -0.0003  0.5171 0 
 40.9125  0.0098 -0.6096  0.0149  0.3316  0.0181  0.3150  0.1539 -0.0003  0.1476 0 
 47.1717  0.1396 -1.7831  0.0857  0.2542  0.0790  0.5200  0.1192 -0.0003  0.5723 0 
 47.0527 -0.1562  1.3588  0.0025  0.2512  0.0934  0.4336  0.0488 -0.0003  0.1331 0 
 44.9470  0.3717  2.6883  0.2683  0.2647  0.0397  0.3511  0.3450 -0.0003  0.9717 1 
 44.9287 -0.3609 -0.4454  0.4310  0.0970  0.0269  0.3072  0.3351 -0.0003  0.9726 1 
 47.6905 -0.1541 -2.5057  0.0156  0.4455  0.0269  0.1729  0.0143 -0.0003  0.1642 0 
 43.1281  0.1798  0.6326  0.0164  0.6214  0.0224  0.3993  0.0264 -0.0003  0.1612 0 
 49.4270  0.0898 -0.8604  0.0501  0.6060  0.1510  0.5994  0.2796 -0.0003  0.8319 1 
 35.7977 -0.1271  2.2744  0.2364  0.6608  0.0996  0.3267  0.3137 -0.0003  0.9908 1 
 46.5705  0.1886  2.9942  0.0004  0.3713  0.0258  0.2609  0.0218 -0.0003  0.0855 0 
 46.0334 -0.1863 -0.1408  0.0086  0.3699  0.0977  0.3925  0.0309 -0.0003  0.1737 0 
 48.9204  0.1244  2.5375  0.0023  0.7262  0.0220  0.2576  0.0497 -0.0003  0.1269 0 
 46.6865 -0.1255 -0.6110  0.0322  0.2305  0.0351  0.2607  0.0737 -0.0003  0.1301 0 
 49.8085  0.4717  0.0504  0.0276  0.3106  0.0786  0.2991  0.0196 -0.0003  0.2257 0 
 45.8747 -0.4824 -3.0856  0.0096  0.3537  0.1888  0.7420  0.0395 -0.0003  0.2982 0 
 47.7943 -0.4720 -2.6727  0.0664  0.2876  0.0867  0.3023  0.0920 -0.0003  0.4608 0 
 41.2879  0.4648  0.4881  0.0559  0.1147  0.0420  0.3142  0.0967 -0.0003  0.1496 0 
 43.3814 -0.2799 -0.8393  0.2863  0.5878  0.0339  0.4430  0.1846 -0.0003  0.9118 1 
 36.0571  0.2868  2.3119  0.1598  0.2709  0.0992  0.2795  0.0472 -0.0003  0.5964 1 
 44.0131  0.4725  0.5347  0.0407  0.1043  0.0356  0.3089  0.0273 -0.0003  0.0773 0 
 39.6002 -0.4947 -2.5862  0.0801  0.4768  0.1071  0.7263  0.0563 -0.0003  0.5212 0 
 38.8342 -0.7763 -2.8342  0.1241  0.5082  0.0544  0.4564  0.1607 -0.0003  0.8352 0 
 28.5191  0.7208  0.2528  0.0554  0.6743  0.0687  0.4984  0.1257  0.2279  0.7867 0 
 46.1494 -0.7469  2.5271  0.0679  0.3276  0.0409  0.4794  0.1398 -0.0003  0.5345 0 
 43.9948  0.7281 -0.5917  0.0000  0.4069  0.0426  0.0000 -0.0200 -0.0003  0.4177 0 
 50.7851 -0.7092  1.1741  0.0130  0.5514  0.1634  0.3827  0.0363 -0.0003  0.2552 0 
 46.5736  0.7023 -1.9221  0.0255  0.4935  0.0380  0.3478  0.0422 -0.0003  0.2235 0 
 46.8605 -0.4981  1.7260  0.2291  0.0873  0.0997  0.2605  0.3222  0.7548  0.9994 1 
 45.4536  0.5177 -1.4267  0.1029  0.1308  0.0552  0.3501  0.0363 -0.0003  0.2603 1 
 44.9104 -0.3512 -0.0917  0.0168  0.1581  0.0592  0.6584  0.0217  0.1453  0.2703 0 
 35.2392  0.3457  3.0608  0.2678  0.3693  0.0221  0.4219  0.3327  0.1041  0.9745 0 
 46.9764  0.5471  2.1779  0.0329  0.3160  0.0329  0.2169  0.0280 -0.0003  0.1576 0 
 44.8402 -0.5513 -0.9764  0.0217  0.4923  0.0360  0.5269  0.0344 -0.0003  0.2446 0 
 50.6294  0.0791  3.0383  0.0144  0.6662  0.1234  0.4681  0.0316 -0.0003  0.2612 0 
 49.0425 -0.1056 -0.1398  0.0099  0.1838  0.0394  0.1716  0.0341 -0.0003  0.0820 0 
 49.7719 -0.7669  0.5484  0.1156  0.3807  0.0240  0.2564  0.0590 -0.0003  0.3894 1 
 48.9113  0.7795 -2.5991  0.0462  0.2969  0.0867  0.3435  0.0234  0.5497  0.8991 1 
 46.8788 -0.4972 -1.0364  0.1158  0.2649  0.0274  0.3472  0.1699 -0.0003  0.5993 1 
 30.2770  0.4975  2.1029  0.3543  0.6063  0.0271  0.1959  0.1635 -0.0003  0.9303 1 
 57.6913 -0.4045  1.5726  0.1077  0.2447  0.0331  0.2471  0.0914  0.1633  0.7225 0 
 48.1605  0.3878 -1.5992  0.0135  0.1166  0.0312  0.2586  0.0146 -0.0003  0.0546 0 
 48.3528 -0.7538 -0.5392  0.2825  0.3834  0.0246  0.3875  0.3480 -0.0003  0.9728 1 
 39.9603  0.7399  2.6033  0.1027  0.1821  0.0381  0.4981  0.2120 -0.0003  0.6459 1 
 45.0721  0.2895  2.4209  0.0731  0.1807  0.0242  0.2631  0.0855 -0.0003  0.1748 0 
 45.0721 -0.3104 -0.7008  0.0887  0.2568  0.0819  0.3508  0.1827 -0.0003  0.6737 0 
 46.8513  0.3825 -1.1370  0.0291  0.3036  0.0514  0.4775  0.1088 -0.0003  0.3019 0 
 31.7479 -0.3943  2.0015  0.0041  0.5334  0.0201  0.3381  0.0258 -0.0003  0.1011 0 
 56.6903 -0.2345 -3.1021  0.0031  0.7494  0.0759  0.3309  0.0389 -0.0003  0.2401 1 
 54.2245  0.2353  0.0497  0.3119  0.4084  0.1038  0.5437  0.3546 -0.0003  0.9961 1 
 48.0385 -0.3139  1.4030  0.0208  0.2995  0.0652  0.3450  0.1032 -0.0003  0.2490 0 
 45.2827  0.3008 -1.7329  0.0133  0.3867  0.0307  0.3942  0.0244 -0.0003  0.1387 0 
 46.2623  0.5197  3.0318  0.0062  0.1992  0.0313  0.3049  0.0534  0.0649  0.1336 0 
 41.2482 -0.5009 -0.1068  0.0011  0.0252  0.0248  0.1796  0.0560 -0.0003  0.0449 0 
 39.5911 -0.1286 -0.1235  0.0167  0.3986  0.0332  0.3632  0.0379 -0.0003  0.1482 0 
 35.5352  0.1700  3.0085  0.0067  0.1579  0.0473  0.7016  0.0150 -0.0003  0.1644 0 
 48.0446 -0.6526 -1.1352  0.0580  0.5153  0.0186  0.1725  0.0510  0.1675  0.5501 0 
 44.8218  0.6548  2.0035  0.0490  0.3008  0.0497  0.2196  0.0439 -0.0003  0.2753 0 
 49.3629 -0.2306  2.5125  0.0270  0.1614  0.1117  0.2998  0.0151 -0.0003  0.1223 0 
 46.7353  0.1780 -0.6181  0.0109  0.7393  0.1379  0.3909  0.0069 -0.0003  0.2490 0 
 47.4830  0.2362 -3.1076  0.2259  0.5034  0.0652  0.2163  0.3281 -0.0003  0.9768 1 
 44.8524 -0.2730  0.0234  0.1536  0.4084  0.1884  0.4391  0.1451  0.6827  0.9739 1 
 46.4027 -0.7003 -0.3596  0.0594  0.2446  0.0287  0.4352  0.0317 -0.0003  0.2422 0 
 45.6184  0.6933  2.8216  0.0856  0.2308  0.0089  0.3934  0.0665  0.0754  0.4381 0 
 46.6194  0.6837 -1.5742  0.0017  0.1286  0.0385  0.2608  0.0143 -0.0003  0.0576 0 
 35.9197 -0.6843  1.5881  0.0241  0.3319  0.0072  0.1865  0.0610 -0.0003  0.0888 0 
 47.9683 -0.0874  1.3182  0.0402  0.1939  0.0433  0.4746  0.0499 -0.0003  0.2092 0 
 47.8981  0.0670 -1.8283  0.0083  0.5345  0.0438  0.3453  0.0158 -0.0003  0.1904 0 
 50.1534 -0.6324  0.2110  0.0105  0.0929  0.0460  0.2559  0.0729 -0.0003  0.0656 0 
 47.2267  0.6247 -2.8715  0.0034  0.0286  0.1423  0.3032  0.0633 -0.0003  0.0443 0 
 47.5532  0.6083  2.2280  0.0431  0.2526  0.0656  0.6054  0.3345 -0.0003  0.6624 0 
 39.3225 -0.6200 -0.9479  0.1046  0.3564  0.0285  0.2729  0.0876 -0.0003  0.4361 0 
 45.5787 -0.7455 -2.0928  0.0307  0.3536  0.0267  0.3498  0.0495 -0.0003  0.1502 0 
 32.5872  0.7619  1.0311  0.0049  0.0905  0.0145  0.2397  0.0493 -0.0003  0.0343 0 
 48.0476  0.0806  1.7173  0.0373  0.4332  0.1528  0.5607  0.0329 -0.0003  0.2960 0 
 46.9062 -0.0582 -1.4088  0.0432  0.1941  0.0366  0.3906  0.0284 -0.0003  0.1559 0 
 45.7160 -0.1412  0.6912  0.3194  0.6692  0.0277  0.3932  0.1527 -0.0003  0.8964 0 
 34.4671  0.1423 -2.4583  0.0650  0.4641  0.0139  0.2830  0.0266 -0.0003  0.1846 0 
 42.6917  0.6747  1.9084  0.0694  0.2880  0.0352  0.1779  0.1541 -0.0003  0.4086 0 
 37.2015 -0.6627 -1.2072  0.0452  0.3650  0.0229  0.3232  0.1298 -0.0003  0.2514 0 
 42.2889 -0.5652 -2.8308  0.4671  0.3048  0.0327  0.4014  0.7744 -0.0003  0.9983 1 
 34.7021  0.5427  0.2910  0.0142  0.0708  0.0388  0.2825  0.2482 -0.0003  0.1730 1 
 43.1739 -0.2308 -0.7816  0.1340  0.2834  0.0342  0.3992  0.0587  0.0829  0.6874 0 
 25.2049  0.2151  2.3393  0.0274  0.3053  0.0245  0.3105  0.0441 -0.0003  0.1073 0 
 47.3365  0.3583  2.1121  0.0280  0.5327  0.0772  0.4762  0.0297 -0.0003  0.2524 0 
 37.9889 -0.3567 -1.0218  0.0020  0.3116  0.0166  0.2296  0.1229  0.0577  0.1594 0 
 51.6793  0.1105  1.0452  0.0110  0.5033  0.0951  0.4233  0.0684 -0.0003  0.2264 0 
 51.6487 -0.1614 -2.0887  0.0276  0.4378  0.0170  0.1270  0.0137 -0.0003  0.1504 0 
 45.6428 -0.7075 -1.9475  0.0397  0.3640  0.0779  0.4371  0.0342 -0.0003  0.2835 0 
 45.0599  0.6910  1.2208  0.1581  0.0971  0.0418  0.4824  0.1035 -0.0003  0.5412 0 
 49.7322  0.7347 -2.8822  0.0108  0.2020  0.0464  0.2137  0.0980  0.1504  0.3893 0 
 47.0039 -0.7305  0.2581  0.0145  0.2138  0.0598  0.2602  0.0197 -0.0003  0.1287 0 
 44.7333 -0.4607  1.6890  0.0228  0.1928  0.0253  0.4394  0.0803  0.0257  0.1619 0 
 43.8697  0.4668 -1.4413  0.0044  0.4181  0.0395  0.2208  0.0828 -0.0003  0.1589 0 
 66.5171 -0.7130  0.8859  0.0003  0.3275  0.1211  0.3581  0.0599 -0.0003  0.1646 0 
 44.0986  0.7421 -2.3467  0.0214  0.3298  0.0435  0.3969  0.0140 -0.0003  0.1830 0 
 54.1848 -0.6684  1.2035  0.1458  0.3583  0.0355  0.3346  0.1713  0.2396  0.9521 1 
 45.4963  0.6510 -1.9466  0.0100  0.4068  0.0392  0.3937  0.1243 -0.0003  0.2186 1 
 43.8270 -0.2724 -2.7148  0.0159  0.1365  0.0177  0.2650  0.0808 -0.0003  0.0472 0 
 42.1546  0.2576  0.4225  0.0288  0.3039  0.0598  0.4910  0.1450 -0.0003  0.3525 0 
 44.9256  0.5078  2.3487  0.0245  0.4212  0.0197  0.2195  0.0308 -0.0003  0.1190 0 
 43.7476 -0.5128 -0.7625  0.0364  0.1521  0.0468  0.3094  0.0488 -0.0003  0.1141 0 
 55.8938 -0.0614 -0.0644  0.0092  0.1312  0.1123  0.1245  0.0074 -0.0003  0.1198 0 
 47.1168  0.0536  3.1261  0.0075  0.1206  0.1173  0.3034  0.0727 -0.0003  0.0796 0 
 47.5135  0.4821  0.5295  0.0006  0.3424  0.0157  0.2163  0.1065 -0.0003  0.0897 0 
 44.3549 -0.4848 -2.6169  0.0051  0.1071  0.0494  0.3523  0.1315 -0.0003  0.0965 0 
 60.6394  0.7435 -2.3068  0.0391  0.0949  0.0502  0.3255  0.1342 -0.0003  0.1492 0 
 48.4871 -0.7553  0.8400  0.0412  0.2275  0.0450  0.3012  0.0900 -0.0003  0.2117 0 
 48.0354  0.7952  0.8902  0.0127  0.1391  0.1727  0.3019  0.0234 -0.0003  0.0979 0 
 40.7843 -0.8001 -2.2820  0.0033  0.3020  0.0233  0.3152  0.0156 -0.0003  0.0697 0 
 42.7558 -0.6317 -0.8438  0.0018  0.4023  0.0271  0.4002  0.0657 -0.0003  0.1015 0 
 40.9705  0.6225  2.3076  0.0431  0.0974  0.1260  0.3149  0.0444 -0.0003  0.0978 0 
 50.0618  0.1167 -0.9639  0.0859  0.1274  0.0657  0.3841  0.0555 -0.0003  0.2584 0 
 41.9532 -0.0763  2.1894  0.0116  0.5516  0.0853  0.4022  0.0021 -0.0003  0.1906 0 
 46.6590  0.7453 -1.3490  0.0369  0.2710  0.0412  0.3042  0.0121 -0.0003  0.1816 0 
 44.2084 -0.7271  1.7646  0.0261  0.0857  0.0408  0.3967  0.0081 -0.0003  0.0827 0 
 43.2197 -0.4196  1.1245  0.0514  0.3526  0.1374  0.6651  0.0353 -0.0003  0.3867 0 
 42.3529  0.4500 -2.0413  0.0302  0.5483  0.0085  0.2675  0.0399 -0.0003  0.1147 0 
 43.7446 -0.6873  2.3329  0.0109  0.3306  0.0046  0.1768  0.0782 -0.0003  0.0829 0 
 33.2982  0.6814 -0.8148  0.0170  0.6347  0.0205  0.3811  0.0215 -0.0003  0.1535 0 
 55.2865  0.5464  0.4321  0.0621  0.0364  0.0623  0.3329  0.0591 -0.0003  0.0927 0 
 45.9968 -0.5513 -2.7035  0.0122  0.4799  0.0981  0.5234  0.1135 -0.0003  0.2765 0 
 42.5971  0.4921 -1.6621  0.0042  0.4835  0.0422  0.2671  0.0128 -0.0003  0.1867 0 
 42.2248 -0.5011  1.4273  0.0432  0.2390  0.0191  0.1785  0.0082 -0.0003  0.1145 0 
 47.9591 -0.2724  1.3175  0.0172  0.5535  0.1574  0.3020  0.0154 -0.0003  0.2421 0 
 41.5869  0.2738 -1.8070  0.0030  0.1251  0.0341  0.0896  0.0169 -0.0003  0.0818 0 
 68.6381  0.5704  0.2493  0.0039  0.3672  0.0952  0.4344  0.0062 -0.0003  0.1592 0 
 42.8992 -0.5999 -2.9028  0.0526  0.5403  0.0223  0.1777  0.0440 -0.0003  0.2009 0 
 32.0134  0.1038 -0.9855  0.0144  0.2027  0.0295  0.5300  0.0666 -0.0003  0.1462 1 
 31.3664 -0.1661  2.1562  0.3850  0.5938  0.0167  0.2908  0.2647  0.2255  0.9887 1 
 54.8684  0.6849 -1.7537  0.2377  0.3693  0.0625  0.5004  0.2214 -0.0003  0.9566 1 
 31.1223 -0.7065  1.3899  0.1779  0.4834  0.0965  0.4858  0.1977 -0.0003  0.9354 1 
 55.1186 -0.2471 -2.4577  0.0156  0.2682  0.1024  0.3749  0.0599 -0.0003  0.1783 0 
 35.2392  0.2494  0.6830  0.0211  0.5333  0.0340  0.4219  0.0855 -0.0003  0.2525 0 
 47.3091  0.0381 -2.9717  0.0351  0.5606  0.0861  0.3031  0.0385  0.5606  0.9820 1 
 33.3165 -0.0571  0.1410  0.5071  0.2036  0.0611  0.2382  0.5250  0.4202  0.9998 1 
 42.0691  0.0097 -1.6353  0.1980  0.5829  0.1322  0.6253  0.2621 -0.0003  0.9786 1 
 42.0294 -0.0450  1.5173  0.2671  0.6148  0.0582  0.3127  0.3632 -0.0003  0.9897 1 
 43.8514  0.1091  2.1112  0.2864  0.3915  0.0375  0.6184  0.4315 -0.0003  0.9939 1 
 43.6347 -0.1145 -1.0133  0.3307  0.2088  0.1885  0.4865  0.1351  1.0184  0.9998 1 
 53.5409  0.6307 -1.4270  0.0188  0.4391  0.0445  0.3776  0.0534 -0.0003  0.2087 0 
 42.8595 -0.6383  1.6917  0.1643  0.2402  0.0069  0.1778  0.1878 -0.0003  0.4021 0 
 45.4444  0.1987 -1.2318  0.0182  0.5295  0.0477  0.5688  0.0682  0.0819  0.3868 0 
 30.3105 -0.2292  1.9213  0.1270  0.3900  0.0164  0.2448  0.0495 -0.0003  0.3291 0 
 44.1321 -0.7890 -2.6581  0.0054  0.2367  0.0455  0.5291  0.0106 -0.0003  0.1389 0 
 37.5525  0.7864  0.5034  0.0000  0.2912  0.0089  0.1382  0.2392  0.1024  0.3335 0 
 43.2227  0.3483  2.2799  0.0008  0.3897  0.0464  0.2661  0.1374 -0.0003  0.2232 0 
 40.9644 -0.3848 -0.8664  0.1566  0.1876  0.0115  0.3599  0.0528 -0.0003  0.3474 0 
 51.9692  0.0807 -0.3132  0.0297  0.1270  0.1579  0.5495  0.0345 -0.0003  0.1792 0 
 47.7119 -0.0675  2.7890  0.0039  0.3207  0.0476  0.3457  0.0230 -0.0003  0.1272 0 
 47.1626  0.3217 -1.5012  0.0204  0.1738  0.0752  0.3467  0.0733 -0.0003  0.1407 0 
 39.2248 -0.3077  1.6648  0.0287  0.7156  0.0197  0.3641  0.0300 -0.0003  0.1864 0 
 53.0892  0.2161 -1.8685  0.0570  0.6807  0.0801  0.2943  0.0793 -0.0003  0.5460 0 
 49.1035 -0.2285  1.2349  0.0423  0.0701  0.0393  0.3002  0.0695 -0.0003  0.0805 0 
 45.2033 -0.0868  2.1870  0.1004  0.2235  0.1422  0.3944 -0.0200  0.1421  0.4838 0 
 45.1392  0.0949 -0.9501  0.0081  0.4647  0.0361  0.3507  0.0261 -0.0003  0.1497 0 
 52.9397 -0.6139  0.5815  0.0871  0.3885  0.0480  0.2945  0.1790 -0.0003  0.6976 1 
 47.1778  0.6292 -2.5243  0.1244  0.5472  0.0868  0.4767  0.0869 -0.0003  0.6777 1 
 45.9785  0.2956  1.7988  0.3921  0.6506  0.0531  0.3490  0.1514 -0.0003  0.9501 1 
 38.5138 -0.3151 -1.4643  0.0134  0.3912  0.1338  0.6861  0.2249 -0.0003  0.4843 1 
 44.0406 -0.3736 -1.3089  0.0352  0.3550  0.0734  0.2647  0.0162 -0.0003  0.2842 0 
 42.9084  0.3742  1.8271  0.1386  0.4236  0.0418  0.5331  0.1667 -0.0003  0.8432 0 
 53.0098  0.4313  1.1188  0.0341  0.2328  0.0602  0.3785  0.0411 -0.0003  0.1959 0 
 47.3884 -0.3860 -2.0570  0.0298  0.2358  0.0381  0.4328  0.0251 -0.0003  0.1637 0 
 45.3468  0.4327  0.5637  0.0824  0.0830  0.0742  0.6130  0.1351  0.0338  0.5128 0 
 42.2736 -0.4235 -2.5444  0.2235  0.5145  0.0111  0.3568  0.1340 -0.0003  0.6699 0 
 47.1565  0.1963  2.3003  0.0216  0.4879  0.0667  0.4334  0.0180 -0.0003  0.2206 0 
 42.7497 -0.2140 -0.8427  0.0289  0.2958  0.0565  0.4002  0.0182 -0.0003  0.2086 0 
 48.8136  0.5112  0.3698  0.0058  0.6071  0.0415  0.2577  0.0508 -0.0003  0.1943 0 
 41.8982 -0.5062 -2.7992  0.1780  0.4075  0.0486  0.5365  0.0986 -0.0003  0.7862 0 
 46.7964 -0.2989  0.7499  0.0018  0.0336  0.0481  0.1737  0.0298 -0.0003  0.0652 0 
 44.4800  0.3027 -2.4079  0.0341  0.2512  0.0264  0.3520  0.1037 -0.0003  0.1615 0 
 50.7362 -0.2894  2.5751  0.0270  0.4912  0.2853  0.5954  0.1746 -0.0003  0.4842 0 
 45.3162  0.2704 -0.5361  0.0859  0.2795  0.0457  0.3503  0.0449 -0.0003  0.3808 0 
 40.7752 -0.1135 -1.3909  0.2557  0.2981  0.0579  0.1801  0.1860  0.1991  0.9406 1 
 40.3235  0.1438  1.7693  0.0695  0.7118  0.0222  0.4517  0.0628  0.0956  0.6080 1 
 50.3090  0.0508  2.5055  0.1658  0.5597  0.0674  0.5967  0.2318 -0.0003  0.9511 1 
 49.1707 -0.0151 -0.6647  0.1622  0.5263  0.0826  0.3859  0.2073 -0.0003  0.9395 1 
 60.6333  0.5259  3.1073  0.1216  0.3639  0.2468  0.3662  0.0158 -0.0003  0.5364 0 
 42.5513 -0.5609 -0.0082  0.0003  0.2979  0.1623  0.7124  0.1352 -0.0003  0.3335 0 
 51.4351 -0.3275 -2.2370  0.0269  0.2898  0.1240  0.6358  0.0368 -0.0003  0.2888 0 
 42.1302  0.3210  0.9533  0.0425  0.6209  0.0248  0.2678  0.0985 -0.0003  0.2581 0 
 46.6072  0.1109 -2.5236  0.0454  0.3414  0.1119  0.6086  0.0130  0.3473  0.5579 0 
 44.5716 -0.1941  0.5623  0.0035  0.1482  0.0495  0.4838  0.0340 -0.0003  0.0956 0 
 48.8228 -0.7463  2.3081  0.0763  0.4586  0.1473  0.4725  0.1286 -0.0003  0.5403 0 
 45.2033  0.7584 -0.8447  0.0020  0.4125  0.0122  0.2191  0.0527 -0.0003  0.0772 0 
 45.0690 -0.0773  0.8886  0.0237  0.5308  0.0840  0.7893  0.0598 -0.0003  0.3380 1 
 39.3591  0.0864 -2.1877  0.2394  0.3055  0.0592  0.3183  0.3100 -0.0003  0.9680 1 
 48.9235  0.6264  1.3578  0.0071  0.4660  0.0323  0.2576  0.0073 -0.0003  0.1605 0 
 39.5270 -0.6103 -1.7624  0.0054  0.4860  0.0241  0.3633  0.0212 -0.0003  0.1136 0 
 47.7089  0.7513  1.7286  0.0325  0.3120  0.1034  0.6913  0.1518 -0.0003  0.4808 1 
 41.7426 -0.7643 -1.4087  0.6966  0.6649  0.0339  0.3580  0.3185 -0.0003  0.9962 1 
 47.5837  0.5936  3.0803  0.0018  0.8153  0.0789  0.3891  0.0628 -0.0003  0.2722 0 
 47.0985 -0.6006 -0.0623  0.0046  0.4930  0.0623  0.3035  0.0737 -0.0003  0.2258 0 
 43.8666  0.1609  0.0819  0.0136  0.3169  0.0138  0.1325  0.0838 -0.0003  0.1125 0 
 40.5890 -0.1386 -3.0523  0.0420  0.3079  0.0219  0.2255  0.0598 -0.0003  0.1302 0 
 44.8341 -0.7040 -1.6162  0.0222  0.4742  0.0871  0.3513  0.0156 -0.0003  0.2207 0 
 44.6571  0.7118  1.5317  0.0593  0.2619  0.0416  0.2638  0.0910 -0.0003  0.2921 0 
 51.1635  0.2538 -1.3124  0.4037  0.1342  0.0620  0.4668  0.2287 -0.0003  0.9727 1 
 46.0395 -0.2258  1.8405  0.2169  0.2010  0.0649  0.3489  0.2394 -0.0003  0.9179 1 
 48.6061  0.7166 -2.5910  0.0110  0.2824  0.1065  0.4730  0.0123 -0.0003  0.1651 0 
 46.8238 -0.7376  0.6240  0.0085  0.4857  0.0839  0.1737  0.0045 -0.0003  0.2918 0 
 51.4473 -0.5441  2.0046  0.0318  0.4388  0.0171  0.2543  0.0652 -0.0003  0.1262 0 
 49.8512  0.5416 -1.1464  0.0273  0.3754  0.1334  0.4272  0.1367 -0.0003  0.3580 0 
 48.0995 -0.6730 -0.7806  0.1306  0.0903  0.0237  0.3881  0.0508 -0.0003  0.2368 0 
 45.6031  0.6863  2.3684  0.0215  0.6236  0.0584  0.3935  0.0544 -0.0003  0.2735 0 
 47.0283  0.6820 -2.4632  0.0047  0.0880  0.0280  0.3903  0.0438 -0.0003  0.0525 0 
 43.1373 -0.6867  0.7103  0.0005  0.4040  0.0271  0.2662  0.0363 -0.0003  0.0894 0 
 45.4261 -0.3526  1.0340  0.1174  0.0442  0.0333  0.1313  0.1822 -0.0003  0.2755 0 
 45.3620  0.3441 -2.1204  0.0143  0.4480  0.0386  0.2627  0.0790 -0.0003  0.1804 0 
 43.9246 -0.7792 -2.2547  0.3957  0.7965  0.0475  0.5298  0.6828 -0.0003  0.9981 1 
 40.4242  0.7808  0.9099  0.1491  0.3769  0.0334  0.3611  0.1476 -0.0003  0.7462 1 
 52.2438  0.7665 -1.1858  0.0227  0.3230  0.0578  0.3799  0.0153 -0.0003  0.1996 0 
 50.8431 -0.7506  1.9944  0.0382  0.1305  0.0660  0.2550  0.0080 -0.0003  0.1199 0 
 40.7874  0.4634 -1.7401  0.4570  0.4455  0.0378  0.3152  0.2791 -0.0003  0.9891 1 
 38.4588 -0.4988  1.3745  0.3334  0.7787  0.0341  0.5033  0.3171  0.2598  0.9971 1 
 50.5959 -0.7844  2.6703  0.0205  0.2493  0.0903  0.2979  0.1071 -0.0003  0.2490 0 
 43.5584  0.7505 -0.5575  0.0188  0.2013  0.3356  0.4867  0.3176 -0.0003  0.7804 0 
 46.3416 -0.5353  0.1765  0.0152  0.2427  0.0529  0.3483 -0.0200 -0.0003  0.1634 0 
 44.3091  0.5331 -2.9807  0.1030  0.1185  0.0956  0.1762  0.0334 -0.0003  0.2754 0 
 54.4015  0.7749 -1.3911  0.0667  0.5146  0.0395  0.5850  0.1561 -0.0003  0.6542 1 
 53.5988 -0.7565  1.7559  0.1830  0.5803  0.0687  0.3355  0.4108  0.4781  0.9989 1 
 46.1738  0.2136 -2.2309  0.5227  0.4701  0.0832  0.3922  0.3651 -0.0003  0.9961 1 
 45.1850 -0.1943  0.9264  0.2383  0.4853  0.1185  0.2629  0.2785 -0.0003  0.9865 1 
 61.5396  0.2219 -1.9536  0.0239  0.1343  0.1024  0.4054  0.0526  0.0190  0.1281 0 
 44.5624 -0.2015  1.1960  0.0151  0.1119  0.0570  0.2639  0.0298 -0.0003  0.0774 0 
 48.0903 -0.3833 -1.7088  0.0025  0.4849  0.0301  0.1294  0.0200 -0.0003  0.1834 0 
 45.9144  0.3913  1.4355  0.0136  0.3405  0.0256  0.1745  0.1335 -0.0003  0.1734 0 
 48.8258 -0.7739  2.5471  0.3145  0.3997  0.0797  0.3865  0.3259 -0.0003  0.9927 1 
 44.8768  0.7311 -0.6299  0.2985  0.4545  0.0485  0.2634  0.0734  0.4143  0.9941 1 
 48.6915 -0.4195  2.0075  0.0069  0.7215  0.0529  0.5158  0.0440 -0.0003  0.2241 0 
 46.7201  0.4566 -1.1160  0.0132  0.2845  0.0398  0.3910  0.0134 -0.0003  0.1333 0 
 52.0485 -0.7309 -2.6517  0.0011  0.4405  0.0347  0.2958  0.0672 -0.0003  0.1163 0 
 44.4251  0.7296  0.4837  0.0053  0.2272  0.0158  0.3522  0.0595 -0.0003  0.0485 0 
 55.5093  0.3985 -0.5335  0.0793  0.1039  0.1369  0.2079  0.0179 -0.0003  0.1648 0 
 52.7138 -0.3914  2.6356  0.0329  0.1315  0.0710  0.4212  0.0744 -0.0003  0.1548 0 
 44.2634  0.8036 -0.6332  0.0168  0.0643  0.0136  0.2203  0.0535 -0.0003  0.0369 0 
 37.3022 -0.7926  2.5061  0.0110  0.1123  0.1771  0.4153  0.0482 -0.0003  0.0907 0 
 45.8442  0.3889  2.5439  0.1239  0.5085  0.0441  0.5675  0.3287 -0.0003  0.9385 1 
 39.7131 -0.3890 -0.5910  0.1283  0.3147  0.0492  0.2721  0.0593 -0.0003  0.5554 1 
 45.5848 -0.4604  0.7047  0.3328  0.3207  0.0537  0.6558  0.4096 -0.0003  0.9957 1 
 39.8352  0.4740 -2.4451  0.0841  0.6526  0.0285  0.2266  0.1376 -0.0003  0.5167 1 
 36.0235 -0.4876 -0.9342  0.0778  0.3254  0.0295  0.2796  0.1014  0.3505  0.9759 1 
 34.6227  0.4740  2.2468  0.4179  0.3791  0.0599  0.4711  0.2661  0.4568  0.9998 1 
 44.4038  0.4661 -2.8028  0.0293  0.1331  0.1583  0.4402  0.1491 -0.0003  0.2531 0 
 44.4007 -0.4679  0.3568  0.0134  0.3343  0.0754  0.5724  0.0611 -0.0003  0.2274 0 
 51.2490  0.5876 -0.8071  0.0068  0.3869  0.0600  0.4667  0.0324 -0.0003  0.1702 0 
 45.9083 -0.5697  2.2973  0.0789  0.1010  0.3399  0.4364  0.0532 -0.0003  0.3020 0 
 46.0090  0.4704 -1.2546  0.2931  0.7661  0.0370  0.4798  0.1922 -0.0003  0.9391 1 
 42.3194 -0.4623  1.8798  0.3713  0.5129  0.0421  0.4013  0.5184 -0.0003  0.9970 1 
 46.7018  0.7443 -1.7226  0.0083  0.3443  0.0368  0.3476  0.0684 -0.0003  0.1202 0 
 46.0029 -0.7553  1.4099  0.0385  0.1714  0.0255  0.2617  0.0121 -0.0003  0.0810 0 
 48.2094 -0.6083 -0.3649  0.0018  0.6569  0.0131  0.1293  0.0048 -0.0003  0.1380 0 
 44.6601  0.6098  2.7694  0.0292  0.5258  0.0468  0.3956  0.0120 -0.0003  0.2628 0 
 51.5724 -0.0941  0.1427  0.0502  0.2084  0.0368  0.3812  0.0545 -0.0003  0.1926 1 
 34.1680  0.0403 -3.0059  0.3222  0.1680  0.0371  0.2364  0.2879 -0.0003  0.9443 1 
 42.4292 -0.1120  1.6132  0.0097  0.5047  0.1270  0.1783  0.0195 -0.0003  0.2395 0 
 39.8993  0.1782 -1.5299  0.0647  0.5816  0.1796  0.5889  0.1065 -0.0003  0.4495 0 
 46.8177  0.5967 -2.3850  0.0114  0.2299  0.0288  0.5210  0.0523 -0.0003  0.1345 0 
 44.0284 -0.5973  0.7599  0.0122  0.5579  0.0231  0.2206  0.0054  0.2755  0.8714 0 
 46.2196 -0.6877  0.9516  0.0337  0.4736  0.0561  0.6099  0.0867  0.1698  0.5987 0 
 42.5879  0.6927 -2.1473  0.0186  0.5860  0.0271  0.1335  0.0402 -0.0003  0.1723 0 
 42.4201  0.7305  1.3644  0.1433  0.8102  0.0262  0.5347  0.3527 -0.0003  0.9479 1 
 30.2770 -0.7358 -1.7841  0.1048  0.1043  0.0199  0.4407  0.3211 -0.0003  0.5469 1 
 49.1920 -0.3377 -0.3349  0.1597  0.2655  0.1156  0.4287  0.2220 -0.0003  0.9137 1 
 46.8544  0.3466  2.8335  0.1671  0.2799  0.0944  0.5209  0.1625 -0.0003  0.8577 1 
 46.1250 -0.4316 -2.0940  0.0025  0.2626  0.0470  0.3051  0.1219 -0.0003  0.1404 0 
 39.7284  0.4333  1.0541  0.1570  0.3301  0.0360  0.4536  0.1253  0.1335  0.8651 0 
 44.5838  0.0345  1.6794  0.0065  0.1020  0.0179  0.1759  0.0184 -0.0003  0.0423 0 
 42.5757 -0.0194 -1.4614  0.0422  0.1414  0.0675  0.2671  0.0119 -0.0003  0.1344 0 
 49.6376  0.2096  1.2479  0.3389  0.5180  0.0755  0.4705  0.3909 -0.0003  0.9958 1 
 39.3744 -0.2144 -1.9272  0.0001  0.4388  0.0083  0.3182  0.2224  0.1052  0.3791 1 
 44.4495  0.7889 -2.0003  0.0068  0.0762  0.0145  0.2641  0.0207 -0.0003  0.0356 0 
 40.4761 -0.7833  1.1296  0.1001  0.1818  0.0112  0.1354  0.0071 -0.0003  0.1487 0 
 45.8595  0.0920 -1.1948  0.0002  0.1865  0.1419  0.3929  0.0167 -0.0003  0.1086 0 
 44.9195 -0.0587  1.9172  0.0044  0.1924  0.0896  0.3073  0.0516 -0.0003  0.1096 0 
 48.2002 -0.7043  0.4324  0.0084  0.6571  0.0158  0.2585  0.1882  0.0699  0.3038 1 
 45.4200  0.6988 -2.7310  0.8251  0.3575  0.0771  0.3501  0.4715 -0.0003  0.9969 1 
 55.3170  0.0383  1.2882  0.0366  0.3679  0.0948  0.4994  0.0999 -0.0003  0.3541 0 
 50.0984 -0.0515 -1.8289  0.0253  0.7379  0.0565  0.3840  0.0452 -0.0003  0.3092 0 
 43.5645  0.5270  0.1545  0.0342  0.6848  0.1601  0.5752  0.0107 -0.0003  0.2952 0 
 42.7771 -0.5141 -2.9830  0.0493  0.4555  0.0657  0.4446  0.0482  0.1748  0.5975 0 
 48.8960  0.7999  2.8641  0.1074  0.3316  0.0232  0.4293  0.1749 -0.0003  0.6522 0 
 43.2166 -0.7914 -0.2628  0.0344  0.6540  0.0742  0.6651  0.0384 -0.0003  0.3223 0 
 43.5523 -0.1176 -1.5240  0.0279  0.4183  0.0219  0.3098  0.0241 -0.0003  0.1340 0 
 42.4079  0.0699  1.6266  0.3767  0.3656  0.0693  0.3565  0.2282  0.2910  0.9952 0 
 50.8095 -0.0783  1.2928  0.0605  0.5002  0.0591  0.3827  0.1929 -0.0003  0.7004 1 
 46.1006  0.0703 -1.8351  0.4552  0.6392  0.0553  0.3924  0.2814  0.1499  0.9933 1 
 48.0720 -0.0776 -1.2959  0.0023  0.7332  0.0097  0.3450  0.1596 -0.0003  0.1601 0 
 39.3408  0.0966  1.8546  0.1771  0.6943  0.0482  0.5003  0.0225 -0.0003  0.8257 0 
 48.8136 -0.2481  0.3050  0.0455  0.1372  0.0466  0.4725  0.1216 -0.0003  0.2450 0 
 45.9449  0.2396 -2.8347  0.1136  0.4106  0.0308  0.3927  0.1351 -0.0003  0.6747 0 
 50.9804  0.6226  1.0136  0.0073  0.1205  0.1435  0.5947  0.1492 -0.0003  0.2110 0 
 42.2919 -0.5942 -2.1610  0.0127  0.0883  0.0309  0.1338  0.0899 -0.0003  0.0678 0 
 50.6294  0.5313 -1.8912  0.0235  0.2282  0.0141  0.1702  0.1357 -0.0003  0.1349 0 
 35.2972 -0.5407  1.2011  0.0133  0.2273  0.0182  0.3749  0.0545 -0.0003  0.0635 0 
 46.4881 -0.2751 -1.9545  0.0007  0.1571  0.0341  0.1305  0.0147 -0.0003  0.0759 0 
 40.3967  0.2724  1.2092  0.0244  0.3045  0.0691  0.2709  0.1325 -0.0003  0.3493 0 
 50.9346  0.4221  1.7218  0.0034  0.0341  0.0186  0.1700  0.1260 -0.0003  0.0587 0 
 38.9807 -0.4250 -1.4279  0.0595  0.4640  0.0175  0.0912  0.0110 -0.0003  0.1975 0 
 50.2876 -0.6850 -0.6282  0.0259  0.1670  0.0374  0.2984  0.0117 -0.0003  0.0896 0 
 45.5634  0.6823  2.5317  0.0118  0.4425  0.0168  0.3061  0.0132 -0.0003  0.0980 0 
 46.7659 -0.5333  0.7732  0.0015  0.0449  0.0447  0.3474  0.0102 -0.0003  0.0619 0 
 42.2980  0.5088 -2.3822  0.0064  0.4663  0.0536  0.2676  0.1429 -0.0003  0.3288 0 
 46.4302  0.6472  0.6129  0.0023  0.6123  0.0234  0.3046  0.1079 -0.0003  0.1383 0 
 45.1942 -0.6216 -2.5286  0.0020  0.2189  0.0589  0.1753  0.0025 -0.0003  0.1429 0 
 44.5228  0.0095 -0.7232  0.5560  0.4939  0.0724  0.5279  0.5545 -0.0003  0.9975 1 
 39.8230 -0.0200  2.3144  0.2646  0.7188  0.1162  0.4079  0.2977  0.3711  0.9966 1 
 52.5277 -0.6297 -2.6355  0.4125  0.2197  0.0363  0.4216  0.2991 -0.0003  0.9824 1 
 48.2338  0.6447  0.5314  0.7732  0.3294  0.1270  0.3016  0.6066 -0.0003  0.9969 1 
 51.0018 -0.2567 -2.3652  0.0347  0.3255  0.1166  0.2973  0.0414 -0.0003  0.2606 0 
 45.4475  0.2551  0.7912  0.0659  0.5227  0.0484  0.5688  0.0709 -0.0003  0.5018 0 
 40.2777  0.6431  0.7104  0.0540  0.3859  0.0498  0.3615  0.1926 -0.0003  0.5890 0 
 37.9797 -0.6424 -2.4207  0.0455  0.1792  0.0498  0.2755  0.0980 -0.0003  0.2060 0 
 48.7800  0.2151  0.0038  0.0004  0.2446  0.0239  0.2578  0.0237 -0.0003  0.0541 0 
 45.7465 -0.2122 -3.1238  0.0100  0.1356  0.0358  0.3931  0.0486 -0.0003  0.0709 0 
 41.9684 -0.0442 -2.3660  0.1942  0.5545  0.1525  0.5810  0.3369 -0.0003  0.9896 1 
 35.7488  0.0321  0.7210  0.2190  0.5529  0.1026  0.6537  0.1512  0.2475  0.9626 1 
 58.2559 -0.4052 -3.0849  0.0498  0.0451  0.0741  0.3287  0.1386 -0.0003  0.1381 0 
 45.3925  0.4109  0.0357  0.0191  0.5472  0.0405  0.2626  0.0358 -0.0003  0.2233 0 
 52.3323 -0.2925 -0.1098  0.0127  0.2949  0.0597  0.5064  0.0294 -0.0003  0.1792 0 
 40.3357  0.3255  3.0195  0.0261  0.4368  0.0140  0.3162  0.0486 -0.0003  0.1055 0 
 46.0975  0.5087  1.7409  0.1198  0.6473  0.0641  0.3924  0.0903 -0.0003  0.7793 1 
 38.9837 -0.5068 -1.3913  0.4811  0.5688  0.0557  0.4559  0.4482 -0.0003  0.9965 1 
 45.8747 -0.7327 -0.4523  0.0719  0.2806  0.0570  0.4365  0.1816  0.1739  0.7925 0 
 40.3571  0.7326  2.6602  0.0000  0.0854  0.0081  0.1806  0.0078 -0.0003  0.0367 0 
 48.0690  0.6571  1.4058  0.7008  0.3919  0.0953  0.4312  0.7290  0.1942  0.9991 1 
 42.6764 -0.6382 -1.6859  0.3332  0.1613  0.0320  0.5339  0.3620 -0.0003  0.9871 1 
 85.8808 -0.7083  0.1893  0.0094  0.2230  0.0103  0.2250  0.1686 -0.0003  0.1158 0 
 41.4954  0.7173 -2.9197  0.0197  0.1801  0.0264  0.1345  0.0195 -0.0003  0.0825 0 
 51.8868  0.7209 -2.2191  0.0498  0.4541  0.1048  0.3383  0.0430 -0.0003  0.3363 0 
 49.7108 -0.6960  0.9420  0.0186  0.2023  0.1798  0.2565  0.0427 -0.0003  0.1714 0 
 41.5106  0.5010  0.0627  0.0312  0.7821  0.0099  0.1793  0.0677 -0.0003  0.1820 0 
 35.2667 -0.4875 -3.0816  0.0040  0.1964  0.0337  0.2344  0.0093 -0.0003  0.0695 0 
 38.7152  0.7730  1.7752  0.0112  0.5299  0.0082  0.1827 -0.0200 -0.0003  0.1448 0 
 37.4029 -0.7621 -1.3672  0.0475  0.3178  0.0296  0.3689  0.0151 -0.0003  0.2139 0 
 49.3263  0.5980 -1.2320  0.0281  0.3354  0.0193  0.1285  0.0136 -0.0003  0.1458 0 
 42.9847 -0.6002  1.9325  0.0614  0.4708  0.0628  0.2664  0.0726 -0.0003  0.5221 0 
 47.7607  0.5449 -0.9051  0.0981  0.6722  0.0345  0.2592  0.1079 -0.0003  0.6276 0 
 38.1933 -0.5581  2.2524  0.0175  0.4288  0.0259  0.2751  0.0036  0.2711  0.8068 0 
 46.2928  0.2710 -3.0323  0.2348  0.6704  0.0373  0.3919  0.3638 -0.0003  0.9818 0 
 43.8148 -0.2841  0.0909  0.0104  0.1664  0.0432  0.3093  0.0180 -0.0003  0.0775 0 
 51.2612  0.6353  2.0022  0.0629  0.5427  0.1483  0.5514  0.0123 -0.0003  0.3419 0 
 37.5036 -0.6374 -1.0633  0.0317  0.4964  0.0632  0.5068  0.0527 -0.0003  0.2948 0 
 56.0800  0.4462 -0.2830  0.0365  0.7907  0.0684  0.3733  0.1079 -0.0003  0.5125 0 
 46.3752 -0.4325  2.9011  0.0324  0.4768  0.0116  0.1741  0.0247 -0.0003  0.1232 0 
 48.6915 -0.3908  0.9627  0.3146  0.3217  0.0477  0.4728  0.3773 -0.0003  0.9916 1 
 32.5689  0.4135 -2.1662  0.4242  0.3133  0.0620  0.5753  0.3913 -0.0003  0.9949 1 
 48.9540 -0.5537 -1.5284  0.2261  0.4934  0.0605  0.3434  0.2468 -0.0003  0.9654 1 
 43.3997  0.5675  1.6500  0.2095  0.5100  0.0471  0.2657  0.1174 -0.0003  0.8402 1 
 54.2367 -0.5754 -0.2046  0.0258  0.2528  0.0628  0.2927  0.0694 -0.0003  0.1995 0 
 44.7639  0.5649  2.9362  0.0043  0.3256  0.0914  0.3954  0.0472 -0.0003  0.1566 0 
 47.6173  0.7322  0.3547  0.0084  0.5468  0.0329  0.4323  0.0240 -0.0003  0.1669 0 
 39.7009 -0.7408 -2.7963  0.0000  0.1665  0.0339  0.0454  0.0026 -0.0003  0.1345 0 
 50.5440  0.1798 -2.3818  0.0085  0.0949  0.0378  0.2980  0.1580 -0.0003  0.0982 0 
 47.4556 -0.1716  0.7459  0.0096  0.3608  0.0622  0.3461  0.0146 -0.0003  0.1778 0 
 40.4425 -0.4837  2.7567  0.3197  0.4555  0.0989  0.3611  0.2954 -0.0003  0.9932 1 
 37.1405  0.5031 -0.3638  0.2716  0.3570  0.0697  0.3234 -0.0200  0.1681  0.8529 1 
 53.9193  0.5882 -2.2629  0.0351  0.4199  0.2095  0.4188  0.0297 -0.0003  0.2843 0 
 44.2420 -0.6019  0.9148  0.0164  0.3380  0.0219  0.2644  0.0110 -0.0003  0.0986 0 
 45.6306  0.6659  1.1767  0.1115  0.1795  0.0965  0.5245  0.0530 -0.0003  0.4691 0 
 39.3347 -0.7100 -1.8965  0.0180  0.1970  0.0695  0.1819  0.0001 -0.0003  0.1684 0 
 48.3131 -0.3349  3.0606  0.0391  0.4741  0.0181  0.1723  0.0126 -0.0003  0.1601 0 
 47.0191  0.3412 -0.0918  0.0293  0.2448  0.0366  0.3036  0.0876 -0.0003  0.1501 0 
 49.1463  0.2827 -0.8830  0.0091  0.1564  0.0557  0.3430  0.0351 -0.0003  0.0864 0 
 44.4739 -0.2823  2.2432  0.0177  0.7520  0.0244  0.2201  0.1279 -0.0003  0.2207 0 
 49.3812  0.5136 -1.3106  0.0467  0.3903  0.2049  0.5567  0.0341 -0.0003  0.3353 1 
 41.9837 -0.5072  1.8926  0.8755  0.2222  0.0694  0.5362  0.4941 -0.0003  0.9887 1 
 50.6813 -0.2237 -2.5613  0.0529  0.1838  0.2194  0.5530  0.0706  0.1703  0.5069 0 
 49.8756  0.1937  0.5663  0.0218  0.2819  0.0407  0.3844  0.0634 -0.0003  0.1595 0 
 49.2714 -0.2131  1.4288  0.3483  0.4124  0.0740  0.5999  0.3942 -0.0003  0.9962 1 
 44.5594  0.1776 -1.6795  0.2282  0.1755  0.0414  0.3519  0.3111 -0.0003  0.9256 1 
 41.1078 -0.2804 -1.7506  0.1184  0.3789  0.0496  0.0899  0.1345  0.4805  0.9970 1 
 26.9841  0.2627  1.4467  0.2125  0.7309  0.0239  0.3041  0.2640  0.0842  0.9423 1 
 44.7333  0.6468  1.0893  0.0687  0.4318  0.0650  0.6591  0.0231 -0.0003  0.4467 1 
 43.4089 -0.6461 -2.0468  0.0899  0.7195  0.0305  0.5757  0.1234  0.1825  0.7890 1 
 42.8595  0.1757 -1.5701  0.1289  0.1941  0.0618  0.3555  0.0445 -0.0003  0.4357 0 
 42.2675 -0.1903  1.5712  0.0204  0.0748  0.0214  0.1784  0.0058 -0.0003  0.0510 0 
 46.7231  0.4029 -0.7516  0.0118  0.2154  0.0267  0.3041  0.0107 -0.0003  0.0687 0 
 39.4812 -0.3847  2.4155  0.0010  0.2962  0.0141  0.0909  0.0089 -0.0003  0.1193 0 
 44.8554 -0.6123 -1.2076  0.1413  0.2622  0.0169  0.1317  0.0903 -0.0003  0.3156 0 
 41.2512  0.6152  1.9466  0.0690  0.7611  0.0330  0.2245  0.0543  0.1437  0.6653 0 
 46.1738 -0.3611  0.9873  0.0065  0.0851  0.0546  0.2179  0.0557 -0.0003  0.0682 0 
 41.4099  0.3915 -2.1169  0.0130  0.1576  0.2064  0.2243  0.0196 -0.0003  0.1294 0 
 45.8259 -0.6297 -0.5354  0.1715  0.2293  0.0752  0.3057  0.2294  0.3135  0.9632 1 
 35.0042  0.5871  2.6479  0.1177  0.6604  0.0241  0.3288  0.3489  0.1781  0.9305 1 
 44.7150  0.0168  1.3482  0.0196  0.1690  0.2160  0.5713  0.0450 -0.0003  0.2208 0 
 42.6490  0.0473 -1.8135  0.0015  0.3142  0.0898  0.3115  0.0966 -0.0003  0.1906 0 
 44.9714  0.3203  1.7697  0.0265  0.2169  0.0261  0.4388  0.0338 -0.0003  0.1216 0 
 38.5840 -0.3188 -1.3877  0.0183  0.2852  0.0496  0.3658  0.0049  0.3293  0.6593 0 
 52.5612  0.5397 -2.5526  0.1105  0.2885  0.0406  0.2951  0.1516 -0.0003  0.6293 0 
 41.2146 -0.5332  0.6240  0.0055  0.5456  0.0531  0.3593  0.0378 -0.0003  0.1872 0 
 43.9765  0.0546 -1.4633  0.0694  0.0743  0.0564  0.2207  0.0413 -0.0003  0.1009 0 
 36.6339 -0.0329  1.6822  0.0170  0.1311  0.0234  0.2319  0.0906 -0.0003  0.0567 0 
 39.7253 -0.1113 -1.5894  0.2644  0.4120  0.0258  0.3628  0.3443  0.1867  0.9903 1 
 37.5402  0.1076  1.4959  0.3894  0.3664  0.0493  0.4607  0.3930  0.2058  0.9990 1 
 52.3293 -0.6656  2.9931  0.0165  0.3196  0.0569  0.4220  0.0583 -0.0003  0.1922 0 
 38.1201  0.6574 -0.2806  0.0699  0.7356  0.0146  0.2752  0.0981  0.1459  0.5530 0 
 49.8665  0.1749  0.4223  0.0576  0.1547  0.0437  0.2136  0.0340 -0.0003  0.1406 0 
 49.1737 -0.1713 -2.7208  0.0073  0.1882  0.0172  0.2572  0.0152 -0.0003  0.0449 0 
 46.8666  0.1216 -0.2241  0.0059  0.1166  0.0499  0.3907  0.0552 -0.0003  0.0758 0 
 43.1250 -0.1494  2.8977  0.0815  0.5812  0.0132  0.2662  0.0995 -0.0003  0.3186 0 
 53.9864  0.4919 -1.0676  0.0367  0.5818  0.0840  0.5862  0.2145 -0.0003  0.5941 0 
 40.4303 -0.4577  2.0613  0.3098  0.1968  0.0168  0.1354  0.1898 -0.0003  0.7371 0 
 54.5937  0.3359  2.0836  0.0041  0.2552  0.0937  0.3340  0.0047 -0.0003  0.1364 0 
 45.4932 -0.3042 -1.0595  0.0120  0.3005  0.0201  0.6125  0.0080 -0.0003  0.1770 0 
 51.2123 -0.1141 -0.6658  0.0606  0.7256  0.0668  0.2546  0.1083 -0.0003  0.7035 0 
 41.7792  0.1371  2.4839  0.0096  0.1054  0.0474  0.2685  0.0335  0.1314  0.1511 0 
 39.4629  0.7711 -0.7711  0.1098  0.6541  0.0629  0.6361  0.2427 -0.0003  0.9071 1 
 35.7549 -0.7334  2.3861  0.3327  0.4429  0.0334  0.4669  0.3787 -0.0003  0.9895 1 
 50.6813 -0.7205  2.7232  0.1557  0.5571  0.0438  0.3404  0.3172 -0.0003  0.9462 1 
 35.8495  0.7153 -0.4656  0.0831  0.4014  0.0345  0.1866  0.1179 -0.0003  0.4525 1 
 44.1718  0.5659  0.2619  0.0114  0.4229  0.1367  0.3086  0.0677 -0.0003  0.2487 0 
 40.9064 -0.5987 -2.8637  0.0569  0.6625  0.0305  0.4950  0.0770 -0.0003  0.5033 0 
 49.9825 -0.2967 -2.7544  0.0350  0.1389  0.0649  0.4696  0.0621  0.1539  0.3023 0 
 41.2787  0.2930  0.3975  0.0032  0.3985  0.0353  0.3142  0.0926 -0.0003  0.1275 0 
 48.4199  0.1733 -0.5403  0.0197  0.2028  0.0126  0.3013  0.1214 -0.0003  0.0769 0 
 46.3416 -0.1770  2.5888  0.0155  0.1611  0.0391  0.3047  0.0302 -0.0003  0.0726 0 
 46.6346  0.6173 -0.1227  0.0219  0.3295  0.0120  0.1739  0.1317 -0.0003  0.1382 0 
 46.0121 -0.6254  3.0368  0.0019  0.6473  0.0378  0.2181  0.0599  0.2279  0.5757 0 
 45.3773 -0.1562 -1.1519  0.0000  0.0526  0.0107  0.0876 -0.0200 -0.0003  0.0726 0 
 40.9979  0.1732  2.0009  0.0606  0.1418  0.0416  0.3148  0.0366 -0.0003  0.1403 0 
 48.6610  0.7599  2.7923  0.0114  0.2097  0.0472  0.2579  0.0366 -0.0003  0.0943 0 
 34.0795 -0.7423 -0.3586  0.0049  0.0611  0.0442  0.1893  0.0715 -0.0003  0.0623 0 
 48.6122  0.2048 -2.0652  0.0158  0.4557  0.0526  0.2580  0.0086 -0.0003  0.2502 0 
 38.0560 -0.1859  1.0497  0.0067  0.5066  0.0210  0.2753  0.0995  0.0251  0.1449 0 
 51.0292  0.3715  0.1859  0.0268  0.5150  0.1040  0.3398  0.0131 -0.0003  0.2350 0 
 44.4068 -0.3846 -2.9538  0.0256  0.1797  0.1711  0.4843  0.0057  0.3114  0.3273 0 
 42.6795  0.5425 -1.0296  0.0143  0.3067  0.0234  0.4004  0.0728 -0.0003  0.1070 1 
 42.1088 -0.5648  2.1307  0.2611  0.1641  0.0365  0.2233  0.0728  0.2067  0.8839 1 
 45.9358 -0.1749 -2.8356  0.0216  0.0921  0.1408  0.2182  0.0073 -0.0003  0.0667 0 
 38.0468  0.2025  0.3248  0.0448  0.4754  0.1248  0.3671  0.0157 -0.0003  0.2810 0 
 47.3884 -0.5865  2.6234  0.0479  0.3029  0.0570  0.3896  0.0255 -0.0003  0.2793 0 
 42.4964  0.5610 -0.5359  0.0024  0.4223  0.0484  0.4009  0.0786 -0.0003  0.1634 0 
 46.3905  0.5135  2.1380  0.3193  0.5940  0.0767  0.3917  0.3572 -0.0003  0.9944 1 
 43.6469 -0.4979 -0.9835  0.1661  0.7976  0.0696  0.3096  0.1901 -0.0003  0.9573 1 
 40.5188 -0.5138 -1.2590  0.0735  0.3053  0.0430  0.4060  0.1706  0.0210  0.6030 1 
 33.4356  0.5135  1.9179  0.4516  0.4923  0.0294  0.4282  0.5570 -0.0003  0.9976 1 
 36.0723 -0.1273 -1.8021  0.5835  0.4837  0.0465  0.5123  0.5543  0.0289  0.9976 1 
 35.7000  0.0686  1.3340  0.0104  0.2739  0.0582  0.3737  0.1154  0.2537  0.5205 1 
 47.4983  0.1886  2.6988  0.0131  0.3505  0.0768  0.3893  0.0142 -0.0003  0.1794 0 
 47.2358 -0.1906 -0.4388  0.0023  0.7246  0.0610  0.6498  0.0369 -0.0003  0.2356 0 
 47.8126  0.4265 -0.6480  0.0152  0.1047  0.1144  0.1727  0.0032 -0.0003  0.0870 0 
 38.6969 -0.4410  2.4799  0.0000  0.4636  0.0161  0.0457 -0.0200 -0.0003  0.2684 0 
 52.8511  0.1739  1.4874  0.0115  0.2546  0.0157  0.1684  0.0308 -0.0003  0.0688 0 
 48.7068 -0.1885 -1.6540  0.0387  0.1670  0.0529  0.3438  0.1331  0.1047  0.3930 0 
 40.6622  0.7670  0.9089  0.1785  0.4185  0.0726  0.3605  0.3156 -0.0003  0.9677 1 
 33.5973 -0.7501 -2.1820  0.1966  0.4271  0.0464  0.2376  0.2805  0.2971  0.9907 1 
 49.8421  0.6228  1.6208  0.0394  0.7864  0.0427  0.3418  0.0294 -0.0003  0.3760 0 
 36.9421 -0.6040 -1.5095  0.0192  0.0525  0.0343  0.2314  0.0438 -0.0003  0.0528 0 
 46.1921  0.5243  2.7258  0.0443  0.4372  0.0576  0.3486  0.0462 -0.0003  0.3446 0 
 36.6522 -0.5283 -0.4411  0.0147  0.3156  0.0273  0.2319  0.0922 -0.0003  0.1169 0 
 47.3548  0.3976 -1.6574  0.0006  0.4360  0.0656  0.4329  0.0786 -0.0003  0.1751 0 
 46.0914 -0.3989  1.4918  0.0093  0.0877  0.0636  0.2616  0.0538 -0.0003  0.0737 0 
 43.7659  0.6211 -0.4704  0.0044  0.4803  0.1451  0.8839  0.0374 -0.0003  0.3076 1 
 38.0011 -0.6160  2.7033  0.3597  0.4653  0.0148  0.3673  0.4814 -0.0003  0.9948 1 
 50.3029  0.0876  0.0403  0.0348  0.6265  0.0467  0.2131  0.0307 -0.0003  0.3641 0 
 45.7282 -0.0833 -3.1120  0.1024  0.1234  0.0249  0.1747  0.0435 -0.0003  0.1422 0 
 52.7169  0.5861  0.4046  0.0729  0.4184  0.1083  0.2949  0.1057 -0.0003  0.5603 1 
 50.7485 -0.5988 -2.7247  0.6302  0.4800  0.0814  0.6804  0.6770 -0.0003  0.9978 1 
 51.0903  0.1690 -0.8035  0.0389  0.3808  0.1698  0.5095  0.0151 -0.0003  0.2816 0 
 38.4375 -0.2116  2.3467  0.0179  0.2715  0.0173  0.4119  0.0435  0.0506  0.1666 0 
 57.2641  0.0223 -0.4856  0.0210  0.3892  0.0986  0.5364  0.0694 -0.0003  0.2629 0 
 42.9023 -0.0096  2.6399  0.0022  0.4892  0.0321  0.3554  0.0843 -0.0003  0.1319 0 
 44.3000  0.7866 -1.8139  0.0157  0.3090  0.0871  0.5727  0.0910 -0.0003  0.2609 0 
 37.5555 -0.7595  1.3726  0.0041  0.2016  0.0175  0.1382  0.0418 -0.0003  0.0591 0 
 48.7312  0.7873  0.6171  0.0207  0.4001  0.0320  0.3008  0.0449 -0.0003  0.1440 0 
 48.3864 -0.7972 -2.5599  0.0297  0.1499  0.0271  0.1722  0.0248  0.0546  0.1341 0 
 45.4109 -0.0004 -0.4873  0.0421  0.6982  0.0641  0.4377  0.0611 -0.0003  0.3840 0 
 37.9706 -0.0091  2.6715  0.0007  0.2212  0.0756  0.4133  0.0995 -0.0003  0.1342 0 
 51.9448  0.6320  0.9235  0.0603  0.1982  0.0240  0.2959  0.0190 -0.0003  0.1302 0 
 46.6133 -0.6244 -2.2407  0.0522  0.2495  0.1708  0.2608  0.0150 -0.0003  0.2559 0 
 49.3538 -0.5673  0.7466  0.0536  0.3263  0.0508  0.3426  0.0329 -0.0003  0.3030 0 
 43.3906  0.5643 -2.4250  0.0344  0.7456  0.0257  0.3544  0.0571 -0.0003  0.2502 0 
 44.4770 -0.7203 -3.0754  0.0139  0.5522  0.0692  0.5281  0.1535 -0.0003  0.3462 0 
 37.6837  0.6972  0.0661  0.0077  0.4547  0.0353  0.2761  0.0135 -0.0003  0.1582 0 
 48.3131 -0.3194 -0.8284  0.0258  0.3300  0.1494  0.5599  0.0286 -0.0003  0.2589 0 
 38.3734  0.2970  2.2604  0.0666  0.1950  0.0190  0.2289  0.0971 -0.0003  0.1580 0 
 39.6857 -0.3575 -2.7771  0.0620  0.4002  0.0615  0.3629  0.0458 -0.0003  0.4096 0 
 37.7783  0.3296  0.4084  0.0042  0.6210  0.1609  0.3679  0.1147 -0.0003  0.3284 0 
 37.8912 -0.6856  0.4548  0.0524  0.3616  0.0233  0.3216  0.0596 -0.0003  0.1968 0 
 34.0215  0.6927 -2.6972  0.0463  0.0050  0.0273  0.0947  0.0134 -0.0003  0.0712 0 
 41.4557 -0.5074  1.4352  0.0791  0.6144  0.0211  0.2690  0.1011  0.0800  0.5433 0 
 39.3591  0.5027 -1.6992  0.0122  0.4056  0.0214  0.2273  0.1429 -0.0003  0.1597 0 
 46.4729 -0.7410 -0.9879  0.0193  0.3622  0.0559  0.3045  0.0433 -0.0003  0.2064 0 
 43.6561  0.7108  2.1139  0.0129  0.2189  0.1972  0.4423  0.1071 -0.0003  0.2392 0 
 43.0793 -0.7068 -2.9511  0.0000  0.1335  0.0115  0.0000 -0.0200 -0.0003  0.1277 0 
 32.4376  0.7331  0.2343  0.0087  0.3163  0.0530  0.3840  0.0634 -0.0003  0.1541 0 
 43.8270  0.2250  2.8896  0.4535  0.7858  0.0594  0.2650  0.2991 -0.0003  0.9947 1 
 42.6368 -0.2219 -0.2557  0.4584  0.3301  0.0430  0.4895  0.2680  0.2436  0.9987 1 
 48.0018 -0.6055  1.2787  0.0416  0.2917  0.0362  0.3020  0.0273 -0.0003  0.1818 0 
 45.3010  0.6149 -1.8509  0.0582  0.7009  0.0305  0.4817  0.1083 -0.0003  0.5693 0 
 49.8543  0.4738 -1.8903  0.0810  0.5777  0.2138  0.4272 -0.0020  0.4894  0.6184 0 
 46.5461 -0.4675  1.2405  0.0406  0.2654  0.0771  0.4348  0.0189 -0.0003  0.2428 0 
 48.1086  0.1137  2.2596  0.0244  0.5527  0.0545  0.3880  0.0295 -0.0003  0.2534 0 
 36.9970 -0.0450 -0.8847  0.2016  0.2812  0.0468  0.4625 -0.0200 -0.0003  0.6231 0 
 53.4310  0.6122 -1.5047  0.0645  0.0727  0.0419  0.2938  0.0522 -0.0003  0.0923 0 
 48.4871 -0.5681  1.5608  0.0578  0.1496  0.1340  0.6024  0.0317  0.2983  0.4874 0 
 60.3586 -0.5027 -0.1830  0.0060  0.0949  0.0738  0.2037  0.1787 -0.0003  0.1648 0 
 44.9805  0.5473  3.0054  0.0056  0.1005  0.0891  0.2194  0.1003 -0.0003  0.1033 0 
 42.5727 -0.4557 -0.2858  0.0463  0.1052  0.0201  0.2671  0.1008 -0.0003  0.0784 0 
 38.7915  0.4378  2.8274  0.0743  0.7410  0.0408  0.3652  0.0482 -0.0003  0.5823 0 
 45.6672 -0.0406 -2.4877  0.0121  0.1466  0.0407  0.3059  0.0963 -0.0003  0.0828 0 
 42.5147  0.0520  0.6367  0.0964  0.2358  0.1093  0.4008  0.0862 -0.0003  0.4815 0 
 45.9937  0.3292 -0.9195  0.0551  0.2604  0.0506  0.3926  0.0397 -0.0003  0.2774 0 
 36.4782 -0.3306  2.2166  0.0532  0.1597  0.0082  0.1857  0.0164  0.1406  0.4150 0 
 40.5951  0.1612  0.6679  0.0218  0.2333  0.0244  0.3607  0.0280 -0.0003  0.0856 0 
 35.9716 -0.1234 -2.4646  0.0155  0.5899  0.0306  0.2331  0.0046 -0.0003  0.2102 0 
 45.3132  0.5627  1.5653  0.0866  0.3926  0.0364  0.3503  0.0920 -0.0003  0.5118 0 
 42.6154 -0.5479 -1.5600  0.0016  0.2348  0.0179  0.3116  0.0899 -0.0003  0.0523 0 
 45.7923 -0.1836 -2.8704  0.0118  0.3946  0.0947  0.6987  0.0963 -0.0003  0.3040 0 
 43.7568  0.1835  0.2466  0.0094  0.4804  0.0298  0.1768  0.0190 -0.0003  0.1677 0 
 55.6405  0.3559 -1.4872  0.0619  0.3487  0.0740  0.4571  0.0433 -0.0003  0.3829 0 
 40.5829 -0.3202  1.6803  0.0358  0.3976  0.0949  0.5862  0.0571 -0.0003  0.3243 0 
 60.9384  0.4346 -2.5821  0.0242  0.1854  0.0163  0.3251  0.0489 -0.0003  0.0566 0 
 42.7802 -0.4250  0.5620  0.2923  0.6473  0.0236  0.2668  0.2734 -0.0003  0.9629 0 
 57.3373 -0.4250  0.9899  0.0041  0.4888  0.0432  0.2887  0.0412 -0.0003  0.1627 0 
 40.5066  0.4578 -2.1529  0.0283  0.3747  0.0157  0.2707  0.0276 -0.0003  0.1000 0 
 44.0528  0.5792 -0.2654  0.0099  0.4467  0.1120  0.6176  0.1385 -0.0003  0.3117 0 
 31.7052 -0.5813  2.9003  0.0066  0.2868  0.0497  0.3865  0.0547 -0.0003  0.1293 0 
 48.2063 -0.3845 -1.9386  0.2290  0.5734  0.0365  0.7326  0.5852 -0.0003  0.9963 1 
 44.6571  0.3978  1.2251  0.0506  0.4015  0.0352  0.4396  0.0722  0.3111  0.8386 1 
 46.1738  0.0623  2.7263  0.5544  0.3122  0.0407  0.3486  0.4711 -0.0003  0.9968 1 
 36.2737 -0.0398 -0.4245  0.1812  0.7056  0.0185  0.4650  0.1245 -0.0003  0.7998 1 
 41.2573  0.0613 -2.5925  0.0185  0.5818  0.0998  0.4938  0.0257 -0.0003  0.2373 0 
 38.1903 -0.0498  0.5592  0.0421  0.1524  0.0417  0.1376  0.0121 -0.0003  0.1311 0 
 47.5135  0.7734 -1.8336  0.0061  0.4022  0.0761  0.4325  0.0788 -0.0003  0.1938 0 
 47.3579 -0.7815  1.2782  0.0143  0.3991  0.0392  0.3896  0.0523  0.0574  0.2713 0 
 49.5247 -0.0485 -1.6613  0.0027  0.1515  0.0289  0.3851  0.0037 -0.0003  0.0628 0 
 41.6205  0.0768  1.4869  0.0997  0.5166  0.0224  0.4479  0.1454 -0.0003  0.6843 0 
 46.0853  0.7288  1.0891  0.0686  0.2105  0.0673  0.2616  0.0175 -0.0003  0.2754 0 
 43.8819 -0.7003 -2.0537  0.0107  0.3842  0.0537  0.2650  0.0644 -0.0003  0.1967 0 
 49.4667  0.5363  0.0595  0.0099  0.2242  0.0505  0.3853  0.0765 -0.0003  0.1250 0 
 36.9360 -0.5200 -3.1100  0.0033  0.0653  0.5074  0.4164  0.1754 -0.0003  0.1664 0 
 45.6123 -0.1615 -2.7392  0.0931  0.3529  0.0406  0.3935  0.0367 -0.0003  0.4577 0 
 41.8647  0.1541  0.4077  0.0143  0.1841  0.0689  0.4025  0.0030 -0.0003  0.1244 0 
 54.9996 -0.4678  1.3350  0.0430  0.5479  0.0394  0.3751  0.0517 -0.0003  0.3473 0 
 49.6590  0.4876 -1.7891  0.2575  0.3629  0.0326  0.3849  0.2217 -0.0003  0.9105 0 
 31.2078 -0.1235  2.0352  0.1101  0.4109  0.0289  0.5339  0.1171  0.0977  0.7934 1 
 26.7735  0.0861 -1.1077  0.5075  0.6800  0.0428  0.4572  4.0000  0.3209  0.9987 1 
 43.7415  0.3728  1.2035  0.3267  0.6531  0.0357  0.1326  0.3797 -0.0003  0.9872 1 
 40.5493 -0.3917 -1.8946  0.1511  0.3457  0.0257  0.5413  0.2182 -0.0003  0.8632 1 
 48.3223  0.6787  3.0412  0.0208  0.1388  0.1215  0.3445  0.0921 -0.0003  0.1285 0 
 47.3518 -0.7036 -0.1455  0.0070  0.3602  0.0252  0.2597  0.0244 -0.0003  0.0902 0 
 47.3243 -0.0854  2.6095  0.0127  0.5407  0.1593  0.6495  0.0632 -0.0003  0.2751 0 
 46.7567  0.0862 -0.5120  0.0450  0.2208  0.0430  0.2172  0.0224 -0.0003  0.1721 0 
 56.0128  0.7456  1.8835  0.0234  0.1797  0.0271  0.2489  0.0291 -0.0003  0.0645 0 
 48.9479 -0.7347 -1.2520  0.0126  0.6302  0.0463  0.3434  0.0164 -0.0003  0.2218 0 
 49.2653 -0.6624 -1.3329  0.0804  0.2982  0.0834  0.3857  0.0118 -0.0003  0.3844 0 
 48.2399  0.6492  1.7866  0.0154  0.1016  0.2531  0.3877  0.0765 -0.0003  0.1058 0 
 48.0903 -0.1009 -2.5181  0.0084  0.3685  0.0913  0.4312  0.0247 -0.0003  0.1709 0 
 46.2501  0.1258  0.6365  0.0334  0.3889  0.0429  0.3920  0.0975 -0.0003  0.3073 0 
 47.0008 -0.4091  1.0261  0.3743  0.5938  0.0329  0.6072  0.3867 -0.0003  0.9896 1 
 44.2725  0.3979 -2.1241  0.0204  0.5932  0.0682  0.5728  0.0931 -0.0003  0.3083 1 
 41.5595  0.7237  3.0173  0.1531  0.6104  0.0666  0.4481  0.1345  0.1658  0.8898 1 
 39.0661 -0.6826 -0.1881  0.0110  0.3857  0.1198  0.5012 -0.0200 -0.0003  0.1856 1 
 42.0325 -0.7991 -1.9066  0.1333  0.6336  0.0236  0.4021  0.3132  0.0844  0.9184 1 
 33.1304  0.7511  1.2646  0.2376  0.5918  0.0316  0.7156  0.1236 -0.0003  0.9156 1 
 45.7191 -0.1377  0.0675  0.0091  0.4877  0.0326  0.3932  0.0237  0.2329  0.5220 0 
 44.7272  0.1420 -3.0722  0.1099  0.0641  0.0552  0.4394  0.1898  0.2237  0.7370 0 
 48.2612  0.0244 -1.9242  0.0535  0.3015  0.0488  0.3446  0.0202 -0.0003  0.2770 0 
 45.4871  0.0082  1.2428  0.0182  0.2222  0.1024  0.4375  0.0961 -0.0003  0.2024 0 
 45.9785 -0.5827  1.4736  0.2584  0.1315  0.1035  0.5671  0.3382 -0.0003  0.9840 1 
 43.3356  0.5844 -1.6833  0.3166  0.4583  0.0337  0.4431  0.4177 -0.0003  0.9922 1 
 52.0485 -0.4771 -2.0237  0.0048  0.1080  0.0137  0.1690  0.1768 -0.0003  0.0922 0 
 44.8005  0.4671  1.1079  0.0472  0.1522  0.0331  0.2196  0.1097 -0.0003  0.1510 0 
 43.6835  0.2069 -1.1922  0.2861  0.7789  0.0765  0.4864  0.2603  0.5886  0.9997 1 
 35.1873 -0.2152  1.9316  0.5617  0.4633  0.0282  0.2814  0.5745  0.2839  0.9994 1 
 47.6295  0.4287  2.1624  0.0344  0.7194  0.0565  0.2161  0.0190 -0.0003  0.4201 0 
 46.0578 -0.4260 -0.9795  0.0327  0.1711  0.0457  0.3924  0.0429 -0.0003  0.1366 0 
 50.6935 -0.6892  0.0784  0.0154  0.7326  0.0407  0.5105  0.0440 -0.0003  0.2497 0 
 45.6214  0.6928 -3.1042  0.0016  0.1749  0.0301  0.3497  0.0159 -0.0003  0.0577 0 
 44.8554 -0.5241 -0.5477  0.0153  0.8230  0.0532  0.8342  0.1055 -0.0003  0.4372 0 
 39.4842  0.5246  2.5655  0.0379  0.4331  0.0254  0.4543  0.0659  0.1487  0.5340 0 
 42.1546 -0.5568  1.5680  0.0031  0.3538  0.0638  0.3125  0.1400 -0.0003  0.2600 0 
 41.5564  0.5834 -1.5864  0.0652  0.5095  0.0268  0.2240  0.0444 -0.0003  0.2723 0 
 45.9785 -0.3299  3.0038  0.8707  0.7816  0.0479  0.6544  0.7031  0.2440  0.9983 1 
 40.9033  0.3131 -0.1189  0.1144  0.5800  0.0337  0.3600  0.1817 -0.0003  0.8031 1 
 48.7556 -0.3811 -1.2028  0.0399  0.6557  0.1786  0.4297  0.0450 -0.0003  0.3276 0 
 46.8818  0.3346  1.9000  0.0407  0.5759  0.0222  0.2170  0.0649 -0.0003  0.1883 0 
 44.8768 -0.6690 -1.3429  0.1340  0.6593  0.0689  0.2195  0.1656  0.1939  0.8881 1 
 30.7805  0.6419  1.8098  0.3053  0.1749  0.0234  0.3411  0.4001 -0.0003  0.9736 1 
 49.7414 -0.5064 -2.2360  0.0909  0.1411  0.0454  0.2137  0.1881  0.1614  0.6677 0 
 46.2867  0.5009  0.9257  0.1671  0.1078  0.0198  0.1306  0.1796 -0.0003  0.4327 0 
 55.1156 -0.0783  0.6234  0.0037  0.2507  0.1209  0.5831  0.0054 -0.0003  0.1657 0 
 39.1730  0.0578 -2.4957  0.1928  0.1328  0.0298  0.3642  0.1000 -0.0003  0.5501 0 
 47.8004 -0.0227  2.6586  0.1394  0.1941  0.0521  0.3455  0.1240 -0.0003  0.6065 0 
 39.0814  0.0085 -0.4705  0.0294  0.4126  0.0276  0.2733  0.0058 -0.0003  0.1788 0 
 45.5756  0.5069 -1.7021  0.0870  0.6668  0.1705  0.3935  0.2180 -0.0003  0.8653 0 
 45.5512 -0.5851  1.4612  0.0051  0.5240  0.0830  0.3936  0.0146 -0.0003  0.1776 0 
 52.3293 -0.6477  2.5753  0.1260  0.4571  0.0659  0.2532  0.2857 -0.0003  0.9096 1 
 37.9736  0.6888 -0.6224  0.3082  0.4442  0.0603  0.1837  0.1740 -0.0003  0.9410 1 
 46.0517  0.7507 -1.0662  0.2069  0.5667  0.0473  0.4797  0.3131 -0.0003  0.9765 1 
 36.5393 -0.7148  2.1178  0.1234  0.1141  0.0995  0.3713  0.1149 -0.0003  0.4702 1 
 57.9477  0.2789  2.4131  0.4786  0.6122  0.0869  0.2880  0.4362 -0.0003  0.9975 1 
 44.0864 -0.2590 -0.6793  0.7011  0.5064  0.0941  0.4852  0.3327 -0.0003  0.9935 1 
 50.5592 -0.3514 -2.0258  0.1179  0.2565  0.0663  0.4257  0.0252 -0.0003  0.4622 0 
 42.9969  0.3736  1.1337  0.0653  0.2390  0.2181  0.4884  0.0223 -0.0003  0.3453 0 
 63.8651 -0.0188  0.1640  0.0031  0.2414  0.4239  0.3616  0.0318 -0.0003  0.2049 0 
 46.3691  0.0245 -3.0266  0.0019  0.4599  0.1017  0.6094  0.0894 -0.0003  0.2329 0 
 49.3416  0.2504  2.4832  0.1376  0.4563  0.0209  0.2570  0.1821 -0.0003  0.6299 1 
 36.8139 -0.2455 -0.6612  0.2015  0.0778  0.0796  0.2316  0.0836 -0.0003  0.4845 1 
 45.0843  0.6835  0.5928  0.0503  0.7682  0.0808  0.6577  0.1339 -0.0003  0.6033 0 
 44.6265 -0.6820 -2.5919  0.0515  0.4935  0.1581  0.5276  0.0926 -0.0003  0.3750 0 
 45.6336 -0.6551  2.4937  0.2997  0.3309  0.0256  0.3497  0.3173 -0.0003  0.9634 0 
 29.5445  0.6691 -0.7036  0.0985  0.2340  0.0888  0.6905  0.1110 -0.0003  0.6988 0 
 43.0610 -0.7755  2.0910  0.0179  0.6779  0.1394  0.6214  0.0124 -0.0003  0.2686 0 
 42.9908  0.7832 -1.0411  0.0249  0.5503  0.0163  0.0888  0.0220 -0.0003  0.1537 0 
 47.7882 -0.7866  1.8821  0.0536  0.4708  0.0491  0.4319  0.1458 -0.0003  0.5595 1 
 39.2615  0.7338 -1.1354  0.2932  0.3037  0.0318  0.5460  0.3323 -0.0003  0.9824 1 
 50.6020 -0.7323 -2.6658  0.1685  0.3725  0.0365  0.2553  0.0710 -0.0003  0.6256 0 
 45.0996  0.7273  0.4614  0.0124  0.4144  0.0172  0.2631  0.0075 -0.0003  0.1010 0 
 49.5033  0.4393 -2.4544  0.0254  0.7616  0.1442  0.7704  0.0513 -0.0003  0.3405 0 
 39.4659 -0.4502  0.6371  0.0779  0.1410  0.0211  0.3635  0.1769 -0.0003  0.3071 0 
 44.1047 -0.2813 -2.0874  0.4569  0.2246  0.0704  0.2205  0.4490  0.5238  0.9998 1 
 39.7314  0.3037  1.0936  0.1262  0.5234  0.0995  0.4536  0.1943  0.6263  0.9978 1 
 49.0700  0.7169  2.3179  0.0416  0.6250  0.0558  0.4718 -0.0200 -0.0003  0.2737 0 
 45.6306 -0.7335 -0.8583  0.0197  0.5414  0.0610  0.5245  0.1542 -0.0003  0.3811 0 
 52.9335 -0.7666  2.2151  0.0055  0.1225  0.2744  0.2525  0.1113 -0.0003  0.1548 0 
 39.9573  0.7778 -0.9842  0.0886  0.6814  0.0121  0.0905  0.0516 -0.0003  0.2895 0 
 50.6722 -0.5815  2.0633  0.0990  0.5272  0.0421  0.2553  0.0865 -0.0003  0.6298 0 
 46.3691  0.5924 -1.0754  0.0054  0.3163  0.1401  0.3918  0.0073 -0.0003  0.1663 0 
 48.2704  0.3452  0.3810  0.0046  0.6107  0.0199  0.2585  0.0202 -0.0003  0.1175 0 
 47.3091 -0.3526 -2.7661  0.1053  0.1594  0.0123  0.2165  0.2278 -0.0003  0.3639 0 
 54.9142  0.1840  1.3492  0.3016  0.1243  0.0410  0.3335  0.2047  0.1647  0.9467 0 
 44.0162 -0.1976 -1.7703  0.0072  0.8298  0.0397  0.4412  0.0308 -0.0003  0.2107 0 
 43.4272  0.0173  0.4995  0.0323  0.2784  0.0355  0.2657  0.0622 -0.0003  0.1477 0 
 35.9197 -0.0410 -2.6656  0.0195  0.1119  0.0725  0.1865  0.0157 -0.0003  0.1016 0 
 51.2520 -0.5866 -0.6602  0.0314  0.3981  0.0362  0.4666  0.1197 -0.0003  0.3423 0 
 47.3884  0.5769  2.4706  0.0181  0.1378  0.0378  0.3463  0.0020 -0.0003  0.0814 0 
 47.1046 -0.3667 -1.4011  0.0501  0.6390  0.1595  0.3902  0.0163 -0.0003  0.3155 0 
 33.0205  0.3641  1.7130  0.0006  0.0367  0.0853  0.2388  0.1661 -0.0003  0.1150 0 
 49.2409 -0.6055  1.4312  0.0119  0.4590  0.0317  0.3429  0.0335 -0.0003  0.1404 0 
 43.1373  0.6172 -1.7166  0.0102  0.2127  0.0408  0.1774  0.0402 -0.0003  0.0953 0 
 48.6519 -0.6885 -0.9383  0.0677  0.2561  0.0663  0.4729  0.0743 -0.0003  0.4111 0 
 44.1718  0.6913  2.2444  0.0218  0.8183  0.0222  0.3086  0.0740 -0.0003  0.2022 0 
 51.0384  0.4466  2.0987  0.0057  0.1152  0.0714  0.3822  0.0641 -0.0003  0.0826 0 
 48.3131 -0.4632 -1.0535  0.0203  0.4324  0.0265  0.4737  0.0328 -0.0003  0.1926 0 
 52.1370 -0.5423 -2.3866  0.0247  0.1524  0.0580  0.4224  0.1470 -0.0003  0.2045 0 
 26.9963  0.5380  0.7954  0.0716  0.3493  0.0295  0.2534  0.1998 -0.0003  0.4957 0 
 49.8177 -0.2309 -0.4629  0.0202  0.7717  0.0327  0.2991  0.1050 -0.0003  0.2694 0 
 41.0010  0.2525  2.6542  0.0318  0.1998  0.0484  0.3598  0.1959 -0.0003  0.3194 0 
 48.7221  0.5435 -3.0705  0.0053  0.4367  0.0270  0.2149  0.0541 -0.0003  0.1133 0 
 46.6438 -0.5392  0.0420  0.0207  0.7868  0.0224  0.5215  0.1320 -0.0003  0.3766 0 
 45.5024  0.3268  1.7962  0.2308  0.7075  0.0436  0.4812  0.2277 -0.0003  0.9547 1 
 44.9409 -0.3205 -1.3509  0.2486  0.6121  0.0551  0.2194  0.2138 -0.0003  0.9555 1 
 48.2155  0.3081 -2.1898  0.0107  0.5111  0.0391  0.4309  0.0723 -0.0003  0.1990 0 
 39.6124 -0.2906  0.9265  0.0190  0.4236  0.0576  0.3177  0.0917 -0.0003  0.2786 0 
 45.5055  0.3459 -0.5268  0.0853  0.5005  0.0398  0.2624 -0.0200 -0.0003  0.4960 1 
 39.5483 -0.3241  2.6161  0.4672  0.3841  0.0389  0.4541  0.5710 -0.0003  0.9977 1 
 52.4453  0.7735 -1.5612  0.1548  0.1052  0.0531  0.3796  0.1110 -0.0003  0.4931 1 
 45.2369 -0.7764  1.5644  0.3615  0.4755  0.0614  0.4381  0.3166 -0.0003  0.9905 1 
 46.0182  0.3489  1.4539  0.0369  0.3591  0.0388  0.2617  0.2003 -0.0003  0.4369 0 
 40.1526 -0.3741 -1.6755  0.0020  0.1510  0.0367  0.2261  0.0499 -0.0003  0.0541 0 
 46.4210  0.3045 -0.1529  0.3178  0.3412  0.0504  0.4352  0.4766 -0.0003  0.9961 1 
 35.3796 -0.3314  2.9528  0.0382  0.4308  0.0305  0.4683  0.1640  0.1353  0.6450 1 
 55.7137  0.4375  1.0585  0.0128  0.4413  0.3457  0.3739  0.0097 -0.0003  0.2155 0 
 45.5543 -0.3603 -2.0604  0.0605  0.1625  0.1910  0.8746  0.0279 -0.0003  0.4944 0 
 51.2093 -0.0579  0.4444  0.0159  0.3464  0.3029  0.5516  0.0797 -0.0003  0.3182 0 
 43.2563  0.0428 -2.7098  0.0009  0.3354  0.0783  0.2660  0.0421 -0.0003  0.1763 0 
 52.6864 -0.3665  1.8343  0.1168  0.5334  0.0327  0.3791  0.1149 -0.0003  0.7073 0 
 50.1534  0.3774 -1.2805  0.0520  0.1965  0.0684  0.3412  0.0242 -0.0003  0.2144 0 
 46.5034  0.0760  0.5478  0.0302  0.2261  0.0662  0.3914  0.0085 -0.0003  0.1806 0 
 38.7884 -0.0991 -2.5814  0.0600  0.8958  0.0315  0.2739  0.1027 -0.0003  0.4723 0 
 51.7952  0.4372 -2.1534  0.0366  0.1094  0.0468  0.3808  0.0258 -0.0003  0.1025 0 
 44.7822 -0.4268  0.9962  0.0133  0.6763  0.0100  0.3514  0.0213 -0.0003  0.1106 0 
 43.4516 -0.1717 -1.4282  0.0194  0.5047  0.0244  0.3542  0.0047 -0.0003  0.1712 0 
 33.6278  0.1752  1.7144  0.0161  0.3475  0.0174  0.2851 -0.0200  0.1235  0.3163 0 
 51.2032  0.5231  2.8566  0.5942  0.5604  0.1158  0.6365  0.8092 -0.0003  0.9985 1 
 37.9583 -0.5195 -0.3025  0.0005  0.4937  0.0385  0.3214  0.2062 -0.0003  0.3444 1 
 53.0373 -0.5968  2.2052  0.0248  0.3551  0.0342  0.2523  0.0134 -0.0003  0.1664 0 
 49.0852  0.5982 -0.9341  0.0273  0.2020  0.0350  0.5576  0.0263  0.0613  0.2569 0 
 50.1778 -0.7674  0.0152  0.0387  0.3279  0.0423  0.3838  0.0402 -0.0003  0.2374 0 
 43.2685  0.7672  3.1353  0.0051  0.6380  0.0270  0.2217  0.0969 -0.0003  0.1560 0 
 49.6864 -0.6008 -2.7473  0.2918  0.2925  0.0749  0.4276  0.2830 -0.0003  0.9844 0 
 38.2635  0.5980  0.3966  0.0272  0.4928  0.0268  0.3666  0.0472 -0.0003  0.1846 0 
 51.1360 -0.2763 -0.3303  0.5086  0.5181  0.0307  0.3396  0.5364 -0.0003  0.9977 1 
 49.5888  0.2765  2.8180  0.0337  0.4858  0.0639  0.2995  0.1186 -0.0003  0.4636 1 
 47.8706  0.2550 -1.5484  0.0380  0.2704  0.0418  0.3885  0.1635 -0.0003  0.3490 0 
 43.1006 -0.2222  1.6147  0.2776  0.5998  0.0128  0.3550  0.2159 -0.0003  0.8987 0 
 60.2365 -0.5021  1.6224  0.3657  0.5554  0.0875  0.3260  0.5245 -0.0003  0.9978 1 
 43.9612  0.5161 -1.5122  0.1620  0.1239  0.1482  0.3090  0.2878  0.1982  0.9196 1 
 45.8595  0.7630 -0.1953  0.1641  0.7356  0.3063  0.4365  0.1490  0.9806  0.9870 1 
 44.8798 -0.7784  2.8903  0.1027  0.2567  0.0496  0.3512  0.1102  0.4595  0.9918 1 
 45.8442  0.2051  1.0290  0.0798  0.5726  0.0797  0.6985  0.1100  0.0882  0.7793 0 
 36.9085 -0.1969 -2.0900  0.0235  0.4431  0.0461  0.1388  0.0894 -0.0003  0.2897 0 
 45.3162 -0.7846  0.6689  0.0083  0.5387  0.0290  0.3941  0.0259 -0.0003  0.1474 0 
 32.9961  0.7486 -2.5328  0.0450  0.2368  0.0787  0.1911  0.0185 -0.0003  0.2795 0 
 61.9364  0.2470 -2.6390  0.0147  0.2933  0.0281  0.2428  0.0226 -0.0003  0.0933 0 
 50.7454 -0.2413  0.4930  0.0063  0.1469  0.0428  0.2977  0.0257 -0.0003  0.0653 0 
 45.3773 -0.7096 -2.5503  0.4068  0.3994  0.0996  0.2627  0.5054 -0.0003  0.9979 1 
 33.2464  0.7495  0.5290  0.0200  0.6715  0.0126  0.3336  0.0394 -0.0003  0.1264 1 
 44.6815 -0.0484  0.6344  0.1261  0.6377  0.0295  0.3077  0.0731 -0.0003  0.6494 0 
 41.2299  0.0349 -2.4606  0.0614  0.4603  0.0786  0.4939  0.0084 -0.0003  0.3537 0 
 45.9815 -0.7679  1.0719  0.0020  0.5961  0.1459  0.4798  0.0941 -0.0003  0.2720 0 
 31.3298  0.7505 -2.0097  0.0764  0.1336  0.0269  0.1454  0.0091 -0.0003  0.1258 0 
 46.9154  0.3761 -2.9636  0.0172  0.0495  0.0334  0.4340  0.1019 -0.0003  0.0885 0 
 30.1946 -0.3772  0.1450  0.0879  0.5103  0.0107  0.2450  0.0563  0.0970  0.4356 0 
 43.7476 -0.4851 -0.4212  0.2377  0.1975  0.0591  0.4862  0.4345 -0.0003  0.9887 1 
 38.0957  0.5031  2.7093  0.2776  0.5823  0.0097  0.2294  0.1555  0.1756  0.8884 1 
 42.9541 -0.0552  0.8330  0.0305  0.7730  0.0388  0.4441  0.0217 -0.0003  0.3040 1 
 36.5301 -0.0425 -2.3731  0.4006  0.4144  0.1174  0.3249  0.1537  0.6579  0.9996 1 
 51.7494  0.2718 -1.9542  0.0003  0.0927  0.0547  0.4232  0.0400 -0.0003  0.0708 0 
 44.4404 -0.2604  1.2025  0.0131  0.4395  0.1076  0.3521  0.0189 -0.0003  0.1963 0 
 51.2123 -0.2906 -0.2110  0.0091  0.1676  0.0545  0.3819  0.0125 -0.0003  0.0976 0 
 49.9580  0.2889  2.9528  0.0378  0.2867  0.0272  0.2989  0.0700 -0.0003  0.1434 0 
 46.9306 -0.4671  1.0167  0.0005  0.4071  0.1654  0.5641  0.0496 -0.0003  0.2187 0 
 46.1524  0.4739 -2.0793  0.0176  0.1023  0.1638  0.2615  0.0112 -0.0003  0.0701 0 
 53.5042 -0.2769  1.2880  0.0134  0.3914  0.1370  0.5875  0.0233 -0.0003  0.2301 0 
 43.1464  0.2418 -1.8707  0.0103  0.5516  0.0266  0.3993  0.0187 -0.0003  0.1534 0 
 48.7434 -0.3205 -0.0965  0.7563  0.3492  0.0498  0.5586  0.6809 -0.0003  0.9976 1 
 45.3498  0.3080  3.0518  0.0094  0.6771  0.0225  0.3940  0.0180 -0.0003  0.1469 1 
 50.8156  0.1182  0.8733  0.0726  0.1835  0.0449  0.5952  0.0589 -0.0003  0.4029 0 
 44.2420 -0.1178 -2.2649  0.0130  0.7584  0.0382  0.4407  0.0537 -0.0003  0.2301 0 
 48.0110  0.1442 -3.0606  0.0323  0.1484  0.0787  0.2588  0.0108 -0.0003  0.1295 0 
 46.8788 -0.1695  0.1282  0.1144  0.2042  0.1411  0.6945  0.0472 -0.0003  0.5650 0 
 46.8788 -0.0921  1.0248  0.0173  0.3166  0.0647  0.3038  0.0091 -0.0003  0.1963 0 
 43.5004  0.0855 -2.1266  0.0456  0.1006  0.0179  0.1771  0.0068  0.1127  0.2319 0 
 48.4657 -0.4776 -0.5917  0.2114  0.2558  0.0490  0.5164  0.1846  0.2449  0.9728 1 
 42.4964  0.4728  2.5907  0.5580  0.4732  0.0180  0.3118  0.4324 -0.0003  0.9970 1 
 41.8494  0.6809 -1.2633  0.2931  0.5277  0.0232  0.5814  0.6104  0.2447  0.9989 1 
 35.3521 -0.6422  1.8600  0.2739  0.2598  0.0256  0.3279  0.2695  0.1830  0.9857 1 
 40.0610  0.5109  1.8595  0.1494  0.2352  0.0337  0.4073  0.1528 -0.0003  0.7026 1 
 36.1120 -0.4610 -1.3094  0.4348  0.5961  0.0333  0.3725  0.3066  0.4008  0.9993 1 
 47.0649 -0.1661 -2.7589  0.0065  0.1632  0.0431  0.3902  0.0392 -0.0003  0.0793 0 
 42.5147  0.1838  0.3754  0.0984  0.5869  0.0331  0.3117  0.1176 -0.0003  0.6431 0 
 48.2551  0.2922 -0.0685  0.0036  0.2806  0.1741  0.1723  0.0276 -0.0003  0.1965 0 
 42.5574 -0.2920  3.0707  0.0028  0.2862  0.1270  0.4898  0.0123  0.3986  0.4031 0 
 49.2500  0.2362  2.0772  0.0425  0.0758  0.0651  0.4714  0.0401 -0.0003  0.1250 0 
 44.0528 -0.2326 -1.0735  0.0633  0.5081  0.0117  0.3971  0.1202 -0.0003  0.3289 0 
 46.0395 -0.7698 -1.2709  0.1915  0.3606  0.0175  0.2617  0.3319  0.0556  0.8814 1 
 43.2898  0.7649  1.8810  0.0273  0.5764  0.0339  0.5762  0.0259 -0.0003  0.2813 1 
 48.7770 -0.3339 -2.7068  0.0681  0.5291  0.0970  0.4296  0.0598  0.3256  0.7619 0 
 43.8025  0.3291  0.4116  0.0204  0.4156  0.0446  0.4860  0.0306 -0.0003  0.2226 0 
 44.1474 -0.2430 -0.6621  0.0063  0.3011  0.0228  0.3968  0.0618 -0.0003  0.0807 0 
 37.9095  0.2414  2.4742  0.0098  0.2017  0.0276  0.2297  0.1785 -0.0003  0.1713 0 
 42.6001 -0.5331 -0.7125  0.0000  0.0846  0.0042  0.1780  0.1939 -0.0003  0.0786 0 
 41.5290  0.5418  2.4173  0.0092  0.3723  0.0060  0.1793 -0.0200 -0.0003  0.1144 0 
 48.2673  0.2230 -2.9106  0.0092  0.3967  0.2282  0.5600  0.0429 -0.0003  0.2552 0 
 43.1708 -0.1951  0.2743  0.0013  0.4896  0.0207  0.3548  0.0538 -0.0003  0.0888 0 
 48.2307 -0.6840  0.7056  0.0042  0.8180  0.0435  0.3447  0.0656 -0.0003  0.2226 0 
 46.1372  0.7075 -2.4411  0.0526  0.1367  0.0438  0.4794  0.0992  0.0390  0.3059 0 
 36.7071 -0.0679 -1.8929  0.2292  0.0718  0.1267  0.1854  0.2974  0.1416  0.8602 1 
 27.0573  0.1239  1.1965  0.3495  0.4887  0.0111  0.2532  0.3275  0.2155  0.9918 1 
 47.1778  0.6615 -0.6914  0.0122  0.3113  0.0315  0.3900  0.0115 -0.0003  0.1216 0 
 46.0761 -0.6559  2.4711  0.0091  0.3042  0.0121  0.1744  0.0117 -0.0003  0.0784 0 
 45.5207  0.5805  2.9042  0.0223  0.4439  0.0832  0.5249  0.0950 -0.0003  0.2940 0 
 45.1514 -0.5196 -0.1851  0.0057  0.3471  0.0697  0.2192  0.1044 -0.0003  0.2771 0 
 46.1067 -0.3663 -0.8033  0.3755  0.4949  0.1707  0.4795  0.6008 -0.0003  0.9990 1 
 40.3693  0.3321  2.3393  0.3602  0.3918  0.1756  0.5871  0.1531 -0.0003  0.9749 1 
 48.9357 -0.5849 -0.9526  0.0307  0.2931  0.0472  0.5151  0.0278  0.1717  0.4195 0 
 44.1810  0.5758  2.1848  0.0152  0.0057  0.0570  0.1763  0.0114 -0.0003  0.0811 0 
 45.0111  0.4378 -0.8057  0.0728  0.0489  0.0370  0.3948  0.0445 -0.0003  0.1038 0 
 40.8118 -0.4174  2.3430  0.0045  0.5203  0.0546  0.4052  0.0235 -0.0003  0.1733 0 
 48.8289 -0.2187 -0.9710  0.0095  0.1994  0.0331  0.2147  0.0003 -0.0003  0.0844 0 
 46.6621  0.2402  2.2026  0.0553  0.5638  0.0672  0.3911  0.1380  0.1252  0.7299 0 
 44.3549  0.1334  0.6904  0.0262  0.2607  0.0334  0.3963  0.0526 -0.0003  0.1435 0 
 40.5432 -0.0941 -2.4483  0.0441  0.6180  0.0339  0.1353  0.0616  0.2342  0.7072 0 
 46.7994  0.1856  0.7148  0.1265  0.2228  0.1886  0.6948  0.3206 -0.0003  0.9649 0 
 43.7751 -0.1383 -2.4131  0.0680  0.5664  0.0955  0.5745  0.0317 -0.0003  0.3818 0 
 46.6651  0.4298 -1.9926  0.0598  0.1710  0.1602  0.3476  0.0930  0.1082  0.4673 0 
 44.0620 -0.4139  1.1467  0.0029  0.7666  0.0259  0.2647  0.0522 -0.0003  0.1428 0 
 46.9215 -0.5144 -0.4952  0.0506  0.1053  0.0297  0.4773  0.2191 -0.0003  0.2828 1 
 45.4597  0.5197  2.6468  1.1786  0.4364  0.0396  0.5250 -0.0200  0.0771  0.9939 1 
 53.8827 -0.3359 -2.0534  0.0771  0.8921  0.0622  0.5026  0.1718  0.1717  0.8628 1 
 31.9921  0.3074  1.0529  0.2023  0.6418  0.0924  0.3373  0.1094  0.5690  0.9985 1 
 51.6762 -0.6935 -2.9972  0.0181  0.2088  0.1149  0.4656  0.0425 -0.0003  0.1645 0 
 45.6214  0.7073  0.1557  0.0031  0.4674  0.0689  0.4371  0.0488 -0.0003  0.1718 0 
 49.9855  0.5800 -2.5557  0.0055  0.1590  0.0159  0.2562  0.1395 -0.0003  0.0652 0 
 44.6693 -0.5703  0.5721  0.0409  0.3652  0.1023  0.4835  0.0266  0.4624  0.6701 0 
 50.3487  0.1641  0.3013  0.2534  0.1064  0.0308  0.3409  0.1629 -0.0003  0.7449 1 
 44.1230 -0.1686 -2.8357  0.1721  0.2546  0.0566  0.2646  0.2080 -0.0003  0.8472 1 
 46.6346  0.6333 -1.5290  0.0418  0.2140  0.0182  0.4781  0.1205  0.0233  0.2847 0 
 41.9165 -0.6154  1.5928  0.0095  0.2111  0.2237  0.4471  0.0289 -0.0003  0.1801 0 
 48.7984  0.1610  0.6952  0.0596  0.3092  0.0959  0.5155  0.0560 -0.0003  0.3847 0 
 46.9795 -0.1773 -2.4710  0.0619  0.6051  0.0388  0.5206  0.0734  0.1039  0.6544 0 
 50.6294  0.6615  1.9003  0.1395  0.4851  0.0367  0.2553  0.2601 -0.0003  0.8545 0 
 47.2084 -0.6693 -1.2301  0.0101  0.5520  0.1156  0.4332  0.0163 -0.0003  0.2121 0 
 40.5402  0.4158 -2.2657  0.0145  0.4768  0.1370  0.4511  0.0534 -0.0003  0.2404 0 
 35.8923 -0.4319  0.8478  0.0674  0.6300  0.0391  0.4198  0.0318 -0.0003  0.4923 0 
 53.8888  0.2007  0.4510  0.2718  0.3246  0.0797  0.4189  0.6489 -0.0003  0.9983 1 
 37.3602 -0.2180 -2.6657  0.0702  0.5015  0.0568  0.5535  0.1340  0.0732  0.7184 1 
 46.2287  0.5448 -1.8291  0.2182  0.2099  0.1335  0.6970 -0.0200 -0.0003  0.6695 1 
 36.1303 -0.5818  1.3490  0.0890  0.3341  0.0294  0.2793  0.1735  0.3800  0.9914 1 
 48.9815  0.6880 -0.8819  0.0941  0.2996  0.0316  0.2146  0.0735 -0.0003  0.3421 0 
 33.1182 -0.6912  2.2646  0.0747  0.4043  0.0260  0.2863  0.0455  0.1939  0.6897 0 
 45.5848  0.2956  1.2853  0.0809  0.4445  0.0841  0.3935  0.0405 -0.0003  0.4527 0 
 44.7669 -0.2858 -1.8579  0.0364  0.0962  0.0470  0.3514  0.0458 -0.0003  0.0927 0 
 48.2856  0.1532 -2.3601  0.0110  0.4016  0.0646  0.3876  0.0872 -0.0003  0.2212 0 
 44.4007 -0.1930  0.8186  0.0503  0.3781  0.2048  0.3082  0.0294 -0.0003  0.3186 0 
 46.1646 -0.4089  2.1664  0.0216  0.5851  0.1145  0.6101  0.0051 -0.0003  0.2512 0 
 44.8432  0.4137 -0.9608  0.0049  0.4124  0.0282  0.2195  0.0019 -0.0003  0.1438 0 
 47.6326  0.5911  0.3911  0.0877  0.2914  0.1424  0.4323  0.0224 -0.0003  0.3937 0 
 33.7194 -0.5856 -2.6862  0.0002  0.0643  0.0315  0.0949  0.0643 -0.0003  0.0636 0 
 40.9369  0.2385 -0.1677  0.0125  0.1016  0.2450  0.2699  0.0056 -0.0003  0.0829 0 
 37.9004 -0.2565  2.9387  0.0104  0.3818  0.0344  0.1838  0.0134 -0.0003  0.1679 0 
 44.7883 -0.2768 -1.4715  0.4652  0.4143  0.0638  0.3953  0.3568 -0.0003  0.9947 1 
 38.5687  0.2736  1.7134  0.2615  0.6063  0.0593  0.1829  0.3070 -0.0003  0.9796 1 
 44.5930  0.3678 -2.6585  0.0305  0.6112  0.0148  0.2639  0.0274 -0.0003  0.1393 0 
 41.5656 -0.3622  0.4665  0.0096  0.3040  0.1041  0.4928  0.0128 -0.0003  0.1702 0 
 46.5400  0.8014  3.0105  0.0034  0.1860  0.0459  0.2174  0.0118  0.0405  0.1244 0 
 39.8932 -0.8041 -0.1292  0.0723  0.3184  0.1123  0.3171  0.0891 -0.0003  0.4782 0 
 46.1189  0.7578 -0.5954  0.0038  0.4912  0.0780  0.4359  0.1003 -0.0003  0.2210 0 
 39.9939 -0.7428  2.5764  0.0036  0.1543  0.0486  0.1811 -0.0200 -0.0003  0.1119 0 
 48.1910 -0.6840  0.9727  0.0262  0.3318  0.0567  0.3447  0.0516 -0.0003  0.2209 0 
 40.4578  0.6713 -2.1421  0.0511  0.8179  0.0366  0.3159  0.1357 -0.0003  0.5418 0 
 47.1839 -0.0005 -1.1559  0.0992  0.6131  0.1145  0.6933  0.0855 -0.0003  0.6205 0 
 41.0254 -0.0120  2.0098  0.0212  0.4964  0.0242  0.2248  0.0400 -0.0003  0.1385 0 
 49.8329 -0.4120 -0.9989  0.1467  0.3642  0.0207  0.2564  0.0649 -0.0003  0.4230 0 
 34.4091  0.3695  2.1354  0.0370  0.8648  0.0624  0.5192  0.0456  0.2783  0.7286 0 
 42.5666  0.4298  2.9183  0.3441  0.3368  0.0286  0.2671  0.0902 -0.0003  0.7425 1 
 36.8017 -0.4486 -0.2540  0.6013  0.2203  0.0445  0.3242  0.2407 -0.0003  0.9812 1 
 40.5097  0.7358  1.7786  0.1247  0.6772  0.0204  0.4060  0.2139 -0.0003  0.7990 1 
 30.1366 -0.7166 -1.3742  0.0534  0.4573  0.1461  0.3923  0.0172 -0.0003  0.3051 1 
 31.5648  0.1879  1.0275  0.0327  0.2665  0.0125  0.2903  0.0507  0.1384  0.3538 1 
 24.0574 -0.0539 -2.0806  0.4060  0.5743  0.0300  0.2100  0.1771  0.3045  0.9838 1 
 49.4453  0.6424  1.3120  0.0721  0.4617  0.1034  0.3853  0.0253 -0.0003  0.3836 0 
 45.7252 -0.6201 -1.7961  0.2884  0.0742  0.0481  0.3058  0.3262 -0.0003  0.9385 0 
 56.3790 -0.7320 -1.5977  0.0977  0.1126  0.2752  0.3728  0.0693 -0.0003  0.3597 0 
 41.4832  0.6999  1.5596  0.0479  0.1198  0.1397  0.3138  0.0087 -0.0003  0.1203 0 
 49.1951  0.1141 -1.1474  0.0135  0.2951  0.0247  0.1715 -0.0009 -0.0003  0.1264 0 
 48.6671 -0.1226  2.0184  0.0111  0.1681  0.0092  0.1719  0.0073 -0.0003  0.0457 0 
 44.4709 -0.3685  2.3445  0.0417  0.3742  0.0403  0.3961  0.0711 -0.0003  0.3003 0 
 41.8585  0.3661 -0.7947  0.0675  0.3912  0.0565  0.4919  0.0226  0.0233  0.4495 0 
 55.1003  0.4108  1.7899  0.0809  0.1381  0.1927  0.5832  0.0900 -0.0003  0.4489 0 
 45.4810 -0.4157 -1.3210  0.0868  0.0721  0.0423  0.2625  0.0191 -0.0003  0.0975 0 
 54.0566  0.5007 -1.2273  0.0017  0.3064  0.0739  0.3348  0.0605 -0.0003  0.1488 0 
 47.6905 -0.4602  1.9539  0.0556  0.3442  0.0633  0.2593  0.0475 -0.0003  0.3735 0 
 42.2309  0.7717  2.0453  0.0244  0.2989  0.0230  0.2677  0.0252 -0.0003  0.0949 0 
 39.3194 -0.7610 -1.1045  0.0020  0.3979  0.0727  0.3639  0.0117 -0.0003  0.1633 0 
 46.8116  0.7599  0.8770  0.0010  0.1609  0.1202  0.3908  0.0956 -0.0003  0.1056 0 
 29.0990 -0.7590 -2.1610  0.0273  0.2901  0.0376  0.3468  0.0131 -0.0003  0.1593 0 
 47.7211 -0.1136 -0.5773  0.4818  0.4476  0.1444  0.6481  0.5496 -0.0003  0.9986 1 
 38.0621  0.1039  2.6096  0.0211  0.4803  0.0428  0.2294  0.0191 -0.0003  0.2455 1 
 42.3560  0.4811  1.5080  0.0231  0.4528  0.0745  0.4012  0.0058 -0.0003  0.2163 1 
 40.6287 -0.4480 -1.5456  0.3222  0.1333  0.1212  0.4057  0.2255 -0.0003  0.9618 1 
 50.8217 -0.3792  2.9621  0.0056  0.4565  0.0215  0.2976  0.0775 -0.0003  0.0986 0 
 46.7964  0.3748 -0.1805  0.0147  0.1483  0.0636  0.3908  0.0422 -0.0003  0.1031 0 
 51.3497 -0.7357 -0.5106  0.0167  0.2836  0.0399  0.3816  0.0052 -0.0003  0.1455 0 
 49.8421  0.7426  2.6118  0.0059  0.4070  0.0371  0.2991  0.0233 -0.0003  0.1330 0 
 47.7241  0.6166  3.0755  0.1837  0.2424  0.0236  0.2592  0.1984 -0.0003  0.7020 0 
 47.0985 -0.6238 -0.0802  0.0224  0.0726  0.0295  0.2168  0.0560  0.0112  0.0582 0 
 47.0985 -0.1760 -1.7397  0.0694  0.3053  0.0528  0.2168  0.0384 -0.0003  0.3626 0 
 42.6154  0.2047  1.4202  0.0123  0.5587  0.0271  0.3116  0.0208  0.2089  0.5158 0 
 46.8208 -0.3697  0.8441  0.0121  0.4616  0.0354  0.3474  0.0114 -0.0003  0.1708 0 
 46.8208  0.3547 -2.2985  0.0781  0.4122  0.0174  0.2605  0.0726 -0.0003  0.2349 0 
 48.2368  0.0514 -2.3085  0.0495  0.3196  0.0251  0.4309  0.0558 -0.0003  0.2499 0 
 41.9776 -0.0258  0.8054  0.1455  0.2249  0.0349  0.2681  0.1647 -0.0003  0.6609 0 
 40.6928 -0.2936 -1.1766  0.0019  0.1321  0.0193  0.1352  0.0174 -0.0003  0.0509 0 
 37.3846  0.2908  1.9038  0.0246  0.5570  0.0492  0.3689  0.0168 -0.0003  0.2531 0 
 47.8920 -0.3830  1.7312  0.0115  0.0949  0.0538  0.3453  0.0421 -0.0003  0.0724 0 
 37.9461  0.3919 -1.3917  0.0009  0.6684  0.0208  0.1837  0.0224 -0.0003  0.1341 0 
 54.0719  0.4437 -0.1428  0.0019  0.3575  0.1158  0.5859  0.0463 -0.0003  0.1963 0 
 46.5583 -0.4191  3.0088  0.0670  0.7610  0.0442  0.5218  0.0939 -0.0003  0.6200 0 
 53.4585 -0.4329  0.6283  0.0204  0.1167  0.0409  0.2938  0.0043 -0.0003  0.0754 0 
 50.1198  0.4321 -2.5062  0.0495  0.4875  0.2435  0.4266  0.0347 -0.0003  0.3340 0 
 45.7984  0.0121 -2.3166  0.0433  0.4280  0.0257  0.3494  0.0291 -0.0003  0.2139 0 
 45.1423 -0.0177  0.8258  0.0139  0.1624  0.0147  0.5260  0.0145 -0.0003  0.0899 0 
 38.8708  0.7139 -1.7798  0.0117  0.3848  0.0580  0.7300  0.1149 -0.0003  0.3235 0 
 38.3459 -0.7248  1.3671  0.0372  0.2561  0.0096  0.2290  0.0234 -0.0003  0.0733 0 
 48.7648 -0.7474 -0.4428  0.0118  0.5214  0.2095  0.6874  0.2221 -0.0003  0.5321 1 
 38.0224  0.7333  2.6721  0.0219  0.5899  0.0569  0.5508  0.0112 -0.0003  0.2354 1 
 52.1645  0.2496  1.6026  0.0212  0.4105  0.0346  0.2956  0.0128 -0.0003  0.1779 0 
 44.0070 -0.2447 -1.5483  0.0015  0.0631  0.0499  0.3972  0.0223 -0.0003  0.0654 0 
 43.8788  0.0565 -2.8551  0.1858  0.6052  0.0329  0.3533  0.1566 -0.0003  0.8488 1 
 28.3818 -0.0703  0.2658  0.0663  0.1646  0.0428  0.3993  0.1990 -0.0003  0.4123 1 
 46.7201  0.6674  0.7951  0.0257  0.1714  0.0340  0.3910  0.0341 -0.0003  0.1001 0 
 44.3244 -0.6724 -2.3750  0.0010  0.1948  0.0651  0.1762  0.0350 -0.0003  0.1193 0 
 44.2939 -0.3131  2.7814  0.0052  0.2213  0.0302  0.4846  0.0569 -0.0003  0.1035 0 
 43.5065  0.3123 -0.3550  0.0356  0.1801  0.0105  0.2213  0.0147 -0.0003  0.0542 0 
 45.2644  0.6024 -0.4986  0.0317  0.3180  0.0650  0.6570  0.0572 -0.0003  0.3407 0 
 43.8605 -0.5972  2.6345  0.0026  0.2600  0.0388  0.2208  0.0645 -0.0003  0.0891 0 
 48.8167  0.7731  2.3139  0.0378  0.3310  0.0229  0.3436  0.0870  0.0874  0.3817 0 
 43.9643 -0.7615 -0.7876  0.0046  0.6647  0.0510  0.4414  0.0246 -0.0003  0.1865 0 
 46.7994 -0.6583  2.4436  0.0349  0.2359  0.0724  0.3908  0.0360  0.3136  0.5237 0 
 46.2013  0.6575 -0.6953  0.1067  0.4884  0.0243  0.3485  0.1608 -0.0003  0.6468 0 
 50.1961  0.7593  0.0844  0.0174  0.4297  0.1911  0.3838  0.0417 -0.0003  0.2546 0 
 43.5584 -0.7615 -2.9380  0.0771  0.6868  0.0405  0.3983  0.0202 -0.0003  0.5537 0 
 40.1617  0.4709 -3.0818  0.0325  0.5617  0.0432  0.4522  0.0438 -0.0003  0.3018 0 
 39.3225 -0.5084  0.0505  0.0077  0.2712  0.1872  0.3638  0.0024 -0.0003  0.1732 0 
 50.8614 -0.4238  2.8857  0.0279  0.6098  0.0850  0.8076  0.1561 -0.0003  0.5063 0 
 36.3470  0.4105 -0.2603  0.0306  0.6907  0.0114  0.2789  0.0103 -0.0003  0.1448 0 
 49.1432  0.3587 -1.6408  0.0042  0.3622  0.1196  0.3430  0.0191 -0.0003  0.1682 0 
 43.7263 -0.3861  1.4672  0.0074  0.0546  0.0680  0.0442  0.0165 -0.0003  0.1224 0 
 46.0060  0.5369  0.3373  0.0194  0.0934  0.0381  0.1745  0.0084 -0.0003  0.0706 0 
 44.5594 -0.5340 -2.8344  0.0887  0.4281  0.0517  0.3959  0.0477 -0.0003  0.5184 0 
 34.2382  0.5676  1.6014  0.0634  0.1953  0.0278  0.4254  0.0624 -0.0003  0.2304 0 
 33.8140 -0.5544 -1.5587  0.0099  0.4082  0.0061  0.0949  0.0779  0.1166  0.1468 0 
 51.4504 -0.7165 -1.9955  0.1268  0.6286  0.0591  0.5085  0.0805 -0.0003  0.7490 0 
 50.3975  0.6965  1.1065  0.0591  0.5762  0.0964  0.3408  0.0223 -0.0003  0.3570 0 
 61.1795 -0.6346 -2.1258  0.0594  0.3223  0.0453  0.2436  0.1126 -0.0003  0.4012 0 
 52.1248  0.6499  1.0583  0.0349  0.3238  0.3140  0.4224  0.1528 -0.0003  0.4903 0 
 44.9287 -0.0032 -1.0679  0.0153  0.2152  0.0455  0.3950  0.0152 -0.0003  0.1202 0 
 34.5983 -0.0167  2.1305  0.1493  0.4305  0.0164  0.1885  0.1291  0.1106  0.6699 0 
 50.3487  0.1133  0.4261  0.0263  0.3782  0.1463  0.3835  0.1364 -0.0003  0.3636 1 
 25.0767 -0.1220 -2.6517  0.6231  0.3201  0.0133  0.3110  0.5421  0.2694  0.9992 1 
 49.2500  0.7170  2.8581  0.0103  0.3019  0.0539  0.6428  0.0222  0.0570  0.2564 0 
 33.4936 -0.7535 -0.2477  0.0102  0.3631  0.1061  0.2378  0.0009 -0.0003  0.2016 0 
 54.9569 -0.1510 -1.2305  0.0098  0.6875  0.1567  0.3334  0.0173  0.0668  0.2664 0 
 40.9155  0.0892  1.9159  0.0317  0.3131  0.0431  0.5849  0.0427 -0.0003  0.2900 0 
 50.5348 -0.4084 -3.0160  0.0116  0.3474  0.0452  0.2980  0.0137 -0.0003  0.1597 0 
 50.1534  0.4136  0.1220  0.0099  0.5026  0.0407  0.2986  0.0110 -0.0003  0.1962 0 
 46.5766 -0.3793  1.7174  0.0427  0.3737  0.0191  0.2609  0.0096 -0.0003  0.1486 0 
 43.2837  0.4024 -1.4031  0.0309  0.1699  0.0352  0.3989  0.0716 -0.0003  0.1287 0 
 52.5093  0.7269  0.4079  0.3599  0.5737  0.1025  0.6746  0.3214 -0.0003  0.9955 1 
 43.3539 -0.7129 -2.7399  0.2549  0.6406  0.0808  0.2215  0.2955 -0.0003  0.9862 1 
 52.2225 -0.0297 -2.5538  0.0154  0.5088  0.1852  0.5066  0.0419 -0.0003  0.2574 0 
 49.7536  0.0081  0.5500  0.0468  0.0607  0.0781  0.1710  0.0193  0.1853  0.1921 0 
 43.4974  0.0400 -1.2494  0.5030  0.3125  0.0172  0.2213  0.4409  0.1195  0.9968 1 
 38.8495 -0.0613  1.8861  0.0058  0.5456  0.0188  0.2282  0.1767 -0.0003  0.1775 1 
 47.7974  0.5899 -1.3996  0.0011  0.2317  0.0257  0.3887  0.1085 -0.0003  0.0794 0 
 30.3868 -0.5454  1.7417  0.0185  0.4682  0.0340  0.3424  0.0134 -0.0003  0.1863 0 
 48.6030  0.3102 -1.8918  0.0589  0.2713  0.1071  0.3440  0.0748 -0.0003  0.3704 0 
 46.8910 -0.3330  1.2025  0.0294  0.0928  0.0139  0.1302  0.0079 -0.0003  0.0513 0 
 49.0486 -0.1578 -1.8423  0.3540  0.6829  0.0470  0.7722  0.4704 -0.0003  0.9933 1 
 48.2185  0.1645  1.3173  0.4277  0.7330  0.0416  0.3447  0.3566 -0.0003  0.9946 1 
 50.0252 -0.1410  0.2100  0.0335  0.8034  0.0558  0.3415  0.0145 -0.0003  0.3376 0 
 47.1717  0.1446 -2.9490  0.0281  0.2121  0.1758  0.2600  0.0185 -0.0003  0.1802 0 
 50.8156 -0.3362 -2.5573  0.0342  0.4139  0.1045  0.6802  0.1652 -0.0003  0.4962 0 
 45.9266  0.3404  0.5662  0.0250  0.1859  0.0135  0.5673  0.0339 -0.0003  0.1432 0 
 53.1594  0.4282  2.8487  0.0768  0.5870  0.1585  0.5044  0.1024 -0.0003  0.4747 0 
 49.9672 -0.4362 -0.3248  0.0432  0.2875  0.0287  0.2989  0.0320 -0.0003  0.1515 0 
 49.7902 -0.2568 -1.8833  0.0327  0.3361  0.0283  0.1709  0.0792 -0.0003  0.1677 0 
 48.2521  0.2619  1.2466  0.0281  0.6052  0.0178  0.2585  0.0462 -0.0003  0.1440 0 
 53.5073  0.5186  2.7860  0.0056  0.6960  0.0647  0.3357  0.2578 -0.0003  0.6837 0 
 43.2502 -0.5321 -0.3580  0.0720  0.1791  0.0428  0.1330  0.0569 -0.0003  0.2477 0 
 47.6387 -0.3326  2.0411  0.5607  0.5047  0.0969  0.4754  0.4422 -0.0003  0.9969 1 
 33.7224  0.2979 -1.1382  0.0953  0.1832  0.0237  0.3323  0.1782  0.2300  0.8653 1 
 49.6407 -0.7714  3.0864  0.0344  0.1659  0.0450  0.2566  0.0633 -0.0003  0.1162 0 
 44.7150  0.7655 -0.0828  0.0092  0.2295  0.0533  0.3076  0.0872 -0.0003  0.1263 0 
 52.1157  0.2943 -2.8160  0.0158  0.1910  0.0128  0.1267  0.0197 -0.0003  0.0637 0 
 46.0853 -0.3005  0.3298  0.0137  0.2724  0.0634  0.3052  0.1021 -0.0003  0.2028 0 
 50.2510 -0.3732 -0.4613  0.0563  0.1626  0.0467  0.3411  0.2101 -0.0003  0.3889 0 
 47.5685  0.3730  2.6675  0.0169  0.5277  0.0192  0.3027  0.0546  0.0482  0.1773 0 
 49.6712 -0.0440 -2.3320  0.0011  0.2345  0.2500  0.4704  0.0565 -0.0003  0.2009 0 
 45.3559  0.0298  0.7983  0.0047  0.1043  0.0367  0.4378  0.1074 -0.0003  0.0874 0 
 48.5420 -0.7494  0.7657  0.0116  0.1159  0.0414  0.3441  0.1273 -0.0003  0.0972 0 
 44.9866  0.7496 -2.4016  0.0347  0.7079  0.0126  0.1316  0.0137 -0.0003  0.1594 0 
 46.6743  0.4988  0.2015  0.1608  0.2353  0.0281  0.3476  0.2236 -0.0003  0.7680 0 
 42.8382 -0.4881 -2.9463  0.0300  0.0980  0.1323  0.0889  0.1418 -0.0003  0.2548 0 
 54.5968 -0.0806  0.7150  0.0219  0.3551  0.2122  0.5010  0.0167  0.9812  0.8055 0 
 36.7681  0.0871 -2.4129  0.0109  0.4276  0.0164  0.1853  0.0278 -0.0003  0.1044 0 
 47.8798 -0.6343 -0.7224  0.0034  0.5437  0.0937  0.2590  0.0530 -0.0003  0.2449 0 
 47.2511  0.6334  2.4162  0.0020  0.2631  0.0649  0.3465  0.0965 -0.0003  0.1457 0 
 47.4434  0.3843  2.7060  0.0119  0.0924  0.1400  0.5192  0.0164 -0.0003  0.0914 0 
 43.2593 -0.3563 -0.4028  0.0006  0.2188  0.0336  0.4433  0.0153 -0.0003  0.0864 0 
 47.2419 -0.7626 -2.7721  0.2006  0.2379  0.0110  0.3032  0.2991 -0.0003  0.7614 1 
 45.5329  0.7589  0.3344  0.2742  0.3834  0.0524  0.3499  0.4611 -0.0003  0.9939 1 
 47.6143 -0.0484  2.4397  0.0303  0.1437  0.0541  0.3026  0.0432 -0.0003  0.1066 0 
 47.4800  0.0390 -0.7096  0.0181  0.0755  0.0692  0.3028  0.0352 -0.0003  0.0758 0 
 44.6448 -0.2019 -2.0150  0.0415  0.6508  0.0095  0.1758  0.0295 -0.0003  0.1521 0 
 37.6287  0.1720  1.1401  0.0046  0.1841  0.0887  0.4603  0.0394 -0.0003  0.1129 0 
 41.9348 -0.1723  2.9999  0.2583  0.0843  0.0573  0.2235  0.2475 -0.0003  0.8768 1 
 40.5493  0.1512 -0.1971  0.3773  0.6479  0.0192  0.4510  0.5274 -0.0003  0.9965 1 
 47.7668 -0.6333 -1.2060  0.0050  0.2192  0.0670  0.5183  0.0831 -0.0003  0.1580 0 
 40.8698  0.6365  1.9438  0.0966  0.1132  0.1047  0.2700  0.0086 -0.0003  0.2204 0 
 47.6844 -0.5199 -0.1548  0.0897  0.1975  0.1135  0.5186  0.1559  0.2814  0.8524 0 
 43.0274  0.5259  2.9297  0.0780  0.3634  0.0476  0.3107  0.0279 -0.0003  0.4115 0 
 48.2368 -0.1497 -2.1285  0.7748  0.5265  0.0208  0.5170  1.1552 -0.0003  0.9987 1 
 46.9520  0.1733  1.0185  0.0608  0.3905  0.0604  0.3905  0.0434  0.1513  0.5965 1 
 39.8169  0.4621 -2.2638  0.0148  0.7988  0.0192  0.3626  0.1100 -0.0003  0.2045 0 
 35.7763 -0.4551  0.8758  0.0398  0.2416  0.0324  0.1400  0.0309 -0.0003  0.1628 0 
 46.4912  0.6263 -2.2212  0.0165  0.4600  0.0237  0.4785  0.1314 -0.0003  0.2578 0 
 43.7385 -0.6274  0.9131  0.1444  0.1194  0.0345  0.3536  0.0803 -0.0003  0.3730 0 
 49.9397 -0.7193  0.2228  0.1312  0.5320  0.0796  0.4697  0.1238 -0.0003  0.7873 1 
 45.0019  0.7312 -2.9019  0.0414  0.6455  0.0741  0.5264  0.0640 -0.0003  0.3561 1 
 56.4157 -0.3326  2.7466  0.0459  0.4536  0.0518  0.4555  0.1085 -0.0003  0.4472 0 
 51.9417  0.3242 -0.4302  0.0359  0.1395  0.0932  0.4228  0.1004 -0.0003  0.1989 0 
 60.9415  0.5161 -0.2839  0.0166  0.0942  0.2054  0.1626  0.0060  0.1022  0.0984 0 
 50.9163 -0.5778  2.8671  0.0403  0.4248  0.1476  0.6374  0.0048 -0.0003  0.3094 0 
 49.6315 -0.7782 -2.3570  0.1047  0.2469  0.1332  0.5988  0.2386 -0.0003  0.8812 1 
 38.6419  0.7743  0.7625  0.2272  0.4309  0.0417  0.3656  0.1146 -0.0003  0.7997 1 
 48.0720 -0.3141  1.0204  0.0062  0.2063  0.0394  0.4743  0.0391 -0.0003  0.1084 0 
 34.9401  0.3175 -2.1499  0.0372  0.2075  0.0159  0.4229  0.0266 -0.0003  0.1084 0 
 50.8339 -0.7293  0.9590  0.0057  0.2052  0.0692  0.4676  0.0451 -0.0003  0.1259 0 
 45.5756  0.7212 -2.1829  0.0151  0.4374  0.0221  0.2186  0.0556 -0.0003  0.1143 0 
 53.2235 -0.0996 -1.4110  0.0004  0.5592  0.0274  0.2101  0.0751 -0.0003  0.1312 0 
 52.4025  0.1037  1.7313  0.0198  0.1855  0.0732  0.2531  0.0360 -0.0003  0.1349 0 
 58.1949 -0.2824 -0.3713  0.0050  0.3171  0.1783  0.4109  0.0070 -0.0003  0.1836 0 
 42.7893  0.2350  2.7834  0.0745  0.5581  0.1750  0.8003  0.1645 -0.0003  0.7873 0 
 56.2478  0.4633  1.4660  0.0213  0.1370  0.0847  0.2901  0.0472 -0.0003  0.1058 0 
 44.8096 -0.4629 -1.7046  0.0777  0.0370  0.0205  0.2635  0.1119 -0.0003  0.0867 0 
 51.1543 -0.5473  1.2802  0.2047  0.2292  0.1039  0.2547  0.2447 -0.0003  0.9376 1 
 28.9525  0.4794 -1.9352  0.4217  0.5833  0.0325  0.4962  0.3049  0.1652  0.9949 1 
 50.5562 -0.3503 -2.8070  0.0597  0.2692  0.1176  0.3405  0.1188 -0.0003  0.4599 0 
 41.9745  0.3293  0.3533  0.0527  0.2338  0.0758  0.5810  0.2127 -0.0003  0.5681 0 
 47.2358  0.7290 -1.5365  0.0080  0.3071  0.0464  0.3465  0.0234 -0.0003  0.1305 0 
 46.7475 -0.7413  1.6085  0.0197  0.6636  0.0464  0.2606  0.0178 -0.0003  0.2919 0 
 48.6458  0.0101 -1.8825  0.1081  0.3872  0.0246  0.3439  0.1315 -0.0003  0.5609 0 
 45.8900 -0.0207  1.2970  0.0767  0.0626  0.0752  0.2182  0.0204  0.2034  0.2939 0 
 45.2918  0.0453 -0.8811  0.2478  0.2077  0.0519  0.2628  0.0175  0.1546  0.8189 0 
 33.1334 -0.0292  2.2646  0.0610  0.3698  0.0302  0.3339  0.0594 -0.0003  0.2865 0 
 44.9226  0.5396 -1.1147  0.0062  0.1501  0.0214  0.1756  0.0262 -0.0003  0.0475 0 
 43.5737 -0.5564  2.0153  0.0014  0.2984  0.0666  0.2212  0.0185 -0.0003  0.1748 0 
 48.0507 -0.2135  0.7994  0.0131  0.2611  0.0190  0.3019  0.0124 -0.0003  0.0660 0 
 47.0649  0.1812 -2.3437  0.0118  0.4155  0.0313  0.3469  0.0206 -0.0003  0.1359 0 
 52.1035 -0.2032 -0.0600  0.0191  0.3235  0.0230  0.2957  0.0887 -0.0003  0.1079 0 
 48.4047  0.1887  3.0831  0.0450  0.6088  0.0424  0.2152  0.0218 -0.0003  0.3766 0 
 51.0445  0.5649 -2.6147  0.0000  0.2218  0.0819  0.2972  0.0403 -0.0003  0.1139 0 
 45.1789 -0.5868  0.5259  0.0143  0.3193  0.0262  0.3068  0.0303 -0.0003  0.0907 0 
 45.9419 -0.1763 -2.4649  0.3313  0.5493  0.0841  0.6545  0.0430 -0.0003  0.9019 0 
 42.3621  0.1765  0.6689  0.0036  0.2569  0.0192  0.2675  0.0352 -0.0003  0.0507 0 
 47.9805 -0.3169 -2.2939  0.0074  0.8071  0.0466  0.2157  0.0650 -0.0003  0.2835 0 
 32.9015  0.3140  0.8377  0.0480  0.2312  0.1007  0.2390  0.0427  0.0799  0.3733 0 
 50.5501 -0.2150 -1.3934  0.0797  0.5799  0.0443  0.5108  0.1099 -0.0003  0.6491 1 
 17.8470  0.1494  1.7299  0.4301  0.2755  0.0128  0.2897  0.2134  0.0444  0.9638 1 
 50.5165  0.7773 -1.0990  0.0271  0.1600  0.0409  0.3406  0.0269 -0.0003  0.0965 0 
 45.1911 -0.7805  2.0377  0.2757  0.4229  0.1917  0.2629  0.2371 -0.0003  0.9899 0 
 48.6152 -0.5162 -2.1017  0.2659  0.4824  0.0302  0.3440  0.2172 -0.0003  0.9094 1 
 45.0904  0.5076  1.0448  0.4289  0.1525  0.0397  0.4385  0.4070 -0.0003  0.9914 1 
 37.3236 -0.3073 -1.8485  0.3142  0.4181  0.0898  0.3691  0.3767  0.6242  0.9998 1 
 34.2718  0.2987  1.3388  0.0938  0.2823  0.0317  0.3780  0.1898 -0.0003  0.6023 1 
 58.1369 -0.3295  3.0085  0.0496  0.2752  0.0346  0.2878  0.0126 -0.0003  0.1951 0 
 38.2513  0.3356 -0.1511  0.0026  0.0713  0.0184  0.2749  0.0889  0.2837  0.7138 0 
 46.8086  0.0009 -0.3485  0.0416  0.1290  0.0302  0.3908  0.2282  0.2066  0.6387 0 
 42.5666  0.0072  2.7976  0.1741  0.7351  0.0259  0.3117  0.2508 -0.0003  0.8965 0 
 40.5737  0.3092  1.7972  0.0683  0.2194  0.1736  0.4961  0.1035 -0.0003  0.4419 0 
 26.9902 -0.2508 -1.4357  0.0787  0.1947  0.0403  0.2534  0.0466 -0.0003  0.2289 0 
 47.3701  0.4960  0.9904  0.0448  0.2373  0.0778  0.1299  0.0187 -0.0003  0.3283 0 
 47.1565 -0.4860 -2.1364  0.0059  0.0516  0.0226  0.2600  0.0391 -0.0003  0.0397 0 
 54.3130  0.6019  0.9817  0.0198  0.6494  0.1483  0.5853  0.0235 -0.0003  0.2719 0 
 45.4963 -0.6238 -2.1197  0.0653  0.5410  0.0240  0.1750  0.0912 -0.0003  0.2788 0 
 41.2360  0.3413 -2.2931  0.0311  0.1557  0.0468  0.4490  0.1234  0.1075  0.3370 0 
 40.7630 -0.3278  0.8217  0.1143  0.4173  0.0193  0.2252  0.0916 -0.0003  0.3720 0 
 52.8359  0.3095  1.1480  0.0892  0.0742  0.0485  0.4630  0.0745 -0.0003  0.2296 0 
 42.9755 -0.3026 -1.9905  0.0855  0.7187  0.0150  0.3109  0.0832 -0.0003  0.4106 0 
 44.8981  0.2729  0.7012  0.0079  0.5322  0.0178  0.2195  0.0673 -0.0003  0.1116 0 
 44.3702 -0.3134 -2.4282  0.1038  0.4947  0.0905  0.6165  0.0790  0.2226  0.8471 0 
 49.5399 -0.7779  0.5842  0.1769  0.3396  0.0398  0.1712  0.3109 -0.0003  0.8657 1 
 46.6316  0.7894 -2.5987  0.2334  0.8102  0.0183  0.3912  0.4298 -0.0003  0.9822 1 
 51.9966 -0.2614 -1.0344  0.8950  0.7123  0.0360  0.5072  0.5572 -0.0003  0.9977 1 
 36.9665  0.2895  2.1197  0.4578  0.2743  0.0239  0.3238  0.2308 -0.0003  0.9722 1 
 42.3804 -0.5711  2.5745  0.0525  0.1552  0.0332  0.4457  0.1246 -0.0003  0.2521 0 
 30.3777  0.0602 -0.5888  0.0268  0.2597  0.0164  0.2446  0.0129  0.1994  0.5680 0 
 44.3458 -0.0362  1.5473  0.0188  0.1077  0.0734  0.3964  0.0245 -0.0003  0.0897 0 
 42.6398 -0.0233 -1.5918  0.0822  0.5217  0.1097  0.5340  0.0275 -0.0003  0.4066 0 
 36.8414  0.1365  0.3331  0.2247  0.4467  0.0232  0.2778  0.2905 -0.0003  0.9036 1 
 35.3674 -0.1913 -2.7665  0.0865  0.7397  0.0615  0.3279  0.1445  0.3632  0.9692 1 
 46.0456 -0.5892  2.7147  0.2517  0.6030  0.1079  0.4797  0.2418 -0.0003  0.9858 1 
 40.5585  0.6118 -0.4501  0.0788  0.1894  0.0333  0.4961  0.2665 -0.0003  0.5859 1 
 44.3763 -0.5156  1.8736  0.9921  0.6186  0.0737  0.5724  0.7868 -0.0003  0.9981 1 
 43.0976  0.5258 -1.2530  0.0288  0.0880  0.0349  0.4881  0.1032  0.0830  0.2140 1 
 43.3051  0.1324  0.3522  0.2531  0.3510  0.0356  0.4875  0.2394 -0.0003  0.9458 1 
 33.0968 -0.1514 -2.8186  0.4378  0.3844  0.0674  0.5249  0.3840  0.5472  0.9999 1 
 51.6457  0.3974  1.1326  0.1644  0.4744  0.0555  0.5504  0.2525 -0.0003  0.9467 0 
 42.5055 -0.3772 -2.0037  0.0014  0.2532  0.0636  0.3117  0.0737 -0.0003  0.1245 0 
 46.7109  0.5032 -1.1516  0.0041  0.2866  0.0111  0.2172  0.0883 -0.0003  0.0660 0 
 45.4261 -0.5089  2.0019  0.0254  0.1652  0.0308  0.3063  0.0114 -0.0003  0.0777 0 
 47.1290 -0.0457  0.4482  0.0316  0.2316  0.0620  0.2601  0.0161 -0.0003  0.1870 0 
 46.3294  0.0361 -2.6677  0.0194  0.2767  0.0814  0.3483  0.0351 -0.0003  0.1803 0 
 47.0588  0.0814 -1.6916  0.0839  0.5409  0.0235  0.3469  0.0412 -0.0003  0.4180 0 
 40.4334 -0.0978  1.4150  0.0581  0.2914  0.0471  0.3611  0.0451  0.1763  0.5555 0 
 49.2805 -0.6675  1.2821  0.0468  0.7293  0.0818  0.2999  0.0820 -0.0003  0.5081 0 
 47.4311  0.6567 -1.8470  0.0640  0.1307  0.0504  0.3029  0.1174 -0.0003  0.2325 0 
 46.0853 -0.7471  1.8338  0.3707  0.2030  0.0481  0.3052  0.5689 -0.0003  0.9960 1 
 31.6808  0.7214 -1.3528  0.2186  0.4064  0.0541  0.2416  0.3272  0.4854  0.9992 1 
 42.4842 -0.5355  1.0119  0.0970  0.4766  0.0619  0.3563  0.1070  0.1410  0.7890 0 
 42.0966  0.5703 -2.1463  0.0197  0.2769  0.0163  0.1786  0.0266 -0.0003  0.0822 0 
 54.8440 -0.5799  2.0780  0.0266  0.5572  0.0219  0.2919  0.0920 -0.0003  0.1730 0 
 45.2399  0.5784 -1.0785  0.0453  0.4208  0.0811  0.3943  0.0490 -0.0003  0.3293 0 
 43.3967 -0.1027  0.3872  0.4563  0.2669  0.0499  0.4872  0.6728 -0.0003  0.9983 1 
 35.1904  0.1252 -2.7130  0.5551  0.8080  0.0319  0.3283  0.6029  0.2620  0.9987 1 
 34.7967 -0.6610 -1.7010  0.0365  0.4874  0.1155  0.3293  0.0528  0.3711  0.6613 1 
 33.1273  0.7256  1.5825  0.0696  0.4735  0.1321  0.6679  0.1743 -0.0003  0.7138 1 
 49.5247 -0.1898  2.2031  0.0233  0.4538  0.0251  0.2140  0.0153 -0.0003  0.1560 0 
 48.4901  0.1579 -0.9524  0.0456  0.3972  0.0801  0.3872  0.0403 -0.0003  0.3179 0 
 41.6938 -0.4390 -2.5343  0.0049  0.1467  0.0945  0.2686  0.0599 -0.0003  0.0933 0 
 41.2360  0.4205  0.5581  0.0252  0.3301  0.0150  0.2245  0.0766 -0.0003  0.0998 0 
 47.2786 -0.2040  0.6280  0.0303  0.4259  0.0578  0.2598  0.0773 -0.0003  0.3344 1 
 39.3194  0.2012 -2.4873  0.0444  0.7466  0.0294  0.5003  0.0283 -0.0003  0.3801 1 
 42.9603 -0.2983  2.2447  0.2228  0.6359  0.0615  0.3553  0.2645 -0.0003  0.9760 1 
 39.5605  0.3057 -0.9490  0.0064  0.1168  0.0516  0.2271  0.1972  0.1537  0.4167 1 
 47.6143 -0.3258  1.7471  0.0171  0.0826  0.0243  0.1297  0.0325 -0.0003  0.0532 0 
 47.2145  0.3331 -1.4074  0.1507  0.6949  0.0592  0.3033  0.1794 -0.0003  0.9299 0 
 48.0262  0.1085 -0.8584  0.1115  0.2028  0.0605  0.6038  0.1371 -0.0003  0.7073 1 
 31.6045 -0.1310  2.3383  0.5418  0.5044  0.0305  0.2901  0.3317  0.1722  0.9967 1 
 51.2520  0.1725  0.4659  0.0065  0.7278  0.0889  0.6787  0.0311 -0.0003  0.2622 0 
 49.9519 -0.1433 -2.6862  0.0243  0.7361  0.1684  0.5978  0.0461 -0.0003  0.3134 0 
 48.3925 -0.2565 -2.1972  0.1690  0.4205  0.0905  0.5166  0.1238 -0.0003  0.8170 1 
 47.3762  0.2611  0.8988  0.1548  0.2697  0.0833  0.2164  0.1696 -0.0003  0.8283 1 
 49.3141  0.4952  0.9284  0.0165  0.0342  0.0352  0.1713  0.0884 -0.0003  0.0662 0 
 47.4037 -0.5102 -2.2506  0.2180  0.3893  0.0246  0.3895  0.2414 -0.0003  0.8856 0 
 54.5907 -0.0089  2.4310  0.0596  0.2822  0.1596  0.4175  0.0275 -0.0003  0.3130 0 
 34.0795  0.0107 -0.7274  0.0353  0.3380  0.0102  0.0473  0.0037 -0.0003  0.1708 0 
 49.6468 -0.4888  3.1400  0.0032  0.4368  0.1429  0.5987  0.0438 -0.0003  0.2225 0 
 35.3185  0.5236 -0.0262  0.0044 -1.0000  0.0081  0.0937  0.0146 -0.0003  0.1848 0 
 34.2626 -0.5167  2.7156  0.1142  0.3420  0.0208  0.3780  0.1188  0.0447  0.6339 0 
 30.7591  0.4997 -0.3891  0.0046  0.5417  0.0238  0.1950  0.0172  0.1207  0.2836 0 
 56.0220  0.0743 -1.5479  0.3297  0.3524  0.0429  0.2904  0.1657 -0.0003  0.9002 1 
 47.0314 -0.0887  1.5969  0.4117  0.7396  0.0495  0.5638  0.3663  0.2626  0.9990 1 
 49.7627  0.0425  0.0915  0.0606  0.1363  0.0313  0.3419  0.0707 -0.0003  0.1417 0 
 46.1311 -0.0160 -3.0889  0.0229  0.2206  0.0469  0.4358  0.1246 -0.0003  0.2188 0 
 53.7148 -0.7751  0.1746  0.0083  0.3301  0.0272  0.2515  0.0309 -0.0003  0.0875 0 
 43.1769  0.7756 -2.9534  0.0134  0.3796  0.0129  0.2661  0.0724  0.0753  0.1552 0 
 49.7230  0.1696  2.9790  0.0110  0.3753  0.0726  0.5557  0.1175  0.2327  0.5459 0 
 47.8492 -0.1869 -0.1427  0.0837  0.1907  0.0287  0.3022  0.1072 -0.0003  0.2826 0 
 49.3507  0.4615 -1.6427  0.0011  0.4422  0.0100  0.1713  0.0224 -0.0003  0.0923 0 
 44.9073 -0.4670  1.5164  0.1134  0.2663  0.0273  0.2634  0.0667 -0.0003  0.3505 0 
 49.4972 -0.5497  0.6683  0.0038  0.4581  0.0452  0.3852  0.1183 -0.0003  0.2143 0 
 39.3347  0.5703 -2.4433  0.0305  0.2339  0.0301  0.5003  0.1360 -0.0003  0.2669 0 
 42.7527 -0.5184  2.9235  0.0410  0.3053  0.0250  0.2223  0.0213 -0.0003  0.1397 0 
 36.4935  0.5367 -0.2329  0.0247  0.2261  0.0367  0.4643  0.0163 -0.0003  0.1546 0 
 39.4629  0.1069 -1.4208  0.0117  0.6467  0.0310  0.3181  0.0474 -0.0003  0.1638 0 
 38.0468 -0.0957  1.7484  0.0763  0.6041  0.0810  0.3671  0.0954 -0.0003  0.5882 0 
 33.3715  0.6643 -2.7754  0.1793  0.1859  0.0403  0.4761  0.2715 -0.0003  0.8906 1 
 27.1458 -0.6597  0.2939  0.3189  0.1507  0.0417  0.1012  0.2971  0.2471  0.9830 1 
 44.0620  0.3053 -0.8844  0.2883  0.4619  0.0479  0.5294  0.6921 -0.0003  0.9983 1 
 43.5615 -0.2532  2.2596  0.3836  0.2282  0.1889  0.3097  0.2182 -0.0003  0.9902 1 
 46.1677  0.6510  0.6235  0.0488  0.4455  0.1063  0.3051  0.0486 -0.0003  0.3528 0 
 41.4008 -0.6377 -2.5074  0.0312  0.5744  0.1072  0.6279  0.0361 -0.0003  0.2915 0 
 54.1726  0.2321  2.8622  0.0121  0.1565  0.0729  0.4183  0.0012  0.4777  0.6683 0 
 47.0405 -0.2506 -0.2787  0.0016  0.5293  0.0435  0.3469  0.0134 -0.0003  0.1699 0 
 48.0568 -0.2823  2.6021  0.2365  0.4553  0.1234  0.3881 -0.0200  0.2791  0.8363 1 
 42.5788  0.2757 -0.5086  0.2265  0.3397  0.0639  0.3116  0.1852  0.4096  0.9973 1 
 46.7201 -0.2542  1.3230  0.1340  0.6473  0.0281  0.3041  0.0954 -0.0003  0.6762 0 
 41.7517  0.2596 -1.8103  0.1022  0.5738  0.0270  0.2238  0.2517 -0.0003  0.6906 0 
 49.6590  0.4808  0.4598  0.0248  0.0689  0.0780  0.2993  0.0120 -0.0003  0.0766 0 
 39.1455 -0.4914 -2.7128  0.1807  0.5033  0.0262  0.1821  0.1850 -0.0003  0.7293 0 
 52.5246  0.0090 -2.0405  0.0373  0.4575  0.1440  0.3373  0.0414 -0.0003  0.2917 0 
 42.0996 -0.0448  1.0385  0.0599  0.5952  0.0551  0.6251  0.0117 -0.0003  0.3899 0 
 44.7791  0.2218  1.1304  0.0328  0.2911  0.0158  0.1757  0.0206 -0.0003  0.1034 0 
 29.3431 -0.2084 -2.0068  0.1364  0.3174  0.0174  0.4448  0.1274  0.1439  0.8287 0 
 57.4746  0.6049  1.4340  0.0351  0.8476  0.0331  0.2061  0.0279  0.1643  0.6243 0 
 57.2732 -0.5768 -1.6387  0.0328  0.6065  0.0784  0.3301  0.0563  0.3162  0.7234 0 
 47.9713  0.6374 -1.9139  0.0066  0.1790  0.2355  0.6040  0.0214 -0.0003  0.1971 0 
 45.9297 -0.6454  1.2170  0.0047  0.1620  0.0558  0.3927  0.0588 -0.0003  0.0909 0 
 50.9499 -0.0104  0.0630  0.0045  0.4764  0.1697  0.4249  0.0161 -0.0003  0.2143 0 
 42.1942 -0.0199 -3.0209  0.0912  0.4089  0.0328  0.2231  0.2750 -0.0003  0.6970 0 
 42.3224  0.5932  0.9840  0.0426  0.1171  0.0155  0.2229  0.0165 -0.0003  0.0493 0 
 37.8119 -0.5924 -2.1559  0.1323  0.1142  0.0215  0.1379  0.1902 -0.0003  0.4006 0 
 57.4289 -0.3451  0.3898  0.6713  0.5248  0.0753  0.3298  0.7137 -0.0003  0.9982 1 
 47.6143  0.3430 -2.7148  0.6031  0.5046  0.0393  0.5187  0.4113 -0.0003  0.9944 1 
 47.6326 -0.5363 -2.4231  0.0255  0.2569  0.0957  0.5187  0.0333 -0.0003  0.2187 0 
 42.9084  0.5116  0.7233  0.0428  0.3071  0.0118  0.1777  0.0126 -0.0003  0.1116 0 
 50.3670  0.0355  2.1283  0.4313  0.4510  0.0587  0.6391  0.5805 -0.0003  0.9976 1 
 46.4118 -0.0325 -0.9789  0.0702  0.2323  0.0653  0.2176  0.0494 -0.0003  0.3384 1 
 58.1064  0.1233 -2.6988  0.0394  0.0431  0.0483  0.3289  0.0334 -0.0003  0.0758 0 
 41.9959 -0.1104  0.3715  0.0558  0.3263  0.0190  0.4915  0.0911 -0.0003  0.3445 0 
 53.4981  0.4192 -3.1179  0.0326  0.1451  0.0847  0.2938  0.0362 -0.0003  0.1269 0 
 48.1208 -0.4464 -0.0164  0.0125  0.4283  0.0453  0.6036  0.0494 -0.0003  0.2299 0 
 46.4973 -0.1838 -2.5822  0.0034  0.1566  0.0575  0.4785  0.0106 -0.0003  0.1009 0 
 44.5716  0.1785  0.5579  0.0002  0.4612  0.0126  0.1759  0.0751 -0.0003  0.0993 0 
 43.7934 -0.0725 -1.5278  0.1178  0.3108  0.0319  0.4418  0.2161 -0.0003  0.7613 1 
 43.4546  0.0734  1.6028  0.4844  0.3855  0.1390  0.6199  0.3731  0.6998  0.9999 1 
 42.4842 -0.2237 -0.0186  0.0051  0.2893  0.0513  0.1782  0.1005 -0.0003  0.1971 0 
 42.0630  0.2824  3.1384  0.0204  0.3158  0.0286  0.3573  0.0190 -0.0003  0.1227 0 
 50.0038  0.5418 -1.6859  0.0278  0.0989  0.2063  0.2988  0.0301 -0.0003  0.0856 0 
 42.5940 -0.5372  1.4847  0.0009  0.1944  0.0137  0.0890  0.0220 -0.0003  0.0707 0 
 46.4546  0.0074 -2.1447  0.1116  0.6320  0.1021  0.2610  0.1805 -0.0003  0.8938 1 
 31.4702 -0.0118  1.0665  0.1546  0.7272  0.0329  0.4358  0.2249  0.2197  0.9250 1 
 50.7301 -0.4160  1.3234  0.0426  0.1453  0.0954  0.3828  0.0093 -0.0003  0.1480 0 
 49.5155  0.3787 -1.7989  0.0018  0.7068  0.0273  0.3852  0.0971 -0.0003  0.1622 0 
 47.7424 -0.1851  1.7563  0.0716  0.1557  0.0623  0.3024  0.0899 -0.0003  0.2767 0 
 43.4638  0.1981 -1.3792  0.0806  0.1929  0.0375  0.2656  0.1076 -0.0003  0.3121 0 
 43.0426 -0.7796 -2.1939  0.0211  0.2569  0.0412  0.3995  0.0125 -0.0003  0.1476 0 
 40.9308  0.7809  0.9453  0.0532  0.2295  0.0155  0.1799  0.0103 -0.0003  0.1108 0 
 50.0465  0.1567 -1.6965  0.0498  0.2959  0.0419  0.2561  0.0430 -0.0003  0.2318 0 
 47.2541 -0.1527  1.4220  0.1003  0.1469  0.2524  0.3032  0.0826 -0.0003  0.4573 0 
 27.8721 -0.1535 -1.4430  0.1715  0.1089  0.0169  0.2509  0.0737  0.2184  0.9036 1 
 25.4063  0.1742  1.8066  0.0641  0.4669  0.0310  0.1549  0.0259  0.3583  0.9833 1 
 45.9022  0.5367 -1.7232  0.0072  0.4883  0.1168  0.3055  0.0374 -0.0003  0.2142 0 
 43.8666 -0.5230  1.4122  0.0091  0.4116  0.0117  0.3092  0.0328 -0.0003  0.0715 0 
 47.0466  0.2285 -2.3074  0.0053  0.3852  0.0665  0.3902  0.1498 -0.0003  0.2740 0 
 45.8839 -0.2379  0.8315  0.0268  0.5573  0.1039  0.3928  0.0285 -0.0003  0.2528 0 
 47.2908  0.5149  1.3992  0.0408  0.4119  0.0278  0.4764  0.2127  0.1275  0.7021 0 
 44.4526 -0.5354 -1.7393  0.0263  0.1753  0.0548  0.1320  0.0018 -0.0003  0.1653 0 
 50.7729 -0.7262  1.1266  0.5289  0.3197  0.0208  0.4678  0.3941 -0.0003  0.9934 1 
 48.5420  0.7079 -2.0290  0.4165  0.2962  0.0600  0.3871  0.3196 -0.0003  0.9916 1 
 45.9510  0.6106 -2.7398  0.0203  0.7949  0.0262  0.2618  0.1520 -0.0003  0.2811 0 
 42.7985 -0.5921  0.4923  0.0311  0.2915  0.0746  0.2223  0.0495 -0.0003  0.2776 0 
 47.5257 -0.5285  1.6349  0.1064  0.3624  0.0619  0.3892  0.1164 -0.0003  0.6549 0 
 41.0590  0.5435 -1.5092  0.0070  0.1935  0.0707  0.4046  0.0118 -0.0003  0.1138 0 
 44.0131  0.7417 -2.8554  0.2427  0.3210  0.0313  0.5736  0.2892  0.1574  0.9857 1 
 37.5921 -0.7481  0.2274  0.0524  0.6613  0.0237  0.4144  0.0615  0.1081  0.5560 1 
 45.8198  0.1603 -2.1396  0.0753  0.6104  0.0696  0.7423  0.0460 -0.0003  0.5032 0 
 36.3012 -0.1617  1.0077  0.0680  0.2440  0.0895  0.3719  0.0320 -0.0003  0.3250 0 
 47.8675  0.4757  1.2619  0.0093  0.3446  0.1196  0.5180  0.0532 -0.0003  0.2058 0 
 42.8321 -0.4848 -1.8439  0.0206  0.5713  0.0240  0.2667  0.0175 -0.0003  0.1577 0 
 46.0212  0.7119  2.7547  0.0269  0.6135  0.0586  0.5234  0.0555 -0.0003  0.2914 1 
 42.1515 -0.6916 -0.3379  0.0378  0.4494  0.0488  0.4017  0.0549 -0.0003  0.3166 1 
 49.4209  0.2496 -1.5896  0.0269  0.2673  0.1603  0.2569  0.0325 -0.0003  0.2175 0 
 44.6723 -0.2444  1.5392  0.0036  0.4276  0.0106  0.1758  0.0325 -0.0003  0.0897 0 
 47.8340 -0.7210  2.7041  0.1086  0.2831  0.0959  0.5613  0.0674 -0.0003  0.5471 0 
 41.5564  0.7009 -0.4770  0.0119  0.4286  0.0346  0.3584  0.0161 -0.0003  0.1557 0 
 59.6780  0.1773 -1.0094  0.0000  0.3892  0.0775  0.2042  0.2313 -0.0003  0.5023 1 
 23.1510 -0.2065  1.9840  0.2672  0.2350  0.0928  0.2657  0.3112  0.4332  0.9976 1 
 48.2033 -0.2307  0.0664  0.0072  0.2525  0.0192  0.3447  0.0513 -0.0003  0.0563 0 
 44.5502  0.2118 -3.0595  0.0156  0.7503  0.0589  0.4839  0.0048 -0.0003  0.2342 0 
 44.4251 -0.7171 -2.9072  0.0743  0.1778  0.0303  0.1761  0.1429 -0.0003  0.3125 0 
 36.4660  0.6979  0.2572  0.0102  0.0562  0.0305  0.2322  0.0375 -0.0003  0.0468 0 
 51.4931  0.0412  2.3905  0.0454  0.2806  0.1109  0.3390  0.0095 -0.0003  0.2419 0 
 45.8656 -0.0326 -0.7707  0.0115  0.4144  0.0272  0.2183  0.0140 -0.0003  0.1349 0 
 49.4636 -0.5441 -1.7251  0.0323  0.0571  0.0242  0.2569  0.0087 -0.0003  0.0518 0 
 46.0578  0.5394  1.4174  0.1135  0.1653  0.0229  0.2616  0.0389 -0.0003  0.2064 0 
 51.5755  0.4371  2.1104  0.0721  0.1901  0.1009  0.5506  0.1014 -0.0003  0.4708 0 
 39.1333 -0.4235 -1.0128  0.0090  0.2955  0.0331  0.3643  0.0298 -0.0003  0.0991 0 
 49.4362  0.4657  1.7675  0.0168  0.2677  0.0257  0.2997  0.0110 -0.0003  0.0878 0 
 44.7120 -0.4735 -1.3602  0.0485  0.0432  0.0412  0.1318  0.0034 -0.0003  0.0860 0 
 51.7861  0.1134  0.9429  0.0345  0.2931  0.1921  0.5500  0.0915 -0.0003  0.3534 0 
 47.1382 -0.0989 -2.1904  0.0039  0.5400  0.0136  0.0867  0.0657 -0.0003  0.1258 0 
 49.9550  0.1260  2.4394  0.2576  0.7447  0.0309  0.3843  0.1793 -0.0003  0.9173 1 
 46.3783 -0.1448 -0.7180  0.0947  0.1930  0.1067  0.0871  0.0858 -0.0003  0.5637 1 
 40.9796  0.6667  2.2132  0.0000  0.0091  0.0069  0.0900  0.0106 -0.0003  0.0498 0 
 38.5443 -0.6582 -0.9104  0.0009  0.3919  0.0798  0.3659  0.1257  0.2791  0.5756 0 
 47.5105 -0.6369  1.4854  0.0111  0.2138  0.0277  0.2595  0.0628 -0.0003  0.0630 0 
 47.0191  0.6172 -1.6911  0.0077  0.7184  0.0313  0.3469  0.0670 -0.0003  0.1697 0 
 50.9773  0.0791 -1.7103  0.0822  0.5415  0.0535  0.6372  0.1563 -0.0003  0.7278 1 
 49.8482 -0.0960  1.4733  0.3375  0.3893  0.0647  0.4272  0.2816 -0.0003  0.9870 1 
 48.6030  0.1441 -0.1353  0.0549  0.2802  0.0452  0.3870  0.0700 -0.0003  0.3087 0 
 40.2136 -0.1531  2.9935  0.0282  0.4745  0.0248  0.4069  0.0616 -0.0003  0.2014 0 
 59.6750  0.6340  0.3651  0.0078  0.1862  0.1412  0.3676  0.0096 -0.0003  0.1172 0 
 43.0884 -0.6243 -2.7799  0.0811  0.2508  0.0319  0.3550  0.2540 -0.0003  0.5873 0 
 47.7394  0.0224  0.7075  0.0191  0.1957  0.0319  0.3888  0.0071 -0.0003  0.0985 0 
 43.1098 -0.0171 -2.4774  0.0174  0.4750  0.0833  0.4881  0.0003 -0.0003  0.2013 0 
 45.6794  0.2988  0.3016  0.1762  0.2262  0.0525  0.2622  0.2069 -0.0003  0.8294 1 
 39.0539 -0.2948 -2.9081  0.5898  0.6594  0.0417  0.2278  0.2159 -0.0003  0.9946 1 
 48.1727 -0.6911  0.8627  0.0150  0.1739  0.0264  0.0431  0.0036 -0.0003  0.1424 0 
 43.8544  0.6903 -2.2656  0.0255  0.2268  0.0432  0.2650  0.0573 -0.0003  0.1254 0 
 40.4364  0.6672 -2.2963  0.0414  0.3811  0.0644  0.5417  0.0596  0.1067  0.4985 1 
 36.3592 -0.6680  0.8157  0.2157  0.7220  0.0300  0.3253  0.0568 -0.0003  0.8093 1 
 57.4411 -0.6391 -1.1131  0.0134  0.5095  0.0186  0.3298  0.0172 -0.0003  0.1158 0 
 45.0385  0.6357  2.0553  0.0327  0.3861  0.0597  0.3070  0.1199  0.0712  0.5155 0 
 49.7475 -0.6038 -2.9243  0.0114  0.0530  0.0905  0.2992  0.0411 -0.0003  0.0653 0 
 36.6644  0.5741  0.2537  0.0122  0.1603  0.0034  0.2318  0.0146 -0.0003  0.0340 0 
 44.8676  0.7271  1.8006  0.0315  0.1243  0.0532  0.3951  0.0529 -0.0003  0.1184 0 
 28.9403 -0.7284 -1.3598  0.0271  0.3035  0.0201  0.4466  0.0136 -0.0003  0.1451 0 
 50.5714  0.3726  1.7054  0.0128  0.3255  0.2073  0.7662  0.0095 -0.0003  0.2958 0 
 46.6957 -0.3765 -1.4246  0.0333  0.3563  0.0262  0.2607  0.0178 -0.0003  0.1471 0 
 48.4718  0.7323 -3.0128  0.0044  0.2303  0.0372  0.3873  0.0710 -0.0003  0.0891 0 
 43.2532 -0.7087  0.1408  0.1753  0.6489  0.0314  0.2660  0.1578 -0.0003  0.8217 0 
 47.6936 -0.6287  0.9370  0.3442  0.5582  0.1155  0.6049  0.0988 -0.0003  0.9483 1 
 47.1168  0.5761 -2.1642  0.3376  0.3202  0.0546  0.6502  0.6136  0.2160  0.9996 1 
 50.3426 -0.2424  0.5917  0.0143  0.5372  0.1738  0.5114  0.0427 -0.0003  0.2567 0 
 44.9989  0.2516 -2.5193  0.0638  0.4266  0.1562  0.5703  0.0434 -0.0003  0.3746 0 
 49.7261  0.4083  2.3118  0.1422  0.7403  0.0760  0.4702  0.1426 -0.0003  0.8971 0 
 36.6033 -0.4363 -0.7822  0.0840  0.2205  0.0503  0.3711  0.0317 -0.0003  0.3219 0 
 41.9043  0.5661 -2.9454  0.5219  0.7751  0.0295  0.2235  0.5090  0.3073  0.9986 1 
 38.9044 -0.5990  0.2047  0.0126  0.7008  0.0459  0.4562  0.0672 -0.0003  0.2492 1 
 45.9602 -0.1596 -1.2088  0.0338  0.4892  0.1280  0.3491  0.0440 -0.0003  0.2845 0 
 38.3001  0.1194  1.9522  0.0126  0.2293  0.0359  0.2748  0.0239 -0.0003  0.0838 0 
 49.2378  0.5137 -0.9073  0.0415  0.4155  0.2138  0.6428  0.0820 -0.0003  0.3893 0 
 45.2796 -0.4800  2.2520  0.0305  0.1038  0.0896  0.4380  0.0059 -0.0003  0.1043 0 
 43.5859  0.0266 -1.2354  0.4229  0.5171  0.0559  0.6636  0.2437  0.1525  0.9945 1 
 38.4466 -0.0288  1.9136  0.2108  0.4974  0.0562  0.5491  0.2073  0.1171  0.9426 1 
 48.4657 -0.1235 -0.2024  0.0437  0.3254  0.1270  0.5164  0.0184 -0.0003  0.2875 0 
 37.6379  0.1197  2.9520  0.0472  0.1578  0.0127  0.1841  0.0147 -0.0003  0.0624 0 
 57.5051 -0.5780  1.0067  0.0240  0.3419  0.0113  0.2061  0.0108 -0.0003  0.0922 0 
 48.6610  0.5565 -2.1249  0.0836  0.4391  0.0835  0.3439  0.0659 -0.0003  0.5217 0 
 49.8909  0.2006 -0.2554  0.0402  0.4447  0.0815  0.3417  0.0931 -0.0003  0.3998 0 
 45.6733 -0.2037  2.8857  0.0014  0.1474  0.1612  0.2185  0.0384 -0.0003  0.0934 0 
 55.9640  0.0915  1.9673  0.0490  0.1112  0.0309  0.3734  0.0733 -0.0003  0.1148 0 
 44.4862 -0.0957 -1.1878  0.0026  0.2687  0.0100  0.2200  0.0312 -0.0003  0.0478 0 
 36.4813 -0.6812 -2.9703  0.0000  0.1808  0.0521  0.1393  0.1142 -0.0003  0.1481 1 
 33.1090  0.5926  0.1984  0.3569  0.3624  0.0432  0.5726  0.4355  0.2479  0.9997 1 
 55.9304  0.3873 -2.1468  0.0220  0.6213  0.0810  0.4150  0.2152 -0.0003  0.5724 0 
 38.4985 -0.3802  0.9825  0.0036  0.2055  0.0364  0.4117  0.1551 -0.0003  0.1407 0 
 43.9063  0.6198 -2.9575  0.0168  0.0952  0.0234  0.2208  0.0162  0.1978  0.4099 0 
 41.0834 -0.6104  0.2001  0.0045  0.1326  0.0412  0.2247  0.1014 -0.0003  0.0732 0 
 43.3448 -0.5977  2.1394  0.0950  0.2340  0.0199  0.2215  0.0193 -0.0003  0.1920 0 
 38.8891  0.5826 -1.0086  0.0612  0.7305  0.0261  0.2281  0.0609 -0.0003  0.3226 0 
 49.5003  0.5889  0.5049  0.0357  0.1303  0.1025  0.2996  0.0848 -0.0003  0.1518 0 
 49.2866 -0.5523 -2.5911  0.1265  0.6036  0.0965  0.5570  0.0576 -0.0003  0.6209 0 
 43.2105  0.5046  1.5916  0.1049  0.6581  0.0178  0.3991  0.0688 -0.0003  0.5470 1 
 33.7346 -0.5121 -1.5032  0.3118  0.2918  0.0393  0.2848  0.6302  0.4400  0.9998 1 
 49.3080  0.3921  1.1688  0.0045  0.2089  0.0306  0.2999  0.0225  0.1354  0.2273 0 
 44.2451 -0.3699 -1.9828  0.0162  0.4163  0.0270  0.4407  0.0377  0.1312  0.3714 0 
 53.1319  0.0864 -1.0744  0.0127  0.4224  0.0367  0.3363  0.0743 -0.0003  0.1581 0 
 45.1972 -0.0842  2.0767  0.0430  0.1034  0.0722  0.4382  0.0457 -0.0003  0.1409 0 
 47.7272 -0.4999 -0.0607  0.3079  0.6554  0.0388  0.3024  0.2968 -0.0003  0.9814 0 
 35.3826  0.4556  3.0557  0.0706  0.3908  0.0413  0.4215  0.0692  0.0699  0.5808 0 
 57.2641  0.6458 -0.1526  0.0669  0.5621  0.0342  0.2063  0.0884 -0.0003  0.3970 0 
 45.7771 -0.6730  2.9505  0.0115  0.4082  0.0591  0.2184  0.0123 -0.0003  0.2539 0 
 49.4484 -0.7736  1.2530  0.2507  0.1499  0.0257  0.2569  0.2014 -0.0003  0.7746 0 
 34.3908  0.7664 -1.9080  0.0170  0.6425  0.0460  0.1888  0.0030 -0.0003  0.3351 0 
 45.4749  0.1859 -0.6199  0.1068  0.2610  0.0311  0.2625  0.1126  0.2666  0.9151 1 
 40.5920 -0.1893  2.5406  0.4540  0.4463  0.0932  0.4960  0.5450 -0.0003  0.9982 1 
 45.5970  0.3804  1.1359  0.0675  0.2744  0.0499  0.3935  0.0613 -0.0003  0.3576 0 
 41.1444 -0.3815 -2.0234  0.0127  0.6725  0.0199  0.4493  0.0952  0.0545  0.2978 0 
 42.6337  0.7958  2.1607  0.1934  0.7016  0.0338  0.4895  0.1131 -0.0003  0.8599 1 
 24.0635 -0.7924 -0.9465  0.1122  0.6601  0.0671  0.4201  0.1959  0.4319  0.9954 1 
 46.6835  0.7150 -0.7315  0.0284  0.1299  0.0192  0.4345  0.0563 -0.0003  0.0845 0 
 45.6489 -0.7091  2.4290  0.0299  0.4768  0.0258  0.1748  0.0107 -0.0003  0.1918 0 
 53.4005 -0.5167 -2.6788  0.0900  0.1995  0.0602  0.3778  0.1397 -0.0003  0.5135 0 
 46.0914  0.5202  0.4573  0.0129  0.2954  0.1862  0.6103  0.1656 -0.0003  0.3983 0 
 47.8431 -0.4484  3.0958  0.0193  0.3162  0.1695  0.7772  0.0521 -0.0003  0.3617 0 
 45.4932  0.4310 -0.0645  0.0331  0.3878  0.0271  0.3062  0.0200 -0.0003  0.1643 0 
 46.8849 -0.5176 -1.1482  0.0268  0.4813  0.1933  0.4340  0.0110 -0.0003  0.2521 0 
 46.2013  0.5047  2.0329  0.0308  0.5855  0.0724  0.3050  0.0757  0.1835  0.6474 0 
 50.1564  0.4817  1.6511  0.2354  0.5449  0.1118  0.3839  0.2965 -0.0003  0.9901 1 
 40.6806 -0.4799 -1.5151  0.4638  0.2622  0.0492  0.2704  0.5073  0.1038  0.9974 1 
 50.4707 -0.4861  1.1500  0.0052  0.2785  0.0403  0.2555  0.0414  0.1881  0.3865 0 
 37.4945  0.4931 -1.9964  0.0076  0.5827  0.0199  0.3225  0.0795 -0.0003  0.1186 0 
 47.2847  0.4449 -0.4175  0.0234  0.6544  0.0493  0.5197  0.0245 -0.0003  0.2563 0 
 45.4444 -0.4413  2.7363  0.0534  0.2330  0.0385  0.2625  0.0732 -0.0003  0.2069 0 
 46.9429 -0.1214  3.1085  0.0311  0.2145  0.0876  0.3471  0.0280 -0.0003  0.1758 0 
 41.0498  0.1393 -0.0528  0.0633  0.2842  0.0212  0.3596  0.0776 -0.0003  0.2276 0 
 44.3030 -0.3914  2.9167  0.4580  0.1307  0.0315  0.5286  0.3759 -0.0003  0.9892 1 
 41.9745  0.3877 -0.1848  0.1366  0.5372  0.0134  0.3575  0.1649 -0.0003  0.6336 1 
 48.1270  0.1161  2.9497  0.0026  0.1949  0.0588  0.3449  0.0563 -0.0003  0.0936 0 
 44.5411 -0.1087 -0.2238  0.0630  0.4404  0.0208  0.2200  0.1215 -0.0003  0.2657 0 
 46.7872  0.6991 -1.1190  0.0524  0.2390  0.0319  0.1303  0.0060 -0.0003  0.2152 0 
 45.8961 -0.6926  1.9876  0.0249  0.5041  0.0258  0.1309  0.0024 -0.0003  0.2205 0 
 46.8330 -0.6626 -0.6943  0.1837  0.0998  0.0200  0.3039  0.0129  0.1002  0.6070 0 
 34.9218  0.6683  2.4704  0.0120  0.5805  0.0295  0.3760  0.0230 -0.0003  0.1650 0 
 42.5513 -0.6938 -1.4288  0.0344  0.4058  0.0089  0.2672  0.1387 -0.0003  0.1515 0 
 37.7173  0.6651  1.7266  0.0311  0.6058  0.0131  0.1840  0.0391 -0.0003  0.1393 0 
 51.2306  0.5788 -1.3942  0.3112  0.0707  0.0198  0.5091  0.3974 -0.0003  0.9757 0 
 43.8880 -0.5890  1.7599  0.1265  0.6790  0.0204  0.1767  0.1773 -0.0003  0.6171 0 
 49.4697 -0.7680  1.1240  0.0079  0.6815  0.0184  0.2140  0.0176 -0.0003  0.1319 0 
 37.9126  0.7666 -2.0278  0.0255  0.1246  0.0318  0.3675  0.0578 -0.0003  0.0782 0 
 46.2318  0.1846 -1.6973  0.1953  0.1835  0.1301  0.4356  0.1570 -0.0003  0.8186 0 
 45.5848 -0.1631  1.4371  0.0656  0.4680  0.0451  0.3935  0.0320 -0.0003  0.4316 0 
 37.0092  0.6387 -0.6426  0.0730  0.2933  0.0414  0.3237  0.0179 -0.0003  0.3119 0 
 36.8536 -0.6742  2.4581  0.0384  0.4647  0.0265  0.2315  0.0233 -0.0003  0.1870 0 
 53.3700  0.0331 -0.0068  0.0162  0.0850  0.1902  0.2939  0.0070 -0.0003  0.0638 0 
 45.0446 -0.0150 -3.1114  0.0287  0.7231  0.0251  0.3509  0.0206  0.2306  0.6674 0 
 47.5013  0.6981  2.0679  0.2588  0.4270  0.0179  0.4325  0.4002 -0.0003  0.9788 1 
 34.3358 -0.6732 -1.1349  0.2960  0.6406  0.1263  0.4250  0.4078 -0.0003  0.9974 1 
 47.9072  0.2228 -1.9165  0.1443  0.5927  0.0328  0.5611  0.3328 -0.0003  0.9537 1 
 46.4393 -0.2353  1.2263  0.4508  0.6682  0.0363  0.4786  0.6413 -0.0003  0.9980 1 
 40.6378  0.4561 -1.9882  0.0367  0.6603  0.0142  0.2705  0.0110 -0.0003  0.1620 0 
 33.1151 -0.4237  1.2155  0.0427  0.4434  0.0776  0.4294  0.0457 -0.0003  0.3169 0 
 45.6611  0.5994 -0.8806  0.6567  0.4799  0.0729  0.5244  0.6403 -0.0003  0.9979 1 
 37.6532 -0.5932  2.2185  0.0310  0.4468  0.0797  0.4602  0.0295 -0.0003  0.2557 1 
 51.3436  0.8062 -2.8380  0.1706  0.2550  0.0316  0.4240  0.2464 -0.0003  0.8568 0 
 48.7800 -0.7984  0.2956  0.0411  0.4023  0.0623  0.4296  0.0827 -0.0003  0.3644 0 
 44.8371 -0.6536  0.2896  0.1837  0.4586  0.0474  0.3952  0.1553 -0.0003  0.8709 1 
 44.1779  0.6957 -2.9073  0.1179  0.7532  0.1801  0.6172  0.0925 -0.0003  0.6541 1 
 51.8654  0.2094  2.4800  0.0031  0.2284  0.0656  0.3806  0.0423 -0.0003  0.1139 0 
 40.9888 -0.2002 -0.6318  0.0028  0.7146  0.0141  0.2249  0.1524 -0.0003  0.1617 0 
 49.5430  0.5782  2.3398  0.0033  0.2005  0.0309  0.3423  0.0157  0.0584  0.1194 0 
 46.6773 -0.5718 -0.8214  0.0420  0.2194  0.0923  0.4345  0.0390 -0.0003  0.2347 0 
 45.9968 -0.2429 -2.2503  0.0185  0.0954  0.0297  0.3053  0.0390 -0.0003  0.0524 0 
 38.3795  0.2455  0.8928  0.0208  0.4260  0.0071  0.2289  0.0010 -0.0003  0.0976 0 
 47.8859  0.4349 -1.4644  0.0561  0.5549  0.0370  0.3453  0.0328 -0.0003  0.3919 0 
 42.7100 -0.4336  1.6599  0.0025  0.3632  0.0273  0.3558  0.0355 -0.0003  0.0857 0 
 40.4517  0.3469  1.5642  0.1074  0.1511  0.0138  0.3160  0.0839  0.0438  0.3480 0 
 39.8321 -0.3538 -1.5566  0.0058  0.2754  0.0178  0.2266  0.0078 -0.0003  0.0666 0 
 45.0568 -0.7181  1.3816  0.0538  0.1258  0.0526  0.4824  0.0873 -0.0003  0.2388 0 
 25.3178  0.7091 -1.7369  0.0026  0.3566  0.0126  0.3100  0.1581  0.0642  0.2087 0 
 47.5166 -0.6470 -1.2760  0.0418  0.2859  0.0672  0.5190  0.1679 -0.0003  0.4500 0 
 46.8086  0.6118  1.8604  0.0634  0.6727  0.0263  0.5210  0.1766 -0.0003  0.7053 0 
 48.2918  0.5026  0.9783  0.0563  0.5508  0.0200  0.2584  0.0794 -0.0003  0.2347 0 
 41.4435 -0.4740 -2.1192  0.0752  0.1235  0.1104  0.4484  0.1176 -0.0003  0.3753 0 
 43.9002  0.6767 -1.3361  0.3984  0.4241  0.0323  0.3091  0.5588  0.2196  0.9992 1 
 37.8973 -0.6578  1.7989  0.3545  0.2122  0.0267  0.2757  0.4217  0.3176  0.9994 1 
 41.5564 -0.5108 -2.2826  0.3848  0.5701  0.0314  0.1792  0.4099 -0.0003  0.9936 1 
 40.4364  0.5102  0.8741  0.2054  0.4103  0.0956  0.3160  0.2081 -0.0003  0.9528 1 
 39.5117  0.4378 -0.8936  0.1786  0.6356  0.0486  0.7722  0.2961 -0.0003  0.9771 1 
 37.6104 -0.6006  2.2247  0.0617  0.1005  0.0486  0.2302  0.1180 -0.0003  0.1757 1 
 53.8430 -0.7523 -0.9302  0.0812  0.1964  0.0383  0.2933  0.0649 -0.0003  0.2555 0 
 38.5962  0.7572  2.1577  0.1102  0.2399  0.0514  0.1371  0.1061 -0.0003  0.5522 0 
 44.9348 -0.6736  0.5507  0.0120  0.2057  0.0581  0.3511  0.0644 -0.0003  0.1204 0 
 36.8139  0.6558 -2.5491  0.1831  0.1551  0.0735  0.3705  0.2239 -0.0003  0.8591 0 
 49.1005 -0.4931  1.7858  0.0189  0.2273  0.0371  0.2573  0.1210 -0.0003  0.1490 0 
 44.5289  0.4869 -1.3687  0.0210  0.3247  0.0351  0.2200  0.0926 -0.0003  0.1655 0 
 48.0629  0.7006 -0.2558  0.0305  0.0920  0.0713  0.2156  0.0771 -0.0003  0.1095 0 
 44.2817 -0.6971  2.9011  0.0594  0.2195  0.0459  0.3965  0.0580 -0.0003  0.2669 0 
 49.9611 -0.2714 -2.5700  0.0000  0.2175  0.1071  0.4697  0.1876 -0.0003  0.2113 0 
 48.8563  0.2829  0.5179  0.0299  0.5776  0.0337  0.3436  0.0622 -0.0003  0.2506 0 
 54.4045 -0.5060  0.7696  0.0081  0.3468  0.0908  0.5432  0.0782 -0.0003  0.2141 0 
 45.2674  0.4866 -2.3244  0.0424  0.5383  0.0643  0.5256  0.0345 -0.0003  0.3217 0 
 41.2116  0.7396  0.3877  0.0907  0.5633  0.0219  0.4042  0.2596 -0.0003  0.7588 1 
 31.4488 -0.7337 -2.7030  0.2488  0.4089  0.0258  0.2906  0.2097 -0.0003  0.8504 1 
 42.7070  0.0204  0.5424  0.0535  0.2945  0.0418  0.2669  0.0818 -0.0003  0.2812 0 
 34.3267 -0.0431 -2.5900  0.0353  0.0881  0.0263  0.3306  0.0561 -0.0003  0.0642 0 
 47.8096 -0.0455  0.5911  0.0996  0.1247  0.1566  0.4750  0.0925 -0.0003  0.4248 0 
 44.8768  0.0565 -2.5923  0.0042  0.2731  0.0243  0.4829  0.0923 -0.0003  0.1177 0 
 55.6222  0.4634  0.4635  0.0115  0.4271  0.0272  0.2493  0.0428 -0.0003  0.1147 0 
 37.8882 -0.4607 -2.6840  0.0303  0.0670  0.0360  0.1838  0.0158 -0.0003  0.0645 0 
 41.7395 -0.5815 -1.8734  0.0963  0.6122  0.0370  0.2238  0.0704 -0.0003  0.5700 0 
 38.3124  0.6021  1.2452  0.0758  0.0875  0.0277  0.2748  0.0617 -0.0003  0.0922 0 
 51.4107  0.1319  0.3107  0.0120  0.3367  0.0501  0.2967  0.0419 -0.0003  0.1569 0 
 47.5319 -0.1181 -2.8715  0.0103  0.1786  0.0808  0.3460  0.0495  0.0153  0.1204 0 
 46.9001  0.2301 -0.4763  0.4851  0.2879  0.0289  0.5208  0.4453 -0.0003  0.9951 1 
 39.0723 -0.2279  2.6113  0.0869  0.3129  0.0469  0.3189  0.0939  0.3395  0.9283 1 
 49.4881  0.0306 -3.1082  0.0662  0.1933  0.1392  0.2996  0.0267 -0.0003  0.2638 0 
 46.1463 -0.0383  0.0302  0.0380  0.3280  0.0552  0.2615  0.1668 -0.0003  0.4550 0 
 45.4322 -0.7870  2.9557  0.0107  0.0996  0.0246  0.3063  0.1179 -0.0003  0.0622 0 
 43.7812  0.7592 -0.1977  0.0054  0.6288  0.0652  0.3977  0.0328 -0.0003  0.1959 0 
 48.1910 -0.3376 -0.0089  0.0873  0.3103  0.0717  0.3447  0.0663 -0.0003  0.4812 1 
 29.0227  0.3347 -3.1358  0.1196  0.3275  0.0250  0.1984  0.2529 -0.0003  0.6333 1 
 46.7964 -0.6215 -0.1623  0.0088  0.4889  0.1019  0.3908  0.0449 -0.0003  0.2043 0 
 42.1424  0.6156  3.0065  0.0147  0.3959  0.0236  0.2232  0.0792 -0.0003  0.1183 0 
 37.9675  0.3356  1.1641  0.0268  0.1997  0.0626  0.3214  0.0191 -0.0003  0.1463 0 
 36.3684 -0.3836 -1.9746  0.0070  0.7570  0.0379  0.1859  0.1163 -0.0003  0.2420 0 
 45.9541  0.6360 -1.3942  0.0036  0.3415  0.1010  0.3927  0.1075 -0.0003  0.2030 0 
 42.3194 -0.6349  1.7225  0.0027  0.2261  0.0326  0.4013  0.1227 -0.0003  0.1074 0 
 47.4220  0.0127 -2.8313  0.0046  0.1654  0.0296  0.3895  0.0363 -0.0003  0.0608 0 
 43.6133  0.0005  0.3193  0.0141  0.3087  0.0156  0.2654  0.0964 -0.0003  0.0850 0 
 52.9488 -0.5772 -1.1263  0.0114  0.5393  0.1338  0.5469  0.0224 -0.0003  0.2322 0 
 44.5502  0.5516  1.9855  0.0573  0.5529  0.0203  0.2639  0.0499 -0.0003  0.2217 0 
 44.2847 -0.1290  2.7292  0.3472  0.3591  0.0725  0.3965  0.5996 -0.0003  0.9982 1 
 34.2138  0.0876 -0.4090  0.9083  0.4467  0.0445  0.3309  0.2385 -0.0003  0.9944 1 
 48.0537 -0.4537 -2.2390  0.2817  0.1340  0.0574  0.4313  0.3339 -0.0003  0.9736 0 
 40.8026  0.4791  0.8599  0.0520  0.4297  0.0191  0.3602  0.0881 -0.0003  0.2423 0 
 48.5115 -0.1704  1.3621  0.0522  0.6793  0.0763  0.3872  0.0240 -0.0003  0.3627 0 
 22.4338  0.1567 -1.8095  0.0134  0.4315  0.0159  0.2147  0.1613  0.1409  0.4230 0 
 45.9419 -0.6829  0.1470  0.0910  0.3210  0.0152  0.1745  0.0269 -0.0003  0.1828 0 
 37.6532  0.6775 -2.9947  0.0780  0.0366  0.0215  0.1381  0.0245 -0.0003  0.0574 0 
 43.7079  0.6736  1.6127  0.1198  0.1501  0.0589  0.2652  0.2238 -0.0003  0.6523 0 
 37.4762 -0.6962 -1.4927  0.0068  0.7436  0.0148  0.3687  0.1404 -0.0003  0.1785 0 
 54.9966  0.4552 -2.3889  0.1425  0.5728  0.0950  0.5001  0.1241 -0.0003  0.8101 1 
 37.2015 -0.4902  0.6284  0.1018  0.6206  0.0479  0.3694  0.0751  0.3194  0.9614 1 
 45.8869 -0.7665  0.5196  0.0457  0.1422  0.0090  0.2619  0.0289 -0.0003  0.0480 0 
 28.9128  0.7438 -2.5728  0.0051  0.3619  0.0407  0.3475  0.0432 -0.0003  0.1216 0 
 38.2116  0.6071  0.6833  0.0813  0.5822  0.0364  0.4125  0.2361  0.2118  0.8808 0 
 28.9494 -0.5766 -2.4336  0.0188  0.6796  0.0175  0.4466  0.1016  0.0347  0.2859 0 
 46.3355  0.6663  0.7972  0.0538  0.0970  0.1884  0.5225  0.0102 -0.0003  0.1929 0 
 39.0600 -0.6520 -2.3327  0.0405  0.2308  0.0266  0.3190  0.2537 -0.0003  0.3953 0 
 44.1016 -0.7619 -1.2199  0.4277  0.4811  0.1426  0.1764  0.2846 -0.0003  0.9966 1 
 43.4577  0.7734  1.9500  0.0646  0.4547  0.0274  0.2214  0.0281 -0.0003  0.2607 1 
 46.3569 -0.0248 -2.7092  0.0950  0.2215  0.0526  0.2612  0.0870 -0.0003  0.4233 0 
 42.8168 -0.0105  0.4176  0.0292  0.3361  0.0673  0.4445  0.0674  0.2353  0.5287 0 
 45.4017  0.3283 -0.7347  0.1097  0.2907  0.0688  0.3939  0.3078  0.0846  0.9142 1 
 37.6379 -0.3088  2.3824  0.0709  0.8382  0.0414  0.5523  0.1341 -0.0003  0.7421 1 
 46.8238 -0.2697  0.0132  0.0222  0.5590  0.1527  0.5210  0.0991 -0.0003  0.3125 1 
 43.8972  0.2463 -3.1055  0.1419  0.7229  0.0631  0.4857  0.2714 -0.0003  0.9581 1 
 47.6265 -0.5341  3.0117  0.0331  0.2395  0.0310  0.3026  0.0109 -0.0003  0.1226 0 
 44.0864  0.5155 -0.1975  0.0456  0.4616  0.0841  0.2206  0.0646 -0.0003  0.4675 0 
 50.9102 -0.3484  0.6147  0.1270  0.2166  0.0505  0.3824  0.1622 -0.0003  0.6820 0 
 45.8350  0.3470 -2.5191  0.0728  0.5582  0.0151  0.3930  0.1166  0.0977  0.5857 0 
 48.5817 -0.3077  1.2585  0.0056  0.2832  0.0330  0.2150  0.0228 -0.0003  0.0931 0 
 39.1821  0.3017 -1.8581  0.0150  0.2956  0.0541  0.2276  0.0167 -0.0003  0.1816 0 
 45.4749  0.0692  0.2007  0.0143  0.6284  0.0481  0.3500  0.0186 -0.0003  0.2269 0 
 42.4811 -0.0725 -2.9394  0.0127  0.6047  0.0132  0.3118  0.1220  0.1725  0.4398 0 
 48.8960  0.7475  1.5000  0.1357  0.7010  0.0756  0.1718  0.1094 -0.0003  0.8920 0 
 45.8991 -0.7285 -1.7092  0.0479  0.4693  0.0138  0.2182  0.0833 -0.0003  0.1606 0 
 51.5175 -0.3429 -2.8889  0.3014  0.3615  0.0608  0.7626  0.1428 -0.0003  0.9582 1 
 42.8931  0.3599  0.2391  0.0233  0.7837  0.0257  0.3999  0.0955 -0.0003  0.2630 1 
 42.2858 -0.7407  0.7295  0.0051  0.5076  0.0314  0.3568  0.0555 -0.0003  0.1293 0 
 35.4437  0.7248 -2.4034  0.0179  0.0944  0.0320  0.0936  0.0031 -0.0003  0.0846 0 
 45.9388 -0.6936 -1.0707  0.0055  0.1165  0.0551  0.4800  0.0051 -0.0003  0.0903 0 
 45.5451  0.6903  2.0748  0.0738  0.2759  0.0651  0.3499  0.0302 -0.0003  0.3584 0 
 50.5531  0.6110 -0.2049  0.0291  0.5128  0.1772  0.6385  0.3597 -0.0003  0.8745 0 
 31.9890 -0.5952  2.9354  0.0187  0.6603  0.0222  0.2410  0.0297 -0.0003  0.1496 0 
 42.8290  0.6001 -2.2252  0.1339  0.4518  0.0595  0.5778  0.3524  0.1949  0.9658 1 
 31.1528 -0.5557  0.7716  0.1303  0.8370  0.0508  0.4856  0.0533  0.1828  0.7845 1 
 49.2866  0.5803 -2.2902  0.0104  0.5086  0.0418  0.4713  0.0206 -0.0003  0.1866 0 
 46.1250 -0.5606  0.8694  0.0678  0.3498  0.0655  0.4795  0.0512 -0.0003  0.4238 0 
 46.8208  0.1405 -1.3110  0.0017  0.3451  0.0442  0.4342  0.0109 -0.0003  0.1384 0 
 36.3165 -0.1107  1.8433  0.0586  0.4603  0.0108  0.1859  0.0926 -0.0003  0.1770 0 
 51.2276 -0.7019 -2.4157  0.0275  0.2353  0.0546  0.4667  0.0162 -0.0003  0.1884 0 
 50.0801  0.7202  0.7600  0.0081  0.2805  0.1982  0.3414  0.0201  0.0816  0.2197 0 
 46.3844 -0.8137 -2.7479  0.1000  0.3558  0.0325  0.2176  0.0200 -0.0003  0.3879 0 
 36.5698  0.7619  0.3671  0.0006  0.7972  0.0869  0.5568  0.0693 -0.0003  0.2802 0 
 52.0851  0.3219 -1.6903  0.0850  0.4129  0.1264  0.3380  0.0820 -0.0003  0.4986 1 
 46.0853 -0.3140  1.4751  0.8465  0.5622  0.0974  0.5232  0.4310 -0.0003  0.9959 1 
 50.8186 -0.5833  0.0348  0.0257  0.1742  0.1179  0.6802  0.1823 -0.0003  0.4391 0 
 45.5299  0.5809 -3.1209  0.0064  0.6337  0.0090  0.2187  0.0103 -0.0003  0.1077 0 
 47.9438  0.7359 -2.8156  0.0540  0.1081  0.0876  0.4315  0.1415 -0.0003  0.2718 0 
 47.4708 -0.7378  0.3322  0.0380  0.3122  0.0895  0.4326  0.0280 -0.0003  0.2550 0 
 47.0497 -0.4758  1.8496  0.0227  0.1236  0.0417  0.4770  0.1218 -0.0003  0.1583 0 
 44.7913  0.4633 -1.2948  0.0075  0.1668  0.0387  0.3075  0.0308 -0.0003  0.0650 0 
 49.4636 -0.6755  1.8017  0.0022  0.2465  0.0423  0.3425  0.0707 -0.0003  0.0892 0 
 45.0965  0.6721 -1.3375  0.0060  0.1790  0.0258  0.2192  0.0436 -0.0003  0.0497 0 
 52.2805 -0.4269  0.1408  0.0546  0.3744  0.0336  0.2110  0.1138 -0.0003  0.3124 0 
 44.7211  0.4252 -2.9713  0.0620  0.1931  0.0277  0.2197  0.0677 -0.0003  0.1495 0 
 47.7668 -0.5483 -0.1059  0.0121  0.1156  0.0788  0.2160  0.0082 -0.0003  0.0940 0 
 43.0549  0.5573  3.0409  0.0191  0.1402  0.0297  0.1332  0.1216 -0.0003  0.1155 0 
 48.9540 -0.4451  1.9695  0.0200  0.6170  0.0427  0.6009  0.1899 -0.0003  0.4795 0 
 42.2339  0.4243 -1.1837  0.0034  0.4218  0.0389  0.4908  0.1473 -0.0003  0.2450 0 
 46.7689  0.4518  2.9784  0.0820  0.3832  0.0426  0.2606  0.0165 -0.0003  0.4175 1 
 42.8870 -0.4559 -0.1763  0.3361  0.2525  0.0489  0.3110  0.2088 -0.0003  0.9461 1 
 45.2308 -0.7608  1.4536  0.2110  0.3712  0.0135  0.3067  0.1645 -0.0003  0.6380 0 
 42.2278  0.7647 -1.7333  0.0218  0.0932  0.0143  0.2677  0.0054  0.1548  0.2747 0 
 52.4483 -0.2403  1.4446  0.1447  0.6132  0.0519  0.4639  0.0880 -0.0003  0.8034 0 
 42.1851  0.2218 -1.6684  0.0343  0.3841  0.0665  0.4463  0.1292 -0.0003  0.3925 0 
 46.7506 -0.7283  0.8331  0.0738  0.4419  0.0727  0.4778  0.1126 -0.0003  0.5573 0 
 43.5981  0.7728 -2.3105  0.0077  0.1651  0.0255  0.1770 -0.0200 -0.0003  0.0876 0 
 46.2715  0.5210 -1.5819  0.0058  0.4995  0.0377  0.5662  0.0407 -0.0003  0.1882 1 
 46.0975 -0.5263  1.5533  0.6900  0.6720  0.0356  0.2616  0.3890 -0.0003  0.9976 1 
 45.7069  0.7573  0.4490  0.0476  0.2728  0.0827  0.3058  0.0557 -0.0003  0.3022 0 
 39.7101 -0.7674 -2.5999  0.0005  0.5673  0.1252  0.2721  0.0120 -0.0003  0.2021 0 
 47.5410  0.4584 -0.6513  0.0154  0.6503  0.0146  0.1730  0.0062 -0.0003  0.1407 0 
 41.1566 -0.4361  2.4630  0.0775  0.8605  0.1478  0.4942  0.0261 -0.0003  0.5040 0 
 60.6851 -0.6872  2.6148  0.0546  0.1392  0.0731  0.2847  0.0717 -0.0003  0.1897 0 
 50.5318  0.7053 -0.4872  0.0050  0.3396  0.0090  0.1277  0.0026 -0.0003  0.1047 0 
 50.0435 -0.5585 -1.1195  0.0029  0.3465  0.0171  0.2561  0.1157 -0.0003  0.0924 0 
 45.3437  0.5424  2.0023  0.0227  0.1207  0.0348  0.1751  0.0175 -0.0003  0.0689 0 
 44.5563 -0.7333 -0.6109  0.0150  0.1017  0.0251  0.2639  0.0025 -0.0003  0.0523 0 
 41.4557  0.7413  2.5292  0.0055  0.4932  0.0454  0.4932  0.0224 -0.0003  0.1721 0 
 47.5288  0.7562 -0.9146  0.0551  0.4514  0.0599  0.3892  0.0245  0.2352  0.6388 0 
 32.6909 -0.7578  2.2013  0.0186  0.4710  0.0189  0.4789  0.0347 -0.0003  0.1719 0 
 50.8125 -0.2184  0.7648  0.0672  0.2064  0.1004  0.2976  0.0251 -0.0003  0.2802 0 
 49.4118  0.2566 -2.3787  0.0026  0.6961  0.0682  0.3425  0.1511  0.3243  0.7467 0 
 47.9652 -0.2711  2.2392  0.0513  0.3627  0.0334  0.3883  0.0250 -0.0003  0.2752 0 
 40.3937  0.2445 -0.8805  0.0005  0.7446  0.0422  0.2709  0.0385 -0.0003  0.2032 0 
 42.4811  0.4338  1.7379  0.0267  0.2832  0.0571  0.4455  0.0217 -0.0003  0.2048 0 
 40.6348 -0.4710 -1.4143  0.1228  0.3339  0.0128  0.2254  0.0441 -0.0003  0.2462 0 
 45.8564  0.7539  1.4609  0.0197  0.5231  0.0206  0.3056  0.0048 -0.0003  0.1503 0 
 41.7517 -0.7511 -1.7056  0.0851  0.2670  0.0248  0.3580  0.1136 -0.0003  0.3753 0 
 37.7661 -0.0900  0.1835  0.0386  0.6760  0.0344  0.1839  0.0440 -0.0003  0.2719 0 
 37.7447  0.1076 -2.9153  0.0092  0.7902  0.0263  0.4600  0.0231 -0.0003  0.1785 0 
 56.8826  0.5013  1.2724  0.0917  0.1298  0.0475  0.2893  0.0952 -0.0003  0.2663 0 
 44.5502 -0.4957 -1.8415  0.0027  0.0687  0.1028  0.1760  0.0257 -0.0003  0.0797 0 
 48.5420 -0.4859  0.2999  0.0458  0.6466  0.0927  0.6022  0.0652 -0.0003  0.3690 0 
 46.4820  0.4504 -2.8753  0.0562  0.6205  0.0809  0.4785  0.0617 -0.0003  0.3957 0 
 44.7791  0.4233  0.7535  0.0006  0.5951  0.0305  0.3953  0.0319 -0.0003  0.1319 0 
 39.0570 -0.4421 -2.4323  0.0573  0.3524  0.1280  0.5468  0.0164 -0.0003  0.3396 0 
 54.8165 -0.3945  1.1560  0.3106  0.5973  0.0535  0.3754  0.0772 -0.0003  0.8478 1 
 48.3925  0.3791 -2.0538  0.3279  0.2096  0.1112  0.4735  0.2713 -0.0003  0.9881 1 
 45.8534 -0.3658  1.8969  0.2322  0.4477  0.0410  0.3492  0.1823 -0.0003  0.8936 1 
 35.9869  0.2889 -1.2907  0.0352  0.5106  0.1646  0.4195  0.0740  0.3623  0.6622 1 
 50.5837 -0.4754 -1.5188  0.0055  0.1857  0.0611  0.1702  0.0364 -0.0003  0.1169 0 
 43.4424  0.4914  1.6572  0.0446  0.4777  0.0969  0.3985  0.0147 -0.0003  0.2824 0 
 52.7657 -0.4694  1.8088  0.0240  0.2171  0.1147  0.2948  0.0744 -0.0003  0.1957 0 
 47.6417  0.4687 -1.3441  0.0280  0.2948  0.0529  0.3458  0.0535 -0.0003  0.2023 0 
 50.5348  0.5640 -2.0118  0.0055  0.1563  0.0513  0.3406  0.1590 -0.0003  0.1400 0 
 30.7866 -0.5600  1.1456  0.0147  0.0432  0.0173  0.0975  0.1263  0.1328  0.2315 0 
 48.6275 -0.1600  1.7207  0.0133  0.0407  0.0692  0.3870  0.0792 -0.0003  0.0792 0 
 38.5229  0.1648 -1.4329  0.0374  0.4048  0.0435  0.0457  0.0045 -0.0003  0.3890 0 
 47.0466  0.6749  0.0862  0.0247  0.3583  0.0147  0.2602  0.0302 -0.0003  0.0890 0 
 45.3040 -0.6780 -3.0582  0.0701  0.2856  0.0162  0.0438  0.0424 -0.0003  0.1814 0 
 43.0701 -0.1597  0.4441  0.0088  0.2772  0.0483  0.4438  0.0125 -0.0003  0.1436 0 
 42.8473  0.1522 -2.6792  0.0024  0.0455  0.0093  0.1333  0.0152 -0.0003  0.0416 0 
 51.4290 -0.0880 -1.0832  0.0268  0.1909  0.0780  0.3391  0.0192 -0.0003  0.1473 0 
 42.8199  0.0835  2.0620  0.0391  0.2354  0.0338  0.1333  0.0162 -0.0003  0.1767 0 
 48.6305  0.4733  1.1262  0.0019  0.6890  0.2083  0.5159  0.0966 -0.0003  0.3048 0 
 44.6479 -0.4738 -2.0255  0.0733  0.2796  0.0271  0.1319  0.0126 -0.0003  0.2416 0 
 49.7230  0.2552  2.4865  0.0568  0.5153  0.1712  0.7695  0.0252 -0.0003  0.4094 0 
 39.7070 -0.2551 -0.6553  0.0013  0.4581  0.0097  0.1815  0.0279 -0.0003  0.0899 0 
 46.1799 -0.3697  2.3980  0.0091  0.3251  0.0397  0.4793  0.0289 -0.0003  0.1541 0 
 38.7945  0.3565 -0.7808  0.0136  0.2115  0.0705  0.2282  0.0040 -0.0003  0.1524 0 
 46.4179 -0.6510  1.7083  0.0456  0.4623  0.1029  0.5222  0.0495 -0.0003  0.3238 0 
 44.6876  0.6339 -1.4290  0.0213  0.2420  0.0130  0.2198  0.0218 -0.0003  0.0607 0 
 49.4057 -0.2783  1.8954  0.0562  0.1866  0.0606  0.4282  0.0106 -0.0003  0.2307 0 
 42.2004  0.2789 -1.2597  0.0344  0.2506  0.0227  0.0893  0.0551 -0.0003  0.1526 0 
 49.8268  0.7489  1.1667  0.1160  0.3513  0.0277  0.2991  0.2053 -0.0003  0.6760 0 
 47.3182 -0.7560 -1.9855  0.0420  0.1435  0.1005  0.4763  0.1293  0.2708  0.5401 0 
 46.6896 -0.5898  2.1662  0.0243  0.4660  0.2939  0.5648  0.0208  0.5352  0.5423 1 
 41.9989  0.5886 -0.9478  0.1862  0.1356  0.0507  0.4021  0.1575  0.0561  0.8138 1 
 48.4169  0.4721 -1.1225  0.0094  0.4373  0.0269  0.2152  0.0352 -0.0003  0.1211 0 
 41.9287 -0.4674  2.0064  0.0331  0.2328  0.0440  0.3576  0.0286 -0.0003  0.1588 0 
 51.5206 -0.3559  1.3725  0.1243  0.3244  0.0539  0.3389  0.0590  0.4591  0.9939 1 
 43.6500  0.3585 -1.7887  0.2350  0.7089  0.0367  0.2211  0.2038 -0.0003  0.9285 1 
 49.8177  0.1403  0.5734  0.0443  0.4302  0.0608  0.3846  0.0429 -0.0003  0.3347 0 
 43.8117 -0.1495 -2.5659  0.0312  0.0445  0.0722  0.2651  0.0482 -0.0003  0.0805 0 
 50.0038  0.1705 -0.8161  0.0159  0.3366  0.0690  0.2135  0.0456 -0.0003  0.2490 0 
 48.7221 -0.1517  2.2806  0.0113  0.2792  0.1052  0.3008  0.0156 -0.0003  0.1620 0 
 46.7597 -0.5273 -2.6133  0.0206  0.4719  0.0278  0.3040  0.0244 -0.0003  0.1531 0 
 34.2687  0.5244  0.4961  0.0246  0.3529  0.0441  0.1890  0.0137 -0.0003  0.2319 0 
 38.2391  0.7250 -1.0055  0.0092  0.3175  0.0210  0.3208  0.0526 -0.0003  0.0712 1 
 36.1242 -0.7237  2.0667  0.1142  0.4750  0.0290  0.1397  0.1036 -0.0003  0.4756 1 
 46.8238  0.3394  2.8785  0.0076  0.1592  0.0674  0.4342  0.0405 -0.0003  0.1032 0 
 41.3397 -0.3328 -0.2848  0.0031  0.3185  0.1005  0.2244  0.0126 -0.0003  0.1922 0 
 39.5514 -0.0892 -2.6085  0.1118  0.7501  0.0917  0.6358  0.1547 -0.0003  0.8477 1 
 37.9126  0.0641  0.5070  0.3948  0.6904  0.0605  0.4135  0.2460  0.2471  0.9920 1 
 48.2094  0.3208  0.6922  0.0111  0.1199  0.0083  0.3447  0.0193 -0.0003  0.0361 0 
 37.2290 -0.2994 -2.4476  0.0194  0.4228  0.0550  0.4155  0.0132 -0.0003  0.2118 0 
 51.1055  0.4937 -0.3102  0.2759  0.2192  0.0629  0.2972  0.1657 -0.0003  0.8938 1 
 49.3263 -0.4865  2.8025  0.4997  0.4190  0.0448  0.2570  0.4667 -0.0003  0.9972 1 
 49.3141 -0.6216  1.4524  0.0148  0.3428  0.0935  0.1713  0.0056  0.0498  0.2945 0 
 47.7546  0.6153 -1.7252  0.0215  0.1094  0.0734  0.6048  0.0403 -0.0003  0.1568 0 
 54.1756  0.3099 -2.1691  0.0042  0.0978  0.3833  0.2928  0.1157 -0.0003  0.1442 0 
 45.1881 -0.3041  0.9215  0.0172  0.1836  0.2538  0.4820  0.0609 -0.0003  0.2159 0 
 48.3803 -0.7328 -1.9905  0.0965  0.6454  0.0412  0.4305  0.1784 -0.0003  0.8277 0 
 44.9714  0.7262  1.1436  0.0348  0.1243  0.0221  0.3072  0.0999 -0.0003  0.0797 0 
 47.9835  0.0550  2.2937  0.0154  0.6503  0.0626  0.6903  0.0530 -0.0003  0.2800 1 
 33.7407 -0.0530 -0.8415  0.3981  0.4181  0.0761  0.4746  0.2784 -0.0003  0.9898 1 
 49.2683 -0.5088  1.5208  0.0198  0.3510  0.0419  0.3428  0.0192 -0.0003  0.1720 0 
 42.6734  0.5039 -1.6080  0.0282  0.1981  0.0804  0.4004  0.0289 -0.0003  0.1629 0 
 41.3275  0.3075  2.2115  0.0023  0.2345  0.0201  0.2693  0.0234 -0.0003  0.0489 0 
 39.7375 -0.3056 -0.8978  0.1063  0.6157  0.0110  0.2268  0.0500 -0.0003  0.3416 0 
 47.0130  0.3945 -2.8977  0.0476  0.1771  0.0226  0.2602  0.0274 -0.0003  0.0843 0 
 43.8849 -0.4229  0.2543  0.0082  0.5090  0.0312  0.3533  0.0511 -0.0003  0.1371 0 
 40.7263 -0.6614 -0.6760  0.1915  0.5176  0.0498  0.6307  0.1815 -0.0003  0.9370 1 
 35.7061  0.6604  2.4404  0.0404  0.1601  0.0505  0.4671  0.0787 -0.0003  0.2120 1 
 53.8582 -0.0709 -2.2780  0.0091  0.0482  0.0303  0.2932  0.0081 -0.0003  0.0521 0 
 42.4964  0.0480  0.8320  0.0534  0.5233  0.0339  0.4009  0.0449 -0.0003  0.3789 0 
 43.6744  0.2878  2.8929  0.1125  0.1373  0.0508  0.4864  0.0316 -0.0003  0.3710 0 
 42.6368 -0.2704 -0.2338  0.0629  0.5371  0.0407  0.2670  0.0165 -0.0003  0.4246 0 
 53.8979  0.6195 -2.0186  0.0503  0.2217  0.1087  0.3351  0.0342 -0.0003  0.2428 0 
 36.0143 -0.5979  1.1009  0.0078  0.3982  0.0657  0.2796  0.1044 -0.0003  0.2654 0 
 51.5908  0.0199  2.1399  0.0287  0.1988  0.0410  0.2541  0.0408 -0.0003  0.1071 0 
 47.0893  0.0037 -0.9444  0.0033  0.4121  0.0468  0.2601  0.0258  0.0240  0.2045 0 
 48.6732  0.5595 -1.3224  0.0059  0.6968  0.0453  0.2579  0.0855 -0.0003  0.2537 0 
 48.2948 -0.5582  1.8358  0.0279  0.2262  0.0561  0.3015  0.0781 -0.0003  0.1812 0 
 48.0568  0.3178  1.1447  0.0419  0.2144  0.0268  0.2156  0.0423 -0.0003  0.1047 0 
 36.8902 -0.3064 -1.9975  0.0075  0.1529  0.0159  0.2314  0.0056 -0.0003  0.0440 0 
 43.2380  0.2624  1.5346  0.3104  0.4672  0.0718  0.4434  0.1334 -0.0003  0.9202 1 
 36.9177 -0.2593 -1.5719  0.3044  0.4026  0.0233  0.4628  0.3570 -0.0003  0.9806 1 
 45.4170 -0.6227 -0.4625  0.2538  0.4881  0.0563  0.5690  0.3444 -0.0003  0.9900 1 
 38.6236  0.6056  2.6246  0.0212  0.4628  0.0555  0.5028  0.1148 -0.0003  0.3200 1 
 50.7820 -0.4723 -2.1227  0.0682  0.3188  0.0387  0.3827  0.0555 -0.0003  0.3525 0 
 47.3121  0.4621  0.9987  0.0392  0.7277  0.1044  0.4330  0.0257 -0.0003  0.3232 0 
 42.2614  0.6279  0.3763  0.0062  0.4645  0.0165  0.3122  0.0342  0.1344  0.2651 0 
 37.7325 -0.6465 -2.7617  0.0157  0.4005  0.0244  0.1380  0.0167 -0.0003  0.1575 0 
 45.7588  0.8066  2.1603  0.0742  0.2956  0.0204  0.3931  0.0706 -0.0003  0.2906 0 
 30.3716 -0.7765 -0.8427  0.0909  0.1086  0.0551  0.1957  0.1019 -0.0003  0.2551 0 
 51.2215  0.2279  3.1145  0.0333  0.5199  0.1039  0.5940  0.1107 -0.0003  0.3708 0 
 40.4181 -0.2258 -0.0167  0.0017  0.5696  0.0518  0.2709  0.0316 -0.0003  0.2123 0 
 50.2876  0.5298  3.1332  0.5219  0.2338  0.1184  0.2131  0.2576 -0.0003  0.9925 1 
 42.5147 -0.5112 -0.0548  0.0309  0.2680  0.0293  0.3117  0.0336 -0.0003  0.1169 1 
 46.8025 -0.5079  2.8581  0.0152  0.3693  0.0478  0.2171  0.2632  0.0447  0.5499 0 
 46.6133  0.5076 -0.2891  0.0739  0.1924  0.0357  0.3043  0.0479 -0.0003  0.2074 0 
 47.2572  0.7946  2.7980  0.0050  0.1627  0.0249  0.3032  0.1835 -0.0003  0.1156 0 
 41.6266 -0.8031 -0.3650  0.0000  0.1817  0.0204  0.0896  0.0121 -0.0003  0.0800 0 
 55.8328 -0.5071  0.5519  0.0225  0.4726  0.1006  0.1661  0.0091 -0.0003  0.2950 0 
 47.5013  0.5168 -2.6135  0.0169  0.4422  0.0252  0.2596  0.0126 -0.0003  0.1375 0 
 44.7364  0.5479  2.8363  0.0007  0.2253  0.0546  0.2636  0.0754 -0.0003  0.1011 0 
 43.6927 -0.5468 -0.2525  0.0025  0.3711  0.0204  0.3537  0.1522 -0.0003  0.1318 0 
 47.3243  0.8012  0.5285  0.0835  0.2803  0.0200  0.4763  0.1884 -0.0003  0.5525 0 
 38.8190 -0.7830 -2.6251  0.0265  0.2868  0.0649  0.3651  0.0084  0.1112  0.2960 0 
 44.3580 -0.4403  0.4115  0.2614  0.6593  0.0433  0.3523  0.4494 -0.0003  0.9921 1 
 26.4500  0.4626 -2.7770  0.2771  0.3509  0.0109  0.3059  0.2412  0.0907  0.9067 1 
 46.0395  0.2499 -2.1296  0.0258  0.1935  0.1326  0.3489  0.0422 -0.0003  0.1562 0 
 43.2898 -0.2454  0.9949  0.0000  0.0408  0.0158  0.0443  0.0037 -0.0003  0.0732 0 
 74.8730  0.6426  2.7786  0.0124  0.3882  0.3018  0.4643  0.1016 -0.0003  0.3246 1 
 42.8534 -0.6417 -0.3162  0.1845  0.1923  0.0276  0.3556  0.2912 -0.0003  0.8406 1 
 48.0354  0.0998 -0.2848  0.6736  0.1704  0.0865  0.3019  0.5970 -0.0003  0.9899 1 
 40.7507 -0.1087  2.8506  0.0401  0.5119  0.0547  0.3153  0.0179 -0.0003  0.3312 1 
 47.3732  0.2003 -1.4272  0.0515  0.4824  0.2512  0.3896  0.0661 -0.0003  0.3793 0 
 43.5615 -0.1816  1.7212  0.0136  0.5458  0.0154  0.2655  0.0357 -0.0003  0.1056 0 
 46.2593 -0.2068  0.5077  0.0579  0.1762  0.1217  0.5662  0.1203 -0.0003  0.4496 1 
 40.7721  0.2026 -2.6546  0.2242  0.6361  0.0630  0.4504  0.1535 -0.0003  0.9365 1 
 38.2300  0.7042  2.3405  0.0562  0.2054  0.0626  0.3209  0.1325 -0.0003  0.3679 0 
 37.6410 -0.7028 -0.8065  0.0807  0.4118  0.0161  0.3682  0.2944 -0.0003  0.6256 0 
 49.0150  0.1278 -2.4611  0.0345  0.2151  0.1008  0.4291  0.0274 -0.0003  0.1967 0 
 40.8545 -0.1312  0.6488  0.0466  0.4292  0.0089  0.2251  0.1662 -0.0003  0.1971 0 
 42.4994 -0.5354 -0.9999  0.0276  0.8448  0.0635  0.4900  0.0543  0.2706  0.6879 1 
 39.6460  0.5784  2.1503  0.3131  0.7058  0.0255  0.5446  0.4693 -0.0003  0.9930 1 
 46.6377 -0.2929  0.2379  0.3705  0.2141  0.1014  0.3042  0.1660  0.6830  0.9996 1 
 46.1799  0.2858 -2.9155  0.1282  0.6487  0.0443  0.2614  0.1564 -0.0003  0.8386 1 
 50.8797 -0.5340  2.6211  0.0512  0.4417  0.0253  0.3400  0.0120 -0.0003  0.2546 0 
 38.8342  0.5033 -0.5040  0.0188  0.3823  0.0800  0.4107  0.0407 -0.0003  0.2100 0 
 46.2104 -0.1689  1.6355  0.1402  0.4508  0.0757  0.6971  0.4233  0.0426  0.9836 1 
 41.9074  0.1716 -1.4786  0.6038  0.5616  0.0427  0.4918  0.5543 -0.0003  0.9976 1 
 49.5521 -0.0912 -2.3041  0.0468  0.4970  0.1567  0.7274  0.1102 -0.0003  0.4854 0 
 43.1678  0.0983  0.8375  0.0424  0.3532  0.0072  0.1331  0.0584 -0.0003  0.1196 0 
 46.7353 -0.6081 -2.3009  0.0571  0.4613  0.1798  0.5213  0.0317 -0.0003  0.3402 0 
 44.8035  0.5730  0.8283  0.0711  0.1383  0.0873  0.3953  0.0997 -0.0003  0.3158 0 
 50.5379 -0.5191 -1.2686  0.2177  0.4039  0.0264  0.5109  0.2528 -0.0003  0.9340 0 
 42.1607  0.5084  1.8782  0.0018  0.3848  0.0468  0.4017  0.0336 -0.0003  0.1387 0 
 46.5003 -0.1241 -2.7193  0.0069  0.1036  0.0454  0.3480  0.0396 -0.0003  0.0644 0 
 37.5341  0.1485  0.4505  0.0217  0.0682  0.0394  0.3686  0.0698 -0.0003  0.0753 0 
 61.8631  0.5444  1.6982  0.0195  0.5435  0.1987  0.2834  0.0091 -0.0003  0.2391 0 
 45.7771 -0.5336 -1.4124  0.0110  0.1765  0.0126  0.3057  0.0394  0.1486  0.2764 0 
 43.9612 -0.2198 -0.7671  0.0455  0.1949  0.0341  0.1766  0.0721 -0.0003  0.1507 0 
 43.0091  0.2243  2.3584  0.0097  0.4259  0.0337  0.3552  0.0572 -0.0003  0.1343 0 
 46.1036  0.4732  0.7197  0.3612  0.4099  0.1259  0.6975 -0.0200  0.3740  0.9687 1 
 31.5923 -0.4549 -2.4717  0.0050  0.3696  0.0206  0.4836  0.0209 -0.0003  0.1157 1 
 48.5969  0.0762  0.4067  0.0485  0.1541  0.0279  0.2150  0.0590 -0.0003  0.0920 0 
 45.0050 -0.0680 -2.7473  0.0378  0.6363  0.0362  0.4825  0.0447 -0.0003  0.3440 0 
 42.5238 -0.3420 -1.9437  0.1177  0.4627  0.0569  0.2227  0.1368 -0.0003  0.7823 0 
 33.2067  0.3190  1.2165  0.0123  0.3403  0.0323  0.3814  0.0482 -0.0003  0.1206 0 
 47.2480 -0.5333  0.3877  0.0797  0.3724  0.0494  0.3032  0.1068 -0.0003  0.5488 0 
 44.4953  0.5491 -2.8066  0.0187  0.2355  0.1486  0.7480  0.0750 -0.0003  0.3568 0 
 46.7353 -0.0734  1.4200  0.0648  0.2719  0.0465  0.3475  0.0396 -0.0003  0.2967 0 
 45.9724  0.0525 -1.7025  0.0728  0.4690  0.0326  0.4799  0.0507 -0.0003  0.4874 0 
 48.0781  0.4471  0.2039  0.0269  0.3103  0.0106  0.4743 -0.0200 -0.0003  0.1562 0 
 44.6326 -0.4631 -2.9224  0.0263  0.6577  0.0114  0.3078  0.0025 -0.0003  0.1417 0 
 47.9194  0.1364  1.2441  0.1740  0.1712  0.0861  0.7768  0.1645 -0.0003  0.9158 1 
 46.6621 -0.1284 -1.8713  0.3646  0.4815  0.0411  0.4346  0.4003 -0.0003  0.9935 1 
 50.6233 -0.0493  1.1284  0.0176  0.3296  0.1104  0.3830  0.0369 -0.0003  0.1942 0 
 46.3325  0.0906 -1.9161  0.0338  0.5370  0.1431  0.1306  0.0170 -0.0003  0.2914 0 
 42.6825 -0.7995 -0.8521  0.1388  0.3004  0.0508  0.2224  0.1518 -0.0003  0.7411 0 
 42.4079  0.7914  2.3384  0.0574  0.6727  0.0159  0.2674  0.0362 -0.0003  0.2254 0 
 38.5412  0.1647 -1.7488  0.2221  0.1761  0.0609  0.1829  0.2056 -0.0003  0.8558 0 
 34.1527 -0.1449  1.4490  0.0795  0.1423  0.0243  0.1892  0.0861 -0.0003  0.1577 0 
 55.3506 -0.1690  1.2743  0.0105  0.6161  0.3206  0.2497  0.1946 -0.0003  0.5163 0 
 44.3519  0.2279 -1.9061  0.0063  0.3871  0.0399  0.4404  0.2961 -0.0003  0.4843 0 
 44.3397  0.1388 -2.6811  0.0181  0.4714  0.0390  0.3523  0.0202 -0.0003  0.1973 0 
 44.1047 -0.1495  0.4495  0.0209  0.1952  0.0984  0.4410  0.0565 -0.0003  0.1630 0 
 47.1656 -0.4607 -2.3526  0.0369  0.2345  0.0899  0.2600  0.0125 -0.0003  0.2160 0 
 41.7212  0.4721  0.7758  0.0543  0.3726  0.1294  0.4476  0.1959 -0.0003  0.5992 0 
 47.2297  0.0258  1.9764  0.0099  0.6214  0.0623  0.4765  0.1350 -0.0003  0.3242 0 
 36.1212 -0.0346 -1.1564  0.0497  0.2278  0.0104  0.2793  0.0445 -0.0003  0.0814 0 
 40.5707  0.6187 -1.8909  0.0275  0.3341  0.0508  0.3157  0.0699 -0.0003  0.2269 1 
 40.3967 -0.6188  1.2674  0.2152  0.6125  0.1068  0.2709  0.3466  0.6157  0.9994 1 
 40.3693  0.7861 -1.0621  0.0741  0.4827  0.0912  0.4064  0.2300  0.1827  0.9001 0 
 34.0826 -0.7734  2.0739  0.0151  0.5113  0.0080  0.2366  0.0057 -0.0003  0.1013 0 
 38.7030  0.6917 -3.0807  0.0425  0.1947  0.0290  0.2284  0.0170  0.3715  0.9716 1 
 28.0522 -0.6166  0.0558  0.1109  0.4021  0.0914  0.5009  0.1713  0.4593  0.9710 1 
 71.3756 -0.1588  1.6510  0.2128  0.3163  0.1079  0.5478  0.2692 -0.0003  0.9732 1 
 55.6069  0.1569 -1.5059  0.2454  0.2717  0.0936  0.5403  0.4341 -0.0003  0.9948 1 
 47.5135 -0.2592 -0.6942  0.3239  0.5209  0.1358  0.4325  0.2425  0.1072  0.9924 0 
 41.5534  0.3350  2.4403  0.1156  0.8072  0.0377  0.3137  0.1226 -0.0003  0.7905 0 
 49.6254  0.0185  2.3129  0.0255  0.3440  0.0196  0.1711  0.1052 -0.0003  0.1451 0 
 44.5838 -0.0297 -0.8246  0.0612  0.3858  0.0370  0.3958  0.0355 -0.0003  0.3523 0 
 40.7416 -0.2862 -1.8395  0.2409  0.6898  0.0552  0.4054  0.3470  0.3487  0.9980 1 
 40.1892  0.2945  1.2912  0.7220  0.4344  0.0905  0.4521  0.3128  0.5577  0.9991 1 
 44.6571 -0.3355  1.8968  0.0224  0.1403  0.0641  0.0879  0.0460 -0.0003  0.1558 0 
 38.8861  0.3369 -1.2726  0.0161  0.0570  0.0096  0.1825  0.0104 -0.0003  0.0383 0 
 43.6591  0.7630 -1.1883  0.1371  0.8517  0.0475  0.2653  0.1664 -0.0003  0.8958 1 
 43.0304 -0.7513  1.9235  0.0000  0.2211  0.1143  0.1332  0.1220 -0.0003  0.3004 1 
 45.9236 -0.7475  1.9730  0.0023  0.8268  0.0571  0.4364  0.0516 -0.0003  0.2377 0 
 40.2838  0.7537 -1.1616  0.0077  0.7135  0.0146  0.1807  0.0120  0.1358  0.2674 0 
 49.6498  0.3043  2.7101  0.0166  0.2358  0.1576  0.3421  0.1983 -0.0003  0.3735 0 
 43.7507 -0.3321 -0.4554  0.0155  0.0724  0.0290  0.2210  0.0872 -0.0003  0.0553 0 
 46.5278 -0.6245  2.9318  0.1453  0.1879  0.0250  0.2609  0.1815  0.2206  0.9324 1 
 24.1520  0.6157 -0.1755  0.1635  0.1261  0.0331  0.5244  0.1494  0.3184  0.9713 1 
 53.2418  0.1352 -1.1087  0.0304  0.5837  0.0568  0.3361  0.0787 -0.0003  0.3700 0 
 43.6011 -0.1184  1.9977  0.0515  0.1401  0.0970  0.1769  0.0331 -0.0003  0.1892 0 
 48.0323 -0.3244  2.8382  0.0291  0.6818  0.0945  0.4744  0.0765 -0.0003  0.3336 0 
 43.4852  0.3274 -0.3199  0.0049  0.6397  0.0417  0.3984  0.0499 -0.0003  0.1796 0 
 46.6957  0.7090  2.9787  0.0266  0.3701  0.0742  0.3476  0.0660 -0.0003  0.2672 1 
 45.9358 -0.7104 -0.1628  0.0165  0.7624  0.0226  0.4363  0.1613 -0.0003  0.3329 1 
 40.0519  0.2832 -0.4675  0.0670  0.4966  0.1236  0.5883  0.1633 -0.0003  0.6332 1 
 39.7467 -0.2940  2.6637  0.1077  0.6850  0.0229  0.3628  0.1680 -0.0003  0.7088 1 
 44.2390  0.0076 -0.5900  0.0793  0.2489  0.0174  0.5288  0.1004 -0.0003  0.4309 0 
 41.8097 -0.0194  2.5542  0.0060  0.5373  0.0414  0.4921  0.1537 -0.0003  0.3067 0 
 40.0885  0.2818  1.7917  0.1472  0.2267  0.0232  0.3167  0.2208  0.1576  0.8880 0 
 35.4376 -0.3032 -1.3438  0.0330  0.2005  0.0723  0.7489  0.0324  0.2586  0.4841 0 
 49.8970  0.1404  2.1550  0.0216  0.2756  0.0196  0.3417  0.1779 -0.0003  0.1925 0 
 44.9256 -0.1599 -0.9839  0.0943  0.3919  0.0104  0.1756  0.1686 -0.0003  0.3084 0 
 48.9876  0.5345  1.8992  0.0028  0.2046  0.0561  0.4721  0.0214 -0.0003  0.1141 0 
 43.9643 -0.5383 -1.2190  0.0096  0.2389  0.0471  0.2207  0.0264  0.1861  0.3735 0 
 52.4147  0.6422 -2.6133  0.4084  0.4791  0.0566  0.5062  0.5606 -0.0003  0.9978 1 
 51.5908 -0.6492  0.5057  0.1363  0.1015  0.0729  0.3388  0.0679  0.1433  0.6119 1 
 52.4544 -0.6940 -1.4679  0.0086  0.6961  0.2143  0.4639  0.0449 -0.0003  0.2857 0 
 44.3122  0.7043  1.6941  0.0095  0.4046  0.0727  0.3084  0.0031 -0.0003  0.2003 0 
 48.7800  0.1570 -2.2906  0.1603  0.2405  0.0657  0.5155  0.2056 -0.0003  0.8795 0 
 33.8750 -0.1327  0.8351  0.1399  0.3210  0.0228  0.1896  0.1367 -0.0003  0.4957 0 
 48.8045 -0.8050 -0.9471  0.1824  0.6147  0.0373  0.3436  0.1524 -0.0003  0.8634 1 
 20.6943  0.7503  2.1270  0.0427  0.2865  0.0163  0.2205  0.0833  0.1363  0.4081 1 
 41.0956  0.2949  1.6035  0.0104  0.2807  0.0194  0.2247  0.0135 -0.0003  0.0723 0 
 40.7630 -0.2940 -1.5051  0.0543  0.2978  0.0531  0.1802  0.0132 -0.0003  0.3235 0 
 66.2211 -0.5436 -0.0507  0.0115  0.1682  0.0290  0.3983  0.2365 -0.0003  0.2150 0 
 47.5746  0.5406  3.0799  0.0298  0.2471  0.0294  0.3459  0.0244 -0.0003  0.1163 0 
 44.5716  0.6667  1.3534  0.2621  0.1087  0.0702  0.2199  0.2127 -0.0003  0.8844 1 
 39.6338 -0.7198 -1.7453  0.0239  0.2791  0.0623  0.3177  0.0283 -0.0003  0.1875 1 
 44.9104  0.5746 -2.5672  0.0786  0.2157  0.0690  0.3512  0.0493 -0.0003  0.3407 0 
 41.6144 -0.5803  0.5807  0.0362  0.0985  0.0134  0.1344  0.0047 -0.0003  0.0533 0 
 48.2460  0.4947  1.3350  0.0403  0.0848  0.0727  0.1724  0.0110 -0.0003  0.1063 0 
 43.0549 -0.5032 -1.8222  0.0216  0.7766  0.0183  0.3107  0.1225 -0.0003  0.2236 0 
 46.0822 -0.2355 -2.1757  0.4002  0.6100  0.0271  0.4360  0.7138 -0.0003  0.9982 1 
 43.8544  0.2422  0.9678  0.0871  0.2370  0.0627  0.3975  0.1121 -0.0003  0.5018 1 
 45.9297  0.1593 -0.2004  0.0079  0.3709  0.0383  0.3927  0.0219 -0.0003  0.1395 0 
 42.1027 -0.1969  2.9517  0.0084  0.1138  0.0207  0.2233  0.0768 -0.0003  0.0438 0 
 54.8837 -0.1730  0.3597  0.0726  0.1648  0.0147  0.3753  0.0670 -0.0003  0.1554 0 
 45.7008  0.1545 -2.7819  0.0480  0.2424  0.0233  0.2622  0.0233 -0.0003  0.1186 0 
 44.8188  0.0752  1.3467  0.4613  0.3287  0.0504  0.2196  0.5487 -0.0003  0.9972 1 
 39.7864 -0.0341 -1.7852  0.0482  0.2701  0.1136  0.5441  0.0262 -0.0003  0.3099 1 
 40.0031 -0.5692 -0.8050  0.0053  0.7229  0.0432  0.4980  0.1130 -0.0003  0.2839 0 
 35.4711  0.6026  2.3002  0.1424  0.4184  0.0283  0.5148  0.1636 -0.0003  0.8194 0 
 44.2878  0.7268 -0.2840  0.0631  0.6660  0.0659  0.7049  0.0539 -0.0003  0.4639 0 
 34.5739 -0.7596  2.8357  0.1247  0.4625  0.0458  0.3771  0.0833 -0.0003  0.6776 0 
 51.4656  0.5626 -3.0273  0.0057  0.4296  0.0583  0.4661  0.0787 -0.0003  0.1939 0 
 48.4810 -0.5511  0.0601  0.0112  0.4307  0.1977  0.5163  0.0036 -0.0003  0.2244 0 
 49.6284 -0.3705  2.7087  0.0313  0.6583  0.0224  0.5988  0.2333 -0.0003  0.6383 0 
 43.8666  0.3590 -0.4295  0.0366  0.5380  0.0360  0.4417  0.0475 -0.0003  0.3143 0 
 46.0700  0.0717  1.2065  0.0052  0.4979  0.0434  0.2180  0.0335 -0.0003  0.1975 0 
 43.8117 -0.0647 -1.9553  0.0651  0.2913  0.1164  0.3976  0.0547 -0.0003  0.3624 0 
 45.3162 -0.7921 -1.8474  0.0103  0.6534  0.0632  0.3941  0.0318 -0.0003  0.2152 0 
 41.4923  0.7950  1.2997  0.0244  0.3887  0.0129  0.2241  0.0339 -0.0003  0.0950 0 
 49.0669 -0.1760  1.4669  0.0063  0.5367  0.0277  0.2574  0.0084 -0.0003  0.1533 0 
 45.9632  0.1401 -1.6564  0.0152  0.3462  0.2342  0.5672  0.0574 -0.0003  0.2796 0 
 54.1054 -0.0094 -1.0143  0.0016  0.5611  0.1822  0.5021  0.0447 -0.0003  0.2436 0 
 43.3082 -0.0279  2.1889  0.0022  0.1606  0.0306  0.1329  0.0195 -0.0003  0.0696 0 
 47.6661  0.3659 -2.3006  0.0070  0.6263  0.0275  0.5186  0.0456 -0.0003  0.1823 0 
 36.8292 -0.3831  0.8401  0.0085  0.1506  0.0932  0.3241  0.0583 -0.0003  0.0953 0 
 49.0303 -0.7668  1.0874  0.0233  0.2431  0.0426  0.2574  0.0139 -0.0003  0.1328 0 
 38.4192  0.7739 -2.0426  0.2199  0.2647  0.0111  0.2288  0.1310 -0.0003  0.4785 0 
 62.8092  0.5265 -1.1265  0.0183  0.1165  0.0982  0.1614  0.0933 -0.0003  0.1507 0 
 55.5367 -0.5084  1.9663  0.0190  0.4091  0.1170  0.3741  0.0297 -0.0003  0.2139 0 
 46.2898  0.7311  0.5252  0.0081  0.0460  0.0369  0.3484  0.0086 -0.0003  0.0598 0 
 41.0834 -0.7400 -2.6160  0.0000  0.3516  0.0071  0.2247  0.1508 -0.0003  0.1060 0 
 53.1502  0.6915  2.4317  0.0313  0.6572  0.1297  0.5044  0.0130 -0.0003  0.2804 0 
 48.5969 -0.6912 -0.7798  0.0018  0.7303  0.0776  0.4300  0.0544 -0.0003  0.2329 0 
 48.0415  0.7622  0.5334  0.0060  0.0604  0.0614  0.2588  0.0163 -0.0003  0.0706 0 
 45.9022 -0.7679 -2.6563  0.0006  0.1129  0.0237  0.1746  0.0617 -0.0003  0.0443 0 
 47.1321 -0.7140  2.0951  0.3072  0.6362  0.0271  0.3468  0.3787 -0.0003  0.9881 1 
 31.2230  0.7336 -1.0471  0.2144  0.3968  0.0412  0.2427  0.1843  0.4268  0.9981 1 
 48.7984  0.6162  1.3583  0.1088  0.0677  0.0421  0.3007  0.2625 -0.0003  0.4364 0 
 44.6571 -0.6031 -1.7542  0.0058  0.6809  0.0541  0.3077  0.0262 -0.0003  0.2294 0 
 47.5654  0.4902  0.7688  0.2333  0.5729  0.0448  0.4324  0.2119 -0.0003  0.9451 1 
 34.0368 -0.5350 -2.2701  0.2965  0.6190  0.1382  0.6155  0.0709  0.2683  0.9623 1 
 45.0385  0.0961  1.9595  0.0057  0.1496  0.0256  0.3509  0.0300 -0.0003  0.0501 0 
 43.1952 -0.1914 -1.2100  0.0304  0.1319  0.2279  0.2661  0.0776 -0.0003  0.1681 0 
 61.5152  0.4485  2.8588  0.0100  0.2062  0.0378  0.3243  0.0574  0.1017  0.2154 0 
 48.5145 -0.4464 -0.3088  0.0015  0.4101  0.0928  0.3442  0.0259 -0.0003  0.1660 0 
 52.7108  0.1307 -1.2515  0.1542  0.5411  0.0602  0.2949  0.1824 -0.0003  0.9087 0 
 50.5226 -0.1067  1.8894  0.2180  0.4593  0.0283  0.3406  0.2864 -0.0003  0.9287 0 
 47.4556 -0.5888 -0.5810  0.0103  0.1822  0.0617  0.3461  0.0433 -0.0003  0.1037 0 
 47.3762  0.5830  2.5650  0.0016  0.4342  0.0230  0.2164  0.0236 -0.0003  0.1032 0 
 55.5276  0.6582 -1.0411  0.1679  0.1832  0.1045  0.2910  0.0384 -0.0003  0.5262 0 
 43.1922 -0.6471  2.0847  0.0280  0.6496  0.0222  0.3104  0.0058 -0.0003  0.1963 0 
 47.8401  0.0435  0.6459  0.2429  0.1980  0.0215  0.3886  0.1210 -0.0003  0.6761 0 
 38.8159 -0.0434 -2.4727  0.3153  0.6577  0.0501  0.5477  0.2510 -0.0003  0.9727 0 
 47.2450  0.5681  0.8907  0.3728  0.3155  0.1122  0.5631  0.5758 -0.0003  0.9986 1 
 30.5669 -0.5708 -2.2472  0.1865  0.4533  0.0601  0.5371  0.2388 -0.0003  0.9535 1 
 48.7953  0.0155  0.9269  0.0010  0.3650  0.1474  0.3436  0.0732 -0.0003  0.2078 0 
 44.0558 -0.0047 -2.2432  0.0076  0.4320  0.0743  0.4853  0.0425 -0.0003  0.1843 0 
 58.4482  0.7803 -2.2791  0.0243  0.3249  0.0358  0.1642  0.1176 -0.0003  0.2269 0 
 53.1075 -0.7846  0.8353  0.0285  0.3351  0.1068  0.6306  0.0580  0.1393  0.4684 0 
 46.6743  0.0764 -2.5407  0.0299  0.1454  0.0197  0.1304  0.0169 -0.0003  0.0671 0 
 42.6520 -0.0135  0.5708  0.0842  0.4397  0.1406  0.5339  0.0511 -0.0003  0.4226 0 
 46.8177 -0.5717 -1.0867  0.0185  0.1796  0.0264  0.2605  0.1697 -0.0003  0.1523 0 
 45.2369  0.5669  2.0472  0.2263  0.2485  0.1661  0.6133  0.0565 -0.0003  0.7432 0 
 32.8283  0.6020 -0.8738  0.1321  0.4186  0.0826  0.4783  0.0714  0.5620  0.9959 1 
 27.5395 -0.5414  2.2809  0.1094  0.3173  0.0787  0.5037  0.0173 -0.0003  0.4757 1 
 45.8167 -0.6428  2.8331  0.0675  0.0988  0.0409  0.3057  0.1977 -0.0003  0.2857 1 
 37.1679  0.6140 -0.3469  0.1751  0.0761  0.4068  0.2309  0.1415 -0.0003  0.8607 1 
 52.6558  0.4289 -0.4729  0.0455  0.4787  0.0658  0.3371  0.0148 -0.0003  0.3282 0 
 43.6774 -0.4205  2.6234  0.0514  0.1100  0.1741  0.3095  0.0729 -0.0003  0.1588 0 
 48.9662 -0.7150 -1.2108  0.1225  0.2918  0.0400  0.4292  0.1002 -0.0003  0.6007 0 
 45.0782  0.6924  1.9543  0.0045  0.3458  0.0181  0.3508  0.0557 -0.0003  0.0673 0 
 44.1413 -0.2131  1.8789  0.0674  0.6065  0.0268  0.3528  0.0941  0.3109  0.9547 0 
 44.1016  0.2287 -1.2923  0.1471  0.1688  0.0699  0.1323  0.0036 -0.0003  0.4772 0 
 53.1380  0.3225 -0.0649  0.0368  0.3233  0.1105  0.4203  0.0087 -0.0003  0.2356 0 
 39.3439 -0.3249  3.0661  0.0519  0.2825  0.0106  0.0910  0.0197 -0.0003  0.1396 0 
 52.1614  0.6766 -1.5415  0.0343  0.3255  0.0500  0.1689  0.1038 -0.0003  0.3227 0 
 50.3853 -0.6819  1.5987  0.0496  0.2199  0.0331  0.4687  0.0510 -0.0003  0.2372 0 
 48.6152  0.5895  2.0498  0.0035  0.3051  0.0507  0.1720  0.0167 -0.0003  0.1787 0 
 40.9918 -0.5598 -1.1229  0.0047  0.3356  0.0854  0.4497  0.0290 -0.0003  0.1572 0 
 46.7109 -0.2462 -1.0017  0.0551  0.4579  0.0624  0.3910  0.0275 -0.0003  0.3711 0 
 40.9857  0.2268  2.1511  0.0029  0.2818  0.0280  0.3598  0.0084 -0.0003  0.0824 0 
 48.5786 -0.2318  2.1620  0.0967  0.3626  0.0497  0.2580  0.1160 -0.0003  0.6206 0 
 44.3763  0.2453 -0.9808  0.0081  0.1621  0.1075  0.4844  0.1196 -0.0003  0.1581 0 
 50.8034 -0.5203 -1.7608  0.0127  0.4075  0.0170  0.4251  0.0882 -0.0003  0.1237 0 
 43.9399  0.5372  1.3331  0.0183  0.2300  0.0207  0.2649  0.0607 -0.0003  0.0643 0 
 42.4292  0.4119  2.7365  0.0367  0.6455  0.0193  0.2228  0.0355 -0.0003  0.1712 0 
 41.9135 -0.4188 -0.4160  0.0040  0.1648  0.0281  0.5812  0.0457 -0.0003  0.1160 0 
 42.1546  0.6729 -2.5137  0.7157  0.7410  0.0568  0.4910  0.7569 -0.0003  0.9983 1 
 32.9259 -0.6744  0.6199  0.3871  0.3946  0.0322  0.3345  0.6300 -0.0003  0.9977 1 
 53.1258  0.7373 -2.4613  0.0014  0.1037  0.1088  0.2102  0.0366 -0.0003  0.0745 0 
 31.1833 -0.7255  0.5862  0.0470  0.7371  0.0125  0.1942  0.0672 -0.0003  0.2138 0 
 41.2940  0.4749 -0.7436  0.0000  0.5736  0.0156  0.2244  0.0109 -0.0003  0.1097 0 
 34.6746 -0.3746  2.3662  0.0018  0.1475  0.0563  0.5181  0.0490 -0.0003  0.1050 0 
 45.9876  0.6336  0.5231  0.3332  0.3047  0.0648  0.3053  0.3613 -0.0003  0.9917 1 
 20.0107 -0.6816 -2.6460  0.0901  0.3686  0.0064  0.3344  0.0600  0.1272  0.5383 1 
 35.5993  0.2851 -1.9277  0.2686  0.5862  0.0157  0.3740  0.2681 -0.0003  0.9362 1 
 23.8987 -0.1890  1.1828  0.2220  0.3417  0.0243  0.2105  0.0887  0.1637  0.8362 1 
 46.0456 -0.5092  1.8788  0.0522  0.7742  0.0107  0.2617  0.0822 -0.0003  0.2594 0 
 40.8423  0.5130 -1.2657  0.0328  0.0213  0.0088  0.2701  0.0328 -0.0003  0.0368 0 
 46.1738 -0.7801  2.1734  0.0274  0.0791  0.0244  0.3922  0.0178  0.0761  0.1309 0 
 41.1872  0.7687 -0.9742  0.0159  0.4068  0.0264  0.4042  0.0095  0.1013  0.3061 0 
 50.4677 -0.3547 -1.1766  0.0745  0.1555  0.0278  0.2981  0.0268 -0.0003  0.1403 0 
 45.6092  0.3577  1.9512  0.0220  0.4319  0.1182  0.6120  0.0733 -0.0003  0.2953 0 
 45.8808  0.2264 -1.2095  0.0159  0.1955  0.1780  0.4801  0.1209 -0.0003  0.2512 0 
 45.5085 -0.2310  1.9191  0.0158  0.0834  0.0176  0.4812  0.0767 -0.0003  0.0784 0 
 45.5634  0.3782  1.1658  0.0834  0.4467  0.0626  0.3935  0.0910 -0.0003  0.5774 0 
 42.9847 -0.3979 -1.9886  0.1272  0.2802  0.0350  0.3552  0.1890 -0.0003  0.7172 0 
 47.8767 -0.4812 -2.3520  0.1256  0.4285  0.0470  0.2590  0.0870 -0.0003  0.6744 0 
 40.6165  0.4736  0.7438  0.1607  0.2596  0.0418  0.6763  0.1204  0.0719  0.8870 0 
 56.4309 -0.5677 -2.0948  0.0926  0.2102  0.1915  0.3312  0.1402 -0.0003  0.5990 0 
 50.1961  0.6089  0.9914  0.0083  0.1886  0.0326  0.3838  0.1374 -0.0003  0.1164 0 
 50.3059  0.7783 -0.2765  0.0018  0.3468  0.0680  0.3836  0.0264  0.0704  0.2031 0 
 44.1901 -0.7764  2.8414  0.0517  0.4867  0.0125  0.2204  0.0156 -0.0003  0.1501 0 
 48.4566  0.2054 -0.1048  0.0208  0.5857  0.0297  0.3873  0.0651 -0.0003  0.2062 0 
 41.1505 -0.2271  3.0445  0.0053  0.5469  0.0356  0.4493  0.0084 -0.0003  0.1689 0 
 47.8126 -0.2895  2.5037  0.0806  0.2388  0.1124  0.3023  0.0190  0.1339  0.5072 0 
 47.1565  0.3058 -0.6305  0.0060  0.3437  0.2158  0.3467  0.0441 -0.0003  0.2281 0 
 44.9561  0.6580  2.2806  0.0058  0.4317  0.0736  0.4827  0.0578 -0.0003  0.1858 0 
 31.9951 -0.6431 -0.8753  0.0907  0.8050  0.0212  0.1928  0.0808 -0.0003  0.4490 0 
 50.4952  0.6894 -1.9795  0.1264  0.6808  0.0439  0.3407  0.0889  0.1598  0.7825 1 
 47.8187 -0.6892  1.1729  0.5695  0.7887  0.0270  0.3886  0.6629 -0.0003  0.9981 1 
 51.8044 -0.2273 -2.7656  0.0469  0.3377  0.2373  0.3384  0.1263 -0.0003  0.4703 0 
 48.9662  0.2682  0.3746  0.0255  0.2458  0.0910  0.1288  0.0141 -0.0003  0.2902 0 
 53.0465 -0.5520  0.7959  0.0349  0.5058  0.1534  0.9672  0.1109 -0.0003  0.6017 0 
 39.6002  0.5313 -2.3010  0.0053  0.5931  0.0692  0.4993  0.0068 -0.0003  0.1824 0 
 52.8328  0.5216 -3.0766  0.1228  0.1566  0.0376  0.4210  0.0696 -0.0003  0.4069 1 
 41.4160 -0.5144  0.0858  0.2399  0.5470  0.0225  0.3588  0.1761  0.2428  0.9822 1 
 48.3223 -0.8080 -2.1941  0.0308  0.7355  0.0552  0.3876  0.1162 -0.0003  0.4798 1 
 36.2493  0.7811  0.9510  0.1122  0.2838  0.1341  0.3721  0.1288  0.5594  0.9400 1 
 44.2786  0.3908  1.8682  0.0698  0.1849  0.0321  0.4406  0.0217 -0.0003  0.2359 0 
 40.3082 -0.3709 -1.2601  0.2016  0.2465  0.0140  0.3162  0.2224 -0.0003  0.7077 0 
 55.9823 -0.6904  0.2081  0.0158  0.5530  0.1834  0.6223  0.0126 -0.0003  0.2567 0 
 46.8269  0.6747 -2.9649  0.0005  0.4394  0.1400  0.5210  0.0333 -0.0003  0.2003 0 
 43.2441  0.2337 -0.1799  0.0041  0.2286  0.0678  0.5320  0.1855 -0.0003  0.2373 0 
 36.6888 -0.2105  2.9883  0.0000  0.7197  0.0178  0.0000 -0.0200 -0.0003  0.2947 0 
 46.6743  0.6337 -1.2721  0.3425  0.6463  0.0262  0.3476  0.5416 -0.0003  0.9962 1 
 45.2277 -0.6175  1.8908  0.4388  0.4390  0.1718  0.3067  0.6024 -0.0003  0.9988 1 
 35.7305 -0.7720 -1.9508  0.0157  0.5769  0.0485  0.4203  0.0561 -0.0003  0.2323 0 
 35.3185  0.7749  1.2295  0.0031  0.0864  0.1158  0.1405  0.0099 -0.0003  0.0845 0 
 51.0140  0.7529 -0.7156  0.0442  0.2232  0.1341  0.5521  0.0285 -0.0003  0.2858 0 
 45.1270 -0.7572  2.4215  0.0141  0.6886  0.0189  0.3946  0.0197 -0.0003  0.1473 0 
 48.5145  0.0900  1.4326  0.0075  0.1180  0.0372  0.2581  0.0734 -0.0003  0.0571 0 
 45.6550 -0.0855 -1.7185  0.0246  0.2611  0.0197  0.2622  0.0157 -0.0003  0.0799 0 
 48.3070  0.5574  0.5198  0.0175  0.0763  0.0677  0.3015  0.0180 -0.0003  0.0759 0 
 48.0415 -0.5666 -2.6812  0.0160  0.2384  0.0768  0.3019  0.0539 -0.0003  0.1618 0 
 52.8023 -0.5580  1.1215  0.0005  0.3888  0.0759  0.5894  0.0123 -0.0003  0.1682 0 
 43.8209  0.5682 -2.0060  0.0051  0.4983  0.1424  0.3093  0.0555 -0.0003  0.2442 0 
 42.6398 -0.6998 -1.3333  0.2032  0.5163  0.0369  0.3115  0.2064 -0.0003  0.8959 1 
 33.0541  0.7097  1.7808  0.2083  0.4404  0.0329  0.4297  0.3444 -0.0003  0.9663 1 
 57.9385  0.6810  2.1352  0.0073  0.6488  0.1038  0.3291  0.0914 -0.0003  0.3011 0 
 31.8364 -0.6757 -1.0125  0.0047  0.0485  0.0186  0.3378  0.0865 -0.0003  0.0455 0 
 47.3762  0.7411  3.0863  0.0407  0.3121  0.0810  0.3463  0.0374 -0.0003  0.2715 0 
 45.3773 -0.7238 -0.1584  0.0410  0.2609  0.0186  0.3502  0.1275 -0.0003  0.1813 0 
 51.7281 -0.3441 -2.6835  0.0294  0.2299  0.0362  0.4232  0.0530 -0.0003  0.1589 0 
 39.7589  0.3437  0.4497  0.0825  0.0889  0.2217  0.3628  0.0417 -0.0003  0.2018 0 
 44.6693  0.0726  1.4882  0.0121  0.3645  0.1191  0.3956  0.0944 -0.0003  0.2375 0 
 40.8850 -0.0747 -1.6318  0.0027  0.4103  0.0163  0.2250  0.0253 -0.0003  0.0825 0 
 41.6449 -0.7238 -1.7227  0.0796  0.6767  0.1109  0.4926  0.0475  0.2328  0.7446 1 
 38.9532  0.7240  1.4385  0.0842  0.5799  0.0211  0.3648  0.1486 -0.0003  0.5559 1 
 56.4035  0.5671  1.5879  0.0321  0.1746  0.0151  0.3313  0.0308 -0.0003  0.0604 0 
 43.9185 -0.5759 -1.5520  0.4578  0.1268  0.0865  0.3974  0.1473  0.2110  0.9759 0 
 50.1106 -0.3077 -2.7087  0.0054  0.3541  0.0233  0.1707  0.0093 -0.0003  0.1189 0 
 45.9785  0.3194  0.4573  0.0915  0.3752  0.0541  0.3054  0.0909 -0.0003  0.5762 0 
 45.4566 -0.4273  1.3288  0.8172  0.6111  0.0463  0.4375  0.3942 -0.0003  0.9966 1 
 40.9674  0.4244 -1.8170  0.1946  0.1643  0.0750  0.4048  0.1548 -0.0003  0.7849 1 
 44.1474  0.7310 -1.1957  0.4473  0.5481  0.0401  0.2645  0.4710 -0.0003  0.9970 1 
 38.3581 -0.6897  1.9309  0.2248  0.2922  0.0591  0.3205  0.4652  0.5285  0.9996 1 
 47.7638  0.5204  1.5111  0.0521  0.4362  0.1038  0.7343  0.1230 -0.0003  0.5569 0 
 47.4983 -0.5038 -1.5798  0.1308  0.7302  0.0348  0.3893  0.1441 -0.0003  0.8326 0 
 50.0282  0.6207 -1.3477  0.0812  0.2961  0.0573  0.5122  0.1645 -0.0003  0.6381 1 
 49.7414 -0.6229  1.7847  0.0802  0.6975  0.0580  0.5129  0.1661 -0.0003  0.7766 1 
 38.2940 -0.2915  1.6837  0.1319  0.7295  0.1005  0.3665  0.2493  0.5725  0.9983 1 
 31.1864  0.2101 -1.4714  0.2530  0.4944  0.0473  0.4369  0.1750  0.3609  0.9980 1 
 71.9829 -0.4239 -0.5312  0.2289  0.0895  0.1034  0.2343  0.2180 -0.0003  0.8599 1 
 49.5430  0.4229  2.6359  0.1930  0.2989  0.0966  0.5563  0.2829  0.2567  0.9755 1 
 48.0964 -0.7031 -0.7172  0.0042  0.1035  0.0627  0.3449  0.0165 -0.0003  0.0731 0 
 44.6601  0.7109  2.4090  0.0086  0.3744  0.0280  0.3517  0.0147 -0.0003  0.1122 0 
 47.8553 -0.3861  2.7885  0.7785  0.6224  0.0410  0.5181  0.9521 -0.0003  0.9985 1 
 44.9897  0.3899 -0.3549  0.2123  0.3748  0.0340  0.2632  0.2081 -0.0003  0.8495 1 
 55.5428  0.3242 -1.1815  0.0486  0.2555  0.0341  0.2079  0.0046 -0.0003  0.1922 0 
 45.5817 -0.2736  1.9661  0.0102  0.7126  0.0103  0.2623  0.0744 -0.0003  0.1261 0 
 46.8055  0.4735 -0.5245  0.0002  0.5092  0.0367  0.2171  0.0543 -0.0003  0.1497 0 
 46.6682 -0.4546  2.6059  0.1577  0.1509  0.0879  0.3042  0.1269 -0.0003  0.6403 0 
 47.0497 -0.6972 -0.9183  0.1035  0.3376  0.0440  0.5203  0.1785  0.1797  0.8789 0 
 45.3223  0.7124  2.2873  0.0725  0.7806  0.0731  0.7444  0.0764 -0.0003  0.5995 0 
 57.8927  0.3018 -2.5704  0.0109  0.2052  0.1349  0.5349  0.0378 -0.0003  0.1683 0 
 48.9052 -0.2982  0.5468  0.0150  0.2055  0.0086  0.1288  0.0029 -0.0003  0.0683 0 
 59.1196  0.7948 -2.7264  0.0605  0.1627  0.0639  0.4093  0.1940 -0.0003  0.4254 0 
 46.4454 -0.7816  0.4125  0.0172  0.3564  0.0262  0.3046  0.0643 -0.0003  0.1081 0 
 47.0130  0.3201  1.8861  0.0138  0.2226  0.0703  0.3036  0.0234 -0.0003  0.1374 0 
 45.7221 -0.3128 -1.2480  0.0246  0.1896  0.0525  0.3495  0.0142 -0.0003  0.1281 0 
 47.5685 -0.4292  2.8661  0.0381  0.4243  0.0938  0.4756  0.0435 -0.0003  0.2896 0 
 44.7456  0.4212 -0.2816  0.0018  0.2592  0.1645  0.3954  0.0229 -0.0003  0.1560 0 
 43.7659 -0.1659  0.7203  0.0565  0.2802  0.0580  0.4419  0.0676 -0.0003  0.3572 0 
 41.9257  0.1557 -2.4233  0.0085  0.1421  0.0418  0.4023  0.0440 -0.0003  0.0784 0 
 44.1352 -0.5302  1.3866  0.0499  0.4424  0.0223  0.2205  0.0178 -0.0003  0.1876 0 
 43.7903  0.5119 -1.7616  0.0508  0.5545  0.0126  0.5302  0.1667 -0.0003  0.5226 0 
 47.5196  0.5697  2.1270  0.0980  0.8151  0.0274  0.5623  0.1713 -0.0003  0.8316 1 
 42.7039 -0.5750 -1.0109  0.3957  0.4697  0.0553  0.4003  0.4000  0.4314  0.9998 1 
 42.2522 -0.0794  1.2890  0.0161  0.1509  0.0242  0.2230  0.0373 -0.0003  0.0494 0 
 38.6694  0.0950 -1.8499  0.0105 -1.0000  0.0291  0.0457  0.0038 -0.0003  0.1655 0 
 43.7140 -0.2017 -2.3142  0.1147  0.3117  0.0808  0.3978  0.0419  0.0318  0.5513 0 
 43.2441  0.2239  0.8296  0.0872  0.1635  0.1465  0.3103  0.0975 -0.0003  0.4240 0 
 49.6590  0.7748  0.1837  0.0140  0.2889  0.0438  0.2566  0.0080 -0.0003  0.1456 0 
 36.0388 -0.7849 -2.9274  0.0158  0.0398  0.0077  0.0932  0.0024 -0.0003  0.0519 0 
 45.5695 -0.2184  0.9092  0.0475  0.3693  0.2300  0.6122  0.2667 -0.0003  0.8233 1 
 34.6532  0.2152 -2.2555  0.1761  0.1908  0.0434  0.4239  0.1878 -0.0003  0.8063 1 
 53.0465  0.1576 -2.9135  0.0246  0.0857  0.3952  0.2944  0.0411 -0.0003  0.0992 0 
 45.0355 -0.1735  0.2503  0.0139  0.2340  0.0396  0.3070  0.0788 -0.0003  0.1048 0 
 47.7424 -0.1041 -0.3028  0.2421  0.2968  0.0428  0.3456  0.1518 -0.0003  0.8366 0 
 39.8505  0.0875  2.8214  0.1011  0.7843  0.0277  0.4532  0.1734 -0.0003  0.8002 0 
 47.3426  0.1405 -2.4301  0.3098  0.3802  0.1596  0.3897  0.5870 -0.0003  0.9988 1 
 47.0558 -0.1269  0.6921  0.1749  0.4709  0.0575  0.4770  0.4252 -0.0003  0.9862 1 
 52.1553 -0.1779 -0.6399  0.4203  0.6949  0.0702  0.4223  0.1830 -0.0003  0.9716 1 
 49.0455  0.1897  2.4988  0.3353  0.4891  0.0853  0.4719  0.2205 -0.0003  0.9820 1 
 52.9702 -0.3305  3.1200  0.0974  0.2739  0.1030  0.4628  0.3364  0.1368  0.9461 0 
 48.9967  0.3004 -0.0362  0.0766  0.5604  0.0341  0.4291  0.1804 -0.0003  0.7252 0 
 49.3599  0.7702 -1.6811  0.0273  0.3869  0.0570  0.4283  0.0818  0.0773  0.4104 0 
 44.0406 -0.7613  1.4788  0.0220  0.3287  0.0193  0.5295  0.1119 -0.0003  0.2379 0 
 51.5755 -0.6651  0.4441  0.0368  0.5742  0.1358  0.5506  0.0529 -0.0003  0.3041 1 
 37.1984  0.6784 -2.7022  0.0211  0.3823  0.0451  0.3233  0.0477  0.1728  0.4616 1 
 51.4382  0.4591  0.2302  0.0217  0.6117  0.2201  0.6357  0.1758 -0.0003  0.4665 0 
 47.2267 -0.4333 -2.9028  0.1084  0.0919  0.0421  0.1733  0.1341 -0.0003  0.3072 0 
 49.4759 -0.7049 -0.9889  0.0104  0.3293  0.1204  0.2568  0.0953  0.3251  0.5649 0 
 44.7639  0.6951  2.2097  0.0049  0.8286  0.0341  0.2636  0.0049 -0.0003  0.2219 0 
 43.8941 -0.6905 -1.5934  0.5384  0.4326  0.0825  0.3974  0.5085 -0.0003  0.9978 1 
 22.5864  0.7471  1.4600  0.1120  0.8603  0.0197  0.3214  0.2138  0.0250  0.7870 1 
 44.9928 -0.0610 -1.0433  0.0664  0.4774  0.0521  0.4826  0.0961 -0.0003  0.5311 1 
 38.7579  0.0709  2.1021  0.0514  0.6495  0.0725  0.6393  0.0534 -0.0003  0.3926 1 
 45.6153  0.7233 -1.1939  0.2982  0.7091  0.0818  0.6557  0.5914  0.0942  0.9981 1 
 43.5157 -0.7334  1.9060  0.1402  0.3563  0.0438  0.4869  0.0805 -0.0003  0.6557 1 
 42.3590 -0.0457 -0.6299  0.0112  0.1203  0.3929  0.4904  0.0002 -0.0003  0.1540 0 
 41.5076  0.0140  2.4704  0.0111  0.8526  0.0343  0.3586  0.0633  0.0889  0.3577 0 
 46.9398 -0.7899 -2.0075  0.0213  0.5461  0.0298  0.3037  0.0267 -0.0003  0.1784 0 
 32.6848  0.7825  1.1053  0.0132  0.5486  0.0158  0.2395  0.0027 -0.0003  0.1278 0 
 46.6621  0.6798  1.7869  0.0068  0.3043  0.0115  0.2173  0.0569 -0.0003  0.0621 0 
 46.5461 -0.6710 -1.3450  0.0585  0.3435  0.0426  0.3044  0.1135 -0.0003  0.4070 0 
 40.7111 -0.3808 -0.8842  0.0653  0.7632  0.0141  0.3604  0.0595 -0.0003  0.3313 0 
 38.3307  0.4019  2.2944  0.1157  0.1852  0.0433  0.4122  0.2372 -0.0003  0.6984 0 
 56.7575  0.2937  0.9915  0.0180  0.6135  0.1722  0.4548  0.1813 -0.0003  0.4513 0 
 39.0143 -0.3231 -2.2189  0.0023  0.5673  0.0051  0.2279  0.0541  0.0231  0.0945 0 
 45.7710 -0.4526 -2.5843  0.0012  0.6114  0.0103  0.1747  0.0123 -0.0003  0.1121 0 
 38.0743  0.4756  0.5935  0.0013  0.3071  0.0575  0.4130  0.0350 -0.0003  0.1322 0 
 52.1584  0.2789  2.2216  0.1013  0.5152  0.0709  0.4645  0.1492 -0.0003  0.7560 0 
 31.9188 -0.2819 -0.9525  0.0956  0.7228  0.0333  0.3376  0.0544 -0.0003  0.6267 0 
 54.3954 -0.5402 -2.8429  0.0427  0.2712  0.1359  0.5432  0.1358  0.0859  0.5631 0 
 32.6726  0.5431  0.3052  0.1519  0.0966  0.0316  0.2395  0.1424  0.2191  0.8496 0 
 48.4352 -0.4533  1.5161  0.0099  0.3627  0.0176  0.3874  0.0656 -0.0003  0.0868 0 
 44.9500  0.4723 -1.6191  0.0506  0.6919  0.0153  0.3072  0.1099 -0.0003  0.2821 0 
 46.3752  0.6610 -2.0150  0.0573  0.5000  0.0805  0.6094  0.0577  0.1165  0.6066 0 
 25.1377 -0.6817  1.1319  0.0236  0.1875  0.0065  0.1554  0.0154 -0.0003  0.0533 0 
 57.4441 -0.7187  2.3521  0.0043  0.6995  0.1312  0.4535  0.1420 -0.0003  0.3604 1 
 48.2612  0.7123 -0.7599  0.0051  0.6621  0.0847  0.5600  0.0900  0.1432  0.4131 1 
 46.0029  0.7487  0.7041  0.0655  0.4326  0.0336  0.2617  0.0872  0.2960  0.9002 0 
 28.2444 -0.7313 -2.4897  0.0402  0.2477  0.0562  0.2999  0.0247  0.2630  0.5479 0 
 45.8961 -0.2577 -1.2267  0.0208  0.3231  0.0401  0.2618  0.0778 -0.0003  0.1631 0 
 44.4800  0.2473  1.8575  0.0065  0.2352  0.0139  0.3961  0.1971 -0.0003  0.1407 0 
 46.2928 -0.1407  0.0600  0.1462  0.2225  0.0464  0.1306  0.1162 -0.0003  0.6317 0 
 41.3001  0.1364 -3.1121  0.0228  0.5756  0.0750  0.4039  0.0118 -0.0003  0.2264 0 
 55.8633  0.0998 -1.5329  0.0642  0.4572  0.0895  0.4981  0.0672 -0.0003  0.4150 1 
 42.6215 -0.1137  1.6094  0.6401  0.3558  0.0982  0.4450  0.2154 -0.0003  0.9857 1 
 47.0283  0.4546 -2.6551  0.0422  0.2791  0.0871  0.3036  0.0685 -0.0003  0.3053 0 
 35.3002 -0.4833  0.5247  0.0306  0.3015  0.0301  0.2343  0.1712 -0.0003  0.2800 0 
 52.0577 -0.3578  2.9710  0.0888  0.5382  0.0823  0.6760  0.1426 -0.0003  0.7330 0 
 40.7843  0.3589 -0.1823  0.0193  0.2206  0.0720  0.3152  0.0275 -0.0003  0.1487 0 
 44.4770 -0.6707  1.3219  0.0020  0.1192  0.0269  0.3520  0.0363 -0.0003  0.0464 0 
 42.7070  0.6082 -1.8588  0.0017  0.2329  0.1078  0.3559  0.0443 -0.0003  0.1207 0 
 47.6234 -0.1483  1.0883  0.0338  0.5896  0.0828  0.6052  0.1540 -0.0003  0.4642 0 
 44.9928  0.1447 -2.0311  0.0211  0.1770  0.0264  0.3071  0.0571 -0.0003  0.0655 0 
 49.3751  0.7984 -1.3699  0.0139  0.3453  0.0404  0.4711  0.0106 -0.0003  0.1762 0 
 36.4446 -0.7944  1.7592  0.0112  0.1295  0.0334  0.2786  0.0771 -0.0003  0.0588 0 
 49.3812 -0.3753 -0.6202  0.0414  0.0871  0.0839  0.2569  0.0876  0.2149  0.3385 0 
 39.2065  0.3528  2.5732  0.1606  0.3321  0.1342  0.5462  0.0235  0.4926  0.9025 0 
 44.8798 -0.7753 -2.0947  0.1628  0.7093  0.0609  0.6146  0.1047 -0.0003  0.8770 1 
 26.7247  0.7650  1.1339  0.2921  0.3452  0.0400  0.3050  0.2963 -0.0003  0.9671 1 
 44.4007  0.7722 -0.9103  0.0077  0.2466  0.0074  0.1761  0.0867 -0.0003  0.0666 0 
 40.9735 -0.7728  2.2625  0.0030  0.1203  0.0166  0.1350  0.0394 -0.0003  0.0444 0 
 48.5054  0.7833 -2.7912  0.1502  0.7392  0.0255  0.1291  0.0639 -0.0003  0.6496 0 
 38.5657 -0.7773  0.3132  0.0196  0.1194  0.0340  0.3658  0.0897 -0.0003  0.0839 0 
 63.5019  0.3759 -1.3827  0.0030  0.5255  0.0202  0.1609  0.0403 -0.0003  0.1216 0 
 44.2084 -0.3641  1.7551  0.0040  0.2566  0.0273  0.2645  0.0120 -0.0003  0.0700 0 
 38.1872 -0.7327  1.7390  0.0894  0.3580  0.0296  0.2293  0.2092  0.2085  0.8522 1 
 25.1621  0.6927 -1.4878  0.0510  0.2247  0.0303  0.4660  0.0468 -0.0003  0.2334 1 
 48.3894 -0.1622  2.8807  0.2334  0.2739  0.0720  0.4736  0.2370  0.1582  0.9648 1 
 43.6988  0.1892 -0.2669  0.1131  0.3325  0.0999  0.5747  0.1684  0.2661  0.9220 1 
 53.8216 -0.5986 -2.6799  0.0230  0.5023  0.1158  0.4190  0.0902 -0.0003  0.2939 0 
 43.0030  0.6147  0.4692  0.1017  0.4201  0.1019  0.4884  0.0676 -0.0003  0.5139 0 
 53.7331  0.0607 -0.4465  0.0472  0.2066  0.0284  0.2096  0.0231 -0.0003  0.1174 0 
 50.1930 -0.0309  2.7048  0.1770  0.6502  0.0460  0.4691  0.1214 -0.0003  0.8819 0 
 59.0829 -0.5030 -1.0628  0.0298  0.6462  0.0495  0.2866  0.0209 -0.0003  0.3249 0 
 48.0171  0.4874  2.0428  0.0129  0.4849  0.0238  0.2588  0.0228 -0.0003  0.1243 0 
 49.5857 -0.6898 -2.8778  0.2659  0.4929  0.0352  0.4278  0.1646 -0.0003  0.8753 1 
 36.1456  0.6870  0.2759  0.0592  0.5666  0.0257  0.1397  0.0280 -0.0003  0.2458 1 
 44.4831  0.7158  2.0467  0.0333  0.5374  0.0228  0.3080  0.0334 -0.0003  0.1731 0 
 31.6991 -0.7334 -1.0608  0.0906  0.3919  0.0271  0.3382  0.0955 -0.0003  0.4553 0 
 52.0027  0.1059 -2.3371  0.0084  0.4075  0.0309  0.1691  0.0986 -0.0003  0.1600 0 
 45.4688 -0.1086  0.8205  0.0303  0.4450  0.0732  0.3062  0.0110 -0.0003  0.2662 0 
 45.0477  0.1842 -1.2306  0.0012  0.5412  0.1337  0.3947  0.0605 -0.0003  0.2318 0 
 43.2258 -0.1675  1.9034  0.0063  0.1666  0.2347  0.3547  0.0120 -0.0003  0.1386 0 
 47.2450 -0.0221  2.1691  0.3097  0.4003  0.0477  0.5198  0.2725 -0.0003  0.9792 0 
 46.3294  0.0361 -0.9350  0.0815  0.7457  0.0352  0.2612  0.1216 -0.0003  0.6043 0 
 39.6307 -0.5032  2.1199  0.0439  0.4655  0.0262  0.1816  0.0087 -0.0003  0.2208 0 
 32.6604  0.4787 -1.0337  0.2378  0.2332  0.0224  0.2395  0.0776 -0.0003  0.5146 0 
 45.8167  0.2641  1.4259  0.0030  0.3497  0.0218  0.3930  0.0124 -0.0003  0.0872 1 
 44.8981 -0.2389 -1.7295  0.2478  0.1185  0.0720  0.3073  0.2801 -0.0003  0.9248 1 
 47.4037 -0.6408 -0.6662  0.0366  0.3126  0.0290  0.3895  0.0557 -0.0003  0.1848 0 
 47.0375  0.6307  2.4341  0.0739  0.3353  0.0956  0.3035  0.0080 -0.0003  0.3783 0 
 44.0925 -0.7839  0.4767  0.0035  0.0819  0.0737  0.3970  0.0095 -0.0003  0.0693 0 
 37.2930  0.7702 -2.6709  0.1266  0.5323  0.0417  0.4615  0.2383 -0.0003  0.8988 0 
 45.9052 -0.4407  1.2855  0.0536  0.1825  0.0604  0.4364  0.0598 -0.0003  0.2548 0 
 38.4894  0.4456 -1.9033  0.0164  0.6299  0.0229  0.2287  0.0875 -0.0003  0.1582 0 
 43.6378 -0.5716  1.2189  0.5214  0.7768  0.0598  0.4423  0.4155 -0.0003  0.9966 1 
 37.2930  0.5754 -1.9112  0.2221  0.3291  0.0432  0.5076  0.1570  0.1070  0.9161 1 
 44.4434 -0.6009 -0.1400  0.0398  0.5034  0.0225  0.3961  0.0384 -0.0003  0.2323 0 
 39.2981  0.5922  2.9854  0.1720  0.2526  0.0790  0.3639  0.1050  0.2025  0.8939 0 
 45.9754 -0.5160 -1.2468  0.0125  0.2063  0.0525  0.4363  0.0474 -0.0003  0.1282 0 
 44.2756  0.4988  1.9048  0.0185  0.6432  0.0382  0.4406  0.0224 -0.0003  0.2261 0 
 46.4881  0.3291 -0.6953  0.0860  0.2032  0.0729  0.4785  0.0220 -0.0003  0.3696 1 
 32.8130 -0.4797  2.4330  0.1846  0.6085  0.0191  0.2392  0.3532 -0.0003  0.8926 1 
 48.2033  0.5951  0.4206  0.0136  0.3822  0.0276  0.3016  0.0230 -0.0003  0.1133 0 
 47.8035 -0.6016 -2.7177  0.0126  0.5564  0.0609  0.4319  0.0285 -0.0003  0.2020 0 
 52.1187 -0.5254  0.8267  0.0397  0.0802  0.0229  0.2534  0.0187 -0.0003  0.0516 0 
 41.2818  0.5274 -2.3321  0.0389  0.6026  0.0309  0.4040  0.0693 -0.0003  0.3267 0 
 49.8604 -0.5874  1.6598  0.0154  0.5414  0.0995  0.5126  0.0927 -0.0003  0.2758 1 
 49.2500  0.5767 -1.4931  0.0790  0.4271  0.1245  0.5143  0.1198 -0.0003  0.5501 1 
 46.7231  0.6057  2.8064  0.1917  0.5512  0.0316  0.3910  0.1442 -0.0003  0.8284 1 
 41.2207 -0.6368 -0.3399  0.1666  0.4640  0.1264  0.5837  0.3502 -0.0003  0.9828 1 
 45.0355  0.4634 -1.9267  0.0197  0.3610  0.0149  0.2193  0.0261 -0.0003  0.0901 0 
 33.3165 -0.4586  1.1836  0.0096  0.5536  0.0193  0.2382  0.0237 -0.0003  0.1169 0 
 46.0029 -0.3483 -2.4755  0.2310  0.1047  0.1557  0.2181  0.4168 -0.0003  0.9650 1 
 40.6836  0.3437  0.6012  0.3332  0.5870  0.0400  0.2253  0.4816  0.2127  0.9964 1 
 47.4769  0.8052  2.9926  0.0170  0.4836  0.1215  0.3893  0.0313 -0.0003  0.2255 0 
 37.7935 -0.7937 -0.0991  0.0774  0.4379  0.0514  0.3219  0.0353 -0.0003  0.4795 0 
 55.6405 -0.3562  0.4628  0.0076  0.4252  0.1208  0.2909  0.1209 -0.0003  0.3059 0 
 47.3976  0.3818 -2.6276  0.0049  0.1412  0.0231  0.3030  0.1002 -0.0003  0.0523 0 
 45.1057 -0.6737  1.3772  0.0044  0.2840  0.1338  0.6576  0.0528 -0.0003  0.2284 0 
 41.8219  0.6759 -1.7549  0.0598  0.2001  0.0430  0.3578  0.0368 -0.0003  0.2105 0 
 53.9620  0.3612 -0.2468  0.0769  0.4732  0.0524  0.2512 -0.0200 -0.0003  0.4631 0 
 45.2735 -0.3695  2.8997  0.0995  0.4829  0.0457  0.2628  0.1966 -0.0003  0.7840 0 
 53.6171  0.0032 -0.0968  0.0551  0.5584  0.0574  0.4613  0.1414 -0.0003  0.5794 0 
 44.6082 -0.0209  3.0575  0.0177  0.1708  0.0202  0.3078  0.0140 -0.0003  0.0541 0 
 46.3386  0.7957 -1.7307  0.0138  0.5553  0.0226  0.3918  0.0338 -0.0003  0.1410 0 
 45.8656 -0.8028  1.4366  0.0186  0.0565  0.0400  0.1746  0.0222 -0.0003  0.0640 0 
 40.4791  0.1646  0.1684  0.0327  0.4359  0.0363  0.4513  0.0377 -0.0003  0.2657 0 
 39.7040 -0.1469 -2.9692  0.0490  0.1410  0.2061  0.2268  0.0920 -0.0003  0.2782 0 
 49.7322  0.7090  1.4880  0.0087  0.1217  0.0989  0.3847  0.0519 -0.0003  0.0814 0 
 42.5788 -0.7018 -1.6798  0.0099  0.7517  0.0372  0.4452  0.2532 -0.0003  0.6169 0 
 48.8899 -0.4757  0.3808  0.0689  0.4235  0.1408  0.3435  0.0961 -0.0003  0.4623 0 
 45.4109  0.4620 -2.7125  0.0168  0.3028  0.0310  0.3064  0.0242 -0.0003  0.1059 0 
 37.6379  0.6564 -2.8659  0.0034  0.1135  0.0410  0.2302  0.0944 -0.0003  0.0649 0 
 37.5677 -0.6510  0.2738  0.0237  0.4940  0.0125  0.1842  0.0793 -0.0003  0.1258 0 
 43.4546  0.2830  2.1076  0.1198  0.3054  0.0927  0.5313  0.0812 -0.0003  0.5978 0 
 41.6022 -0.3157 -1.0163  0.1788  0.6714  0.0922  0.5823  0.2645 -0.0003  0.9725 0 
 49.4697  0.4074  0.4795  0.0132  0.2195  0.0381  0.4281  0.0341 -0.0003  0.1115 0 
 45.6886 -0.3996 -2.6765  0.0110  0.1615  0.0258  0.3059  0.0162 -0.0003  0.0540 0 
 50.5867  0.2799 -1.5611  0.1191  0.4229  0.0405  0.4256  0.1408  0.0632  0.8003 0 
 47.2755 -0.2800  1.5568  0.0065  0.0812  0.0540  0.3032  0.0208 -0.0003  0.0665 0 
 53.8674 -0.2586  2.7726  0.0829  0.1647  0.0228  0.3770  0.0644 -0.0003  0.2120 0 
 40.4974  0.2484 -0.3753  0.0069  0.3081  0.0180  0.3159  0.0427 -0.0003  0.0606 0 
 48.1331 -0.6339  2.1500  0.0265  0.2334  0.0385  0.3449  0.0062 -0.0003  0.1350 0 
 44.1260  0.6542 -0.9948  0.0655  0.3294  0.0395  0.4851  0.0871  0.2623  0.7568 0 
 48.2063  0.4150 -0.5385  0.0060  0.0965  0.0276  0.1293  0.0522 -0.0003  0.0541 0 
 45.6062 -0.4084  2.5974  0.0311  0.4401  0.0234  0.4372  0.0379 -0.0003  0.2089 0 
 47.4464  0.5886  1.5595  0.0210  0.2456  0.1803  0.4759  0.2134 -0.0003  0.4464 0 
 38.9197 -0.5644 -1.5613  0.0118  0.3626  0.0916  0.3192  0.0233 -0.0003  0.1874 0 
 47.8706 -0.2880  1.8074  0.0369  0.4397  0.3528  0.4317  0.0684 -0.0003  0.3788 0 
 36.9146  0.3425 -1.2943  0.0072  0.3304  0.0399  0.4165  0.0523 -0.0003  0.1327 0 
 49.3782  0.6768  1.0513  0.1885  0.5514  0.0823  0.4711  0.3568 -0.0003  0.9868 1 
 43.4607 -0.6522 -2.1086  0.2537  0.4049  0.0399  0.3099  0.3714  0.2687  0.9965 1 
 44.8890 -0.6709 -0.9410  0.0566  0.3067  0.0569  0.5707  0.0434  0.2736  0.6332 0 
 36.5881  0.6557  2.2234  0.0504  0.2174  0.0290  0.2320  0.1611  0.2231  0.6830 0 
 46.6133  0.2315  0.4872  0.0499  0.1102  0.0330  0.2608  0.0213 -0.0003  0.0782 0 
 46.5034 -0.2525 -2.6386  0.0356  0.2825  0.0671  0.4349  0.0237 -0.0003  0.2362 0 
 45.3864 -0.6683  2.7146  0.0569  0.2041  0.0184  0.3064  0.1613 -0.0003  0.2371 0 
 43.7263  0.6461 -0.4526  0.0254  0.7793  0.0642  0.7515  0.0416 -0.0003  0.3477 0 
 48.4169 -0.6919  2.4149  0.0172  0.1652  0.0300  0.3874  0.0517 -0.0003  0.0781 0 
 39.6460  0.6834 -0.7415  0.1056  0.3362  0.0171  0.2723  0.2054 -0.0003  0.4955 0 
 51.7464 -0.1980  2.6174  0.0182  0.1817  0.2006  0.5078  0.1359 -0.0003  0.2969 0 
 47.4586  0.2155 -0.5182  0.0156  0.3224  0.0408  0.1298  0.0062 -0.0003  0.2311 0 
 61.2192 -0.2878  0.9221  0.0030  0.2931  0.0218  0.2029  0.0762  0.2146  0.5257 0 
 46.1860  0.2809 -2.2155  0.0101  0.2362  0.0629  0.6100  0.1072 -0.0003  0.2358 0 
 45.3162  0.3545 -1.0196  0.0025  0.1104  0.0226  0.2628  0.0108 -0.0003  0.0429 0 
 43.3295 -0.3423  2.1792  0.0350  0.4352  0.1620  0.2216  0.0909 -0.0003  0.4036 0 
 43.4852  0.1842 -1.2626  0.0246  0.1225  0.0998  0.3984  0.0313 -0.0003  0.1016 0 
 42.3163 -0.1548  1.8744  0.0589  0.2716  0.0596  0.1338  0.0062 -0.0003  0.3650 0 
 51.3802 -0.0407 -2.4346  0.0201  0.2920  0.0707  0.2119  0.0013 -0.0003  0.2391 0 
 43.2685  0.0192  0.7674  0.1411  0.2707  0.2191  0.7092  0.0416 -0.0003  0.6054 0 
 49.3294  0.7152  0.8639  0.3000  0.6797  0.0388  0.5140  0.2896  0.1349  0.9798 1 
 22.6474 -0.6730 -2.1722  0.1194  0.6430  0.0334  0.3211  0.0534  0.2982  0.9630 1 
 47.1382  0.6186 -0.7553  0.1662  0.2316  0.0576  0.3901  0.0616 -0.0003  0.5653 1 
 23.6851 -0.5797  2.4945  0.1960  0.3846  0.0086  0.2111  0.2260  0.1784  0.9209 1 
 53.3730 -0.5354  0.6772  0.0226  0.1257  0.0453  0.4619  0.1124 -0.0003  0.1503 0 
 43.4974  0.5282 -2.4639  0.0052  0.4822  0.0297  0.2656  0.0229 -0.0003  0.1292 0 
 52.5063  0.6955 -1.6364  0.0954  0.2147  0.0416  0.4638  0.0438 -0.0003  0.3933 1 
 43.6530 -0.6940  1.5604  0.3543  0.7239  0.0565  0.3095  0.4355 -0.0003  0.9956 1 
 46.3569  0.6824 -0.4863  0.0099  0.4167  0.0569  0.3918  0.0164 -0.0003  0.1818 0 
 42.2400 -0.6715  2.6000  0.0278  0.5162  0.1445  0.4015  0.0174 -0.0003  0.2528 0 
 50.8705 -0.0211 -2.6133  0.0297  0.3176  0.1561  0.3825  0.0264 -0.0003  0.2327 0 
 40.9186  0.0158  0.5070  0.1103  0.1949  0.0686  0.4049  0.0961 -0.0003  0.5048 0 
 46.1128  0.2438  1.6552  0.0166  0.0716  0.0203  0.1744  0.0096 -0.0003  0.0480 0 
 44.4892 -0.2309 -1.4808  0.1021  0.5043  0.0240  0.6160  0.0673 -0.0003  0.6590 0 
 49.6437 -0.4713 -0.4195  0.7403  0.5026  0.0988  0.9409  0.5333 -0.0003  0.9924 1 
 39.4141  0.4234  2.7026  0.3887  0.7930  0.0669  0.5909  0.6003 -0.0003  0.9977 1 
 44.4739 -0.4801 -0.1857  0.0044  0.0927  0.0328  0.4401  0.1257 -0.0003  0.0897 0 
 44.2725  0.4781  2.9737  0.0429  0.7342  0.0903  0.5728  0.0688 -0.0003  0.3931 0 
 38.9837 -0.4321  3.0472  0.0919  0.8821  0.0309  0.3191  0.1505 -0.0003  0.7156 0 
 36.5209  0.4113 -0.1847  0.0190  0.1677  0.2430  0.4642  0.0438 -0.0003  0.1878 0 
 45.3437 -0.6439  1.0546  0.0202  0.3351  0.1067  0.3502  0.0562 -0.0003  0.2186 0 
 40.9766  0.5700 -2.1103  0.0244  0.3849  0.0293  0.1799  0.1074 -0.0003  0.1863 0 
 45.2918  0.3198  1.2247  0.0333  0.1221  0.0860  0.2628  0.0063 -0.0003  0.1089 0 
 45.2094 -0.3230 -1.9314  0.0110  0.7626  0.0247  0.3067  0.0091 -0.0003  0.1665 0 
 45.8839  0.5730 -1.5317  0.0117  0.6706  0.1187  0.5674  0.0204  0.0241  0.2572 0 
 44.2329 -0.5680  1.6328  0.0051  0.0887  0.0685  0.1763  0.0307 -0.0003  0.0842 0 
 46.7292  0.1496 -1.8145  0.0455  0.1416  0.0333  0.2172  0.0943 -0.0003  0.1201 0 
 44.5289 -0.1562  1.3586  0.0038  0.3268  0.0598  0.2640  0.1174 -0.0003  0.2221 0 
 41.2360  0.2157  0.4407  0.0000  0.7428  0.0594  0.2694  0.1686 -0.0003  0.5059 0 
 40.1923 -0.2113 -2.7765  0.0090  0.6371  0.0128  0.3165  0.1428  0.1086  0.3230 0 
 40.1556  0.7115  1.4222  0.0473  0.6206  0.0284  0.4522  0.0097 -0.0003  0.3577 0 
 34.9493 -0.7352 -1.7796  0.0807  0.4018  0.1778  0.1880  0.0773 -0.0003  0.5707 0 
 49.9580  0.3599  0.5064  0.1167  0.4248  0.0283  0.2989  0.2501 -0.0003  0.7614 1 
 45.1514 -0.3624 -2.6385  0.8457  0.6729  0.0350  0.4383  0.9604 -0.0003  0.9984 1 
 43.7018  0.2843  2.1156  0.1555  0.1595  0.0396  0.3095  0.0342 -0.0003  0.3957 0 
 40.8118 -0.2711 -1.0492  0.0138  0.4907  0.0447  0.4953  0.0276 -0.0003  0.2030 0 
 54.4381  0.6841 -2.7520  0.0094  0.2668  0.2896  0.4178  0.0151 -0.0003  0.2061 0 
 46.3996 -0.6567  0.3815  0.0065  0.2715  0.0045  0.1306  0.0014 -0.0003  0.0775 0 
 48.3009 -0.3256 -2.7444  0.0124  0.3708  0.1425  0.6891  0.0477 -0.0003  0.2768 0 
 43.4821  0.3191  0.4274  0.1363  0.4294  0.0536  0.3984  0.1476 -0.0003  0.8075 0 
 52.7291  0.1505 -0.3581  0.0703  0.5833  0.1049  0.4633  0.0756 -0.0003  0.4344 1 
 22.3819 -0.1636  2.7780  0.1544  0.3079  0.0377  0.2686  0.1176  0.4206  0.9970 1 
 48.2887 -0.2971 -0.9667  0.0056  0.2228  0.1477  0.3876  0.0572 -0.0003  0.1454 0 
 47.7302  0.3602  2.1918  0.0057  0.3936  0.1195  0.6048  0.0363 -0.0003  0.2130 0 
 47.5563 -0.6636 -1.2378  0.0060  0.7703  0.0580  0.4324  0.0616 -0.0003  0.2454 0 
 46.8879  0.6728  1.9134  0.0408  0.1477  0.0226  0.3906  0.1076 -0.0003  0.1341 0 
 52.4941 -0.5685 -0.8954  0.0198  0.5403  0.1103  0.3795  0.0145 -0.0003  0.2241 0 
 43.9826  0.5444  2.2328  0.0355  0.1996  0.0537  0.3531  0.0029 -0.0003  0.1651 0 
 38.8098  0.2214  2.1003  0.0294  0.0562  0.0143  0.3652  0.0046 -0.0003  0.0510 0 
 35.0378 -0.2658 -1.0262  0.0099  0.1752  0.0761  0.3287  0.1533 -0.0003  0.1878 0 
 44.7456 -0.3334  1.5288  0.0029  0.1110  0.0135  0.1757  0.0143 -0.0003  0.0397 0 
 38.8281  0.3373 -1.5926  0.0036  0.4012  0.0788  0.3195  0.1187 -0.0003  0.2584 0 
 47.6814 -0.6041  2.1789  0.3419  0.2104  0.0273  0.3025  0.4571 -0.0003  0.9895 0 
 44.4831  0.6135 -0.9392  0.0067  0.3027  0.0360  0.3520  0.1806 -0.0003  0.2265 0 
 50.7668  0.1080  0.4111  0.0031  0.1644  0.0345  0.3402  0.2082 -0.0003  0.1624 0 
 44.2573 -0.1180 -2.7485  0.0792  0.2585  0.0355  0.2644  0.0814 -0.0003  0.3112 0 
 49.4362 -0.4083  2.8642  0.0000  0.2066  0.0081  0.0856  0.0102 -0.0003  0.0726 0 
 37.0855  0.4067 -0.2816  0.0103  0.1381  0.0103  0.2311  0.0130 -0.0003  0.0368 0 
 54.1207 -0.5448  2.1179  0.0463  0.2561  0.0602  0.4184  0.0364 -0.0003  0.2608 0 
 43.2898  0.5431 -1.0362  0.0078  0.5201  0.0199  0.3102  0.0356 -0.0003  0.1015 0 
 50.2907  0.3976 -2.2820  0.0228  0.7186  0.1254  0.7247  0.1053 -0.0003  0.3922 0 
 41.9471 -0.4171  0.8832  0.1316  0.6507  0.0087  0.3129  0.0274 -0.0003  0.4684 0 
 44.7944 -0.7634 -2.0665  0.0138  0.2669  0.0146  0.1757  0.0302 -0.0003  0.0708 0 
 23.2303  0.8134  0.8719  0.0499  0.2243  0.1072  0.3186  0.0294  0.5868  0.7961 0 
 47.0832  0.0028  1.1407  0.0592  0.4879  0.0396  0.6503  0.3560 -0.0003  0.8378 1 
 43.0549  0.0154 -2.0933  0.1835  0.2519  0.0761  0.3995  0.6339  0.4803  0.9988 1 
 55.2193 -0.4835 -3.1411  0.0918  0.2818  0.1070  0.3331  0.1506 -0.0003  0.6583 0 
 42.7619  0.4641 -0.0165  0.0266  0.7974  0.0205  0.2668  0.0925 -0.0003  0.2200 0 
 49.6895 -0.3326  2.8051  0.0442  0.1405  0.0591  0.2993  0.0645 -0.0003  0.1460 0 
 48.5512  0.3584 -0.2892  0.0005  0.3817  0.1320  0.3011  0.0489 -0.0003  0.1909 0 
 44.6235 -0.7732 -2.2713  0.0190  0.1768  0.0089  0.2198  0.0637 -0.0003  0.0446 0 
 32.6574  0.7968  1.0116  0.0344  0.4196  0.0387  0.2395  0.0268 -0.0003  0.2334 0 
 49.3965  0.6965  0.4865  0.0074  0.6088  0.0418  0.2569  0.0944 -0.0003  0.2282 0 
 45.9724 -0.7022 -2.6554  0.0258  0.2151  0.1908  0.1309  0.0877 -0.0003  0.3207 0 
 51.2764  0.2011 -0.0677  0.1578  0.3796  0.1082  0.5938  0.2101 -0.0003  0.9260 0 
 48.4352 -0.1717  3.0524  0.0701  0.1633  0.2423  0.3013  0.2847 -0.0003  0.8059 0 
 42.9175  0.7285 -0.8113  0.2101  0.6396  0.0947  0.5331  0.2637 -0.0003  0.9819 1 
 41.2848 -0.7494  2.3665  0.0662  0.5020  0.1427  0.4489  0.0020 -0.0003  0.3303 1 
 48.7129  0.2202 -3.1271  0.0251  0.6881  0.0615  0.3438  0.0141 -0.0003  0.2702 0 
 46.3569 -0.1954  0.0193  0.0263  0.5505  0.0737  0.4353  0.0684 -0.0003  0.2877 0 
 50.3822 -0.2236  1.1688  0.0287  0.3059  0.0490  0.4260  0.0224 -0.0003  0.2103 0 
 47.2816  0.2272 -1.9709  0.0316  0.2669  0.2205  0.4764  0.0390 -0.0003  0.2680 0 
 59.0890 -0.2974  0.0608  0.0175  0.1701  0.0415  0.2047  0.0620 -0.0003  0.0856 0 
 53.8369  0.3311 -3.0815  0.0178  0.0542  0.0490  0.0838  0.0013 -0.0003  0.1033 0 
 47.8675  0.0201 -0.7918  0.0574  0.5171  0.0352  0.3022  0.1151 -0.0003  0.4459 0 
 47.0680 -0.0263  2.3343  0.0058  0.1315  0.0256  0.3469  0.0787 -0.0003  0.0527 0 
 45.5390  0.3825  1.6215  0.4210  0.3495  0.1374  0.4811  0.5037  0.8466  0.9999 1 
 45.4231 -0.3933 -1.5447  0.0523  0.7222  0.0420  0.4376  0.1794 -0.0003  0.7112 1 
 45.3010  0.7070 -1.1223  0.0249  0.5075  0.1028  0.4379  0.1224 -0.0003  0.3424 1 
 40.3021 -0.7006  1.9756  0.2889  0.4615  0.0602  0.5421  0.4102 -0.0003  0.9950 1 
 43.9979  0.1026  0.6218  0.0698  0.5077  0.0790  0.7061  0.1256 -0.0003  0.6277 1 
 35.8221 -0.0653 -2.4644  0.0742  0.5239  0.0232  0.4667  0.2045  0.1306  0.7929 1 
 53.2753 -0.2557 -0.5135  0.1132  0.5008  0.1171  0.2520  0.0768 -0.0003  0.6807 0 
 43.5096  0.2482  2.6632  0.0363  0.3539  0.0525  0.3984  0.0114 -0.0003  0.2549 0 
 49.1737  0.6477 -2.6729  0.0233  0.0551  0.0168  0.2144  0.0484 -0.0003  0.0400 0 
 37.1984 -0.6409  0.4230  0.0169  0.3213  0.0389  0.3233  0.0019 -0.0003  0.1571 0 
 50.6386 -0.4036 -2.5422  0.1328  0.5842  0.0334  0.2979  0.0898  0.1412  0.7518 1 
 43.9918  0.3765  0.5908  0.4267  0.5456  0.0429  0.3531  0.3425 -0.0003  0.9931 1 
 44.6601 -0.3258 -0.0631  0.4166  0.5820  0.0192  0.2198  0.3648 -0.0003  0.9932 1 
 18.2284  0.3473  3.0609  0.1168  0.4340  0.0420  0.3452  0.1431 -0.0003  0.7395 1 
 43.8300 -0.7046 -0.2961  0.0362  0.1616  0.0494  0.1767  0.0269 -0.0003  0.1277 0 
 43.6713  0.7149  2.8368  0.0711  0.1223  0.0203  0.3095  0.0557 -0.0003  0.1010 0 
 43.4272 -0.7623  1.7479  0.0078  0.4498  0.0219  0.2214  0.1008 -0.0003  0.1247 0 
 42.8107  0.7589 -1.3904  0.0001  0.5723  0.0214  0.3111  0.2222 -0.0003  0.2440 0 
 43.3326 -0.5555 -0.9701  0.1659  0.5890  0.0420  0.3545  0.0978 -0.0003  0.8103 1 
 42.9236  0.5523  2.1578  0.0382  0.6157  0.0454  0.3554  0.0334 -0.0003  0.3386 1 
 46.3783  0.2361  0.8902  0.0157  0.2567  0.0542  0.3047  0.0495 -0.0003  0.1402 0 
 44.1688 -0.2363 -2.2473  0.0215  0.2194  0.0102  0.2204  0.0153 -0.0003  0.0534 0 
 50.6905 -0.1174  0.7052  0.0265  0.4005  0.0398  0.1702  0.0308 -0.0003  0.2273 0 
 46.6072  0.1487 -2.4142  0.0028  0.0548  0.0448  0.2173  0.0178 -0.0003  0.0606 0 
 45.8869  0.6336  2.1039  0.0641  0.0893  0.0503  0.1746  0.0528  0.2131  0.4785 1 
 44.5167 -0.6291 -1.1142  0.0492  0.5761  0.0319  0.3079  0.0909  0.2123  0.6804 1 
 48.7495 -0.5190  2.4675  0.0075  0.3256  0.0231  0.3867  0.0378  0.0465  0.1494 0 
 47.8553  0.4951 -0.6700  0.0307  0.7013  0.1034  0.3454  0.0834 -0.0003  0.3766 0 
 47.5166 -0.6309 -1.3709  0.2047  0.4242  0.0964  0.5190  0.1131 -0.0003  0.8316 0 
 36.0723  0.6457  1.7539  0.4126  0.2485  0.0176  0.2795  0.3945  0.1386  0.9956 0 
 47.7516  0.2907 -1.8106  0.0068  0.5242  0.0151  0.2160  0.0036 -0.0003  0.1185 0 
 45.8930 -0.2851  1.3485  0.0462  0.5529  0.0992  0.4364  0.0823 -0.0003  0.3670 0 
 48.4566 -0.6910 -2.6658  0.0227  0.3682  0.0946  0.4304  0.0248 -0.0003  0.2120 0 
 44.9287  0.6761  0.4947  0.0090  0.1685  0.0821  0.2634  0.1003 -0.0003  0.1397 0 
 40.3235 -0.3784 -0.3713  0.0073  0.6455  0.1338  0.3162  0.0226  0.4416  0.6287 1 
 38.5412  0.3362  2.7409  0.0049  0.7329  0.0303  0.3201  0.0078 -0.0003  0.1764 1 
 49.9794 -0.2833  1.9222  0.0159  0.2041  0.0889  0.2562  0.0745 -0.0003  0.1699 0 
 46.3783  0.2626 -1.2240  0.0680  0.2914  0.1361  0.3482  0.2031 -0.0003  0.6792 0 
 46.9795 -0.3859  0.2220  0.0056 -1.0000  0.0019  0.0867  0.0234 -0.0003  0.1826 0 
 34.2870  0.3816 -2.8988  0.0384  0.3053  0.0666  0.3780  0.0482 -0.0003  0.2660 0 
 45.1606 -0.6074 -3.0810  0.9033  0.4382  0.0391  0.4821  1.0559 -0.0003  0.9984 1 
 41.5686  0.6019  0.0950  0.3379  0.5581  0.0770  0.5825  0.2706 -0.0003  0.9886 1 
 51.6915  0.3933  0.8298  0.0107  0.6680  0.1364  0.3386  0.0602 -0.0003  0.2947 0 
 46.8788 -0.4037 -2.3416  0.0412  0.6904  0.0289  0.3038  0.0670 -0.0003  0.2805 0 
 46.0212  0.3317  2.8097  0.0211  0.2947  0.0411  0.2181  0.0878 -0.0003  0.1744 0 
 44.8188 -0.3391 -0.3227  0.0053  0.4880  0.0196  0.2196  0.0058 -0.0003  0.1230 0 
 47.1473  0.7811 -2.0484  0.0169  0.3140  0.0340  0.4767  0.1404 -0.0003  0.2504 0 
 46.9673 -0.7981  1.1002  0.0123  0.3724  0.0391  0.2169  0.0335 -0.0003  0.1541 0 
 46.7506 -0.4912 -1.8309  0.1902  0.6097  0.0501  0.6515  0.2736 -0.0003  0.9731 1 
 45.5695  0.5210  1.3332  0.3565  0.5810  0.0696  0.2623  0.3404  0.3776  0.9987 1 
 40.3204 -0.3915  0.0688  0.1147  0.3613  0.0365  0.1807  0.1702 -0.0003  0.6472 0 
 33.6889  0.4231 -3.1245  0.0557  0.5375  0.0411  0.3799  0.0743  0.1363  0.6442 0 
 50.5714  0.1937  0.8930  0.0242  0.0529  0.0148  0.0851  0.0012 -0.0003  0.0625 0 
 41.9074 -0.1961 -2.2649  0.0791  0.4418  0.0395  0.2235  0.1345 -0.0003  0.5551 0 
 49.8787 -0.6196 -0.6218  0.0130  0.2063  0.0323  0.2563  0.0142 -0.0003  0.0748 0 
 42.6062  0.6450  2.5464  0.0534  0.4732  0.1046  0.1780  0.0651 -0.0003  0.5201 0 
 48.0293  0.0128 -0.5193  0.0419  0.3819  0.0234  0.4313  0.1724 -0.0003  0.3877 0 
 39.4354 -0.0022  2.6287  0.1942  0.2272  0.0239  0.2727  0.1258 -0.0003  0.5890 0 
 42.5086  0.2773 -1.3358  0.4063  0.1480  0.0226  0.3563  0.2882 -0.0003  0.9657 1 
 41.4984 -0.2812  1.8115  0.0483  0.5582  0.1847  0.5379  0.1697 -0.0003  0.5427 1 
 53.1777 -0.1981  0.6845  0.0480  0.2648  0.0402  0.2942  0.0162 -0.0003  0.2030 0 
 44.3763  0.2048 -2.4641  0.2377  0.4244  0.0403  0.4844  0.1480 -0.0003  0.8759 0 
 44.3091  0.0339  0.5378  0.3818  0.5339  0.0651  0.2202  0.4840 -0.0003  0.9968 1 
 37.2442 -0.0584 -2.6325  0.3154  0.3782  0.0175  0.3693  0.2918 -0.0003  0.9525 1 
 51.4961 -0.1615 -1.3203  0.1165  0.5335  0.1385  0.4661  0.1485 -0.0003  0.7685 1 
 44.0009  0.1844  1.7815  0.1269  0.5148  0.0642  0.4413  0.1689 -0.0003  0.8547 1 
 45.2522 -0.6529 -0.9073  0.0350  0.6173  0.0455  0.3943  0.1108 -0.0003  0.4395 0 
 38.4070  0.6674  2.2477  0.0478  0.5474  0.0299  0.2289  0.0652 -0.0003  0.2542 0 
 44.6448  0.3758 -0.6374  0.0182  0.1429  0.0369  0.2198  0.0436 -0.0003  0.0652 0 
 44.1108 -0.3898  2.5042  0.0435  0.4095  0.0316  0.5292  0.1296  0.1595  0.6528 0 
 48.1971 -0.8069  2.2374  0.0182  0.4278  0.0207  0.3878  0.0294 -0.0003  0.1260 0 
 47.3610  0.7930 -0.9157  0.0198  0.1361  0.2299  0.2597  0.0266  1.0193  0.6403 0 
 54.4167  0.5125 -1.2257  0.0030  0.3378  0.0497  0.2089  0.0292 -0.0003  0.1601 0 
 37.3877 -0.5408  1.8695  0.0049  0.2074  0.0153  0.2767  0.0233 -0.0003  0.0420 0 
 49.6315 -0.0557  0.3204  0.0026  0.4501  0.0445  0.2566  0.0091 -0.0003  0.1883 0 
 42.1302  0.0594 -2.7990  0.0718  0.1497  0.0340  0.2232  0.0390 -0.0003  0.1376 0 
 43.0243  0.6029 -1.3517  0.0121  0.7847  0.0567  0.6659  0.0231  0.1080  0.3441 0 
 41.6236 -0.5964  1.7636  0.0213  0.5916  0.1105  0.3135  0.0461 -0.0003  0.2759 0 
 41.9684  0.0793  2.0877  0.0584  0.2420  0.1808  0.3128  0.1414 -0.0003  0.5119 1 
 38.3276 -0.0665 -1.0512  0.2101  0.6536  0.0353  0.5038  0.2573 -0.0003  0.9537 1 
 50.8034  0.2532  0.8396  0.0150  0.2999  0.0764  0.4252  0.1253 -0.0003  0.2522 0 
 46.1311 -0.2643 -2.3093  0.0077  0.1496  0.0133  0.1307  0.0013 -0.0003  0.0566 0 
 52.4727 -0.3299 -0.3324  0.0408  0.1533  0.0455  0.3373  0.0336 -0.0003  0.1234 0 
 46.2104  0.3392  2.8035  0.0851  0.3681  0.0314  0.3485  0.0886 -0.0003  0.4493 0 
 52.8023  0.5179 -0.3898  0.0319  0.4263  0.0247  0.2947  0.0721 -0.0003  0.1594 0 
 42.2034 -0.5267  2.7813  0.0063  0.7034  0.0831  0.7140  0.3969  0.2242  0.9405 0 
 48.0079  0.7680 -3.1091  0.0110  0.2620  0.0344  0.4745  0.1201 -0.0003  0.1792 0 
 40.2533 -0.7690  0.0599  0.0686  0.2678  0.0338  0.2260  0.0937 -0.0003  0.2834 0 
 53.0648 -0.1465  0.6130  0.0996  0.7625  0.0908  0.5046  0.0236 -0.0003  0.5608 1 
 41.4252  0.1421 -2.5247  0.5846  0.3540  0.0155  0.3139  0.6577  0.1251  0.9987 1 
 47.0558  0.5532 -1.2546  0.0038  0.1401  0.0853  0.3035  0.0087 -0.0003  0.0850 0 
 46.3630 -0.5460  1.8589  0.0266  0.3391  0.0973  0.3482  0.0366  0.1076  0.3504 0 
 53.1991 -0.6988  0.6769  0.0417  0.2089  0.0309  0.0840  0.1107 -0.0003  0.2365 0 
 50.3639  0.6968 -2.5105  0.0262  0.3950  0.0919  0.3409  0.0258  0.2939  0.5350 0 
 52.3598  0.4509 -1.7170  0.0961  0.1080  0.0899  0.2954  0.0820 -0.0003  0.2746 0 
 42.2431 -0.4887  1.4867  0.0143  0.4907  0.0184  0.2677  0.0186 -0.0003  0.1119 0 
 42.6947 -0.5522  2.0149  0.0339  0.1364  0.0392  0.4004  0.0937 -0.0003  0.1398 0 
 39.3500  0.5172 -1.1507  0.0312  0.2865  0.0171  0.2274  0.0079 -0.0003  0.0985 0 
 48.1666 -0.5264 -0.0926  0.0005  0.3632  0.0811  0.4741  0.0761 -0.0003  0.1694 0 
 47.5013  0.5168  3.0957  0.0471  0.8113  0.0245  0.2596  0.0153  0.1345  0.5639 0 
 46.1311  0.7783 -2.2264  0.0523  0.5276  0.1211  0.5230  0.0980 -0.0003  0.3974 0 
 32.4132 -0.7544  0.8517  0.1330  0.5379  0.0358  0.2880  0.1750  0.2485  0.9358 0 
 46.8910 -0.4680  2.2151  0.2660  0.2555  0.0411  0.5208  0.1741  0.0387  0.9242 1 
 39.4385  0.4519 -0.9128  0.1386  0.4345  0.0463  0.2727  0.1682  0.4621  0.9976 1 
 44.9958 -0.2796  2.7071  0.6130  0.2491  0.1014  0.5265  0.2360 -0.0003  0.9790 1 
 25.9068  0.4046 -0.4541  0.0630  0.4306  0.0575  0.3592  0.0616  0.1816  0.6624 1 
 53.3059 -0.1320  1.8637  0.0024  0.6959  0.0953  0.3360  0.0711 -0.0003  0.2679 0 
 43.6194  0.1294 -1.2724  0.0252  0.1379  0.0227  0.3539  0.0394 -0.0003  0.0617 0 
 40.1221 -0.0655 -2.6028  0.0014  0.4759  0.0140  0.2262  0.0151 -0.0003  0.0920 0 
 36.0845  0.0443  0.4873  0.0358  0.3210  0.0410  0.3260  0.0507 -0.0003  0.2053 0 
 50.4982 -0.7412  0.8374  0.0234  0.7223  0.1032  0.4258  0.0478 -0.0003  0.3031 1 
 41.1322  0.7391 -2.2926  0.2106  0.5937  0.0490  0.2247  0.2235  0.4293  0.9977 1 
 45.9785 -0.5752  1.6663  0.0188  0.6059  0.1173  0.3490  0.0109 -0.0003  0.2331 0 
 38.9075  0.5826 -1.4629  0.0342  0.3060  0.0562  0.4561  0.1111 -0.0003  0.3304 0 
 45.1148  0.6954  0.1694  0.0993  0.1264  0.0175  0.1315  0.1417 -0.0003  0.2558 1 
 32.6940 -0.7147 -2.9848  0.1533  0.3305  0.0456  0.4789  0.2553  0.5190  0.9989 1 
 54.0566  0.0390 -3.0321  0.0155  0.2026  0.0841  0.6278  0.0589 -0.0003  0.2206 0 
 53.9986 -0.0321  0.0947  0.0281  0.0573  0.0388  0.2093  0.0146 -0.0003  0.0645 0 
 50.9407 -0.0551 -1.5822  0.0108  0.4995  0.1389  0.1699  0.0357 -0.0003  0.2664 0 
 43.7720  0.0628  1.6211  0.1097  0.1763  0.0186  0.4861  0.2222  0.0859  0.7575 0 
 45.8015  0.6600  2.3595  0.0255  0.4049  0.0184  0.2620  0.0266 -0.0003  0.1100 0 
 35.2697 -0.6826 -0.8015  0.0224  0.7005  0.0325  0.3281  0.0377 -0.0003  0.2187 0 
 49.2317 -0.6711  1.3548  0.0029  0.1506  0.0107  0.2143  0.0173 -0.0003  0.0361 0 
 47.9774  0.6943 -1.7856  0.0160  0.6961  0.1972  0.3020  0.0244 -0.0003  0.2746 0 
 40.7568  0.1016  0.0659  0.2197  0.3859  0.0450  0.1802  0.0444  0.2344  0.8899 1 
 28.8304 -0.1082 -3.1166  0.0407  0.3767  0.0280  0.2981  0.0078 -0.0003  0.1982 1 
 50.0771 -0.2121  2.7003  0.0245  0.4587  0.2192  0.2134  0.0099 -0.0003  0.2410 0 
 45.6703  0.2084 -0.4954  0.0223  0.2039  0.0292  0.2622  0.0843 -0.0003  0.0884 0 
 46.1158  0.6448 -2.8256  0.0322  0.6063  0.0338  0.3051  0.0324 -0.0003  0.2514 0 
 40.1160 -0.6300  0.3184  0.0150  0.3353  0.0278  0.3166  0.1091 -0.0003  0.1343 0 
 49.3751  0.4867 -1.3041  0.0793  0.8177  0.0296  0.3426  0.0616 -0.0003  0.5407 0 
 44.4251 -0.5098  1.8528  0.0242  0.2074  0.0416  0.3081  0.0067 -0.0003  0.1181 0 
 47.8248  0.5915 -0.8304  0.1618  0.1935  0.0471  0.3023  0.2160 -0.0003  0.7889 0 
 31.8120 -0.5895  2.3087  0.0103  0.4252  0.0148  0.3379  0.1518  0.1177  0.3843 0 
 51.2001 -0.4895  2.6121  0.1176  0.2657  0.0950  0.1697  0.1408 -0.0003  0.7385 0 
 49.6040  0.4910 -0.4997  0.0180  0.5924  0.1218  0.4705  0.0484 -0.0003  0.2611 0 
 49.5796  0.4436  1.4118  0.0210  0.2619  0.0606  0.5134  0.0906 -0.0003  0.2433 0 
 44.7272 -0.4145 -1.7235  0.0072  0.6321  0.0616  0.3515  0.0203 -0.0003  0.2052 0 
 45.9113  0.5890 -2.8042  0.2917  0.5431  0.0262  0.4801  0.4039  0.0683  0.9894 1 
 29.7795 -0.5830  0.2256  0.1022  0.7017  0.0436  0.2953  0.1021  0.3557  0.9807 1 
 47.0375 -0.6472  2.4625  0.0179  0.1541  0.0838  0.3469  0.0477 -0.0003  0.1111 0 
 43.8575  0.6552 -0.6695  0.0632  0.4747  0.0150  0.1325  0.1652 -0.0003  0.2624 0 
 43.6439 -0.7306 -1.7933  0.0070  0.2199  0.0964  0.4865  0.1380 -0.0003  0.2017 0 
 40.1465  0.7424  1.3304  0.1414  0.7504  0.0423  0.4070  0.0688 -0.0003  0.8262 0 
 50.2937 -0.0078 -2.3465  0.1042  0.3369  0.0152  0.2131  0.1469  0.1634  0.7357 0 
 40.5158  0.0057  0.8203  0.1796  0.1682  0.0581  0.3609  0.0834 -0.0003  0.5740 0 
 46.3050  0.2189  1.1402  0.1120  0.4820  0.0379  0.2612  0.1677 -0.0003  0.7349 1 
 41.6205 -0.2023 -1.9941  0.4671  0.2524  0.0366  0.3583  0.5750  0.3587  0.9998 1 
 46.9825  0.7323  2.5608  0.3384  0.6927  0.0969  0.3904  0.2885 -0.0003  0.9932 1 
 41.2329 -0.7301 -0.5564  0.1877  0.4664  0.0359  0.4041  0.2974 -0.0003  0.9456 1 
 47.7058  0.6460  1.4648  0.0164  0.3801  0.1325  0.4321  0.0583 -0.0003  0.2290 0 
 46.1433 -0.6164 -1.7215  0.0003  0.1675  0.0280  0.3923  0.1495 -0.0003  0.0933 0 
 45.8198  0.5623  1.5628  0.0072  0.3220  0.0272  0.2620  0.0325 -0.0003  0.0821 0 
 42.0630 -0.5824 -1.5947  0.0010  0.2584  0.0336  0.2233  0.0637 -0.0003  0.0753 0 
 49.2164 -0.6720  2.8886  0.0270  0.1385  0.0166  0.3429  0.0323 -0.0003  0.0531 0 
 46.0517  0.6588 -0.2573  0.0085  0.5148  0.1963  0.3489  0.0278 -0.0003  0.2446 0 
 47.0039 -0.6260  3.0695  0.0455  0.2051  0.0662  0.3036  0.0395 -0.0003  0.2058 0 
 44.4495  0.6351 -0.0603  0.1129  0.1085  0.0387  0.2201  0.0967 -0.0003  0.2565 0 
 56.0006 -0.5194 -1.1287  0.0232  0.5174  0.1709  0.5393  0.0573  0.7411  0.8394 0 
 51.3710  0.5256  1.9985  0.0488  0.1889  0.1154  0.4664  0.0237 -0.0003  0.2359 0 
 45.4078 -0.0495 -1.2677  0.0617  0.2473  0.0272  0.1313  0.0297 -0.0003  0.1902 0 
 44.4465  0.0659  1.8626  0.0778  0.4087  0.0258  0.4401  0.1263 -0.0003  0.5415 0 
 49.0303 -0.5183  2.2923  0.0081  0.6415  0.0890  0.4720  0.0823 -0.0003  0.2601 0 
 42.9267  0.4653 -0.8690  0.0163  0.2629  0.0842  0.3998  0.0240 -0.0003  0.1631 0 
 49.1249 -0.7255 -2.8422  0.0712  0.5941  0.0251  0.3859  0.0226 -0.0003  0.4340 0 
 48.3009  0.7249  0.3018  0.0116  0.2538  0.0300  0.4737  0.0174 -0.0003  0.1216 0 
 44.6296 -0.7380  1.1260  0.0266  0.3896  0.0270  0.3957  0.0711 -0.0003  0.1811 0 
 41.4435  0.7351 -1.9726  0.0034  0.4392  0.0159  0.3139  0.0021 -0.0003  0.0918 0 
 36.5484 -0.7444  1.4895  0.0056  0.3684  0.0515  0.4177  0.0671  0.2716  0.5191 1 
 32.3919  0.7058 -1.6975  0.0588  0.5540  0.0173  0.2881  0.2684 -0.0003  0.4841 1 
 47.8279  0.5232  1.1314  0.0022  0.5250  0.0209  0.2159  0.0360 -0.0003  0.1087 0 
 37.8790 -0.5246 -2.0219  0.0479  0.4902  0.0771  0.4136  0.0473 -0.0003  0.3448 0 
 46.0487 -0.6146  2.2270  0.0259  0.2671  0.0870  0.2180  0.0128 -0.0003  0.2329 0 
 42.9023  0.5843 -0.9231  0.0433  0.1322  0.0399  0.0889  0.0071 -0.0003  0.1354 0 
 51.1940 -0.4611  2.3398  0.1875  0.5075  0.1873  0.6789  0.1392 -0.0003  0.8779 0 
 42.1515  0.4778 -0.7860  0.1251  0.5018  0.0200  0.3125  0.1133 -0.0003  0.5405 0 
 44.3732  0.3194 -0.5626  0.0159  0.3490  0.0519  0.6164  0.0670 -0.0003  0.2594 0 
 43.4760 -0.3236  2.6027  0.0003  0.5241  0.0302  0.3099  0.0891 -0.0003  0.1275 0 
 51.4534  0.2732 -0.9843  0.0085  0.4427  0.1151  0.4661  0.0633 -0.0003  0.2160 0 
 46.0182 -0.2798  2.1747  0.0170  0.2441  0.0422  0.3925  0.1047 -0.0003  0.1644 0 
 49.1676  0.2777  0.8671  0.0241  0.4148  0.1601  0.5573  0.0319 -0.0003  0.2634 0 
 47.2511 -0.2768 -2.3092  0.0475  0.3144  0.0420  0.4331  0.0209 -0.0003  0.2748 0 
 45.0324  0.3254  2.4255  0.0064  0.4608  0.0059  0.1755  0.0212 -0.0003  0.0916 0 
 41.6754 -0.3108 -0.6870  0.0079  0.1903  0.0284  0.3582  0.0528 -0.0003  0.0620 0 
 45.9724 -0.2589  2.7996  0.0172  0.3397  0.0066  0.2618  0.0279 -0.0003  0.0643 0 
 40.1526  0.2717 -0.3834  0.0116  0.3078  0.2447  0.6784  0.0112 -0.0003  0.2676 0 
 47.3579  0.3962 -0.8784  0.0149  0.6558  0.0407  0.4329  0.0502 -0.0003  0.2264 0 
 46.6194 -0.3976  2.2869  0.0335  0.2076  0.0321  0.1304  0.0184 -0.0003  0.1368 0 
 50.6539 -0.5313 -0.6051  0.0021  0.7346  0.0281  0.1276  0.0001 -0.0003  0.2311 0 
 46.8177  0.5256  2.5254  0.0368  0.1595  0.0457  0.3474  0.1256 -0.0003  0.1925 0 
 46.4240 -0.0000 -0.1101  0.0655  0.5193  0.0627  0.3481  0.1097 -0.0003  0.5933 0 
 40.5859 -0.0031  3.0389  0.0227  0.1594  0.0291  0.4059  0.0113  0.1880  0.3081 0 
 47.6356  0.3254  1.5964  0.0052  0.0891  0.0335  0.2161  0.0657 -0.0003  0.0500 0 
 42.8748 -0.3040 -1.5312  0.0153  0.6239  0.0199  0.2666  0.0818 -0.0003  0.1418 0 
 44.3763 -0.2025 -2.7919  0.0588  0.1470  0.0291  0.3523  0.1266 -0.0003  0.2065 0 
 41.0498  0.2215  0.3688  0.0584  0.7291  0.0296  0.1349  0.0274 -0.0003  0.3091 0 
 43.7629 -0.5114 -2.3934  0.0267  0.2627  0.0127  0.2652  0.0497 -0.0003  0.0674 0 
 39.8566  0.3291  0.7510  0.0178  0.2732  0.0498  0.2266  0.0187 -0.0003  0.1616 0 
 50.1411  0.6787  0.9438  0.0367  0.3873  0.0712  0.2559  0.0222 -0.0003  0.3109 0 
 39.5178 -0.6706 -2.1645  0.0883  0.1664  0.0280  0.3179  0.1014  0.1261  0.5589 0 
 47.3915 -0.0443  1.7181  0.4008  0.5016  0.0242  0.2164  0.4840 -0.0003  0.9957 0 
 22.9587  0.1113 -1.3992  0.0343  0.2641  0.0418  0.2132  0.0676 -0.0003  0.1823 0 
 54.2000  0.7970  1.7137  0.0214  0.6543  0.0538  0.2928  0.0838  0.0950  0.5387 0 
 49.0425 -0.8017 -1.4452  0.0080  0.6950  0.0298  0.3861  0.1054 -0.0003  0.2060 0 
 56.1624 -0.1498 -2.4262  0.0128  0.1909  0.0585  0.3317  0.0297 -0.0003  0.1079 0 
 51.9387  0.1554  0.7739  0.0394  0.1301  0.0632  0.2959  0.0573  0.0675  0.2052 0 
 40.3967  0.7173 -0.8812  0.0145  0.2572  0.0223  0.2709  0.0908  0.0760  0.2109 0 
 40.0183 -0.7274  2.1888  0.0961  0.4540  0.0157  0.3169  0.0922 -0.0003  0.3575 0 
 46.8330 -0.3932  0.0084  0.0044  0.2583  0.0363  0.3473  0.1308 -0.0003  0.1276 0 
 43.4577  0.4085  3.1405  0.0364  0.4687  0.0440  0.1771  0.0202 -0.0003  0.3173 0 
 47.8157 -0.1524 -1.4610  0.1115  0.6717  0.0934  0.3023  0.1138 -0.0003  0.8132 0 
 43.8666  0.1533  1.6582  0.0587  0.0794  0.0128  0.3092  0.0772 -0.0003  0.0639 0 
 55.1034  0.4467 -0.4508  0.0231  0.6588  0.0376  0.2916  0.0323 -0.0003  0.2447 0 
 45.0599 -0.4372  2.7113  0.0007  0.7626  0.0564  0.4824  0.0405 -0.0003  0.2102 0 
 47.5685  0.1027 -2.6408  0.0056  0.3620  0.1499  0.4756  0.0441 -0.0003  0.2019 0 
 45.5756 -0.0671  0.5105  0.0131  0.7708  0.0298  0.3498  0.0853 -0.0003  0.2074 0 
 47.6478 -0.5204  1.5170  0.0055  0.3195  0.0288  0.5619  0.0754 -0.0003  0.1736 0 
 46.2745  0.5199 -1.6292  0.0049  0.4762  0.0065  0.3049  0.0820 -0.0003  0.0787 0 
 42.3285  0.4012  1.6200  0.2762  0.4698  0.0614  0.4459  0.3016  0.5413  0.9997 1 
 38.6481 -0.3822 -1.5045  0.3172  0.3628  0.0395  0.5484  0.2979 -0.0003  0.9821 1 
 45.4047  0.0294 -1.2162  0.0066  0.2883  0.0066  0.1751  0.0146 -0.0003  0.0632 0 
 39.5056 -0.0599  1.9622  0.0380  0.2041  0.0516  0.3634  0.0121 -0.0003  0.1701 0 
 44.7669 -0.2506 -0.2421  0.0190  0.2580  0.0167  0.2196  0.0511 -0.0003  0.0682 0 
 42.2675  0.2319  2.9182  0.0550  0.4724  0.0764  0.2230  0.0097 -0.0003  0.4084 0 
 43.5004  0.3409  2.4335  0.1121  0.5728  0.2045  0.5754  0.0649 -0.0003  0.5241 1 
 37.4823 -0.3335 -0.7173  0.9448  0.5953  0.0350  0.5991  0.6843 -0.0003  0.9978 1 
 45.9266 -0.5357 -2.3957  0.0082  0.0357  0.1021  0.2618  0.0322 -0.0003  0.0617 0 
 37.1252  0.5507  0.7628  0.1097  0.2401  0.0156  0.3234  0.1782 -0.0003  0.4455 0 
 47.1107 -0.7071  2.7914  0.2567  0.6094  0.0258  0.3468  0.2379  0.3089  0.9954 1 
 40.1862  0.7005 -0.3352  0.0908  0.3227  0.0778  0.5878  0.0784 -0.0003  0.5569 1 
 43.4424 -0.4536  2.5600  0.0329  0.5877  0.0190  0.1771  0.0135 -0.0003  0.1661 0 
 40.0092  0.4735 -0.5703  0.1339  0.1941  0.0504  0.4527  0.2364 -0.0003  0.7975 0 
 55.9579 -0.6351 -0.2541  0.0013  0.2547  0.0983  0.2075  0.0738 -0.0003  0.1975 0 
 46.2135  0.6146  2.8439  0.0154  0.4310  0.0629  0.5228  0.0606 -0.0003  0.2308 0 
 46.8513  0.1134 -3.0884  0.3088  0.3922  0.0421  0.2171  0.2713 -0.0003  0.9624 0 
 45.5970 -0.1029  0.0550  0.0916  0.3263  0.0508  0.3060  0.1727 -0.0003  0.6711 0 
 42.8260 -0.4204 -0.7936  0.1868  0.7193  0.0711  0.7112  0.2282 -0.0003  0.9694 1 
 39.7955  0.4029  2.3034  0.8985  0.5665  0.0487  0.4080  1.0296 -0.0003  0.9984 1 
 45.6245  0.7065  1.3138  0.0218  0.2661  0.0777  0.4808  0.0098 -0.0003  0.1887 0 
 43.2044 -0.7286 -1.8113  0.0334  0.3935  0.0438  0.4878  0.0297 -0.0003  0.2739 0 
 47.1443 -0.5903 -2.7397  0.0215  0.0451  0.2614  0.1300  0.0152 -0.0003  0.0534 0 
 45.8442  0.5410  0.3875  0.0124  0.2549  0.0113  0.1746  0.0063 -0.0003  0.0689 0 
 59.3973  0.0415 -2.7098  0.1563  0.5959  0.0580  0.1636  0.2543 -0.0003  0.9236 1 
 49.1676 -0.0365  0.4214  0.5007  0.5096  0.0208  0.4287  0.6441 -0.0003  0.9981 1 
 49.2256 -0.3374 -2.2031  0.2194  0.6771  0.1445  0.7715  0.2360 -0.0003  0.9809 1 
 43.7720  0.3316  0.9372  1.0661  0.4742  0.0175  0.4419  0.9163  0.0956  0.9981 1 
 40.3540 -0.3784 -1.0594  0.8160  0.5973  0.0571  0.4065  0.2932  0.2434  0.9970 1 
 38.9502  0.3548  2.0877  0.7186  0.3057  0.0453  0.3648  1.0190 -0.0003  0.9983 1 
 37.8149 -0.6426  2.5709  0.2444  0.0396  0.3366  0.3218  0.2668  1.3178  0.9836 1 
 31.6808  0.6181 -0.5661  0.2605  0.1166  0.0504  0.4833  0.3120 -0.0003  0.9588 1 
 51.0170  0.3205  0.8801  0.4070  0.5913  0.1097  0.5096  0.3043  0.1183  0.9944 1 
 46.7201 -0.3224 -2.2325  0.3977  0.5770  0.0557  0.3041  0.1600 -0.0003  0.9585 1 
 57.4411 -0.4195  0.3566  0.1440  0.6811  0.1120  0.7421  0.0353 -0.0003  0.6711 0 
 38.4375  0.3996 -2.8697  0.0038  0.5319  0.0154  0.1831  0.0316 -0.0003  0.1083 0 
 49.6376  0.5103  3.0011  0.0437  0.2443  0.0251  0.3421  0.0172 -0.0003  0.1357 0 
 36.0876 -0.5129 -0.1450  0.2498  0.1400  0.0204  0.2794  0.1767 -0.0003  0.7022 0 
 49.5705  0.7585  3.0500  0.0070  0.2846  0.0650  0.4706  0.0701 -0.0003  0.1674 0 
 43.4577 -0.7682 -0.0339  0.0190  0.1666  0.0454  0.3542  0.0471 -0.0003  0.0964 0 
 38.6603 -0.2646 -2.0962  0.1240  0.1364  0.0391  0.4113  0.0845 -0.0003  0.4027 1 
 36.5515  0.3270  1.0619  0.5303  0.6727  0.0539  0.4640  0.4672  0.1686  0.9978 1 
 47.0436 -0.7425  2.5348  0.0343  0.3867  0.2064  0.4770  0.0839 -0.0003  0.3246 0 
 39.4507  0.7254 -0.5696  0.0433  0.3106  0.0102  0.3181  0.1740 -0.0003  0.2052 0 
 57.4258 -0.6961 -0.2698  0.0114  0.1212  0.0834  0.2886  0.0209 -0.0003  0.0836 0 
 49.9214  0.6775  2.9142  0.0236  0.4211  0.0334  0.5552  0.1091  0.0758  0.4441 0 
 48.3070 -0.6543 -0.1293  0.1566  0.3692  0.2569  0.3015  0.0379 -0.0003  0.6906 0 
 44.1840  0.6448  2.9932  0.0404  0.1022  0.0127  0.1763  0.0378 -0.0003  0.0436 0 
 47.1565 -0.7208 -1.9280  0.0068  0.5892  0.0600  0.3467  0.0251 -0.0003  0.2018 0 
 32.6390  0.7282  1.2311  0.0724  0.2704  0.0130  0.1437 -0.0200 -0.0003  0.2119 0 
 51.2612  0.2966 -0.4253  0.0179  0.3176  0.0229  0.1273  0.0026 -0.0003  0.1586 0 
 44.2329 -0.3010  2.7443  0.0272  0.4425  0.1817  0.2204  0.0186 -0.0003  0.2587 0 
 45.1209 -0.5278 -0.2422  0.0871  0.2947  0.0304  0.2192  0.1295 -0.0003  0.4026 0 
 30.8202  0.5271  2.9073  0.1036  0.6250  0.0549  0.3410  0.1479  0.3958  0.9913 0 
 33.9605 -0.7286 -2.9575  0.0114  0.5429  0.0160  0.3316  0.1749 -0.0003  0.1882 0 
 32.8862  0.7162  0.1654  0.0095  0.1136  0.0714  0.1434  0.0054 -0.0003  0.1093 0 
 50.4189 -0.1890  0.0988  0.0086  0.1106  0.0345  0.2556  0.0790 -0.0003  0.0559 0 
 32.2301  0.2099 -3.0538  0.1553  0.4959  0.0152  0.3847  0.0473 -0.0003  0.5380 0 
 44.9134  0.7982 -1.9135  0.0009  0.4499  0.0306  0.4828  0.1224  0.3360  0.7762 0 
 40.1923 -0.7845  1.2184  0.0803  0.5254  0.0626  0.4973  0.0667 -0.0003  0.5211 0 
 46.0334  0.4305  1.4287  0.0297  0.4709  0.0565  0.5233  0.0833 -0.0003  0.3279 0 
 44.0894 -0.4137 -1.7080  0.0147  0.4458  0.0343  0.3528  0.0856 -0.0003  0.1753 0 
 42.2126  0.6324  1.6864  0.0281  0.1050  0.0298  0.2231  0.0036 -0.0003  0.0638 0 
 40.9369 -0.5992 -1.4165  0.0020  0.0789  0.0509  0.3149  0.0261 -0.0003  0.0616 0 
 42.6673 -0.2589  2.2729  0.0489  0.3943  0.0669  0.5339  0.0233 -0.0003  0.3391 0 
 41.2970  0.2776 -0.8305  0.0118  0.3080  0.2954  0.4937  0.1306 -0.0003  0.3545 0 
 36.9207  0.3440  2.0697  0.0405  0.1956  0.0401  0.2776  0.1548 -0.0003  0.2662 0 
 35.6268 -0.3146 -1.0718  0.0334  0.3226  0.0139  0.1870  0.0151  0.1030  0.2477 0 
 40.5951 -0.1673 -1.7946  0.0478  0.3198  0.0322  0.4960  0.0580 -0.0003  0.3178 1 
 40.5615  0.1704  1.3609  0.0121  0.1371  0.0185  0.3157  0.0163  0.2657  0.6926 1 
 50.1595 -0.1861 -0.6985  0.0323  0.2588  0.0825  0.7251  0.0478 -0.0003  0.3577 0 
 44.0101  0.1962  2.4419  0.0632  0.3320  0.0181  0.2648  0.1380  0.0243  0.3110 0 
 49.1188 -0.0302 -1.3187  0.0377  0.4547  0.1924  0.5575  0.0311 -0.0003  0.3037 0 
 45.7038  0.0322  1.8509  0.0124  0.6491  0.0256  0.4369  0.0130 -0.0003  0.1790 0 
 46.9154  0.6171  1.0149  0.0387  0.2553  0.0411  0.2170  0.0814 -0.0003  0.2009 0 
 45.9205 -0.6185 -2.1510  0.0586  0.0622  0.1931  0.3927  0.1528 -0.0003  0.2212 0 
 47.2389  0.4314 -2.3791  0.0964  0.6439  0.0540  0.3899  0.1141 -0.0003  0.7573 1 
 33.0663 -0.4235  0.7736  0.1089  0.2163  0.0168  0.5728  0.1724 -0.0003  0.6477 1 
 45.2918  0.5924 -0.3974  0.0256  0.3603  0.0190  0.4379  0.0312 -0.0003  0.1470 0 
 37.6410 -0.5782  2.7215  0.0067  0.3304  0.0284  0.1841  0.0693 -0.0003  0.1094 0 
 44.1657  0.2757  2.1183  0.0195  0.7260  0.1183  0.3968  0.2183 -0.0003  0.5896 0 
 36.5606 -0.2694 -1.0099  0.0306  0.3159  0.0584  0.4176  0.0754 -0.0003  0.2661 0 
 37.6043 -0.5226 -0.4933  0.3935  0.3764  0.0582  0.0921  0.2686  0.3175  0.9924 1 
 37.4060  0.5159  2.6723  0.3693  0.6223  0.0547  0.2767  0.3325  0.3607  0.9984 1 
 32.6757  0.7581 -1.4548  0.0036  0.6160  0.0094  0.3832  0.1492 -0.0003  0.1391 0 
 32.1508 -0.7550  1.7024  0.0595  0.4076  0.0128  0.2887  0.0429 -0.0003  0.1523 0 
 44.4526 -0.2930 -3.0578  0.2208  0.6940  0.0244  0.3961  0.4570 -0.0003  0.9847 1 
 39.8627  0.2661  0.0611  0.1817  0.2883  0.0606  0.2719  0.2530  0.0623  0.9195 1 
 47.4891 -0.3755 -2.4536  0.0686  0.2436  0.2115  0.7354  0.1169 -0.0003  0.6158 0 
 31.1070  0.3925  0.6929  0.0098  0.5244  0.0118  0.1458  0.0145 -0.0003  0.1208 0 
 51.8227  0.6289 -0.5118  0.0623  0.3714  0.1355  0.6345  0.0142 -0.0003  0.3835 0 
 46.6926 -0.6321  2.6006  0.0088  0.6461  0.0146  0.2173  0.0739 -0.0003  0.1243 0 
 40.7446 -0.0691  2.3651  0.0081  0.4582  0.0334  0.2703  0.1757  0.1644  0.5946 0 
 35.3429  0.1030 -0.7755  0.0835  0.3879  0.0330  0.4216  0.0665  0.1959  0.7255 0 
 49.8726  0.1724 -2.5623  0.0171  0.2284  0.0484  0.4272  0.1066 -0.0003  0.1821 0 
 48.1178 -0.1866  0.5837  0.0036  0.6421  0.0385  0.1293  0.0537 -0.0003  0.2096 0 
 46.2165  0.2379 -3.1106  0.0537  0.0792  0.0157  0.4357  0.0599 -0.0003  0.0989 0 
 34.1436 -0.2226  0.0410  0.2582  0.5466  0.0272  0.2365  0.2580 -0.0003  0.9297 0 
 46.3478  0.4256  1.6042  0.1360  0.5003  0.1769  0.4353  0.1773 -0.0003  0.8750 1 
 45.6519 -0.4313 -1.5205  0.1921  0.5404  0.0562  0.3934  0.1290 -0.0003  0.8808 1 
 47.0344  0.6581 -1.7208  0.0463  0.2674  0.0278  0.3035  0.0488 -0.0003  0.1497 0 
 45.2827 -0.6523  1.4289  0.0332  0.2205  0.0244  0.2628  0.0390 -0.0003  0.0844 0 
 44.4465 -0.7083 -0.5620  0.0203  0.4149  0.0399  0.2201  0.2580 -0.0003  0.4779 0 
 38.8220  0.7070  2.5076  0.0277  0.2153  0.0114  0.2282  0.0118 -0.0003  0.0590 0 
 47.2572 -0.1526 -2.7720  0.2062  0.4269  0.0405  0.3465  0.1130  0.1401  0.8517 1 
 38.9441  0.1610  0.3691  0.0513  0.4096  0.0457  0.2736  0.0240  0.3318  0.8911 1 
 87.2938 -0.6567  0.4544  0.0278  0.4236  0.2335  0.1868  0.0432 -0.0003  0.3129 0 
 49.5460  0.6391 -2.7411  0.0145  0.1885  0.2198  0.3851  0.0342 -0.0003  0.1669 0 
 44.4892 -0.0346  2.0411  0.0140  0.5674  0.0104  0.2200  0.0150  0.0522  0.1320 0 
 39.2981  0.0418 -1.1105  0.0870  0.4471  0.0192  0.4549  0.0834 -0.0003  0.5058 0 
 45.3712 -0.0673  2.8696  0.3620  0.4277  0.0526  0.2627  0.4534  0.2060  0.9975 1 
 31.9493  0.0189 -0.2359  0.1897  0.4137  0.0388  0.4821  0.2421  0.3584  0.9981 1 
 43.5157 -0.4992  0.0292  0.0327  0.2468  0.0670  0.2656  0.0272 -0.0003  0.2065 0 
 42.7771  0.4915  3.1245  0.0108  0.6942  0.0096  0.2668  0.0779 -0.0003  0.1243 0 
 45.7343  0.0479  1.4782  0.0366  0.2134  0.0359  0.2621  0.1159 -0.0003  0.1851 0 
 43.7781 -0.0188 -1.6593  0.0313  0.1495  0.0565  0.3093  0.0256 -0.0003  0.1136 0 
 44.8737 -0.4198 -0.7534  0.0365  0.1586  0.0231  0.4390  0.0173 -0.0003  0.1122 0 
 36.9238  0.4331  2.3932  0.0200  0.4472  0.0329  0.3239  0.0521 -0.0003  0.1631 0 
 47.7943 -0.1117 -2.8835  0.0631  0.3117  0.0146  0.5182  0.0283 -0.0003  0.3104 0 
 41.6602  0.1295  0.3118  0.0088  0.2840  0.0300  0.3134  0.0251 -0.0003  0.0828 0 
 55.6130 -0.5417 -0.0973  0.0702  0.4766  0.0173  0.0831  0.0097 -0.0003  0.2146 0 
 51.5450  0.5464  3.0157  0.0213  0.2028  0.1683  0.5930  0.1275 -0.0003  0.3412 0 
 46.2806 -0.0432 -1.4915  0.0027  0.7369  0.0473  0.3919  0.0467 -0.0003  0.1971 0 
 44.7913  0.0978  1.6213  0.0286  0.2730  0.0427  0.4392  0.0079 -0.0003  0.1915 0 
 55.2773  0.5868  0.3968  0.3211  0.5781  0.0545  0.2914  0.3068 -0.0003  0.9874 1 
 35.2789 -0.5848 -2.7994  0.0779  0.3653  0.0472  0.1875  0.0869  0.2138  0.7392 1 
 45.2125  0.5831  0.7367  0.0826  0.4274  0.0238  0.3067  0.0882 -0.0003  0.3672 0 
 40.9857 -0.5753 -2.3978  0.0027  0.2815  0.0704  0.5847  0.1356 -0.0003  0.2287 0 
 43.0518  0.6234  2.2498  0.0249  0.1111  0.0665  0.3551  0.0858  0.0970  0.1857 0 
 41.5961 -0.6384 -0.8720  0.0283  0.3414  0.1324  0.3584  0.0153 -0.0003  0.2187 0 
 47.5685 -0.4373 -0.4065  0.0644  0.6424  0.0902  0.5621  0.0211  0.0470  0.4367 0 
 30.2464  0.4461  2.7423  0.0314  0.2473  0.0064  0.0980  0.0106 -0.0003  0.1046 0 
 48.8808 -0.3750  0.1077  0.0269  0.2291  0.0124  0.2147  0.1380  0.1240  0.3701 0 
 48.4047  0.3769 -2.9846  0.0038  0.6801  0.1944  0.5165  0.0684 -0.0003  0.2853 0 
 47.6631 -0.3055  2.8579  0.0194  0.0777  0.0623  0.1296  0.0178 -0.0003  0.0986 0 
 29.9168  0.3145 -0.2429  0.0169  0.5690  0.0171  0.3931  0.0052 -0.0003  0.1515 0 
 47.0344  0.0986  1.8179  0.3462  0.1799  0.0495  0.2602  0.4980 -0.0003  0.9919 1 
 46.6224 -0.0833 -1.3707  0.5379  0.4531  0.0810  0.7389  0.6479 -0.0003  0.9980 1 
 54.8196  0.4013 -1.4342  0.0088  0.2876  0.3892  0.5005 -0.0200 -0.0003  0.1921 0 
 51.0994 -0.4058  1.6749  0.0043  0.5039  0.0240  0.5095  0.0312  0.1023  0.2929 0 
 46.4668  0.2898 -1.8965  0.6202  0.6207  0.0333  0.6091  0.9934 -0.0003  0.9986 1 
 42.6001 -0.2885  1.2512  0.4488  0.4632  0.0674  0.2671  0.2924  0.1953  0.9948 1 
 48.8258 -0.7664  1.3281  0.0307  0.6066  0.0141  0.3007  0.0342 -0.0003  0.1389 0 
 42.2187  0.7701 -1.8336  0.0197  0.1468  0.0465  0.3123  0.0396 -0.0003  0.0839 0 
 46.3416 -0.1039 -2.7921  0.0128  0.5547  0.0499  0.2177  0.0627 -0.0003  0.2702 0 
 42.6917  0.1297  0.3278  0.1325  0.1164  0.0641  0.2224  0.0718 -0.0003  0.3453 0 
 49.3355  0.0822 -0.0339  0.0157  0.3608  0.0684  0.5140  0.0430 -0.0003  0.2112 0 
 47.2908 -0.0959  3.0986  0.0268  0.5076  0.0901  0.3897  0.0351 -0.0003  0.2489 0 
 48.1056  0.7332 -2.4685  0.0605  0.7127  0.1497  0.5605  0.0588 -0.0003  0.3939 1 
 41.7609 -0.7182  0.6565  0.0145  0.4422  0.1211  0.5370  0.0089  0.7491  0.8948 1 
 48.7861  0.0298  0.1603  0.0784  0.4947  0.1161  0.6444  0.0792  0.1960  0.7772 0 
 42.6825 -0.0172 -2.9778  0.0691  0.1584  0.0273  0.1779  0.0325 -0.0003  0.1230 0 
 42.4933  0.0345  0.1870  0.0059  0.1426  0.0343  0.3118  0.0174 -0.0003  0.0578 0 
 36.7895 -0.0482 -3.0032  0.1062  0.4902  0.0633  0.4169  0.0499 -0.0003  0.5827 0 
 38.1720 -0.4234  0.3826  0.0177  0.5115  0.0185  0.2293  0.0640 -0.0003  0.1208 0 
 37.2015  0.4347 -2.7495  0.0049  0.3793  0.0264  0.4618  0.0607 -0.0003  0.1244 0 
 46.5888 -0.7517 -0.2425  0.0514  0.6346  0.0480  0.5217  0.1287 -0.0003  0.5597 1 
 41.5320  0.7432  2.9041  0.3478  0.2513  0.0941  0.3585  0.5447 -0.0003  0.9977 1 
 43.4211  0.6463  3.0435  0.0466  0.5999  0.0579  0.4428  0.0916 -0.0003  0.4480 0 
 32.7550 -0.5916 -0.0716  0.0632  0.3185  0.0845  0.0957  0.0204  0.5303  0.9729 0 
 44.9744  0.6262  1.3000  0.0129  0.5799  0.0779  0.5704  0.0356 -0.0003  0.2287 0 
 41.3031 -0.5998 -1.8216  0.0073  0.4755  0.0373  0.6732  0.1271 -0.0003  0.2948 0 
 46.3600 -0.2524 -2.8725  0.3927  0.3238  0.0499  0.5659  0.1124  0.0791  0.9361 0 
 42.5025  0.2581  0.2858  0.2181  0.4593  0.0131  0.3118  0.2593 -0.0003  0.8317 0 
 55.1675  0.6625 -2.3269  0.0024  0.5613  0.0683  0.2915  0.0135 -0.0003  0.2081 0 
 48.6641 -0.6517  0.7887  0.0121  0.3045  0.0328  0.3439  0.0327 -0.0003  0.1032 0 
 44.7211 -0.7294 -0.1492  0.0256  0.6410  0.0840  0.4834  0.1502  0.0727  0.5021 1 
 42.7527  0.7034  2.9347  0.0581  0.3816  0.0821  0.5336  0.0461 -0.0003  0.3860 1 
 47.1839  0.8049 -1.4879  0.0027  0.3210  0.0660  0.5200  0.0620 -0.0003  0.1675 0 
 43.1769 -0.8036  1.6912  0.0025  0.5063  0.0586  0.6653  0.1035 -0.0003  0.2469 0 
 42.6856 -0.5720 -1.9325  0.0530  0.2652  0.0215  0.1779  0.1715 -0.0003  0.2755 0 
 34.5068  0.5515  1.2026  0.0299  0.2716  0.0107  0.2358  0.1092 -0.0003  0.1046 0 
 51.4687 -0.5537 -1.6922  0.0022  0.3925  0.0591  0.5085  0.1027 -0.0003  0.1999 0 
 51.3069  0.5734  1.4565  0.0640  0.2623  0.1011  0.2969  0.0616 -0.0003  0.3743 0 
 46.0456  0.2749 -2.4905  0.0017  0.4051  0.0753  0.3489  0.0696 -0.0003  0.1802 0 
 36.0479 -0.2703  0.6411  0.0021  0.1127  0.1060  0.2795  0.0515 -0.0003  0.0696 0 
 48.1849 -0.2378 -0.1030  0.0500  0.1219  0.0784  0.6033  0.0810 -0.0003  0.3105 0 
 43.6530  0.2549  3.0449  0.0229  0.2533  0.0340  0.3095  0.1334 -0.0003  0.1808 0 
 40.9918  0.6080 -2.2244  0.0002  0.3478  0.0576  0.2699  0.0870 -0.0003  0.1701 0 
 38.0255 -0.6083  0.8836  0.0817  0.2000  0.0265  0.5049  0.0412 -0.0003  0.3315 0 
 54.9660 -0.4879  2.3253  0.0045  0.4491  0.0421  0.1667  0.1080 -0.0003  0.2201 0 
 52.7810  0.4652 -0.8224  0.0429  0.4758  0.1145  0.4211  0.0422 -0.0003  0.2974 0 
 43.4394 -0.7850  1.8622  0.0020  0.3860  0.1373  0.4871  0.0215 -0.0003  0.1853 0 
 42.4994  0.7774 -1.2361  0.0137  0.3506  0.0479  0.2672  0.0060  0.1153  0.3267 0 
 49.9611 -0.1657  1.2281  0.0527  0.1921  0.0451  0.4270  0.0676 -0.0003  0.2424 0 
 45.2613  0.1611 -1.8523  0.1320  0.4723  0.0408  0.3066  0.1684 -0.0003  0.8042 0 
 48.0995  0.3781 -1.6393  0.1510  0.5064  0.0270  0.2156  0.1724  0.2912  0.9770 1 
 38.1262 -0.3893  1.5296  0.0830  0.1193  0.0442  0.3669  0.0742  0.0582  0.3446 1 
 43.8025 -0.6162  1.6336  0.0155  0.5706  0.0356  0.3093  0.0172 -0.0003  0.2011 0 
 40.5066  0.6019 -1.5253  0.0260  0.3769  0.0862  0.2707  0.0628 -0.0003  0.2968 0 
 48.8197  0.7671  0.6915  0.0373  0.6357  0.1754  0.5154  0.0615 -0.0003  0.3202 0 
 40.4517 -0.7882 -2.4936  0.0294  0.1301  0.0216  0.4062  0.0335 -0.0003  0.0758 0 
 39.3713 -0.1998  1.5139  0.1720  0.1686  0.0462  0.2728  0.1899 -0.0003  0.7516 0 
 36.6369  0.1945 -1.6465  0.1626  0.4132  0.0946  0.4638  0.1457 -0.0003  0.8444 0 
 43.4058  0.4390  2.7239  0.5171  0.4732  0.0274  0.3543  0.4912  0.2475  0.9991 1 
 34.9676 -0.4242 -0.4038  0.2137  0.2522  0.0402  0.3759  0.1946 -0.0003  0.8640 1 
 46.4515 -0.4454 -2.4703  0.0578  0.2888  0.0694  0.2611  0.0781 -0.0003  0.3942 1 
 37.3602  0.4271  0.7008  0.4921  0.6430  0.0497  0.2768  0.1940 -0.0003  0.9872 1 
 45.3162  0.5635  2.4242  0.0523  0.1956  0.0642  0.5255  0.0417 -0.0003  0.2926 0 
 43.7293 -0.5819 -0.7220  0.0019  0.5898  0.0409  0.2210  0.0219 -0.0003  0.2102 0 
 46.7140 -0.4415 -2.1349  0.0772  0.2551  0.1321  0.6951  0.0952 -0.0003  0.5899 0 
 36.8811  0.4322  0.9757  0.0203  0.5141  0.0076  0.1389  0.0312 -0.0003  0.1153 0 
 47.1839 -0.5160 -0.5322  0.0457  0.3625  0.0637  0.3900  0.1019  0.3551  0.7950 0 
 42.4689  0.5060  2.5852  0.0272  0.3029  0.0369  0.2673  0.0193 -0.0003  0.1518 0 
 52.9427  0.3832 -0.6971  0.0000  0.6840  0.0164  0.0841  0.0142 -0.0003  0.1505 0 
 49.1157 -0.3708  2.4169  0.0290  0.1946  0.0691  0.3859  0.1474 -0.0003  0.2673 0 
 46.7964  0.2676 -0.5718  0.0281  0.1500  0.0705  0.4342  0.0912 -0.0003  0.1742 0 
 43.9216 -0.2606  2.5178  0.0440  0.0747  0.1294  0.3532  0.0904 -0.0003  0.1103 0 
 46.8482  0.1057  0.9297  0.0844  0.1738  0.0867  0.4341  0.1873 -0.0003  0.5937 0 
 44.1444 -0.0872 -2.2018  0.0599  0.2965  0.0316  0.3086  0.0994 -0.0003  0.2855 0 
 50.8003  0.0024 -2.5007  0.0170  0.6014  0.0831  0.2551  0.0589 -0.0003  0.3241 0 
 45.9022 -0.0208  0.6160  0.0294  0.1950  0.0248  0.1746  0.0489 -0.0003  0.0820 0 
 45.9266 -0.6668 -2.0343  0.0131  0.2977  0.0227  0.5236  0.0970 -0.0003  0.1791 0 
 43.6683  0.6493  1.1066  0.0507  0.6232  0.0907  0.4864  0.0237 -0.0003  0.3260 0 
 46.4576 -0.1927  3.0079  0.0357  0.8146  0.0277  0.3046  0.0451 -0.0003  0.2592 0 
 38.6633  0.1948 -0.1297  0.0060  0.1960  0.0319  0.3655  0.0768 -0.0003  0.0724 0 
 47.5319 -0.0645 -1.4289  0.0330  0.1151  0.1013  0.3892  0.0366 -0.0003  0.1098 0 
 42.6337  0.0570  1.7185  0.0092  0.1363  0.1516  0.4450  0.0020 -0.0003  0.1046 0 
 56.1868 -0.1051  1.7889  0.0031  0.4144  0.0477  0.1658  0.0967 -0.0003  0.2290 0 
 47.1382  0.1403 -1.3463  0.0154  0.1834  0.0267  0.0867 -0.0002 -0.0003  0.1207 0 
 47.5044  0.2959  3.0565  0.0700  0.2645  0.1639  0.3893  0.0933  0.1478  0.6301 0 
 45.9663 -0.2698 -0.0854  0.0737  0.2928  0.1200  0.5671  0.0286  0.2540  0.6170 0 
 48.8838  0.7658  2.5315  0.0067  0.1973  0.0378  0.3864  0.0732 -0.0003  0.0868 0 
 32.8740 -0.7618 -0.7130  0.1159  0.4642  0.0236  0.1913  0.0692 -0.0003  0.4027 0 
 46.0365  0.5091 -0.0991  0.1647  0.2094  0.0614  0.5233  0.2405 -0.0003  0.8992 0 
 43.1586 -0.4970  3.0558  0.0002  0.1926  0.0847  0.3992  0.2536 -0.0003  0.2701 0 
 49.2226  0.5896  2.6639  0.1559  0.6018  0.0317  0.3429  0.0933 -0.0003  0.7409 1 
 42.7405 -0.5769 -0.4818  0.4513  0.8097  0.0488  0.3113  0.3796  0.1128  0.9967 1 
 47.7821  0.2457 -2.7317  0.0843  0.5006  0.0583  0.3455  0.0579  0.2984  0.8525 0 
 46.4485 -0.2566  0.4035  0.0203  0.0503  0.0128  0.2611  0.0450 -0.0003  0.0366 0 
 51.5938 -0.7064 -2.5093  0.0112  0.3918  0.0366  0.2965  0.0743  0.1025  0.3470 0 
 46.5858  0.7091  0.6085  0.0373  0.1864  0.0467  0.3043  0.1320 -0.0003  0.2269 0 
 48.2002 -0.7527  2.3118  0.1035  0.6410  0.0987  0.6464  0.0089 -0.0003  0.4961 1 
 44.9134  0.7430 -0.8276  0.0435  0.5426  0.0319  0.5706  0.0947 -0.0003  0.4529 1 
 59.1531 -0.4393 -0.5786  0.0211  0.3909  0.0297  0.2865  0.0705 -0.0003  0.1403 0 
 45.0507  0.4519  2.5480  0.1091  0.3936  0.0226  0.2631  0.1507 -0.0003  0.5085 0 
 42.6947  0.4851  1.2423  0.0040  0.0767  0.0574  0.3114  0.0054 -0.0003  0.0706 0 
 40.6928 -0.4679 -1.9180  0.0123  0.3685  0.0357  0.1802  0.0106 -0.0003  0.1790 0 
 40.0580  0.2428 -1.4914  0.1078  0.2557  0.0404  0.3620  0.1108 -0.0003  0.5288 0 
 37.3205 -0.2271  1.6562  0.0830  0.6518  0.0556  0.4152  0.0676 -0.0003  0.6094 0 
 47.7241  0.7173 -1.8004  0.0156  0.4945  0.0170  0.2160  0.0849 -0.0003  0.1224 0 
 43.9307 -0.7100  1.3200  0.0016  0.6793  0.0450  0.3973  0.0880 -0.0003  0.2119 0 
 59.6200  0.4158 -2.4430  0.0325  0.7079  0.2470  0.4902  0.0280 -0.0003  0.3003 0 
 40.7263 -0.4272  0.6237  0.0414  0.2004  0.0256  0.2253  0.0311 -0.0003  0.0926 0 
 49.8085 -0.4577  2.0419  0.0195  0.5512  0.0415  0.8119  0.0690 -0.0003  0.3381 0 
 45.9358  0.4677 -1.0876  0.0030  0.1093  0.0224  0.3054  0.0158 -0.0003  0.0421 0 
 56.3363  0.5083 -1.3556  0.0708  0.3776  0.0638  0.2900  0.0606 -0.0003  0.4736 0 
 43.2532 -0.5066  1.7903  0.0221  0.0887  0.0564  0.4433  0.0198 -0.0003  0.0930 0 
 52.1828 -0.5321  2.7177  0.0173  0.6690  0.1668  0.3378  0.0178  0.1116  0.3052 0 
 43.5279  0.5137 -0.3555  0.0283  0.3317  0.0503  0.3098  0.0740 -0.0003  0.2314 0 
 44.6235  0.2992  0.9326  0.0212  0.1354  0.0537  0.2638  0.0113 -0.0003  0.0921 0 
 43.1189 -0.3534 -2.2097  0.1264  0.4072  0.0244  0.2662  0.2003 -0.0003  0.6631 0 
 47.7607  0.2777  0.1441  0.0235  0.5505  0.0244  0.1728  0.0502 -0.0003  0.1568 0 
 46.9123 -0.2530 -2.9905  0.0266  0.2789  0.0641  0.2604  0.0601 -0.0003  0.2235 0 
 46.3844  0.2588  2.5819  0.0384  0.4741  0.0724  0.2612  0.0098 -0.0003  0.3236 0 
 40.2319 -0.2650 -0.5328  0.0098  0.1226  0.0581  0.2712  0.0272 -0.0003  0.0769 0 
 45.5512  0.7933  0.7956  0.0195  0.2534  0.0364  0.3498  0.0884 -0.0003  0.1341 0 
 36.3409 -0.8039 -2.3348  0.0285  0.3085  0.0291  0.1859  0.0096 -0.0003  0.1551 0 
 50.6508 -0.3366 -1.4308  0.0200  0.0910  0.0182  0.4255  0.0728 -0.0003  0.0674 0 
 42.2522  0.3449  1.6811  0.0175  0.5743  0.0448  0.3122  0.0204 -0.0003  0.2378 0 
 48.4504 -0.4312 -0.2984  0.0064  0.3213  0.1017  0.4304  0.0215 -0.0003  0.1588 0 
 41.5229  0.4538  2.8693  0.0859  0.3903  0.0203  0.4482  0.0499 -0.0003  0.4294 0 
 45.2705  0.0771 -1.1706  0.0823  0.0394  0.3313  0.2628  0.2028 -0.0003  0.4003 1 
 44.5106 -0.0503  1.9588  0.4778  0.2523  0.0276  0.3960  0.7716 -0.0003  0.9981 1 
 47.1778 -0.2269  0.8836  0.0681  0.2162  0.0974  0.3467  0.0649 -0.0003  0.3440 0 
 40.8637  0.2148 -2.2627  0.0457  0.5162  0.0249  0.3151  0.1230 -0.0003  0.3017 0 
 44.7181  0.2062 -1.8054  0.0157  0.3104  0.0239  0.1318  0.0047 -0.0003  0.1497 0 
 42.6825 -0.1850  1.3096  0.0474  0.4125  0.0213  0.1335  0.0262 -0.0003  0.1749 0 
 52.9183  0.0046 -2.1854  0.0588  0.4896  0.0405  0.5049  0.0746  0.1303  0.6434 0 
 46.8666 -0.0045  0.9541  0.0075  0.3443  0.1051  0.3039  0.0981 -0.0003  0.2336 0 
 45.7343  0.3016 -0.2805  0.0424  0.1050  0.0347  0.1747  0.0914 -0.0003  0.0963 0 
 38.1598 -0.2918  2.8270  0.0148  0.7330  0.0406  0.4127  0.0829  0.0167  0.3035 0 
 52.5124  0.0665  0.2868  0.0009  0.8234  0.2960  0.4216  0.0048 -0.0003  0.2134 0 
 42.7436 -0.0435 -2.8697  0.0129  0.2606  0.0874  0.1334  0.0053 -0.0003  0.2644 0 
 50.2907 -0.5937 -2.0669  0.0352  0.1269  0.1453  0.3410  0.0220 -0.0003  0.1129 0 
 45.7191  0.6227  1.1178  0.0242  0.0650  0.2882  0.4806  0.0320 -0.0003  0.0977 0 
 43.0610  0.6808 -0.7259  0.0078  0.7473  0.0576  0.3107  0.0569 -0.0003  0.2773 0 
 37.3938 -0.7227  2.4021  0.0060  0.1944  0.0404  0.3689  0.1307 -0.0003  0.1193 0 
 44.6418  0.7851  2.1963  0.0205  0.1676  0.0489  0.6155  0.0081  0.1089  0.2419 0 
 43.4150 -0.7854 -0.9357  0.0081  0.6842  0.0297  0.3986  0.1027 -0.0003  0.2045 0 
 53.3638 -0.2240 -1.7499  0.0211  0.2329  0.1155  0.5039  0.0179 -0.0003  0.1849 0 
 45.3956  0.2300  1.4068  0.0315  0.3836  0.0369  0.3939  0.0621 -0.0003  0.2334 0 
 47.2389 -0.6626 -1.4154  0.4096  0.0818  0.0355  0.3465  0.5848 -0.0003  0.9907 1 
 45.4383  0.6602  1.7244  0.0157  0.5057  0.0659  0.3501  0.0443 -0.0003  0.2303 1 
 56.4065 -0.2254  1.8635  0.6803  0.6864  0.1186  0.2485  0.4783 -0.0003  0.9980 1 
 41.2238  0.1977 -1.2277  0.2356  0.2623  0.0492  0.5388  0.3461  0.3819  0.9992 1 
 56.9406  0.3504 -1.1909  0.0485  0.0661  0.0322  0.2479  0.0278 -0.0003  0.0624 0 
 48.1453 -0.3515  1.9330  0.0133  0.6979  0.0971  0.8190  0.0435 -0.0003  0.3011 0 
 45.0813  0.5737  0.7205  0.2204  0.2703  0.0334  0.2631  0.3752 -0.0003  0.9376 1 
 36.3073 -0.5895 -2.4777  0.0673  0.6622  0.0914  0.5114  0.1743  0.2793  0.8878 1 
 50.2296 -0.6075 -2.6292  0.1555  0.7217  0.0345  0.1706  0.1081 -0.0003  0.7569 0 
 33.2403  0.5778  0.4848  0.0119  0.6264  0.0529  0.4766  0.0189  0.2663  0.5828 0 
 44.1566 -0.6904 -0.6471  0.0070  0.2435  0.0124  0.1322  0.0489 -0.0003  0.0713 0 
 42.4384  0.6776  2.5085  0.0223  0.4288  0.0304  0.4901  0.0236 -0.0003  0.2165 0 
 46.9978  0.5778 -1.2833  0.0112  0.0614  0.0666  0.3036  0.1512 -0.0003  0.1122 0 
 40.9400 -0.5711  1.8614  0.0381  0.5331  0.1343  0.4499  0.1076 -0.0003  0.3630 0 
 49.6162 -0.1008 -2.4497  0.4500  0.5315  0.0620  0.1283  0.3212 -0.0003  0.9946 1 
 34.5525  0.0976  0.6747  0.3466  0.4303  0.0327  0.4243  0.4411  0.0717  0.9949 1 
 55.0362  0.5042  0.7619  0.0206  0.1123  0.0420  0.5000  0.0264 -0.0003  0.1105 0 
 45.7374 -0.5116 -2.4245  0.0091  0.3272  0.0263  0.2621  0.0076 -0.0003  0.0991 0 
 47.0741  0.6799 -1.4966  0.0188  0.2670  0.0690  0.3035  0.0555 -0.0003  0.1821 0 
 46.7262 -0.6739  1.6872  0.0027  0.0393  0.0453  0.2607  0.0314 -0.0003  0.0566 0 
 39.7375  0.0853  2.9251  0.0021  0.4278  0.0402  0.3628  0.1006 -0.0003  0.1585 1 
 22.4216 -0.0533 -0.2627  0.1134  0.5478  0.0189  0.1611  0.1260 -0.0003  0.4408 1 
 54.5266 -0.4519  2.0251  0.0852  0.8398  0.0975  0.7100  0.0847 -0.0003  0.6718 0 
 45.3010  0.4682 -1.1627  0.0638  0.1932  0.0779  0.3066  0.0600  0.3296  0.6318 0 
 46.8177 -0.7651  2.3476  0.0871  0.2882  0.0258  0.2605  0.0218 -0.0003  0.2513 0 
 44.9134  0.7566 -0.7873  0.0087  0.3225  0.0780  0.4389  0.0574 -0.0003  0.1741 0 
 42.7985 -0.3110 -2.0610  0.0173  0.3909  0.0146  0.2667  0.1092 -0.0003  0.1131 0 
 41.3581  0.3181  1.0989  0.0000  0.4617  0.0245  0.2692  0.1352 -0.0003  0.1398 0 
 46.7048  0.7367 -2.5130  0.0095  0.2983  0.0826  0.3910  0.0118 -0.0003  0.1576 0 
 45.4658 -0.7434  0.6391  0.0047  0.4353  0.0707  0.5250  0.1282 -0.0003  0.2454 0 
 52.1828  0.1886  0.7905  0.1449  0.1932  0.2560  0.4645  0.1870 -0.0003  0.8237 0 
 41.8097 -0.1860 -2.3306  0.0064  0.2195  0.0294  0.2237  0.0172 -0.0003  0.0677 0 
 51.8990 -0.7790 -0.5090  0.4952  0.6967  0.0753  0.4651  0.5362 -0.0003  0.9978 1 
 48.4779  0.7961  2.6453  0.0071  0.3120  0.2151  0.6454  0.0383  0.4811  0.5012 1 
 46.8940  0.5320 -0.7793  0.0000  0.1534  0.0623  0.1736  0.0124 -0.0003  0.1002 0 
 45.5207 -0.5387  2.3813  0.0201  0.3239  0.1014  0.5249  0.0273 -0.0003  0.2171 0 
 49.9001  0.2208  1.9097  0.0332  0.1725  0.1566  0.3844  0.0097 -0.0003  0.1586 0 
 45.8778 -0.2013 -1.2712  0.0226  0.2744  0.1208  0.6547  0.0816 -0.0003  0.3269 0 
 47.9805  0.3599 -1.1722  0.0303  0.4308  0.1671  0.3883  0.0253 -0.0003  0.2595 0 
 47.3182 -0.3539  1.9651  0.0284  0.1318  0.0432  0.3031  0.0198 -0.0003  0.0853 0 
 46.3172  0.3229  0.0472  0.0835  0.5488  0.0595  0.3483  0.0712 -0.0003  0.6044 0 
 34.7997 -0.3461 -3.0395  0.1176  0.5999  0.0587  0.4234  0.0480 -0.0003  0.6760 0 
 45.6642  0.4088 -3.0290  0.1486  0.5254  0.0953  0.6992  0.2982 -0.0003  0.9651 0 
 42.4201 -0.4170  0.1407  0.0777  0.1969  0.0511  0.4011  0.0151 -0.0003  0.2841 0 
 43.8056  0.4493 -2.0363  0.3231  0.4855  0.1054  0.3977  0.4942 -0.0003  0.9980 1 
 42.0905 -0.4591  1.1426  0.2098  0.4643  0.0880  0.1339  0.0805 -0.0003  0.8697 1 
 44.8157  0.8043  0.1561  0.2894  0.6790  0.0369  0.4831  0.4113 -0.0003  0.9909 1 
 37.2686 -0.7828 -3.0104  0.1288  0.1364  0.1512  0.4154  0.1824  0.2218  0.8703 1 
 40.6928 -0.6858  1.5637  0.0125  0.5728  0.0163  0.1352  0.0689 -0.0003  0.1324 0 
 40.6775  0.6684 -1.6168  0.0154  0.4532  0.0363  0.3605  0.0189  0.0164  0.2059 0 
 44.7028 -0.7118 -0.3524  0.0389  0.3116  0.0161  0.2197  0.0883 -0.0003  0.1271 0 
 37.5921  0.6981  2.8427  0.0135  0.2280  0.1095  0.6446  0.0726 -0.0003  0.2513 0 
 47.1687  0.6664 -2.4711  0.0027  0.5379  0.0495  0.4333  0.0223 -0.0003  0.1655 0 
 46.5827 -0.6796  0.6724  0.0301  0.1087  0.1201  0.6087  0.0709 -0.0003  0.2185 0 
 46.7170  0.3347  2.0948  0.0284  0.6199  0.0847  0.4779  0.0164 -0.0003  0.2566 0 
 40.9766 -0.3295 -1.0412  0.0168  0.4871  0.0145  0.1350  0.0030 -0.0003  0.1459 0 
 45.9174 -0.3880  2.3401  0.0334  0.4225  0.0426  0.5237  0.0399 -0.0003  0.2981 0 
 45.7801  0.3123 -0.8143  0.0489  0.0955  0.0810  0.2184  0.0180 -0.0003  0.1104 0 
 48.5481  0.0900 -1.3962  0.0013  0.5596  0.2027  0.3441  0.0173 -0.0003  0.2298 1 
 42.4262 -0.0787  1.6603  0.1791  0.6530  0.1143  0.4902  0.1710 -0.0003  0.9325 1 
 41.7090 -0.7787 -1.8498  0.0368  0.3230  0.0447  0.3581  0.1330  0.2314  0.6598 1 
 36.7895  0.7468  1.3304  0.2133  0.5812  0.0526  0.2779  0.2169  0.2805  0.9791 1 
 46.0273 -0.5411  0.7089  0.0348  0.5564  0.0230  0.2617  0.0197 -0.0003  0.1813 0 
 43.5035  0.5418 -2.4224  0.0438  0.5753  0.0095  0.3099  0.0167 -0.0003  0.1496 0 
 37.9156 -0.4600  0.8003  0.0150  0.3050  0.0399  0.4134  0.0439 -0.0003  0.1470 0 
 35.9350  0.4821 -2.3117  0.0175  0.3561  0.0257  0.2797  0.1519 -0.0003  0.1915 0 
 52.3384  0.2616 -0.4145  0.4737  0.3388  0.0547  0.3376  0.5045 -0.0003  0.9973 1 
 45.3468 -0.2209  2.6986  0.0635  0.3942  0.0745  0.3940  0.1823 -0.0003  0.6401 1 
 49.1554 -0.5398  0.4766  0.0419  0.5041  0.1278  0.5145  0.0513 -0.0003  0.3069 0 
 42.9023  0.5095 -2.6833  0.0102  0.4347  0.0263  0.2666  0.1472 -0.0003  0.1822 0 
 53.3638  0.4151 -0.2047  0.0040  0.4216  0.0505  0.2099  0.0037  0.0733  0.3219 0 
 45.5177 -0.4197  2.8916  0.1871  0.3657  0.0237  0.2624  0.0988 -0.0003  0.5619 0 
 47.8370 -0.3655  3.0611  0.0296  0.3106  0.1590  0.4749  0.0281 -0.0003  0.2458 0 
 43.3661  0.3688 -0.0862  0.0097  0.0181  0.0291  0.1329  0.1061  0.0326  0.0879 0 
 48.0751  0.6570  3.1380  0.0199  0.0522  0.0298  0.4312  0.0224  0.0816  0.1175 0 
 45.1545 -0.6274 -0.0137  0.0080  0.4097  0.0445  0.3068  0.0395 -0.0003  0.1543 0 
 47.5929 -0.1692 -1.1960  0.0109  0.1233  0.0798  0.1729  0.0123 -0.0003  0.1063 0 
 46.9581  0.1602  1.8983  0.0170  0.3280  0.0193  0.3037  0.0167 -0.0003  0.0858 0 
 44.4465 -0.4498 -0.4596  0.0739  0.5546  0.0869  0.6162  0.1657  0.3265  0.9099 1 
 28.8853  0.4176  2.7056  0.3621  0.1660  0.0316  0.1986  0.3120  0.3980  0.9991 1 
 46.5064 -0.7648  1.4907  0.1894  0.5025  0.0401  0.4349  0.1140 -0.0003  0.8195 1 
 39.6643  0.7577 -1.6861  0.0029  0.2776  0.0586  0.1815  0.1638 -0.0003  0.3184 1 
 44.2084  0.5352  2.7860  0.7778  0.4509  0.0346  0.3526  0.6657  0.2038  0.9984 1 
 37.5189 -0.5215 -0.3073  0.3659  0.2464  0.0426  0.2304  0.2692  0.4169  0.9991 1 
 49.3935 -0.5186  0.2602  0.0656  0.2718  0.0238  0.1713  0.0648 -0.0003  0.1819 0 
 45.5879  0.5275 -2.8763  0.0096  0.1801  0.0245  0.3498  0.0654 -0.0003  0.0579 0 
 42.1515  0.6135 -2.9402  0.2261  0.2105  0.0501  0.2678  0.1631  0.0822  0.8812 1 
 31.8547 -0.6259  0.1377  0.1718  0.5105  0.0583  0.1930  0.1445  0.4896  0.9977 1 
 45.4902  0.7678 -0.7866  0.0814  0.0873  0.0615  0.3062  0.0733 -0.0003  0.1606 0 
 41.3672 -0.7653  2.3551  0.0118  0.1582  0.0048  0.1794  0.0479 -0.0003  0.0375 0 
 48.4962 -0.5000  0.7084  0.0921  0.2008  0.0212  0.5163  0.1015 -0.0003  0.4420 0 
 41.5534  0.5279 -2.4024  0.1223  0.5361  0.0265  0.4481  0.1430  0.0689  0.7915 0 
 46.9062 -0.0494 -0.7857  0.0315  0.4357  0.0330  0.5208  0.0222 -0.0003  0.2735 0 
 35.1904  0.0917  2.3937  0.0936  0.3527  0.0782  0.3283  0.0699 -0.0003  0.5346 0 
 51.1391 -0.2784  0.6936  0.0236  0.0126  0.0201  0.0424 -0.0200 -0.0003  0.1005 0 
 49.1279  0.2810 -2.4905  0.0148  0.3717  0.0467  0.3002  0.0411 -0.0003  0.1699 0 
 43.4394 -0.5930  1.2343  0.6037  0.5897  0.0386  0.3543  0.6632 -0.0003  0.9982 1 
 43.2532  0.6460 -1.8652  0.1569  0.2963  0.0833  0.3546  0.3746 -0.0003  0.9627 1 
 41.4282  0.3146 -1.2203  0.0002  0.6113  0.0192  0.2691  0.0657 -0.0003  0.1062 0 
 36.9390 -0.3128  1.8791  0.0777  0.4507  0.1278  0.4627  0.0378 -0.0003  0.3885 0 
 49.7261  0.1318 -2.8241  0.2730  0.4220  0.0737  0.3420  0.4215 -0.0003  0.9944 0 
 46.8788 -0.1239  0.3383  0.0344  0.1201  0.0507  0.1736  0.0114 -0.0003  0.1032 0 
 46.4698  0.7300 -2.8951  0.0227  0.2598  0.0509  0.3480  0.0180 -0.0003  0.1592 0 
 44.8890 -0.7442  0.2022  0.0634  0.2486  0.0272  0.3512  0.1398 -0.0003  0.3269 0 
 50.9285  0.1433 -3.0597  0.0550  0.7351  0.1251  0.6374  0.0655 -0.0003  0.4151 0 
 45.5360 -0.1073  0.0807  0.0417  0.3914  0.0508  0.3062  0.0223 -0.0003  0.2918 0 
 42.5605  0.6087 -1.7676  0.1109  0.2906  0.0644  0.3117  0.1188 -0.0003  0.6353 1 
 40.5280 -0.5689  1.4189  0.1249  0.1983  0.0648  0.7669  0.2276 -0.0003  0.9009 1 
 46.1585 -0.7965 -1.1124  0.0452  0.5109  0.0373  0.4794  0.0800 -0.0003  0.4124 0 
 44.7486  0.7824  2.0626  0.0271  0.6199  0.0330  0.4394  0.0757 -0.0003  0.2956 0 
 44.2756  0.5288 -2.2294  0.0052  0.0377  0.0574  0.3084  0.0641 -0.0003  0.0674 0 
 30.9514 -0.5247  0.9373  0.0000  0.1395  0.0224  0.0973  0.0047 -0.0003  0.0716 0 
 47.7089 -0.1920 -1.2984  0.0072  0.2809  0.0295  0.2592  0.1043  0.1365  0.3698 0 
 46.3050  0.2011  1.8343  0.0539  0.7771  0.0275  0.2177  0.0261 -0.0003  0.3054 0 
 38.2269  0.7793  2.0925  0.1495  0.5102  0.0727  0.4125  0.1804  0.4811  0.9975 1 
 24.4907 -0.7282 -1.0524  0.1604  0.2696  0.0148  0.2611  0.0883  0.1037  0.6750 1 
 44.1871 -0.2530 -1.0056  0.4532  0.2946  0.0984  0.4408  0.5227 -0.0003  0.9980 1 
 38.8464  0.2416  2.1671  0.3735  0.6648  0.0336  0.3651  0.4073 -0.0003  0.9943 1 
 45.9998  0.0098 -0.4307  0.1571  0.1542  0.0772  0.3490  0.2089 -0.0003  0.8006 0 
 35.2697  0.0046  2.7173  0.0217  0.3979  0.0485  0.3750  0.0283  0.1213  0.3785 0 
 52.0882  0.0101  1.3508  0.1083  0.2241  0.2701  0.2535  0.0715 -0.0003  0.5923 1 
 42.2126 -0.0407 -1.8290  0.3021  0.5871  0.0477  0.4908  0.2883 -0.0003  0.9800 1 
 44.9195 -0.3955 -0.3180  0.1046  0.3678  0.0229  0.3950  0.0217  0.1554  0.6870 0 
 36.2097  0.3807  2.8160  0.0745  0.2377  0.0346  0.3257  0.0952 -0.0003  0.3160 0 
 45.8106 -0.5854  2.3343  0.0140  0.4505  0.0085  0.1746  0.1129  0.0574  0.1408 0 
 42.1088  0.6061 -0.8081  0.2021  0.2454  0.0551  0.2679  0.3483 -0.0003  0.9392 0 
 50.4372  0.2812  0.4389  0.0010  0.2408  0.0996  0.3408  0.0132 -0.0003  0.1224 0 
 47.3671 -0.2778 -2.7188  0.0186  0.2727  0.0275  0.3463  0.0552 -0.0003  0.0956 0 
 46.5370 -0.4449  1.8371  0.0078  0.2762  0.0225  0.2174  0.0007 -0.0003  0.0860 0 
 37.0825  0.4422 -1.2764  0.0306  0.5218  0.0191  0.2311  0.0489 -0.0003  0.1400 0 
 48.9845 -0.5564  0.6237  0.0261  0.1106  0.0282  0.2575  0.0367 -0.0003  0.0534 0 
 43.3722  0.5500 -2.5275  0.0008  0.2800  0.0117  0.2215  0.0397 -0.0003  0.0496 0 
 47.4067 -0.3655  1.4396  0.3224  0.4277  0.0410  0.3895  0.4559 -0.0003  0.9949 1 
 44.9287  0.3250 -1.7005  0.7943  0.1772  0.1059  0.4828  0.8869 -0.0003  0.9940 1 
 50.8370 -0.1759  0.7068  0.0474  0.6390  0.1732  0.5526  0.0023 -0.0003  0.3045 0 
 44.0955  0.1351 -2.4164  0.0192  0.0690  0.0251  0.2205  0.0168 -0.0003  0.0476 0 
 44.1993  0.5216  1.7312  0.1429  0.4535  0.0625  0.2204  0.1856  0.3825  0.9898 1 
 33.6156 -0.5180 -1.4591  0.2663  0.5693  0.0197  0.3326  0.2549  0.1480  0.9452 1 
 39.9237 -0.1866 -2.8193  0.0109  0.2033  0.0328  0.1812  0.0789 -0.0003  0.0866 0 
 37.7508  0.2089  0.3119  0.0298  0.1166  0.0753  0.3680  0.0131 -0.0003  0.1040 0 
 46.0090  0.0453 -2.0740  0.0151  0.3594  0.0242  0.3053  0.0208 -0.0003  0.1014 0 
 26.4927 -0.0492  1.0586  0.0213  0.2529  0.0185  0.4077  0.0084 -0.0003  0.0961 0 
 53.1594 -0.0735  0.7141  0.0328  0.2406  0.2140  0.4203  0.0190 -0.0003  0.2307 0 
 45.0477  0.0785 -2.4327  0.1054  0.3547  0.0204  0.3509  0.1053 -0.0003  0.4525 0 
 43.5523  0.6635  2.3072  0.0893  0.5087  0.2091  0.3098  0.1340 -0.0003  0.6634 1 
 30.6584 -0.6924 -0.7722  0.5937  0.3214  0.0121  0.4391  0.7069  0.1805  0.9996 1 
 45.0111 -0.0735 -0.3976  0.0060  0.2305  0.0693  0.1755  0.1049 -0.0003  0.2215 0 
 41.9409  0.0936  2.7217  0.0166  0.2294  0.0083  0.1341  0.0053 -0.0003  0.0738 0 
 49.2775  0.6412 -0.0545  0.0475  0.4832  0.0379  0.5570  0.0490 -0.0003  0.3970 0 
 42.3407 -0.6355  3.0994  0.0000  0.3479  0.0058  0.0000 -0.0200 -0.0003  0.2501 0 
 41.1963  0.3866 -3.1046  0.4926  0.7285  0.0358  0.3593  0.5385 -0.0003  0.9976 1 
 37.4975 -0.3271 -0.0100  0.0278  0.2572  0.1769  0.6451  0.0818  0.8072  0.8624 1 
 45.6580 -0.2498  3.0244  0.1604  0.6744  0.0842  0.8304  0.5447 -0.0003  0.9930 0 
 44.4221  0.2551 -0.1008  0.0375  0.2322  0.0598  0.3081  0.0500 -0.0003  0.2019 0 
 42.7588  0.4793 -1.0517  0.0353  0.2616  0.0285  0.4002  0.0319 -0.0003  0.1536 0 
 41.0407 -0.4872  2.0688  0.0820  0.1124  0.0383  0.3597  0.0154 -0.0003  0.1579 0 
 47.2206 -0.2914  0.8801  0.2874  0.4081  0.0487  0.3899  0.1102 -0.0003  0.8299 1 
 46.6163  0.2276 -2.2787  0.1077  0.6629  0.1464  0.4781  0.5074 -0.0003  0.9916 1 
 47.2572 -0.3554 -1.7501  0.1526  0.4281  0.0399  0.5198  0.2553 -0.0003  0.9202 1 
 42.1637  0.3704  1.3676  0.2100  0.6172  0.0342  0.4017  0.1382 -0.0003  0.8535 1 
 50.2510 -0.5153  0.5492  0.0514  0.3064  0.0773  0.4263  0.1191 -0.0003  0.4344 0 
 38.4100  0.5241 -2.6027  0.0380  0.2541  0.0159  0.1373  0.0024 -0.0003  0.1268 0 
 45.9052 -0.6247  2.4551  0.1527  0.5477  0.1107  0.5674  0.6877 -0.0003  0.9979 1 
 41.4832  0.5921 -0.6513  0.3480  0.5996  0.0865  0.4931  0.3937 -0.0003  0.9963 1 
 47.2724 -0.6342  0.1595  0.0038  0.3527  0.0891  0.3032  0.0150 -0.0003  0.1712 0 
 40.6500  0.6151 -2.9597  0.0204  0.2745  0.0658  0.2705  0.0261 -0.0003  0.1875 0 
 48.2734 -0.3960  1.1564  0.0511  0.1058  0.0442  0.1723  0.0360 -0.0003  0.0960 0 
 46.1280  0.3954 -1.9879  0.0426  0.2097  0.1225  0.2615  0.0025 -0.0003  0.1933 0 
 47.1809 -0.5274 -2.5408  0.1675  0.1981  0.0799  0.7800  0.3593 -0.0003  0.9754 1 
 41.9654  0.5180  0.6046  0.1891  0.4825  0.0962  0.4469  0.3646 -0.0003  0.9878 1 
 45.1667  0.6018 -1.8597  0.0050  0.0956  0.0478  0.4383  0.1957  0.1364  0.2599 0 
 44.4221 -0.6149  1.3094  0.0368  0.5732  0.0951  0.4842  0.0161 -0.0003  0.2728 0 
 48.5084 -0.8092 -2.4802  0.0088  0.2924  0.1176  0.4732  0.0848  0.1310  0.3384 0 
 48.3375  0.7860  0.6037  0.0022  0.4771  0.0855  0.6028  0.0407  0.1334  0.3323 0 
 45.6214  0.2445 -0.7650  0.1204  0.5403  0.0729  0.2186  0.2894  0.1860  0.9321 1 
 42.2034 -0.2398  2.3999  0.0741  0.3486  0.0309  0.5355  0.1210 -0.0003  0.5544 1 
 46.1860  0.5471 -2.4862  0.0436  0.3029  0.0339  0.3050  0.0269 -0.0003  0.1854 0 
 40.6073 -0.5230  0.6754  0.0240  0.2310  0.0370  0.4058  0.0714 -0.0003  0.1470 0 
 49.0547  0.5591  2.6231  0.2602  0.2775  0.0479  0.3861  0.2598 -0.0003  0.9549 1 
 41.7395 -0.5436 -0.4549  0.2178  0.6138  0.0259  0.4923  0.3354  0.2728  0.9966 1 
 52.2499  0.4761 -0.7853  0.0023  0.6893  0.0164  0.2533  0.0093 -0.0003  0.1204 0 
 40.4089 -0.4781  2.3759  0.0393  0.1510  0.0174  0.3612  0.0217  0.1562  0.3559 0 
 43.4333  0.3141  0.7802  0.0540  0.5408  0.0512  0.3100  0.0435 -0.0003  0.4339 1 
 43.3753 -0.3595 -2.3425  0.4732  0.5988  0.0618  0.3544  0.3812 -0.0003  0.9962 1 
 47.9042 -0.1909  0.7982  0.0553  0.2107  0.0580  0.4748  0.0139 -0.0003  0.2654 0 
 47.7638  0.2262 -2.3182  0.0046  0.1712  0.1319  0.3887  0.0843 -0.0003  0.1171 0 
 47.6112 -0.3705 -1.8869  0.0204  0.5814  0.0219  0.3891  0.0546 -0.0003  0.1629 0 
 38.0560  0.3166  1.2424  0.0346  0.0880  0.0577  0.0459  0.0046 -0.0003  0.1377 0 
 52.1035 -0.1847  0.9959  0.0114  0.2524  0.0853  0.1267  0.0169 -0.0003  0.2614 0 
 39.7620  0.1870 -2.1002  0.0291  0.2437  0.0426  0.2267  0.0123 -0.0003  0.1531 0 
 46.3630  0.7644 -1.8100  0.3232  0.4912  0.0526  0.3047  0.3990  0.1566  0.9930 1 
 36.1517 -0.8104  1.2851  0.4801  0.2189  0.0416  0.3724  0.2739  0.1542  0.9923 1 
 55.1583  0.3483 -2.7342  0.0289  0.3497  0.0887  0.2499  0.0734 -0.0003  0.3284 0 
 45.5482 -0.3622  0.3559  0.0221  0.4288  0.1999  0.2624  0.0229 -0.0003  0.2538 0 
 49.7444 -0.0403  1.4878  0.0009  0.1545  0.0222  0.0855  0.0085 -0.0003  0.0779 0 
 48.1300  0.0465 -1.6683  0.0307  0.4161  0.0833  0.3018  0.0471 -0.0003  0.2907 0 
 49.1249 -0.7256  2.4148  0.0048  0.2439  0.0158  0.2573  0.1108  0.1253  0.2880 0 
 41.8769  0.7166 -0.7231  0.0222  0.6447  0.0357  0.6260  0.0839 -0.0003  0.3369 0 
 46.9673  0.6121  2.2070  0.0275  0.2168  0.2085  0.5206  0.0051 -0.0003  0.2216 0 
 38.5992 -0.5873 -0.9142  0.0248  0.5348  0.0555  0.3200  0.0468 -0.0003  0.2856 0 
 46.1799 -0.3604 -1.5691  0.0469  0.0397  0.0589  0.3922  0.2127 -0.0003  0.1798 0 
 34.3420  0.3649  1.5293  0.0576  0.1618  0.0064  0.2361  0.1977 -0.0003  0.2077 0 
 49.6468 -0.4195 -0.8909  0.0126  0.2750  0.1234  0.2566  0.0019 -0.0003  0.1688 0 
 41.2482  0.4103  2.2381  0.0550  0.6423  0.0090  0.1347  0.0362 -0.0003  0.1770 0 
 51.7708 -0.0489  0.3768  0.0262  0.1089  0.0475  0.4231  0.0220 -0.0003  0.0993 0 
 47.0710  0.0202 -2.7332  0.0412  0.2135  0.0926  0.1734  0.0178 -0.0003  0.2600 0 
 46.1891  0.2130 -2.0059  0.0187  0.5002  0.0246  0.5229  0.0790  0.1589  0.5025 0 
 44.7974 -0.2051  1.1310  0.0077  0.3802  0.0477  0.2196  0.0515 -0.0003  0.1749 0 
 46.6743 -0.6165 -1.8254  0.0041  0.3811  0.0547  0.3911  0.0358 -0.0003  0.1535 0 
 44.4770  0.6046  1.3111  0.0102  0.3349  0.0397  0.2640  0.0024 -0.0003  0.1532 0 
 46.4851  0.5538 -3.0038  0.0579  0.6534  0.0567  0.4350  0.1453 -0.0003  0.6490 0 
 42.7253 -0.5206  0.1066  0.1916  0.3649  0.0294  0.2669  0.1962  0.1270  0.8753 0 
 41.5320  0.2656 -2.8770  0.0718  0.4743  0.0257  0.1793  0.0193 -0.0003  0.2741 1 
 40.4334 -0.2461  0.2466  0.3896  0.4483  0.0340  0.2257  0.4999 -0.0003  0.9961 1 
 51.6487  0.4391  1.9044  0.4719  0.7189  0.1000  0.2964  0.2641 -0.0003  0.9949 1 
 38.8403 -0.4525 -1.2505  0.1290  0.1887  0.0283  0.3194  0.1819 -0.0003  0.5813 1 
 46.5888  0.7097  1.3405  0.0126  0.3858  0.0863  0.5652  0.0490 -0.0003  0.2200 0 
 45.4109 -0.7116 -1.7903  0.0061  0.4384  0.0364  0.2626  0.0381 -0.0003  0.1360 0 
 47.6204 -0.5520 -2.5545  0.0368  0.0728  0.1261  0.5620  0.0349 -0.0003  0.1414 0 
 34.1619  0.5666  0.5639  0.0231  0.3659  0.0205  0.2365  0.1334 -0.0003  0.1624 0 
 47.5929  0.3994  0.6876  0.3385  0.2282  0.0801  0.2594  0.4266 -0.0003  0.9936 1 
 45.3010 -0.3967 -2.4906  0.1903  0.2928  0.0328  0.4817  0.2104  0.1468  0.9343 1 
 46.7079  0.4590 -0.3018  0.0002  0.1998  0.2215  0.3910  0.0988  0.1578  0.3153 0 
 37.5250 -0.4834  2.8526  0.0622  0.4348  0.0147  0.1382  0.0270 -0.0003  0.1656 0 
 50.7973  0.7561 -1.9685  0.0692  0.5458  0.0636  0.2976  0.0768 -0.0003  0.5830 0 
 49.4881 -0.7648  1.1305  0.0088  0.2418  0.0849  0.4280  0.0275 -0.0003  0.1394 0 
 45.8686 -0.7424  0.6728  0.0248  0.3921  0.0650  0.1746  0.0090 -0.0003  0.3298 0 
 38.3215  0.7332 -2.4804  0.0060  0.4341  0.0227  0.3664  0.0797 -0.0003  0.1040 0 
 51.1208  0.0181  1.5110  0.0856  0.2274  0.0430  0.2547  0.0812 -0.0003  0.3447 0 
 46.7018 -0.0168 -1.6450  0.0017  0.3181  0.1769  0.5648  0.0482 -0.0003  0.2127 0 
 53.7087  0.1885 -3.0801  0.0425  0.1049  0.0787  0.2515  0.0258 -0.0003  0.1079 0 
 45.4200 -0.1857  0.0144  0.1311  0.2006  0.2288  0.3063  0.1108 -0.0003  0.6207 0 
 52.2499  0.7228  1.7984  0.0252  0.3878  0.0515  0.2111  0.0297 -0.0003  0.2597 0 
 39.7345 -0.7405 -1.3310  0.0567  0.5031  0.0190  0.3175  0.0361  0.0580  0.3693 0 
 49.8848  0.4685  1.2088  0.0111  0.0579  0.0457  0.2136  0.0882 -0.0003  0.0700 0 
 45.0202 -0.4681 -1.9128  0.0553  0.0976  0.0317  0.3948  0.0644 -0.0003  0.1215 0 
 44.8218 -0.1132  2.6028  0.0466  0.3313  0.0475  0.5270  0.0622 -0.0003  0.3621 0 
 38.2513  0.1284 -0.5177  0.0518  0.2042  0.1291  0.4583  0.0023 -0.0003  0.2388 0 
 32.5200  0.7991  0.9624  0.0736  0.3361  0.0316  0.3837  0.0224  0.2113  0.6643 1 
 28.4398 -0.7437 -2.1988  0.0005  0.4745  0.0255  0.3991  0.1009  0.1787  0.4418 1 
 50.2174 -0.0446 -1.5022  0.0199  0.2449  0.2034  0.4691  0.1603 -0.0003  0.3733 0 
 49.3843  0.0300  1.6013  0.2089  0.2477  0.0409  0.5567  0.1793 -0.0003  0.8933 0 
 38.7030 -0.0457 -1.4005  0.0083  0.7027  0.0915  0.4111  0.0052 -0.0003  0.2150 0 
 34.4030  0.0034  1.7915  0.0387  0.4509  0.0480  0.1416  0.0101 -0.0003  0.3688 0 
 52.5978 -0.7146  1.2127  0.0579  0.3528  0.1110  0.4214  0.0436 -0.0003  0.3413 0 
 32.3278  0.7041 -1.9341  0.0171  0.1840  0.0335  0.2883  0.0663 -0.0003  0.0743 0 
 43.2166  0.2583  1.8878  0.2431  0.6048  0.0514  0.6208  0.3631  0.1868  0.9935 1 
 37.6959 -0.2199 -1.2366  0.0912  0.2135  0.0942  0.5981  0.0609  0.6728  0.9665 1 
 50.7912 -0.5460  2.3645  0.0284  0.1067  0.0381  0.0851  0.0025 -0.0003  0.1057 0 
 40.0610  0.5519 -0.8261  0.0241  0.3962  0.0178  0.1810  0.0306 -0.0003  0.1172 0 
 48.3558  0.1330 -2.4867  0.0068  0.1425  0.0525  0.4306  0.0430 -0.0003  0.0905 0 
 47.3213 -0.1051  0.6992  0.0734  0.4770  0.0412  0.3897  0.0598 -0.0003  0.4944 0 
 58.0911 -0.7159 -0.2173  0.0056  0.1154  0.0612  0.1644  0.0412 -0.0003  0.0863 0 
 56.5347  0.7495  2.9776  0.0171  0.3781  0.1983  0.4967  0.0526 -0.0003  0.2575 0 
 49.9886 -0.7807 -0.4055  0.0030  0.2588  0.1589  0.4696  0.0180 -0.0003  0.1625 0 
 43.6652  0.7848  2.8190  0.0584  0.4083  0.0246  0.3538  0.0777 -0.0003  0.2870 0 
 48.2155  0.2136  2.0607  0.0056  0.2997  0.0390  0.3447  0.0936 -0.0003  0.1195 0 
 42.8260 -0.2290 -1.0667  0.0115  0.4624  0.0739  0.4889  0.0779 -0.0003  0.2266 0 
 52.1584 -0.1253 -2.9921  0.0929  0.4137  0.2426  0.2534  0.0209 -0.0003  0.4500 0 
 43.8575  0.1194  0.1704  0.0345  0.1773  0.0341  0.2650  0.0075 -0.0003  0.1002 0 
 46.7323 -0.1391 -2.5479  0.3262  0.2597  0.0958  0.5213  0.4145 -0.0003  0.9967 1 
 34.5373  0.1554  0.5448  0.0198  0.6795  0.0096  0.2829  0.1555 -0.0003  0.1864 1 
 46.1128  0.6764 -1.4187  0.0663  0.4773  0.1549  0.4359  0.1799 -0.0003  0.6413 1 
 44.9958 -0.6664  1.7109  0.5554  0.5380  0.0588  0.5703  0.2092  0.2415  0.9943 1 
 45.4170 -0.5573  1.4064  0.0643  0.5788  0.0166  0.4376  0.0261 -0.0003  0.3721 0 
 40.6073  0.5437 -1.7429  0.0073  0.0804  0.0912  0.4509  0.0338 -0.0003  0.0694 0 
 43.1312  0.0157  1.7441  0.0968  0.1003  0.0262  0.3993  0.0209 -0.0003  0.1718 0 
 40.7874  0.0036 -1.3916  0.1290  0.6230  0.0208  0.4053  0.1177 -0.0003  0.6916 0 
 50.8797  0.6871 -0.6641  0.0226  0.5272  0.1176  0.4675  0.0700 -0.0003  0.2742 0 
 46.6468 -0.6935  2.4801  0.0160  0.1554  0.1212  0.4346  0.0298 -0.0003  0.1164 0 
 45.3925 -0.5647 -2.3498  0.0449  0.3099  0.0529  0.3501  0.0157 -0.0003  0.2606 0 
 34.6136  0.5537  0.7886  0.0444  0.6935  0.0099  0.2827  0.1752 -0.0003  0.2931 0 
 47.9866  0.2041 -3.0480  0.1098  0.3022  0.1108  0.5177  0.1798 -0.0003  0.7997 1 
 44.7242 -0.2249  0.1316  0.0309  0.3768  0.1070  0.4394  0.0624  0.6812  0.9335 1 
 53.8338  0.7047 -1.5025  0.0476  0.6993  0.0233  0.2514  0.0894 -0.0003  0.2741 0 
 50.8644 -0.7295  1.6446  0.0988  0.1344  0.0306  0.3400  0.0278 -0.0003  0.1963 0 
 45.4170  0.0889  0.7030  0.1390  0.1938  0.0437  0.4376  0.1258 -0.0003  0.6312 1 
 41.3397 -0.1009 -2.4534  0.3582  0.3329  0.0884  0.5384  0.5241 -0.0003  0.9982 1 
 45.1789 -0.6487  0.6140  0.0517  0.4315  0.0929  0.7888  0.1201 -0.0003  0.5843 1 
 42.1027  0.6496 -2.5114  0.7797  0.6501  0.0323  0.4019  0.8039  0.3163  0.9995 1 
 43.1922  0.1582 -2.7967  0.0775  0.2164  0.0288  0.1330  0.0256 -0.0003  0.2141 0 
 37.3419 -0.1694  0.3462  0.0662  0.6013  0.0820  0.2768  0.0593 -0.0003  0.5339 0 
 45.5787 -0.5028  0.1643  0.0594  0.4837  0.0321  0.4372  0.0353 -0.0003  0.3991 0 
 37.9553  0.4854 -3.0691  0.0217  0.2449  0.1194  0.4592  0.0443 -0.0003  0.1942 0 
 39.5422 -0.6927  2.0713  0.0201  0.3377  0.0620  0.4542  0.0800 -0.0003  0.2402 0 
 32.5872  0.6891 -1.0515  0.0187  0.3261  0.0129  0.2397 -0.0200  0.1679  0.4481 0 
 48.0873  0.0829 -2.2466  0.0710  0.2217  0.1617  0.3018  0.1415  0.2637  0.7551 0 
 40.0397 -0.0445  0.8503  0.0045  0.2455  0.0175  0.2263  0.0695 -0.0003  0.0552 0 
 47.2236  0.7199  1.9703  0.0018  0.1771  0.0701  0.3466  0.1190 -0.0003  0.1244 0 
 45.6153 -0.7436 -1.1749  0.0414  0.2695  0.0308  0.3060  0.0146 -0.0003  0.1554 0 
 37.3449 -0.1587  1.8534  0.3381  0.3293  0.0640  0.3691  0.2606 -0.0003  0.9824 1 
 36.9238  0.1204 -1.2688  0.2425  0.6307  0.0327  0.2776 -0.0200 -0.0003  0.8694 1 
 45.0782  0.7251 -1.0781  0.0189  0.1113  0.0222  0.1754  0.0318 -0.0003  0.0476 0 
 43.6957 -0.7037  2.0399  0.0617  0.2957  0.0378  0.3979  0.0532 -0.0003  0.3112 0 
 59.4430 -0.8145  0.7794  0.0035  0.4398  0.0647  0.2453  0.1164 -0.0003  0.3059 0 
 52.2835  0.7712 -2.3286  0.0414  0.2179  0.1478  0.3377  0.0162 -0.0003  0.2027 0 
 45.7618 -0.4050 -0.1348  0.1425  0.7253  0.0283  0.2621  0.1151 -0.0003  0.7300 0 
 40.7202  0.3911  3.0113  0.0670  0.5286  0.0577  0.4055  0.0477 -0.0003  0.4674 0 
 45.3834  0.4982 -3.0323  0.0295  0.4537  0.2074  0.5253  0.0405 -0.0003  0.2885 0 
 36.2371 -0.4851  0.0831  0.0317  0.4911  0.0434  0.5117  0.0541 -0.0003  0.3092 0 
 49.2653 -0.4217 -2.0992  0.0401  0.0771  0.0128  0.2142  0.0233 -0.0003  0.0401 0 
 45.1209  0.4152  1.0664  0.0495  0.2102  0.0312  0.3069  0.1832 -0.0003  0.3225 0 
 51.8654 -0.3603  1.5093  0.0844  0.5505  0.1601  0.6344  0.0993 -0.0003  0.5381 1 
 38.6023  0.3307 -1.5864  0.4060  0.3016  0.0426  0.4571  0.2375 -0.0003  0.9716 1 
 44.8066 -0.1730  0.2607  0.1407  0.1741  0.0344  0.3074  0.0491 -0.0003  0.3734 0 
 41.3794  0.1724 -2.9176  0.0190  0.1173  0.0626  0.1794  0.0257 -0.0003  0.0969 0 
 58.4939 -0.4854 -1.6380  0.0117  0.2552  0.0764  0.6157  0.0091 -0.0003  0.1892 0 
 42.5910  0.4887  1.4915  0.0087  0.7695  0.0603  0.3561  0.0178  0.2676  0.6467 0 
 53.9590 -0.3594 -1.1591  0.0228  0.1225  0.3414  0.3350  0.0471 -0.0003  0.1493 0 
 49.5064  0.3551  1.9547  0.0690  0.4737  0.0342  0.4280  0.2027 -0.0003  0.6830 0 
 49.0700 -0.4253  1.3131  0.0684  0.4072  0.1448  0.4289  0.0172 -0.0003  0.3474 0 
 45.3834  0.4194 -1.8673  0.0226  0.1997  0.1301  0.3064  0.0902 -0.0003  0.1945 0 
 45.9724 -0.7542  0.2598  0.0193  0.1270  0.0609  0.4799  0.0772 -0.0003  0.1360 0 
 44.0681  0.7599 -2.8546  0.0057  0.1372  0.0213  0.2647  0.0458 -0.0003  0.0398 0 
 50.3151 -0.5020 -0.1387  0.0278  0.2559  0.1042  0.3836  0.1586 -0.0003  0.3474 0 
 49.7383  0.5086  3.0134  0.0036  0.6993  0.0678  0.5130  0.1223 -0.0003  0.2973 0 
 49.9489 -0.3104  1.9871  0.1401  0.2233  0.1270  0.2989  0.1723 -0.0003  0.8102 1 
 49.3385  0.2513 -1.1094  0.0536  0.8257  0.1270  0.3855  0.2369 -0.0003  0.8286 1 
 43.8819 -0.4970 -0.2427  0.0202  0.4413  0.0296  0.4416  0.1209 -0.0003  0.2605 0 
 42.6490  0.4953  2.8882  0.0469  0.4899  0.0507  0.5340  0.1130  0.1144  0.6333 0 
 49.4911 -0.3835 -0.6535  0.0035  0.0685  0.1876  0.3424  0.0099 -0.0003  0.0523 0 
 44.4038  0.3809  2.4853  0.0205  0.2521  0.0272  0.2641  0.0092 -0.0003  0.0929 0 
 45.3223 -0.7527 -0.9097  0.0215  0.1136  0.0305  0.3941  0.0124 -0.0003  0.0740 0 
 44.7578  0.7591  2.2142  0.0419  0.5420  0.0071  0.1757  0.0405 -0.0003  0.1334 0 
 47.2145 -0.2176  0.3011  0.0369  0.2838  0.3002  0.6065  0.0324 -0.0003  0.3428 0 
 46.1402  0.1932 -2.8496  0.0116  0.2273  0.0392  0.4358  0.0672 -0.0003  0.1228 0 
 43.7049  0.0968 -3.0399  0.1775  0.6785  0.0329  0.2211  0.2227 -0.0003  0.8776 1 
 40.6317 -0.0884  0.0971  0.1883  0.7292  0.0239  0.6762  0.2193 -0.0003  0.9422 1 
 40.5310 -0.2976  1.1317  0.2223  0.3592  0.0960  0.6315  0.3287  0.1685  0.9853 1 
 28.8029  0.3210 -2.0251  0.3190  0.7288  0.0275  0.3976  0.2643 -0.0003  0.9703 1 
 46.6041  0.7182 -2.4561  0.0388  0.0610  0.0924  0.4782  0.1082 -0.0003  0.1444 0 
 46.1982 -0.7302  0.6876  0.0346  0.5731  0.0470  0.4357  0.0775 -0.0003  0.3601 0 
 54.3008  0.6159 -2.1836  0.0213  0.2774  0.0639  0.4181  0.0145 -0.0003  0.1830 0 
 42.2675 -0.5756  0.8431  0.0636  0.3384  0.2036  0.4014  0.0749 -0.0003  0.3903 0 
 47.3854  0.5447  1.7989  0.2410  0.3499  0.0744  0.4328  0.1186  0.3779  0.9937 1 
 44.5869 -0.5478 -1.3328  0.3005  0.7197  0.0333  0.4837  0.3023 -0.0003  0.9759 1 
 49.5766 -0.4475 -0.0340  0.0961  0.6227  0.0735  0.7273  0.2144 -0.0003  0.8699 0 
 45.1850  0.4257  3.1103  0.0193  0.5768  0.0587  0.4820  0.0303 -0.0003  0.2297 0 
 55.6619  0.0547  2.0819  0.0081  0.1723  0.0339  0.2909  0.0995 -0.0003  0.0739 0 
 41.7395 -0.0603 -1.0678  0.0159  0.4330  0.0354  0.4476  0.0085 -0.0003  0.1919 0 
 56.6934 -0.2927 -0.0373  0.0511  0.3313  0.0393  0.4136  0.0189 -0.0003  0.2846 1 
 44.3946  0.2704  3.1008  0.2580  0.3638  0.1155  0.2642  0.3460  0.4274  0.9971 1 
 46.5980 -0.6610 -0.8069  0.0280  0.1452  0.0635  0.3043  0.0087 -0.0003  0.1142 0 
 44.0650  0.6717  2.3105  0.1071  0.3365  0.0215  0.3088  0.0490 -0.0003  0.3421 0 
 48.5878  0.8014 -2.3097  0.0239  0.2121  0.0413  0.5160  0.0314 -0.0003  0.1751 0 
 42.3529 -0.7972  0.8322  0.0129  0.1039  0.0160  0.2229  0.1433 -0.0003  0.0668 0 
 46.4851 -0.0483 -2.0042  0.0126  0.0466  0.0383  0.1740  0.0484 -0.0003  0.0583 0 
 41.4069  0.0414  1.1184  0.0009  0.2546  0.0360  0.3139  0.0635 -0.0003  0.0728 0 
 50.0984 -0.3558 -2.5376  0.0053  0.0891  0.0263  0.1707  0.0397 -0.0003  0.0462 0 
 44.5960  0.3481  0.5816  0.0105  0.0439  0.0563  0.3078  0.0158 -0.0003  0.0685 0 
 45.7374  0.7175 -3.0252  0.0596  0.3840  0.1327  0.5679  0.0309 -0.0003  0.3615 0 
 44.7181 -0.6879  0.0886  0.0424  0.0911  0.0214  0.1758  0.0185 -0.0003  0.0536 0 
 43.3692 -0.4036 -2.9815  0.1829  0.4544  0.0384  0.3101  0.1523 -0.0003  0.8212 1 
 20.8286  0.4005  0.0962  0.2734  0.4608  0.0143  0.4400  0.2779 -0.0003  0.9327 1 
 44.6510  0.4490 -2.6060  0.1044  0.2724  0.0376  0.4396  0.0775 -0.0003  0.4971 1 
 38.2269 -0.3907  0.5350  0.5033  0.1601  0.1056  0.5042  0.4748 -0.0003  0.9962 1 
 45.8534 -0.3633 -1.9006  0.4858  0.5316  0.0621  0.2183  0.6315 -0.0003  0.9980 1 
 42.3987  0.3698  1.2401  0.1088  0.2929  0.0494  0.4011  0.2043  0.1011  0.8422 1 
 49.0730 -0.7272  2.6881  0.0046  0.1835  0.0892  0.5576  0.0236 -0.0003  0.1319 0 
 43.0854  0.6955 -0.4789  0.0085  0.3021  0.0357  0.3106  0.0338 -0.0003  0.0978 0 
 48.2887 -0.5205  0.2252  0.0240  0.2865  0.0451  0.2585  0.0331 -0.0003  0.1575 0 
 41.2818  0.4987 -2.9194  0.0069  0.4906  0.0426  0.3591  0.0128 -0.0003  0.1767 0 
 47.5288  0.3543 -2.7120  0.0224  0.2669  0.0885  0.3027  0.0106 -0.0003  0.1858 0 
 47.4769 -0.3600  0.4016  0.0093  0.1361  0.0136  0.3461  0.0562 -0.0003  0.0404 0 
 42.9084 -0.5115  0.5709  0.3195  0.6054  0.0507  0.4443  0.2612 -0.0003  0.9764 1 
 37.1130  0.5067 -2.5819  0.1076  0.4210  0.0496  0.3235  0.2215  0.1864  0.8959 1 
 43.7751 -0.2057  1.2336  0.0168  0.7046  0.0323  0.7071  0.0617 -0.0003  0.3112 0 
 42.3377  0.2289 -1.9181  0.0299  0.2147  0.0734  0.2229  0.0296 -0.0003  0.1935 0 
 45.2094  0.4505 -0.5330  0.0142  0.3804  0.0984  0.3944  0.0303 -0.0003  0.1905 0 
 44.9470 -0.4581  2.5967  0.0126  0.2091  0.2265  0.4388  0.0345 -0.0003  0.1869 0 
 45.9602 -0.5807  3.0233  0.2384  0.1713  0.0440  0.3491  0.2719 -0.0003  0.9172 1 
 32.1386  0.5634 -0.1218  0.2340  0.3089  0.0252  0.3369  0.1534 -0.0003  0.7437 1 
 54.4717 -0.1050  2.6800  0.0079  0.1745  0.1259  0.2506  0.0134 -0.0003  0.1075 0 
 45.6001  0.1008 -0.4660  0.1499  0.1416  0.0039  0.0874  0.0908 -0.0003  0.1750 0 
 49.6529  0.6906 -1.7494  0.0727  0.6642  0.0388  0.2566  0.0421 -0.0003  0.5075 0 
 29.9718 -0.6732  1.5700  0.0421  0.3209  0.1157  0.5403  0.0141  0.4524  0.5933 0 
 43.3417 -0.1504  2.1612  0.0036  0.2941  0.0519  0.3545  0.0726 -0.0003  0.1282 0 
 40.2014  0.1494 -1.0021  0.0145  0.0670  0.0274  0.1356 -0.0200 -0.0003  0.0825 0 
 48.9754  0.7363  2.6312  0.0043  0.3232  0.0229  0.2575  0.1142 -0.0003  0.0999 0 
 46.0914 -0.7325 -0.5276  0.0254  0.1062  0.0652  0.3051  0.0136 -0.0003  0.0900 0 
 44.4587  0.5367  1.8147  0.0007  0.3396  0.0226  0.1761  0.0202 -0.0003  0.0951 0 
 41.4191 -0.5349 -1.3635  0.0228  0.7007  0.0084  0.3139  0.0352 -0.0003  0.1258 0 
 46.0670  0.5432 -0.1280  0.0441  0.2175  0.0334  0.4360  0.1146 -0.0003  0.2606 0 
 44.0955 -0.5519  3.0051  0.2769  0.5665  0.0288  0.2646  0.2774 -0.0003  0.9571 0 
 55.9152  0.3873  2.8131  0.0225  0.1381  0.0500  0.2490  0.1346 -0.0003  0.1484 0 
 39.3927 -0.3664 -0.3250  0.0098  0.2743  0.0789  0.4092  0.0516 -0.0003  0.1574 0 
 44.2725 -0.5732 -1.1495  0.0501  0.3331  0.0873  0.5287  0.1055  0.2933  0.7178 0 
 44.1382  0.5977  1.9698  0.0195  0.3280  0.0476  0.4409  0.0098 -0.0003  0.1908 0 
 47.4830 -0.2255  1.9079  0.1148  0.6441  0.0757  0.5624 -0.0200 -0.0003  0.5528 0 
 44.8798  0.2272 -1.2104  0.0556  0.4127  0.2587  0.5268  0.0580 -0.0003  0.3830 0 
 46.0883 -0.5138  1.9081  0.0081  0.0474  0.0380  0.1308  0.0064 -0.0003  0.0731 0 
 42.0111  0.5226 -1.2075  0.0408  0.3746  0.0616  0.2234  0.0573 -0.0003  0.3549 0 
 52.9458 -0.6222 -1.8707  0.4270  0.5278  0.0858  0.2525  0.6965 -0.0003  0.9983 1 
 37.0184  0.6437  1.2999  0.0900  0.4418  0.0294  0.3237  0.1823  0.3221  0.9783 1 
 42.8962 -0.3834 -1.9362  1.2227  0.4331  0.1301  0.3110  0.6862 -0.0003  0.9966 1 
 40.8545  0.3857  1.1856  0.0626  0.3098  0.0244  0.2251  0.0767 -0.0003  0.1984 1 
 53.0526 -0.3766 -2.4988  0.0272  0.2331  0.0070  0.1682  0.0283 -0.0003  0.0653 0 
 43.7629  0.3960  0.6398  0.0128  0.3133  0.0377  0.3535  0.0460 -0.0003  0.1213 0 
 42.5635 -0.0347  2.1785  0.5079  0.6579  0.0248  0.5788  0.5889 -0.0003  0.9973 1 
 41.7548  0.0583 -0.9502  0.4411  0.4097  0.0896  0.4027  0.4352  0.3139  0.9995 1 
 46.8666 -0.0293 -0.2807  0.0211  0.2758  0.0392  0.5209  0.0214  0.0339  0.2327 0 
 41.8860  0.0383  2.8611  0.0090  0.1550  0.0664  0.1341  0.0065 -0.0003  0.1321 0 
 38.2483 -0.0005 -0.2052  0.5514  0.6401  0.0386  0.1833  0.1926 -0.0003  0.9928 1 
 37.3083  0.0296  2.9266  0.3732  0.4687  0.0983  0.2307  0.1747 -0.0003  0.9818 1 
 45.8686  0.6939  0.4519  0.3079  0.2612  0.0504  0.3929  0.4262 -0.0003  0.9928 1 
 45.5604 -0.6862 -2.7256  0.1982  0.6025  0.0498  0.3935  0.2437  0.0633  0.9489 1 
 44.4312  0.5420  0.3183  0.6963  0.6037  0.0557  0.3522  0.5883 -0.0003  0.9980 1 
 11.9051 -0.5856 -2.8077  0.2719  0.4034  0.0134  0.4045  0.2651  0.1915  0.9920 1 
 47.4281  0.6881  1.5113  0.3551  0.2629  0.0293  0.6058  0.3681 -0.0003  0.9911 1 
 45.2125 -0.6991 -1.6053  0.1065  0.7260  0.0367  0.5696  0.2874 -0.0003  0.9212 1 
 46.5126 -0.3324 -0.8172  0.0049  0.2735  0.0116  0.3480  0.0749 -0.0003  0.0521 0 
 44.7425  0.3422  2.3286  0.0045  0.4561  0.0444  0.3954  0.0607 -0.0003  0.1603 0 
 60.3830  0.6141  0.3177  0.0313  0.3190  0.0239  0.1629  0.0068 -0.0003  0.1561 0 
 39.6735 -0.6002 -2.8198  0.0201  0.0828  0.0166  0.3176  0.0152 -0.0003  0.0433 0 
 39.3225 -0.7938 -1.8144  0.1362  0.1741  0.1329  0.4548  0.2082 -0.0003  0.8399 0 
 37.4823  0.7504  1.2573  0.0228  0.0308  0.5325  0.2304  0.0067 -0.0003  0.0649 0 
 52.8695  0.4618 -1.0654  0.0041  0.7393  0.0160  0.2946  0.1496 -0.0003  0.1729 0 
 50.7393 -0.4454  2.1186  0.0037  0.3829  0.0904  0.2977  0.0104 -0.0003  0.1780 0 
 51.1971  0.0682  2.8393  0.0308  0.2417  0.0996  0.3394  0.0256 -0.0003  0.1899 0 
 40.5737 -0.0752 -0.2684  0.0080  0.2048  0.0361  0.4510  0.0854 -0.0003  0.1149 0 
 51.4473 -0.5796  1.0507  0.0481  0.5577  0.0356  0.3390  0.0129 -0.0003  0.3434 0 
 40.9735  0.5996 -2.1056  0.0208  0.4260  0.0412  0.2249  0.0038 -0.0003  0.2406 0 
 41.7090 -0.7234 -0.7476  0.0224  0.3347  0.0354  0.4029  0.0472 -0.0003  0.1679 0 
 40.9491  0.6840  2.4862  0.0030  0.2541  0.1859  0.6298  0.0253 -0.0003  0.2108 0 
 50.9285 -0.6881  1.5283  0.0225  0.1655  0.0487  0.4674  0.1306 -0.0003  0.1982 0 
 43.4669  0.6882 -1.6089  0.0071  0.1763  0.0310  0.0885  0.0142  0.1779  0.4721 0 
 40.8270 -0.6521  1.4769  0.1805  0.2489  0.0322  0.4052  0.2482  0.0935  0.9079 1 
 39.9756  0.6221 -1.6767  0.3002  0.4160  0.0363  0.5886  0.3590 -0.0003  0.9887 1 
 46.0609 -0.6579 -1.9974  0.0018  0.8313  0.0073  0.2180  0.0757 -0.0003  0.1356 0 
 39.6216  0.6428  1.1728  0.0062  0.1230  0.1876  0.2270  0.0045 -0.0003  0.0841 0 
 45.8381  0.6265  2.7563  0.0130  0.4424  0.0053  0.1746  0.0301 -0.0003  0.0923 0 
 40.1129 -0.6255 -0.4481  0.0064  0.1858  0.0761  0.2262  0.0364 -0.0003  0.1183 0 
 49.4636  0.3667 -0.7323  0.0073  0.4134  0.0360  0.3853  0.0665 -0.0003  0.1406 0 
 44.1901 -0.3638  2.4064  0.0642  0.1658  0.0117  0.2645  0.0305 -0.0003  0.0769 0 
 48.5542  0.5119  0.4396  0.0219  0.4912  0.0693  0.3871  0.0809 -0.0003  0.2858 0 
 47.8584 -0.5526 -2.7767  0.0354  0.7282  0.1830  0.5181  0.1528  0.0603  0.5354 0 
 50.1747 -0.4665  1.5376  0.0276  0.4494  0.0586  0.2986  0.0479 -0.0003  0.2857 0 
 45.3834  0.4766 -1.6130  0.0239  0.0922  0.0591  0.5691  0.1408 -0.0003  0.1982 0 
 47.0771  0.6834 -0.8129  0.0324  0.0660  0.5273  0.4769  0.1464 -0.0003  0.2048 0 
 45.6001 -0.6991  2.2772  0.0197  0.0843  0.0680  0.3060  0.0594 -0.0003  0.0828 0 
 44.2420  0.6629 -2.1086  0.0100  0.2799  0.0853  0.3525  0.0524 -0.0003  0.1608 0 
 35.9380 -0.6606  0.9948  0.0106  0.3069  0.0133  0.2797  0.0170 -0.0003  0.0615 0 
 43.4119  0.2172  0.8313  0.1071  0.0498  0.0321  0.4872  0.1684 -0.0003  0.3321 0 
 37.0764 -0.2330 -2.3194  0.0025  0.4234  0.0314  0.3236  0.0165  0.0771  0.2306 0 
 44.8035  0.6561 -0.2114  0.0178  0.6204  0.0423  0.2635  0.0733 -0.0003  0.2559 0 
 43.5462 -0.6401  2.9345  0.0010  0.6609  0.0597  0.4425  0.0450 -0.0003  0.1889 0 
 44.2481  0.5674 -0.0948  0.0043  0.4818  0.0385  0.2203  0.0783 -0.0003  0.1672 0 
 39.0204 -0.5791  3.0617  0.0319  0.2290  0.0699  0.4102  0.0297  0.3219  0.5148 0 
 53.7301 -0.7455 -1.2501  0.0214  0.1789  0.0503  0.3354  0.1179  0.1010  0.3090 0 
 48.1239  0.7352  1.8915  0.0092  0.2845  0.0148  0.1293  0.0516 -0.0003  0.0912 0 
 42.5696 -0.6179  2.6378  0.0357  0.3537  0.0240  0.4452  0.0292 -0.0003  0.2044 0 
 40.7141  0.6019 -0.5065  0.0947  0.4011  0.0330  0.4956  0.1047  0.2245  0.8420 0 
 40.9705 -0.2577  0.7923  0.0621  0.7192  0.0461  0.4048  0.1246 -0.0003  0.6591 0 
 35.1324  0.2452 -2.3949  0.0186  0.7353  0.0340  0.7507  0.0491  0.2364  0.6286 0 
 46.9673 -0.0347  2.9242  0.0272  0.1194  0.0836  0.4338  0.0036 -0.0003  0.1105 0 
 41.5076  0.0516 -0.2311  0.0158  0.2204  0.0262  0.5827  0.0342 -0.0003  0.1638 0 
 57.3800 -0.4049 -2.5502  0.3018  0.4627  0.0800  0.4536  0.4020 -0.0003  0.9960 1 
 28.6870  0.3818  0.5768  0.1248  0.4241  0.0422  0.3483  0.1358  0.4082  0.9955 1 
 53.2448 -0.1389 -1.3724  0.1745  0.3866  0.1065  0.3361  0.1301 -0.0003  0.8369 0 
 45.2766  0.1289  1.8403  0.0351  0.1938  0.0168  0.2190  0.1042 -0.0003  0.0986 0 
 48.9357  0.1583  2.5691  0.1708  0.5569  0.0537  0.2146  0.2799 -0.0003  0.9392 1 
 48.2033 -0.1387 -0.5761  0.3176  0.5456  0.0710  0.4740  0.3438 -0.0003  0.9933 1 
 47.1748  0.5374 -2.8044  0.0092  0.0951  0.0969  0.4333  0.0320 -0.0003  0.0730 0 
 46.3630 -0.5277  0.3333  0.0774  0.0884  0.1318  0.4353  0.1113 -0.0003  0.2964 0 
 45.9480  0.1205  2.0613  0.0041  0.5745  0.1363  0.5236  0.0202 -0.0003  0.2233 0 
 44.3000 -0.1146 -1.0263  0.0453  0.3191  0.1431  0.6167  0.0058 -0.0003  0.3203 0 
 43.1312 -0.1381  1.4446  0.0370  0.6269  0.0058  0.3549  0.0652 -0.0003  0.1533 0 
 40.7050  0.1434 -1.7139  0.0143  0.3519  0.0468  0.6308  0.0447 -0.0003  0.2396 0 
 43.0335 -0.7659 -1.8088  0.0060  0.3449  0.1205  0.5327  0.0045 -0.0003  0.1810 0 
 38.8739  0.7682  1.3207  0.1323  0.4572  0.0520  0.1825  0.0517 -0.0003  0.7012 0 
 46.7292  0.6542 -0.8340  0.0404  0.6433  0.0329  0.4778  0.0787 -0.0003  0.4022 0 
 38.9166 -0.6447  2.3551  0.0055  0.3667  0.0844  0.4105  0.0888 -0.0003  0.1942 0 
 39.9786  0.6981  1.3998  0.0075  0.0707  0.0114  0.1811  0.0362 -0.0003  0.0355 0 
 37.6318 -0.7101 -1.7625  0.0862  0.4502  0.0450  0.4143  0.1433  0.1927  0.8222 0 
 44.6723 -0.4245  2.3253  0.0360  0.3604  0.1558  0.5274  0.0247 -0.0003  0.2799 0 
 43.0610  0.3984 -0.7800  0.0269  0.5073  0.0381  0.4439  0.0594 -0.0003  0.2703 0 
 48.6641  0.2950  2.7495  0.0260  0.1549  0.0641  0.3009  0.0657 -0.0003  0.1259 0 
 37.1313 -0.3129 -0.3603  0.0134  0.6524  0.0657  0.2310  0.0120 -0.0003  0.2953 0 
 43.8209  0.6616  0.3288  0.0330  0.4679  0.0477  0.5743  0.0147 -0.0003  0.2887 0 
 42.3285 -0.6550 -2.7793  0.0123  0.3594  0.0223  0.3121  0.0065 -0.0003  0.1022 0 
 47.9805  0.1354  2.9157  0.0033  0.2860  0.1039  0.5609  0.0345 -0.0003  0.1704 0 
 45.8930 -0.1610 -0.2328  0.0873  0.2567  0.0741  0.2182  0.0643 -0.0003  0.4712 0 
 39.1791 -0.3797  2.8704  0.1522  0.4404  0.0765  0.4553  0.1625 -0.0003  0.8664 1 
 33.9055  0.3618 -0.2803  0.3887  0.7298  0.0904  0.3317  0.2906  0.4017  0.9981 1 
 52.0394 -0.0415  3.1393  0.0034  0.0647  0.0167  0.2536  0.1032  0.1223  0.1671 0 
 47.0069  0.0472  0.0011  0.0219  0.3490  0.0120  0.3036  0.0748 -0.0003  0.0860 0 
 56.6293  0.4387  2.3045  0.5990  0.3456  0.1429  0.6619 -0.0200 -0.0003  0.9827 1 
 44.7822 -0.4308 -0.8202  0.2397  0.3961  0.0454  0.2635  0.2783 -0.0003  0.9493 1 
 47.1107 -0.3447  2.2835  0.0047  0.1900  0.0429  0.1301  0.0065 -0.0003  0.1158 0 
 46.9581  0.3556 -0.8617  0.0500  0.1053  0.1219  0.5640  0.0095 -0.0003  0.2011 0 
 48.2734 -0.0512 -0.3724  0.7473  0.3817  0.1887  0.5600  0.6232 -0.0003  0.9980 1 
 42.4323  0.0748  2.7827  0.1758  0.4932  0.1212  0.5347  0.2470 -0.0003  0.9630 1 
 45.8228 -0.1494 -2.0109  0.0272  0.1596  0.1079  0.4803  0.0256 -0.0003  0.1539 0 
 44.4587  0.1540  1.1351  0.0135  0.3704  0.0382  0.4841  0.0626 -0.0003  0.1919 0 
 50.5165  0.7184 -2.6734  0.0007  0.0976  0.0375  0.2555  0.0193 -0.0003  0.0522 0 
 41.7609 -0.7167  0.5177  0.0352  0.2678  0.2056  0.4922  0.0510 -0.0003  0.2870 0 
 50.6355  0.7505  2.7478  0.0796  0.3989  0.0785  0.4255  0.0515 -0.0003  0.4566 0 
 45.2583 -0.7579 -0.3732  0.0380  0.3144  0.0713  0.3942  0.0150 -0.0003  0.2482 0 
 50.3243 -0.2010 -2.0367  0.0425  0.6157  0.0646  0.2131  0.0312 -0.0003  0.4526 0 
 34.0856  0.2134  1.1455  0.0328  0.2370  0.2195  0.5679  0.1373  0.5400  0.8309 0 
 47.1046  0.6162  0.8524  0.0060  0.1380  0.1480  0.2168  0.0648 -0.0003  0.0969 0 
 41.1231 -0.6260 -2.2997  0.0873  0.3171  0.0298  0.1348  0.0386 -0.0003  0.2857 0 
 53.8766  0.7630 -0.9072  0.0309  0.7030  0.0206  0.1257  0.0054 -0.0003  0.1964 0 
 48.5664 -0.7693  2.2658  0.0128  0.3190  0.0257  0.3441  0.0992 -0.0003  0.1126 0 
 46.5187 -0.4858 -1.6152  0.0190  0.4751  0.0864  0.6524  0.0375 -0.0003  0.2610 0 
 43.9796  0.4787  1.5254  0.0039  0.1879  0.0200  0.3531  0.0853  0.0556  0.1089 0 
 49.2744 -0.1056 -1.2058  0.0030  0.3852  0.0496  0.2999  0.0622 -0.0003  0.1482 0 
 41.9165  0.1065  2.0461  0.0033  0.4176  0.1291  0.3576  0.0727 -0.0003  0.2141 0 
 45.0904 -0.7637 -0.9216  0.0136  0.2754  0.0650  0.3069  0.0215 -0.0003  0.1614 0 
 41.8982  0.7436  2.2044  0.0792  0.1172  0.0084  0.3577  0.1678 -0.0003  0.2081 0 
 65.7786 -0.6827 -2.9228  0.0105  0.2030  0.2394  0.1596  0.0327 -0.0003  0.1904 0 
 46.5278  0.6891  0.1861  0.0062  0.1134  0.0288  0.4349  0.1321 -0.0003  0.0939 0 
 42.3590  0.6217 -0.2155  0.0288  0.4780  0.0282  0.3566  0.0244  0.0344  0.2701 0 
 42.3194 -0.6123  2.9210  0.1684  0.4810  0.0146  0.1783  0.1588 -0.0003  0.5564 0 
 48.1300 -0.7015  0.6559  0.0071  0.6603  0.0492  0.2586  0.0865 -0.0003  0.2786 0 
 45.9144  0.7155 -2.4749  0.0065  0.2748  0.0858  0.3055  0.0781 -0.0003  0.1728 0 
 49.0242 -0.1605  1.6128  0.0371  0.4625  0.0967  0.6007  0.0231 -0.0003  0.2958 0 
 43.1983  0.1598 -1.5315  0.0930  0.3987  0.0162  0.1330  0.0867 -0.0003  0.2520 0 
 48.9143  0.4459  0.9065  0.0208  0.2680  0.0846  0.3434  0.0240 -0.0003  0.1775 0 
 44.2908 -0.4540 -2.2366  0.0294  0.2116  0.0337  0.2643  0.0180 -0.0003  0.1018 0 
 40.4242 -0.6989 -2.3422  0.1502  0.5267  0.0503  0.3611  0.1213 -0.0003  0.8248 0 
 36.8994  0.6967  0.8050  0.1285  0.1710  0.0338  0.5554  0.0392  0.1556  0.7353 0 
 47.5227  0.0571  1.1665  0.0150  0.6552  0.0571  0.3460  0.0202 -0.0003  0.2361 0 
 45.2979 -0.0558 -1.9873  0.0067  0.2741  0.0301  0.3503  0.0816 -0.0003  0.0874 0 
 48.3955 -0.5876  2.2234  0.0271  0.3530  0.0192  0.3014  0.0349 -0.0003  0.1026 0 
 48.3680  0.5835 -0.9185  0.0294  0.4515  0.0620  0.3444  0.0882 -0.0003  0.3395 0 
 48.7984  0.2340  2.1851  0.0221  0.2788  0.1229  0.5155  0.0178 -0.0003  0.2098 0 
 48.1636 -0.2258 -0.9683  0.0382  0.4213  0.0994  0.3448  0.0895 -0.0003  0.3619 0 
 50.5989  0.5364  1.7508  0.0298  0.2366  0.0526  0.4682  0.0484  0.2308  0.4496 0 
 46.7353 -0.5285 -1.3857  0.0467  0.1652  0.2629  0.4344  0.0074 -0.0003  0.2216 0 
 47.2297 -0.5317 -2.7636  0.0115  0.3583  0.1310  0.3899  0.0045 -0.0003  0.1820 0 
 46.2257  0.5134  0.4034  0.0247  0.4913  0.0128  0.1743  0.0493 -0.0003  0.1196 0 
 44.7150  0.2007 -2.4157  0.0000  0.0573  0.0400  0.3516  0.1384 -0.0003  0.0786 0 
 43.0579 -0.2049  0.6645  0.0191  0.4984  0.0285  0.2663  0.0267 -0.0003  0.1553 0 
 45.2979  0.0244 -3.0803  0.0107  0.1129  0.0187  0.2190  0.0091 -0.0003  0.0437 0 
 41.4008 -0.0469  0.0903  0.1043  0.1566  0.0615  0.1794  0.0213 -0.0003  0.3036 0 
 42.6001  0.0703 -0.6603  0.1273  0.5366  0.0882  0.3116  0.1746  0.4501  0.9900 1 
 32.0897 -0.0393  2.4726  0.1161  0.4413  0.0185  0.2407  0.0712 -0.0003  0.3618 1 
 46.6285  0.5175  2.3734  0.0965  0.5124  0.1913  0.6085  0.0484 -0.0003  0.4668 0 
 38.3612 -0.5517 -0.8161  0.0568  0.3763  0.0153  0.4121  0.0170 -0.0003  0.2288 0 
 45.6367  0.1687 -2.6663  0.0110  0.4774  0.0222  0.3497  0.0187 -0.0003  0.1185 0 
 43.8117 -0.1700  0.4812  0.1521  0.2428  0.0467  0.3534  0.1970 -0.0003  0.7953 0 
 47.5441 -0.6113  1.9459  0.0089  0.4342  0.0506  0.3460  0.0067 -0.0003  0.1893 0 
 37.8729  0.5776 -1.1591  0.1476  0.1302  0.2878  0.3217  0.1430 -0.0003  0.6768 0 
 41.8097 -0.6914  2.8124  0.0747  0.4453  0.0107  0.2684  0.0439 -0.0003  0.1805 0 
 40.8423  0.6794 -0.3027  0.0754  0.6506  0.0212  0.3601  0.0385 -0.0003  0.4033 0 
 51.3100 -0.3780 -2.7000  0.0840  0.1883  0.0688  0.3393  0.2532  0.3159  0.9006 1 
 42.1607  0.3601  0.4594  0.2914  0.0387  0.1800  0.4463  0.2182  1.0919  0.9996 1 
 47.5746 -0.3607  2.5492  0.0256  0.2093  0.0882  0.2594  0.0363 -0.0003  0.1732 0 
 47.3518  0.3678 -0.6196  0.0134  0.5683  0.0133  0.2164  0.0080 -0.0003  0.1200 0 
 48.1880  0.6192 -0.4231  0.0289  0.3779  0.1516  0.3879  0.0290 -0.0003  0.2455 0 
 35.8312 -0.5961  2.7800  0.0368  0.4032  0.0209  0.3733  0.0276 -0.0003  0.1700 0 
 38.0682 -0.6370 -2.7831  0.3630  0.3779  0.0417  0.2294  0.3341  0.3532  0.9989 1 
 35.0835  0.6261  0.4110  0.0451  0.1652  0.0475  0.4694  0.0231 -0.0003  0.1910 1 
 48.0232  0.6204  3.0934  0.6400  0.5698  0.0692  0.4314  0.3902 -0.0003  0.9962 1 
 43.6286 -0.6059 -0.0525  0.0054  0.4862  0.0445  0.5308  0.0347 -0.0003  0.1786 1 
 48.6275 -0.5949  2.6998  0.0034  0.2495  0.0988  0.5589  0.1658 -0.0003  0.2458 0 
 46.1769  0.6084 -0.4527  0.0044  0.1799  0.1355  0.2179  0.0335 -0.0003  0.1164 0 
 52.6253  0.7989 -0.9901  0.0982  0.1695  0.0879  0.3793  0.0588  0.1812  0.6049 0 
 43.3906 -0.7961  2.1676  0.0147  0.4727  0.0312  0.3544  0.0566 -0.0003  0.1521 0 
 47.1931 -0.0548 -1.4824  0.0727  0.5851  0.0222  0.2167  0.0526 -0.0003  0.2837 0 
 43.2898  0.0662  1.6736  0.0019  0.3126  0.0290  0.3989  0.0248 -0.0003  0.0885 0 
 34.8730 -0.1514  2.9922  0.1153  0.3751  0.0233  0.4232  0.2017 -0.0003  0.7270 0 
 33.4386  0.1778 -0.1497  0.3272  0.1093  0.0230  0.2379  0.2808 -0.0003  0.9103 0 
 47.6997  0.6865  2.0564  0.0149  0.3816  0.1089  0.4321  0.0508 -0.0003  0.2095 0 
 37.3266 -0.6935 -1.0183  0.0166  0.4889  0.0769  0.4613  0.0113 -0.0003  0.2012 0 
 50.5470 -0.5895 -1.9211  0.1251  0.5578  0.0362  0.5108  0.1885  0.1637  0.8814 0 
 43.7812  0.5875  1.2282  0.0852  0.2290  0.0350  0.4861  0.0794 -0.0003  0.4255 0 
 48.9387 -0.6241 -1.4142  0.0057  0.7316  0.0497  0.3005  0.0103 -0.0003  0.2373 0 
 48.6152  0.6029  1.7034  0.0637  0.0774  0.0137  0.1720  0.1227 -0.0003  0.0899 0 
 48.6976  0.6673  2.7644  0.0070  0.3968  0.0130  0.1719  0.0347 -0.0003  0.0924 0 
 40.4364 -0.7050 -0.3475  0.0723  0.0276  0.1350  0.1354  0.0158 -0.0003  0.0886 0 
 55.1156  0.1386  0.9698  0.0084  0.4156  0.1086  0.1666  0.0693 -0.0003  0.3321 0 
 48.5115 -0.1163 -2.2176  0.0560  0.6085  0.1348  0.6023  0.0347 -0.0003  0.3428 0 
 45.6092  0.4609  2.1230  0.5954  0.4616  0.0765  0.2623  0.4466  0.6226  0.9998 1 
 38.2422 -0.5070 -1.1298  0.2772  0.5195  0.1388  0.6874  0.4808  0.1767  0.9972 1 
 38.4558  0.0631  0.6065  0.0203  0.1786  0.0205  0.3661  0.0223 -0.0003  0.0644 0 
 34.2657 -0.0416 -2.5504  0.0137  0.0574  0.0725  0.2835  0.0313 -0.0003  0.0721 0 
 40.0580  0.8044 -1.0220  0.0912  0.4369  0.0724  0.5883  0.0744  0.5456  0.9886 1 
 36.6247 -0.7791  2.0475  0.0746  0.2188  0.0724  0.2319  0.0876  0.6261  0.9942 1 
 46.2379  0.5046  0.6621  0.0062  0.2550  0.0483  0.3920  0.0267 -0.0003  0.1158 0 
 43.4241 -0.4613 -2.4793  0.0563  0.4208  0.0463  0.5314  0.0453 -0.0003  0.4127 0 
 45.8717  0.6394 -1.9536  0.0885  0.3053  0.0183  0.1746  0.0349 -0.0003  0.1906 0 
 45.6947 -0.6690  1.1770  0.0435  0.2931  0.0587  0.1311  0.0416 -0.0003  0.3383 0 
 46.2257 -0.4824 -1.9313  0.9568  0.2646  0.0434  0.5663  0.4464 -0.0003  0.9878 1 
 31.9371  0.4429  1.2462  0.1636  0.2537  0.0377  0.1929  0.0734  0.2286  0.8823 1 
 46.6102 -0.5906 -0.8051  0.0016  0.3400  0.0386  0.3478  0.1006 -0.0003  0.1246 0 
 43.8849  0.5653  2.3576  0.0733  0.0199  0.0503  0.1767  0.0170 -0.0003  0.0809 0 
 39.0723 -0.0372  1.5706  0.4096  0.1306  0.1178  0.1822  0.2582  0.7830  0.9997 1 
 30.4570  0.0296 -1.6000  0.2329  0.1841  0.0186  0.4889  0.2219 -0.0003  0.8742 1 
 46.9215  0.4775 -1.1280  0.0212  0.1800  0.0204  0.3472  0.0157 -0.0003  0.0636 0 
 44.8920 -0.4741  2.0193  0.0122  0.3332  0.0348  0.2634  0.0201 -0.0003  0.1211 0 
 49.9001  0.5881  1.1658  0.0584  0.2789  0.0416  0.3417  0.1863 -0.0003  0.4774 0 
 45.7404 -0.6146 -1.9702  0.0058  0.3012  0.0359  0.2621  0.0110 -0.0003  0.1072 0 
 47.5441  0.4767  1.4510  0.0037  0.0952  0.3295  0.4757  0.0091 -0.0003  0.1154 0 
 45.6428 -0.4731 -1.7251  0.0235  0.0582  0.0338  0.2623  0.0198 -0.0003  0.0559 0 
 53.1685 -0.0998 -0.5548  0.0037  0.2626  0.0438  0.1681  0.0372 -0.0003  0.1216 0 
 43.9551  0.0084  2.5819  0.0795  0.2235  0.1359  0.3973  0.0919  0.4346  0.7934 0 
 50.8309  0.4854 -1.2551  0.0892  0.7658  0.0488  0.5526  0.2885 -0.0003  0.9161 1 
 29.0593 -0.4916  1.8403  0.3159  0.4320  0.0312  0.4957  0.2867  0.2401  0.9986 1 
 50.1808 -0.6013 -1.8908  0.0169  0.2632  0.0124  0.2132  0.0136 -0.0003  0.0646 0 
 49.6498  0.6067  1.2171  0.0108  0.3251  0.0682  0.3849  0.0749 -0.0003  0.1879 0 
 46.0395  0.5367  2.4883  0.2301  0.4489  0.0345  0.2617  0.2394  0.2154  0.9686 1 
 42.2461 -0.5232 -0.6059  0.2104  0.5153  0.0152  0.3123  0.3188  0.1260  0.9349 1 
 47.2572 -0.7273 -1.1714  0.0746  0.2815  0.0489  0.4331  0.1113 -0.0003  0.4836 0 
 41.5015  0.7423  1.9895  0.0020  0.3248  0.0263  0.3138  0.1407  0.1805  0.4690 0 
 47.5349  0.1644 -2.6753  0.0499  0.2273  0.1977  0.2163  0.0512 -0.0003  0.3139 0 
 39.5422 -0.1507  0.4831  0.0121  0.4994  0.0454  0.3633  0.0136 -0.0003  0.1982 0 
 46.9154 -0.3809 -0.4847  0.0526  0.1687  0.0381  0.4340  0.1487 -0.0003  0.3007 0 
 44.7211  0.3853  2.6481  0.4361  0.1292  0.0119  0.2197  0.2991 -0.0003  0.9621 0 
 53.4859  0.0252  2.0961  0.1406  0.6282  0.1331  0.5456  0.0475 -0.0003  0.6146 0 
 47.6814  0.0161 -1.0053  0.0963  0.6597  0.0481  0.4753  0.0881 -0.0003  0.7007 0 
 45.5451  0.2636 -1.6577  0.0369  0.2696  0.0370  0.3499  0.0360 -0.0003  0.1695 0 
 45.2430 -0.2789  1.4846  0.0371  0.0679  0.0202  0.4381  0.0184 -0.0003  0.0760 0 
 44.7120 -0.2760 -1.9760  0.6271  0.5650  0.0300  0.2637  0.3908 -0.0003  0.9973 1 
 36.9665  0.2930  1.1592  0.2522  0.2980  0.0515  0.9715  0.1885 -0.0003  0.9778 1 
 46.2257  0.6417  0.9688  0.0432  0.3425  0.0319  0.4356  0.1859 -0.0003  0.4382 1 
 39.8047 -0.6307 -2.1567  0.1196  0.3477  0.0447  0.2266  0.0976  0.0555  0.7059 1 
 40.6348 -0.5582 -1.3580  0.3967  0.2765  0.0349  0.5860  0.0392 -0.0003  0.8800 0 
 35.0378  0.5748  1.7466  0.0333  0.2350  0.0086  0.2818  0.0067 -0.0003  0.0652 0 
 44.5991  0.3229 -0.5745  0.0188  0.0384  0.0525  0.1759  0.1799 -0.0003  0.1374 0 
 36.2860 -0.3596  2.5701  0.0215  0.2579  0.1479  0.3255  0.0164 -0.0003  0.1791 0 
 46.7781  0.5854  0.4885  0.0398  0.7756  0.0556  0.2606  0.0756 -0.0003  0.5190 0 
 44.3854 -0.5910 -2.6774  0.0222  0.2589  0.0656  0.1761  0.0192 -0.0003  0.2292 0 
 48.9876  0.4344  2.3297  0.0364  0.1746  0.0645  0.4291  0.0397 -0.0003  0.1777 0 
 47.5410 -0.4416 -0.7971  0.2949  0.6035  0.0736  0.3892  0.3685 -0.0003  0.9940 0 
 50.2815 -0.6718  1.0395  0.3251  0.4762  0.1007  0.2131  0.3073  0.1370  0.9887 1 
 44.5930  0.6841 -2.1411  0.3666  0.4109  0.0252  0.3078  0.5770 -0.0003  0.9968 1 
 53.3974  0.2589 -2.6446  0.1520  0.3924  0.0685  0.6717  0.1524 -0.0003  0.8798 1 
 46.4210 -0.2629  0.4986  0.1919  0.2105  0.0305  0.2176  0.1359 -0.0003  0.6427 1 
 49.0791 -0.1685  2.3839  0.0131  0.4374  0.0529  0.2574  0.0126 -0.0003  0.2333 0 
 44.0345  0.1733 -0.7199  0.0001  0.1454  0.0175  0.2206  0.0646 -0.0003  0.0383 0 
 48.4566 -0.7085 -1.5307  0.0248  0.2953  0.0589  0.3873  0.0731 -0.0003  0.2221 0 
 38.2300  0.6853  1.6806  0.1369  0.5821  0.0182  0.5041  0.1661 -0.0003  0.8105 0 
 50.0282 -0.6118 -2.0017  0.0340  0.3990  0.1041  0.4268  0.0607 -0.0003  0.2842 0 
 44.2420  0.6167  1.1376  0.0466  0.3135  0.0177  0.3525  0.0829 -0.0003  0.1666 0 
 45.2277  0.0908 -1.9273  0.5399  0.8350  0.0643  0.3505  0.5607 -0.0003  0.9979 1 
 35.4406 -0.0989  1.2090  0.5602  0.7192  0.0440  0.4681  0.4566 -0.0003  0.9968 1 
 46.5980  0.5495  1.1388  0.0059  0.3961  0.1326  0.6086  0.0344 -0.0003  0.2192 0 
 45.2796 -0.5404 -2.0239  0.0050  0.3673  0.0345  0.4380  0.0827 -0.0003  0.1436 0 
 46.3539 -0.3317 -3.0957  0.0437  0.1795  0.0156  0.2612  0.0837 -0.0003  0.0844 0 
 39.2370  0.3115  0.0456  0.0089  0.6326  0.0631  0.5461  0.0905 -0.0003  0.2619 0 
 51.9051 -0.4127 -2.8065  0.0385  0.2688  0.1451  0.4228  0.0631 -0.0003  0.2759 0 
 46.5156  0.4334  0.3309  0.0038  0.4432  0.0246  0.3914  0.0485 -0.0003  0.1018 0 
 45.8808 -0.7052  1.3823  0.2620  0.2864  0.0175  0.3928  0.2320  0.2014  0.9917 1 
 42.5544  0.7016 -1.7916  0.1570  0.2418  0.0447  0.4007  0.3378 -0.0003  0.9069 1 
 46.4790 -0.5131 -0.1537  0.0046  0.1460  0.0294  0.2175  0.0020 -0.0003  0.0597 0 
 45.8015  0.4939  3.0090  0.0057  0.3199  0.0497  0.4367  0.0823 -0.0003  0.1616 0 
 51.1116  0.7636  0.8896  0.0146  0.6515  0.0208  0.4245  0.1010 -0.0003  0.1955 0 
 48.8777 -0.7649 -2.2651  0.0062  0.3787  0.0425  0.2576  0.0091 -0.0003  0.1634 0 
 48.0598 -0.0106 -0.3987  0.0458  0.1176  0.0505  0.2156  0.0258 -0.0003  0.1029 0 
 45.8747  0.0027  2.7736  0.1114  0.4770  0.0676  0.1746  0.0346 -0.0003  0.6886 0 
 42.3163 -0.0491 -1.3885  0.1285  0.2299  0.0710  0.3567  0.1463 -0.0003  0.6939 0 
 39.9695  0.0814  1.7436  0.0669  0.5246  0.0146  0.2264  0.0478  0.0856  0.3674 0 
 50.1595  0.0064  0.6023  0.3786  0.3497  0.0886  0.6398  0.0958 -0.0003  0.9565 1 
 15.1522 -0.0373 -2.5220  0.3165  0.3583  0.0192  0.4301  0.3452  0.2542  0.9991 1 
 58.3261  0.4514  0.0823  0.0327  0.3496  0.0564  0.5339  0.0495 -0.0003  0.2941 0 
 38.8342 -0.4572 -3.0860  0.0070  0.7246  0.0165  0.1826  0.0113 -0.0003  0.1377 0 
 46.9368  0.6206  0.6628  0.0554  0.6786  0.0260  0.4339  0.0560 -0.0003  0.4145 0 
 43.3600 -0.6329 -2.4840  0.0349  0.4247  0.0458  0.3101  0.0290 -0.0003  0.2659 0 
 43.8758  0.7062  2.1445  0.0625  0.4142  0.0293  0.2208  0.0976 -0.0003  0.2958 1 
 30.7683 -0.6895 -0.9317  0.0000  0.4938  0.0840  0.2437  0.0108 -0.0003  0.2146 1 
 49.4331 -0.0135 -1.1535  0.2214  0.6170  0.0831  0.1713  0.0460 -0.0003  0.8938 1 
 42.6886  0.0255  1.9909  0.2235  0.7520  0.0214  0.4894  0.4392 -0.0003  0.9842 1 
 46.6499 -0.6655  1.1444  0.0459  0.5394  0.0230  0.3042  0.0162 -0.0003  0.2273 0 
 45.0324  0.6646 -2.0087  0.0771  0.4688  0.0253  0.1316  0.1817  0.1219  0.6563 0 
 49.6407 -0.1734  2.6568  0.0005  0.3375  0.0156  0.1283  0.0660 -0.0003  0.1009 0 
 43.9521  0.2228 -0.4795  0.0228  0.3342  0.0378  0.2207  0.0095 -0.0003  0.1794 0 
 41.0925  0.7518 -1.7103  0.0030  0.5020  0.0319  0.2247  0.0331  0.1061  0.3045 0 
 39.0265 -0.7336  1.4334  0.0061  0.4637  0.0404  0.4102  0.1313 -0.0003  0.2360 0 
 47.5868  0.1989 -2.8150  0.5435  0.4936  0.0560  0.6485  0.3526  0.1171  0.9959 1 
 35.0683 -0.1940  0.3077  0.5505  0.3716  0.0425  0.3286  0.6008  0.2393  0.9995 1 
 49.1951 -0.1663  2.1911  0.0104  0.5263  0.3570  0.6430  0.1472 -0.0003  0.3857 0 
 45.0050  0.1826 -0.9558  0.1140  0.7442  0.1581  0.5264  0.0714 -0.0003  0.6027 0 
 48.7678 -0.2777  0.3114  0.2525  0.2888  0.0362  0.3437  0.0914 -0.0003  0.7037 0 
 35.2789  0.2532 -2.8129  0.0166  0.2411  0.0614  0.3281  0.0323 -0.0003  0.1447 0 
 56.6049  0.5930  2.4617  0.0008  0.1972  0.1019  0.5379  0.0217  0.3809  0.3492 0 
 50.2083 -0.5931 -0.6811  0.0082  0.3847  0.0302  0.4264  0.0134 -0.0003  0.1371 0 
 48.0659  0.5274 -1.9188  0.0233  0.5444  0.0353  0.2587  0.0101 -0.0003  0.2359 0 
 46.6560 -0.5230  1.2247  0.0115  0.4478  0.0913  0.2173  0.0845 -0.0003  0.3415 0 
 48.9204  0.0323 -0.2994  0.0336  0.0601  0.1248  0.6439  0.0689 -0.0003  0.1940 0 
 42.4109 -0.0438  2.8599  0.0682  0.3748  0.0117  0.2674  0.0242 -0.0003  0.1510 0 
 52.8115  0.0775  0.9631  0.0064  0.4084  0.0647  0.2526  0.1595 -0.0003  0.3826 0 
 42.1881 -0.0651 -2.1860  0.0085  0.2588  0.0381  0.2678  0.0196 -0.0003  0.0947 0 
 49.0669  0.3079  1.0151  0.0800  0.5088  0.1535  0.5148  0.1225 -0.0003  0.5417 1 
 42.7192 -0.3076 -2.1603  0.0306  0.6336  0.0841  0.3558  0.0154 -0.0003  0.2639 1 
 41.9867  0.6032 -0.8487  0.0081  0.2745  0.0542  0.2681  0.0280 -0.0003  0.1336 0 
 40.2564 -0.5728  2.3151  0.0591  0.1493  0.1362  0.2260  0.0113 -0.0003  0.1814 0 
 44.9531 -0.7801  2.9246  0.0101  0.5030  0.0420  0.4388  0.0331 -0.0003  0.1830 0 
 40.2930  0.7963 -0.2190  0.0012  0.3188  0.0213  0.2711  0.0161 -0.0003  0.0675 0 
 50.1564 -0.3790  0.3040  0.0794  0.3454  0.1429  0.3839  0.1673 -0.0003  0.6613 0 
 43.4272  0.4074 -2.8649  0.0103  0.6983  0.0844  0.3100  0.0263 -0.0003  0.2401 0 
 43.2013  0.7058  0.5054  0.1091  0.3222  0.1110  0.4434  0.1152  0.3381  0.8918 1 
 34.1924 -0.7254 -2.6452  0.0523  0.2688  0.0608  0.2364  0.0655 -0.0003  0.3174 1 
 47.0558 -0.3339  0.6994  0.0337  0.7229  0.1859  0.7805  0.1035 -0.0003  0.4236 0 
 44.4587  0.3415 -2.4353  0.0038  0.5316  0.0807  0.5281  0.0087 -0.0003  0.1801 0 
 46.2593 -0.0453  0.5152  0.3373  0.6039  0.0424  0.3920  0.3922 -0.0003  0.9929 1 
 40.5127  0.0452 -2.6255  0.3988  0.2474  0.1204  0.8121  0.3644  0.1750  0.9976 1 
 49.9641  0.5276 -1.4855  0.0686  0.3173  0.0786  0.6405  0.1049 -0.0003  0.5580 1 
 40.9308 -0.5090  1.6327  0.2521  0.7975  0.0317  0.4499  0.2270  0.0178  0.9464 1 
 43.3417 -0.5696 -0.2482  0.1037  0.3413  0.0247  0.6203  0.1308 -0.0003  0.7040 1 
 43.0793  0.5672  2.9571  0.1712  0.4225  0.0424  0.3550  0.1358  0.3165  0.9898 1 
 43.6042 -0.5782  2.8994  0.0961  0.1057  0.1379  0.3539  0.1536  0.0782  0.5758 0 
 33.1609  0.5947 -0.2184  0.0403  0.4415  0.0153  0.4293  0.0460  0.1928  0.5778 0 
 48.2612 -0.6094  0.4086  0.0295  0.4334  0.0454  0.3877  0.0182 -0.0003  0.2473 0 
 47.6600  0.6104 -2.7310  0.0182  0.6222  0.0317  0.2593  0.0912 -0.0003  0.2042 0 
 43.3845 -0.6110 -3.0937  0.0690  0.4458  0.1147  0.3987  0.1758 -0.0003  0.6471 0 
 37.6745  0.6061  0.0352  0.0295  0.2999  0.1070  0.3681  0.0051 -0.0003  0.2026 0 
 38.5168  0.6213  1.6064  0.0608  0.4885  0.0153  0.2744  0.1877 -0.0003  0.3362 0 
 28.7938 -0.5902 -1.4989  0.0209  0.3639  0.0260  0.3479  0.0041 -0.0003  0.1425 0 
 39.5605  0.1626  1.9257  0.3293  0.3562  0.0800  0.3632  0.1186  0.4854  0.9988 1 
 37.9980 -0.0878 -1.1611  0.1231  0.2606  0.0410  0.3214  0.2446 -0.0003  0.7594 1 
 54.7524 -0.0996 -0.2561  0.0055  0.4265  0.1264  0.4589  0.0059 -0.0003  0.1858 0 
 45.9998  0.1292  2.8468  0.0460  0.5661  0.1340  0.4798  0.0214 -0.0003  0.2995 0 
 56.3485  0.6785  0.3069  0.0298  0.0887  0.1113  0.2485  0.0230 -0.0003  0.0766 0 
 38.4283 -0.7076 -2.7693  0.0031  0.2198  0.1035  0.1373  0.0075 -0.0003  0.1955 0 
 46.8269 -0.1278  1.4508  0.0074  0.2104  0.0429  0.3908  0.0638 -0.0003  0.0979 0 
 40.3632  0.1309 -1.7014  0.0196  0.2497  0.0582  0.3161  0.0057 -0.0003  0.1616 0 
 51.8044 -0.0018 -2.8468  0.0107  0.4366  0.1752  0.5500  0.1613 -0.0003  0.3525 0 
 48.0537  0.0285  0.2583  0.0148  0.3527  0.2531  0.6038  0.0749 -0.0003  0.3097 0 
 44.9195  0.4817  0.6982  0.2922  0.5174  0.0374  0.3950  0.1378 -0.0003  0.8463 1 
 31.1864 -0.4463 -2.4036  0.0110  0.3753  0.0349  0.2913  0.0546 -0.0003  0.1217 1 
 44.5899  0.4172  1.2222  0.5681  0.2857  0.0567  0.2639  0.3051  0.4362  0.9989 1 
 27.9606 -0.4268 -1.8453  0.3137  0.5789  0.0173  0.5014  0.3539 -0.0003  0.9801 1 
 42.9786 -0.2346  0.6741  0.0130  0.5178  0.0659  0.3996  0.0193 -0.0003  0.1982 0 
 22.4704  0.2352 -2.4914  0.0128  0.2635  0.0212  0.1610  0.0031 -0.0003  0.1006 0 
 47.3640  0.6464  2.9627  0.0283  0.4574  0.1192  0.3030  0.0269 -0.0003  0.2523 0 
 42.9572 -0.6394 -0.1845  0.0442  0.2286  0.0355  0.3997  0.0641 -0.0003  0.2005 0 
 49.5521 -0.4358 -2.6118  0.0067  0.3866  0.0426  0.1284  0.0120 -0.0003  0.2459 0 
 41.0224  0.4465  0.5121  0.0613  0.2980  0.0339  0.4496  0.0084 -0.0003  0.3024 0 
 49.1920  0.6975  0.4043  0.3088  0.4706  0.0475  0.4287  0.3716 -0.0003  0.9911 1 
 41.9898 -0.6973 -2.6911  0.1504  0.5282  0.0733  0.4468  0.2407 -0.0003  0.9422 1 
 44.9592  0.4055 -0.1552  0.0319  0.3901  0.0957  0.2194  0.0346 -0.0003  0.3168 0 
 43.8727 -0.3948  3.0199  0.0060  0.3416  0.0770  0.2650  0.0484 -0.0003  0.1959 0 
 44.7639  0.5254 -1.4790  0.0228  0.2606  0.3419  0.3075  0.0483 -0.0003  0.2672 0 
 38.6328 -0.4982  1.5982  0.0457  0.2705  0.0186  0.3656  0.0892 -0.0003  0.1654 0 
 46.6743  0.3523 -2.2225  0.0036  0.2677  0.0669  0.4780  0.1358 -0.0003  0.1993 0 
 42.2827 -0.4248  0.9218  0.0088  0.0520  0.0603  0.4014  0.0626 -0.0003  0.0745 0 
 45.6306  0.2645  2.7414  0.0175  0.0936  0.0232  0.3497  0.0125 -0.0003  0.0528 0 
 44.0314 -0.2595 -0.3875  0.0243  0.2651  0.0850  0.6177  0.0330 -0.0003  0.2551 0 
 54.0047  0.1869  0.2675  0.0368  0.7561  0.1912  0.7535  0.0178 -0.0003  0.3347 0 
 44.0436 -0.1724 -2.9419  0.0309  0.6648  0.0245  0.3529  0.0220 -0.0003  0.2162 0 
 38.1964 -0.4174  2.1580  0.0449  0.1645  0.0281  0.2292  0.0580 -0.0003  0.0918 0 
 33.0999  0.3940 -1.0064  0.0598  0.7548  0.0345  0.2386  0.1463 -0.0003  0.5126 0 
 54.8562 -0.2792  1.8437  0.0099  0.5010  0.0461  0.2919  0.0414 -0.0003  0.1948 0 
 40.2899  0.2930 -1.2707  0.0021  0.0337  0.0120  0.2711  0.0064 -0.0003  0.0374 0 
 49.6315 -0.7750 -3.1153  0.0661  0.1408  0.0234  0.3421  0.0717 -0.0003  0.1369 0 
 40.7843  0.7773  0.0137  0.0347  0.0191  0.0649  0.1351  0.0193 -0.0003  0.0954 0 
 51.2825  0.7103 -1.7686  0.0023  0.3877  0.0458  0.4666  0.0248 -0.0003  0.1497 0 
 46.5736 -0.7229  1.4181  0.0044  0.5692  0.0396  0.2609  0.0425 -0.0003  0.1742 0 
 46.6285 -0.4395 -0.1053  0.0289  0.0807  0.2353  0.2608  0.0168 -0.0003  0.0714 0 
 45.9724  0.4331  3.0345  0.0223  0.1005  0.0999  0.3490  0.0240 -0.0003  0.0786 0 
 46.7140 -0.6264 -0.0604  0.0094  0.4067  0.0139  0.3041  0.0886 -0.0003  0.0868 0 
 46.5827  0.6249  3.0811  0.1118  0.5035  0.0228  0.2608  0.0829  0.1642  0.7056 0 
 55.3750 -0.5811  3.0551  0.0318  0.3402  0.0334  0.2080  0.0334 -0.0003  0.1673 0 
 49.2287  0.5874 -0.0505  0.0510  0.1591  0.0501  0.1286  0.0099 -0.0003  0.1820 0 
 47.2084 -0.2467 -1.5099  0.0011  0.2128  0.0609  0.4766  0.0375 -0.0003  0.1162 0 
 44.0894  0.2258  1.6377  0.0333  0.2230  0.0390  0.1764  0.1000 -0.0003  0.1935 0 
 45.0385  0.2735  1.2347  0.1017  0.1496  0.0196  0.3509  0.0488 -0.0003  0.2024 0 
 36.5576 -0.2622 -1.8946  0.0000  0.1657  0.0136  0.1392  0.0030 -0.0003  0.0541 0 
 49.5888 -0.6650 -1.6377  0.1015  0.2394  0.0220  0.1711  0.0904 -0.0003  0.2600 1 
 46.3081  0.6729  1.4735  0.0945  0.1316  0.0416  0.5225  0.2663  0.1276  0.8142 1 
 47.0405 -0.5119 -1.3281  0.0732  0.4856  0.0510  0.5204  0.0688 -0.0003  0.5159 1 
 43.3478  0.4993  1.7868  0.7194  0.8344  0.1145  0.6203  0.8449 -0.0003  0.9983 1 
 43.9918 -0.5474 -2.3699  0.0069  0.1943  0.1744  0.3972  0.0373  0.2861  0.2950 0 
 40.0641  0.5371  0.7627  0.0145  0.2985  0.0326  0.4978  0.0799 -0.0003  0.1812 0 
 55.0729  0.6676  2.9598  0.0109  0.1508  0.1467  0.3333  0.0047 -0.0003  0.0993 0 
 46.3081 -0.6770 -0.2000  0.0130  0.5639  0.0435  0.3919  0.0689 -0.0003  0.2204 0 
 39.3378  0.5794  0.1201  0.0138  0.7470  0.0391  0.4093  0.1474  0.1493  0.6141 1 
 36.3653 -0.5941 -3.0386  0.2391  0.4427  0.0906  0.2788  0.2100  0.5865  0.9991 1 
 47.6936 -0.0085  1.8149  0.0019  0.2270  0.1277  0.5185  0.0670 -0.0003  0.1592 0 
 43.8148  0.0092 -1.3509  0.0406  0.4418  0.0282  0.3534  0.0615 -0.0003  0.2318 0 
 45.8747 -0.0153  0.5049  0.0278  0.4925  0.0456  0.2619  0.0999 -0.0003  0.3225 0 
 43.1495  0.0142 -2.6655  0.0393  0.0993  0.0769  0.2661  0.0067 -0.0003  0.1006 0 
 55.7168 -0.0516  1.7957  0.0587  0.2523  0.0424  0.1662  0.0215 -0.0003  0.2560 0 
 34.7936  0.0353 -1.3364  0.0389  0.1898  0.0349  0.3294  0.0673 -0.0003  0.1302 0 
 44.2908  0.7887  0.6596  0.0151  0.1852  0.0695  0.3965  0.0222 -0.0003  0.1228 0 
 39.5056 -0.7850 -2.5013  0.0001  0.5422  0.1387  0.4997  0.1135 -0.0003  0.2672 0 
 47.1199  0.3414 -2.6271  0.0440  0.3523  0.0225  0.3468  0.0281 -0.0003  0.1696 0 
 44.8737 -0.3287  0.5613  0.0766  0.2990  0.0779  0.3951  0.0602 -0.0003  0.4281 0 
 49.9794  0.6041  3.0581  0.0030  0.6850  0.0296  0.3843  0.0855 -0.0003  0.1608 0 
 35.1690 -0.5896 -0.0548  0.0062  0.4930  0.0611  0.5629  0.0436 -0.0003  0.1944 0 
 46.8116  0.4554 -0.6120  0.1188  0.4644  0.0662  0.3040  0.0252  0.1548  0.7456 0 
 44.8615 -0.4606  2.5506  0.0408  0.6467  0.0548  0.3512  0.0843 -0.0003  0.4530 0 
 48.3436  0.0441  0.0356  0.0257  0.2442  0.1312  0.4306  0.0156 -0.0003  0.1870 0 
 30.8934 -0.0583 -3.1213  0.0346  0.7182  0.0044  0.1460 -0.0007 -0.0003  0.1428 0 
 48.6030 -0.0503 -2.9845  0.0254  0.7938  0.1729  0.5590  0.0269 -0.0003  0.3189 0 
 40.4303  0.0266  0.1375  0.0150  0.1176  0.0217  0.3160  0.0161 -0.0003  0.0476 0 
 46.5095 -0.2168  0.3504  0.0593  0.1511  0.1408  0.2610  0.0313 -0.0003  0.1954 0 
 45.2277  0.2005 -2.7984  0.0737  0.1844  0.0131  0.0438  0.0123 -0.0003  0.1761 0 
 55.7565 -0.5158  2.3995  0.0496  0.1447  0.0452  0.2907  0.0613  0.0838  0.2868 1 
 44.0101  0.5079 -0.7640  0.1827  0.5034  0.0301  0.2648  0.1080  0.0714  0.7527 1 
 43.3631 -0.5693  1.1141  0.0384  0.6012  0.0203  0.1772  0.0123 -0.0003  0.1840 0 
 42.4994  0.5935 -1.9932  0.0001  0.3288  0.0239  0.3563  0.1540  0.0557  0.2421 0 
 45.6855 -0.6505  0.2854  0.0125  0.1554  0.0655  0.3059  0.0585 -0.0003  0.0992 0 
 41.3062  0.6616 -2.8342  0.0087  0.4313  0.0281  0.4937  0.0598 -0.0003  0.1667 0 
 50.5562  0.4213 -1.9033  0.4007  0.3394  0.0603  0.3831  0.2307 -0.0003  0.9785 1 
 45.5299 -0.3623  1.2411  0.7521  0.2599  0.0703  0.3062  0.4064 -0.0003  0.9939 1 
 43.9979  0.3525  2.9765  0.0214  0.0727  0.0309  0.0883  0.0095 -0.0003  0.0786 0 
 41.1536 -0.3381 -0.2095  0.1515  0.1728  0.0129  0.2695  0.1404 -0.0003  0.3877 0 
 48.6885 -0.6965 -2.9170  0.0179  0.1309  0.0137  0.2149  0.0049 -0.0003  0.0441 0 
 47.0466  0.7113  0.2014  0.0176  0.2125  0.0301  0.2602  0.1317 -0.0003  0.1281 0 
 46.0578  0.6027 -3.0658  0.0067  0.4968  0.1349  0.5232  0.0651 -0.0003  0.2364 0 
 42.7893 -0.6218  0.0753  0.0775  0.3476  0.0612  0.5780  0.0236 -0.0003  0.4491 0 
 46.8025 -0.4247 -0.2434  0.0752  0.5367  0.0156  0.3474  0.0259  0.0212  0.3620 0 
 45.3895  0.3798  2.9066  0.0212  0.1445  0.0500  0.3502  0.0726 -0.0003  0.1051 0 
 49.3294  0.6099  2.2615  0.0214  0.0396  0.0528  0.3427  0.0305 -0.0003  0.0710 0 
 48.3803 -0.6055 -0.8811  0.0280  0.4856  0.0700  0.4736  0.0539 -0.0003  0.2726 0 
 49.0547  0.8049  2.1269  0.1445  0.7022  0.0951  0.3861  0.3803 -0.0003  0.9844 1 
 46.0761 -0.7981 -1.0546  0.0794  0.5757  0.0366  0.1744  0.0914 -0.0003  0.4711 1 
 47.1565  0.2454 -2.9084  0.0267  0.2722  0.0101  0.2600  0.0191 -0.0003  0.0658 0 
 43.6347 -0.2520  0.2242  0.0041  0.3924  0.0212  0.1769  0.0191 -0.0003  0.1096 0 
 43.5920 -0.5660 -0.0568  0.2923  0.1712  0.0732  0.3097  0.3226 -0.0003  0.9756 0 
 42.2644  0.5916  3.0931  0.0282  0.7259  0.0414  0.4461  0.0375 -0.0003  0.2972 0 
 39.8444  0.4398 -2.7485  0.4079  0.4834  0.0563  0.3626  0.5889  0.4048  0.9998 1 
 37.6165 -0.4249  0.4301  0.1443  0.5684  0.0421  0.2762  0.1097 -0.0003  0.7815 1 
 46.3386 -0.0313 -1.9847  0.1143  0.3462  0.1209  0.4353  0.0612 -0.0003  0.5022 0 
 45.6855  0.0564  1.1698  0.0411  0.1367  0.1538  0.3933  0.0587 -0.0003  0.1695 0 
 38.7488 -0.7500 -2.2555  0.0219  0.3490  0.0483  0.1370  0.0306 -0.0003  0.2614 0 
 27.9301  0.7302  0.8958  0.0818  0.3080  0.0279  0.3009  0.0157 -0.0003  0.2818 0 
 47.1717  0.3059 -2.7988  0.0115  0.1120  0.0312  0.3033  0.1135 -0.0003  0.0701 0 
 42.3407 -0.3450  0.3279  0.0166  0.7763  0.0685  0.3567  0.0070 -0.0003  0.2444 0 
 51.8379 -0.5590 -0.9072  0.0423  0.5997  0.0213  0.2115  0.0662 -0.0003  0.1939 0 
 49.3996  0.5709  2.2588  0.0646  0.1120  0.0391  0.2141  0.0318 -0.0003  0.1014 0 
 39.8108  0.4998 -1.2684  0.0063  0.5633  0.0936  0.3173  0.1484 -0.0003  0.3812 0 
 35.0744 -0.4993  1.9067  0.0063  0.3343  0.0147  0.1878  0.0379 -0.0003  0.0768 0 
 44.4495  0.1928 -2.2430  0.0252  0.1423  0.1342  0.3521  0.0370 -0.0003  0.1122 0 
 43.7751 -0.1681  0.9045  0.0244  0.5054  0.0881  0.2210  0.0129 -0.0003  0.2843 0 
 46.5309  0.1893 -2.3172  0.0026  0.4076  0.0326  0.3479  0.0316 -0.0003  0.1085 0 
 45.1789 -0.1945  0.8187  0.0574  0.2501  0.2519  0.3944  0.0195 -0.0003  0.3035 0 
 48.6366 -0.2903  1.0717  0.1098  0.5173  0.1508  0.4729  0.0349 -0.0003  0.4783 0 
 43.4577  0.2793 -2.0967  0.0866  0.5051  0.0327  0.3985  0.0604 -0.0003  0.5351 0 
 48.2826  0.7524  1.2048  0.0182  0.3014  0.0244  0.3876  0.1539 -0.0003  0.1914 0 
 40.1892 -0.7276 -1.9822  0.0079  0.5687  0.0318  0.2713  0.1121 -0.0003  0.1838 0 
 32.5170 -0.4595 -1.7620  0.4913  0.2721  0.0500  0.6715  0.3889  0.2423  0.9999 1 
 28.9769  0.4801  1.3569  0.4611  0.5322  0.0233  0.1984  0.6159  0.3429  0.9997 1 
 44.3244 -0.7090  0.9169  0.0288  0.3545  0.0264  0.2643  0.0334 -0.0003  0.1284 0 
 42.1576  0.7197 -2.2187  0.0394  0.4283  0.0983  0.5356  0.0344 -0.0003  0.2965 0 
 46.4302  0.7526 -2.1648  0.0344  0.2041  0.1017  0.3481  0.1340 -0.0003  0.3028 0 
 30.7042 -0.7496  0.9436  0.0357  0.5173  0.0120  0.2439  0.0141 -0.0003  0.1300 0 
 44.4800  0.1306 -1.5408  0.0520  0.1298  0.1785  0.3520  0.0287  0.9126  0.7808 1 
 38.5809 -0.1218  1.6031  0.1727  0.1344  0.0161  0.1371  0.2885 -0.0003  0.5341 1 
 76.7559  0.2662  0.9603  0.0243  0.2868  0.0734  0.3463  0.0833 -0.0003  0.2388 0 
 49.1279 -0.2605 -2.2265  0.0041  0.3916  0.0614  0.3859  0.0165 -0.0003  0.1632 0 
 46.7475 -0.0886 -2.4139  0.0007  0.4721  0.1274  0.4778  0.1031  0.0280  0.2558 0 
 41.3825  0.0862  0.7018  0.0759  0.6623  0.0140  0.3140  0.1446 -0.0003  0.4234 0 
 44.9531  0.1073  0.1788  0.0388  0.3356  0.0354  0.3950  0.0591  0.0408  0.3320 0 
 44.1382 -0.1162 -2.9912  0.0364  0.3782  0.1805  0.7496  0.0495 -0.0003  0.3985 0 
 47.4159  0.5807  3.0972  0.0510  0.3319  0.0244  0.5626  0.0853 -0.0003  0.3958 1 
 46.4546 -0.6120 -0.0312  0.7173  0.6373  0.0712  0.2610  0.3780  0.4376  0.9982 1 
 44.0223 -0.5897  1.5938  0.0702  0.5064  0.0509  0.1324  0.0466 -0.0003  0.5165 0 
 43.2105  0.5780 -1.5980  0.0067  0.6384  0.0369  0.4434  0.1469 -0.0003  0.3156 0 
 51.8746 -0.5126 -1.0084  0.0325  0.5180  0.0302  0.3806  0.2077 -0.0003  0.4814 0 
 44.6876  0.4332  2.1304  0.0016  0.2321  0.0980  0.4395  0.1042  0.1346  0.2740 0 
 46.4790 -0.1424 -2.4525  0.0638  0.0612  0.0897  0.3045  0.1271 -0.0003  0.1630 0 
 44.5411  0.1408  0.6887  0.0095  0.1143  0.0057  0.1320  0.0485 -0.0003  0.0385 0 
 48.4840 -0.5177  2.6810  0.0386  0.5394  0.1642  0.8175  0.0134 -0.0003  0.3639 0 
 42.6307  0.5067 -0.4461  0.0078  0.7763  0.0241  0.4895  0.1782 -0.0003  0.3691 0 
 48.4993  0.4228  1.1802  0.0316  0.2425  0.0792  0.5163  0.2487 -0.0003  0.4614 1 
 46.7262 -0.4366 -1.9621  0.3894  0.6089  0.0557  0.5213  0.3774  0.2423  0.9990 1 
 48.3467  0.5542  2.8007  0.0165  0.1249  0.0704  0.1292  0.1254 -0.0003  0.1862 0 
 42.9572 -0.5389 -0.3047  0.0056  0.2958  0.0236  0.3109  0.0505 -0.0003  0.0655 0 
 44.9775 -0.7496 -1.6783  0.0096  0.1727  0.0338  0.2633  0.0150 -0.0003  0.0645 0 
 38.7030  0.7505  1.4425  0.0390  0.4768  0.0437  0.3654  0.0472  0.2482  0.6670 0 
 51.9936 -0.7356 -2.0320  0.0121  0.4426  0.1504  0.4227  0.1663 -0.0003  0.3554 0 
 46.0273  0.7439  1.1454  0.0132  0.3998  0.0298  0.3925  0.0546  0.1157  0.3411 0 
 48.6427 -0.0668  3.0767  0.0073  0.4769  0.1066  0.2580  0.0838 -0.0003  0.2837 0 
 44.7913  0.0636 -0.0638  0.0016  0.1763  0.0382  0.3075  0.0225 -0.0003  0.0624 0 
 46.6224 -0.7420  0.7109  0.0417  0.3671  0.1534  0.8259  0.0727  0.2864  0.7184 0 
 45.0690  0.7430 -2.4459  0.1061  0.2923  0.0487  0.3947  0.0223 -0.0003  0.4475 0 
 42.3896 -0.6540 -2.3179  0.0594  0.1483  0.0384  0.1337  0.0744 -0.0003  0.1758 0 
 42.1973  0.6459  0.8570  0.0041  0.3711  0.1166  0.4462  0.0058  0.2155  0.3127 0 
 52.0302  0.3066  2.4839  0.0184  0.3104  0.1331  0.4226  0.1253 -0.0003  0.2893 0 
 49.6376 -0.2588 -0.6856  0.0143  0.3235  0.1466  0.5560  0.1468 -0.0003  0.3326 0 
 53.1716 -0.7247  0.9434  0.3264  0.5750  0.1020  0.5043  0.3481 -0.0003  0.9961 1 
 40.8667  0.7495 -2.2400  0.1451  0.5743  0.0280  0.2250  0.1821  0.2384  0.9161 1 
 47.0924 -0.7195  2.2653  0.0259  0.8438  0.0450  0.3902  0.1271  0.1584  0.6565 0 
 46.6743  0.7093 -0.8502  0.0320  0.2261  0.0325  0.3042  0.1021 -0.0003  0.1496 0 
 52.1431 -0.4347  2.5269  0.0081  0.2709  0.0406  0.3379  0.0312 -0.0003  0.1014 0 
 44.8585  0.4398 -0.5978  0.0472  0.2575  0.0270  0.2634  0.0899 -0.0003  0.1696 0 
 47.7028 -0.3924 -0.8357  0.0012  0.2159  0.0332  0.5185  0.0134  0.1679  0.2311 0 
 38.5412  0.3940  2.3617  0.0378  0.5864  0.0674  0.3659  0.0081 -0.0003  0.2843 0 
 45.4200 -0.0010  2.0577  0.0631  0.6415  0.0499  0.4814  0.1116 -0.0003  0.5919 0 
 35.1873  0.0072 -1.1316  0.0068  0.1583  0.0221  0.1876 -0.0001 -0.0003  0.0584 0 
 49.8054  0.2594  0.5060  0.0141  0.4338  0.0319  0.2136  0.0103 -0.0003  0.1734 0 
 42.3682 -0.2673 -2.6451  0.1184  0.0696  0.0550  0.2229  0.0827 -0.0003  0.1789 0 
 47.3030 -0.7451  1.3073  0.0089  0.1684  0.0172  0.2165  0.0406 -0.0003  0.0420 0 
 42.6184  0.7430 -1.8133  0.0319  0.3936  0.1384  0.3116  0.0325 -0.0003  0.2598 0 
 59.2355 -0.4267  2.1912  0.1283  0.1858  0.1002  0.4092  0.1304 -0.0003  0.6420 0 
 47.2084  0.4085 -0.9609  0.0161  0.4307  0.0305  0.3466  0.0115 -0.0003  0.1579 0 
 45.6336  0.3845  2.7794  0.0902  0.2862  0.0298  0.4371  0.0157 -0.0003  0.3745 0 
 44.5258 -0.3974 -0.3615  0.0078  0.1464  0.0411  0.2640  0.0434 -0.0003  0.0615 0 
 47.2236  0.0443 -0.4467  0.0273  0.4898  0.1037  0.5198  0.0706 -0.0003  0.2866 0 
 33.6645 -0.0543  2.6939  0.0109  0.6993  0.0265  0.4274  0.0316  0.0534  0.2517 0 
 46.5064 -0.5734  1.7094  0.0462  0.1825  0.1264  0.3480  0.0380 -0.0003  0.1993 0 
 44.2237  0.5719 -1.3806  0.0557  0.5551  0.0980  0.2644  0.0126 -0.0003  0.3485 0 
 55.2499  0.1393 -2.3498  0.0543  0.3511  0.1381  0.3330  0.0289 -0.0003  0.3113 0 
 48.0598 -0.1498  0.7564  0.2102  0.5273  0.0311  0.3019  0.2444 -0.0003  0.9080 0 
 46.2989  0.7157 -2.3352  0.0644  0.3460  0.0074  0.1306  0.0148  0.1058  0.2647 0 
 35.8190 -0.7037  0.8266  0.0333  0.2172  0.0549  0.2800  0.0318 -0.0003  0.1622 0 
 50.2968 -0.6508  1.7069  0.0101  0.2998  0.0614  0.4262  0.0519 -0.0003  0.1636 0 
 37.9828  0.5818 -1.4433  0.0223  0.2697  0.0518  0.2755  0.0099 -0.0003  0.1711 0 
 37.0825  0.4784 -0.9987  0.1639  0.1301  0.0500  0.4622  0.1892  0.4711  0.9966 1 
 28.6259 -0.5077  2.1324  0.0249  0.4649  0.0357  0.1991  0.0413  0.3801  0.9752 1 
 41.6266 -0.6741  1.2688  0.0271  0.4015  0.0208  0.3583  0.0745 -0.0003  0.1432 0 
 32.8099  0.6852 -1.8652  0.0350  0.6242  0.0181  0.3349  0.0820 -0.0003  0.1979 0 
 52.8695 -0.5397 -0.8999  0.2642  0.2339  0.0453  0.5472  0.3228 -0.0003  0.9805 1 
 41.0895  0.5403  2.2502  0.0370  0.4161  0.0514  0.3595  0.0888  0.4294  0.9517 1 
 43.1983 -0.5521 -2.9403  0.0276  0.1266  0.0510  0.2661  0.0562 -0.0003  0.0912 0 
 43.1708  0.5550  0.2480  0.0092  0.1941  0.0084  0.0444  0.0032 -0.0003  0.1051 0 
 46.1463  0.7961 -2.4155  0.0108  0.1716  0.0880  0.4358  0.0067 -0.0003  0.1136 0 
 45.1240 -0.7965  0.7891  0.0079  0.3099  0.1655  0.4384  0.0856 -0.0003  0.2252 0 
 48.2246 -0.0591 -2.8686  0.0215  0.4229  0.0455  0.5601  0.0152 -0.0003  0.2372 0 
 45.8991  0.0640  0.2627  0.0257  0.1765  0.0334  0.3491  0.0233 -0.0003  0.0902 0 
 48.1147  0.0064 -2.4449  0.0136  0.6662  0.0366  0.6036  0.0760 -0.0003  0.2801 0 
 44.4434 -0.0170  0.7112  0.0118  0.6000  0.0526  0.4842  0.0333 -0.0003  0.2070 0 
 42.2889 -0.3240 -2.5864  0.0331  0.3757  0.0517  0.3568  0.0985 -0.0003  0.3201 0 
 36.8170  0.3015  0.5369  0.1345  0.2832  0.0757  0.4168  0.0110 -0.0003  0.5010 0 
 44.7791  0.5647  2.2672  0.0467  0.3706  0.0278  0.3075  0.0840 -0.0003  0.2235 0 
 44.7395 -0.5745 -0.8863  0.0179  0.4308  0.0157  0.3515  0.0273 -0.0003  0.1007 0 
 54.7555 -0.3748 -2.0470  0.0352  0.3804  0.2180  0.5841  0.0195 -0.0003  0.3066 0 
 43.7415  0.3932  1.0824  0.0232  0.2002  0.0262  0.0884  0.0073 -0.0003  0.1336 0 
 51.5297 -0.5567  0.8517  0.0876  0.7167  0.0356  0.3813  0.0601 -0.0003  0.6288 1 
 39.6551  0.5621 -2.3132  0.0106  0.6771  0.0225  0.4538  0.4288 -0.0003  0.7190 1 
 45.4688  0.7169  0.7052  0.0327  0.1438  0.0155  0.3500  0.0338 -0.0003  0.0586 0 
 44.1871 -0.7094 -2.4274  0.0392  0.5715  0.0572  0.3967  0.2755 -0.0003  0.7589 0 
 46.4118  0.2624  0.5925  0.0081  0.6136  0.1462  0.3917  0.1288 -0.0003  0.3412 0 
 33.8506 -0.3032 -2.6109  0.0203  0.2461  0.0176  0.1422  0.0193  0.1610  0.4243 0 
 51.5846  0.6056  0.1498  0.0418  0.6981  0.0767  0.4659  0.1213 -0.0003  0.4835 1 
 39.9176 -0.6128 -2.9422  0.0014  0.5364  0.0586  0.5436  0.0076 -0.0003  0.1668 1 
 48.3894 -0.6163  2.5015  0.0310  0.3395  0.0338  0.4305  0.0939 -0.0003  0.2515 0 
 39.0234  0.6235 -0.6228  0.0441  0.1739  0.0105  0.2279  0.0425  0.2121  0.7186 0 
 51.8929  0.1170  0.6033  0.0048  0.3477  0.0481  0.3383  0.0253 -0.0003  0.1380 0 
 47.0008 -0.1229 -2.5370  0.0268  0.6442  0.0620  0.6072  0.0405 -0.0003  0.2912 0 
 43.3539  0.3135  1.3332  0.0710  0.5720  0.0176  0.0886  0.1835 -0.0003  0.3269 0 
 43.0060 -0.3369 -1.8100  0.0916  0.2074  0.0464  0.3108  0.0987 -0.0003  0.3979 0 
 47.8920  0.7586 -0.9755  0.0032  0.2610  0.0668  0.3885  0.1740 -0.0003  0.2349 0 
 34.5281 -0.7680  2.1298  0.0433  0.2783  0.0189  0.3772  0.0633 -0.0003  0.1482 0 
 39.4629  0.5563  1.7427  0.0305  0.1024  0.0096  0.1817  0.0215 -0.0003  0.0390 0 
 39.3683 -0.5407 -1.4296  0.0882  0.1943  0.0403  0.4092  0.1026 -0.0003  0.3988 0 
 45.2979  0.7803 -1.4233  0.0295  0.6786  0.0205  0.3504  0.1568 -0.0003  0.2988 0 
 39.0723 -0.7640  1.7218  0.0192  0.4418  0.1487  0.4100  0.1442 -0.0003  0.3524 0 
 65.8274  0.6116  2.6686  0.0640  0.1678  0.0957  0.1197  0.0218  0.1893  0.4587 0 
 49.5552 -0.5972 -0.4899  0.1335  0.8831  0.0287  0.2995  0.2618 -0.0003  0.8729 0 
 46.8757  0.6877 -2.6036  0.2195  0.4317  0.0389  0.3038  0.1050 -0.0003  0.7598 1 
 40.8301 -0.6808  0.5955  0.0916  0.2807  0.0550  0.3151  0.1347 -0.0003  0.5836 1 
 42.9908  0.2489 -1.9403  0.1036  0.2663  0.0119  0.3552  0.2824  0.1198  0.7988 0 
 41.7456 -0.2376  1.1773  0.0284  0.3781  0.0329  0.4028  0.0994  0.1090  0.4617 0 
 47.6722 -0.4498 -0.7039  0.1091  0.6233  0.1803  0.5618  0.1956 -0.0003  0.8642 0 
 45.1667  0.4291  2.4083  0.1338  0.2662  0.0338  0.1315  0.0740 -0.0003  0.4650 0 
 46.3478 -0.4706 -2.4760  0.0000  0.0121  0.0064  0.0435  0.0065 -0.0003  0.0620 0 
 43.9368  0.4737  0.6784  0.0446  0.2996  0.0179  0.2207  0.0296 -0.0003  0.1148 0 
 45.8473  0.7789  2.6458  0.0191  0.4566  0.0082  0.2183  0.0352 -0.0003  0.0935 0 
 44.5655 -0.7604 -0.5286  0.0172  0.0942  0.0261  0.1319  0.0024 -0.0003  0.0662 0 
 52.4208  0.1259  2.4442  0.0598  0.4047  0.0606  0.4640  0.0983 -0.0003  0.4813 0 
 46.1189 -0.1433 -0.6894  0.0196  0.2464  0.0621  0.3487  0.1924 -0.0003  0.3354 0 
 48.4504  0.2417 -2.8771  0.5826  0.4815  0.0385  0.3873  0.5450 -0.0003  0.9978 1 
 47.3457 -0.2316  0.2559  0.1814  0.3609  0.0446  0.3897  0.2338  0.3707  0.9973 1 
 51.9966  0.6960 -2.1119  0.0019  0.5343  0.0250  0.2114  0.0826 -0.0003  0.1266 0 
 45.0690 -0.6886  1.0120  0.0000  0.0803  0.0299  0.2193  0.0388 -0.0003  0.0436 0 
 58.3902 -0.7264  2.4411  0.0061  0.3801  0.1048  0.6981  0.0384 -0.0003  0.2365 0 
 45.1453  0.6954 -0.7534  0.0484  0.6327  0.0171  0.3507  0.1318 -0.0003  0.3158 0 
 45.7557  0.1519  0.3348  0.0031  0.1919  0.0442  0.3494  0.0280  0.2987  0.5203 0 
 42.1027 -0.1028 -2.8249  0.0362  0.1657  0.0904  0.3126  0.0286 -0.0003  0.1495 0 
 52.3140 -0.1538  2.2748  0.0673  0.3968  0.0659  0.4220  0.1782 -0.0003  0.6446 1 
 46.9215  0.1780 -0.8569  0.3607  0.2970  0.0295  0.3905  0.3276 -0.0003  0.9820 1 
 45.9724 -0.1578  1.0671  0.0087  0.7643  0.0221  0.3490  0.1147 -0.0003  0.1877 0 
 42.1942  0.1454 -2.1464  0.0183  0.4318  0.0734  0.4016  0.1050 -0.0003  0.2865 0 
 57.2305  0.0940 -0.3536  0.0088  0.7538  0.1922  0.5364  0.0261  0.4164  0.5475 0 
 45.2308 -0.0842  2.7572  0.0191  0.1153  0.0348  0.1752  0.0286 -0.0003  0.0627 0 
 49.1981 -0.4882  0.2677  0.0190  0.4311  0.1191  0.5572  0.0644 -0.0003  0.2623 0 
 46.5064  0.5076 -2.7916  0.0014  0.0483  0.1198  0.2175  0.0441 -0.0003  0.0599 0 
 45.6062  0.3476 -0.7668  0.0348  0.4436  0.0427  0.4372  0.1559 -0.0003  0.4481 0 
 44.2847 -0.3248  2.3604  0.0720  0.1403  0.0158  0.3084  0.1531 -0.0003  0.2079 0 
 50.6416  0.3058  2.2907  0.0543  0.2609  0.0111  0.2553  0.0945 -0.0003  0.1276 0 
 45.6733 -0.2920 -0.8496  0.0154  0.4200  0.0114  0.4807  0.2064 -0.0003  0.2750 0 
 42.7222 -0.4335 -0.4589  0.0384  0.4755  0.0740  0.4448  0.2026 -0.0003  0.5613 0 
 40.5310  0.4443  2.6873  0.0271  0.2857  0.0095  0.3158  0.1170 -0.0003  0.1024 0 
 42.1424 -0.2998  1.3033  0.0020  0.5371  0.0593  0.4017  0.0092 -0.0003  0.1689 0 
 40.6653  0.3023 -1.8288  0.0054  0.2905  0.2134  0.5409  0.0388 -0.0003  0.2203 0 
 49.1218 -0.0587  0.6699  0.0372  0.0937  0.0188  0.2573  0.0838 -0.0003  0.0569 0 
 47.3945  0.0395 -2.4822  0.0090  0.7618  0.1046  0.5194  0.0063 -0.0003  0.2503 0 
 45.4505 -0.4930  0.9047  0.0691  0.0543  0.1251  0.2188  0.0071 -0.0003  0.0814 0 
 34.7204  0.5202 -2.2912  0.0024  0.2301  0.1016  0.3295  0.0298 -0.0003  0.1197 0 
 50.8339 -0.3660 -0.7170  0.0008  0.5053  0.0981  0.3401  0.0274 -0.0003  0.1812 0 
 44.8005  0.3916  2.4011  0.1005  0.2858  0.0243  0.2196  0.1689 -0.0003  0.4507 0 
 48.2155 -0.3485  1.2696  0.0004  0.1685  0.0157  0.2154  0.0783 -0.0003  0.0418 0 
 43.1098  0.3431 -1.8631  0.0049  0.2145  0.0252  0.2662  0.0407 -0.0003  0.0515 0 
 47.3426  0.6102 -1.2392  0.0549  0.2546  0.0775  0.3030  0.0607 -0.0003  0.3198 0 
 46.1158 -0.6017  1.8999  0.0399  0.4374  0.0116  0.2615  0.0494 -0.0003  0.1184 0 
 46.4515  0.4136  1.6666  0.0532  0.6591  0.0536  0.5221  0.1176 -0.0003  0.5449 0 
 46.3050 -0.4284 -1.4497  0.0208  0.3071  0.0174  0.3048  0.0552 -0.0003  0.0792 0 
 52.3995 -0.7340 -1.5760  0.1332  0.3923  0.1979  0.5484  0.0583 -0.0003  0.5509 1 
 46.6957  0.7397  1.5314  0.3286  0.8472  0.0316  0.4345  0.3598  0.0869  0.9916 1 
 47.3732 -0.3572  2.0389  0.0418  0.6972  0.0056  0.2164  0.0267 -0.0003  0.1513 0 
 46.4332  0.3802 -1.0960  0.0227  0.5174  0.0085  0.1740  0.0925 -0.0003  0.1278 0 
 45.7496  0.4339  0.8735  0.0584  0.2811  0.0514  0.4805  0.0838 -0.0003  0.3973 0 
 35.4498 -0.4389 -2.1954  0.0038  0.1184  0.3014  0.2808  0.0203 -0.0003  0.1046 0 
 48.9296 -0.2342 -2.6838  0.0087  0.3056  0.0365  0.3434  0.0439 -0.0003  0.1035 0 
 46.3630  0.2262  0.4565  0.0072  0.3964  0.0678  0.3482  0.0159 -0.0003  0.1792 0 
 48.1910 -0.7171  1.3914  0.0122  0.4039  0.1509  0.3879  0.0527 -0.0003  0.2284 0 
 44.3977  0.7123 -1.7703  0.0105  0.4409  0.0277  0.2201  0.0317 -0.0003  0.1267 0 
 47.6081  0.1790 -1.8188  0.0043  0.5895  0.0564  0.5188  0.1734 -0.0003  0.3435 0 
 43.8514 -0.1899  1.3112  0.0411  0.5839  0.0313  0.2209  0.0482  0.2064  0.6455 0 
 52.3842 -0.1842  0.9964  0.0714  0.3123  0.0764  0.4219  0.0728 -0.0003  0.4402 0 
 41.7151  0.2111 -2.1658  0.0180  0.5701  0.0486  0.2238  0.1336 -0.0003  0.3829 0 
 43.2624 -0.4116  0.6533  0.0045  0.3811  0.0244  0.4433  0.0068 -0.0003  0.1207 0 
 43.0610  0.4211 -2.5081  0.0247  0.0517  0.0950  0.3550  0.1414 -0.0003  0.1089 0 
 42.8717 -0.2606 -0.8873  0.0098  0.1975  0.0291  0.3111  0.1375  0.1337  0.3597 0 
 42.6490  0.2522  2.2166  0.0354  0.2713  0.0429  0.1780  0.0123  0.3877  0.9627 0 
 42.5849  0.0345 -1.9159  0.0313  0.2092  0.0480  0.1781  0.0132 -0.0003  0.1626 0 
 41.0956 -0.0451  1.2442  0.0060  0.5520  0.0310  0.4494  0.0097 -0.0003  0.1651 0 
 47.6295 -0.4181 -0.7570  0.0034  0.1499  0.0353  0.2594  0.0792 -0.0003  0.0573 0 
 46.0090  0.4049  2.3863  0.0076  0.5968  0.0379  0.2617 -0.0200 -0.0003  0.2663 0 
 48.1605 -0.2905 -0.0372  0.0159  0.4122  0.0851  0.5603  0.0373 -0.0003  0.2245 0 
 28.8670  0.3000  3.1261  0.1090  0.1339  0.0083  0.0993  0.0432 -0.0003  0.1228 0 
 44.2115  0.7176 -2.8161  0.1591  0.3120  0.1311  0.4848  0.3310 -0.0003  0.9726 1 
 38.2757 -0.7099  0.2419  0.0052  0.4193  0.0425  0.2291  0.0655 -0.0003  0.1608 1 
 49.8817  0.7834 -0.2992  0.2568  0.5167  0.0580  0.2990  0.3674 -0.0003  0.9881 1 
 40.2258 -0.7934  2.7693  0.0369  0.3053  0.0615  0.3616  0.0941  0.4733  0.9223 1 
 46.6438 -0.3799 -1.5304  0.0253  0.4320  0.0130  0.2173  0.0349 -0.0003  0.1043 0 
 46.3722  0.3675  1.6248  0.0373  0.4766  0.0482  0.3047  0.1020  0.1304  0.6115 0 
 54.2672 -0.1329  1.9493  0.0225  0.2198  0.0380  0.3763  0.0294 -0.0003  0.1171 0 
 40.7568  0.1300 -1.1995  0.0326  0.3744  0.0388  0.3604  0.1592  0.1754  0.6386 0 
 49.7505  0.0101  0.8252  0.0253  0.6162  0.0832  0.2564  0.0276 -0.0003  0.2984 0 
 45.2979  0.0058 -2.3028  0.1356  0.8070  0.0422  0.3503  0.1546  0.1084  0.8724 0 
 47.1992  0.4328  2.0943  0.0029  0.1675  0.0922  0.3899  0.0799 -0.0003  0.1040 0 
 43.1525 -0.4412 -0.9989  0.0952  0.2737  0.0194  0.1774  0.1020 -0.0003  0.2558 0 
 49.5399 -0.4650 -2.1467  0.0600  0.3120  0.0831  0.3851  0.0753  0.0815  0.5261 0 
 48.8472  0.4595  0.9684  0.0340  0.4382  0.0378  0.3006  0.0402 -0.0003  0.2305 0 
 52.2621 -0.6242  2.7343  0.0084  0.0436  0.1533  0.2111  0.0176 -0.0003  0.0475 0 
 46.6377  0.6447 -0.4505  0.0318  0.2103  0.0751  0.4346  0.0099 -0.0003  0.1826 0 
 45.6764  0.1762  2.2018  0.0459  0.3084  0.0161  0.2622  0.0135 -0.0003  0.1190 1 
 31.6014 -0.1569 -0.9430  0.0833  0.2395  0.0365  0.3869  0.1306  0.4345  0.9898 1 
 47.9957  0.7447 -0.8807  0.2127  0.2967  0.0277  0.3020  0.2715 -0.0003  0.8739 1 
 45.3651 -0.7320  2.2377  0.0996  0.2314  0.0558  0.4378  0.1881  0.1595  0.8405 1 
 49.7902 -0.6094 -1.0754  0.0085  0.0788  0.1639  0.3419  0.0211 -0.0003  0.0550 0 
 41.6083  0.5885  2.0012  0.0329  0.0976  0.2140  0.4479  0.0537 -0.0003  0.1323 0 
 58.3902 -0.3480 -2.2941  0.0016  0.0828  0.0363  0.1642  0.0209 -0.0003  0.0579 0 
 47.2389  0.3154  0.8577  0.0271  0.2561  0.0563  0.4765  0.0340 -0.0003  0.2067 0 
 48.0995 -0.7354 -1.9283  0.0094  0.2108  0.0304  0.3018  0.0322 -0.0003  0.0638 0 
 41.0468  0.7376  1.2032  0.0031  0.1485  0.0378  0.3597  0.0107 -0.0003  0.0671 0 
 50.3120 -0.7713  1.7563  0.0072  0.4380  0.1467  0.2131  0.0805  0.2757  0.5853 0 
 46.4637  0.7744 -1.3683  0.0387  0.3221  0.0306  0.4351  0.2065 -0.0003  0.4229 0 
 49.2317  0.4464  2.1709  0.0594  0.3903  0.0551  0.2571  0.0551 -0.0003  0.4113 0 
 48.8899 -0.4404 -0.9442  0.0652  0.4704  0.0721  0.2576  0.0223 -0.0003  0.4589 0 
 45.0568  0.1773 -0.3258  0.0040  0.1836  0.0465  0.3070  0.0284 -0.0003  0.0757 0 
 42.6001 -0.1757  2.8296  0.0794  0.2782  0.0551  0.2671  0.0753 -0.0003  0.4219 0 
 45.0751 -0.0497 -2.8018  0.0769  0.4476  0.0670  0.3508  0.1315 -0.0003  0.6481 0 
 41.8128  0.0383  0.3817  0.0071  0.1965  0.0702  0.4026  0.1651  0.1587  0.3838 0 
 46.2898 -0.0845  0.7926  0.0730  0.7488  0.1960  0.5225  0.0136 -0.0003  0.3934 0 
 44.9805  0.1330 -2.3262  0.0085  0.3120  0.1658  0.7459  0.1006 -0.0003  0.3567 0 
 50.8614 -0.0548 -2.4282  0.0352  0.5739  0.0389  0.4675  0.0534 -0.0003  0.3291 0 
 34.1894  0.0713  0.7181  0.0121  0.3972  0.0161  0.0946  0.0016 -0.0003  0.1653 0 
 47.9011 -0.0573  2.5478  0.0020  0.1925  0.0712  0.3885  0.0302 -0.0003  0.1009 0 
 47.6417  0.0706 -0.5704  0.0717  0.3823  0.0407  0.2593  0.1124 -0.0003  0.4712 0 
 46.9825  0.5576  0.6587  0.6056  0.1537  0.0378  0.3036  0.6185 -0.0003  0.9922 1 
 29.4316 -0.5848 -2.4329  0.2071  0.1281  0.0129  0.3457  0.1935  0.0591  0.7662 1 
 48.2185 -0.1977 -0.6962  0.0441  0.5884  0.2249  0.6463  0.0488  0.8497  0.9020 1 
 44.7883  0.2520  2.4700  0.1168  0.4299  0.0845  0.4392  0.0566 -0.0003  0.5571 1 
 48.8136 -0.5477 -2.1860  0.0031  0.3216  0.0429  0.3007  0.1116 -0.0003  0.1452 0 
 44.0681  0.5397  0.9735  0.0118  0.3922  0.0413  0.3088  0.0117 -0.0003  0.1677 0 
 54.4564  0.3212 -3.0572  0.0388  0.2879  0.1258  0.2924  0.0051 -0.0003  0.2228 0 
 43.5615 -0.3084  0.1061  0.0119  0.4547  0.0186  0.2212  0.0045 -0.0003  0.1236 0 
 41.5839  0.6675 -3.0593  0.0496  0.7831  0.0272  0.3584  0.0479 -0.0003  0.3424 1 
 39.6277 -0.6733  0.0603  0.0934  0.5684  0.0200  0.3177  0.0977 -0.0003  0.4470 1 
 44.2603  0.1787 -2.8174  0.1659  0.3959  0.0490  0.4406  0.3474 -0.0003  0.9600 1 
 41.6632 -0.1852  0.3252  0.1843  0.5411  0.0271  0.3582  0.2455 -0.0003  0.8915 1 
 44.2329 -0.1797 -1.3964  0.1666  0.4014  0.0594  0.2644  0.4440 -0.0003  0.9695 1 
 40.8209  0.1837  1.7522  0.3943  0.4962  0.0419  0.1351  0.4117 -0.0003  0.9940 1 
 44.8341  0.7053 -0.3109  0.1308  0.4453  0.0271  0.3513  0.1606 -0.0003  0.7167 0 
 41.4984 -0.7481  2.7670  0.0503  0.1808  0.0362  0.4034  0.0490 -0.0003  0.1781 0 
 39.3652  0.6928  2.3905  0.3412  0.6855  0.0246  0.4092  0.4063 -0.0003  0.9920 1 
 35.8953 -0.6991 -0.7119  0.1782  0.4466  0.0280  0.4664  0.2391 -0.0003  0.9044 1 
 46.3600 -0.6469 -0.5515  0.1489  0.4038  0.0400  0.5659  0.0875 -0.0003  0.7355 1 
 16.4828  0.7022  2.6589  0.0201  0.7285  0.0125  0.5364  0.0396  0.0760  0.3401 1 
 47.9042  0.1515 -0.6747  0.0018  0.4347  0.0508  0.3453  0.0336 -0.0003  0.1550 0 
 44.3702 -0.1451  2.5181  0.0434  0.2103  0.2914  0.6605  0.0471 -0.0003  0.3817 0 
 47.4739  0.0228  2.8445  0.1915  0.2052  0.0487  0.2596  0.0740 -0.0003  0.5965 0 
 47.3091  0.0105 -0.2596  0.3682  0.4361  0.0280  0.1732  0.2636 -0.0003  0.9696 0 
 49.4575 -0.4302  0.0918  0.7815  0.4168  0.0477  0.5137  0.7922  0.2395  0.9995 1 
 20.5264  0.4390 -2.9925  0.2024  0.4884  0.0066  0.3316  0.0595  0.0844  0.6071 1 
 46.5126 -0.0829 -1.9744  0.6745  0.1915  0.0595  0.6089  0.8917 -0.0003  0.9988 1 
 36.0876  0.1081  1.1586  0.3283  0.4444  0.0717  0.2329  0.2938  0.6036  0.9996 1 
 41.8189 -0.5364 -2.8618  0.0492  0.5458  0.0398  0.4921  0.1153 -0.0003  0.5061 1 
 41.1261  0.5492  0.2871  0.2820  0.5992  0.0448  0.4493  0.1415 -0.0003  0.8865 1 
 47.5959  0.6978  0.6050  0.0073  0.0785  0.0072  0.1297  0.0838 -0.0003  0.0427 0 
 42.5818 -0.6890 -2.5302  0.0282  0.1978  0.0255  0.2671  0.0107 -0.0003  0.0790 0 
 40.4364  0.1659  1.3545  0.3209  0.4107  0.0233  0.4062  0.3360 -0.0003  0.9777 1 
 32.1904 -0.1466 -1.7379  0.5217  0.2397  0.0677  0.2886  0.4488  0.2660  0.9988 1 
 51.7464 -0.0073 -0.7176  0.0016  0.6188  0.0661  0.5924  0.1110 -0.0003  0.2577 0 
 46.5492  0.0021  2.4065  0.0038  0.1734  0.0361  0.4348  0.0728 -0.0003  0.0858 0 
 45.4139 -0.7028  2.7597  0.0067  0.4355  0.0414  0.2188  0.0023 -0.0003  0.2126 0 
 29.9382  0.6760 -0.4319  0.0132  0.3610  0.0046  0.0982  0.1772 -0.0003  0.1508 0 
 47.6936 -0.5913  0.6582  0.0663  0.4641  0.0099  0.3025  0.1506  0.0367  0.3474 0 
 46.5461  0.5897 -2.4863  0.0379  0.4876  0.0572  0.4348  0.1177 -0.0003  0.4283 0 
 51.1269  0.6615 -1.3751  0.0074  0.5885  0.0374  0.3396  0.0600 -0.0003  0.1708 0 
 48.1727 -0.6884  1.7841  0.0113  0.5610  0.1113  0.5172  0.0280 -0.0003  0.2261 0 
 46.5583 -0.1751 -1.5988  0.0341  0.0759  0.1208  0.2174  0.1303 -0.0003  0.1442 0 
 38.4466  0.1873  1.5427  0.0090  0.5269  0.0270  0.2746  0.1064 -0.0003  0.1530 0 
 45.1179  0.7850  3.1111  0.0143  0.1635  0.0142  0.2192  0.0749 -0.0003  0.0466 0 
 38.6053 -0.7809 -0.0188  0.0191  0.1392  0.0207  0.4571  0.2299 -0.0003  0.1996 0 
 48.8899 -0.3595 -2.5397  0.0453  0.5349  0.1093  0.9446  0.4207 -0.0003  0.9507 1 
 41.9196  0.3345  0.6037  0.0309  0.2949  0.0616  0.3576  0.0046  0.3997  0.7823 1 
 49.9611 -0.2474 -1.5067  0.0007  0.1197  0.0636  0.4697  0.2816 -0.0003  0.2067 0 
 44.4068  0.2070  1.6416  0.0496  0.2164  0.1491  0.6163  0.0580  0.1705  0.5106 0 
 48.4382 -0.6209  1.6263  0.1582  0.1583  0.0365  0.3873  0.2443 -0.0003  0.7719 1 
 36.3684  0.6321 -1.4546  0.1297  0.7214  0.0712  0.3253  0.0889 -0.0003  0.8534 1 
 48.5847  0.5795 -2.8987  0.0573  0.0480  0.1089  0.3010  0.0694 -0.0003  0.0894 0 
 44.4648 -0.5787  0.2095  0.0265  0.5828  0.0073  0.2640  0.0569 -0.0003  0.1178 0 
 43.3875 -0.1922  1.7600  0.0263  0.5220  0.0360  0.3987  0.0204  0.1426  0.4668 0 
 42.0783  0.1990 -1.3643  0.0276  0.2127  0.0790  0.4019  0.1212 -0.0003  0.2522 0 
 46.6529 -0.6018 -3.0423  0.0091  0.4780  0.0519  0.3042  0.1165 -0.0003  0.2772 0 
 40.8484  0.5769  0.1531  0.1673  0.2966  0.0403  0.3151  0.0989  0.1068  0.8100 0 
 49.2378 -0.6418  2.4690  0.1032  0.5245  0.0772  0.3857  0.1097 -0.0003  0.6950 1 
 43.9155  0.6346 -0.6694  0.2892  0.4812  0.0294  0.4857  0.5801 -0.0003  0.9968 1 
 51.8624 -0.5933 -1.3880  0.0084  0.2930  0.0633  0.2537  0.0533 -0.0003  0.1669 0 
 48.8899  0.5933  1.7676  0.0031  0.2474  0.0390  0.3864  0.0965 -0.0003  0.1061 0 
 43.8972 -0.0665 -1.7493  0.0060  0.1299  0.2678  0.6182  0.0356 -0.0003  0.1846 0 
 43.2685  0.0619  1.4042  0.0336  0.7434  0.0176  0.5762  0.0184  0.0166  0.3483 0 
 48.9265 -0.2177 -0.5768  0.0124  0.1640  0.2424  0.5581  0.0143 -0.0003  0.1859 0 
 42.4537  0.2042  2.5647  0.0198  0.7150  0.0121  0.2228  0.0252 -0.0003  0.1318 0 
 46.6926 -0.0406  0.8896  0.3354  0.7605  0.0675  0.4780  0.4056 -0.0003  0.9947 1 
 44.2878  0.0311 -2.2545  0.3579  0.2954  0.0310  0.3084  0.3702 -0.0003  0.9874 1 
 49.1218  0.4406  0.2726  0.0358  0.1794  0.1214  0.4717  0.0352 -0.0003  0.1978 0 
 46.6590 -0.4431 -2.8476  0.0456  0.4501  0.0154  0.2607  0.0197 -0.0003  0.1455 0 
 48.8563 -0.2920  0.5119  0.0117  0.5956  0.0701  0.5583  0.0407  0.1113  0.3457 0 
 43.8270  0.2617 -2.6217  0.0055  0.4490  0.0555  0.2650  0.0873 -0.0003  0.2305 0 
 48.5420 -0.3935  0.9624  0.0524  0.6674  0.0734  0.7743  0.1146 -0.0003  0.5590 1 
 38.2605  0.4113 -2.1511  0.0214  0.3760  0.0457  0.3666  0.0357 -0.0003  0.1954 1 
 47.6631  0.4119 -0.5272  0.0052  0.3292  0.1654  0.3025  0.0844 -0.0003  0.2370 0 
 30.9117 -0.4192  2.6419  0.0895  0.1225  0.0132  0.4380  0.0136  0.1244  0.4432 0 
 53.4310  0.2764  2.6011  0.0532  0.1660  0.0826  0.2099  0.0401 -0.0003  0.2171 0 
 33.5973 -0.2860 -0.5433  0.0055  0.1978  0.0229  0.2376  0.0058 -0.0003  0.0569 0 
 51.8654 -0.0016  0.4512  0.0341  0.3812  0.0602  0.3383  0.0463 -0.0003  0.2784 0 
 43.0518  0.0256 -2.6755  0.0193  0.2673  0.0186  0.3107  0.0196 -0.0003  0.0720 0 
 53.5225 -0.5924  1.5418  0.2314  0.6462  0.0648  0.5035  0.2860 -0.0003  0.9833 1 
 43.7659  0.5798 -1.5955  0.0336  0.3885  0.0557  0.5303  0.0677 -0.0003  0.3237 1 
 47.5654  0.7526  0.6755  0.0039  0.1775  0.0400  0.3892  0.0640 -0.0003  0.0781 0 
 36.9665 -0.7730 -2.4316  0.0134  0.1164  0.1625  0.3238  0.0074 -0.0003  0.0809 0 
 46.9612 -0.3634  1.3330  0.0233  0.1221  0.0277  0.3037  0.0528 -0.0003  0.0574 0 
 44.0253  0.3612 -1.8160  0.0298  0.6005  0.0274  0.3089  0.0297 -0.0003  0.2014 0 
 48.0781 -0.7014  2.7249  0.0170  0.5964  0.1169  0.4743  0.0444  0.2784  0.5528 1 
 40.7630  0.6976 -0.3757  0.2047  0.5054  0.0244  0.3603  0.1155 -0.0003  0.7138 1 
 49.4331 -0.5283 -1.5683  0.2189  0.6715  0.0159  0.2569  0.1005 -0.0003  0.7294 0 
 38.6084  0.5485  1.5698  0.0372  0.1257  0.0363  0.1828  0.1558 -0.0003  0.1886 0 
 51.1940 -0.3329  0.5896  0.0522  0.0678  0.0254  0.3395  0.0705 -0.0003  0.0784 0 
 47.2786  0.3256 -2.5363  0.0210  0.3050  0.0475  0.2165  0.0196 -0.0003  0.1864 0 
 47.6265  0.7923 -2.8210  0.0494  0.3971  0.0580  0.4323  0.0092  0.2905  0.6391 1 
 38.8312 -0.7987  0.3468  0.0168  0.6490  0.0416  0.3195  0.0556  0.2386  0.6260 1 
 49.4362 -0.5599 -2.8942  0.5620  0.6627  0.0557  0.2997  0.2739 -0.0003  0.9951 1 
 45.4566  0.5451  0.1660  0.2281  0.3008  0.0429  0.4375  0.3572  0.1324  0.9771 1 
 44.1413 -0.3197 -0.7764  0.0035  0.2750  0.0435  0.4409  0.0229  0.1558  0.2550 0 
 42.2339  0.3137  2.3572  0.0599  0.5933  0.0543  0.7584  0.2856 -0.0003  0.8311 0 
 42.8656  0.4233 -2.0681  0.0042  0.0900  0.0412  0.1778  0.0862 -0.0003  0.0657 0 
 41.2482 -0.4367  1.0297  0.1218  0.4561  0.1561  0.4490  0.1186 -0.0003  0.6742 0 
 40.6470  0.3071 -2.8204  0.2039  0.4842  0.0398  0.4508  0.1951  0.0860  0.9034 0 
 39.2126 -0.3011  0.3153  0.0954  0.1392  0.0332  0.2731  0.2370 -0.0003  0.4825 0 
 47.8370  0.1987  0.4591  0.0037  0.4422  0.1021  0.3886  0.0455 -0.0003  0.1825 0 
 42.4170 -0.1927 -2.7062  0.0151  0.5207  0.0367  0.3119  0.0356 -0.0003  0.1810 0 
 46.1555  0.6571 -0.3471  0.0237  0.4142  0.0924  0.5230  0.1995  0.3227  0.8251 1 
 28.2719 -0.6637  2.7139  0.0778  0.4731  0.0848  0.2998  0.0953  0.2376  0.7797 1 
 48.3558  0.0056  2.1365  0.0096  0.2570  0.1437  0.4306  0.0229 -0.0003  0.1628 0 
 45.0141  0.0197 -0.9856  0.0157  0.0889  0.0085  0.0439  0.0027 -0.0003  0.0667 0 
 48.1544 -0.6538 -0.5638  0.0083  0.4253  0.0911  0.5172  0.0093 -0.0003  0.1833 0 
 41.6175  0.6483  2.5630  0.0021  0.4753  0.0171  0.3135  0.2407 -0.0003  0.2450 0 
 45.6642  0.2710 -2.3237  0.1484  0.5931  0.0481  0.3059  0.0334 -0.0003  0.7714 1 
 35.9045 -0.2472  0.8592  0.1232  0.3695  0.0134  0.3731  0.1646 -0.0003  0.5622 1 
 45.5421  0.0159  3.0308  0.0085  0.3892  0.0300  0.1749  0.0585 -0.0003  0.1316 0 
 36.2860  0.0084 -0.1166  0.0323  0.0719  0.0315  0.2790  0.0195 -0.0003  0.0585 0 
 45.9724 -0.6584 -1.7843  0.0137  0.1220  0.1705  0.5235  0.1580  0.0943  0.3151 0 
 42.3560  0.6901  1.2839  0.0146  0.1905  0.0222  0.2229  0.0200 -0.0003  0.0560 0 
 51.6030  0.7425  1.7633  0.0495  0.7066  0.0529  0.2541  0.0573 -0.0003  0.5142 0 
 44.3641 -0.7271 -1.3718  0.0791  0.4607  0.1424  0.4403  0.1220 -0.0003  0.5338 0 
 50.4433 -0.2062 -2.8210  0.1034  0.4375  0.0354  0.2981  0.0700  0.1221  0.7044 0 
 38.8769  0.2425  0.3117  0.2897  0.0664  0.1079  0.3194  0.3076 -0.0003  0.9580 0 
 49.6071 -0.7768  3.1261  0.2531  0.7028  0.1807  0.5133  0.3890 -0.0003  0.9969 1 
 40.8698  0.7472 -0.0951  0.1186  0.3988  0.0321  0.2250  0.1819  0.1310  0.8048 1 
 44.5472  0.7191  2.7685  0.3177  0.3489  0.0482  0.4839  0.7242 -0.0003  0.9984 1 
 39.2676 -0.7487 -0.3652  0.0864  0.5471  0.0608  0.4550  0.2426  0.4798  0.9959 1 
 47.1595 -0.6210 -2.2283  0.0087  0.2753  0.1168  0.2600  0.0148 -0.0003  0.1641 0 
 37.3846  0.6172  0.9192  0.0154  0.8567  0.0435  0.5534  0.0106 -0.0003  0.2710 0 
 46.0395 -0.3617 -1.8882  0.0061  0.5171  0.0677  0.5233  0.0384 -0.0003  0.1888 0 
 42.3377  0.3372  1.2741  0.0053  0.6791  0.0732  0.4013  0.2265 -0.0003  0.5646 0 
 51.4321  0.0010 -0.8529  0.0488  0.1597  0.0827  0.4238  0.0200 -0.0003  0.1920 0 
 38.6572 -0.0296  2.2738  0.0072  0.3065  0.0172  0.4113  0.0971 -0.0003  0.0901 0 
 42.9847 -0.7329 -2.0651  0.0252  0.7289  0.0096  0.2220  0.0054 -0.0003  0.1375 0 
 39.9268  0.7448  1.0179  0.0082  0.5473  0.1153  0.2718  0.0104 -0.0003  0.2069 0 
 43.6835 -0.7784 -3.1124  0.7179  0.4427  0.0645  0.4422  0.6746 -0.0003  0.9980 1 
 42.7070  0.7629 -0.0328  0.1635  0.1659  0.0180  0.2224  0.0914 -0.0003  0.3369 1 
 45.6733  0.7974 -1.4417  0.0683  0.2134  0.0763  0.3496  0.1518 -0.0003  0.4875 0 
 36.7803 -0.7726  1.7590  0.0016  0.2018  0.0819  0.3706  0.0452 -0.0003  0.1050 0 
 51.6854 -0.6770  0.4361  0.0263  0.4795  0.1578  0.4233  0.0347 -0.0003  0.2614 0 
 47.1656  0.6601 -2.7228  0.0298  0.1180  0.1445  0.2600  0.0303 -0.0003  0.0924 0 
 50.7759 -0.5079  1.6662  0.1431  0.2009  0.0507  0.4678  0.1059 -0.0003  0.6296 0 
 46.3600  0.5196 -1.4986  0.0616  0.5463  0.0396  0.5224  0.0651 -0.0003  0.4888 0 
 43.9216 -0.2880 -0.2642  0.0409  0.7150  0.0578  0.6623  0.0764 -0.0003  0.4236 0 
 39.2157  0.3024  2.9070  0.0476  0.3012  0.0605  0.4097  0.0129  0.1049  0.4068 0 
 45.9358  0.6069  2.8414  0.1002  0.1712  0.0429  0.4800  0.1087 -0.0003  0.4769 0 
 41.8372 -0.6092 -0.3048  0.0822  0.4399  0.0258  0.2236  0.1461  0.1701  0.7308 0 
 47.3945  0.0735 -0.8786  0.0395  0.0413  0.0554  0.2597  0.0560 -0.0003  0.0799 0 
 39.5972 -0.0965  2.3056  0.1048  0.3482  0.0963  0.4086  0.1639 -0.0003  0.7440 0 
 48.5298  0.4058  2.7372  0.0226  0.3386  0.1468  0.4732  0.1310  0.4796  0.7675 0 
 46.9184 -0.4322 -0.3885  0.0649  0.2761  0.0440  0.3906  0.0143  0.0642  0.4165 0 
 45.2674 -0.7080  2.9751  0.0066  0.0388  0.0123  0.2190  0.0106 -0.0003  0.0379 0 
 26.0288  0.7127 -0.1532  0.0745  0.5429  0.0013  0.0512  0.0248 -0.0003  0.1724 0 
 50.8278 -0.5954  0.3714  0.0056  0.3056  0.0823  0.3826  0.1175  0.0117  0.2189 0 
 40.3235  0.5966 -2.7994  0.0040  0.2391  0.0210  0.3162  0.0118 -0.0003  0.0566 0 
 55.8907 -0.6632 -0.7736  0.0463  0.5471  0.0553  0.2905  0.0681 -0.0003  0.4467 1 
 49.4392  0.6626  2.2848  0.1752  0.5848  0.0417  0.3425  0.3482 -0.0003  0.9628 1 
 52.1370  0.1650 -1.5788  0.0072  0.2740  0.0764  0.3801  0.0154 -0.0003  0.1451 0 
 51.6304 -0.1616  1.5794  0.0042  0.2268  0.1027  0.6351  0.0764 -0.0003  0.2061 0 
 46.5034 -0.5643  1.7820  0.0307  0.2126  0.1350  0.5220  0.0496 -0.0003  0.2397 0 
 44.9714  0.6058 -1.2885  0.0547  0.5242  0.0991  0.3510  0.0329 -0.0003  0.3460 0 
 45.8900 -0.7546  2.4414  0.0054  0.1560  0.1220  0.4365  0.0228 -0.0003  0.0988 0 
 40.0305  0.7132 -0.7816  0.0311  0.5609  0.1363  0.3168  0.0236  0.5696  0.7719 0 
 39.0234  0.4252 -1.9911  0.0366  0.1954  0.0357  0.2279  0.0134  0.1413  0.3668 0 
 26.4256 -0.3839  1.2025  0.0334  0.0494  0.0155  0.2040  0.0025 -0.0003  0.0461 0 
 45.9297  0.7833  2.2822  0.0297  0.1434  0.0429  0.4800  0.0242 -0.0003  0.1376 0 
 33.3288 -0.7817 -0.8357  0.1182  0.5819  0.0027  0.2857  0.1578 -0.0003  0.4672 0 
 43.3112  0.3037  0.2238  0.0056  0.1837  0.0276  0.4875  0.0369 -0.0003  0.0880 0 
 38.4863 -0.3166 -2.9459  0.0197  0.2470  0.0575  0.5033  0.0843 -0.0003  0.2197 0 
 51.2551  0.7332 -1.9060  0.0061  0.5981  0.1734  0.5515  0.1088 -0.0003  0.2970 0 
 50.5684 -0.7543  1.2213  0.0066  0.2358  0.0972  0.2128  0.0084 -0.0003  0.1655 0 
 53.0495 -0.7608 -1.0013  0.0004  0.5526  0.0282  0.2943  0.0432 -0.0003  0.1140 0 
 32.5963  0.7735  2.1295  0.0082  0.0843  0.0308  0.2876  0.0030 -0.0003  0.0544 0 
 36.0723 -0.1273  0.4934  0.2818  0.3844  0.0571  0.3260  0.3034  0.4722  0.9994 1 
 29.9260  0.0992 -2.6202  0.1694  0.2790  0.0168  0.3931  0.1662 -0.0003  0.6842 1 
 42.8107 -0.7715  1.0672  0.2376  0.5229  0.0979  0.2667  0.1675  0.1449  0.9485 1 
 37.5341  0.7933 -2.0704  0.1616  0.3339  0.0411  0.3225  0.2808 -0.0003  0.8877 1 
 46.6773 -0.4657 -3.1353  0.0171  0.4102  0.1532  0.2607  0.0209 -0.0003  0.2277 0 
 45.4871  0.4784  0.0000  0.0036  0.6225  0.0609  0.5250  0.0422 -0.0003  0.1958 0 
 45.8289  0.1732  1.7346  0.0271  0.2251  0.0148  0.3930  0.0809 -0.0003  0.0942 1 
 36.9024 -0.1519 -1.3725  0.3599  0.4814  0.0679  0.3240  0.3649 -0.0003  0.9946 1 
 41.3581  0.0560  1.2509  0.3379  0.2244  0.0378  0.2692  0.3861 -0.0003  0.9843 1 
 18.6496 -0.0539 -1.8802  0.1629  0.1941  0.0166  0.2854  0.2805  0.0923  0.8258 1 
 43.8056  0.5491 -0.9989  0.0352  0.5618  0.0594  0.2209  0.0294 -0.0003  0.3908 0 
 42.1698 -0.5154  2.1320  0.0295  0.6871  0.0405  0.4463  0.0121 -0.0003  0.2783 0 
 50.7912 -0.6305  0.1531  0.0135  0.1377  0.0435  0.2126  0.0115 -0.0003  0.0768 0 
 46.4149  0.6363 -2.9928  0.0235  0.4622  0.0240  0.3046  0.1063 -0.0003  0.1703 0 
 41.8952 -0.6672  1.7830  0.0170  0.5265  0.0734  0.4024  0.0097 -0.0003  0.2044 0 
 36.8353  0.6851 -1.3927  0.1087  0.2609  0.0334  0.3704  0.1564 -0.0003  0.5969 0 
 57.3709  0.7903  0.4858  0.0057  0.6476  0.0725  0.2887  0.0248  0.2302  0.5480 0 
 42.8717 -0.7880 -2.6088  0.0050  0.0851  0.0392  0.0889  0.0258 -0.0003  0.0787 0 
 47.9957 -0.6662 -1.8972  0.0107  0.0855  0.0314  0.2157  0.0206 -0.0003  0.0508 0 
 41.7029  0.6141  1.2123  0.0209  0.3083  0.2422  0.3133  0.1723 -0.0003  0.4801 0 
 48.0720 -0.7263  0.4746  0.0379  0.6924  0.0706  0.3450  0.0362 -0.0003  0.3462 0 
 47.8370  0.7317 -2.6483  0.0010  0.3343  0.0501  0.3454  0.0303 -0.0003  0.1257 0 
 47.6875 -0.7846 -0.3654  0.0017  0.6729  0.0149  0.3025  0.0439 -0.0003  0.1012 0 
 47.5593  0.7818  2.8011  0.0174  0.2587  0.0453  0.3459  0.0030 -0.0003  0.1439 0 
 51.1574  0.1665 -1.3391  0.0779  0.7593  0.0272  0.4668  0.0833  0.0585  0.6672 0 
 37.7295 -0.1830  1.8263  0.1318  0.7301  0.0741  0.3680  0.0827  0.1318  0.8498 0 
 41.9226 -0.8013  0.7447  0.0098  0.1519  0.0464  0.2235  0.0047 -0.0003  0.0848 0 
 30.2068  0.7945 -2.3870  0.0107  0.4822  0.0454  0.3920  0.1597 -0.0003  0.3346 0 
 46.3386 -0.2030 -2.7848  0.0591  0.3070  0.0344  0.3047  0.0505  0.1704  0.5757 0 
 42.2766  0.2214  0.3443  0.0140  0.2361  0.0354  0.4014  0.0229 -0.0003  0.1073 0 
 48.8685  0.0496 -1.3457  0.1325  0.6972  0.1408  0.4294  0.1537  0.6037  0.9939 1 
 37.2595 -0.0674  1.6881  0.3183  0.4818  0.1467  0.3693  0.2890 -0.0003  0.9954 1 
 44.9073  0.2882  2.0275  0.0503  0.4138  0.1822  0.3073  0.0245 -0.0003  0.3113 0 
 43.3204 -0.3108 -1.1049  0.0433  0.2317  0.0693  0.3102  0.0154 -0.0003  0.2188 0 
 48.4901  0.1011 -0.9301  0.0042  0.1684  0.2367  0.2581  0.0356 -0.0003  0.1413 0 
 48.0690 -0.0759  2.1912  0.0115  0.1741  0.0524  0.2587  0.0297 -0.0003  0.0894 0 
 56.8490 -0.3365  1.5666  0.0320  0.3582  0.0885  0.3306  0.0257 -0.0003  0.2465 0 
 44.8005  0.3662 -1.5369  0.0191  0.0191  0.1675  0.2196  0.0037 -0.0003  0.0445 0 
 46.7262  0.3816  0.6248  0.0081  0.2555  0.1394  0.5213  0.0099 -0.0003  0.1712 0 
 44.9500 -0.4055 -2.5249  0.0912  0.3425  0.0764  0.3072  0.0362 -0.0003  0.4831 0 
 55.9243  0.1140 -0.2341  0.0248  0.7468  0.2390  0.5810  0.0386 -0.0003  0.3116 1 
 47.0283 -0.0760  2.9232  0.2129  0.4355  0.0543  0.3036  0.2032  0.1732  0.9348 1 
 53.2876  0.7688  0.7906  0.0090  0.2470  0.1826  0.2100  0.0411 -0.0003  0.1940 0 
 45.0172 -0.7661 -2.3848  0.1194  0.1798  0.0213  0.4386  0.0126 -0.0003  0.3363 0 
 49.5979  0.4732 -0.0579  0.0076  0.4576  0.0522  0.5133  0.0497 -0.0003  0.1906 0 
 38.5382 -0.4478  3.0751  0.0266  0.7637  0.0356  0.2744  0.0925 -0.0003  0.2960 0 
 46.7689  0.6968 -1.9481  0.0071  0.1420  0.0618  0.2606  0.0808 -0.0003  0.0916 0 
 43.0304 -0.7103  1.1853  0.0851  0.8709  0.0522  0.4439  0.0468 -0.0003  0.6814 0 
 48.4871  0.2686  1.4277  0.0476  0.1451  0.0521  0.1721  0.0665 -0.0003  0.1581 0 
 33.4508 -0.2579 -1.7118  0.0176  0.3521  0.0266  0.2379  0.0211 -0.0003  0.1147 0 
 47.0497 -0.3808  0.5923  0.0065  0.3183  0.0206  0.3035  0.0475 -0.0003  0.0656 0 
 46.8696  0.3877 -2.5324  0.0103  0.0318  0.0038  0.1736  0.0009 -0.0003  0.0384 0 
 43.0091 -0.0880  0.6636  0.0375  0.3904  0.1557  0.5328  0.0208 -0.0003  0.2840 0 
 42.5391  0.1063 -2.4722  0.0675  0.4583  0.1302  0.2672  0.0140 -0.0003  0.3613 0 
 56.0891 -0.4425 -1.1244  0.0360  0.3219  0.1921  0.4147  0.0051 -0.0003  0.2453 0 
 46.3752  0.4198  2.0367  0.0377  0.4575  0.0915  0.6094  0.2357 -0.0003  0.6041 0 
 43.3509 -0.5576  0.5982  0.0232  0.5625  0.0238  0.1772  0.0112 -0.0003  0.1780 0 
 39.4568  0.5669 -2.5729  0.0009  0.3186  0.0532  0.3181  0.1196 -0.0003  0.1740 0 
 44.6387  0.1502  0.9450  0.0859  0.1835  0.1517  0.3078  0.1412 -0.0003  0.5608 0 
 37.3541 -0.1320 -2.2120  0.0503  0.5953  0.0464  0.2768  0.0649 -0.0003  0.4455 0 
 46.5034  0.6429 -1.7437  0.0091  0.3042  0.0743  0.5654  0.2127 -0.0003  0.3296 0 
 41.7151 -0.6411  1.3611  0.0049  0.3312  0.0247  0.2238  0.0187  0.1065  0.2425 0 
 41.8891 -0.5354  2.8031  0.3492  0.2752  0.0394  0.4918  0.2220 -0.0003  0.9588 1 
 34.9920  0.5127 -0.3342  0.1691  0.4458  0.0604  0.1409  0.1099 -0.0003  0.8193 1 
 41.6419 -0.6784 -1.9533  0.0908  0.2208  0.1166  0.4926  0.0142 -0.0003  0.3889 1 
 38.8220  0.6795  1.1762  0.2152  0.5596  0.0453  0.4564  0.3389 -0.0003  0.9803 1 
 56.6415 -0.4815  0.5296  0.0136  0.4726  0.0316  0.2482  0.2529  0.1469  0.6830 0 
 46.4576  0.4981 -2.6105  0.0110  0.5750  0.0143  0.0870  0.0162 -0.0003  0.1447 0 
 44.9195  0.7540  2.5641  0.1075  0.2410  0.0173  0.4389  0.2097 -0.0003  0.5967 0 
 41.8555 -0.7530 -0.5643  0.0553  0.1758  0.0427  0.2683  0.0795 -0.0003  0.1857 0 
 48.2734  0.0437  1.2012  0.0125  0.1531  0.0404  0.3015 -0.0200 -0.0003  0.0977 0 
 38.9471 -0.0350 -1.9783  0.1107  0.4412  0.0331  0.2280  0.1238 -0.0003  0.5864 0 
 48.6244 -0.0887  2.2428  0.0086  0.5375  0.1552  0.7309  0.0245 -0.0003  0.2591 0 
 47.0619  0.1220 -0.8532  0.0490  0.3140  0.1338  0.3469  0.0059 -0.0003  0.2594 0 
 56.3302 -0.4515  1.5233  0.4393  0.1440  0.1434  0.4143  0.4011 -0.0003  0.9954 1 
 45.8106  0.4533 -1.6225  0.3458  0.4758  0.0779  0.6113  0.4794  0.3029  0.9998 1 
 49.1005  0.2624 -0.4289  0.0553  0.4814  0.0636  0.2573  0.0132 -0.0003  0.4119 1 
 48.8014 -0.2530  2.7040  0.2052  0.2364  0.1392  0.4725  0.1425  0.1488  0.9347 1 
 54.5510  0.7420 -2.0158  0.1355  0.3955  0.0477  0.4176  0.0676 -0.0003  0.6279 0 
 49.4057 -0.7597  1.0947  0.0100  0.8549  0.1689  0.6851  0.0391 -0.0003  0.3214 0 
 37.7081 -0.7120 -0.5511  0.2251  0.5117  0.0246  0.4141  0.2656  0.0970  0.9230 1 
 37.3449  0.7673  2.6481  0.4236  0.3001  0.0568  0.5535  0.2833 -0.0003  0.9872 1 
 52.4575 -0.6249 -0.4887  0.2603  0.6930  0.0794  0.5061  0.3117 -0.0003  0.9905 1 
 34.5495  0.6240  2.6526  0.0559  0.3696  0.0762  0.3300  0.0981  0.3503  0.7880 1 
 48.2399  0.0686 -0.8310  0.0014  0.0926  0.0108  0.1292  0.1204 -0.0003  0.0554 0 
 43.7263 -0.0842  2.3248  0.1528  0.1234  0.0361  0.4420  0.0474 -0.0003  0.4208 0 
 41.7395 -0.6719  2.0617  0.0081  0.3238  0.0393  0.4923  0.1307 -0.0003  0.2189 0 
 40.9522  0.6479 -1.0940  0.0589  0.2466  0.0903  0.3599  0.0068 -0.0003  0.2732 0 
 45.0355 -0.4503 -1.8986  0.1310  0.1195  0.0390  0.3509  0.1705 -0.0003  0.5229 0 
 44.3336  0.4613  1.2246  0.0283  0.6441  0.0513  0.3523  0.0262 -0.0003  0.2922 0 
 54.2275 -0.3017  0.9989  0.0242  0.2307  0.0877  0.4600  0.0120 -0.0003  0.1768 0 
 50.1289  0.3528 -2.1307  0.0049  0.5057  0.0268  0.1707  0.0666 -0.0003  0.1365 0 
 46.6102  0.6545 -0.3691  0.0173  0.2633  0.0706  0.3912  0.0305 -0.0003  0.1660 0 
 37.4334 -0.5759  2.8284  0.0763  0.6231  0.0411  0.3227  0.0421 -0.0003  0.5476 0 
 43.3997 -0.4490  1.5529  0.0223  0.1307  0.0522  0.2657  0.0388 -0.0003  0.0849 0 
 42.5605  0.4605 -1.6042  0.1696  0.4868  0.0356  0.4898  0.0735 -0.0003  0.7415 0 
 61.9425  0.0601  0.0578  0.0228  0.1310  0.1568  0.4857  0.0170 -0.0003  0.1331 0 
 34.4213 -0.0504 -3.0165  0.0813  0.2791  0.1041  0.2832  0.0377 -0.0003  0.4164 0 
 48.0690  0.6342  0.6991  0.0145  0.7675  0.0408  0.6037  0.0574  0.0963  0.3854 0 
 40.6348 -0.6350 -2.4424  0.0109  0.5562  0.0339  0.3155  0.0555 -0.0003  0.1605 0 
 46.7536  0.7051 -2.6244  0.0040  0.2677  0.0880  0.4343  0.0229 -0.0003  0.1376 0 
 45.0111 -0.6824  0.5053  0.0084  0.4580  0.0987  0.3071  0.0196 -0.0003  0.1943 0 
 47.8584  0.2358  2.3762  0.0082  0.2911  0.0804  0.3886  0.0153 -0.0003  0.1526 0 
 42.0630 -0.2243 -0.7380  0.0284  0.1473  0.0353  0.1787  0.0463 -0.0003  0.0785 0 
 46.4088 -0.3333  2.0081  0.0332  0.2844  0.0196  0.2176  0.0417 -0.0003  0.0980 0 
 43.1006  0.3185 -1.1379  0.0133  0.1294  0.0163  0.1775  0.1428  0.0272  0.1081 0 
 48.8838 -0.1497 -2.1043  0.0126  0.2048  0.0513  0.5152  0.0524 -0.0003  0.1539 0 
 44.5289  0.1725  1.0355  0.0187  0.4653  0.0239  0.3959  0.0994 -0.0003  0.1795 0 
 52.8145 -0.3130 -2.6526  0.0115  0.4930  0.0327  0.3789  0.0864 -0.0003  0.1754 0 
 48.4413  0.3101  0.5206  0.0582  0.1222  0.0204  0.0861  0.0693 -0.0003  0.1080 0 
 48.1300  0.1915 -0.3866  0.3726  0.7480  0.0983  0.4311  0.4202 -0.0003  0.9969 1 
 44.1047 -0.1712  2.7690  0.1746  0.5286  0.0424  0.5734  0.1502 -0.0003  0.8950 1 
 50.6233 -0.4164 -0.4193  0.0357  0.2477  0.1823  0.3404  0.0507 -0.0003  0.2499 0 
 44.0528  0.4052  2.6964  0.0282  0.4788  0.0207  0.3088  0.0787 -0.0003  0.1502 0 
 50.0557 -0.6442 -1.2256  0.0311  0.6062  0.0390  0.4694  0.0328 -0.0003  0.2910 0 
 47.6631  0.6367  1.9207  0.0540  0.4081  0.0232  0.3458  0.0842 -0.0003  0.2587 0 
 51.1727  0.3377 -0.5920  0.0053  0.1898  0.0370  0.3819  0.0809 -0.0003  0.0828 0 
 45.5085 -0.3326  2.5711  0.0020  0.6534  0.0490  0.3499  0.0681 -0.0003  0.2030 0 
 49.5216 -0.0546 -2.9643  0.0236  0.3926  0.0519  0.3424  0.0090 -0.0003  0.2257 0 
 44.2908  0.0458  0.1234  0.0243  0.2075  0.0213  0.2203  0.0056 -0.0003  0.0746 0 
 46.5736 -0.6917  0.1235  0.0322  0.3112  0.0560  0.4348  0.2018 -0.0003  0.4388 0 
 45.4292  0.6811 -3.0107  0.0251  0.2696  0.0836  0.4814  0.0220 -0.0003  0.2039 0 
 40.4700 -0.7306  2.7992  0.0250  0.3681  0.0833  0.9477  0.0093  0.1416  0.4990 0 
 24.1245  0.7580 -0.4322  0.1964  0.4885  0.0069  0.2098  0.1634  0.0090  0.5911 0 
 46.7994 -0.7140 -2.7939  0.0149  0.1279  0.0360  0.1737  0.0569 -0.0003  0.0647 0 
 43.1678  0.7005  0.3768  0.0006  0.5916  0.0501  0.4879  0.0551  0.1242  0.3255 0 
 49.3050 -0.2857  1.1756  0.0856  0.4654  0.0353  0.5141  0.1026 -0.0003  0.6239 1 
 38.8800  0.2839 -2.0488  0.3051  0.4474  0.1272  0.5019  0.0613 -0.0003  0.8659 1 
 48.9998 -0.2601  2.3576  0.0938  0.0675  0.0663  0.2146  0.1650 -0.0003  0.2826 0 
 38.4833  0.2614 -0.7800  0.0157  0.2707  0.0088  0.4118  0.0102 -0.0003  0.0690 0 
 46.6865 -0.5893 -2.0946  0.0104  0.4788  0.0702  0.1304  0.0219 -0.0003  0.3689 1 
 37.4914  0.6040  1.0110  0.0628  0.2067  0.0278  0.2304  0.1787  0.1682  0.6319 1 
 46.2745  0.2899 -2.0872  0.9023  0.1800  0.1685  0.5226  0.9044 -0.0003  0.9885 1 
 40.7630 -0.3349  1.0583  0.2171  0.8598  0.0146  0.3603  0.4140  0.1141  0.9855 1 
 54.7341 -0.6631  2.1467  0.0439  0.1982  0.2636  0.4173  0.1989 -0.0003  0.5832 0 
 40.3449  0.6603 -1.0229  0.0072  0.3354  0.1111  0.3162  0.0049 -0.0003  0.1666 0 
 45.9876 -0.3865  0.4015  0.0825  0.3474  0.0139  0.3490  0.2661 -0.0003  0.5248 0 
 44.5258  0.3808 -2.7765  0.1323  0.5306  0.0370  0.2200  0.1431  0.1214  0.7992 0 
 43.2715  0.7100  0.0251  0.0191  0.1526  0.0258  0.1330  0.0063 -0.0003  0.0773 0 
 42.2675 -0.6648 -3.1101  0.0175  0.3981  0.0307  0.1784  0.0071 -0.0003  0.1836 0 
 34.9493 -0.5292  1.3327  0.4977  0.4804  0.0765  0.5639  0.3351 -0.0003  0.9911 1 
 26.4897  0.5507 -1.8119  0.2027  0.1939  0.0387  0.1019  0.2470  0.4397  0.9985 1 
 51.8654  0.4739 -0.6793  0.0101  0.6097  0.0735  0.3383  0.0532 -0.0003  0.2401 0 
 40.2594 -0.4622  2.4713  0.0166  0.3852  0.0126  0.2260  0.0295 -0.0003  0.0854 0 
 40.2289  0.3787 -2.6709  0.0075  0.6269  0.0316  0.6780  0.0790 -0.0003  0.2629 1 
 27.3716 -0.3873  0.4933  0.2512  0.2634  0.0457  0.2018  0.3308  0.3998  0.9988 1 
 46.5614 -0.6781  2.2404  0.1438  0.3901  0.0446  0.1739  0.2423 -0.0003  0.8237 1 
 38.1079  0.6761 -0.8680  0.3032  0.5022  0.0463  0.4587  0.1965  0.5036  0.9995 1 
 53.6446  0.3367 -0.7916  0.0225  0.4113  0.0778  0.5032  0.1022 -0.0003  0.2980 0 
 43.3112 -0.3365  2.3474  0.0703  0.3697  0.0181  0.3102  0.1114 -0.0003  0.2758 0 
 46.6529 -0.7008  0.4662  0.0217  0.2448  0.1285  0.6084  0.2069 -0.0003  0.4416 1 
 43.3478  0.7208 -2.6469  0.0676  0.2403  0.1800  0.4431  0.0600 -0.0003  0.3605 1 
 50.5135 -0.4623  1.5103  0.0540  0.4491  0.0688  0.4258  0.2739 -0.0003  0.7474 0 
 44.9958  0.4924 -1.5970  0.0545  0.0636  0.1754  0.1755  0.0222 -0.0003  0.0741 0 
 41.8738  0.4723 -3.1058  0.0702  0.6036  0.0329  0.4919  0.0308 -0.0003  0.4999 0 
 40.2960 -0.4812  0.0563  0.0011  0.2090  0.1163  0.2259  0.0499 -0.0003  0.1342 0 
 52.3079  0.5033  2.2848  0.0190  0.3166  0.1057  0.2954  0.0247 -0.0003  0.1969 1 
 49.9855 -0.4784 -0.8266  0.4438  0.7483  0.0345  0.5550  0.5150 -0.0003  0.9964 1 
 46.7262 -0.7024 -0.6987  0.0095  0.5005  0.0301  0.2607  0.1091 -0.0003  0.1653 0 
 42.8443  0.7010  2.4563  0.0009  0.3431  0.0213  0.3556  0.0325 -0.0003  0.0679 0 
 45.2125  0.6616 -2.3329  0.0305  0.2040  0.1062  0.2191  0.0316  0.0855  0.2591 0 
 42.0783 -0.6264  0.7711  0.0272  0.2365  0.1707  0.5805  0.0237 -0.0003  0.2520 0 
 48.7373  0.3134 -3.1031  0.1025  0.5776  0.0706  0.7305  0.1373 -0.0003  0.7964 1 
 47.1839 -0.3250  0.0282  0.2013  0.6110  0.0500  0.6066  0.1527 -0.0003  0.9292 1 
 46.4118 -0.5747 -1.4627  0.9570  0.6637  0.0419  0.3481  0.9359 -0.0003  0.9982 1 
 42.0172  0.6201  1.6743  0.0955  0.4164  0.0359  0.1787  0.0211 -0.0003  0.4409 1 
 56.7269 -0.5417 -1.1112  0.0422  0.5641  0.2067  0.5376  0.0735 -0.0003  0.3301 0 
 44.5136  0.5279  2.1054  0.0015  0.3546  0.1510  0.3080  0.0309 -0.0003  0.1854 0 
 50.0923  0.7609 -1.2986  0.0222  0.2859  0.0343  0.2987  0.0086 -0.0003  0.1320 0 
 32.5109 -0.7631  1.8329  0.0082  0.2195  0.0059  0.1919  0.0858 -0.0003  0.0544 0 
 37.8668  0.5164 -1.2941  0.0152  0.2293  0.0150  0.3676  0.0577 -0.0003  0.0606 0 
 36.3775 -0.5148  1.8723  0.0123  0.4302  0.0443  0.3718  0.0240 -0.0003  0.1782 0 
 41.9806  0.2137  1.1484  0.0628  0.1410  0.0479  0.4022  0.0478 -0.0003  0.1959 0 
 38.7335 -0.2031 -1.9801  0.0368  0.2031  0.0194  0.5024  0.1258 -0.0003  0.2321 0 
 49.8604  0.4807 -0.2381  0.3656  0.2842  0.0648  0.3845  0.2969 -0.0003  0.9893 1 
 42.8138 -0.5010  2.9284  0.2466  0.5799  0.0332  0.2667  0.2681 -0.0003  0.9482 1 
 51.4076 -0.6679  2.0770  0.0312  0.1078  0.0749  0.3391  0.0200 -0.0003  0.0977 0 
 42.8748  0.6580 -1.1356  0.0251  0.1801  0.0401  0.3111  0.0989 -0.0003  0.1241 0 
 48.5328  0.7938 -0.5356  0.0151  0.2394  0.0381  0.3442  0.0698 -0.0003  0.1074 0 
 45.8473 -0.7847  2.6286  0.0655  0.4368  0.0523  0.3929  0.1290 -0.0003  0.5774 0 
 45.9113  0.6970  0.3915  0.0442  0.1307  0.1581  0.3928  0.0859 -0.0003  0.2023 0 
 42.3865 -0.6933 -2.7626  0.0350  0.2652  0.0757  0.3120  0.0159 -0.0003  0.2199 0 
 50.0221 -0.3871 -2.4081  0.0008  0.3216  0.0864  0.4268  0.0148 -0.0003  0.1433 0 
 45.0385  0.4005  0.7254  0.0003  0.1727  0.0156  0.0877  0.0057 -0.0003  0.0740 0 
 44.7333  0.7640 -1.8406  0.0570  0.4170  0.2802  0.3515  0.0659 -0.0003  0.4229 0 
 44.6662 -0.7617  1.2900  0.0040  0.7130  0.0534  0.3077  0.0032 -0.0003  0.2247 0 
 50.7057 -0.5217 -1.4792  0.0620  0.1306  0.0642  0.2127  0.0042 -0.0003  0.1598 0 
 44.5167  0.5176  1.6516  0.0137  0.4774  0.1073  0.3520  0.0659 -0.0003  0.2408 0 
 48.7129  0.5529 -2.0987  0.0082  0.4350  0.0355  0.4298  0.0588  0.1916  0.4437 0 
 40.1923 -0.5534  1.0099  0.1180  0.2215  0.0150  0.3617  0.1104 -0.0003  0.3801 0 
 41.8433 -0.7076  0.8968  0.1429  0.2632  0.0698  0.3131  0.1596  0.3654  0.9662 1 
 36.7590  0.7012 -2.1508  0.1733  0.4636  0.0385  0.3707  0.1835 -0.0003  0.8684 1 
 44.8218  0.2382  2.7919  0.0095  0.2554  0.0260  0.2196  0.0102 -0.0003  0.0803 0 
 39.0661 -0.2560 -0.3148  0.0014  0.1300  0.0488  0.4556  0.0681 -0.0003  0.0869 0 
 47.8401 -0.6326 -0.7557  0.0005  0.0593  0.1012  0.2591  0.0308 -0.0003  0.0614 0 
 45.3162  0.6311  2.3869  0.0141  0.0967  0.0329  0.2628  0.0966 -0.0003  0.0630 0 
 47.1901 -0.4242  0.4615  0.0497  0.5109  0.0370  0.2600  0.0649 -0.0003  0.3243 0 
 38.8861  0.4508 -2.6739  0.0095  0.5030  0.0148  0.2737  0.0515 -0.0003  0.0931 0 
 52.0027 -0.7163 -1.2480  0.0602  0.6268  0.1125  0.8453  0.0408 -0.0003  0.4528 0 
 37.3663  0.7141  1.8767  0.0584  0.2397  0.0247  0.2767  0.0150 -0.0003  0.1508 0 
 47.6875 -0.3992 -0.8914  0.3545  0.7565  0.0416  0.5617  0.7503 -0.0003  0.9983 1 
 39.2248  0.3981  2.2762  0.1600  0.5245  0.0326  0.2731  0.3749 -0.0003  0.9250 1 
 54.1512  0.3993  2.7490  0.0269  0.3759  0.0899  0.4184  0.0714 -0.0003  0.2674 0 
 46.3630 -0.3826 -0.4514  0.1247  0.3486  0.0075  0.2612  0.2518 -0.0003  0.4862 0 
 46.7781 -0.6494  0.3651  0.0254  0.2942  0.1245  0.3474  0.0294 -0.0003  0.2027 1 
 33.5119  0.5757 -2.7664  0.4138  0.4112  0.0515  0.4280  0.3080  0.5240  0.9998 1 
 46.6499  0.6724  1.9940  0.3244  0.3543  0.0269  0.3911  0.2308 -0.0003  0.9316 0 
 44.9348 -0.6532 -1.1667  0.0044  0.6632  0.0658  0.6583  0.1508 -0.0003  0.3430 0 
 49.2775 -0.1801  2.8193  0.0036  0.2856  0.0990  0.2571  0.1623 -0.0003  0.3177 1 
 39.6521  0.1486 -0.3500  0.1737  0.2425  0.0341  0.3630  0.1342  0.1585  0.8797 1 
 49.1859  0.1787  2.1603  0.0653  0.2273  0.0505  0.5144  0.0746 -0.0003  0.3889 0 
 30.3319 -0.1720 -0.9742  0.0226  0.6755  0.0351  0.2937  0.0392 -0.0003  0.2274 0 
 49.8421 -0.1461  2.7816  0.0642  0.1406  0.0342  0.3845  0.0416 -0.0003  0.1617 0 
 46.5431  0.1897 -0.3664  0.1328  0.3029  0.0092  0.0870  0.1872  0.1626  0.7425 0 
 43.0945 -0.4787 -1.4406  0.0863  0.6475  0.0153  0.3550  0.1894 -0.0003  0.5671 0 
 41.8341  0.4718  1.7021  0.1084  0.3586  0.0891  0.5367  0.0817 -0.0003  0.5849 0 
 49.2103 -0.4993  1.6029  0.0381  0.0951  0.0342  0.2143  0.0373 -0.0003  0.0645 0 
 46.2379  0.5083 -1.5243  0.0400  0.2825  0.0268  0.3485  0.0156 -0.0003  0.1538 0 
 40.8057 -0.6173 -3.0583  0.0444  0.5110  0.0521  0.3602  0.0759  0.1782  0.6436 0 
 35.3918  0.5888  0.0767  0.0373  0.2572  0.0586  0.3746  0.0173 -0.0003  0.2131 0 
 48.6824 -0.3554  2.6862  0.0703  0.4744  0.0566  0.4298  0.0187  0.0926  0.5776 0 
 45.7099  0.3739 -0.4946  0.1626  0.1441  0.0304  0.3932  0.3193 -0.0003  0.8070 0 
 48.0934 -0.4137  1.5021  0.0945  0.3776  0.0407  0.0862  0.0237 -0.0003  0.4522 0 
 46.1219  0.4369 -1.6271  0.0365  0.4034  0.0307  0.3923  0.0223 -0.0003  0.2263 0 
 52.8603  0.3755  1.4352  0.0111  0.4143  0.0617  0.2104  0.0034 -0.0003  0.2702 0 
 40.4212 -0.3758 -1.6726  0.0019  0.3094  0.0197  0.2257  0.0508 -0.0003  0.0646 0 
 46.4637  0.6219  2.9621  0.0038  0.0955  0.0475  0.3480  0.0424 -0.0003  0.0628 0 
 45.5512 -0.6156 -0.1625  0.0697  0.2196  0.0301  0.2624  0.1181 -0.0003  0.2772 0 
 44.3336  0.7224 -1.0432  0.0807  0.3248  0.0356  0.2643  0.0527 -0.0003  0.3336 0 
 43.1891 -0.7257  2.0987  0.0122  0.0302  0.0417  0.1774  0.0030 -0.0003  0.0710 0 
 48.7953  0.4287  1.8829  0.4487  0.6046  0.0503  0.2577  0.4948 -0.0003  0.9973 1 
 45.1911 -0.4341 -1.2764  0.2044  0.5315  0.0513  0.5258  0.1734 -0.0003  0.9289 1 
 50.6874  0.2500  1.5001  0.0015  0.1077  0.1248  0.2553  0.0464 -0.0003  0.0641 0 
 44.7395 -0.2481 -1.6268  0.0001  0.2195  0.0160  0.3954  0.0698 -0.0003  0.0502 0 
 51.5511 -0.4305 -0.3375  0.0671  0.5229  0.1188  0.5083  0.1942 -0.0003  0.6897 1 
 41.3245  0.4325  2.7644  0.4687  0.6946  0.0428  0.4039  0.3887 -0.0003  0.9956 1 
 44.3458 -0.6703  1.5128  0.1072  0.1500  0.0858  0.2202  0.0645 -0.0003  0.3817 0 
 42.8992  0.6792 -1.6162  0.1738  0.4881  0.0256  0.1777  0.2619  0.0221  0.8098 0 
 51.0658  0.6194  1.0467  0.0482  0.1056  0.2483  0.2547  0.0673 -0.0003  0.1617 0 
 45.6642 -0.6108 -2.1018  0.0013  0.0912  0.0207  0.3496  0.0412 -0.0003  0.0402 0 
 45.2796  0.1820 -2.8780  0.6747  0.2098  0.0370  0.5256  0.7226 -0.0003  0.9976 1 
 41.4984 -0.1731  0.2508  0.5986  0.5618  0.0336  0.5379  0.6003 -0.0003  0.9977 1 
 42.8016 -0.7416  0.1262  0.0820  0.2692  0.1422  0.7557  0.1501 -0.0003  0.7761 1 
 30.6920  0.7591 -2.9828  0.1538  0.6771  0.0131  0.2927  0.1772 -0.0003  0.7112 1 
 49.5094 -0.7248  0.9837  0.0279  0.6623  0.0331  0.5136  0.0612 -0.0003  0.3150 0 
 48.6152  0.7379 -2.1571  0.0088  0.6647  0.0851  0.5160  0.0606 -0.0003  0.2501 0 
 43.3265 -0.0366  1.7675  0.0054  0.2335  0.0249  0.4431  0.0867 -0.0003  0.0928 0 
 36.3989  0.0150 -1.3948  0.0528  0.4322  0.0264  0.2323  0.0627 -0.0003  0.2128 0 
 45.7679 -0.6290 -2.5270  0.0209  0.1654  0.1453  0.3057  0.0352 -0.0003  0.1227 0 
 35.9869  0.6345  0.6224  0.0197  0.3978  0.0277  0.2797  0.0228 -0.0003  0.1311 0 
 46.7659 -0.0458 -2.9348  0.0522  0.1956  0.0366  0.3909  0.0287 -0.0003  0.1814 0 
 35.7641  0.0194  0.1721  0.0985  0.5498  0.0278  0.4202  0.1500  0.0875  0.7660 0 
 46.0517  0.4607 -0.0948  0.0363  0.6883  0.1117  0.4361  0.1096 -0.0003  0.4135 0 
 44.8585 -0.4433  3.0803  0.0171  0.0373  0.0295  0.1317  0.0823 -0.0003  0.0638 0 
 47.1717  0.3550 -0.0978  0.0290  0.1888  0.0369  0.2167  0.1888 -0.0003  0.2889 0 
 44.4038 -0.3660  3.0438  0.0134  0.2912  0.0563  0.2641  0.0090 -0.0003  0.1729 0 
 47.4311  0.7586 -1.2803  0.0112  0.7083  0.0243  0.2163  0.1913 -0.0003  0.2456 0 
 47.0069 -0.7555  1.8451  0.0411  0.4533  0.0224  0.4771  0.0430 -0.0003  0.2879 0 
 41.5595  0.4440  2.7242  0.0482  0.3051  0.0706  0.2240  0.0051  0.0423  0.3663 1 
 40.3754 -0.4770 -0.4115  0.5400  0.1861  0.0413  0.2710  0.2325 -0.0003  0.9750 1 
 43.1403 -0.6102 -0.4473  0.0731  0.4313  0.0634  0.3993  0.0109 -0.0003  0.4214 0 
 42.2583  0.6025  2.6747  0.0121  0.2401  0.0448  0.4015  0.0372 -0.0003  0.1199 0 
 62.1866  0.6691  2.7028  0.0026  0.1468  0.0330  0.2830  0.0626 -0.0003  0.0506 0 
 48.8716 -0.6985 -0.3863  0.0010  0.4430  0.0938  0.4723  0.0751 -0.0003  0.1895 0 
 46.3203  0.2632  1.6860  0.0156  0.2063  0.0750  0.2177  0.0345 -0.0003  0.1541 0 
 45.7588 -0.2826 -1.4708  0.0124  0.8313  0.0182  0.3494  0.0770  0.0188  0.1892 0 
 54.1695 -0.7879 -2.1251  0.0016  0.5636  0.0206  0.4602  0.0381 -0.0003  0.1197 0 
 38.8495  0.7987  1.0370  0.0044  0.1840  0.0393  0.3194  0.0782 -0.0003  0.0720 0 
 51.7220 -0.0659 -2.0183  0.0210  0.5065  0.0341  0.3386  0.0128 -0.0003  0.2052 0 
 45.0324  0.0569  1.1263  0.0053  0.1845  0.0449  0.4386  0.1426 -0.0003  0.1472 0 
 40.8972  0.5769  2.6163  0.1057  0.2723  0.0457  0.3600  0.0486  0.0789  0.6025 0 
 36.5545 -0.5466 -0.5516  0.0084  0.2802  0.0607  0.3713  0.0987 -0.0003  0.1739 0 
 43.2776 -0.3719 -1.4947  0.0578  0.5178  0.0300  0.6649  0.1594 -0.0003  0.6311 0 
 39.5605  0.3836  1.6886  0.1236  0.3067  0.0933  0.2271  0.0882  0.4503  0.9452 0 
 47.7913  0.4558 -1.0711  0.6385  0.6037  0.0382  0.6478  0.8776 -0.0003  0.9985 1 
 46.7384 -0.4659  2.0695  0.4793  0.6007  0.0304  0.6081  0.3757 -0.0003  0.9905 1 
 48.0873 -0.3524 -0.7283  0.0023  0.1784  0.0544  0.3449  0.1507 -0.0003  0.1400 0 
 39.9512  0.3678  2.4186  0.0289  0.3810  0.0345  0.3623  0.0609 -0.0003  0.1966 0 
 44.4556 -0.6900  2.9064  0.0667  0.4085  0.0570  0.3961  0.1342 -0.0003  0.5802 1 
 32.6909  0.6478 -0.3229  0.2010  0.5255  0.0629  0.3352  0.2606 -0.0003  0.9658 1 
 52.4178 -0.5517  0.4506  0.0130  0.1493  0.0393  0.3374  0.1231 -0.0003  0.1044 0 
 50.3334  0.5308 -2.6445  0.0099  0.2411  0.3485  0.2983  0.0524 -0.0003  0.2405 0 
 46.2440  0.5235  0.8239  0.0492  0.4006  0.0452  0.3920  0.0211 -0.0003  0.3194 0 
 45.8534 -0.5089 -2.3249  0.0322  0.2048  0.1158  0.5239  0.1821 -0.0003  0.3962 0 
 53.4127  0.0739  2.2705  0.0008  0.5915  0.2216  0.4618  0.0203 -0.0003  0.2355 0 
 48.3253 -0.0663 -0.8837  0.1099  0.1642  0.0496  0.3876  0.1386 -0.0003  0.5155 0 
 48.4108  0.2024  2.7762  0.0317  0.1230  0.0559  0.3874  0.0336  0.0823  0.1733 0 
 46.2623 -0.2543 -0.3687  0.0369  0.5212  0.0374  0.3049  0.0739  0.0760  0.4887 0 
 51.7800 -0.6208  0.4899  0.0927  0.2907  0.0278  0.2115  0.2016 -0.0003  0.5078 0 
 29.9351  0.6683 -2.7366  0.0634  0.5816  0.1092  0.1965  0.1553 -0.0003  0.7282 0 
 31.6320  0.7501  1.9378  0.1073  0.5810  0.0747  0.5318  0.0814  0.3685  0.9538 1 
 27.9606 -0.7506 -1.2049  0.1745  0.5361  0.0504  0.3510  0.2960  0.3541  0.9960 1 
 46.4851  0.7774  0.3158  0.0421  0.2523  0.2036  0.3915  0.0137 -0.0003  0.2456 0 
 44.8066 -0.7677 -2.8234  0.0020  0.1635  0.0153  0.1757  0.0316 -0.0003  0.0417 0 
 50.4189  0.1070  1.0726  0.0280  0.2704  0.0792  0.4686  0.1696 -0.0003  0.3619 1 
 41.4282 -0.0515 -2.0072  0.1603  0.2746  0.0383  0.4484  0.1183 -0.0003  0.7088 1 
 50.1839 -0.5775  3.0001  0.0153  0.4075  0.1530  0.2559  0.0213 -0.0003  0.2247 0 
 43.6866  0.5769 -0.1472  0.0101  0.4262  0.0492  0.3537  0.0356 -0.0003  0.1763 0 
 43.6652  0.0729  2.7255  0.0182  0.0983  0.0595  0.3980  0.0515 -0.0003  0.0898 0 
 39.6246 -0.0461 -0.4370  0.0776  0.1607  0.0411  0.3177  0.1435 -0.0003  0.3473 0 
 51.1177  0.3278  1.1933  0.0322  0.2400  0.0849  0.4669  0.0805 -0.0003  0.2621 0 
 44.0009 -0.3140 -1.9842  0.0169  0.5512  0.0157  0.3089  0.0357  0.1655  0.3738 0 
 44.6479  0.5742 -2.6911  0.0070  0.1803  0.0599  0.3517  0.0539 -0.0003  0.0975 0 
 42.8046 -0.5836  0.4738  0.0099  0.3087  0.0233  0.4445  0.0483 -0.0003  0.1050 0 
 44.3458 -0.5850  2.5082  0.0689  0.5626  0.0503  0.3963  0.0820 -0.0003  0.5553 1 
 37.1313  0.5720 -0.6909  0.0294  0.4199  0.1072  0.5545  0.2050 -0.0003  0.4814 1 
 42.2156 -0.6613  1.2014  0.0177  0.2874  0.0203  0.3570  0.0378 -0.0003  0.0813 0 
 40.6104  0.6512 -1.9558  0.0056  0.3075  0.0266  0.4058  0.0134  0.0731  0.1920 0 
 54.1176 -0.0232  1.6228  0.0012  0.8084  0.0909  0.5440  0.0062 -0.0003  0.2420 0 
 35.5108  0.0477 -1.5056  0.0117  0.2267  0.0284  0.2339  0.2236 -0.0003  0.2845 0 
 45.8839  0.0406  3.0756  0.0537  0.0823  0.0532  0.1746  0.0041 -0.0003  0.1019 0 
 44.6418 -0.0468 -0.1169  0.0148  0.1278  0.0606  0.3517  0.0073 -0.0003  0.0910 0 
 48.5817  0.4661  0.5964  0.0055  0.8328  0.1300  0.5160  0.0080 -0.0003  0.2695 0 
 38.9654 -0.4475 -2.5422  0.0273  0.1585  0.0662  0.2736  0.1352  0.1567  0.4224 0 
 47.6570  0.1859 -2.6841  0.2499  0.6466  0.0530  0.3025  0.2552  0.4761  0.9990 1 
 47.4189 -0.2076  0.4765  0.1380  0.4339  0.0680  0.3029  0.1165 -0.0003  0.7797 1 
 43.3722  0.4633 -2.3944  0.2131  0.4517  0.0963  0.4430  0.1291 -0.0003  0.8734 0 
 41.1963 -0.4703  0.7182  0.2591  0.5560  0.0617  0.2695  0.3270 -0.0003  0.9852 0 
 47.5319  0.7373 -2.5263  0.0291  0.6492  0.1045  0.4757  0.0482 -0.0003  0.2947 0 
 46.8818 -0.7535  0.6237  0.0498  0.6334  0.0388  0.2170  0.0369 -0.0003  0.3640 0 
 47.1260 -0.6139 -2.1503  0.0991  0.1475  0.0876  0.3034  0.0081 -0.0003  0.2879 0 
 43.2807  0.6116  0.9667  0.0484  0.2512  0.0137  0.3546  0.3217 -0.0003  0.4491 0 
 40.8911 -0.2134  2.3131  0.0826  0.6555  0.0580  0.2250  0.1705 -0.0003  0.8121 0 
 30.3563  0.1941 -0.8126  0.0501  0.1513  0.0171  0.3914  0.0655 -0.0003  0.1121 0 
 46.1463  0.7784 -3.0129  0.0021  0.4801  0.1330  0.2179  0.0770 -0.0003  0.2835 0 
 45.7832 -0.7550  0.0971  0.0065  0.2529  0.0707  0.3494  0.0132 -0.0003  0.1363 0 
 52.6864  0.6254 -2.8699  0.0199  0.1295  0.0594  0.5055  0.0248 -0.0003  0.1250 0 
 41.8311 -0.6106  0.3270  0.0251  0.5981  0.0261  0.3131  0.0159 -0.0003  0.1906 0 
 41.6602  0.1750 -1.4016  0.1051  0.7708  0.0154  0.2687  0.2408 -0.0003  0.6592 1 
 36.2921 -0.1631  1.7493  0.2761  0.4457  0.0696  0.4650  0.2590  0.5904  0.9997 1 
 46.9123 -0.5320  3.1389  0.4316  0.2799  0.0433  0.4774  0.6568 -0.0003  0.9982 1 
 43.8788  0.5157 -0.0250  0.0499  0.2721  0.1946  0.6183  0.3819 -0.0003  0.9161 1 
 50.8064  0.0882 -2.9134  0.0318  0.3655  0.0897  0.5102  0.0949 -0.0003  0.3294 0 
 48.8502 -0.0809  0.2421  0.0175  0.0394  0.1957  0.2147  0.0026 -0.0003  0.0456 0 
 54.1146  0.5382 -0.8622  0.0442  0.1995  0.2078  0.4184  0.0942 -0.0003  0.3189 0 
 36.1669 -0.5711  2.3081  0.0439  0.2222  0.0143  0.3724  0.1468 -0.0003  0.1873 0 
 48.6641  0.5761 -0.9920  0.0333  0.1468  0.0731  0.4728  0.0707 -0.0003  0.1862 0 
 39.8535 -0.5452  2.1268  0.0171  0.4017  0.0352  0.3625  0.0143 -0.0003  0.1680 0 
 50.1137  0.4912  2.0408  0.0085  0.3861  0.0132  0.2986  0.0543 -0.0003  0.0699 0 
 35.5901 -0.5116 -1.0886  0.0085  0.2766  0.0331  0.1870  0.0208 -0.0003  0.1058 0 
 49.2012  0.1158 -1.9676  0.0235  0.5417  0.0806  0.6430  0.0970 -0.0003  0.3306 0 
 47.6356 -0.1059  1.1525  0.0420  0.1740  0.0369  0.3458  0.0856 -0.0003  0.1540 0 
 38.4588 -0.7553  2.6615  0.2826  0.2780  0.0391  0.3203  0.3767 -0.0003  0.9800 1 
 34.6990  0.7443 -0.5997  0.3224  0.3014  0.0397  0.3767  0.4183 -0.0003  0.9920 1 
 49.3751 -0.4502 -2.5132  0.0018  0.7219  0.0576  0.6852  0.0507 -0.0003  0.2470 0 
 43.0549  0.4497  0.6063  0.0476  0.1684  0.0548  0.3995  0.0631 -0.0003  0.2019 0 
 40.0122 -0.1096 -1.1355  0.3700  0.4762  0.0691  0.6790  0.5218 -0.0003  0.9975 1 
 33.6614  0.0965  2.0289  0.3641  0.7589  0.0439  0.3324  0.3941  0.2384  0.9960 1 
 55.3658  0.5631  0.8217  0.0250  0.1063  0.0576  0.2912  0.0318 -0.0003  0.0845 0 
 41.3519 -0.5600 -2.3276  0.0065  0.6794  0.0400  0.3141  0.0037 -0.0003  0.2165 0 
 45.3498  0.3304 -1.6110  0.0439  0.0612  0.1061  0.2189  0.0762 -0.0003  0.1012 0 
 44.1657 -0.3416  1.5268  0.0203  0.1842  0.0396  0.3527  0.1238 -0.0003  0.1440 0 
 51.8959  0.6526 -1.6907  0.0334  0.4547  0.1769  0.2960  0.0670 -0.0003  0.3318 0 
 45.7374 -0.6592  1.3813  0.0525  0.1702  0.1716  0.2184  0.0218 -0.0003  0.2037 0 
 47.5196  0.6941 -2.3717  0.0490  0.3589  0.0242  0.3028  0.0112 -0.0003  0.1913 0 
 37.8485 -0.6780  0.7730  0.0901  0.2143  0.0481  0.2758  0.0213 -0.0003  0.2997 0 
 54.7524 -0.3547 -1.9409  0.0001  0.3850  0.1529  0.3338  0.1174 -0.0003  0.2611 0 
 41.8769  0.4029  1.2422  0.0512  0.0367  0.0576  0.2236  0.0297 -0.0003  0.0806 0 
 54.7433  0.3205 -1.7036  0.0239  0.7288  0.1236  0.4590  0.0627 -0.0003  0.3250 1 
 48.6702 -0.3124  1.4371  0.9926  0.6904  0.0363  0.3439  0.9115 -0.0003  0.9982 1 
 41.3367 -0.0614  0.3028  0.0606  0.6206  0.0378  0.2244  0.0941 -0.0003  0.4408 0 
 31.2108  0.0423 -2.8648  0.1654  0.3333  0.0240  0.2427  0.1467 -0.0003  0.6108 0 
 47.5837  0.1103 -1.1030  0.1261  0.0978  0.2381  0.2594  0.0314 -0.0003  0.3599 0 
 47.4586 -0.0906  2.0157  0.0518  0.0527  0.0706  0.3894  0.0474 -0.0003  0.0991 0 
 46.8238  0.7497  2.8536  0.0601  0.6539  0.1523  0.7381  0.0215 -0.0003  0.3768 0 
 42.9511 -0.7440 -0.3136  0.0216  0.5365  0.0256  0.2665  0.0307 -0.0003  0.1520 0 
 48.1361  0.2513 -2.6374  0.1856  0.4459  0.1122  0.8190  0.0386 -0.0003  0.7608 1 
 42.8901 -0.2575  0.5243  0.0695  0.1813  0.1858  0.4443  0.0871 -0.0003  0.3749 1 
 40.2991 -0.0334  2.0869  0.0380  0.1729  0.0237  0.4518  0.0362 -0.0003  0.1316 0 
 39.4415  0.0118 -1.0385  0.0932  0.4238  0.0125  0.4544  0.0779 -0.0003  0.4571 0 
 54.0719  0.4740  0.5523  0.0276  0.1354  0.0580  0.2092  0.0350 -0.0003  0.1035 0 
 45.3681 -0.4485 -2.5851  0.0460  0.0130  0.0736  0.2189  0.0052 -0.0003  0.0843 0 
 64.8112  0.6579  1.4746  0.0193  0.1807  0.0710  0.1601  0.0057 -0.0003  0.1644 0 
 56.5072 -0.6525 -1.7101  0.0224  0.1235  0.3347  0.3312  0.0416 -0.0003  0.1454 0 
 45.9266 -0.5652 -0.4376  0.0911  0.4155  0.0468  0.6109  0.0571 -0.0003  0.5660 1 
 37.0581  0.5999  2.7157  0.2220  0.3792  0.0702  0.3236  0.1249 -0.0003  0.8595 1 
 46.0456 -0.4745  2.8941  0.6689  0.6824  0.0995  0.3924  0.7890 -0.0003  0.9983 1 
 38.5901  0.5164 -0.2798  0.1524  0.3658  0.0309  0.3657  0.1238  0.3191  0.9910 1 
 52.1920 -0.4804 -3.1253  0.0173  0.3539  0.0850  0.5490  0.0244 -0.0003  0.2146 0 
 46.4210  0.4962  0.0632  0.0170  0.5229  0.0669  0.6092  0.0585 -0.0003  0.2581 0 
 51.7067 -0.3349  1.9394  0.0187  0.1988  0.0248  0.2963  0.0779 -0.0003  0.0705 0 
 44.8646  0.3121 -1.2187  0.0155  0.6760  0.0202  0.3951  0.1729 -0.0003  0.2790 0 
 48.5084 -0.5840 -1.0401  0.0004  0.1441  0.1185  0.3872  0.1707  0.4001  0.5464 0 
 42.6490  0.5947  2.1146  0.0047  0.2357  0.0128  0.2670  0.0490 -0.0003  0.0426 0 
 43.9765 -0.7562  0.8601  0.0025  0.6008  0.0174  0.3531  0.0483 -0.0003  0.0974 0 
 38.8067  0.7218 -2.2608  0.0953  0.6356  0.0501  0.4108  0.0875 -0.0003  0.6980 0 
 55.7931  0.5245  2.3432  0.0364  0.3338  0.1576  0.4568  0.0197  0.0579  0.3187 0 
 46.7323 -0.5538 -0.8510  0.0374  0.0506  0.0229  0.1303  0.0034 -0.0003  0.0625 0 
 38.7488  0.6180  2.3213  0.0841  0.4226  0.0316  0.4566  0.0598  0.1608  0.6964 0 
 37.2747 -0.6095 -0.8072  0.0007  0.3564  0.0240  0.1846  0.0567 -0.0003  0.0936 0 
 55.1888 -0.0749 -2.8576  0.0148  0.3322  0.0163  0.2499  0.0129 -0.0003  0.0810 0 
 40.6226  0.0463  0.2523  0.0052  0.1674  0.1237  0.2705  0.0279 -0.0003  0.0967 0 
 52.6589 -0.1249 -1.5066  0.0057  0.1948  0.0332  0.3371  0.0390 -0.0003  0.0632 0 
 46.8421  0.1075  1.6142  0.0088  0.2794  0.0725  0.5209  0.0768 -0.0003  0.1913 0 
 45.9785 -0.7703  1.7279  0.3220  0.2611  0.0963  0.5235  0.1317 -0.0003  0.9286 1 
 43.7964  0.7528 -1.4677  0.1859  0.6215  0.0450  0.5744  0.1475 -0.0003  0.9148 1 
 43.7659 -0.7960  0.3780  0.0275  0.4071  0.0104  0.3094  0.0522 -0.0003  0.0945 0 
 39.1608  0.7996 -2.7228  0.0236  0.0789  0.1223  0.2732  0.0239 -0.0003  0.0626 0 
 53.3730 -0.7901  1.5174  0.0221  0.3125  0.0724  0.4199  0.1019 -0.0003  0.2636 0 
 41.8799  0.7889 -1.6519  0.0385  0.0924  0.0404  0.1789  0.0154 -0.0003  0.0783 0 
 46.3447  0.0108  0.4507  0.0023  0.1801  0.0841  0.3483  0.0356 -0.0003  0.0960 0 
 32.6665 -0.0383 -2.7128  0.0049  0.3488  0.0459  0.4311  0.0209 -0.0003  0.1454 0 
 45.2277 -0.4893 -0.3035  0.0014  0.3460  0.0081  0.1314  0.0279 -0.0003  0.0877 0 
 41.4649  0.4740  2.8355  0.0619  0.3499  0.0238  0.4932  0.0623 -0.0003  0.3757 0 
 49.0211 -0.2393  0.1299  0.0501  0.1014  0.0397  0.3861  0.0388 -0.0003  0.1126 0 
 44.6723  0.2497 -3.0013  0.0253  0.3322  0.0220  0.1319  0.0865 -0.0003  0.1489 0 
 38.0316  0.3886 -0.3266  0.0373  0.0856  0.0522  0.3213  0.0136 -0.0003  0.0870 1 
 33.2403 -0.4319  2.7805  0.1488  0.1474  0.0258  0.2860  0.0858  0.1505  0.7435 1 
 47.6753 -0.2269  2.8785  0.1808  0.3231  0.0856  0.5618  0.4272 -0.0003  0.9885 0 
 42.0569  0.2389 -0.2614  0.0539  0.4552  0.0208  0.5360  0.1470  0.1370  0.6942 0 
 50.0465 -0.4868 -2.8766  0.0357  0.6697  0.0789  0.2134  0.0184 -0.0003  0.3660 0 
 38.2849  0.4903  0.2702  0.0112  0.0804  0.0237  0.3207  0.0294 -0.0003  0.0446 0 
 47.4556 -0.4614 -1.0017  0.4142  0.3365  0.0694  0.3029  0.5017 -0.0003  0.9974 0 
 43.3204  0.4807  2.1732  0.0393  0.3055  0.0295  0.3545  0.0217 -0.0003  0.1722 0 
 53.2784 -0.4559 -1.5381  0.0064  0.0813  0.0836  0.3360  0.0309 -0.0003  0.0667 0 
 48.7465  0.4382  1.5800  0.0439  0.3472  0.0334  0.3008  0.0385 -0.0003  0.2035 0 
 51.3680 -0.3894 -1.5631  0.2676  0.2415  0.0391  0.3392  0.2276 -0.0003  0.9153 1 
 44.8249  0.3773  1.6186  0.3847  0.4358  0.0348  0.3513  0.5106 -0.0003  0.9968 1 
 45.6855  0.7990  2.5043  0.0118  0.2083  0.0195  0.2622  0.0082 -0.0003  0.0562 0 
 43.5187 -0.8005 -0.6278  0.0257  0.4576  0.0488  0.1328  0.0104 -0.0003  0.3474 0 
 51.0567 -0.2015  3.0091  0.5586  0.4562  0.0531  0.3397  0.6866 -0.0003  0.9983 1 
 39.7528  0.2243 -0.1798  0.3413  0.2903  0.0406  0.4081  0.3028 -0.0003  0.9804 1 
 44.1291  0.1461 -1.3204  0.0084  0.2022  0.0112  0.1323  0.0956  0.1265  0.2680 0 
 43.4058 -0.1766  1.8059  0.0146  0.2109  0.0225  0.2657  0.0674 -0.0003  0.0601 0 
 44.2542  0.1836  1.9230  0.4027  0.7490  0.0396  0.3084  0.3995  0.1027  0.9961 1 
 33.3745 -0.1316 -1.2858  0.2951  0.5247  0.0479  0.2380  0.3183  0.3179  0.9966 1 
 62.2446 -0.7616  2.6590  0.0540  0.2164  0.0844  0.1213  0.0556 -0.0003  0.3751 0 
 39.0478  0.7627 -0.4991  0.0014  0.2017  0.0181  0.3646  0.0270 -0.0003  0.0459 0 
 50.6905 -0.8079  1.7666  0.0298  0.2719  0.1002  0.6807  0.0347  0.2072  0.4606 0 
 44.9195  0.7748 -1.4004  0.0804  0.4722  0.0190  0.1756  0.0716  0.0412  0.3339 0 
 47.0649  0.5995  0.7789  0.0167  0.2059  0.0396  0.3035  0.0096 -0.0003  0.0977 0 
 33.7835 -0.5977 -2.3535  0.1230  0.3930  0.0239  0.0949  0.0253 -0.0003  0.3734 0 
 53.5164 -0.7080  2.1440  0.0449  0.4453  0.1965  0.6714  0.1640 -0.0003  0.5831 0 
 49.6742  0.7232 -1.0686  0.0092  0.5534  0.0370  0.3848  0.0115 -0.0003  0.1819 0 
 44.9104 -0.7609  0.5133  0.0132  0.6029  0.0638  0.3951  0.0412 -0.0003  0.2223 0 
 38.0499  0.7590 -2.6363  0.0523  0.1929  0.0467  0.2753  0.1592 -0.0003  0.3430 0 
 49.8451  0.3681  1.9671  0.1050  0.2731  0.0433  0.3845  0.0408  0.1717  0.6906 0 
 47.4281 -0.3733 -1.1405  0.0091  0.5221  0.0784  0.3462  0.0294 -0.0003  0.2002 0 
 45.1270  0.0444  0.0242  0.0039  0.1471  0.0279  0.2630  0.0486 -0.0003  0.0451 0 
 38.5290 -0.0065 -3.0964  0.0436  0.2666  0.0714  0.3202  0.0761 -0.0003  0.2990 0 
 47.9164 -0.0962  2.4124  0.0326  0.3121  0.0133  0.3021  0.0711 -0.0003  0.0964 0 
 41.9257  0.0999 -0.7355  0.0000  0.1625  0.0159  0.0894  0.0001 -0.0003  0.0745 0 
 46.4057 -0.4207 -2.1538  0.0186  0.3300  0.0197  0.2611  0.1003 -0.0003  0.1096 0 
 44.9409  0.4387  0.9772  0.0337  0.8842  0.0208  0.2633  0.0821 -0.0003  0.2602 0 
 44.9622  0.6975  1.5014  0.0873  0.5391  0.0618  0.2194  0.1806 -0.0003  0.8043 1 
 35.3857 -0.6836 -1.6459  0.0521  0.3693  0.0677  0.3278  0.1176 -0.0003  0.4853 1 
 49.3416  0.1327  2.5206  0.0726  0.3163  0.0368  0.1285  0.0219 -0.0003  0.3171 0 
 49.1157 -0.1322 -0.6089  0.0232  0.0434  0.0304  0.3431  0.1485 -0.0003  0.0953 0 
 49.5460  0.5041 -2.0489  0.0084  0.2249  0.0718  0.4279  0.1170 -0.0003  0.1760 0 
 47.9103 -0.4678  1.0402  0.0146  0.4285  0.1964  0.5611  0.0049 -0.0003  0.2376 0 
 45.1667 -0.0812  2.5403  0.0209  0.5378  0.0987  0.4821  0.0228 -0.0003  0.2323 0 
 31.8669  0.0706 -0.5956  0.3308  0.8451  0.0276  0.2412  0.2182  0.1791  0.9726 0 
 48.2216  0.6209 -2.5041  0.0153  0.3726  0.0450  0.2154  0.0252 -0.0003  0.1936 0 
 43.7232 -0.6233  0.6443  0.0237  0.3375  0.0281  0.1768  0.0988 -0.0003  0.1647 0 
 48.1117 -0.3750 -2.7513  0.0108  0.2038  0.0345  0.3880  0.0689 -0.0003  0.0898 0 
 45.3132  0.3507  0.3817  0.0098  0.5672  0.0138  0.1314  0.0074 -0.0003  0.1386 0 
 53.9620 -0.7274  1.6767  0.1086  0.5415  0.1705  0.6699  0.1793  0.2782  0.9473 0 
 41.4099  0.7304 -1.4532  0.0130  0.6382  0.0131  0.1345  0.0058 -0.0003  0.1414 0 
 38.7396  0.2666  2.1981  0.0569  0.5759  0.1000  0.4110  0.1409  0.3233  0.8490 1 
 33.5302 -0.2912 -1.0373  0.0951  0.2587  0.0363  0.3804  0.2183  0.2571  0.9181 1 
 45.2461 -0.7236 -0.7209  0.0565  0.6051  0.0317  0.3505  0.0182 -0.0003  0.3843 0 
 44.6235  0.7178  2.4256  0.0220  0.4152  0.0374  0.4397  0.1827 -0.0003  0.3859 0 
 42.3438  0.1328  1.8456  0.0423  0.4403  0.0274  0.2675  0.1028 -0.0003  0.2351 0 
 40.8942 -0.1390 -1.2952  0.1030  0.3524  0.0249  0.3150  0.1697 -0.0003  0.5697 0 
 52.2835  0.1960 -1.8256  0.0272  0.1388  0.0343  0.3799  0.1268  0.1291  0.3313 0 
 51.1482 -0.1782  1.3689  0.0098  0.2913  0.0764  0.2547  0.0195 -0.0003  0.1842 0 
 47.6265 -0.4493  3.0286  0.0017  0.3236  0.0507  0.2161  0.0707 -0.0003  0.1512 0 
 45.3742  0.4511 -0.1275  0.0357  0.4712  0.0215  0.1751  0.0234 -0.0003  0.1610 0 
 51.0384 -0.2503 -2.9814  0.1105  0.0479  0.0258  0.2548  0.0203 -0.0003  0.0754 0 
 44.7883  0.2553  0.1504  0.0874  0.1081  0.0284  0.1757  0.1025 -0.0003  0.1758 0 
 50.9621 -0.6877 -0.4513  0.0194  0.2140  0.0471  0.4673  0.0397 -0.0003  0.1525 0 
 43.2776  0.6912  2.6578  0.0105  0.2187  0.0927  0.1773  0.0648 -0.0003  0.2088 0 
 42.2889  0.7215 -0.8746  0.5477  0.7069  0.1604  0.2230  0.1456  0.4755  0.9967 1 
 26.7063 -0.7475  2.2488  0.1348  0.2730  0.0740  0.4575  0.1518  0.5898  0.9974 1 
 48.6091 -0.6199 -0.7797  0.0215  0.1702  0.0915  0.3440  0.0748 -0.0003  0.1442 0 
 45.4353  0.6275  2.3643  0.0602  0.2621  0.0447  0.4813  0.0557 -0.0003  0.3457 0 
 46.3142 -0.7664  1.0516  0.0147  0.4778  0.0929  0.4790  0.0168 -0.0003  0.2031 0 
 44.6601  0.7806 -2.1248  0.0183  0.2461  0.0202  0.3077  0.2160 -0.0003  0.2347 0 
 45.8198  0.5850 -1.7184  0.1077  0.6473  0.0755  0.5240  0.0305 -0.0003  0.5680 1 
 44.1535 -0.5790  1.4164  0.0487  0.3405  0.0591  0.6173  0.2432 -0.0003  0.6259 1 
 53.6446  0.2044  2.1898  0.0250  0.3826  0.0856  0.3774  0.0767 -0.0003  0.2705 0 
 45.7984 -0.1873 -0.9817  0.0078  0.7219  0.0207  0.2184  0.0004 -0.0003  0.1609 0 
 45.2857  0.6649  2.7022  0.1238  0.1257  0.0924  0.2628  0.0920 -0.0003  0.4296 0 
 41.2482 -0.6745 -0.4537  0.0536  0.3787  0.0944  0.7183  0.0168 -0.0003  0.4039 0 
 50.1961 -0.6832  1.0745  0.0226  0.5350  0.0072  0.1706  0.0042 -0.0003  0.1199 0 
 41.3794  0.6940 -2.0858  0.0071  0.2606  0.0227  0.2692  0.1240 -0.0003  0.0941 0 
 34.8333 -0.3664  2.0881  0.0002  0.4284  0.0780  0.3292  0.0572 -0.0003  0.1791 0 
 34.8241  0.3759 -1.0344  0.0352  0.4733  0.0168  0.3763  0.1003 -0.0003  0.1975 0 
 49.7139 -0.4045 -2.9990  0.0021  0.2247  0.0877  0.1283  0.0529  0.0361  0.2668 0 
 46.3050  0.3895  0.1271  0.0106  0.2210  0.3006  0.6096  0.2950  1.0322  0.9785 0 
 52.1126 -0.0409 -0.3289  0.0646  0.3422  0.1392  0.3802  0.0510 -0.0003  0.3611 0 
 43.0884  0.0819  2.7763  0.0022  0.4165  0.0087  0.2219  0.0231 -0.0003  0.0734 0 
 45.0751 -0.4495 -2.0545  0.2489  0.4109  0.0501  0.3070  0.2283 -0.0003  0.9442 0 
 43.3295  0.4442  1.1251  0.0086  0.7343  0.1701  0.4874  0.0225 -0.0003  0.2709 0 
 44.4587 -0.7663  0.4893  0.0356  0.3364  0.0836  0.3961  0.0886 -0.0003  0.3218 1 
 32.5658  0.7793 -2.6851  0.3053  0.8101  0.0162  0.2877  0.3536  0.1574  0.9892 1 
 52.2377  0.0099  1.7785  0.0030  0.1892  0.2504  0.3799  0.1335 -0.0003  0.2426 0 
 46.8269 -0.0349 -1.3426  0.0168  0.1068  0.1224  0.3039  0.0615 -0.0003  0.0777 0 
 48.5206  0.1494 -1.7088  0.0186  0.3372  0.0395  0.4302  0.0148 -0.0003  0.1760 0 
 45.6001 -0.1421  1.4167  0.3919  0.2883  0.0479  0.3935  0.2795 -0.0003  0.9831 0 
 53.7270  0.3397 -0.4730  0.0030  0.2008  0.0395  0.2934  0.0156 -0.0003  0.0731 0 
 39.4690 -0.3127  2.6342  0.0305  0.5177  0.0273  0.2726  0.0546 -0.0003  0.1771 0 
 35.6664 -0.7004  1.5424  0.0087  0.3739  0.0467  0.4672  0.0356 -0.0003  0.1692 0 
 30.8019  0.7343 -1.5855  0.0037  0.4064  0.0222  0.3898  0.0363 -0.0003  0.0901 0 
 46.9978  0.6684  1.0569  0.0332  0.2292  0.0578  0.3470  0.0919 -0.0003  0.2258 0 
 46.7964 -0.6818 -2.0269  0.0054  0.5448  0.0425  0.5211  0.0287 -0.0003  0.1778 0 
 44.0589  0.6242 -1.0873  0.0034  0.1686  0.0748  0.3529  0.0026 -0.0003  0.0982 0 
 42.8473 -0.5303  2.1181  0.0197  0.5365  0.1202  0.5333  0.0225 -0.0003  0.2425 0 
 48.0598 -0.3116 -2.6482  0.0095  0.5449  0.0690  0.3450  0.0060 -0.0003  0.1974 1 
 22.3301  0.3661  0.4036  0.0354  0.4086  0.0435  0.3764  0.1849  0.1003  0.6258 1 
 49.1341 -0.2497 -2.6270  0.2318  0.5416  0.0277  0.3859  0.2152 -0.0003  0.9006 1 
 45.6306  0.2722  0.5615  0.0678  0.3567  0.0735  0.5245  0.0576 -0.0003  0.4381 1 
 46.9917  0.7114 -2.3372  0.0095  0.2483  0.0689  0.4338  0.0059 -0.0003  0.1451 0 
 40.1190 -0.7108  0.8176  0.0214  0.8623  0.0617  0.4976  0.0276 -0.0003  0.3126 0 
 45.0446  0.3292  0.7871  0.0340  0.3883  0.1638  0.4824  0.0262 -0.0003  0.2699 0 
 43.9124 -0.3064 -2.3628  0.0891  0.2675  0.0423  0.2649  0.2050 -0.0003  0.6078 0 
 47.9500 -0.1477 -1.2956  0.0626  0.3064  0.1157  0.4315  0.0405 -0.0003  0.3448 0 
 47.5532  0.1273  1.8318  0.1026  0.5628  0.0928  0.4757  0.0853 -0.0003  0.5917 0 
 44.8218  0.4382  2.6812  0.1108  0.1026  0.0349  0.3074  0.0659  0.0907  0.4411 1 
 41.0773 -0.4501 -0.4885  0.3216  0.6556  0.0475  0.5843  0.5097 -0.0003  0.9961 1 
 40.1862  0.1531  0.3585  0.0255  0.2416  0.0661  0.2713  0.1104 -0.0003  0.2552 0 
 28.8243 -0.1167 -2.8442  0.0163  0.3759  0.0451  0.3975  0.0405 -0.0003  0.1809 0 
 48.3131 -0.4549 -1.3531  0.0012  0.5267  0.1021  0.6029  0.2274  0.3563  0.8460 0 
 44.5777  0.4093  1.7215  0.0149  0.3911  0.0904  0.4838  0.0151 -0.0003  0.1942 0 
 56.2325 -0.5703 -2.6949  0.0242  0.0915  0.0142  0.2487  0.0120 -0.0003  0.0404 0 
 47.6783  0.5790  0.5011  0.0058  0.7214  0.0568  0.2593  0.0500 -0.0003  0.2896 0 
 45.0446 -0.5139  0.8495  0.8825  0.4388  0.0639  0.4386  0.8625 -0.0003  0.9981 1 
 33.5851  0.4829 -2.3225  0.2920  0.1217  0.0510  0.1901  0.3185 -0.0003  0.9359 1 
 48.6366 -0.5097 -2.9251  0.0123  0.1862  0.0205  0.3009  0.1567 -0.0003  0.1030 0 
 43.1495  0.5243  0.2386  0.0354  0.1678  0.0303  0.3105  0.0748 -0.0003  0.0994 0 
 56.0159 -0.5797 -2.6742  0.0464  0.6287  0.1151  0.4148  0.0246 -0.0003  0.3132 0 
 51.0079  0.5732  0.5332  0.0260  0.6460  0.0185  0.1699  0.0040 -0.0003  0.1705 0 
 61.2924  0.3983 -2.6636  0.0428  0.1062  0.0705  0.4058  0.0108 -0.0003  0.1224 0 
 46.5217 -0.4145  0.4760  0.0480  0.1231  0.0734  0.6089  0.1138 -0.0003  0.3404 0 
 45.0294  0.6272  1.9144  0.0244  0.1593  0.0205  0.3509  0.0172 -0.0003  0.0630 0 
 44.0131 -0.6423 -1.2320  0.0791  0.2389  0.2218  0.3530  0.1916 -0.0003  0.7197 0 
 45.2735  0.7750  1.5197  0.0045  0.3591  0.0769  0.3066  0.0709 -0.0003  0.1926 0 
 36.5362 -0.7903 -1.5987  0.0122  0.3629  0.0154  0.1856  0.0040 -0.0003  0.1057 0 
 45.3529 -0.2959 -0.8379  0.1635  0.2681  0.0320  0.5691  0.1180 -0.0003  0.7691 1 
 34.1619  0.2995  2.2845  0.5601  0.1090  0.0210  0.3311  0.5435  0.2724  0.9994 1 
 44.2481  0.3082  2.3698  0.0011  0.0441  0.0160  0.2203  0.1075 -0.0003  0.0452 0 
 32.4773 -0.2807 -0.8380  0.0216  0.0581  0.0862  0.0959  0.0021 -0.0003  0.1170 0 
 47.4037 -0.1672 -2.0014  0.0192  0.1897  0.1285  0.6059  0.1529 -0.0003  0.3329 0 
 44.5930  0.1912  1.1830  0.0092  0.1948  0.0239  0.6157  0.0589 -0.0003  0.1564 0 
 64.1245 -0.2010  1.7834  0.0028  0.3757  0.0257  0.2007  0.0560 -0.0003  0.0986 0 
 50.2327  0.1811 -1.3434  0.0065  0.1730  0.0674  0.3837  0.0855 -0.0003  0.1139 0 
 48.7312  0.6975  2.9502  0.0158  0.4699  0.0711  0.2578  0.1096 -0.0003  0.3759 0 
 38.4619 -0.6812 -0.1712  0.0681  0.1884  0.0273  0.4118  0.0484 -0.0003  0.2166 0 
 46.2409  0.4876 -1.3641  0.0780  0.4275  0.1003  0.6970  0.2501 -0.0003  0.8453 0 
 40.2411 -0.4907  1.7663  0.1512  0.7174  0.0108  0.2260  0.1750 -0.0003  0.6763 0 
 47.1077  0.0165 -2.5048  0.0129  0.1706  0.0334  0.3902  0.1406 -0.0003  0.1272 0 
 43.2776 -0.0116  0.6482  0.0000  0.6548  0.0109  0.5319  0.0065  0.0788  0.2230 0 
 49.4575 -0.0038 -1.1344  0.0919  0.4299  0.0458  0.3853  0.1020 -0.0003  0.6142 1 
 44.9195  0.0256  2.0100  0.6452  0.6812  0.0337  0.3950  0.3227 -0.0003  0.9954 1 
 43.2013 -0.5387  1.0465  0.0197  0.2640  0.0714  0.2661  0.1055  0.2407  0.5335 1 
 42.4445  0.5068 -2.1096  0.3333  0.6139  0.0638  0.3564  0.2613  0.5118  0.9995 1 
 54.5480 -0.7063 -0.4803  0.1201  0.2870  0.0369  0.2505  0.0871 -0.0003  0.4991 1 
 49.6437  0.6913  2.6656  0.1556  0.3040  0.0819  0.4276  0.2768 -0.0003  0.9350 1 
 42.4537 -0.4228  0.6152  0.0780  0.2194  0.0467  0.4455  0.0344  0.3818  0.8571 0 
 37.8637  0.4314 -2.5063  0.0903  0.2698  0.0350  0.3217  0.0650  0.1641  0.6639 0 
 53.3791 -0.2765  0.9773  0.0309  0.1539  0.0911  0.3779  0.0419 -0.0003  0.1384 0 
 34.3877  0.2525 -2.1878  0.0088  0.7204  0.0134  0.2360  0.0479  0.1808  0.3483 0 
 46.5248  0.6582 -2.3822  0.0222  0.0896  0.0291  0.2609  0.0450 -0.0003  0.0507 0 
 43.4485 -0.6645  0.7727  0.0021  0.2792  0.0310  0.4871  0.0445 -0.0003  0.1102 0 
 41.6175 -0.5939 -1.4188  0.0637  0.4383  0.0186  0.0448  0.0065 -0.0003  0.2263 0 
 41.0773  0.5921  1.6977  0.0002  0.1010  0.0370  0.2247  0.0679 -0.0003  0.0509 0 
 43.9002  0.0776 -1.3550  0.4509  0.3742  0.0314  0.3974  0.5749 -0.0003  0.9977 1 
 41.8799 -0.0934  1.7828  0.5794  0.3633  0.0354  0.8049  0.5754  0.1651  0.9999 1 
 47.3121  0.5345  2.8828  0.0081  0.0851  0.0759  0.3031  0.0446 -0.0003  0.0721 0 
 44.6448 -0.5455 -0.3096  0.0347  0.4000  0.0370  0.4836  0.0717 -0.0003  0.3102 0 
 48.1849 -0.0261 -3.1412  0.0225  0.3096  0.2508  0.4741  0.1562 -0.0003  0.4203 0 
 46.5309  0.0387  0.0107  0.0115  0.0221  0.0654  0.2609  0.0374 -0.0003  0.0717 0 
 47.6570 -0.0951 -0.1133  0.0420  0.6566  0.0404  0.3025  0.1924 -0.0003  0.6109 0 
 42.4689  0.1154  3.0354  0.2271  0.1856  0.0439  0.3564  0.2611 -0.0003  0.9091 0 
 45.3651 -0.4554 -2.3708  0.0009  0.2362  0.0240  0.3064  0.0566 -0.0003  0.0510 0 
 36.9512  0.4517  0.7748  0.0038  0.1228  0.0278  0.1388  0.0192 -0.0003  0.0580 0 
 47.8157 -0.1166 -1.6604  0.0096  0.1087  0.0454  0.1727  0.0914 -0.0003  0.0807 0 
 35.4223  0.1609  1.5079  0.0537  0.3891  0.1170  0.3745  0.1258 -0.0003  0.4680 0 
 52.1370  0.6506 -0.1407  0.0110  0.3015  0.0114  0.2534  0.0049 -0.0003  0.0651 0 
 46.1402 -0.6638  3.0100  0.0123  0.2158  0.0083  0.2615  0.0093 -0.0003  0.0441 0 
 48.3497 -0.6082 -2.6028  0.1640  0.6976  0.1255  0.3445  0.0126 -0.0003  0.7599 0 
 35.8099  0.5951  0.5573  0.0114  0.6537  0.1029  0.4201  0.0397  0.3006  0.5806 0 
 50.7912  0.7773  0.8480  0.1028  0.3249  0.0228  0.2976  0.2486 -0.0003  0.6230 0 
 44.8066 -0.7664 -2.2867  0.1612  0.7514  0.0723  0.4392  0.1887 -0.0003  0.9480 0 
 49.4087  0.2382 -1.9815  0.0813  0.2031  0.0169  0.3425  0.0787 -0.0003  0.2023 0 
 48.8777 -0.2237  1.1572  0.0154  0.2259  0.0586  0.2576  0.0274 -0.0003  0.1342 0 
 43.1067  0.5467  2.1272  0.0219  0.2099  0.0254  0.2218  0.0086 -0.0003  0.0788 0 
 41.8952 -0.5555 -0.9739  0.0005  0.1683  0.0427  0.4024  0.0330 -0.0003  0.0744 0 
 50.2480  0.1655 -1.7770  0.0021  0.3123  0.0946  0.4690  0.0550  0.0470  0.1933 0 
 37.9675 -0.1674  1.3967  0.0667  0.1186  0.1069  0.1837  0.0402 -0.0003  0.1900 0 
 36.6827  0.7672 -1.4531  0.0026  0.7116  0.0472  0.3709  0.0634 -0.0003  0.2042 0 
 36.2310 -0.7487  1.8096  0.0107  0.4126  0.0435  0.3722  0.0339 -0.0003  0.1638 0 
 49.0639  0.7690 -1.9515  0.0259  0.1899  0.1060  0.4719  0.0971 -0.0003  0.2248 0 
 45.7435 -0.7495  1.1692  0.0500  0.2078  0.0543  0.3058  0.0599 -0.0003  0.2170 0 
 47.8309  0.0966 -0.6415  0.0708  0.2171  0.0249  0.2591  0.0460 -0.0003  0.1599 0 
 46.9764 -0.0908  2.5098  0.0109  0.1636  0.1713  0.3904  0.0082 -0.0003  0.1225 0 
 47.0527 -0.6409  2.8853  0.0147  0.2492  0.1219  0.6504 -0.0200 -0.0003  0.2037 0 
 31.4916  0.6428 -0.2948  0.0527  0.4405  0.0740  0.3873  0.0276 -0.0003  0.3451 0 
 39.1547 -0.6404  2.8942  0.0801  0.4818  0.0255  0.4098  0.1428 -0.0003  0.5880 0 
 30.5058  0.6100 -0.2483  0.0306  0.4374  0.0186  0.1954  0.0797  0.2433  0.7251 0 
 44.3153  0.6683  0.5500  0.0285  0.1481  0.0647  0.1322  0.0035 -0.0003  0.1530 0 
 41.9989 -0.6635 -2.6212  0.0103  0.5055  0.0350  0.4021  0.1126 -0.0003  0.2207 0 
 48.1361 -0.2256 -1.9323  0.0205  0.2383  0.0338  0.3449  0.0086  0.1767  0.3480 0 
 35.6878  0.2350  1.1868  0.0068  0.4084  0.0336  0.2803  0.1035 -0.0003  0.1457 0 
 46.5187 -0.5498 -2.3087  0.0064  0.4905  0.0188  0.2609  0.0139  0.1050  0.2281 0 
 36.8841  0.5675  0.8293  0.0484  0.1140  0.0094  0.2777  0.1715 -0.0003  0.1246 0 
 46.9703  0.0640 -0.4360  0.0494  0.5363  0.1197  0.6507  0.0654 -0.0003  0.3745 0 
 45.9693 -0.0651  2.6882  0.0133  0.2336  0.0377  0.2181  0.0878 -0.0003  0.1112 0 
 42.0813  0.4584 -1.1396  0.0123  0.3923  0.0368  0.2233  0.0078 -0.0003  0.1776 0 
 27.8080 -0.5233  1.9243  0.0122  0.1437  0.1035  0.4520  0.0944  0.1638  0.2474 0 
 46.8086 -0.5129  2.6213  0.4259  0.4954  0.0461  0.4342  0.4058 -0.0003  0.9949 1 
 44.6113  0.5070 -0.4868  0.4648  0.5576  0.0605  0.4837  0.3707 -0.0003  0.9937 1 
 42.6947 -0.7845  0.6867  0.0211  0.4527  0.0426  0.3114  0.0789 -0.0003  0.2286 0 
 36.4630  0.7652 -2.4754  0.1602  0.3928  0.0167  0.2786  0.1306 -0.0003  0.5302 0 
 52.4178  0.0923  0.2221  0.0016  0.5783  0.0202  0.1687  0.1634 -0.0003  0.1653 0 
 47.6814 -0.1243 -2.8835  0.0213  0.0975  0.0542  0.6050  0.1102 -0.0003  0.1907 0 
 54.9630  0.1730  0.9809  0.0098  0.2494  0.0680  0.2918  0.0049 -0.0003  0.1509 0 
 45.8015 -0.1754 -2.1963  0.0246  0.2264  0.2609  0.6550  0.1679 -0.0003  0.5112 0 
 49.4881 -0.1608  0.9423  0.0218  0.6741  0.0658  0.3852  0.0523 -0.0003  0.2852 1 
 37.4792  0.1579 -2.2144  0.7767  0.7275  0.0381  0.5069  0.4968 -0.0003  0.9972 1 
 47.8614  0.7119  2.9302  0.0011  0.0920  0.0838  0.3022  0.0468 -0.0003  0.0679 0 
 43.2349 -0.7280 -0.2353  0.0291  0.0583  0.0245  0.2660  0.0255 -0.0003  0.0481 0 
 41.5045 -0.7125  1.1382  0.0205  0.5800  0.1248  0.4931  0.0309 -0.0003  0.2543 1 
 40.7507  0.7266 -2.0077  0.0298  0.5661  0.0424  0.5405  0.0735 -0.0003  0.3345 1 
 50.4341 -0.0774  0.3348  0.0678  0.6550  0.0743  0.7241  0.1462 -0.0003  0.6851 1 
 45.5451  0.0887 -2.8207  0.3327  0.5164  0.0249  0.5248  0.1617  0.1569  0.9714 1 
 48.8197  0.2200 -1.8692  0.0305  0.2197  0.1682  0.1718  0.0245 -0.0003  0.2105 0 
 46.0822 -0.2180  1.2748  0.0640  0.3372  0.0167  0.2616  0.1531 -0.0003  0.2655 0 
 43.8575  0.3078  0.9874  0.0699  0.1520  0.0614  0.2650  0.0801 -0.0003  0.2464 0 
 36.7742 -0.3385 -2.1993  0.0301  0.6739  0.0435  0.3243  0.0108 -0.0003  0.3027 0 
 49.4789 -0.6201  0.5629  0.0583  0.1323  0.0762  0.4709  0.0279 -0.0003  0.2152 0 
 43.8300  0.6272 -2.6082  0.0310  0.2671  0.0138  0.3092  0.1824 -0.0003  0.1933 0 
 56.6873 -0.1509  1.0586  0.0281  0.3116  0.0489  0.2895  0.0328 -0.0003  0.1936 0 
 45.0629  0.1377 -2.0511  0.0469  0.3154  0.0245  0.3508  0.1882 -0.0003  0.3575 0 
 51.1421  0.4048 -2.7011  0.0519  0.3478  0.0958  0.5093  0.1562 -0.0003  0.5119 0 
 45.7465 -0.3880  0.4340  0.0243  0.1368  0.0279  0.2184  0.0089 -0.0003  0.0630 0 
 46.6682 -0.1897 -2.0295  0.0123  0.1187  0.0656  0.3911  0.0580 -0.0003  0.0914 0 
 34.2077  0.1835  1.1707  0.0108  0.7064  0.0048  0.0945  0.0307 -0.0003  0.1273 0 
 50.1411 -0.0970 -1.4625  0.0074  0.1790  0.1795  0.5545  0.0816 -0.0003  0.1974 0 
 45.0629  0.1403  1.6925  0.0027  0.6313  0.0119  0.2631  0.0494 -0.0003  0.0983 0 
 42.0508  0.0418  2.4907  0.0146  0.4674  0.2095  0.6253  0.1975 -0.0003  0.4658 0 
 40.8392 -0.0131 -0.6362  0.0082  0.5283  0.0119  0.2701  0.0988 -0.0003  0.1077 0 
 55.0088 -0.7392  0.5360  0.0527  0.5366  0.1139  0.5001  0.1650 -0.0003  0.5479 0 
 46.9825  0.7321 -2.5803  0.0140  0.1671  0.0734  0.3904  0.0628 -0.0003  0.1201 0 
 48.8441 -0.6433 -2.8701  0.0665  0.3214  0.0402  0.3865  0.0535 -0.0003  0.3526 0 
 44.1871  0.6174  0.2582  0.0027  0.2345  0.1437  0.4408  0.0593 -0.0003  0.1508 0 
 47.3365  0.4828  2.2439  0.0718  0.1708  0.0610  0.3463  0.1844 -0.0003  0.4633 0 
 38.9471 -0.5001 -0.9654  0.1347  0.0687  0.0772  0.3192  0.0750 -0.0003  0.2502 0 
 49.4545 -0.7658  0.7309  0.0188  0.0722  0.1281  0.4709  0.1623 -0.0003  0.1387 0 
 46.1921  0.7608 -2.4283  0.0111  0.1774  0.0286  0.2614  0.0311 -0.0003  0.0552 0 
 51.6609  0.7963  0.2549  0.0239  0.1759  0.0458  0.3387  0.1602 -0.0003  0.2061 0 
 49.7261 -0.7978 -2.8810  0.0278  0.6155  0.0535  0.4702  0.0554 -0.0003  0.2958 0 
 46.8788 -0.2203 -1.3893  0.1352  0.2427  0.0613  0.1736  0.0783 -0.0003  0.6058 0 
 40.0977  0.1923  1.7235  0.0664  0.2397  0.0254  0.1810  0.0025 -0.0003  0.1924 0 
 47.7760  0.6959 -0.4088  0.0431  0.3777  0.0577  0.1728  0.0054 -0.0003  0.3651 0 
 44.9775 -0.6680  2.7441  0.0126  0.0401  0.0292  0.2194  0.0052 -0.0003  0.0539 0 
 50.8003 -0.5097  1.7620  0.0070  0.2348  0.0555  0.2126  0.0735 -0.0003  0.1342 0 
 47.6387  0.5007 -1.3612  0.0227  0.3057  0.1317  0.3025  0.0268 -0.0003  0.2038 0 
 59.7971 -0.1741  2.7102  0.0612  0.5272  0.1023  0.2041  0.0095 -0.0003  0.3868 0 
 52.3690  0.2222 -0.4784  0.0900  0.4392  0.1275  0.3375  0.1194 -0.0003  0.6099 0 
 53.4310  0.0833  1.7380  0.0537  0.1454  0.0962  0.2938  0.1291 -0.0003  0.3056 0 
 50.5531 -0.0536 -1.3797  0.0345  0.1854  0.2392  0.5534  0.2410  0.3538  0.8790 0 
 50.3822  0.1996 -2.8333  0.5405  0.3772  0.0921  0.4687  0.3980 -0.0003  0.9960 1 
 39.4385 -0.2103  0.3382  0.1497  0.4303  0.0628  0.2272  0.1044  0.0701  0.8230 1 
 46.6651  0.5411  0.1451  0.0391  0.0700  0.0235  0.1738  0.0172 -0.0003  0.0533 0 
 39.8962 -0.5499 -2.9992  0.0198  0.2786  0.0092  0.1812  0.0381 -0.0003  0.0711 0 
 42.2766 -0.5285 -1.3242  0.0131  0.6938  0.0392  0.4014  0.0508 -0.0003  0.2169 0 
 33.6034  0.4577  1.8350  0.0043  0.2255  0.0367  0.3326  0.0290 -0.0003  0.0743 0 
 45.5146  0.6667 -0.1982  0.0378  0.1775  0.1219  0.4811  0.0146 -0.0003  0.1933 0 
 43.7934 -0.6684  2.9727  0.0308  0.1608  0.0269  0.3535  0.0301 -0.0003  0.0806 0 
 46.1402  0.3756  0.4040  0.3047  0.1022  0.0627  0.3923  0.2668  0.0708  0.9572 0 
 43.5248 -0.4167 -2.7465  0.1274  0.6612  0.1135  0.6639  0.3007 -0.0003  0.9584 0 
 44.9561 -0.0886  0.2284  0.0667  0.2217  0.0650  0.4388  0.1746 -0.0003  0.5152 1 
 35.4467  0.0755 -2.9158  0.0032  0.4439  0.0679  0.5616  0.0164  0.3796  0.5658 1 
 48.9387 -0.6344  2.6305  0.0127  0.3364  0.0817  0.4293  0.0428 -0.0003  0.1826 0 
 48.7953  0.6397 -0.5237  0.0542  0.5084  0.1063  0.3866  0.0212 -0.0003  0.3182 0 
 48.7282 -0.0429 -1.6629  0.0428  0.0481  0.0498  0.3438  0.0349 -0.0003  0.0805 0 
 44.4282  0.0309  1.5059  0.0300  0.6895  0.0186  0.2641  0.0712 -0.0003  0.1788 0 
 51.4961 -0.2901 -0.6344  0.0734  0.2183  0.0076  0.2542  0.1155 -0.0003  0.1545 0 
 47.2999  0.2891  2.5534  0.1012  0.1302  0.1675  0.3897  0.1030 -0.0003  0.4222 0 
 45.9724 -0.5922  0.3052  0.0425  0.7036  0.1160  0.6544  0.1641 -0.0003  0.5936 1 
 39.3286  0.6044 -2.8697  0.3529  0.1877  0.0342  0.3184  0.3205  0.0529  0.9767 1 
 45.3681 -0.2140  2.5333  0.0065  0.2844  0.0527  0.4815  0.1251 -0.0003  0.2034 1 
 43.6622  0.1825 -0.6254  0.2795  0.3782  0.0222  0.3538  0.3625 -0.0003  0.9721 1 
 52.2133 -0.1895 -1.2776  0.0078  0.2217  0.1119  0.3378  0.0812 -0.0003  0.1477 0 
 45.6031  0.1851  1.8587  0.0095  0.4358  0.0435  0.4372  0.1048 -0.0003  0.2214 0 
 49.3629  0.2627  0.8015  0.0059  0.3194  0.0787  0.4283  0.1350 -0.0003  0.2270 0 
 45.8076 -0.2556 -2.3447  0.0652  0.1905  0.0558  0.2620  0.0355 -0.0003  0.2270 0 
 45.3223 -0.7421 -2.2350  0.0580  0.1971  0.0622  0.4379  0.0704 -0.0003  0.2998 0 
 34.4396  0.5189  0.9485  0.0250  0.4448  0.0137  0.4247  0.0828  0.0918  0.3547 0 
 46.2409 -0.2975 -1.2387  0.0001  0.5278  0.0300  0.5227  0.0401 -0.0003  0.1507 0 
 44.4312  0.2719  1.8495  0.0212  0.1811  0.3119  0.3081  0.0566 -0.0003  0.2206 0 
 43.4974  0.2282  0.6816  0.0111  0.3590  0.0814  0.3099  0.0678 -0.0003  0.2142 0 
 42.4201 -0.2820 -2.4465  0.0334  0.2968  0.0689  0.2674  0.0131 -0.0003  0.2456 0 
 54.1878 -0.0480  0.5893  0.5475  0.3022  0.0315  0.2928  0.4634 -0.0003  0.9966 0 
 40.6439  0.0563 -2.5740  0.0193  0.0691  0.0399  0.4958  0.1142 -0.0003  0.1219 0 
 64.3992 -0.6914 -0.3710  0.1303  0.4841  0.1921  0.5212  0.1639 -0.0003  0.8250 1 
 40.5066  0.7234  2.6899  0.1260  0.5130  0.0840  0.5414  0.2802 -0.0003  0.9348 1 
 45.4200  0.6597 -0.1984  0.0061  0.2620  0.0172  0.1751  0.0109 -0.0003  0.0724 0 
 43.9582 -0.6563  2.9258  0.0064  0.1089  0.0297  0.3973  0.0312 -0.0003  0.0576 0 
 48.7892  0.7337 -0.7850  0.0596  0.6267  0.1033  0.3436  0.0041 -0.0003  0.3286 0 
 29.3034 -0.7122  2.3380  0.0083  0.6372  0.0176  0.2472  0.1144 -0.0003  0.1448 0 
 47.2511 -0.2455 -0.8361  0.0444  0.3654  0.0189  0.2599  0.0627 -0.0003  0.1396 0 
 44.5777  0.2342  2.3110  0.0165  0.2662  0.0163  0.2199  0.0179 -0.0003  0.0684 0 
 44.5014  0.0933  0.1183  0.0194  0.2624  0.0791  0.3080  0.0148 -0.0003  0.1768 0 
 43.9124 -0.0265 -2.9844  0.0915  0.0958  0.0822  0.1325  0.0176 -0.0003  0.1869 0 
 43.7354 -0.7473  2.8532  0.0491  0.3943  0.0720  0.4862  0.0276 -0.0003  0.3298 0 
 26.8132  0.7972 -0.3010  0.0163  0.4094  0.0796  0.4062  0.0377 -0.0003  0.2037 0 
 52.3873 -0.3333  1.3597  0.0061  0.1036  0.0472  0.5484  0.0787 -0.0003  0.1136 0 
 41.6632  0.3370 -1.7890  0.0594  0.2922  0.0081  0.1791  0.0693 -0.0003  0.1222 0 
 46.9184  0.7833 -1.5372  0.0714  0.1580  0.0753  0.3038  0.0179  0.4503  0.8098 1 
 17.4594 -0.8155  1.6856  0.0231  0.3338  0.0352  0.4672  0.1378  0.2174  0.6033 1 
 46.7994  0.2179 -0.2122  0.1424  0.4276  0.0560  0.6514  0.2106  0.1966  0.9420 1 
 45.6184 -0.2037  2.9335  0.1113  0.6190  0.0403  0.5683  0.2360 -0.0003  0.8948 1 
 45.8930 -0.3920  2.3106  0.0459  0.4412  0.0919  0.3055  0.0710 -0.0003  0.3948 0 
 45.8320  0.4034 -0.8028  0.0042  0.1965  0.0727  0.5239  0.0443 -0.0003  0.1316 0 
 47.9408  0.0128  1.4242  0.2318  0.3649  0.1635  0.4747  0.1778 -0.0003  0.9296 0 
 38.3795 -0.0273 -1.7100  0.0813  0.5326  0.0189  0.1832  0.1686 -0.0003  0.3899 0 
 50.0801 -0.0559 -2.4601  0.0364  0.1500  0.0486  0.3414  0.0335  0.0786  0.2127 0 
 48.6641  0.0829  0.6901  0.0541  0.2330  0.1582  0.4298  0.0209 -0.0003  0.2728 0 
 53.6385  0.4652  2.6674  0.0502  0.1323  0.0666  0.2936  0.0565 -0.0003  0.1516 0 
 49.2226 -0.4722 -0.4606  0.0327  0.5239  0.0329  0.1714  0.0158 -0.0003  0.2476 0 
 48.0903 -0.3359 -1.0456  0.0085  0.2539  0.0203  0.2156  0.0308 -0.0003  0.0613 0 
 46.2501  0.3475  2.1204  0.0031  0.4756  0.0271  0.2613 -0.0200 -0.0003  0.1921 0 
 35.9869  0.4190 -2.3337  0.2731  0.3368  0.0523  0.3263  0.3276 -0.0003  0.9795 1 
 33.9391 -0.4141  0.8086  0.3334  0.6535  0.0237  0.4738  0.4467 -0.0003  0.9932 1 
 46.4698 -0.2390 -1.4465  0.2499  0.1234  0.0435  0.4786  0.1920 -0.0003  0.8722 0 
 41.4740  0.2658  1.7297  0.1147  0.5677  0.0593  0.5380  0.1472 -0.0003  0.8124 0 
 46.1158 -0.6135  0.2712  0.0334  0.5864  0.0541  0.3923  0.0257 -0.0003  0.2938 1 
 34.0978  0.6325 -2.8595  0.4104  0.4473  0.0250  0.2366  0.3817 -0.0003  0.9932 1 
 44.0650 -0.4887 -2.6351  0.1039  0.5259  0.0079  0.3088  0.1290 -0.0003  0.3941 0 
 42.2827  0.4763  0.4972  0.0442  0.6395  0.0313  0.3122  0.0468 -0.0003  0.2978 0 
 47.4800 -0.2215 -1.4979  0.1286  0.3740  0.0833  0.5624  0.1776 -0.0003  0.8513 0 
 42.0844  0.2104  1.6005  0.0074  0.3124  0.0983  0.4912  0.0071 -0.0003  0.1641 0 
 37.6349  0.2901  0.9193  0.2420  0.6144  0.0504  0.3683  0.2839  0.2630  0.9897 1 
 33.4356 -0.2486 -2.2044  0.8290  0.4105  0.0523  0.3807  0.4697  0.3576  0.9981 1 
 54.2397 -0.7802  0.0327  0.0788  0.3966  0.1720  0.5855  0.0643 -0.0003  0.4401 0 
 50.6020  0.7765 -3.0420  0.0299  0.3642  0.0841  0.6809  0.0620 -0.0003  0.3485 0 
 43.9857 -0.6467  2.8032  0.0138  0.2015  0.1756  0.3089  0.0888 -0.0003  0.1893 0 
 42.0447  0.6424 -0.3361  0.0074  0.3369  0.0173  0.0894  0.0103 -0.0003  0.1474 0 
 56.4553 -0.2055  2.6199  0.0553  0.5046  0.2309  0.5382  0.0670 -0.0003  0.3658 0 
 45.5055  0.1216 -0.5204  0.0280  0.1182  0.3781  0.5249  0.2016 -0.0003  0.4538 0 
 44.0192 -0.6824 -1.2209  0.0378  0.4552  0.0203  0.1765  0.0500  0.0926  0.2848 0 
 30.0359  0.3528  1.9414  0.0011  0.4452  0.0299  0.4417  0.0347  0.2058  0.4092 0 
 50.6447  0.6459  2.8394  0.0222  0.3466  0.1745  0.5531  0.0631 -0.0003  0.2811 0 
 45.3498 -0.6515 -0.2828  0.0370  0.3911  0.0466  0.3065  0.0146 -0.0003  0.2649 0 
 45.2369  0.1125 -0.0261  0.0583  0.4331  0.0313  0.3067  0.1142 -0.0003  0.3765 0 
 37.6349 -0.0955  3.1278  0.0243  0.1917  0.0150  0.1841  0.0235 -0.0003  0.0575 0 
 78.8220 -0.7774  1.9140  0.0321  0.2168  0.0476  0.2294  0.0500 -0.0003  0.1487 0 
 45.1576  0.7793 -1.1510  0.0019  0.1101  0.1026  0.3068  0.0324 -0.0003  0.0658 0 
 67.7989 -0.6248  3.1158  0.0411  0.1553  0.0514  0.0792  0.0057 -0.0003  0.1932 0 
 50.0496  0.6289 -0.0620  0.0205  0.2789  0.0519  0.2987  0.1227 -0.0003  0.2383 0 
 50.7607  0.0897  2.6418  0.1833  0.2615  0.0912  0.3402  0.1238 -0.0003  0.7709 0 
 46.7292 -0.0979 -0.5246  0.0079  0.1406  0.0077  0.2172  0.0148 -0.0003  0.0349 0 
 56.6964  0.5144  0.3023  0.0455  0.3119  0.0283  0.1654  0.0373 -0.0003  0.1732 0 
 47.2114 -0.5290 -2.8441  0.0164  0.1560  0.0129  0.1300  0.0014 -0.0003  0.0608 0 
 50.3792 -0.7003  2.7507  0.0386  0.1667  0.0677  0.3409  0.1746 -0.0003  0.3136 0 
 41.2665  0.6938 -0.3725  0.0514  0.4939  0.0235  0.2694  0.0547 -0.0003  0.2117 0 
 42.7222  0.7399 -0.3921  0.1662  0.2357  0.0246  0.4893  0.2154  0.0194  0.8439 1 
 35.6359 -0.7320  2.7066  0.1521  0.1571  0.0247  0.4206  0.2228 -0.0003  0.7082 1 
 45.6214  0.4754  1.1714  0.0485  0.2212  0.0380  0.3060  0.0097 -0.0003  0.1711 0 
 42.8107 -0.4526 -1.9966  0.0098  0.4607  0.0402  0.7112  0.0416 -0.0003  0.2432 0 
 41.4435 -0.7236 -1.4973  0.2421  0.6492  0.0679  0.5829  0.4750 -0.0003  0.9959 1 
 26.0655  0.6839  1.6512  0.1034  0.4312  0.0148  0.2049  0.0930  0.1019  0.5276 1 
 46.2104 -0.7575 -2.4334  0.0368  0.1564  0.0804  0.3921  0.0189 -0.0003  0.1498 0 
 42.5116  0.7418  0.7135  0.0549  0.4144  0.0145  0.1782  0.0129 -0.0003  0.1548 0 
 49.5918  0.6559  3.1411  0.0221  0.1894  0.0319  0.2567  0.0117 -0.0003  0.0808 0 
 45.3193 -0.6446  0.0164  0.0042  0.1637  0.0464  0.3503  0.0396 -0.0003  0.0737 0 
 46.8635  0.2968  0.0151  0.0363  0.5012  0.0224  0.3907  0.1433  0.0806  0.5183 0 
 39.9237 -0.3074 -3.1316  0.1874  0.2698  0.0600  0.1359  0.1453 -0.0003  0.8055 0 
 45.5329  0.5601  1.1494  0.0111  0.0433  0.0093  0.2624  0.0368  0.0941  0.1054 0 
 45.2674 -0.5691 -1.9554  0.0074  0.1416  0.0643  0.3504  0.0696 -0.0003  0.0911 0 
 53.0434  0.1648  1.9595  0.0637  0.5404  0.0778  0.5467  0.0046 -0.0003  0.3607 0 
 38.8220 -0.1696 -1.1960  0.0017  0.2090  0.0169  0.1826  0.0102 -0.0003  0.0540 0 
 44.4892 -0.0173  3.0250  0.0040  0.6533  0.0432  0.4840  0.0508 -0.0003  0.1887 0 
 43.0884  0.0442 -0.1322  0.0874  0.4605  0.1049  0.7988  0.2108  0.1460  0.9263 0 
 57.4716  0.1634 -2.5159  0.0173  0.1855  0.0240  0.3298  0.0132 -0.0003  0.0647 0 
 47.9042 -0.1477  0.6012  0.0161  0.0549  0.0396  0.1726  0.0284 -0.0003  0.0618 0 
 48.7129  0.7760  1.1815  0.0327  0.1612  0.0159  0.0430  0.0051 -0.0003  0.1220 0 
 45.0751 -0.7867 -1.9698  0.0284  0.1185  0.0510  0.2631  0.0106 -0.0003  0.0895 0 
 52.7901  0.5817 -2.8418  0.0500  0.0895  0.2626  0.1263  0.0037 -0.0003  0.1016 0 
 47.3701 -0.5252  0.3691  0.0657  0.3844  0.0556  0.4329  0.2398 -0.0003  0.7051 0 
 48.9204  0.0693 -0.2167  0.0226  0.7676  0.0684  0.5151  0.0106 -0.0003  0.2727 0 
 45.2796 -0.0579  2.9472  0.0512  0.1284  0.0762  0.3504  0.0261 -0.0003  0.1483 0 
 44.6571 -0.3080 -0.4729  0.0793  0.4800  0.0089  0.2638  0.0877 -0.0003  0.2290 0 
 43.5370  0.3163  2.6909  0.0138  0.3155  0.1049  0.4868  0.0528 -0.0003  0.2011 0 
 39.7436  0.7842 -0.5047  0.0008  0.8128  0.0569  0.1814  0.0097 -0.0003  0.3565 1 
 33.3532 -0.8041  2.6638  0.1958  0.2014  0.0282  0.4762  0.1498 -0.0003  0.7778 1 
 41.2787 -0.6123  0.6769  0.1992  0.3046  0.0490  0.3591  0.1603 -0.0003  0.8404 1 
 31.0338  0.6160 -2.4474  0.2587  0.3539  0.0178  0.2431  0.2187  0.2655  0.9919 1 
 45.8839  0.3476  0.0730  0.0594  0.2049  0.0419  0.4365  0.0231 -0.0003  0.2413 0 
 39.2676 -0.3594 -3.0067  0.0406  0.4733  0.0668  0.5460  0.0320 -0.0003  0.3149 0 
 51.1086 -0.7314  1.4948  0.0008  0.1541  0.0638  0.4245  0.0467 -0.0003  0.0886 0 
 35.9747  0.7245 -1.6780  0.0162  0.2418  0.0051  0.2331  0.0130 -0.0003  0.0484 0 
 45.5543  0.6001 -0.6853  0.0290  0.5464  0.0910  0.5685  0.0284 -0.0003  0.2677 0 
 43.3265 -0.5924  2.4492  0.0237  0.1865  0.0212  0.4431  0.0363 -0.0003  0.0957 0 
 47.0069  0.3026  1.3812  0.0392  0.2651  0.0645  0.3036  0.1181 -0.0003  0.3391 0 
 44.5106 -0.3201 -1.7585  0.0536  0.3365  0.1259  0.4400  0.0516 -0.0003  0.3314 0 
 63.8834  0.1572  0.6852  0.1466  0.5241  0.0174  0.2410  0.1579 -0.0003  0.5935 1 
 30.9728 -0.1910 -2.4525  0.4685  0.5482  0.0371  0.2432  0.4461  0.2813  0.9986 1 
 45.6764  0.6793 -2.6736  0.0247  0.5720  0.0448  0.3496  0.0440 -0.0003  0.2637 0 
 43.4455 -0.7066  0.4609  0.0148  0.0857  0.0657  0.3985  0.0110 -0.0003  0.0795 0 
 47.4769  0.2386 -1.3991  0.3352  0.4576  0.0230  0.3461  0.3945  0.1816  0.9956 1 
 34.1405 -0.2500  1.8517  0.2380  0.4297  0.0580  0.2365  0.1909 -0.0003  0.9274 1 
 51.9020 -0.1205  0.8448  0.1108  0.4072  0.0187  0.2114  0.0539 -0.0003  0.3056 0 
 44.4007  0.1256 -2.3175  0.0174  0.4035  0.1128  0.4843  0.0291 -0.0003  0.2155 0 
 49.5766  0.4976  0.9876  0.6271  0.3083  0.1035  0.4706  0.5150 -0.0003  0.9971 1 
 38.0835 -0.4902 -2.1172  0.7252  0.2862  0.0505  0.1835  0.4457 -0.0003  0.9953 1 
 48.2582 -0.6370 -1.0129  0.0001  0.3336  0.0375  0.2585  0.1452 -0.0003  0.1749 0 
 45.3651  0.6610  2.1495  0.0531  0.3391  0.1306  0.3502  0.0475  0.1676  0.5480 0 
 53.3516 -0.5278 -1.8409  0.1014  0.2418  0.1531  0.6299  0.0501 -0.0003  0.5002 0 
 39.0478  0.5389  1.2828  0.0014  0.3916  0.0129  0.1823  0.0396 -0.0003  0.0829 0 
 37.6226 -0.7149  1.4235  0.2064  0.2572  0.0457  0.2762  0.1900  0.4889  0.9988 1 
 36.6278  0.7609 -1.5960  0.0568  0.1790  0.1101  0.3710  0.0212 -0.0003  0.2195 1 
 57.1756 -0.3072 -2.9517  0.0700  0.4077  0.0370  0.3302  0.0837 -0.0003  0.4298 0 
 56.9009  0.3593  0.0929  0.0038  0.2962  0.3572  0.2893  0.0681 -0.0003  0.2831 0 
 41.4801 -0.0777 -1.4582  0.2393  0.2379  0.1102  0.2242  0.3232 -0.0003  0.9747 1 
 41.4527  0.0344  1.6467  0.1311  0.4474  0.0682  0.2242  0.0997 -0.0003  0.7701 1 
 41.6663  0.1044 -1.2223  0.0071  0.2727  0.0548  0.3134  0.0344 -0.0003  0.1259 0 
 40.7965 -0.1206  1.9040  0.0480  0.3723  0.0669  0.4053  0.0413 -0.0003  0.3302 0 
 55.1797  0.1363  2.0948  0.0736  0.2704  0.0356  0.3748  0.0600 -0.0003  0.3222 1 
 46.0700 -0.1532 -1.0618  0.1928  0.7997  0.0557  0.4360  0.3217 -0.0003  0.9794 1 
 45.0538  0.3680  0.8804  0.0141  0.4674  0.0444  0.4385  0.0222  0.1528  0.3925 0 
 38.2269 -0.3677 -2.2445  0.0607  0.2077  0.0409  0.3209  0.1752 -0.0003  0.3946 0 
 47.0222 -0.6756  1.0596  0.0004  0.1343  0.0388  0.2602  0.0196 -0.0003  0.0559 0 
 42.8229  0.6651 -2.0997  0.0685  0.0752  0.0284  0.3556  0.0573 -0.0003  0.0993 0 
 46.3661 -0.5289  1.1305  0.0088  0.2170  0.0621  0.4353  0.0881 -0.0003  0.1490 0 
 41.2543  0.4985 -2.0421  0.0073  0.6403  0.0356  0.3143  0.0081 -0.0003  0.1957 0 
 46.6560 -0.7449  1.1140  0.0110  0.4239  0.0386  0.2173  0.0107 -0.0003  0.1929 0 
 45.1331  0.7498 -2.0299  0.0166  0.0992  0.0252  0.1315  0.0654 -0.0003  0.0572 0 
 49.2897 -0.7112 -1.7305  0.0084  0.3204  0.0238  0.4285  0.0761 -0.0003  0.1075 0 
 44.1535  0.7020  1.4224  0.0040  0.1908  0.0196  0.1764  0.0294 -0.0003  0.0505 0 
 45.4170 -0.0610 -0.0842  0.2429  0.1732  0.0499  0.5689  0.3323 -0.0003  0.9753 1 
 43.5859  0.0907  3.0625  0.2895  0.2639  0.0232  0.3539  0.4344 -0.0003  0.9843 1 
 40.1587 -0.0814 -1.8685  0.0667  0.4607  0.0538  0.2713  0.0361 -0.0003  0.4641 1 
 39.3774  0.0579  1.2708  0.1815  0.5192  0.0484  0.4092  0.1983 -0.0003  0.9233 1 
 44.7333 -0.7713 -2.5079  0.0609  0.2686  0.0212  0.2636  0.2154  0.0949  0.5729 0 
 37.3358  0.7880  0.6212  0.0919  0.6037  0.0343  0.3691  0.2936 -0.0003  0.8561 0 
 47.8340 -0.6875 -2.9737  0.0009  0.6347  0.2968  0.6045  0.0076  0.9363  0.6823 1 
 31.3939  0.6893  0.0167  0.2636  0.3981  0.0396  0.3392  0.2193  0.3897  0.9987 1 
 44.8920 -0.2084 -2.3689  0.0638  0.1863  0.0361  0.3512  0.0478 -0.0003  0.1939 0 
 43.6744  0.2131  0.7506  0.0629  0.3557  0.0622  0.1769  0.0839 -0.0003  0.4949 0 
 43.5676 -0.6151 -0.1326  0.0779  0.2340  0.0427  0.4425  0.0490 -0.0003  0.3525 0 
 36.4050  0.6159  3.0165  0.0477  0.1803  0.0971  0.3717  0.0854 -0.0003  0.2595 0 
 47.0649 -0.1580  0.0293  0.7268  0.6530  0.0303  0.4336  0.4512 -0.0003  0.9972 1 
 45.1087  0.1420 -3.0787  0.0019  0.0542  0.4873  0.2630  0.0246 -0.0003  0.0629 1 
 43.6988 -0.6393 -1.0257  0.3330  0.4759  0.0263  0.3537  0.4224 -0.0003  0.9921 1 
 40.0397  0.6290  2.0836  0.1439  0.2422  0.0763  0.1810  0.1159 -0.0003  0.7137 1 
 38.5443 -0.3086 -0.8779  0.0770  0.0607  0.0697  0.2287  0.0829 -0.0003  0.1271 0 
 36.5576  0.3101  2.3267  0.0034  0.2487  0.0537  0.2784  0.0915 -0.0003  0.1253 0 
 81.9654  0.4393  0.3870  0.0065  0.4152  0.0380  0.3411  0.0285 -0.0003  0.1362 0 
 48.9723 -0.4384 -2.8017  0.0127  0.3336  0.0230  0.3004  0.0262 -0.0003  0.0848 0 
 46.7506  0.0409  1.2608  0.6752  0.5550  0.0401  0.7818  0.5850 -0.0003  0.9956 1 
 41.7121  0.0199 -1.9053  0.1711  0.4266  0.0997  0.6715  0.2077 -0.0003  0.9422 1 
 47.8004 -0.4215 -0.3774  0.1489  0.1667  0.0373  0.4750  0.1348 -0.0003  0.6611 1 
 36.5423  0.4092  2.7621  0.2382  0.6529  0.0263  0.4641  0.3040 -0.0003  0.9615 1 
 47.0161 -0.3573 -2.7659  0.0050  0.2530  0.0211  0.1735  0.0059 -0.0003  0.0798 0 
 46.8116  0.3648  0.3811  0.0016  0.7652  0.0277  0.3040  0.0386 -0.0003  0.1398 0 
 49.8451 -0.6425  0.6364  0.0090  0.2884  0.0619  0.2136  0.0120 -0.0003  0.1883 0 
 41.1780  0.6459 -2.5632  0.0234  0.3064  0.0338  0.2246  0.0201 -0.0003  0.1383 0 
 43.3722 -0.7272  1.2450  0.0658  0.2758  0.0452  0.2658  0.0737 -0.0003  0.3205 0 
 36.5209  0.7367 -1.8675  0.1290  0.1240  0.0036  0.2321  0.0444 -0.0003  0.1033 0 
 43.2410 -0.5623  1.2418  0.0087  0.3618  0.0835  0.3990  0.0301 -0.0003  0.1706 0 
 39.7589  0.5919 -1.9008  0.0131  0.2495  0.0377  0.6802  0.1285 -0.0003  0.2937 0 
 49.4484 -0.3240  3.0673  0.0571  0.2106  0.2083  0.3425  0.0722 -0.0003  0.3337 0 
 47.0100  0.3029 -0.0703  0.1072  0.2737  0.0264  0.3036  0.1413 -0.0003  0.4918 0 
 51.5572 -0.3305 -1.7157  0.0344  0.3502  0.2120  0.3812  0.0571 -0.0003  0.3003 0 
 45.6886  0.3229  1.4469  0.0689  0.1701  0.0374  0.2622  0.1003 -0.0003  0.2327 0 
 52.4392 -0.3368 -2.5312  0.0028  0.4919  0.0322  0.4217  0.0196 -0.0003  0.1407 0 
 46.5248  0.3503  0.6029  0.0049  0.0979  0.0539  0.2174  0.0125 -0.0003  0.0733 0 
 44.3763  0.7631 -0.2788  0.0068  0.5095  0.0413  0.5724  0.0345 -0.0003  0.1915 0 
 43.2532 -0.7851  2.8507  0.1063  0.2069  0.0952  0.3546  0.0413 -0.0003  0.4135 0 
 50.2083 -0.5694 -0.6419  0.0624  0.5096  0.1380  0.4264  0.0182 -0.0003  0.3318 0 
 42.6947  0.5805  2.5578  0.0016  0.2882  0.0310  0.1779  0.0078 -0.0003  0.1092 0 
 49.6040 -0.2770  3.1353  0.0201  0.2247  0.2340  0.3850  0.0132 -0.0003  0.1935 0 
 47.0832  0.2766 -0.0265  0.0070  0.3256  0.1933  0.5636  0.0128 -0.0003  0.2163 0 
 45.1148 -0.7799  0.9641  0.0159  0.0934  0.1424  0.1754  0.0200 -0.0003  0.0702 0 
 36.1700  0.7736 -2.2219  0.0564  0.3894  0.0622  0.3258  0.1238 -0.0003  0.5246 0 
 44.1474 -0.1936 -0.5382  0.3804  0.2714  0.0820  0.5291  0.3248 -0.0003  0.9947 1 
 27.0268  0.2234  2.5735  0.6874  0.6541  0.0139  0.2026  0.5135 -0.0003  0.9980 1 
 50.2632 -0.2305  2.3490  0.0479  0.5614  0.0337  0.1279  0.0113 -0.0003  0.3147 0 
 50.1869  0.2193 -0.7752  0.0470  0.1216  0.1296  0.2986  0.0407 -0.0003  0.1286 0 
 43.9155  0.1777  1.4164  0.1926  0.1346  0.0463  0.3532  0.1265  0.2082  0.8887 0 
 42.5849 -0.1531 -1.6968  0.1256  0.3640  0.0356  0.3116  0.1636  0.0945  0.8037 0 
 48.2063 -0.1225  0.8165  0.0348  0.0760  0.0505  0.3447  0.0528 -0.0003  0.0871 0 
 38.3795  0.1451 -2.3292  0.0403  0.4924  0.0279  0.2747  0.0106 -0.0003  0.2296 0 
 47.9530  0.5624  2.4352  0.0020  0.2587  0.0277  0.4747  0.2680 -0.0003  0.2944 0 
 41.1841 -0.5822 -0.6906  0.0132  0.3441  0.0291  0.4941  0.0943 -0.0003  0.1926 0 
 49.0791 -0.3796  2.2699  0.0301  0.1820  0.0760  0.5147  0.0143 -0.0003  0.1839 0 
 46.7506  0.3630 -0.8533  0.0298  0.5139  0.0337  0.2606  0.0850 -0.0003  0.2297 0 
 56.6018 -0.7564 -1.1680  0.0148  0.3748  0.1017  0.2482  0.0855  0.1626  0.5081 0 
 45.3620  0.7710  1.9225  0.1565  0.5304  0.0681  0.4378  0.1801 -0.0003  0.9107 0 
 47.8981 -0.4540 -2.0061  0.0242  0.4026  0.0212  0.3021  0.0463  0.0640  0.2248 0 
 39.7620  0.4477  1.1877  0.0028  0.2192  0.0364  0.4081  0.0491 -0.0003  0.0825 0 
 46.7781  0.6903 -2.6310  0.0533  0.1342  0.0829  0.5211  0.0445 -0.0003  0.2445 0 
 41.8555 -0.6739  0.5466  0.0353  0.2613  0.0732  0.3578  0.0383 -0.0003  0.2230 0 
 49.4545 -0.4144 -0.9536  0.1265  0.4026  0.1415  0.4709  0.0541 -0.0003  0.5225 0 
 42.5940  0.4168  2.1916  0.0077  0.3106  0.0113  0.4451  0.0714 -0.0003  0.0788 0 
 52.5368  0.4642 -0.7600  0.0193  0.3058  0.0354  0.3372  0.0189 -0.0003  0.1325 0 
 39.0082 -0.4805  2.4912  0.0244  0.4778  0.0689  0.5014  0.1301 -0.0003  0.3541 0 
 39.1089 -0.1365  0.3879  0.2103  0.5506  0.0226  0.4099  0.1450 -0.0003  0.7921 1 
 39.0723  0.1690 -2.7617  0.2169  0.1614  0.0851  0.3645  0.2685 -0.0003  0.9341 1 
 46.2013 -0.3211 -0.2206  0.0594  0.1300  0.0254  0.2614  0.1382 -0.0003  0.1736 0 
 32.2423  0.2629  2.9502  0.0374  0.2709  0.0799  0.2885  0.0097 -0.0003  0.2348 0 
 42.1180  0.4200  1.7759  0.0560  0.2940  0.0176  0.2233  0.0203 -0.0003  0.1327 0 
 38.1903 -0.4214 -1.3347  0.0806  0.7488  0.0314  0.3209  0.1179 -0.0003  0.6011 0 
 57.3037 -0.0866  2.8250  0.0029  0.5661  0.1568  0.4950  0.0601  0.1349  0.3549 0 
 45.5604  0.0854 -0.2838  0.0011  0.6234  0.0204  0.2186  0.0135 -0.0003  0.1284 0 
 67.0481  0.2700 -0.4986  0.0035  0.0301  0.0496  0.3177  0.0867 -0.0003  0.0680 0 
 41.3794 -0.2693  2.6530  0.0150  0.6959  0.0156  0.1794  0.0158 -0.0003  0.1385 0 
 41.5991  0.3844  2.5229  0.0114  0.1673  0.0618  0.3136  0.1097 -0.0003  0.1300 0 
 40.1801 -0.3838 -0.6229  0.0377  0.7552  0.0468  0.5426  0.1505 -0.0003  0.5746 0 
 43.8666  0.5321 -0.2843  0.0001  0.5221  0.1038  0.3092  0.0853 -0.0003  0.2416 0 
 40.6531 -0.5179  2.9295  0.0068  0.1780  0.1022  0.4958  0.0349 -0.0003  0.1225 0 
 48.2002 -0.5349  3.0226  0.0027  0.4407  0.2143  0.5171  0.0191 -0.0003  0.2244 0 
 38.1964  0.5274 -0.1303  0.0259  0.2051  0.0749  0.4126  0.2060 -0.0003  0.3388 0 
 44.0986  0.4801  2.7096  0.0023  0.7653  0.0373  0.2205  0.1179 -0.0003  0.2303 0 
 43.5523 -0.4769 -0.4264  0.0314  0.2005  0.1480  0.3098  0.0294 -0.0003  0.1717 0 
 46.5095  0.5680 -2.1411  0.0781  0.2711  0.1134  0.4349  0.1923  0.5811  0.9493 0 
 40.5371 -0.5505  0.9764  0.0644  0.0597  0.0374  0.5413  0.0975 -0.0003  0.2139 0 
 50.0496 -0.1072 -1.7701  0.0102  0.3818  0.0383  0.2561  0.0822 -0.0003  0.1500 0 
 36.3409  0.1127  1.3520  0.0096  0.3919  0.0051  0.2324  0.0847 -0.0003  0.0813 0 
 49.4789  0.7875  0.9040  0.0300  0.4114  0.0157  0.2568  0.0779 -0.0003  0.1207 0 
 45.0416 -0.7677 -2.2356  0.0163  0.5790  0.0221  0.2193  0.0080 -0.0003  0.1574 0 
 54.0108 -0.2825  1.0688  0.4237  0.7413  0.0661  0.2512  0.2431  0.2282  0.9923 1 
 41.6144  0.3004 -2.0818  0.1948  0.3868  0.0986  0.3583  0.1915  0.7331  0.9993 1 
 45.9205  0.6588 -2.2565  0.0100  0.6764  0.1422  0.6546  0.0651 -0.0003  0.2875 1 
 40.3479 -0.6692  0.9409  0.5304  0.8679  0.0549  0.4065  0.4617 -0.0003  0.9974 1 
 45.8534  0.6011  1.5208  0.2330  0.8194  0.0201  0.3929  0.1495  0.0946  0.8704 1 
 37.4853 -0.6304 -1.6574  0.2007  0.6890  0.1440  0.3226  0.1783 -0.0003  0.9698 1 
 48.2063 -0.5823 -1.7917  0.0105  0.2735  0.0204  0.2585  0.0341 -0.0003  0.0625 0 
 42.3987  0.5702  1.3381  0.0283  0.4340  0.0214  0.3566  0.1616 -0.0003  0.2562 0 
 47.5410  0.6650 -2.6829  0.4941  0.7861  0.0228  0.4757  0.3686 -0.0003  0.9936 1 
 31.8151 -0.6703  0.4725  0.0405  0.1455  0.0299  0.2413  0.0488 -0.0003  0.0771 1 
 44.9866 -0.1467 -1.6348  0.0073  0.6695  0.0282  0.3071  0.0515 -0.0003  0.1437 0 
 42.2644  0.1526  1.5383  0.0274  0.0498  0.0168  0.2230  0.0369 -0.0003  0.0401 0 
 47.7424 -0.1841  1.6085  0.1385  0.8128  0.1094  0.6912  0.0303 -0.0003  0.6921 1 
 43.0762  0.2062 -1.5754  0.2179  0.1991  0.1288  0.3106  0.2602  0.6901  0.9978 1 
 44.8402  0.7705  0.7740  0.1918  0.2301  0.0301  0.2195  0.4067 -0.0003  0.8878 1 
 41.5503 -0.7776 -2.2890  0.1821  0.2300  0.0431  0.3137  0.1611 -0.0003  0.7684 1 
 43.8819 -0.6896 -1.4994  0.0349  0.2889  0.0625  0.3533  0.0565 -0.0003  0.2443 0 
 37.3236  0.6709  1.6186  0.0284  0.5501  0.0273  0.3691  0.1037 -0.0003  0.2532 0 
 46.9184 -0.7702 -0.1396  0.0043  0.1357  0.0611  0.2170  0.0624 -0.0003  0.0832 0 
 35.6939  0.7955  3.0144  0.1035  0.2550  0.0368  0.3270  0.0767 -0.0003  0.4175 0 
 57.4990  0.6932 -3.0470  0.0058  0.2738  0.0462  0.2885  0.0291 -0.0003  0.1080 0 
 50.7881 -0.6940  0.0609  0.0905  0.2209  0.0589  0.3402  0.1546 -0.0003  0.5611 0 
 37.9400  0.7944 -2.6179  0.0790  0.3733  0.0809  0.3215  0.0795 -0.0003  0.5244 0 
 36.8750 -0.7903  0.5933  0.0334  0.3290  0.0527  0.2314  0.0052 -0.0003  0.2622 0 
 49.6986  0.3609  2.1299  0.0404  0.2396  0.0724  0.3420  0.0268 -0.0003  0.2187 0 
 45.8137 -0.3469 -1.0319  0.0328  0.3922  0.0165  0.1746  0.0320 -0.0003  0.1239 0 
 47.1717 -0.6189  0.7771  0.0840  0.3606  0.1616  0.5200  0.0352 -0.0003  0.4112 0 
 44.2634  0.6204 -2.3550  0.0839  0.5251  0.0799  0.5728  0.0646 -0.0003  0.5020 0 
 46.7933 -0.4632 -2.5900  0.0162  0.3708  0.1122  0.4777  0.0873  0.1612  0.4533 0 
 43.5645  0.4647  0.5319  0.0572  0.2696  0.0217  0.5310  0.0554 -0.0003  0.3186 0 
 44.5075 -0.7726 -2.8197  0.0420  0.3014  0.1620  0.5720  0.0699 -0.0003  0.3554 0 
 44.2695  0.7776  0.2800  0.0052  0.1926  0.0197  0.2203  0.0799 -0.0003  0.0516 0 
 47.3854 -0.1266  1.8559  0.1033  0.4061  0.0493  0.6060  0.1486 -0.0003  0.7611 0 
 34.5434  0.1340 -1.2894  0.0231  0.7530  0.0211  0.3300  0.0233  0.2265  0.6167 0 
 46.3783  0.4393 -2.6921  0.7962  0.7255  0.0294  0.5659  0.6638 -0.0003  0.9979 1 
 12.7413 -0.3504  0.3867  0.0984  0.1596  0.0502  0.1968  0.1928 -0.0003  0.5270 1 
 48.5328  0.7752  0.2308  0.0450  0.2186  0.0235  0.2151  0.0777 -0.0003  0.1224 0 
 28.9372 -0.7660 -2.9198  0.0307  0.3723  0.0282  0.3970  0.0064  0.0901  0.3475 0 
 49.9702  0.5083  0.8083  0.0005  0.2738  0.2252  0.4270  0.0549 -0.0003  0.2013 0 
 44.7272 -0.5058 -2.3563  0.0197  0.0654  0.0303  0.1758  0.0209 -0.0003  0.0547 0 
 46.8269  0.2243 -2.5662  0.5582  0.8156  0.0820  0.3039  0.7052  0.1090  0.9984 1 
 43.8148 -0.2018  0.5571  0.1730  0.2401  0.0636  0.5301  0.2857 -0.0003  0.9394 1 
 46.0487 -0.7935 -2.6454  0.0039  0.3257  0.0363  0.2180  0.1833 -0.0003  0.2632 1 
 44.7272  0.8003  0.4486  0.0089  0.4665  0.0466  0.5712  0.0960 -0.0003  0.2455 1 
 45.6458  0.7550  2.7449  0.0008  0.4200  0.0233  0.2623  0.1064 -0.0003  0.1077 0 
 29.7276 -0.7803 -0.5258  0.0556  0.0360  0.0237  0.1477  0.0269 -0.0003  0.0556 0 
 45.3956  0.4802  1.2688  0.0221  0.3135  0.0230  0.5252  0.0151 -0.0003  0.1811 0 
 38.4771 -0.4728 -1.8882  0.3915  0.2906  0.0192  0.3203  0.4019 -0.0003  0.9908 0 
 49.2164 -0.5183  0.2573  0.0061  0.2282  0.0392  0.3429  0.0558 -0.0003  0.0825 0 
 42.6215  0.5115 -2.9164  0.0052  0.3768  0.0163  0.3116  0.0652  0.2104  0.4769 0 
 58.6984  0.5947 -3.1352  0.0369  0.3769  0.0579  0.3280  0.0948 -0.0003  0.3521 0 
 44.2176 -0.6155 -0.0233  0.0248  0.2985  0.0736  0.3967  0.0843 -0.0003  0.2474 0 
 44.4221 -0.3098  1.4379  0.1353  0.4333  0.0449  0.4402  0.1613  0.3616  0.9932 1 
 42.4292  0.3493 -1.6661  0.3710  0.5684  0.0366  0.5347  0.3597 -0.0003  0.9886 1 
 46.9459  0.5636 -2.5659  0.1349  0.5839  0.0936  0.4773  0.1478 -0.0003  0.8446 0 
 41.4618 -0.5759  0.5588  0.0572  0.2142  0.0127  0.1794  0.1600 -0.0003  0.2096 0 
 47.0588 -0.4075  2.1637  0.0066  0.6052  0.0580  0.2602  0.1199 -0.0003  0.3699 0 
 37.8668  0.4112 -0.9437  0.0097  0.4637  0.0113  0.2298  0.0453 -0.0003  0.0881 0 
 49.5735 -0.7003 -0.2251  0.0194  0.2268  0.0330  0.5562  0.1192 -0.0003  0.2360 0 
 40.9186  0.7009  2.9010  0.0126  0.4756  0.0104  0.2699  0.0764 -0.0003  0.0940 0 
 47.8096 -0.2852  2.5559  0.0513  0.3973  0.0489  0.6046  0.0624 -0.0003  0.4289 0 
 34.3450  0.2767 -0.5672  0.0135  0.4169  0.0639  0.3778  0.0779 -0.0003  0.2271 0 
 49.1707 -0.3436 -2.5320  0.0273  0.3578  0.1097  0.5145  0.0103 -0.0003  0.2334 0 
 44.8493  0.3129  0.6233  0.0507  0.2484  0.0301  0.2634  0.0131 -0.0003  0.1600 0 
 59.2355  0.0639  0.6246  0.0114  0.5025  0.1478  0.3274  0.0101 -0.0003  0.2158 0 
 41.1933 -0.0911 -2.5191  0.0865  0.2636  0.0533  0.3593  0.0198 -0.0003  0.3666 0 
 52.4269  0.7453 -1.3143  0.1579  0.3067  0.1281  0.4218  0.2322  0.3278  0.9645 1 
 36.9970 -0.7708  1.8585  0.2559  0.5931  0.0461  0.3237  0.3687 -0.0003  0.9863 1 
 47.8218 -0.4054  2.3827  0.0014  0.2523  0.1714  0.4318  0.0483 -0.0003  0.1653 0 
 44.5380  0.3881 -0.7483  0.0349  0.2967  0.0434  0.4839  0.0528 -0.0003  0.2592 0 
 44.8218 -0.0950  2.1057  0.0077  0.2206  0.0398  0.4391  0.0251 -0.0003  0.1063 0 
 38.7671  0.0800 -1.0397  0.0206  0.7089  0.0199  0.1827  0.0148 -0.0003  0.1609 0 
 41.9165  0.0991  0.5526  0.0111  0.1668  0.0015  0.1341  0.0324 -0.0003  0.0422 0 
 33.8109 -0.0925 -2.5567  0.0296  0.4593  0.1373  0.3320  0.0283 -0.0003  0.2583 0 
 46.3416  0.4820  0.5339  0.0041  0.5941  0.0528  0.3918  0.0184 -0.0003  0.1803 0 
 45.6489 -0.3546 -2.6114  0.0771  0.2008  0.2471  0.5682  0.0385 -0.0003  0.4111 0 
 45.4688 -0.2316  0.5362  0.1594  0.2688  0.0240  0.2625  0.2668  0.1173  0.8701 1 
 42.0203  0.2254 -2.5424  0.3953  0.3984  0.0755  0.4467  0.2440  0.3130  0.9984 1 
 47.4037 -0.3092  0.2640  0.0340  0.1244  0.1023  0.2597  0.0591 -0.0003  0.1232 0 
 47.2084  0.3024 -2.8638  0.0379  0.1841  0.0501  0.3466  0.1708 -0.0003  0.2956 0 
 44.9317 -0.3505 -1.7589  0.0527  0.3559  0.0211  0.1756  0.0317 -0.0003  0.1603 0 
 44.4495  0.3533  1.3739  0.0009  0.1764  0.0247  0.1761  0.0537 -0.0003  0.0511 0 
 43.5279  0.0975  0.9764  0.0514  0.6742  0.0676  0.4868  0.0539 -0.0003  0.3949 1 
 35.9350 -0.0875 -2.2331  0.0357  0.3703  0.0357  0.4662  0.0693 -0.0003  0.2886 1 
 46.1006  0.4401 -1.5744  0.1571  0.2390  0.0309  0.3051  0.1221 -0.0003  0.6008 0 
 41.6052 -0.4509  1.5776  0.0024  0.6626  0.0205  0.3583  0.0864 -0.0003  0.1250 0 
 49.0150 -0.3026 -1.3765  0.2411  0.2730  0.0593  0.4720  0.3956 -0.0003  0.9883 1 
 39.9695  0.3517  1.8013  0.2325  0.5537  0.0705  0.2264  0.1690 -0.0003  0.9452 1 
 47.5563  0.5452 -0.9068  0.7865  0.7412  0.0677  0.3459  0.4223 -0.0003  0.9977 1 
 45.5543 -0.5352  2.2538  0.4903  0.6859  0.0456  0.4373  0.4606 -0.0003  0.9969 1 
 41.8433  0.4160 -0.6110  0.3880  0.4020  0.1872  0.2683  0.1871  0.8140  0.9997 1 
 33.6492 -0.4099  2.5105  0.3377  0.5681  0.0318  0.2850  0.3615 -0.0003  0.9893 1 
 44.1596 -0.0400 -3.0357  0.0801  0.2342  0.0279  0.4850  0.2447 -0.0003  0.5949 0 
 41.6419  0.0581  0.1101  0.1202  0.0405  0.0411  0.1791  0.1299 -0.0003  0.1808 0 
 47.9622  0.2547 -0.2868  0.0193  0.4146  0.0592  0.3883  0.2040 -0.0003  0.4591 1 
 31.8975 -0.2797  2.9101  0.2331  0.4639  0.0195  0.4341  0.2464 -0.0003  0.9006 1 
 46.3416 -0.6694 -2.2193  0.0841  0.4683  0.0329  0.5224  0.0828 -0.0003  0.5889 0 
 40.8820  0.6496  0.8994  0.0312  0.7000  0.0526  0.4951  0.0451 -0.0003  0.3167 0 
 52.5307 -0.7525 -2.4550  0.0119  0.4383  0.0938  0.4216  0.0316 -0.0003  0.1930 0 
 45.8900  0.7503  0.6736  0.0138  0.0982  0.0206  0.3492  0.0090 -0.0003  0.0494 0 
 43.2654  0.6450  1.1361  0.0215  0.4749  0.0397  0.3103  0.0320 -0.0003  0.2060 0 
 42.9480 -0.6396 -1.9841  0.0140  0.0692  0.0645  0.1777  0.0318 -0.0003  0.0831 0 
 49.6437 -0.6669 -2.4852  0.0335  0.0331  0.0392  0.3421  0.1086 -0.0003  0.0916 0 
 46.8086  0.6717  0.6224  0.0043  0.7632  0.0258  0.2171  0.0162 -0.0003  0.1612 0 
 45.8076  0.2376  2.5297  0.0403  0.5912  0.0558  0.3930  0.1610 -0.0003  0.5862 0 
 43.4211 -0.2348 -0.6405  0.0256  0.2547  0.0129  0.3543  0.0320 -0.0003  0.0708 0 
 52.1706  0.6723  2.6186  0.1094  0.7125  0.1233  0.5912  0.1304 -0.0003  0.7600 0 
 41.9989 -0.6511 -0.5540  0.1057  0.4545  0.0388  0.2234  0.0538  0.2418  0.8331 0 
 39.2187 -0.3247  2.1093  0.4420  0.5899  0.0549  0.2731  0.2435 -0.0003  0.9891 1 
 34.5251  0.2790 -0.9979  0.4423  0.3392  0.0584  0.2829  0.4526 -0.0003  0.9967 1 
 33.7591 -0.6740  3.0833  0.0784  0.1611  0.0393  0.1898  0.0869  0.2666  0.7484 0 
 31.4519  0.6739 -0.0715  0.0345  0.6241  0.0147  0.2422  0.0089 -0.0003  0.1554 0 
 46.7903  0.7947  2.4813  0.0515  0.4013  0.0460  0.2606  0.0373 -0.0003  0.3265 0 
 44.4862 -0.7939 -0.6322  0.0918  0.1130  0.0513  0.1760  0.0098 -0.0003  0.1707 0 
 52.2560 -0.7320 -2.0598  0.2874  0.7093  0.0731  0.4221  0.1750 -0.0003  0.9622 0 
 32.6940  0.7198  1.0485  0.0114  0.4940  0.0300  0.2873  0.0744 -0.0003  0.1412 0 
 44.0497  0.7648 -1.0926  0.0042  0.3996  0.0258  0.4412  0.0576 -0.0003  0.1153 0 
 32.6787 -0.7515  2.0208  0.0080  0.4567  0.0692  0.3832  0.0224 -0.0003  0.1814 0 
 45.2552  0.3325 -1.4070  0.4970  0.3457  0.0813  0.3504  0.5007 -0.0003  0.9977 1 
 44.2542 -0.3345  1.7383  0.6015  0.8144  0.0159  0.2644  0.7462  0.0630  0.9983 1 
 44.5930  0.5186 -1.7159  0.0395  0.1915  0.1286  0.4837  0.0041 -0.0003  0.2044 0 
 34.2443 -0.4762  1.3825  0.0407  0.1731  0.0520  0.3781  0.0906 -0.0003  0.1994 0 
 45.8564 -0.5469 -0.2570  0.0069  0.0897  0.0648  0.3492  0.0225 -0.0003  0.0719 0 
 36.8627  0.5578  2.8236  0.0037  0.1495  0.0319  0.2778  0.0406 -0.0003  0.0491 0 
 42.6368  0.7839 -1.8130  0.0009  0.2529  0.0284  0.4005  0.0782 -0.0003  0.0774 0 
 23.8743 -0.7828  1.3425  0.1046  0.6518  0.0092  0.2632  0.1642  0.1185  0.6430 0 
 45.9113 -0.4366  0.1309  0.0397  0.2039  0.0389  0.3055  0.2186 -0.0003  0.3710 0 
 42.4659  0.4368 -2.9812  0.0145  0.3590  0.0273  0.4010  0.0800 -0.0003  0.1374 0 
 50.7393  0.3182 -1.0108  0.0521  0.2908  0.1368  0.3827  0.0455 -0.0003  0.3032 0 
 44.7486 -0.3012  2.1542  0.1022  0.2650  0.0159  0.1757  0.0948 -0.0003  0.2312 0 
 45.1423  0.7746  2.8906  0.2116  0.3266  0.1545  0.3945  0.1624 -0.0003  0.8988 0 
 36.4050 -0.7648 -0.2855  0.0165  0.3713  0.0758  0.2787  0.0327 -0.0003  0.2271 0 
 43.6622 -0.7598 -1.2120  0.2340  0.1243  0.0270  0.4422  0.1644 -0.0003  0.7774 1 
 41.6876  0.7673  1.8881  0.0701  0.2292  0.0446  0.2686  0.1574 -0.0003  0.4412 1 
 53.2235  0.7819 -0.1369  0.0015  0.2361  0.0681  0.4622  0.0322 -0.0003  0.1236 0 
 46.7628 -0.7925  3.0160  0.0059  0.2258  0.0219  0.3040  0.0195 -0.0003  0.0538 0 
 51.1391  0.8015 -1.4253  0.0306  0.4965  0.0293  0.3396  0.0240 -0.0003  0.2064 0 
 33.8445 -0.7471  1.7479  0.0535  0.2961  0.0241  0.2371  0.0150 -0.0003  0.1624 0 
 44.9134 -0.2500  0.9190  0.2080  0.4322  0.0897  0.3950  0.1642 -0.0003  0.9186 1 
 43.1342  0.2114 -2.2099  0.5632  0.6453  0.0275  0.5324  0.6154  0.0847  0.9982 1 
 39.1272  0.6734  2.2504  0.1023  0.4068  0.0611  0.3643  0.0005 -0.0003  0.5141 0 
 36.8719 -0.6458 -0.8835  0.0045  0.3698  0.0495  0.3241  0.0223  0.1146  0.2818 0 
 56.2051  0.4241  1.9873  0.0138  0.0603  0.0462  0.1243  0.0666 -0.0003  0.0783 0 
 43.6927 -0.3956 -1.1870  0.0331  0.4813  0.0207  0.5306  0.0672 -0.0003  0.3083 0 
 43.4241 -0.0098 -1.0425  0.2238  0.4235  0.0711  0.5757  0.0504 -0.0003  0.7588 1 
 34.1466  0.0128  2.1174  0.5435  0.8724  0.0256  0.5676  0.6817  0.0947  0.9983 1 
 54.7616 -0.7577 -0.4640  0.0109  0.3955  0.0719  0.3755  0.0766 -0.0003  0.2126 0 
 49.6468  0.7445  2.6906  0.0627  0.0910  0.3128  0.4704  0.0668 -0.0003  0.2445 0 
 43.6530  0.6490 -1.3697  0.0262  0.5805  0.0150  0.3095  0.0301 -0.0003  0.1306 0 
 39.6704 -0.6862  1.8277  0.0402  0.2937  0.1760  0.3176  0.0096  0.5234  0.5464 0 
 43.9673  0.7325 -2.2507  0.0764  0.3917  0.0460  0.2207  0.0652  0.3268  0.9134 1 
 42.5483 -0.7152  0.8897  0.1904  0.6090  0.0438  0.5343  0.1476 -0.0003  0.9085 1 
 45.7801  0.5638 -0.2915  0.0149  0.0796  0.0344  0.3057  0.0078 -0.0003  0.0592 0 
 45.6153 -0.5768  2.8585  0.0023  0.2759  0.0215  0.4371  0.0818 -0.0003  0.0836 0 
 58.6526  0.0199 -2.6927  0.0314  0.3062  0.0659  0.2871  0.2080 -0.0003  0.4942 0 
 52.0211 -0.0094  0.4541  0.0043  0.1065  0.0547  0.3804  0.0419  0.1497  0.1340 0 
 45.0019 -0.2461  2.5427  0.5934  0.6556  0.0451  0.3071  0.5476 -0.0003  0.9980 1 
 39.7436  0.2616 -0.6187  0.2181  0.4741  0.0476  0.4535  0.1273 -0.0003  0.8597 1 
 51.4412 -0.5504  0.0722  0.0726  0.2800  0.0650  0.5933  0.0683 -0.0003  0.4826 0 
 45.9937  0.5622 -3.0610  0.0748  0.1954  0.0233  0.3053  0.0696 -0.0003  0.1806 0 
 49.4820 -0.3087 -0.7518  0.4237  0.6893  0.0784  0.4280  0.3062 -0.0003  0.9926 1 
 46.5888  0.3288  2.3514  0.0635  0.7336  0.0276  0.3478  0.0674 -0.0003  0.4220 1 
 46.7872 -0.4794  2.7837  0.0125  0.7219  0.0658  0.4777  0.0285 -0.0003  0.2375 0 
 42.2614  0.4779 -0.3493  0.0056  0.3516  0.0641  0.4015  0.1990  0.2203  0.6338 0 
 53.7850 -0.5209 -2.3741  0.0892  0.1649  0.0691  0.0838  0.0165 -0.0003  0.3596 0 
 46.7506  0.5251  0.7951  0.0366  0.1848  0.0110  0.2606  0.0237 -0.0003  0.0544 0 
 40.5066 -0.6512 -0.7935  0.0056  0.6967  0.0253  0.2707  0.0176 -0.0003  0.1467 0 
 37.0672  0.6664  2.3207  0.0243  0.2215  0.0123  0.2311  0.0034 -0.0003  0.0627 0 
 39.4476  0.5596 -0.8269  0.0090  0.2937  0.0261  0.3635  0.0062 -0.0003  0.0941 1 
 25.3025 -0.5527  2.3475  0.2653  0.5009  0.0180  0.3618  0.4663  0.1665  0.9926 1 
 41.9654 -0.5932 -2.6123  0.2217  0.4189  0.0748  0.2682  0.2018 -0.0003  0.9460 1 
 36.4630  0.5900  0.5709  0.1035  0.4882  0.0434  0.3715  0.1221 -0.0003  0.7097 1 
 43.3600  0.5370 -1.6425  0.1013  0.6084  0.0307  0.4430  0.0460  0.3356  0.9851 1 
 24.3137 -0.5456  1.5936  0.2456  0.2448  0.0643  0.3664  0.2391  0.2887  0.9896 1 
 51.2398  0.0928 -0.7711  0.0264  0.2373  0.1389  0.6788  0.0418 -0.0003  0.3060 0 
 47.4830 -0.1172  2.3822  0.0302  0.3171  0.0628  0.1730  0.0063 -0.0003  0.3020 0 
 50.3456  0.6557 -1.4887  0.4599  0.6860  0.0790  0.5540  0.4591 -0.0003  0.9963 1 
 45.8015 -0.6287  1.6781  0.1458  0.4353  0.0330  0.3930  0.0479 -0.0003  0.6173 1 
 45.3315 -0.1681  2.4798  0.0029  0.2890  0.0534  0.4817  0.0419  0.0374  0.1744 0 
 39.3011  0.1638 -0.6530  0.0042  0.4432  0.0331  0.2729  0.0119 -0.0003  0.1403 0 
 50.8858  0.7214 -3.1093  0.0295  0.2622  0.0424  0.2550  0.0234 -0.0003  0.1531 0 
 47.1015 -0.7219  0.0586  0.0165  0.4386  0.1537  0.5636  0.0360 -0.0003  0.2478 0 
 48.1331  0.2204 -0.0998  0.3366  0.7170  0.1209  0.6466  0.2911 -0.0003  0.9946 1 
 46.3935 -0.2707  3.0304  0.5413  0.5551  0.0883  0.5223  0.5245 -0.0003  0.9975 1 
 55.7198 -0.4907 -2.2498  0.0024  0.5350  0.2030  0.5816  0.0314 -0.0003  0.2412 0 
 44.4923  0.4018  0.8715  0.0703  0.0634  0.1379  0.2640  0.1019 -0.0003  0.1479 0 
 50.6233 -0.3050 -2.2740  0.0536  0.6375  0.0469  0.2128  0.1804 -0.0003  0.6471 0 
 47.0710  0.3052  0.8651  0.0364  0.2080  0.1362  0.3902  0.0229 -0.0003  0.1911 0 
 37.5555  0.4410 -0.6886  0.0199  0.7853  0.0097  0.2764  0.0115 -0.0003  0.1331 0 
 36.5240 -0.4531  2.4479  0.0157  0.3227  0.0143  0.3249  0.0064 -0.0003  0.0786 0 
 46.3722  0.4331  0.8393  0.0392  0.3936  0.0648  0.3482  0.0718 -0.0003  0.3417 0 
 46.2440 -0.4121 -2.2873  0.0123  0.1086  0.0139  0.3049  0.0156 -0.0003  0.0385 0 
 45.3346 -0.7149 -0.3012  0.0039  0.6511  0.1245  0.3503  0.1578 -0.0003  0.3841 0 
 42.8138  0.7321  2.8201  0.0209  0.3028  0.0085  0.4890  0.0631  0.0570  0.2293 0 
 46.3813  0.4156  0.6177  0.0000  0.1400  0.0099  0.0871 -0.0200 -0.0003  0.0799 0 
 44.6845 -0.3993 -2.5268  0.0257  0.3662  0.0663  0.5274  0.0148 -0.0003  0.2370 0 
 49.5918 -0.3919 -0.5166  0.0176  0.3656  0.0553  0.3850  0.1631 -0.0003  0.3446 0 
 47.3060  0.3664  2.6372  0.0604  0.3887  0.0219  0.3464  0.0972 -0.0003  0.2843 0 
 49.6559  0.5617  2.5273  0.0649  0.3281  0.1365  0.4704  0.1147 -0.0003  0.4720 0 
 48.6671 -0.5664 -0.6157  0.0566  0.3674  0.1158  0.6878  0.0618 -0.0003  0.4516 0 
 45.0294  0.4576  2.7491  0.5426  0.6986  0.0401  0.6141  0.2647 -0.0003  0.9828 1 
 36.7315 -0.4509 -0.4008  0.5131  0.5314  0.0998  0.4171  0.3810 -0.0003  0.9967 1 
 45.0538 -0.2060  1.8038  0.0273  0.2892  0.0130  0.1316  0.0110 -0.0003  0.1125 0 
 39.6277  0.2251 -1.3267  0.0327  0.4959  0.0326  0.4539  0.0043 -0.0003  0.2686 0 
 45.1209 -0.3538  1.2512  0.0425  0.2240  0.1724  0.4822  0.0333 -0.0003  0.2633 0 
 44.5075  0.3526 -1.8985  0.1997  0.1766  0.0240  0.2200  0.0659 -0.0003  0.4428 0 
 48.5512  0.1499 -0.2923  0.1401  0.7306  0.0617  0.5161  0.3317 -0.0003  0.9703 1 
 43.6439 -0.1661  2.8937  0.2106  0.5334  0.0118  0.2211  0.0869 -0.0003  0.5585 1 
 46.1128  0.7261 -2.5231  0.0107  0.5735  0.0334  0.4359  0.0561 -0.0003  0.1847 0 
 35.7031 -0.7311  0.6465  0.0048  0.2714  0.0578  0.4204  0.0912 -0.0003  0.1537 0 
 42.2705 -0.6551 -2.1152  0.2864  0.3246  0.0981  0.3122  0.3094  0.5499  0.9994 1 
 37.2778  0.6683  1.0929  0.3947  0.7356  0.0512  0.3230  0.5477 -0.0003  0.9973 1 
 49.7749  0.7225  3.0040  0.0156  0.5537  0.1585  0.5556  0.1310 -0.0003  0.3366 0 
 48.4718 -0.7339 -0.1526  0.0171  0.0535  0.0239  0.3442  0.0516 -0.0003  0.0501 0 
 50.8644 -0.5172 -2.9616  0.0292  0.1140  0.0133  0.2550  0.0103 -0.0003  0.0431 0 
 36.8048  0.5109  0.1778  0.0013  0.0641  0.0465  0.1853  0.0405 -0.0003  0.0605 0 
 67.4083 -0.7170 -0.5804  0.0052  0.5600  0.0240  0.1587  0.0142  0.0529  0.1969 0 
 49.7932  0.7091  2.5489  0.0214  0.3283  0.0284  0.2992  0.1054 -0.0003  0.1483 0 
 43.2197  0.7409 -2.6588  0.0959  0.4166  0.0248  0.2661  0.1216 -0.0003  0.4500 0 
 30.3227 -0.7026  0.4808  0.0115  0.2806  0.0205  0.2447  0.0812 -0.0003  0.0771 0 
 41.2177 -0.5107 -0.3442  0.0550  0.1806  0.0428  0.2694  0.0148 -0.0003  0.1592 0 
 37.3968  0.5062  2.8056  0.1277  0.0458  0.0305  0.2306  0.0828  0.0795  0.3249 0 
 52.5917  0.8023 -1.0638  0.0064  0.4623  0.0526  0.4214  0.0478 -0.0003  0.1760 0 
 49.9611 -0.7851  2.1126  0.0105  0.4797  0.0508  0.2989  0.0413 -0.0003  0.2039 0 
 42.0752  0.2281  0.7886  0.0427  0.3496  0.0383  0.3126  0.0424 -0.0003  0.2286 0 
 37.7600 -0.2198 -2.3550  0.0779  0.6692  0.0453  0.4139  0.0351 -0.0003  0.5589 0 
 41.5259  0.3693 -2.7874  0.1468  0.3522  0.0152  0.3137  0.2618 -0.0003  0.7019 1 
 40.2319 -0.3629  0.3723  0.0459  0.7134  0.0461  0.4972  0.0239 -0.0003  0.3681 1 
 46.1585  0.3445  1.1343  0.0724  0.1323  0.1427  0.3486  0.1967 -0.0003  0.5357 1 
 45.8808 -0.3409 -2.0139  0.7818  0.3686  0.0386  0.4801  0.7365 -0.0003  0.9980 1 
 46.0975 -0.7599  0.7326  0.0006  0.4928  0.0282  0.2616  0.2318 -0.0003  0.3007 0 
 41.9989  0.7472 -2.3109  0.0458  0.1296  0.1384  0.1340  0.0474 -0.0003  0.1911 0 
 46.4332 -0.5498 -2.5172  0.1499  0.6726  0.0445  0.3916  0.1321 -0.0003  0.8700 1 
 32.1538  0.6119  0.6432  0.1882  0.5959  0.0188  0.2406  0.1302 -0.0003  0.6857 1 
 46.9917 -0.4099  2.9951  0.0065  0.5520  0.0475  0.3470  0.0079 -0.0003  0.1958 1 
 41.7426  0.4071 -0.1531  0.6835  0.5723  0.0578  0.3133  0.3911 -0.0003  0.9974 1 
 44.2115  0.0903  0.1093  0.1066  0.3631  0.0594  0.4407  0.2225 -0.0003  0.8178 0 
 29.0929 -0.0821 -3.0892  0.0004  0.2227  0.0212  0.1486  0.0186 -0.0003  0.0673 0 
 43.8056  0.3108  2.4953  0.0400  0.2381  0.0634  0.3534  0.0231 -0.0003  0.2109 0 
 41.7548 -0.1909 -0.6650  0.0650  0.5912  0.0865  0.4922  0.0258 -0.0003  0.3708 0 
 46.1524 -0.6407  1.6748  0.0786  0.2872  0.0822  0.1743  0.1824 -0.0003  0.6797 1 
 43.5981  0.6492 -1.5014  0.0132  0.7754  0.0520  0.3539  0.0220  0.1404  0.4320 1 
 45.3803 -0.5594  0.6202  0.0022  0.0707  0.0248  0.3940  0.0703 -0.0003  0.0516 0 
 40.4608  0.5596 -2.5054  0.0099  0.1136  0.0159  0.3159  0.0363 -0.0003  0.0381 0 
 35.7214 -0.7347  1.6968  0.1626  0.2416  0.0479  0.3736  0.1285 -0.0003  0.7038 0 
 29.8741  0.7495 -1.4971  0.1076  0.3898  0.0204  0.0983  0.0875 -0.0003  0.3109 0 
 48.7953 -0.3576 -2.6173  0.1042  0.4044  0.0525  0.5155  0.2104 -0.0003  0.8154 1 
 38.9014  0.3856  0.5025  0.2793  0.3699  0.0262  0.3193  0.3322  0.1420  0.9795 1 
 51.8196  0.1254  3.1187  0.0255  0.2878  0.0477  0.4653  0.0336 -0.0003  0.2040 0 
 51.0414 -0.1362  0.0240  0.0111  0.6010  0.1264  0.6794  0.1109 -0.0003  0.3218 0 
 52.9397 -0.6537  2.7178  0.0412  0.3116  0.1364  0.6311  0.0143 -0.0003  0.3198 0 
 43.0945  0.6668 -0.3710  0.0291  0.0862  0.0710  0.3106  0.0200 -0.0003  0.0849 0 
 43.6683  0.5343  0.7360  0.0486  0.0986  0.0180  0.2211  0.1470 -0.0003  0.1129 0 
 39.6887 -0.5151 -2.3844  0.0030  0.2636  0.0884  0.4083  0.0075 -0.0003  0.1342 0 
 47.6020  0.8090 -1.7546  0.0375  0.2087  0.0515  0.5188  0.1457 -0.0003  0.3366 1 
 44.1749 -0.7811  1.3771  0.8256  0.5142  0.0744  0.5290  0.4125 -0.0003  0.9948 1 
 45.2399  0.5321 -2.0206  0.3215  0.3261  0.0920  0.4819  0.3996  0.3819  0.9994 1 
 32.5933 -0.5385  1.0687  0.2157  0.2579  0.0103  0.1438  0.2637  0.1689  0.9331 1 
 43.0945 -0.2155 -1.7556  0.0865  0.6261  0.0560  0.4881  0.0610 -0.0003  0.5769 1 
 39.4934  0.2425  1.3522  0.2529  0.2605  0.0209  0.5452  0.1121  0.0498  0.8485 1 
 43.3295  0.4316 -1.2130  0.2292  0.3376  0.0636  0.3545  0.2600  0.5350  0.9993 1 
 43.1556 -0.4428  1.9506  0.0162  0.5684  0.0437  0.3549  0.0821 -0.0003  0.2511 1 
 41.5930  0.5787  2.3769  0.0048  0.5225  0.0392  0.2240  0.0042 -0.0003  0.2213 0 
 40.9491 -0.5822 -0.7985  0.0254  0.3547  0.0451  0.4949  0.0571  0.1155  0.4078 0 
 44.9317  0.4034 -0.3938  0.0206  0.4360  0.0197  0.4389  0.0674 -0.0003  0.1617 0 
 38.5962 -0.3449  2.7705  0.1035  0.4729  0.1623  0.4571  0.1746 -0.0003  0.7864 0 
 45.6062 -0.3268  1.1708  0.0055  0.1040  0.0162  0.1749  0.0223 -0.0003  0.0403 0 
 42.6978  0.2885 -1.9655  0.1413  0.1522  0.0176  0.3559  0.1033 -0.0003  0.3874 0 
 49.2042  0.7415 -3.0450  0.0294  0.2893  0.0660  0.2572  0.0118 -0.0003  0.2312 0 
 42.2553 -0.7404  0.0886  0.0616  0.0950  0.0301  0.2677  0.0493 -0.0003  0.0801 0 
 38.8128  0.5115  0.9532  0.2735  0.2258  0.1539  0.2739  0.1793  0.3895  0.9731 1 
 28.1498 -0.5234 -2.2036  0.2434  0.6988  0.0332  0.3002  0.3002  0.2745  0.9848 1 
 51.5450  0.7601  0.4008  0.0184  0.3758  0.1223  0.6778  0.0555 -0.0003  0.2953 0 
 51.0933 -0.7661 -2.7538  0.1030  0.2355  0.0248  0.3396  0.0475 -0.0003  0.3009 0 
 43.7751  0.5698 -0.6217  0.1338  0.3986  0.0965  0.3977  0.1266 -0.0003  0.7507 1 
 40.0641 -0.5830  2.4313  0.2507  0.0859  0.0979  0.3620  0.1841 -0.0003  0.8224 1 
 44.9165 -0.0936  1.3695  1.1053  0.5663  0.0592  0.3512  0.0624 -0.0003  0.9920 1 
 41.5076  0.0968 -1.8373  0.0033  0.5342  0.1804  0.7620  0.0305 -0.0003  0.2633 1 
 51.1299  0.7556  2.3689  0.0319  0.1850  0.1862  0.5942  0.0490 -0.0003  0.2780 0 
 45.9174 -0.7559 -0.7398  0.0542  0.4137  0.0327  0.3055  0.0186 -0.0003  0.2800 0 
 46.1921  0.2177  0.7826  0.0765  0.5757  0.0348  0.3050  0.0903 -0.0003  0.5203 0 
 40.5402 -0.2166 -2.3336  0.0146  0.6487  0.0847  0.5413  0.0272 -0.0003  0.2409 0 
 50.5806  0.7275  0.1969  0.0184  0.5950  0.0539  0.2128  0.0289 -0.0003  0.3243 0 
 39.9054 -0.7423 -2.9459  0.0626  0.4866  0.0334  0.3624  0.0889 -0.0003  0.4395 0 
 53.3577 -0.7706 -0.2583  0.0321  0.5099  0.0586  0.1680  0.0101 -0.0003  0.3897 0 
 32.0165  0.8153  2.8985  0.1933  0.6840  0.0263  0.3372  0.2484 -0.0003  0.9115 0 
 46.7811 -0.4044 -2.0898  0.4443  0.6039  0.0603  0.4343  0.4521 -0.0003  0.9968 1 
 38.3124  0.3970  1.0731  0.1514  0.4724  0.0125  0.2748  0.0801 -0.0003  0.4263 1 
 50.5592 -0.6267 -0.1594  0.0145  0.2363  0.0699  0.5108  0.0235 -0.0003  0.1668 0 
 43.3478  0.6459  2.9490  0.0021  0.4187  0.0790  0.6203  0.0562  0.2032  0.4158 0 
 54.3587  0.8047 -0.8184  0.1006  0.8532  0.0385  0.2926  0.2542 -0.0003  0.8587 1 
 27.2526 -0.7578  2.3488  0.0439  0.7795  0.0321  0.3031  0.1265 -0.0003  0.4223 1 
 45.3651  0.3871 -0.6820  0.0779  0.0735  0.0438  0.2189  0.0320 -0.0003  0.0916 0 
 38.8190 -0.3467  2.5080  0.0333  0.5484  0.0472  0.3195  0.0356 -0.0003  0.3073 0 
 45.4170 -0.7114 -3.0616  0.0313  0.1427  0.0335  0.2626  0.0024 -0.0003  0.0825 0 
 41.2573  0.7318  0.0986  0.0163 -1.0000  0.0033  0.0898  0.0367 -0.0003  0.1709 0 
 43.6042 -0.6062 -2.2000  0.0545  0.2471  0.0318  0.3539  0.0502 -0.0003  0.1999 0 
 42.5025  0.5951  0.9723  0.0208  0.4630  0.0830  0.4454  0.0512  0.1189  0.4022 0 
 45.2644 -0.5595 -2.6317  0.0045  0.2326  0.0398  0.3066  0.0178 -0.0003  0.0840 0 
 43.9277  0.5736  0.5135  0.0381  0.4123  0.1011  0.6181  0.0521 -0.0003  0.3364 0 
 45.1576 -0.2657  2.7269  0.0781  0.1055  0.0558  0.4383  0.0551  0.2409  0.5121 0 
 34.4121  0.2788 -0.4281  0.0204  0.5896  0.0095  0.4720  0.1253  0.0593  0.3398 0 
 48.2216 -0.1565  1.9249  0.0112  0.5203  0.0533  0.5171  0.0554 -0.0003  0.2139 0 
 41.3458  0.1692 -1.2158  0.0091  0.0943  0.0316  0.4038  0.0842  0.1258  0.1730 0 
 49.3477  0.0660 -0.4231  0.0678  0.3551  0.0763  0.3855  0.0324 -0.0003  0.3886 0 
 45.4322 -0.0361  2.6890  0.0090  0.5805  0.0168  0.4813  0.1072 -0.0003  0.1839 0 
 44.8768 -0.3338  1.6071  0.1475  0.6138  0.0376  0.2634  0.2242 -0.0003  0.8734 1 
 39.6460  0.3471 -1.4880  1.0702  0.4174  0.0248  0.4538  1.1698 -0.0003  0.9981 1 
 47.5654 -0.0428  2.2073  0.0005  0.1250  0.0482  0.2595  0.0218 -0.0003  0.0635 0 
 46.5431  0.0476 -0.9414  0.0348  0.5271  0.0186  0.3044  0.2402 -0.0003  0.3674 0 
 49.3507 -0.7272 -2.4021  0.0045  0.1911  0.0633  0.2141  0.0268 -0.0003  0.1091 0 
 37.7966  0.7282  0.7122  0.0123  0.2144  0.0258  0.2759  0.1210 -0.0003  0.0931 0 
 52.7596  0.4812  1.2588  0.0017  0.4142  0.0429  0.2106  0.0922 -0.0003  0.1768 0 
 32.1416 -0.4952 -1.8809  0.0218  0.6230  0.0161  0.2888  0.0170 -0.0003  0.1345 0 
 45.8106 -0.5383 -3.0322  0.0158  0.1470  0.3065  0.2620  0.0141 -0.0003  0.1458 0 
 44.7364  0.4978  0.1322  0.0227  0.1919  0.0146  0.2636  0.0256 -0.0003  0.0498 0 
 84.9043 -0.7342 -1.5146  0.0623  0.1864  0.2665  0.2256  0.0566 -0.0003  0.3584 0 
 47.9225  0.7615  1.5901  0.0077  0.1410  0.1344  0.3021  0.0870 -0.0003  0.0997 0 
 46.3722 -0.7855  1.4689  0.0086  0.1898  0.0061  0.1741  0.0018 -0.0003  0.0473 0 
 45.7771  0.7862 -1.6538  0.0473  0.1274  0.0381  0.3494  0.0151 -0.0003  0.1098 0 
 46.2104 -0.3349 -2.3455  0.0258  0.2546  0.0534  0.6535  0.0991 -0.0003  0.3316 0 
 35.8892  0.3406  0.7862  0.0144  0.2557  0.0178  0.2798  0.0213 -0.0003  0.0606 0 
 47.2908 -0.1232 -2.4800  0.0896  0.2176  0.0502  0.3031  0.1329 -0.0003  0.4857 0 
 45.6764  0.1415  0.6876  0.0205  0.2847  0.0081  0.1748  0.1762 -0.0003  0.1642 0 
 54.4869 -0.4714 -0.6513  0.0405  0.2496  0.0281  0.2506  0.0278 -0.0003  0.1214 0 
 40.9247  0.4752  2.4414  0.0342  0.5793  0.0972  0.3599  0.0318 -0.0003  0.2825 0 
 50.5928 -0.1526  1.8828  0.0006  0.6001  0.0528  0.2979  0.0851 -0.0003  0.2326 0 
 43.0701  0.1510 -1.2298  0.1200  0.5821  0.0920  0.2219  0.1072 -0.0003  0.8244 0 
 43.6744  0.4762  1.5545  0.0011  0.0240  0.0580  0.1327  0.0845 -0.0003  0.0870 0 
 41.5869 -0.4846 -1.6009  0.3311  0.1094  0.1659  0.4032  0.1381  0.0799  0.9243 0 
 46.0029  0.3291  0.6407  0.0730  0.3116  0.0250  0.2181  0.0071 -0.0003  0.2303 0 
 45.9510 -0.3308 -2.4947  0.0005  0.3525  0.1088  0.3491  0.0167 -0.0003  0.1546 0 
 49.1707 -0.7714  1.4836  0.0458  0.1648  0.0638  0.3859  0.0367 -0.0003  0.1796 0 
 45.7588  0.7742 -1.7027  0.0695  0.6163  0.0330  0.4805  0.1115 -0.0003  0.6186 0 
 42.3255 -0.0274  0.9534  0.4089  0.5008  0.0385  0.4905  0.3708 -0.0003  0.9914 1 
 41.3550  0.0209 -2.1670  0.5886  0.5834  0.0247  0.4487  0.4449 -0.0003  0.9965 1 
 46.5705 -0.6895 -0.5009  0.0242  0.4910  0.0451  0.2609  0.0239 -0.0003  0.2560 0 
 46.3996  0.6723  2.6895  0.0019  0.6689  0.0538  0.3046  0.0084 -0.0003  0.2164 0 
 47.1077  0.0905  1.5927  0.1054  0.6618  0.0271  0.2601  0.1274 -0.0003  0.6000 1 
 40.3510 -0.0970 -1.5781  0.2058  0.1748  0.0099  0.2258  0.2379 -0.0003  0.5972 1 
 48.0476  0.0411 -2.3053  0.0082  0.2505  0.0941  0.8194  0.1713 -0.0003  0.4244 0 
 41.5381 -0.0244  0.7772  0.0179  0.6246  0.0311  0.2689  0.0567 -0.0003  0.1795 0 
 47.4006  0.2394  2.3686  0.0192  0.1295  0.0380  0.4328  0.0109 -0.0003  0.0935 0 
 42.9541 -0.2261 -0.7646  0.0182  0.1911  0.0208  0.2665  0.0474 -0.0003  0.0535 0 
 50.7912 -0.7542 -0.9828  0.0338  0.2771  0.1040  0.5102  0.0530 -0.0003  0.2726 0 
 44.2969  0.7636  2.1913  0.0397  0.5365  0.0795  0.2203  0.0224  0.3166  0.7204 0 
 49.4301 -0.7650 -3.0544  0.0155  0.2229  0.0253  0.2141  0.0038 -0.0003  0.0808 0 
 42.3133  0.7701  0.0479  0.0820  0.2909  0.1977  0.2676  0.0850  0.2626  0.7228 0 
 44.9226  0.6296  1.7159  0.5250  0.5963  0.0258  0.6584  0.6220  0.0893  0.9986 1 
 23.0869 -0.6423 -1.4079  0.2198  0.1735  0.0288  0.3192  0.2651  0.1437  0.9405 1 
 45.6947  0.6621  1.0817  0.0768  0.6616  0.1491  0.6554  0.0103 -0.0003  0.3995 0 
 44.9989 -0.6777 -2.0640  0.0268  0.3307  0.0973  0.3071  0.0270 -0.0003  0.2244 0 
 45.2216  0.0270  1.4045  0.0630  0.3417  0.1595  0.3067  0.0278 -0.0003  0.3414 0 
 38.9990 -0.0123 -1.6903  0.0461  0.1004  0.0507  0.3647  0.0532 -0.0003  0.1158 0 
 50.5684 -0.2002 -2.5732  0.2749  0.4420  0.0601  0.4256  0.1069 -0.0003  0.8588 1 
 46.9154  0.2064  0.5834  0.0052  0.3776  0.2245  0.6943  0.7092 -0.0003  0.9939 1 
 42.9267  0.3989 -0.5965  0.0147  0.1037  0.0367  0.1333  0.0960 -0.0003  0.0829 0 
 33.7743 -0.3757  2.4965  0.0451  0.0625  0.0112  0.1898  0.0117 -0.0003  0.0414 0 
 50.7301  0.5533 -0.8986  0.0208  0.3518  0.0561  0.2977  0.0755 -0.0003  0.2311 0 
 45.1392 -0.5554  2.2274  0.0659  0.2403  0.0084  0.2630  0.0801 -0.0003  0.1195 0 
 44.0528  0.4144 -0.6196  0.0412  0.4542  0.1147  0.3088  0.0084 -0.0003  0.2651 0 
 43.3814 -0.3947  2.5389  0.0222  0.4010  0.0110  0.2215  0.1053 -0.0003  0.1172 0 
 47.0924  0.3135 -0.9606  0.1074  0.4285  0.0270  0.4769  0.1933  0.1643  0.8656 1 
 45.7954 -0.3158  2.1366  0.2568  0.3405  0.0731  0.3057  0.1229  0.2535  0.9465 1 
 42.0203 -0.3841 -1.1216  0.0480  0.2430  0.0762  0.2681  0.0311  0.4110  0.7432 1 
 37.5647  0.3745  2.0487  0.5699  0.6271  0.0257  0.3685  0.4454  0.2446  0.9981 1 
 46.1128 -0.1852  2.1377  0.0208  0.4002  0.0325  0.3923  0.0687 -0.0003  0.1802 0 
 39.7803  0.1850 -1.0016  0.0219  0.4209  0.0310  0.4987  0.0573 -0.0003  0.2326 0 
 48.3558 -0.4222 -0.2037  0.0374  0.6864  0.1903  0.7750  0.0207 -0.0003  0.3351 0 
 34.4884  0.4459  2.9500  0.0238  0.0626  0.0126  0.0943  0.0132 -0.0003  0.0524 0 
 52.6528 -0.0863 -1.1350  0.0058  0.1166  0.0526  0.2528  0.0214 -0.0003  0.0700 0 
 44.2786  0.0870  1.9914  0.0414  0.2578  0.0563  0.1762  0.0547 -0.0003  0.2684 0 
 50.4341 -0.6215 -3.0964  0.0052  0.4770  0.0565  0.3408  0.0217 -0.0003  0.1841 0 
 47.8523  0.5780  0.0844  0.0318  0.1326  0.0646  0.6476  0.0627 -0.0003  0.2500 0 
 50.1137  0.5186  1.4128  0.0333  0.4412  0.1347  0.2133  0.0797 -0.0003  0.3907 0 
 46.4057 -0.5233 -1.7565  0.0084  0.1611  0.1267  0.6092  0.0870 -0.0003  0.1953 0 
 46.9429 -0.5805  1.4202  0.0104  0.7058  0.1202  0.7376  0.0313 -0.0003  0.2779 0 
 45.0416  0.5904 -1.6731  0.3141  0.7479  0.1520  0.6141  0.2193 -0.0003  0.9886 0 
 42.7253 -0.5480  2.0468  0.0002  0.2151  0.0454  0.4003  0.0527 -0.0003  0.0880 0 
 42.6947  0.5823 -1.0578  0.0700  0.6476  0.0562  0.4449  0.0624  0.2388  0.7559 0 
 45.7313 -0.6147  2.1464  0.0751  0.4765  0.1138  0.5679  0.0342 -0.0003  0.3993 0 
 34.0154  0.6632 -0.9660  0.2162  0.4972  0.0124  0.1420  0.3380 -0.0003  0.8209 0 
 47.7272 -0.6002  1.7566  0.0713  0.4226  0.0374  0.6049  0.1063  0.0694  0.6756 1 
 45.1362  0.5581 -1.4405  0.4405  0.4075  0.0483  0.2630  0.4420 -0.0003  0.9965 1 
 47.1717  0.7265 -1.7041  0.0181  0.0546  0.0175  0.2600  0.0242 -0.0003  0.0396 0 
 41.2299 -0.7393  1.4764  0.0385  0.2645  0.0366  0.4490  0.1015 -0.0003  0.2724 0 
 62.0188  0.4276 -2.1378  0.0399  0.1178  0.0379  0.1214  0.0120 -0.0003  0.0997 0 
 46.9093 -0.4500  1.0093  0.0491  0.3902  0.0422  0.6509  0.3137  0.1560  0.8910 0 
 46.0548 -0.7830  1.0331  0.0017  0.2218  0.0533  0.1744  0.0186 -0.0003  0.1223 0 
 42.7100  0.8027 -2.0458  0.0154  0.4476  0.0640  0.3558  0.0510 -0.0003  0.2218 0 
 43.3661  0.5394  0.8031  0.4027  0.5351  0.0808  0.4430  0.3956  0.4625  0.9998 1 
 37.5067 -0.5458 -2.3799  0.1892  0.7569  0.0574  0.3225  0.1306  0.4186  0.9955 1 
 42.9389 -0.6953 -2.3610  0.0462  0.6435  0.0192  0.2221  0.0766 -0.0003  0.2154 0 
 40.9247  0.7116  0.7857  0.3405  0.6145  0.0254  0.2699  0.4118 -0.0003  0.9919 0 
 51.1849 -0.7105  2.2406  0.0169  0.7676  0.1921  0.8911  0.3915 -0.0003  0.9437 1 
 43.2654  0.7020 -0.8579  0.1332  0.6621  0.0419  0.4433  0.1696 -0.0003  0.8828 1 
 47.8798  0.0552  0.7710  0.3804  0.6758  0.0973  0.5612  0.4578  0.1332  0.9974 1 
 34.7784 -0.0670 -2.3802  0.4625  0.4897  0.0260  0.3765  0.5235 -0.0003  0.9974 1 
 44.3885  0.4070 -1.3890  0.1603  0.5341  0.0774  0.3523  0.1625  0.4865  0.9974 1 
 39.0143 -0.4364  1.7410  0.2636  0.2839  0.0259  0.2735  0.1661  0.2365  0.9803 1 
 44.6387 -0.2073 -1.5318  0.0149  0.0549  0.0258  0.1759  0.0895 -0.0003  0.0556 0 
 43.0488  0.1714  1.6259  0.0445  0.5766  0.0533  0.4883  0.0220 -0.0003  0.3307 0 
 54.4381  0.7003 -0.0194  0.3697  0.1760  0.1842  0.3343  0.4435 -0.0003  0.9966 1 
 49.0761 -0.6848 -3.1225  0.0901  0.2355  0.1616  0.1716  0.0977 -0.0003  0.6098 1 
 47.4617  0.0350  1.4677  0.5767  0.3485  0.0290  0.4326  0.3334 -0.0003  0.9918 1 
 44.6784 -0.0369 -1.6884  0.2468  0.6642  0.0575  0.4396  0.3260 -0.0003  0.9863 1 
 46.6041 -0.4111  0.9385  0.1381  0.2805  0.0809  0.4782  0.1168 -0.0003  0.7056 0 
 46.3722  0.3857 -2.1965  0.0344  0.3097  0.1000  0.4352  0.0700 -0.0003  0.2821 0 
 45.6977 -0.0804 -0.8952  0.0354  0.4369  0.0135  0.4369  0.0052 -0.0003  0.1898 0 
 45.3162  0.0910  2.2403  0.0023  0.1724  0.0721  0.3503  0.1708 -0.0003  0.1721 0 
 41.1414  0.6622  0.9809  0.0094  0.5037  0.0271  0.3145  0.0389 -0.0003  0.1223 0 
 34.7631 -0.6540 -2.2107  0.0020  0.1374  0.0580  0.2824  0.0668 -0.0003  0.0746 0 
 46.2898  0.4590  0.4767  0.0479  0.5052  0.0435  0.5661  0.0266 -0.0003  0.3698 0 
 39.5483 -0.4336 -2.6878  0.0467  0.1350  0.0731  0.1816  0.0295 -0.0003  0.1543 0 
 58.5183 -0.1813 -1.3067  0.0017  0.2707  0.1400  0.4514  0.0134 -0.0003  0.1521 0 
 35.4223  0.1853  1.8372  0.0721  0.2148  0.0724  0.4213  0.1610  0.1345  0.6935 0 
 50.4616  0.2555  1.7154  0.0000  0.0652  0.0400  0.1703  0.0137 -0.0003  0.0623 0 
 43.1647 -0.2714 -1.4240  0.0009  0.1873  0.0608  0.2218  0.0157 -0.0003  0.1012 0 
 45.7465 -0.3612  0.1807  0.0609  0.3477  0.0282  0.3931  0.1772 -0.0003  0.4778 0 
 43.4363  0.3857 -2.9314  0.0170  0.2096  0.1348  0.1771  0.0309 -0.0003  0.1803 0 
 45.1484  0.7123  1.0468  0.0007  0.6691  0.0219  0.4383  0.1522 -0.0003  0.2138 0 
 42.5666 -0.7176 -2.0763  0.0303  0.5005  0.0374  0.2671  0.1279 -0.0003  0.3213 0 
 49.4545  0.6009 -2.9684  0.0198  0.0682  0.1505  0.4281  0.0198 -0.0003  0.0653 0 
 44.6510 -0.5848  0.2026  0.1111  0.4387  0.0352  0.5275  0.1216 -0.0003  0.7235 0 
 47.5654  0.6151  2.5190  0.0067  0.1337  0.0760  0.2162  0.0175 -0.0003  0.0948 0 
 40.7507 -0.5885 -0.5437  0.0375  0.1082  0.0295  0.4054  0.0316 -0.0003  0.0910 0 
 48.0690  0.7822  2.2026  0.0255  0.4621  0.0324  0.3019  0.1317 -0.0003  0.2628 0 
 44.6113 -0.7931 -0.9738  0.0266  0.2689  0.0680  0.3518  0.1439 -0.0003  0.3199 0 
 43.3173 -0.5592 -0.7431  0.0147  0.2374  0.0763  0.3102  0.0042 -0.0003  0.1545 0 
 43.0640  0.5628  2.4274  0.0089  0.5356  0.1027  0.2219  0.0764 -0.0003  0.3232 0 
 50.1381  0.3282 -0.4020  0.0401  0.3298  0.0189  0.1707  0.0169 -0.0003  0.1371 0 
 43.3845 -0.3124  2.7145  0.0772  0.2032  0.0380  0.3544  0.0842 -0.0003  0.3017 0 
 44.9317  0.6761 -2.1381  0.0160  0.1908  0.0515  0.3950  0.0831 -0.0003  0.1344 0 
 36.8688 -0.6772  1.0143  0.0138  0.3956  0.0104  0.2778  0.1407  0.1097  0.2871 0 
 42.1027  0.0731  2.2799  0.0304  0.5640  0.0237  0.2233  0.0080 -0.0003  0.1897 0 
 40.4242 -0.0887 -0.8546  0.1642  0.4199  0.0158  0.1354  0.1640 -0.0003  0.5090 0 
 44.5350 -0.7413 -1.7013  0.0315  0.3366  0.0736  0.4399  0.0391 -0.0003  0.2506 0 
 43.1891  0.7268  1.5270  0.0004  0.3058  0.0103  0.1330  0.0168 -0.0003  0.0826 0 
 47.9896  0.7197  0.0194  0.0129  0.1649  0.0573  0.3883  0.0656 -0.0003  0.1098 0 
 39.8505 -0.6934 -3.1019  0.1589  0.5907  0.0622  0.1360  0.1041  0.3574  0.9697 0 
 50.4097  0.0776 -0.9791  0.0399  0.1719  0.0128  0.2556  0.1201  0.1100  0.3500 0 
 49.4209 -0.0843  2.1642  0.0887  0.0631  0.0320  0.0428  0.0472 -0.0003  0.1161 0 
 47.6356 -0.0273  1.0645  0.0404  0.0447  0.0447  0.3458  0.0342 -0.0003  0.0764 0 
 46.3355  0.0208 -2.0756  0.0001  0.2766  0.0191  0.3918  0.0999 -0.0003  0.0706 0 
 44.5777 -0.4880 -2.9521  0.0004  0.8388  0.0306  0.2199  0.0236 -0.0003  0.1763 0 
 38.9746  0.4827  0.1787  0.0231  0.5008  0.0269  0.3648  0.0112 -0.0003  0.1876 0 
 46.4820  0.3028  2.1971  0.5922  0.3024  0.0346  0.3045  0.8190 -0.0003  0.9981 1 
 42.0966 -0.3537 -0.9418  0.3398  0.4618  0.1043  0.6251  0.4290 -0.0003  0.9978 1 
 45.6062 -0.3331 -2.7691  0.0009  0.4167  0.1240  0.3935  0.0059 -0.0003  0.1710 0 
 42.5635  0.3263  0.3123  0.0098  0.4522  0.1420  0.4452  0.0676 -0.0003  0.2372 0 
 49.6468  0.7916  1.8463  0.0924  0.0981  0.0199  0.3421 -0.0200 -0.0003  0.1390 0 
 47.3487 -0.7907 -1.2641  0.0022  0.1405  0.0493  0.3463  0.0956 -0.0003  0.0810 0 
 50.0099  0.7706  1.3653  0.0209  0.2799  0.1476  0.2988  0.0523 -0.0003  0.2144 0 
 39.0143 -0.7619 -1.7422  0.0663  0.4164  0.0429  0.3646  0.1495 -0.0003  0.5800 0 
 43.1952 -0.5637  1.4669  0.2693  0.1975  0.0281  0.4435  0.2387 -0.0003  0.9181 1 
 36.1761  0.5175 -1.8064  0.1957  0.5804  0.0655  0.3723  0.1225 -0.0003  0.8981 1 
 51.5297  0.3551 -1.2194  0.2187  0.8404  0.0790  0.8472  0.3171 -0.0003  0.9885 1 
 30.2129 -0.3607  1.9071  0.1721  0.6308  0.0152  0.3430  0.2535  0.1106  0.8736 1 
 48.8808 -0.7383  0.5016  0.0234  0.1876  0.0966  0.2576  0.0749 -0.0003  0.1787 0 
 45.7008  0.7551 -2.5746  0.0300  0.0489  0.2490  0.3058  0.0610 -0.0003  0.0576 0 
 44.7425 -0.7325 -0.0888  0.2583  0.5306  0.0421  0.3076  0.3187  0.0672  0.9737 1 
 35.5322  0.7216  3.0749  0.0189  0.5345  0.0266  0.2806  0.1602  0.2996  0.8179 1 
 48.8350  0.7455  2.6060  0.0757  0.4849  0.0353  0.4295  0.0928 -0.0003  0.5543 1 
 46.7903 -0.7201 -0.5183  0.1655  0.0968  0.0988  0.0868  0.1876 -0.0003  0.7029 1 
 47.5257 -0.5606 -1.0175  0.0218  0.4256  0.0153  0.1297  0.0131 -0.0003  0.1379 0 
 45.6245  0.5690  2.1218  0.0653  0.4245  0.0599  0.3497  0.0549 -0.0003  0.4501 0 
 36.7437  0.7623 -2.1988  0.4302  0.5315  0.0327  0.4634  0.2357  0.1056  0.9848 1 
 25.0858 -0.7743  0.8550  0.1764  0.3635  0.0087  0.3628  0.2703 -0.0003  0.7445 1 
 44.6571 -0.6227  0.5369  0.0452  0.0482  0.0356  0.3077  0.0342 -0.0003  0.0674 0 
 38.1872  0.5725 -2.7187  0.0167  0.5284  0.0337  0.4126  0.0230  0.2570  0.6350 0 
 45.2583  0.7045  2.9837  0.0356  0.4678  0.0635  0.7009  0.0445 -0.0003  0.3545 1 
 27.5151 -0.6682 -0.1990  0.2088  0.5094  0.0146  0.5542  0.1035 -0.0003  0.7710 1 
 42.9389  0.3683 -1.0242  0.0347  0.1666  0.0218  0.3109  0.0203 -0.0003  0.0702 0 
 38.3886 -0.3787  2.1451  0.0607  0.6352  0.0042  0.1831  0.0353 -0.0003  0.1758 0 
 45.1606 -0.2380  2.8115  0.0136  0.5539  0.0609  0.3507  0.0109 -0.0003  0.2136 0 
 43.4424  0.2438 -0.3371  0.0426  0.4856  0.0447  0.1771  0.0023 -0.0003  0.3690 0 
 43.4821  0.0815  2.4685  0.0691  0.1826  0.0146  0.0885  0.0351 -0.0003  0.1360 0 
 42.9847 -0.1266 -0.6680  0.0210  0.1756  0.0460  0.1332  0.0799 -0.0003  0.1427 0 
 40.9461 -0.7492  1.4979  0.0371  0.2798  0.0085  0.1799  0.0167 -0.0003  0.0887 0 
 36.8780  0.7264 -1.5939  0.0136  0.4691  0.0414  0.3703  0.0969 -0.0003  0.2226 0 
 52.3323 -0.0891 -0.8090  0.0512  0.2761  0.0689  0.4220  0.0898  0.2488  0.6239 0 
 40.1465  0.0868  2.3220  0.0257  0.8769  0.0190  0.4070  0.0505 -0.0003  0.2136 0 
 47.1321 -0.3715  0.2312  0.0663  0.3334  0.0324  0.1734  0.0268 -0.0003  0.2576 0 
 44.6876  0.3532 -2.8965  0.0797  0.2662  0.0576  0.4835  0.0522 -0.0003  0.4259 0 
 48.3162  0.0268 -2.5547  0.0463  0.2734  0.0666  0.6029  0.0869 -0.0003  0.4073 0 
 39.3378 -0.0339  0.5661  0.1794  0.6586  0.0088  0.0455  0.0950 -0.0003  0.5408 0 
 47.0130 -0.6909  2.6452  0.0950  0.3206  0.0588  0.4337  0.0443 -0.0003  0.4730 1 
 37.5067  0.6724 -0.5185  0.0867  0.3951  0.1029  0.2304  0.1213  0.6370  0.9913 1 
 47.9530  0.7090  2.1775  0.0373  0.2642  0.0355  0.2157  0.0252 -0.0003  0.1544 0 
 37.2381 -0.7050 -0.9814  0.0071  0.3683  0.0123  0.3232  0.0493 -0.0003  0.0634 0 
 49.2531  0.1857 -0.7808  0.0035  0.2742  0.1217  0.3857  0.0557 -0.0003  0.1511 0 
 44.9744 -0.2005  2.3865  0.0262  0.2284  0.0184  0.4388  0.0180 -0.0003  0.1063 0 
 53.3181  0.3814 -1.5251  0.0128  0.1535  0.0573  0.4620  0.0373 -0.0003  0.1134 0 
 34.0063 -0.3708  1.6142  0.0152  0.5846  0.0263  0.4262  0.0114 -0.0003  0.1852 0 
 52.0241 -0.1066 -1.4813  0.0003  0.3793  0.0786  0.2113  0.0134 -0.0003  0.2294 0 
 49.6742  0.1074  1.6581  0.0362  0.3695  0.0351  0.4276  0.0169 -0.0003  0.2411 0 
 52.8298 -0.7754  1.1899  0.0195  0.2404  0.0722  0.4210  0.0305 -0.0003  0.1657 1 
 46.7201  0.7615 -2.0718  0.1348  0.5774  0.0276  0.5213  0.2788  0.0507  0.9204 1 
 53.2235  0.6442 -2.6621  0.0122  0.5976  0.0324  0.3361  0.0895 -0.0003  0.1900 0 
 42.0203 -0.6203  0.4719  0.0030  0.0974  0.0157  0.2234  0.0049 -0.0003  0.0403 0 
 42.2492  0.6769 -1.8877  0.0130  0.1679  0.0636  0.3122  0.0097 -0.0003  0.1054 0 
 33.9483 -0.6465  1.2421  0.0124  0.6051  0.1089  0.4264  0.0062 -0.0003  0.2156 0 
 46.5064  0.4491 -1.9587  0.0075  0.6970  0.1271  0.6524  0.0867 -0.0003  0.3047 0 
 42.9664 -0.3818  1.1590  0.0461  0.4854  0.0390  0.2665  0.0270 -0.0003  0.3077 0 
 51.3588 -0.4863  0.9067  0.1391  0.4076  0.0701  0.5088  0.0926 -0.0003  0.7023 0 
 48.7160  0.4653 -2.2085  0.0130  0.2865  0.0128  0.1289  0.0213 -0.0003  0.0929 0 
 49.6529  0.6143 -0.7479  0.1790  0.1787  0.0370  0.4704  0.2481 -0.0003  0.8648 1 
 44.0864 -0.6482  2.4842  0.0581  0.4821  0.0905  0.5293  0.0473 -0.0003  0.3691 1 
 46.5064 -0.6110 -1.0063  0.0112  0.1002  0.0214  0.3045  0.0517 -0.0003  0.0422 0 
 45.8534  0.5999  2.1425  0.0053  0.2307  0.2098  0.6548  0.0723 -0.0003  0.2673 0 
 49.3568 -0.2893  0.6986  0.0399  0.5623  0.1260  0.3855  0.0512 -0.0003  0.3125 0 
 42.8412  0.2955 -2.4364  0.0051  0.4126  0.0436  0.4444  0.0224 -0.0003  0.1573 0 
 47.8889 -0.2825  3.0727  0.0064  0.1652  0.0683  0.3022  0.0164 -0.0003  0.0956 0 
 40.6348  0.2993 -0.1258  0.0427  0.1929  0.0219  0.2705  0.0189 -0.0003  0.0852 0 
 48.2216  0.4068 -2.3694  0.0217  0.1649  0.1301  0.4309  0.0975 -0.0003  0.1798 0 
 44.3732 -0.3937  0.7204  0.0486  0.4044  0.1187  0.6605  0.0552 -0.0003  0.3929 0 
 48.5298 -0.5497 -1.6058  0.2305  0.5278  0.1244  0.8603  0.0381 -0.0003  0.8256 1 
 41.4343  0.5233  1.5970  0.7771  0.3103  0.0750  0.3139  0.6088 -0.0003  0.9968 1 
 44.9165 -0.7433  1.5172  0.0623  0.1005  0.0342  0.1756  0.0860  0.0865  0.3079 0 
 44.5045  0.7488 -1.5882  0.0165  0.2825  0.0400  0.2640  0.0268  0.0752  0.2519 0 
 46.6133  0.3211 -1.7919  0.0034  0.6213  0.1978  0.4347  0.0015 -0.0003  0.2219 0 
 32.2545 -0.2906  1.3540  0.0000  0.0826  0.0120  0.0961 -0.0200 -0.0003  0.0722 0 
 36.2737  0.0168  0.6694  0.4945  0.1900  0.0564  0.5116  0.5432 -0.0003  0.9970 1 
 35.5383  0.0016 -2.4173  0.5153  0.5520  0.0500  0.6080  0.4338  0.0959  0.9967 1 
 56.4035 -0.1511  0.0658  0.0257  0.0036  0.3767  0.1242  0.0034 -0.0003  0.0522 0 
 45.5085  0.2033 -3.0987  0.0184  0.5908  0.0674  0.6998  0.0113 -0.0003  0.2523 0 
 52.3201 -0.7190 -0.4640  0.1877  0.0948  0.0365  0.4220  0.1570  0.1791  0.8708 0 
 45.5024  0.7175  2.7134  0.0972  0.3779  0.0255  0.3937  0.1303 -0.0003  0.5670 0 
 46.7689  0.6585  1.9718  0.0293  0.6452  0.0458  0.4343  0.1009  0.0268  0.4330 0 
 41.6541 -0.6604 -1.1934  0.0573  0.6449  0.0493  0.2239  0.0643 -0.0003  0.5217 0 
 49.7658  0.3500  1.7940  0.3807  0.7753  0.0612  0.5556  0.2702  0.1568  0.9893 1 
 40.4517 -0.3288 -1.3366  0.4702  0.6581  0.0397  0.3611  0.4467 -0.0003  0.9969 1 
 46.0548 -0.5173 -1.7067  0.0049  0.1115  0.0560  0.3488  0.1368 -0.0003  0.1053 0 
 41.2848  0.5172  1.4004  0.0128  0.4644  0.0113  0.0898  0.0032 -0.0003  0.1480 0 
 53.0068 -0.5515  0.6894  0.0163  0.3230  0.4660  0.3785  0.0521 -0.0003  0.2604 0 
 45.1392  0.5047 -2.4300  0.0378  0.4820  0.0750  0.5698  0.0723 -0.0003  0.3464 0 
 46.3569  0.7625  0.7666  0.1388  0.1183  0.0413  0.1741  0.1203 -0.0003  0.4304 0 
 42.0020 -0.7704 -2.3652  0.0530  0.2019  0.0533  0.4468  0.3897 -0.0003  0.6691 0 
 57.2519  0.5880  1.0726  0.0818  0.1919  0.0343  0.2888  0.0546 -0.0003  0.2239 0 
 47.1351 -0.6024 -2.0844  0.0152  0.1433  0.0248  0.1734  0.0385 -0.0003  0.0530 0 
 54.5815 -0.2233 -0.5657  0.0252  0.1762  0.2845  0.2923  0.0743 -0.0003  0.2429 0 
 48.6244  0.1973  2.5075  0.0157  0.6408  0.0320  0.2580  0.1077 -0.0003  0.2165 0 
 47.7058 -0.4887 -2.7857  0.0017  0.0431  0.0057  0.1296  0.0790 -0.0003  0.0406 0 
 47.2602  0.4864  0.3717  0.1478  0.2410  0.0188  0.1300  0.1724 -0.0003  0.4538 0 
 53.2448  0.3943  1.6262  0.0005  0.6246  0.1558  0.6302  0.0865 -0.0003  0.2733 0 
 46.1311 -0.4029 -1.5297  0.0468  0.4210  0.0529  0.3051  0.0242 -0.0003  0.3327 0 
 55.1308 -0.6241 -2.9969  0.0291  0.4297  0.1594  0.7497  0.0231  0.2549  0.5282 0 
 37.9065  0.5955  0.1807  0.0520  0.1475  0.0657  0.4594  0.0097  0.2440  0.3936 0 
 48.7984  0.4116  1.4068  0.0088  0.5293  0.0424  0.3866  0.0466 -0.0003  0.1795 0 
 41.3733 -0.3831 -1.6973  0.1270  0.7388  0.0316  0.3140  0.1539 -0.0003  0.7899 0 
 48.3497 -0.2768  0.5106  0.0581  0.7534  0.0490  0.4306  0.2014 -0.0003  0.7927 0 
 39.2248  0.2608 -2.5906  0.0083  0.2081  0.1807  0.5007  0.0334 -0.0003  0.1708 0 
 46.1067 -0.6031  0.8387  0.0530  0.4034  0.0461  0.3487  0.1536 -0.0003  0.5230 1 
 36.8811  0.5730 -2.3063  0.5971  0.5836  0.0620  0.4629  0.4582  0.3865  0.9994 1 
 40.3540  0.6047  3.0943  0.0851  0.4012  0.0771  0.4065  0.0898 -0.0003  0.5447 1 
 37.3358 -0.6483 -0.0335  0.0274  0.6300  0.1143  0.3691  0.0601  0.3012  0.6531 1 
 57.3556  0.2325 -2.6094  0.0087  0.3090  0.0604  0.5774  0.0364 -0.0003  0.1895 0 
 47.3030 -0.2444  0.5064  0.0944  0.2359  0.0985  0.4331  0.0974 -0.0003  0.5097 0 
 51.1879 -0.0305  3.0054  0.0000  0.0210  0.0241  0.1273  0.0068 -0.0003  0.0585 0 
 45.0721  0.0431 -0.1396  0.0184  0.2895  0.0926  0.3508  0.0148 -0.0003  0.1767 0 
 51.2337 -0.3600  2.8902  0.0384  0.2206  0.0443  0.3818  0.0313 -0.0003  0.1743 0 
 46.8971  0.3725 -0.2727  0.0261  0.4297  0.1291  0.4340  0.2188 -0.0003  0.4968 0 
 41.2238  0.3916 -2.7822  0.0162  0.7838  0.0657  0.5388  0.1719 -0.0003  0.4925 0 
 34.6136 -0.4081  0.3551  0.0173  0.5239  0.0112  0.2356  0.1296 -0.0003  0.1390 0 
 55.9152  0.7582 -0.4939  0.0907  0.5331  0.0887  0.2490  0.2595 -0.0003  0.8897 0 
 39.3256 -0.7651  2.6351  0.0052  0.3653  0.0193  0.1365  0.0668 -0.0003  0.1135 0 
 52.3690 -0.1816  1.1267  0.3360  0.0857  0.0239  0.2531  0.3010 -0.0003  0.9309 1 
 42.6734  0.1837 -1.9876  0.1706  0.7142  0.0327  0.7119  0.2437 -0.0003  0.9569 1 
 45.3895  0.2006 -1.0637  0.4024  0.2353  0.0439  0.2189  0.3880 -0.0003  0.9905 1 
 43.3509 -0.1909  2.0620  0.3432  0.6665  0.0622  0.2215  0.2945 -0.0003  0.9895 1 
 46.2409  0.1318  1.0894  0.0012  0.2846  0.1561  0.7841  0.1213 -0.0003  0.3594 1 
 39.6277 -0.1402 -2.0594  0.4981  0.4260  0.0911  0.4539  0.7017  0.1004  0.9988 1 
 49.1707  0.0780 -1.3988  0.0112  0.5584  0.0691  0.5145  0.0621 -0.0003  0.2265 0 
 47.2511 -0.0639  1.7175  0.0089  0.3289  0.0777  0.5198  0.0209 -0.0003  0.1755 0 
 49.3294 -0.5946  3.1172  0.0472  0.2816  0.4528  0.3855  0.0600 -0.0003  0.3520 0 
 48.2246  0.5892  0.0572  0.1165  0.5567  0.0451  0.3447  0.0433 -0.0003  0.6726 0 
 51.2825 -0.2702  2.1636  0.0004  0.0539  0.0952  0.2969  0.0220 -0.0003  0.0594 0 
 46.1524  0.2744 -0.9858  0.0330  0.5597  0.0509  0.5665  0.0161 -0.0003  0.2835 0 
 42.7955  0.0674 -2.8171  0.0521  0.1998  0.0164  0.2667  0.0181  0.1385  0.4077 0 
 41.2421 -0.0452  0.3081  0.0183  0.1140  0.0588  0.1347  0.0034 -0.0003  0.1106 0 
 49.1707 -0.1772  3.0586  0.0170  0.6015  0.1485  0.6002  0.0737 -0.0003  0.2891 0 
 45.0324  0.1522 -0.1337  0.0544  0.3387  0.0167  0.2632  0.1028 -0.0003  0.1780 0 
 47.2786  0.5171  1.8930  0.0251  0.3283  0.0500  0.6496  0.1060 -0.0003  0.3528 0 
 44.8768 -0.5068 -1.2303  0.0040  0.6130  0.0353  0.3951  0.0356 -0.0003  0.1564 0 
 60.8225  0.4136  1.5202  0.0417  0.4181  0.0294  0.1626  0.0257 -0.0003  0.2081 0 
 44.3854 -0.4553 -1.5814  0.0569  0.6269  0.0337  0.3082  0.1336 -0.0003  0.5017 0 
 51.5297 -0.3403  2.0401  0.0435  0.2561  0.1050  0.4660  0.0186 -0.0003  0.2527 0 
 46.0548  0.3164 -1.1226  0.0043  0.2316  0.0625  0.1744  0.0143 -0.0003  0.1558 0 
 47.5685 -0.6839  2.1362  0.0507  0.2775  0.0671  0.3892  0.1585 -0.0003  0.4662 0 
 41.8036  0.6759 -0.9523  0.0114  0.4233  0.0234  0.1789  0.0681 -0.0003  0.1235 0 
 53.2143 -0.4922 -1.7718  0.0091  0.3170  0.0504  0.3361  0.0200 -0.0003  0.1462 0 
 50.4768  0.5176  1.4043  0.0202  0.2820  0.0724  0.4684  0.0582 -0.0003  0.2091 0 
 47.2511  0.4665  1.1990  0.0273  0.3144  0.0388  0.4764  0.0601  0.1728  0.4567 0 
 39.6002 -0.4683 -1.9617  0.0058  0.5046  0.0669  0.2724  0.0255 -0.0003  0.2268 0 
 52.0211 -0.6018 -1.7573  0.0090  0.1564  0.0568  0.3381  0.1397 -0.0003  0.1386 0 
 41.7823  0.5872  1.3448  0.0027  0.4719  0.0758  0.5369  0.0344 -0.0003  0.1776 0 
 46.4668  0.7292 -2.1502  0.0054  0.3551  0.1267  0.3915  0.0129 -0.0003  0.1703 0 
 45.9480 -0.7375  0.9768  0.0102  0.2444  0.0871  0.5236  0.2160 -0.0003  0.3062 0 
 49.8604  0.2954 -1.5370  0.0153  0.4582  0.2947  0.5554  0.0314 -0.0003  0.2748 0 
 47.3884 -0.2856  1.6087  0.0090  0.1559  0.0381  0.2597  0.0466 -0.0003  0.0606 0 
 49.6498 -0.7972 -1.4053  0.0828  0.5805  0.0201  0.2994  0.1086 -0.0003  0.4103 0 
 41.9440  0.7840  1.7851  0.0145  0.1308  0.0650  0.3576  0.0181  0.4633  0.7595 0 
 45.9358  0.5077  1.2771  0.1180  0.4021  0.1504  0.4800  0.0211 -0.0003  0.4862 0 
 44.2451 -0.5321 -1.8909  0.0333  0.2680  0.0939  0.1762  0.0198 -0.0003  0.2862 0 
 40.9766 -0.2138 -0.3237  0.0066  0.2665  0.1116  0.3598  0.0406 -0.0003  0.1454 0 
 33.8567  0.1809  2.8391  0.1888  0.1663  0.0286  0.2371  0.1876 -0.0003  0.6922 0 
 39.4934 -0.7234  0.9981  0.0004  0.0368  0.0649  0.3180  0.1003  0.5594  0.8162 0 
 31.3451  0.7330 -2.1600  0.0046  0.3911  0.0108  0.1939  0.0280 -0.0003  0.0801 0 
 46.2684  0.6690 -0.0755  0.2476  0.4104  0.0336  0.4355  0.2916  0.0254  0.9578 0 
 45.5238 -0.6702  3.0632  0.1245  0.1199  0.0298  0.3499  0.1783 -0.0003  0.4768 0 
 45.3223 -0.6749 -1.2401  0.0043  0.6572  0.1472  0.6130  0.2874 -0.0003  0.6508 1 
 41.9013  0.6842  1.8841  0.4801  0.5646  0.0285  0.3130  0.2103 -0.0003  0.9826 1 
 45.3315 -0.6743  2.1064  0.0565  0.0925  0.0155  0.3065  0.0799 -0.0003  0.0707 0 
 40.4150  0.6729 -1.0135  0.0115  0.2071  0.0235  0.4063  0.0346 -0.0003  0.0719 0 
 45.6703 -0.5736  1.5284  0.0371  0.1388  0.0639  0.5681  0.0689 -0.0003  0.2355 1 
 40.7630  0.5724 -1.6323  0.1734  0.3659  0.0372  0.2702  0.1241 -0.0003  0.7217 1 
 44.5014  0.5479  0.2709  0.0962  0.3150  0.0812  0.3080  0.1093 -0.0003  0.6078 1 
 38.5657 -0.5717 -2.9401  0.0839  0.2151  0.0429  0.4115  0.0956 -0.0003  0.4043 1 
 46.8299  0.6841  0.1128  0.0377  0.3284  0.0744  0.4776  0.1378  0.2028  0.6454 1 
 42.6276 -0.7060  3.1210  0.0049  0.3014  0.1029  0.4005  0.0456 -0.0003  0.1536 1 
 44.7974  0.6564 -1.6324  0.0030  0.6204  0.0470  0.4392  0.0131 -0.0003  0.1725 1 
 44.7028 -0.6719  1.4925  0.3095  0.5479  0.0491  0.4834  0.3294 -0.0003  0.9873 1 
 50.8034 -0.6987 -0.2185  0.0242  0.1313  0.0657  0.2976  0.0191 -0.0003  0.0999 0 
 41.8463  0.6893  2.9102  0.0026  0.5643  0.0214  0.3578  0.0108 -0.0003  0.1181 0 
 46.9123 -0.3952 -0.9473  0.0993  0.3899  0.0884  0.4340  0.1281 -0.0003  0.6584 1 
 42.8962  0.3976  2.1404  0.4525  0.4427  0.0714  0.3110  0.4660 -0.0003  0.9974 1 
 47.3121 -0.0434 -2.9465  0.0687  0.6146  0.1386  0.5196  0.0124 -0.0003  0.3556 0 
 41.2940  0.0847  0.1766  0.0170  0.2836  0.0274  0.3591  0.0539 -0.0003  0.0981 0 
 45.0721  0.7186  2.8219  0.0210  0.7574  0.0900  0.4385  0.0468 -0.0003  0.3016 0 
 42.2431 -0.6919 -0.3679  0.0309  0.5385  0.0691  0.5354  0.0980  0.1864  0.6217 0 
 56.0372 -0.7279 -0.5791  0.0194  0.5217  0.0860  0.3318  0.0372 -0.0003  0.2403 0 
 37.5952  0.7145  2.5640  0.0846  0.6497  0.0150  0.3223  0.1219  0.0612  0.5365 0 
 48.5115  0.2605 -2.3254  0.0030  0.4373  0.0240  0.4302  0.0591 -0.0003  0.1102 0 
 38.1781 -0.2694  0.8821  0.0184  0.1098  0.0598  0.2293  0.0566 -0.0003  0.0856 0 
 54.1543  0.2097  1.3494  0.0063  0.1490  0.0349  0.2092  0.0060 -0.0003  0.0665 0 
 44.0589 -0.2014 -1.7940  0.2036  0.3209  0.0111  0.2206  0.0777 -0.0003  0.3839 0 
 41.7182  0.4033 -2.7138  0.0617  0.3292  0.0252  0.3133  0.0694 -0.0003  0.2301 0 
 35.9625 -0.4085  0.4221  0.0264  0.6095  0.0265  0.3729  0.0093 -0.0003  0.2213 0 
 45.7893 -0.2057 -2.3469  0.2060  0.5284  0.0746  0.1747  0.1086 -0.0003  0.8970 0 
 44.1291  0.2094  0.8294  0.0016  0.3225  0.0580  0.3528  0.0069 -0.0003  0.1466 0 
 48.3497 -0.6553  2.4649  0.1092  0.5778  0.0308  0.4306  0.1260 -0.0003  0.7385 1 
 45.9724  0.6512 -0.6293  0.0546  0.4769  0.0353  0.3490  0.1524 -0.0003  0.5124 1 
 47.0558  0.7464  1.5177  0.0990  0.3335  0.2002  0.4770  0.0358 -0.0003  0.4496 0 
 42.6184 -0.7385 -1.6090  0.0099  0.3852  0.0192  0.2670  0.1459 -0.0003  0.1432 0 
 46.9093  0.2338  1.7290  0.0163  0.2987  0.0674  0.7377  0.0263 -0.0003  0.2721 0 
 45.7435 -0.2341 -1.3953  0.0461  0.2892  0.0340  0.3495  0.0174  0.0405  0.2901 0 
 47.3610  0.4620  0.2709  0.0084  0.6042  0.0490  0.2164  0.1392 -0.0003  0.3566 0 
 45.1514 -0.4815 -2.8599  0.0255  0.5854  0.1374  0.5260  0.0327 -0.0003  0.2705 0 
 51.2032 -0.5923 -1.5410  0.0434  0.6470  0.1384  0.5092  0.0551 -0.0003  0.3310 0 
 46.9734  0.5993  1.6454  0.0250  0.1600  0.3767  0.3037  0.0325 -0.0003  0.1901 0 
 45.0507 -0.4136  0.9796  0.0297  0.1546  0.0303  0.3070  0.0674 -0.0003  0.0803 0 
 44.9165  0.4154 -2.1796  0.0190  0.3537  0.0153  0.1756  0.0329 -0.0003  0.0991 0 
 41.6083  0.0864 -2.3683  0.0035  0.3226  0.0233  0.4031  0.0187  0.1139  0.2356 0 
 39.1363 -0.0538  0.7560  0.0037  0.5507  0.0821  0.6831  0.0305 -0.0003  0.2178 0 
 54.5144  0.6841 -1.8005  0.0095  0.0973  0.0930  0.3341  0.0374 -0.0003  0.0697 0 
 40.4273 -0.6733  1.3595  0.1090  0.1065  0.0802  0.2257  0.0394 -0.0003  0.2325 0 
 48.3925  0.6693 -1.0146  0.3127  0.1137  0.0984  0.4305  0.2386  0.1018  0.9712 0 
 32.3552 -0.6937  2.1112  0.0117  0.1002  0.1245  0.5764  0.1241  0.2556  0.3401 0 
 46.2898  0.3429  1.4276  0.0907  0.5167  0.0597  0.3484  0.0385 -0.0003  0.5675 0 
 44.4160 -0.3407 -1.7141  0.0160  0.4003  0.0293  0.3082  0.0417 -0.0003  0.1225 0 
 43.7690 -0.6304  0.1619  0.1590  0.4635  0.0915  0.3977  0.0978 -0.0003  0.7604 1 
 25.9800  0.6162 -2.9035  0.1103  0.1611  0.0428  0.2051  0.0947  0.4379  0.9913 1 
 48.9845  0.6815  1.3093  0.0320  0.5076  0.1119  0.4721  0.0512 -0.0003  0.2789 0 
 36.3439 -0.7072 -1.8326  0.0099  0.5605  0.0522  0.3253  0.0195 -0.0003  0.2143 0 
 49.5430 -0.7289  1.1200  0.0235  0.7860  0.0943  0.7702  0.0191 -0.0003  0.3209 0 
 31.9310  0.7141 -2.0367  0.0755  0.3341  0.0247  0.4822  0.1334 -0.0003  0.5179 0 
 44.4221  0.3965  3.0729  0.0428  0.4125  0.0305  0.4402  0.1402 -0.0003  0.4093 0 
 40.5615 -0.3726 -0.0806  0.0419  0.0431  0.0037  0.1804  0.0418 -0.0003  0.0341 0 
 36.4080  0.3177 -2.0343  0.3731  0.5985  0.0212  0.4645  0.6163 -0.0003  0.9976 1 
 26.6819 -0.3174  1.1593  0.2656  0.5944  0.0506  0.4577  0.0943  0.3923  0.9972 1 
 45.6275  0.0341  3.0577  0.1383  0.6981  0.0352  0.2623  0.0422 -0.0003  0.7470 0 
 43.5340 -0.0129 -0.0958  0.1163  0.6357  0.0482  0.3983  0.2183 -0.0003  0.9005 0 
 57.2732 -0.1145 -0.5154  0.1302  0.1508  0.0372  0.3301  0.2170 -0.0003  0.6282 0 
 52.0790  0.1063  2.6283  0.0547  0.1482  0.3122  0.3802  0.0158 -0.0003  0.2225 0 
 56.2051  0.3809 -0.0393  0.0125  0.2382  0.0747  0.0829  0.0120 -0.0003  0.2843 0 
 46.5858 -0.3667  3.0845  0.0052  0.5674  0.1222  0.4347  0.0276 -0.0003  0.2164 0 
 47.7333 -0.5749  2.8597  0.0198  0.2990  0.4765  0.3888  0.0333 -0.0003  0.2317 0 
 43.6316  0.5653 -0.2772  0.0269  0.4678  0.0053  0.1327  0.1519 -0.0003  0.1510 0 
 57.4807 -0.1838  0.6110  0.0238  0.1409  0.0616  0.2473  0.0118  0.2225  0.3044 0 
 32.7306  0.1912 -2.5864  0.0154  0.4963  0.0336  0.3351  0.0087 -0.0003  0.1865 0 
 47.0985 -0.1760 -1.5541  0.0047  0.2722  0.0146  0.2601  0.1113 -0.0003  0.0712 0 
 44.4923  0.1912  1.5894  0.0181  0.4571  0.0471  0.3080  0.2189  0.0219  0.5344 0 
 43.2319 -0.5594  0.6234  0.0565  0.1179  0.0190  0.3104  0.0384 -0.0003  0.0722 0 
 39.5880  0.5753 -2.5244  0.0053  0.2025  0.0305  0.1362  0.1075 -0.0003  0.1151 0 
 50.2205 -0.2195  1.0777  0.0548  0.4844  0.0418  0.2132  0.0301 -0.0003  0.3625 0 
 47.8370  0.2291 -2.0691  0.0590  0.3285  0.1110  0.4749  0.0626 -0.0003  0.3737 0 
 46.9856 -0.3434 -1.4616  0.0778  0.2337  0.0594  0.5639  0.0820 -0.0003  0.4837 1 
 43.5340  0.3129  1.6653  0.3915  0.3100  0.0427  0.2656  0.2971 -0.0003  0.9848 1 
 45.6947  0.2635  2.0434  0.0066  0.6307  0.0636  0.1748  0.0099 -0.0003  0.3397 0 
 44.1871 -0.1967 -1.1380  0.0146  0.2004  0.1475  0.2204  0.0146 -0.0003  0.1448 0 
 66.0624  0.4777  2.4330  0.0020  0.0981  0.0444  0.1993  0.0239 -0.0003  0.0614 0 
 51.2917 -0.4605 -0.7324  0.0081  0.1901  0.0450  0.3817  0.0220  0.2260  0.3117 0 
 45.5360 -0.6969  2.6688  0.0111  0.5075  0.0153  0.3936  0.1829 -0.0003  0.2100 0 
 44.4556  0.6981 -0.4459  0.0676  0.4820  0.0191  0.1761  0.1674 -0.0003  0.3213 0 
 49.7047 -0.0945  3.1281  0.0618  0.4259  0.0490  0.2138  0.1118 -0.0003  0.5082 0 
 49.3629  0.1239 -0.0054  0.0060  0.1589  0.0634  0.2141  0.0234 -0.0003  0.0962 0 
 58.7900 -0.1784 -1.1158  0.0721  0.5832  0.0473  0.2869  0.0421 -0.0003  0.5385 0 
 46.9398  0.2318  2.0444  0.0493  0.3197  0.2477  0.4339  0.0347 -0.0003  0.3275 0 
 43.8758 -0.8053  0.1157  0.0758  0.4981  0.0347  0.3091  0.1625 -0.0003  0.6163 0 
 42.0569  0.7844 -3.0115  0.0067  0.3313  0.0429  0.4020  0.0130 -0.0003  0.1404 0 
 45.9174  0.5817  2.6907  0.0793  0.2606  0.0643  0.4800  0.1368 -0.0003  0.5611 1 
 43.8422 -0.5902 -0.4378  0.5353  0.4762  0.0163  0.5301  0.7211 -0.0003  0.9983 1 
 46.3264 -0.1082  1.2732  0.0385  0.2619  0.0235  0.3483  0.0474 -0.0003  0.1257 0 
 40.3723  0.1113 -1.8864  0.0170  0.1834  0.0177  0.3613  0.0779 -0.0003  0.0634 0 
 51.7525  0.1169 -1.4376  0.0859  0.3482  0.0344  0.2116  0.1733 -0.0003  0.5421 0 
 47.5624 -0.1101  1.7205  0.0100  0.2982  0.0603  0.6054  0.0135 -0.0003  0.1914 0 
 53.1167 -0.6407  2.0681  0.0324  0.2970  0.0603  0.2522  0.0002 -0.0003  0.2466 0 
 43.9551  0.6406 -1.1068  0.0016  0.6508  0.1647  0.4856  0.1339  0.3219  0.6738 0 
 48.4260 -0.0701 -0.5414  0.0342  0.2080  0.0794  0.3443  0.0135 -0.0003  0.1771 0 
 42.9603  0.0489  2.6429  0.0042  0.5050  0.0656  0.2221  0.1385 -0.0003  0.4031 0 
 45.0721 -0.3394 -3.0424  0.1462  0.0737  0.0322  0.3947  0.1746 -0.0003  0.4766 0 
 42.2156  0.3225  0.0605  0.1004  0.5184  0.0380  0.3570  0.1162 -0.0003  0.6820 0 
 46.7750  0.1151  1.9003  0.0031  0.0323  0.2128  0.2172  0.0192 -0.0003  0.0425 0 
 43.7507 -0.1098 -1.2463  0.0104  0.1143  0.0533  0.2652  0.0256 -0.0003  0.0721 0 
 46.3264  0.5448 -1.3693  0.0191  0.3952  0.0435  0.4354  0.1227 -0.0003  0.2829 1 
 39.3805 -0.5060  1.7975  0.2361  0.5570  0.0912  0.3637  0.3456  0.6523  0.9996 1 
 47.8248  0.0188 -0.4869  0.7889  0.7742  0.0418  0.5613  0.3904 -0.0003  0.9944 1 
 36.6888 -0.0292  2.6076  0.0439  0.6185  0.0255  0.3708  0.1065 -0.0003  0.3420 1 
 41.8952  0.5045 -2.6663  0.2265  0.3789  0.0997  0.4471  0.1653 -0.0003  0.9156 1 
 41.2726 -0.4526  0.5244  0.1198  0.3621  0.0810  0.4489  0.1503  0.5149  0.9912 1 
 47.4372  0.1597 -1.8053  0.4011  0.7267  0.0482  0.7356  0.1201 -0.0003  0.9341 1 
 36.0632 -0.1755  1.3703  0.3103  0.2642  0.0358  0.2329  0.4175 -0.0003  0.9836 1 
 51.5877  0.5668  1.1303  0.0216  0.6553  0.0595  0.5929  0.0589 -0.0003  0.2909 0 
 43.4577 -0.5610 -2.0169  0.0265  0.4179  0.0104  0.1771  0.0203 -0.0003  0.1088 0 
 46.8574  0.0934  0.1347  0.1778  0.4296  0.0223  0.3039  0.0032 -0.0003  0.6195 0 
 44.7852 -0.0840 -2.9975  0.0148  0.1616  0.0288  0.3075  0.1058 -0.0003  0.0774 0 
 45.3773  0.2602  1.4709  0.8896  0.8061  0.0307  0.3940  0.6998 -0.0003  0.9982 1 
 41.7456 -0.2796 -1.6756  0.3146  0.4789  0.0535  0.3580  0.2355 -0.0003  0.9690 1 
 49.1035 -0.7501 -0.3685  0.0116  0.8170  0.0324  0.2144  0.1539 -0.0003  0.2758 0 
 47.4342  0.7355  2.7849  0.0531  0.7796  0.0848  0.7789  0.0497 -0.0003  0.4539 0 
 45.9510 -0.3479 -0.2348  0.0042  0.0864  0.0324  0.2618  0.0954 -0.0003  0.0545 0 
 35.8770  0.3408  2.8791  0.0130  0.5058  0.0092  0.3265  0.0191 -0.0003  0.0889 0 
 45.0568 -0.6290  0.1252  0.0085  0.1359  0.0575  0.3947  0.1724 -0.0003  0.1566 0 
 43.2654  0.6199 -3.0214  0.0250  0.4418  0.0410  0.4876  0.0201 -0.0003  0.2405 0 
 47.2175  0.6322 -3.0767  0.0289  0.2921  0.0183  0.0867  0.0085 -0.0003  0.1647 0 
 45.9876 -0.6448  0.0424  0.1021  0.4753  0.1353  0.7415  0.0529 -0.0003  0.5728 0 
 44.3397 -0.7751 -3.0679  0.0072  0.2523  0.0632  0.2202  0.0047 -0.0003  0.1631 0 
 35.8495  0.7888  0.0356  0.0265  0.2334  0.0107  0.1400  0.0023 -0.0003  0.0883 0 
 44.2084 -0.2479  2.0291  0.2078  0.4794  0.0053  0.1763  0.0259  0.1277  0.7109 0 
 40.5951  0.2333 -1.0984  0.0550  0.0858  0.0314  0.1804  0.0793 -0.0003  0.0843 0 
 45.8381 -0.1534  1.3211  0.0607  0.0536  0.0316  0.4366  0.0997 -0.0003  0.1365 0 
 43.3814  0.1760 -1.8169  0.0164  0.5761  0.0355  0.3544  0.1483  0.2284  0.6711 0 
 50.1747  0.4030 -3.0955  0.0453  0.2902  0.0145  0.2559  0.0139 -0.0003  0.1065 0 
 41.7761 -0.3998  0.0570  0.0385  0.4541  0.0464  0.4474  0.0351 -0.0003  0.3072 0 
 53.2418  0.7921 -0.5009  0.0150  0.6508  0.1407  0.5462 -0.0200 -0.0003  0.2261 0 
 41.0407 -0.7777  2.6283  0.0019  0.3039  0.0201  0.1349  0.0106  0.0797  0.1905 0 
 42.6886  0.6454 -2.5444  0.3531  0.6841  0.0190  0.4449  0.6862  0.1058  0.9982 1 
 34.0673 -0.6482  0.6508  0.0562  0.3856  0.0482  0.2840  0.0202  0.3609  0.9237 1 
 46.2165 -0.7093  0.7735  0.1246  0.4562  0.0555  0.4357  0.2202 -0.0003  0.8790 0 
 36.1975  0.6997 -2.3421  0.0479  0.5829  0.0411  0.3257  0.0618  0.2952  0.8553 0 
 53.7606 -0.3952 -1.6277  0.0132  0.7727  0.0865  0.6706  0.0447 -0.0003  0.3007 0 
 49.1432  0.3965  1.4899  0.1778  0.0972  0.0353  0.3430  0.0871 -0.0003  0.4333 0 
 46.5553 -0.2920  1.6415  0.0849  0.3934  0.0637  0.2174  0.0587 -0.0003  0.5642 0 
 37.3327  0.2746 -1.5141  0.0111  0.3655  0.0714  0.4152  0.0975 -0.0003  0.2237 0 
 49.8726 -0.0731 -0.5511  0.0624  0.6127  0.0082  0.2563  0.0837  0.0275  0.2592 0 
 47.6295  0.0900  2.5625  0.0381  0.2792  0.0583  0.2161  0.0425 -0.0003  0.2546 0 
 33.5119 -0.7312  2.1297  0.0196  0.2029  0.0594  0.1426  0.0306 -0.0003  0.1726 0 
 33.1853  0.7157 -1.0415  0.0205  0.1944  0.0474  0.2861  0.1790 -0.0003  0.2521 0 
 39.8047 -0.7745 -2.9654  0.0045  0.2417  0.0152  0.2720  0.0264 -0.0003  0.0457 0 
 38.3581  0.7674  0.1546  0.0036  0.5817  0.0400  0.3664  0.0136 -0.0003  0.1730 0 
 47.1351  0.6536 -2.6912  0.1755  0.2923  0.1379  0.3901  0.1384  0.7292  0.9950 1 
 44.6876 -0.6823  0.4593  0.1417  0.4446  0.0491  0.1758  0.2951 -0.0003  0.8770 1 
 54.8043  0.0259  0.8821  0.0010  0.4118  0.2809  0.5005  0.0306  0.2288  0.3810 0 
 44.6235 -0.0327 -2.1691  0.1644  0.4802  0.1492  0.3957  0.0203 -0.0003  0.6456 0 
 50.7485 -0.3809 -1.7658  0.0096  0.0966  0.0046  0.1276  0.0709 -0.0003  0.0400 0 
 48.6946  0.3907  1.3717  0.0099  0.2685  0.0674  0.5587  0.2270  0.1574  0.5949 0 
 53.5286  0.6386  0.2416  0.1958  0.5773  0.0383  0.2098  0.2380 -0.0003  0.9043 1 
 39.2676 -0.6317 -2.8990  0.3131  0.5448  0.0571  0.5005  0.4914 -0.0003  0.9967 1 
 54.4381 -0.7677 -0.6679  0.0154  0.4411  0.1310  0.6685  0.1651 -0.0003  0.3938 0 
 47.9713  0.7319  2.4405  0.0081  0.2163  0.0298  0.4314 -0.0200 -0.0003  0.1132 0 
 47.9835 -0.3325 -2.2016  0.0030  0.0151  0.0325  0.1294  0.1574 -0.0003  0.0964 0 
 46.1585  0.3071  0.9054  0.0084  0.3318  0.1222  0.3486  0.1136 -0.0003  0.2417 0 
 56.1868  0.2586  1.3022  0.0195  0.7737  0.1316  0.3316  0.0137 -0.0003  0.2753 0 
 45.0202 -0.2334 -1.8702  0.0048  0.2721  0.0898  0.6141  0.0424 -0.0003  0.1873 0 
 50.7454 -0.0261  0.0857  0.0544  0.3219  0.0258  0.2977  0.0771 -0.0003  0.2064 0 
 45.7588  0.0451 -3.0783  0.0251  0.0795  0.0281  0.1747  0.0041  0.2821  0.8064 0 
 54.8775  0.0370  2.0003  0.0071  0.7276  0.1952  0.5420  0.2197 -0.0003  0.5469 0 
 44.1382 -0.0306 -1.1967  0.0041  0.2667  0.1464  0.4851  0.0749 -0.0003  0.1874 0 
 57.5784  0.7686  1.9800  0.0314  0.4736  0.0640  0.3708 -0.0200 -0.0003  0.2464 0 
 37.9675 -0.7712 -1.1935  0.0710  0.2468  0.0168  0.2755  0.0831 -0.0003  0.1696 0 
 64.8814 -0.6609 -1.0289  0.0128  0.1604  0.3595  0.4402  0.0749 -0.0003  0.2213 0 
 42.3835  0.6194  2.1350  0.0218  0.8093  0.0474  0.3566  0.0423 -0.0003  0.3018 0 
 47.1382  0.3002 -3.0479  0.0101  0.1220  0.0242  0.2601  0.0888 -0.0003  0.0506 0 
 40.8881 -0.2925  0.0752  0.0315  0.2272  0.0317  0.3150  0.0842 -0.0003  0.1304 0 
 48.8014 -0.0232 -1.8975  0.0977  0.4285  0.1192  0.3866  0.0965 -0.0003  0.5574 0 
 38.8861  0.0364  1.2481  0.0478  0.2502  0.0140  0.3650  0.0226  0.1098  0.3559 0 
 44.6235  0.0498 -2.3837  0.0059  0.3841  0.0669  0.3957  0.0206 -0.0003  0.1660 0 
 41.2726 -0.0442  0.7371  0.0148  0.5301  0.0352  0.2244  0.0678 -0.0003  0.1816 0 
 46.7536  0.3449 -0.2250  0.0254  0.3396  0.0740  0.3041  0.0700 -0.0003  0.2663 0 
 38.2727 -0.3158  2.8748  0.0242  0.5848  0.0268  0.2291  0.0067 -0.0003  0.2014 0 
 45.0782 -0.7766 -2.5359  0.0150  0.2271  0.0392  0.3508  0.0128 -0.0003  0.1061 0 
 44.2542  0.7782  0.6004  0.0219  0.1960  0.0267  0.3084  0.0241 -0.0003  0.0711 0 
 41.1566 -0.4588 -0.1172  0.0035  0.1128  0.0250  0.2246  0.1650 -0.0003  0.0868 0 
 34.6746  0.4664  3.0150  0.0066  0.5768  0.0068  0.1413  0.0784 -0.0003  0.1159 0 
 50.0343  0.7061 -0.2044  0.0717  0.5858  0.1941  0.5549  0.0230 -0.0003  0.3800 0 
 44.1352 -0.6977  2.9325  0.0163  0.0990  0.0508  0.2646  0.0016 -0.0003  0.0789 0 
 46.9581  0.3990  1.0062  0.0059  0.7981  0.0511  0.3037  0.0121 -0.0003  0.2477 0 
 45.8289 -0.3935 -2.1261  0.0026  0.2963  0.1559  0.4366  0.0202 -0.0003  0.1692 0 
 46.0822 -0.4511 -2.8578  0.0087  0.0596  0.1174  0.3488  0.0268 -0.0003  0.0512 0 
 42.3529  0.4578  0.2694  0.0235  0.3827  0.0650  0.4904  0.0196 -0.0003  0.2258 0 
 46.5217 -0.2482 -1.6688  0.0266  0.6169  0.1046  0.5219  0.0284 -0.0003  0.2686 0 
 43.4363  0.2562  1.4624  0.0275  0.4775  0.1146  0.4871  0.0910 -0.0003  0.3047 0 
 43.3753 -0.6182  2.9858  0.0024  0.4453  0.0476  0.3987  0.0108 -0.0003  0.1605 0 
 31.9341  0.6251 -0.1189  0.0238  0.2070  0.0649  0.2411  0.0629 -0.0003  0.1659 0 
 52.3507 -0.6636 -1.3018  0.0083  0.4904  0.1780  0.5485  0.0093 -0.0003  0.2276 0 
 46.5492  0.6384  1.8731  0.0007  0.2588  0.0100  0.2609  0.0411 -0.0003  0.0410 0 
 47.4556  0.7105 -3.0957  0.0435  0.8319  0.0508  0.3461  0.0626 -0.0003  0.4752 0 
 43.3204 -0.7025  0.0627  0.0006  0.0346  0.0546  0.3545  0.2026 -0.0003  0.1153 0 
 51.2276 -0.5758  2.5955  0.0490  0.4366  0.0493  0.3394  0.0513 -0.0003  0.3610 0 
 46.5492  0.5849 -0.5613  0.0125  0.0891  0.2119  0.5218  0.0682 -0.0003  0.1172 0 
 43.4577  0.6860  1.0003  0.0268  0.5766  0.1179  0.5756  0.0207 -0.0003  0.2658 0 
 39.1547 -0.6919 -2.1375  0.0158  0.3770  0.0277  0.5009  0.0320 -0.0003  0.1774 0 
 55.5978 -0.5882  2.5632  0.1230  0.2782  0.0364  0.2909  0.0898 -0.0003  0.5098 0 
 45.0904  0.5717 -0.5846  0.0104  0.3436  0.0488  0.2631  0.0394 -0.0003  0.1566 0 
 43.8087 -0.4279  0.5951  0.0101  0.6563  0.0144  0.2651  0.0113 -0.0003  0.1190 0 
 36.5545  0.4541 -2.5635  0.0211  0.2345  0.0298  0.3248  0.0522 -0.0003  0.0894 0 
 46.9337 -0.6226 -1.9253  0.0177  0.7340  0.1397  0.4773  0.0396 -0.0003  0.2969 0 
 45.6580  0.6179  1.2025  0.0095  0.4632  0.0146  0.3933  0.0280  0.0820  0.2155 0 
 54.9569 -0.7084  3.1293  0.1261  0.6204  0.0940  0.3751  0.1180 -0.0003  0.8063 0 
 49.1341  0.7209 -0.0710  0.0212  0.6441  0.0336  0.3002  0.0181 -0.0003  0.2228 0 
 48.0903 -0.4396  0.5333  0.0327  0.3598  0.0829  0.3018  0.0941 -0.0003  0.3549 0 
 43.6622  0.4461 -2.5830  0.0466  0.3016  0.1173  0.3538  0.0472 -0.0003  0.2914 0 
 47.0741  0.6319  0.0440  0.2401  0.5142  0.0434  0.3469  0.2092 -0.0003  0.9320 1 
 35.1354 -0.6219 -3.0978  0.2925  0.1410  0.0580  0.3285  0.4125  0.5521  0.9996 1 
 47.0314 -0.6985 -1.6561  0.0292  0.6103  0.0381  0.2168  0.0162 -0.0003  0.2861 0 
 36.2707  0.6989  1.4646  0.1493  0.1687  0.0250  0.4185  0.0461 -0.0003  0.4238 0 
 46.6407 -0.8016 -0.1239  0.0332  0.2687  0.0730  0.6519  0.0322 -0.0003  0.3087 0 
 41.8463  0.7831  3.0193  0.0602  0.6667  0.0247  0.4472  0.0858 -0.0003  0.4796 0 
 44.1840 -0.1599 -2.1809  0.0086  0.3818  0.0527  0.3086  0.0231 -0.0003  0.1738 0 
 41.4038  0.1469  0.9711  0.0434  0.3627  0.0915  0.3140  0.0259 -0.0003  0.2916 0 
 49.4759 -0.7196  2.3669  0.0446  0.3503  0.2544  0.5993  0.0516 -0.0003  0.3708 0 
 41.4130  0.7458 -0.8449  0.0157  0.3183  0.0329  0.2691  0.0021 -0.0003  0.1354 0 
 49.1432  0.0430  2.5930  0.0227  0.4476  0.1061  0.4288  0.0711 -0.0003  0.2613 0 
 41.1139 -0.0258 -0.5268  0.0309  0.1290  0.0400  0.4044  0.0034 -0.0003  0.1066 0 
 71.6655  0.4396  1.5540  0.2495  0.3298  0.2086  0.4691  0.3018 -0.0003  0.9918 1 
 38.1231 -0.4162 -1.5568  0.2459  0.2208  0.0570  0.5504  0.4033 -0.0003  0.9893 1 
 39.5148 -0.4450  1.2783  0.0471  0.1586  0.0258  0.3634  0.0425 -0.0003  0.1091 0 
 37.5860  0.4538 -1.8562  0.0857  0.3661  0.0126  0.1382  0.0428 -0.0003  0.1772 0 
 44.2725  0.3144 -1.9557  0.0245  0.2174  0.0622  0.3525  0.1264 -0.0003  0.2333 0 
 43.9185 -0.2882  1.1073  0.0291  0.2976  0.0830  0.3091  0.0235 -0.0003  0.2212 0 
 50.0893  0.6812  1.6294  0.0481  0.0995  0.0646  0.2134  0.0361  0.4432  0.8487 0 
 47.2541 -0.6704 -1.4722  0.0482  0.4919  0.1075  0.5631  0.0788 -0.0003  0.3709 0 
 46.7079 -0.6336 -2.3912  0.0761  0.7143  0.0361  0.3910  0.0601 -0.0003  0.5779 0 
 33.4234  0.6347  0.7962  0.0176  0.1339  0.0455  0.5235  0.0631 -0.0003  0.1373 0 
 47.7760 -0.4151 -0.8374  0.0119  0.2695  0.1224  0.5183  0.0087 -0.0003  0.1768 0 
 46.3966  0.4393  2.3177  0.0085  0.1537  0.0141  0.3482  0.0032 -0.0003  0.0458 0 
 49.1127 -0.1400  2.6641  0.0500  0.2538  0.0280  0.3002  0.0373 -0.0003  0.1500 0 
 47.4556  0.1538 -0.4935  0.0291  0.2136  0.0198  0.2163  0.0742 -0.0003  0.0814 0 
 42.6276 -0.5777  2.8406  0.0047  0.3240  0.0787  0.2225  0.0613 -0.0003  0.2203 0 
 42.4872  0.5660 -0.2189  0.0500  0.5248  0.0545  0.1336  0.0087 -0.0003  0.4563 0 
 42.8077  0.3683  1.3558  0.5189  0.6385  0.0507  0.6223  0.5637 -0.0003  0.9968 1 
 31.5190 -0.4288 -1.8124  0.1322  0.2132  0.1435  0.4356  0.1212 -0.0003  0.6462 1 
 48.7526 -0.1063  0.1884  0.5651  0.1140  0.0455  0.4726  0.7255 -0.0003  0.9964 1 
 45.1820  0.1099 -2.9436  0.1106  0.6541  0.0311  0.3068  0.0621 -0.0003  0.6207 1 
 46.2898  0.4468  2.1374  0.0546  0.1587  0.0407  0.2613  0.0873  0.0798  0.3524 0 
 41.3245 -0.4315 -1.0277  0.0064  0.1326  0.0366  0.4488  0.0118 -0.0003  0.0799 0 
 45.8808 -0.3704  2.9285  0.0906  0.1900  0.0328  0.5238  0.0340 -0.0003  0.3706 0 
 38.7701  0.3767 -0.1810  0.0341  0.8373  0.0672  0.3653  0.0878 -0.0003  0.4732 0 
 50.4158  0.3524  2.0977  0.0175  0.3527  0.0320  0.2556  0.0168 -0.0003  0.1345 0 
 39.0265 -0.3569 -1.0268  0.0258  0.1857  0.0364  0.4558  0.2329  0.1005  0.4681 0 
 50.8370 -0.3666 -1.1928  0.0147  0.2346  0.1374  0.6376  0.0097 -0.0003  0.2144 0 
 46.0853  0.3823  1.9530  0.0108  0.3000  0.0766  0.2616  0.0497  0.4366  0.7444 0 
 49.1615 -0.3433  2.7168  0.0901  0.4529  0.0421  0.4716  0.1249 -0.0003  0.6665 1 
 47.8889  0.3578 -0.4290  0.1094  0.4344  0.0985  0.5180  0.1019 -0.0003  0.6336 1 
 49.6834  0.4006  0.7948  0.0007  0.1545  0.0364  0.3848  0.0595 -0.0003  0.0634 0 
 35.9136 -0.4008 -2.3495  0.0165  0.4994  0.0107  0.2798  0.0372 -0.0003  0.0931 0 
 45.5299  0.0662  0.4602  0.0267  0.3068  0.0260  0.2624  0.0311 -0.0003  0.1082 0 
 40.6409 -0.0401 -2.6807  0.0240  0.2959  0.1006  0.4508  0.2536  0.4057  0.8881 0 
 53.1014  0.5486 -0.4000  0.3759  0.3829  0.0324  0.3363  0.5559 -0.0003  0.9970 1 
 37.5311 -0.5346  2.7524  0.3163  0.1917  0.0507  0.6450  0.2908 -0.0003  0.9878 1 
 46.5888 -0.1005 -2.1733  0.0651  0.1800  0.1520  0.4347  0.0361 -0.0003  0.2857 0 
 37.0611  0.0709  0.9610  0.0462  0.1688  0.0658  0.3698  0.0745 -0.0003  0.2113 0 
 43.7964  0.7570  2.9292  0.0198  0.4886  0.0659  0.3093  0.0030  0.1507  0.4101 0 
 37.2381 -0.7488 -0.2279  0.0263  0.1846  0.1041  0.3693  0.1529 -0.0003  0.2670 0 
 44.7150 -0.1584 -0.8523  0.0637  0.1420  0.0695  0.4394  0.0963 -0.0003  0.2965 0 
 43.3204  0.1505  2.3144  0.0805  0.3380  0.0326  0.5317  0.0544 -0.0003  0.4769 0 
 49.8268  0.1487  1.8325  0.0725  0.1243  0.1248  0.3418  0.0485 -0.0003  0.2152 0 
 46.8757 -0.1303 -1.3518  0.0230  0.4363  0.0330  0.4775  0.0297 -0.0003  0.2221 0 
 38.7030  0.0998 -2.8959  0.0890  0.1922  0.0342  0.2284  0.0598 -0.0003  0.2383 0 
 36.9665 -0.1181  0.2432  0.0307  0.1211  0.0629  0.2313  0.0329 -0.0003  0.1015 0 
 47.8218 -0.1315 -1.0647  0.0283  0.4604  0.1408  0.3454  0.0994  0.1538  0.5895 0 
 42.4903  0.1518  2.0909  0.0163  0.5499  0.0301  0.3118  0.0285 -0.0003  0.1646 0 
 46.5187  0.7578 -0.8276  0.1791  0.5823  0.0366  0.3044  0.1735  0.3215  0.9909 1 
 34.6807 -0.7607  2.2156  0.1046  0.5819  0.1335  0.3767  0.1104  0.5136  0.9526 1 
 45.8900  0.2384 -2.0748  0.6527  0.8413  0.0416  0.3055  0.4226  0.0719  0.9978 1 
 40.8606 -0.2405  1.0911  0.2007  0.1061  0.0246  0.3601  0.1451  0.2362  0.9628 1 
 49.1310  0.7597  2.5365  0.0471  0.4055  0.1209  0.2573  0.0731 -0.0003  0.4045 0 
 41.0681 -0.7570 -0.6759  0.0764  0.0776  0.0553  0.2248  0.1413  0.1033  0.4060 0 
 57.9538 -0.4651 -1.9615  0.0247  0.3005  0.0397  0.2057  0.1904  0.2526  0.6919 1 
 48.7617  0.4868  1.2081  0.1387  0.3025  0.0778  0.3867  0.1746 -0.0003  0.8195 1 
 38.8464 -0.4818  1.0921  0.0330  0.4065  0.0459  0.5019  0.1079  0.2058  0.6193 0 
 38.1170  0.4905 -2.0345  0.0041  0.5045  0.1037  0.3669  0.0159 -0.0003  0.1831 0 
 50.2998  0.2384 -2.9622  0.0153  0.4351  0.0508  0.5115  0.1329 -0.0003  0.3065 0 
 47.5196 -0.2567  0.1553  0.0516  0.5194  0.0091  0.2595  0.0506 -0.0003  0.1482 0 
 49.7932 -0.2067 -0.8917  0.0250  0.2086  0.0373  0.2992  0.0270 -0.0003  0.1000 0 
 44.6632  0.1984  2.3088  0.0174  0.4515  0.1174  0.7033  0.0086 -0.0003  0.2585 0 
 47.1321 -0.7927  2.4084  0.2184  0.4990  0.0717  0.2167  0.2752 -0.0003  0.9688 1 
 45.6550  0.7860 -0.6954  0.0362  0.4340  0.0988  0.3059  0.0151 -0.0003  0.2636 1 
 55.9030 -0.4168  1.5877  0.0531  0.1737  0.0475  0.2490  0.0524 -0.0003  0.1651 0 
 42.3682  0.4100 -1.5810  0.0328  0.3827  0.0145  0.1783  0.0325 -0.0003  0.1159 0 
 51.7586 -0.0739 -0.3246  0.0205  0.2732  0.0601  0.3808  0.0056 -0.0003  0.1770 0 
 50.2968  0.0988  2.8219  0.1332  0.7243  0.1004  0.6394  0.1487 -0.0003  0.8680 0 
 45.0904  0.6914 -0.7227  0.0094  0.0488  0.0350  0.3508  0.0412 -0.0003  0.0555 0 
 38.7274 -0.6896  2.5080  0.0269  0.4464  0.0882  0.3197  0.0667 -0.0003  0.2969 0 
 46.1952 -0.1836  0.3378  0.0765  0.2506  0.0211  0.1743  0.0273 -0.0003  0.1703 0 
 45.4109  0.1827 -2.8276  0.0140  0.3240  0.0218  0.3501  0.0601 -0.0003  0.0874 0 
 50.5745 -0.0504 -0.5311  0.1110  0.5211  0.0334  0.5108  0.1430 -0.0003  0.7797 0 
 47.5319  0.0333  2.6170  0.0376  0.2490  0.0305  0.5190 -0.0200 -0.0003  0.2255 0 
 53.3730  0.1269  2.4081  0.0571  0.6049  0.1615  0.4619 -0.0200 -0.0003  0.2793 0 
 41.3031 -0.1158 -0.7025  0.0434  0.5086  0.0598  0.4488  0.1306 -0.0003  0.4825 0 
 48.6976 -0.3448  0.1687  0.0790  0.4477  0.0376  0.1719  0.0468 -0.0003  0.4006 0 
 38.3795  0.3277 -2.9882  0.0103  0.8090  0.0190  0.1373  0.0328 -0.0003  0.1535 0 
 44.4434  0.2350  1.1247  0.0305  0.2853  0.0388  0.3521  0.0447 -0.0003  0.1655 0 
 38.1018 -0.2475 -1.9946  0.0219  0.5406  0.0429  0.1835  0.0074 -0.0003  0.3065 0 
 35.3338  0.5126 -2.1032  0.0080  0.3064  0.0257  0.5621  0.1266 -0.0003  0.2165 0 
 34.8241 -0.4846  1.0375  0.0323  0.1771  0.0146  0.0941  0.0130 -0.0003  0.0902 0 
 46.8482  0.4783 -0.9376  0.0201  0.6251  0.0070  0.2171  0.0112 -0.0003  0.1152 0 
 44.5167 -0.4717  2.2296  0.0260  0.1561  0.0283  0.2640  0.0074 -0.0003  0.0701 0 
 53.5073 -0.0282  1.0034  0.0510  0.2376  0.0656  0.3777  0.1159 -0.0003  0.3622 1 
 19.8642  0.1250 -2.2088  0.0334  0.7279  0.0039  0.1676  0.1179  0.0598  0.2388 1 
 44.1535  0.1610 -2.4731  0.0378  0.3001  0.0294  0.0882  0.0076 -0.0003  0.2383 0 
 41.8372 -0.1864  0.6606  0.0093  0.3813  0.0686  0.4920  0.0688 -0.0003  0.2008 0 
 46.3416 -0.6691  0.1310  0.0339  0.3509  0.0515  0.3483  0.1098 -0.0003  0.3275 0 
 45.9266  0.6569 -2.9941  0.0417  0.1945  0.0305  0.3491  0.0296 -0.0003  0.1215 0 
 45.6733  0.2920  1.1430  0.1683  0.5455  0.0975  0.6118  0.0754  0.1665  0.8884 1 
 41.9074 -0.2690 -2.0332  0.4489  0.7247  0.1647  0.4471  0.2426  0.5422  0.9993 1 
 46.5736  0.0471  1.3512  0.0082  0.2960  0.0860  0.4348  0.0235  0.5246  0.7240 0 
 34.2016 -0.0104 -1.7810  0.0414  0.6051  0.0760  0.2364  0.0106  0.2503  0.6737 0 
 50.9285  0.6797  3.0470  0.1710  0.2764  0.0319  0.5523  0.1411 -0.0003  0.8091 1 
 43.6103 -0.6726 -0.0865  0.0634  0.5758  0.0208  0.5308  0.1810 -0.0003  0.6641 1 
 28.8060  0.4920  0.0316  0.3891  0.3632  0.0338  0.2981  0.3247 -0.0003  0.9873 1 
 20.7645 -0.4571 -3.0124  0.1771  0.1703  0.0272  0.3303  0.2348  0.1058  0.8655 1 
 44.6479  0.6713 -0.4724  0.0391  0.5432  0.2079  0.5275  0.0683 -0.0003  0.3204 0 
 41.5229 -0.6886  2.7319  0.0420  0.3737  0.1451  0.5378  0.2482 -0.0003  0.6608 0 
 48.9235 -0.7535 -1.5625  0.0127  0.2111  0.0367  0.2576  0.0469 -0.0003  0.0766 0 
 38.5626  0.7744  1.5891  0.0278  0.5942  0.0115  0.1829  0.0090 -0.0003  0.1351 0 
 45.9693 -0.1885 -3.0547  0.0541  0.3103  0.0607  0.2618  0.0587 -0.0003  0.3459 0 
 34.7845  0.1976  0.0546  0.0146  0.6250  0.0084  0.0941  0.0041 -0.0003  0.1385 0 
 35.9899 -0.4428 -2.1080  0.0146  0.4882  0.0493  0.3263  0.0894  0.0743  0.4036 0 
 34.9584  0.3416  1.0349  0.0200  0.1756  0.0469  0.2819  0.0032 -0.0003  0.1051 0 
 48.7099 -0.8017  1.8663  0.1081  0.3819  0.0534  0.2579  0.1264 -0.0003  0.6960 0 
 30.4814  0.7799 -1.2732  0.2196  0.1628  0.0420  0.3421  0.2366 -0.0003  0.8689 0 
 45.2094  0.5923 -2.9106  0.1540  0.3373  0.0242  0.3067  0.0360 -0.0003  0.4818 0 
 43.6133 -0.5942  0.2373  0.0155  0.2754  0.0233  0.1769  0.0678 -0.0003  0.0969 0 
 49.1585  0.7280  0.5126  0.0095  0.4461  0.0437  0.5574  0.1325 -0.0003  0.2827 0 
 42.4231 -0.7350 -2.6074  0.0126  0.3794  0.1858  0.4456  0.0997 -0.0003  0.2773 0 
 50.6752  0.3959  2.2662  0.1441  0.2452  0.2247  0.4680  0.1851 -0.0003  0.8495 0 
 44.0528 -0.3942 -0.8763  0.0067  0.1735  0.0275  0.1323  0.0126 -0.0003  0.0751 0 
 48.6976  0.4128 -1.0640  0.0257  0.2047  0.0771  0.4298  0.0578 -0.0003  0.1809 0 
 42.4109 -0.3929  2.0826  0.0330  0.3587  0.0252  0.2674  0.0170 -0.0003  0.1437 0 
 40.9949 -0.3297 -1.7206  0.0803  0.3691  0.0248  0.4048  0.0296 -0.0003  0.3675 0 
 36.3592  0.3416  1.4388  0.0024  0.5675  0.0265  0.3718  0.0362  0.0452  0.1832 0 
 47.8614  0.3740 -2.6045  0.0375  0.7213  0.0600  0.2590  0.1463 -0.0003  0.6550 1 
 46.4973 -0.3610  0.5082  0.1420  0.5726  0.1781  0.3045  0.0632  0.4935  0.8968 1 
 46.4729  0.4941  2.4385  0.0554  0.5307  0.0531  0.2175  0.0284 -0.0003  0.4559 0 
 43.8392 -0.4844 -0.7185  0.1778  0.5374  0.0239  0.3092  0.2471 -0.0003  0.8545 0 
 41.8524 -0.1401 -1.8598  0.0284  0.3965  0.0324  0.2236  0.0153 -0.0003  0.1869 0 
 29.2424  0.1149  1.2379  0.2112  0.5626  0.0331  0.3958  0.0311 -0.0003  0.7566 0 
 45.6703 -0.2510  2.9942  0.0088  0.6486  0.0454  0.2622  0.0258 -0.0003  0.2398 0 
 39.5941  0.2626 -0.1279  0.0093  0.2262  0.0169  0.1362  0.0119 -0.0003  0.0767 0 
 44.4343 -0.3699  1.3976  0.1327  0.3456  0.0565  0.3521  0.1374 -0.0003  0.7442 0 
 43.3112  0.3577 -1.7080  0.3091  0.2300  0.0194  0.2659  0.1264  0.1279  0.8629 0 
 54.1665  0.3509  2.0450  0.0078  0.5788  0.0914  0.2510  0.0153 -0.0003  0.2241 0 
 43.9979 -0.3476 -1.1285  0.0899  0.2090  0.0630  0.2206  0.1524 -0.0003  0.5560 0 
 51.3558 -0.7726  1.5324  0.0105  0.2370  0.3560  0.2968  0.0065 -0.0003  0.1894 0 
 49.8634  0.7800 -1.5530  0.0019  0.5654  0.0862  0.2136  0.1216 -0.0003  0.4265 0 
 53.4920 -0.3658 -2.1137  0.0142  0.1595  0.0399  0.2938  0.1131  0.0518  0.1781 0 
 44.4953  0.3710  1.0337  0.0092  0.1597  0.0322  0.1320  0.1498 -0.0003  0.1573 0 
 44.2878  0.4709  1.3469  0.0270  0.6450  0.0685  0.6608  0.0659  0.1398  0.5374 0 
 38.5504 -0.4454 -1.7924  0.0027  0.7686  0.0364  0.3659  0.0229 -0.0003  0.1755 0 
 47.9316 -0.5972  0.4067  0.1036  0.2206  0.0581  0.5179  0.1221 -0.0003  0.6080 0 
 39.0204  0.5740 -2.7188  0.0048  0.2233  0.0180  0.5469  0.1252 -0.0003  0.1467 0 
 47.8706 -0.6503 -1.7154  0.0060  0.1195  0.0484  0.5180  0.0524 -0.0003  0.1019 0 
 47.1412  0.6327  1.3906  0.0761  0.1431  0.0685  0.6068  0.0615 -0.0003  0.4078 0 
 35.8373 -0.7353  0.9808  0.2581  0.3088  0.0273  0.2333  0.3211 -0.0003  0.9257 1 
 33.5668  0.7350 -2.2193  0.0198  0.1986  0.0560  0.2376  0.0361 -0.0003  0.1235 1 
 49.9397  0.7563 -2.5236  0.0241  0.5556  0.0460  0.2989  0.0173 -0.0003  0.2690 0 
 48.5634 -0.7577  0.5835  0.0111  0.6467  0.0912  0.6882  0.1595 -0.0003  0.3968 0 
 42.4353 -0.7571  2.9576  0.1991  0.1246  0.1644  0.3119  0.3417  0.9286  0.9990 1 
 40.8545  0.7721 -0.1313  0.1877  0.6088  0.0755  0.3601  0.2327  0.2661  0.9689 1 
 47.4617 -0.5241  1.1401  0.0107  0.2257  0.0379  0.3029  0.0322 -0.0003  0.0825 0 
 42.2278  0.5215 -2.0208  0.0123  0.3273  0.0642  0.3123  0.0097 -0.0003  0.1845 0 
 52.6802 -0.3156 -0.9718  0.0298  0.0542  0.0580  0.3370  0.0345 -0.0003  0.0775 0 
 43.4546  0.2424  2.1720  0.0652  0.2826  0.0556  0.3542  0.1674 -0.0003  0.5335 0 
 48.9052 -0.0096  0.9198  0.0283  0.2293  0.0639  0.3864  0.0244 -0.0003  0.1756 0 
 43.6713  0.0413 -2.1783  0.0944  0.5827  0.0615  0.3538  0.1031 -0.0003  0.7142 0 
 45.2064 -0.5307 -0.8558  0.0466  0.6183  0.1583  0.3506  0.0921 -0.0003  0.4014 0 
 42.2522  0.5430  2.2651  0.0135  0.3654  0.0181  0.0892  0.0320 -0.0003  0.1403 0 
 46.6682 -0.4368 -2.6589  0.0316  0.8369  0.0555  0.2607  0.0306  0.2511  0.7236 0 
 36.7376  0.4504  0.4905  0.0023  0.3365  0.0286  0.1854  0.0579  0.1787  0.4103 0 
 44.6845 -0.0959  2.1854  0.0729  0.3115  0.0140  0.3077  0.0196 -0.0003  0.1698 0 
 29.7704  0.1011 -0.9668  0.0469  0.1841  0.0997  0.4429  0.0317 -0.0003  0.2219 0 
 41.1170  0.2035 -0.9919  0.2343  0.6918  0.0772  0.3145  0.2598  0.3195  0.9892 1 
 37.8882 -0.2158  2.1364  0.0722  0.1810  0.0442  0.5054  0.0950 -0.0003  0.3828 1 
 49.0333 -0.0927 -0.4249  0.0231  0.1472  0.2134  0.3432  0.1262 -0.0003  0.2287 0 
 43.3845  0.1235  2.7206  0.0269  0.3468  0.0266  0.1772  0.0125 -0.0003  0.1564 0 
 47.4586 -0.2084  1.7684  0.4282  0.2482  0.0534  0.5192  0.4338 -0.0003  0.9956 0 
 40.3601  0.1920 -1.3260  0.1509  0.0159  0.0446  0.1806  0.1014 -0.0003  0.1327 0 
 50.5104 -0.4932 -2.4094  0.0381  0.3047  0.0443  0.5535  0.0584 -0.0003  0.3173 0 
 43.2197  0.5007  0.7519  0.0133  0.3587  0.1637  0.3991  0.0056 -0.0003  0.1996 0 
 45.4994 -0.6761  1.2858  0.0355  0.6645  0.0135  0.3062  0.0424 -0.0003  0.1602 0 
 42.0691  0.6696 -1.8943  0.0112  0.3402  0.0220  0.3126  0.0446 -0.0003  0.0795 0 
 49.3202 -0.6006  1.3753  0.1093  0.6264  0.0420  0.3427  0.0405 -0.0003  0.6849 0 
 46.0060  0.5788 -1.7463  0.0027  0.5168  0.0175  0.3925  0.2490 -0.0003  0.2936 0 
 56.3424 -0.6288 -0.4340  0.4009  0.4501  0.0941  0.4142  0.2281 -0.0003  0.9884 1 
 50.0710  0.6161  2.6556  0.5836  0.5091  0.0169  0.3841  0.6307 -0.0003  0.9981 1 
 58.5031  0.7210 -3.0398  0.1241  0.7777  0.0326  0.5335  0.0818 -0.0003  0.8058 1 
 46.9123 -0.7165  0.0944  0.0515  0.1522  0.0685  0.4774  0.0302 -0.0003  0.2182 1 
 45.9480 -0.0226  2.5313  0.0638  0.1855  0.0168  0.2618  0.0151 -0.0003  0.1012 0 
 45.0843 -0.0124 -0.6187  0.0057  0.4860  0.1148  0.6577  0.1876 -0.0003  0.3657 0 
 45.9846  0.0705 -0.4580  0.3209  0.4820  0.0769  0.3054  0.2879 -0.0003  0.9895 1 
 39.6765 -0.0406  2.6373  0.2972  0.7119  0.0611  0.3630  0.2215 -0.0003  0.9735 1 
 47.2145 -0.3948  2.4432  0.0805  0.1852  0.0191  0.1733  0.0423 -0.0003  0.1359 0 
 37.6074  0.4061 -0.7000  0.0747  0.0910  0.0152  0.3683  0.0482 -0.0003  0.0957 0 
 50.7912 -0.4622  1.0373  0.0258  0.1567  0.0294  0.2551  0.0771 -0.0003  0.0735 0 
 44.1108  0.4629 -2.0615  0.0364  0.3018  0.1351  0.5292  0.0197 -0.0003  0.2672 0 
 38.9868  0.3711  0.5904  0.0508  0.2180  0.0501  0.1368  0.1088 -0.0003  0.3336 0 
 38.1048 -0.3524 -2.5532  0.0775  0.6571  0.0226  0.1376  0.0423 -0.0003  0.3010 0 
 51.6030  0.5199  0.2433  0.0091  0.6496  0.0417  0.2541  0.0861 -0.0003  0.2341 0 
 42.8534 -0.5074 -2.9191  0.0087  0.2101  0.0344  0.2667  0.0370 -0.0003  0.0674 0 
 50.8644  0.7709 -2.6755  0.0026  0.2751  0.1728  0.2125  0.0926 -0.0003  0.2466 0 
 50.1473 -0.7871  0.5322  0.0456  0.3759  0.0635  0.3839  0.1313 -0.0003  0.4621 0 
 48.3650  0.5190 -2.2923  0.0141  0.2234  0.0340  0.3014  0.0317 -0.0003  0.0794 0 
 46.1311 -0.5088  0.8860  0.0194  0.3214  0.1819  0.3923  0.0173 -0.0003  0.2149 0 
 48.0049 -0.7470 -2.7305  0.0114  0.2117  0.0349  0.3451  0.1042 -0.0003  0.1029 0 
 42.7771  0.7289  0.4247  0.0026  0.2810  0.0577  0.3112  0.0770 -0.0003  0.1325 0 
 41.9989  0.5819 -1.2988  0.0286  0.2623  0.0623  0.3574  0.0186 -0.0003  0.1915 0 
 35.3490 -0.5956  1.7972  0.0140  0.3579  0.0096  0.2342  0.0519 -0.0003  0.0734 0 
 43.8819  0.4169  1.3083  0.0876  0.5267  0.0165  0.3091  0.0629 -0.0003  0.3250 0 
 41.7578 -0.4122 -1.8382  0.0237  0.3061  0.0369  0.3580  0.0507 -0.0003  0.1506 0 
 44.5869 -0.0151  2.8535  0.6406  0.1546  0.0652  0.5277  0.6718 -0.0003  0.9960 1 
 39.4629  0.0085 -0.2813  0.1902  0.6122  0.0850  0.4089  0.1562 -0.0003  0.9358 1 
 44.7883 -0.7894 -2.2283  0.0743  0.4024  0.0480  0.4392  0.2215  0.2626  0.9051 1 
 40.7904  0.7875  0.9433  0.2307  0.5577  0.0674  0.1801  0.2416 -0.0003  0.9631 1 
 46.7872 -0.4151 -0.7716  0.9135  0.6606  0.0622  0.3908  0.4948 -0.0003  0.9978 1 
 44.2542  0.4378  2.2817  0.2483  0.5695  0.1761  0.5729  0.2894 -0.0003  0.9917 1 
 49.5064  0.7098  0.6693  0.0237  0.5065  0.0487  0.2568  0.0493  0.1496  0.5367 0 
 39.7711 -0.6546 -2.4715  0.0049  0.0975  0.0702  0.4534  0.0081 -0.0003  0.0785 0 
 42.4475 -0.7683 -1.0275  0.0261  0.4517  0.0562  0.3564  0.1000 -0.0003  0.3309 0 
 36.5454  0.7568  2.1240  0.0249  0.5429  0.0109  0.2320  0.0718 -0.0003  0.1230 0 
 49.0303 -0.1430  1.8033  0.4898  0.5477  0.0953  0.5149  0.3543 -0.0003  0.9944 1 
 46.4790  0.1449 -1.3808  0.2444  0.8542  0.0263  0.6960  0.1863 -0.0003  0.9351 1 
 47.3762 -0.7560 -2.2886  0.0039  0.7074  0.0218  0.3463  0.0370 -0.0003  0.1203 0 
 44.1657  0.7512  0.8474  0.0093  0.3511  0.0328  0.2645  0.0827 -0.0003  0.1184 0 
 45.8320  0.5624  0.1688  0.0018  0.1037  0.1148  0.3930  0.0547 -0.0003  0.0653 0 
 38.0316 -0.5713 -2.9728  0.0273  0.6213  0.0371  0.4131  0.0174 -0.0003  0.2608 0 
 46.1158  0.2746  2.3332  0.0604  0.0623  0.0975  0.2615  0.0535 -0.0003  0.0977 0 
 40.8301 -0.3007 -0.8040  0.0100  0.1971  0.0219  0.3151  0.0063 -0.0003  0.0584 0 
 44.8249  0.5957 -1.6482  0.0204  0.6585  0.0245  0.2635  0.0087 -0.0003  0.1809 0 
 42.4872 -0.6154  1.5568  0.0239  0.1532  0.1118  0.2227  0.0915 -0.0003  0.1759 0 
 64.0879 -0.7563  1.9409  0.0062  0.3751  0.1418  0.2810  0.0717 -0.0003  0.2350 0 
 49.9275  0.7965 -1.1011  0.0388  0.2191  0.1032  0.2135  0.0037 -0.0003  0.2202 0 
 45.0263  0.4946  0.9857  0.0352  0.4790  0.0278  0.3070  0.2270 -0.0003  0.4445 0 
 31.3481 -0.4963 -2.1658  0.0338  0.1626  0.0331  0.2424  0.1362  0.1606  0.4780 0 
 41.5137 -0.3362  3.0866  0.8753  0.3886  0.0475  0.5827  0.3265 -0.0003  0.9871 1 
 36.6552  0.3180 -0.1079  0.0367  0.4516  0.0598  0.2782  0.0372  0.5410  0.9911 1 
 46.3447  0.1954 -0.5528  0.0811  0.0310  0.0588  0.2177  0.0416 -0.0003  0.0844 0 
 44.4495 -0.1985  2.6172  0.0485  0.5074  0.0211  0.3521  0.0113 -0.0003  0.2462 0 
 50.2113 -0.6065  1.3466  0.1117  0.5841  0.0584  0.5117  0.0504 -0.0003  0.6284 0 
 44.2542  0.6029 -1.7757  0.0435  0.8246  0.0225  0.2644  0.0511 -0.0003  0.2575 0 
 46.6743 -0.2992  0.0260  0.0505  0.0951  0.1695  0.3042  0.0209 -0.0003  0.1011 0 
 42.7893  0.3133 -3.1154  0.0020  0.2533  0.0443  0.3112  0.1924 -0.0003  0.2328 0 
 48.5664  0.6291 -2.0885  0.0035  0.6510  0.0740  0.6451  0.0715 -0.0003  0.2511 0 
 45.5726 -0.6257  1.0476  0.0104  0.0753  0.0155  0.2623  0.0113 -0.0003  0.0386 0 
 48.1117  0.6890 -0.7364  0.0053  0.3607  0.0458  0.3880  0.0146 -0.0003  0.1474 0 
 45.0172 -0.7017  2.3901  0.0030  0.2047  0.0266  0.2193  0.0064 -0.0003  0.0632 0 
 38.6328  0.5875  2.8142  0.0764  0.1973  0.0658  0.3199  0.0342 -0.0003  0.2871 0 
 35.4192 -0.5595 -0.3545  0.0250  0.6857  0.0141  0.3277  0.0106 -0.0003  0.1480 0 
 45.5360  0.3148  0.8915  0.2901  0.2098  0.0902  0.2624  0.1413 -0.0003  0.8962 0 
 43.6988 -0.2985 -2.2592  0.0758  0.7023  0.0414  0.3537  0.0594 -0.0003  0.5906 0 
 48.8075  0.6450  1.1294  0.0085  0.2460  0.0528  0.2577  0.0046 -0.0003  0.1338 0 
 40.6287 -0.6388 -2.0491  0.0027  0.1825  0.0714  0.4959  0.1016 -0.0003  0.1397 0 
 51.9020 -0.2457 -2.5746  0.0116  0.5426  0.3866  0.3805  0.1713 -0.0003  0.5144 0 
 39.6979  0.2186  0.5274  0.0134  0.1435  0.0152  0.2268  0.0075 -0.0003  0.0439 0 
 44.1627 -0.6256  0.2059  0.2111  0.5534  0.0296  0.3527  0.4682 -0.0003  0.9833 1 
 38.7060  0.5917 -2.9348  0.0482  0.4773  0.0928  0.3654  0.0859  0.6083  0.9805 1 
 40.0000  0.6266 -1.9589  0.0135  0.1496  0.0487  0.2264  0.0009 -0.0003  0.0927 0 
 39.2187 -0.6376  1.2204  0.0105  0.2332  0.0476  0.1821  0.0071 -0.0003  0.1390 0 
 46.0487  0.5762 -0.8268  0.0491  0.3270  0.1241  0.6541  0.0461  0.4275  0.6988 0 
 44.3061 -0.5632  2.3123  0.0454  0.6225  0.0726  0.5727  0.0671 -0.0003  0.3758 0 
 43.9094 -0.5653 -1.9304  0.0323  0.4362  0.0428  0.2649  0.0643 -0.0003  0.2565 0 
 38.6725  0.5835  1.2154  0.0211  0.0410  0.0468  0.2284  0.0207 -0.0003  0.0665 0 
 41.5503  0.6853  0.9015  0.1695  0.1811  0.0375  0.3585  0.0839 -0.0003  0.5380 0 
 27.7745 -0.7265 -2.2033  0.0445  0.2235  0.1166  0.2512  0.0060 -0.0003  0.2146 0 
 52.2133 -0.5101  2.6774  0.0155  0.2698  0.0300  0.2111  0.0711 -0.0003  0.1011 0 
 41.3733  0.4738 -0.4649  0.0279  0.1887  0.0105  0.2243  0.1811 -0.0003  0.1564 0 
 47.1687 -0.5503 -0.5550  0.0032  0.3732  0.0732  0.4333  0.0245 -0.0003  0.1564 0 
 46.7353  0.5500  2.5854  0.0215  0.2398  0.0251  0.1303  0.0324 -0.0003  0.1096 0 
 43.3845 -0.1532 -0.0265  0.0000  0.0287  0.0933  0.1772  0.0063 -0.0003  0.0850 0 
 42.7863  0.2180  3.0828  0.0058  0.2281  0.0208  0.3557  0.0218 -0.0003  0.0564 0 
 36.6857  0.1431 -2.8096  0.4309  0.6240  0.0182  0.3708  0.6213  0.1202  0.9982 1 
 18.6496 -0.1537  0.2008  0.3188  0.5272  0.0180  0.2283  0.5029  0.2384  0.9971 1 
 43.8972  0.3622 -0.7812  0.3849  0.7016  0.0206  0.4416  0.3977  0.1598  0.9956 1 
 40.1190 -0.3818  2.3634  0.3872  0.4644  0.0515  0.2262  0.3627  0.4889  0.9997 1 
 46.9673 -0.7939 -0.2761  0.0226  0.6589  0.0245  0.2603  0.0259 -0.0003  0.1686 0 
 37.9889  0.8012  2.8766  0.0000  0.1402  0.0110  0.0918  0.0024 -0.0003  0.0600 0 
 46.9642  0.3975  0.5741  0.0584  0.5094  0.0303  0.4772  0.1190 -0.0003  0.5315 0 
 39.0906 -0.3468 -2.5549  0.0157  0.5257  0.0667  0.3189  0.0222 -0.0003  0.2315 0 
 51.1208  0.3568  1.5363  0.1442  0.5105  0.0525  0.5094  0.1964 -0.0003  0.9012 0 
 48.4352 -0.3325 -1.5716  0.0396  0.5570  0.1864  0.4734  0.0778 -0.0003  0.3266 0 
 46.9490 -0.6342 -3.0933  0.0076  0.2598  0.0869  0.4773  0.0694  0.0038  0.1698 0 
 45.3193  0.6725  0.0687  0.0296  0.2915  0.0228  0.6130  0.0886 -0.0003  0.3037 0 
 43.1067 -0.3228  0.0699  0.0049  0.1480  0.0951  0.2218  0.0502 -0.0003  0.1016 0 
 42.8717  0.2969 -3.0287  0.0429  0.0777  0.0990  0.3999  0.0693 -0.0003  0.1140 0 
 52.6345 -0.2085  1.3096  0.0308  0.6660  0.0962  0.6320  0.0629 -0.0003  0.3297 0 
 49.0486  0.2507 -1.8199  0.0599  0.1375  0.1925  0.4290  0.0391 -0.0003  0.2356 0 
 49.3141 -0.0590 -2.9700  0.1190  0.2388  0.1378  0.5569  0.0218 -0.0003  0.4721 0 
 46.5583  0.0628  0.2036  0.0155  0.1775  0.0260  0.1739  0.0143 -0.0003  0.0681 0 
 41.5991 -0.0844  2.8466  0.1694  0.7307  0.0113  0.3136  0.2545 -0.0003  0.8283 1 
 39.1730  0.0787 -0.3152  0.6674  0.5332  0.0594  0.3187  0.6173  0.3753  0.9996 1 
 48.1331  0.1340 -1.0081  0.0028  0.2753  0.0369  0.3880  0.0764 -0.0003  0.0990 0 
 45.8442 -0.1634  2.1156  0.0163  0.2371  0.0488  0.3493  0.0373 -0.0003  0.1247 0 
 50.6752  0.5170 -2.3353  0.0044  0.1595  0.0469  0.2978  0.0367 -0.0003  0.0689 0 
 42.5696 -0.5147  0.8028  0.0024  0.1506  0.0135  0.2226  0.0981 -0.0003  0.0440 0 
 50.4006 -0.2941  2.9872  0.3568  0.3820  0.0880  0.5112  0.3185 -0.0003  0.9947 1 
 39.5666  0.2990 -0.1705  0.5033  0.6165  0.0363  0.3178  0.7199  0.3276  0.9997 1 
 47.5593  0.4068  0.9116  0.0789  0.4711  0.2514  0.6486  0.1160 -0.0003  0.5491 1 
 43.3875 -0.3305 -2.2119  0.1359  0.5870  0.0444  0.3987  0.1083  0.0894  0.8197 1 
 48.6946 -0.7629 -1.6024  0.1996  0.7783  0.0631  0.5588  0.1191 -0.0003  0.9241 1 
 40.7172  0.7862  1.5458  0.0221  0.4504  0.0934  0.7209  0.1242  0.5184  0.8639 1 
 50.5074 -0.7863  2.8077  0.0175  0.6943  0.0393  0.3406  0.1442 -0.0003  0.3819 0 
 29.8802  0.7755 -0.3027  0.0260  0.3128  0.0516  0.3441  0.0582  0.1475  0.4216 0 
 39.1119 -0.0026 -3.1138  0.2658  0.6488  0.0557  0.1822  0.1920 -0.0003  0.9524 1 
 31.3481  0.0234  0.0366  0.1600  0.6639  0.0606  0.6302  0.1489  0.3671  0.9955 1 
 43.4577 -0.2215  1.9099  0.0747  0.7552  0.0297  0.4870  0.0434 -0.0003  0.5714 0 
 38.7030  0.2305 -1.2278  0.0526  0.2424  0.0235  0.4111  0.0701 -0.0003  0.2081 0 
 48.9632 -0.6744  1.6707  0.1435  0.3372  0.0898  0.4721  0.1559  0.1263  0.9059 0 
 48.3192  0.6921 -1.4791  0.0059  0.2722  0.0221  0.3445  0.0849 -0.0003  0.0707 0 
 49.1737 -0.3034 -0.5426  0.0103  0.2658  0.0632  0.2572  0.1046 -0.0003  0.2022 0 
 42.0844  0.3069  2.5574  0.0570  0.5586  0.0459  0.2679  0.0209 -0.0003  0.4318 0 
 50.4891 -0.6802  2.3533  0.0968  0.6519  0.0381  0.6387  0.1501 -0.0003  0.8055 0 
 40.5493  0.6877 -0.7715  0.0240  0.6675  0.0251  0.4510  0.1026 -0.0003  0.2911 0 
 46.0243 -0.7002 -2.9488  0.0428  0.5642  0.0831  0.7414  0.0407 -0.0003  0.3664 0 
 43.2258  0.6769  0.1355  0.0136  0.6375  0.0469  0.5321  0.0790  0.2451  0.6049 0 
 48.9998 -0.3628  0.4394  0.1856  0.8498  0.1123  0.4291  0.3834 -0.0003  0.9920 1 
 40.5432  0.3734 -2.7211  0.1854  0.3733  0.0371  0.1353  0.1307 -0.0003  0.7032 1 
 52.1767  0.4817 -3.0228  0.0426  0.1437  0.1082  0.3378  0.0318  0.0871  0.2078 0 
 44.3549 -0.5018  0.0660  0.0206  0.4575  0.0201  0.3083  0.0284 -0.0003  0.1178 0 
 36.0662  0.4706  0.4343  0.4144  0.5342  0.0738  0.2795  0.2065  0.4315  0.9973 1 
 32.1141 -0.4335 -2.7141  0.5437  0.2110  0.0555  0.5295  0.3875  0.3340  0.9998 1 
 47.6875 -0.6990  0.3357  0.0117  0.6501  0.0284  0.3889  0.0120 -0.0003  0.1778 0 
 47.1962  0.7035 -2.8116  0.0371  0.6694  0.0280  0.1733  0.0263 -0.0003  0.2239 0 
 47.3182 -0.3654 -2.9516  0.0616  0.4748  0.0371  0.3897  0.0535 -0.0003  0.4173 0 
 46.1585  0.3425  0.1695  0.0702  0.2062  0.0656  0.3922  0.0463 -0.0003  0.3075 0 
 45.0202 -0.5879  2.5223  0.0025  0.6921  0.0464  0.4825  0.1220  0.0363  0.3251 0 
 42.0569  0.6134 -0.5991  0.1042  0.2223  0.0263  0.2233  0.1514 -0.0003  0.4174 0 
 46.1219 -0.6433 -0.7962  0.0217  0.3900  0.0433  0.4795  0.0358 -0.0003  0.2229 0 
 43.1373  0.6469  2.3631  0.0147  0.4352  0.0311  0.5767  0.0544 -0.0003  0.2327 0 
 54.5937  0.5735 -0.9733  0.0176  0.0573  0.0631  0.1670  0.0289 -0.0003  0.0847 0 
 52.7413 -0.5820  2.1700  0.0029  0.3605  0.0303  0.3369  0.0803 -0.0003  0.0974 0 
 49.4423 -0.4951  1.0029  0.0032  0.1524  0.2181  0.5566  0.0601 -0.0003  0.1667 0 
 48.6061  0.5250 -2.1514  0.0472  0.2017  0.0439  0.5160  0.2183 -0.0003  0.4345 0 
 46.6835 -0.1862 -1.3071  0.0266  0.4009  0.0250  0.3911  0.0082 -0.0003  0.1753 0 
 45.9968  0.1815  1.8514  0.0079  0.6355  0.1610  0.6979  0.0388 -0.0003  0.2666 0 
 46.5187  0.6809  2.2143  0.0632  0.7238  0.0530  0.2174  0.1666 -0.0003  0.7352 1 
 21.9059 -0.6303 -0.8781  0.2379  0.6678  0.0341  0.4328  0.3579 -0.0003  0.9802 1 
 46.8971 -0.0501 -0.6720  0.0349  0.0310  0.0735  0.1302  0.0165 -0.0003  0.1019 0 
 42.4933  0.0521  2.4689  0.0409  0.1362  0.0119  0.2227  0.0746 -0.0003  0.0561 0 
 47.8553 -0.4370  0.8118  0.3174  0.6086  0.0870  0.4317  0.2391 -0.0003  0.9864 1 
 29.9168  0.4699 -2.3357  0.3644  0.3656  0.0186  0.1474  0.3598  0.1565  0.9882 1 
 60.7248 -0.5696 -2.1386  0.0426  0.3998  0.0351  0.3660  0.0161 -0.0003  0.2591 0 
 43.1189  0.5485  1.0776  0.0174  0.3061  0.1751  0.2218  0.0114 -0.0003  0.2039 0 
 45.8930  0.3152 -2.0983  0.0258  0.4716  0.0364  0.4364  0.0657 -0.0003  0.2555 0 
 41.4740 -0.2980  1.0149  0.1241  0.6612  0.0419  0.4035  0.1257 -0.0003  0.8249 0 
 50.6539 -0.3547  2.0790  0.0702  0.5457  0.0510  0.3404  0.0484  0.1626  0.6901 0 
 48.5054  0.2840 -1.0464  0.0315  0.4768  0.0266  0.1721  0.0123 -0.0003  0.1979 0 
 40.6867  0.6699  0.8652  0.0484  0.3878  0.0532  0.6759  0.0458 -0.0003  0.4190 0 
 40.0610 -0.6855 -2.2433  0.0252  0.2342  0.0132  0.1358  0.0119 -0.0003  0.0882 0 
 52.9397 -0.1597 -0.2542  0.0025  0.2265  0.1180  0.3366  0.0427 -0.0003  0.1217 0 
 46.7475  0.1768  2.8538  0.0781  0.3309  0.0103  0.1737  0.0945 -0.0003  0.1779 0 
 48.2490 -0.5133 -1.6260  0.0180  0.5882  0.0324  0.4308  0.0629 -0.0003  0.2206 0 
 42.6734  0.5097  1.4730  0.0287  0.2105  0.0315  0.2225  0.0809 -0.0003  0.1099 0 
 50.9438  0.5081 -2.3613  0.0040  0.5865  0.1293  0.4673  0.0204 -0.0003  0.2196 0 
 47.2908 -0.5147  0.7339  0.0309  0.6419  0.0264  0.3464  0.0826 -0.0003  0.2396 0 
 48.4718 -0.6785  0.6203  0.0072  0.1130  0.1567  0.3012  0.1644 -0.0003  0.1388 0 
 45.6764  0.6904 -2.5039  0.0166  0.3021  0.0154  0.3059  0.0400 -0.0003  0.0669 0 
 52.4392 -0.1113  2.4899  0.0205  0.3654  0.2344  0.4640  0.0361 -0.0003  0.2617 0 
 51.2337  0.0885 -0.6649  0.1391  0.3283  0.0413  0.3394  0.1766 -0.0003  0.7745 0 
 59.8520 -0.2121 -0.5669  0.0398  0.0649  0.0270  0.3265  0.0373 -0.0003  0.0610 0 
 56.5133  0.2341  2.5569  0.2033  0.1963  0.1363  0.4139  0.1033 -0.0003  0.7073 0 
 42.2461  0.1532  0.1670  0.0459  0.7277  0.1030  0.2677  0.0717 -0.0003  0.4569 0 
 39.4598 -0.1815 -2.9806  0.0543  0.5510  0.0138  0.2272  0.0305 -0.0003  0.1685 0 
 52.1981 -0.7059  2.6497  0.0071  0.3013  0.0786  0.4222  0.2600  0.4309  0.8697 0 
 42.6490  0.7191 -0.5008  0.0005  0.5880  0.0084  0.2225  0.0179 -0.0003  0.0947 0 
 43.8483 -0.5707 -1.0830  0.0070  0.2269  0.0439  0.3092  0.0668 -0.0003  0.0908 0 
 37.5616  0.5239  2.1102  0.0054  0.3971  0.0189  0.3224  0.1751 -0.0003  0.1651 0 
 55.1156  0.6322 -1.9666  0.1151  0.1237  0.1015  0.2082  0.0467 -0.0003  0.3368 0 
 49.0059 -0.6496  1.2038  0.0259  0.7970  0.0278  0.2575  0.1408 -0.0003  0.3008 0 
 46.7353  0.5176  0.5838  0.0776  0.6877  0.0747  0.3041  0.1636 -0.0003  0.8191 0 
 45.5482 -0.5356 -2.5432  0.0883  0.4467  0.0400  0.2624  0.1805  0.1201  0.7857 0 
 51.5450 -0.0392 -0.3818  0.1519  0.5436  0.1495  0.2118  0.1633 -0.0003  0.9225 1 
 36.3439  0.0505  2.7165  0.0956  0.4251  0.0202  0.2789  0.1348  0.3423  0.9895 1 
 46.5827 -0.2592 -1.0061  0.1079  0.2855  0.0468  0.6087  0.1725 -0.0003  0.7709 0 
 46.4393  0.2701  2.1644  0.0152  0.4129  0.0399  0.4351  0.0153 -0.0003  0.1871 0 
 53.2570 -0.1664  0.8776  0.1330  0.4383  0.0511  0.3781  0.2556 -0.0003  0.8996 1 
 47.3243  0.1547 -2.2517  0.3984  0.5927  0.0743  0.4763  0.5023  0.0860  0.9976 1 
 47.3854 -0.6026  2.7912  0.0498  0.6430  0.0370  0.3030  0.0931 -0.0003  0.4230 0 
 44.3183  0.5781 -0.3536  0.0296  0.0871  0.0423  0.5286  0.1419 -0.0003  0.1844 0 
 46.3935 -0.7781 -3.0876  0.0063  0.4006  0.0708  0.3482  0.0622 -0.0003  0.1886 0 
 46.3844  0.7887  0.0595  0.1542  0.1544  0.0922  0.3482  0.1115 -0.0003  0.5964 0 
 59.5468  0.5505 -0.8567  0.0255  0.0700  0.0605  0.2043  0.1600 -0.0003  0.1479 0 
 41.3581 -0.5434  2.2493  0.0095  0.2489  0.1067  0.3589  0.0081 -0.0003  0.1407 0 
 45.8198  0.4685  0.9281  0.1017  0.2351  0.0433  0.3057  0.0368 -0.0003  0.3558 0 
 39.4690 -0.4743 -2.2077  0.0178  0.7297  0.0469  0.4089  0.0097 -0.0003  0.2379 0 
 47.3274  0.3295  3.0459  0.0269  0.2851  0.0266  0.1732  0.0335 -0.0003  0.1212 0 
 40.2289 -0.3334 -0.1195  0.2237  0.3043  0.1166  0.4520  0.0894 -0.0003  0.7649 0 
 48.0507  0.4370  1.9690  0.0570  0.5628  0.0889  0.6038  0.0589 -0.0003  0.3908 1 
 44.7700 -0.4322 -1.1735  0.1669  0.5069  0.0506  0.4393  0.2996 -0.0003  0.9589 1 
 37.4243 -0.3506 -0.8914  0.1032  0.6695  0.0262  0.3227  0.1155 -0.0003  0.6172 1 
 36.7651  0.3216  2.1879  0.1778  0.5341  0.0435  0.2316  0.1491 -0.0003  0.8421 1 
 48.1331 -0.0215 -2.0220  0.1097  0.3170  0.0431  0.3880  0.1607 -0.0003  0.6923 0 
 43.3448  0.0235  1.1233  0.0753  0.1217  0.1121  0.5317  0.1783 -0.0003  0.5401 0 
 52.1279 -0.6974 -0.6549  0.0152  0.3782  0.1532  0.4224  0.1403  0.1450  0.5455 1 
 48.8716  0.6752  2.5684  0.0433  0.8464  0.0876  0.3864  0.0268  0.2296  0.6929 1 
 42.4750  0.0698 -2.7616  0.1266  0.4057  0.1094  0.4009  0.1577  0.1244  0.8989 1 
 40.3662 -0.0267  0.3138  0.0957  0.5012  0.0775  0.1806  0.1351 -0.0003  0.7839 1 
 46.4057  0.7164 -1.5643  0.2414  0.6190  0.0450  0.3046  0.1784  0.1686  0.9081 1 
 43.1769 -0.6949  1.6428  0.2268  0.6107  0.0698  0.4435  0.2668 -0.0003  0.9809 1 
 48.2490  0.0410  1.0286  0.0157  0.3363  0.1661  0.3877  0.0998 -0.0003  0.2722 0 
 43.3021 -0.0825 -2.1118  0.0335  0.1683  0.0467  0.4875  0.1852 -0.0003  0.2984 0 
 43.1250  0.6868  2.2159  0.0151  0.5822  0.0614  0.3106  0.0694 -0.0003  0.2891 0 
 34.2962 -0.6841 -0.9345  0.0230  0.2118  0.0339  0.3307  0.0110 -0.0003  0.1014 0 
 50.1717 -0.7124 -1.5371  0.1194  0.7983  0.0723  0.3838  0.2691 -0.0003  0.9573 1 
 30.3014  0.7117  1.6967  0.0760  0.4099  0.0379  0.3917  0.0557  0.3751  0.9731 1 
 53.4157  0.1263  2.6916  0.0384  0.1738  0.0612  0.2099  0.0436 -0.0003  0.1623 0 
 45.5085 -0.1230 -0.4303  0.0092  0.6341  0.0246  0.3062  0.0224 -0.0003  0.1387 0 
 51.2276  0.1110 -3.0816  0.0027  0.4339  0.0260  0.2970  0.0154 -0.0003  0.1049 0 
 43.3661 -0.0969  0.0929  0.0079  0.0357  0.0258  0.1329  0.0881 -0.0003  0.0588 0 
 49.7261 -0.4624 -2.3907  0.1857  0.3665  0.0421  0.3848  0.2857 -0.0003  0.9337 1 
 32.0256  0.4785  0.8101  0.1695  0.1847  0.0306  0.1927  0.1142  0.3990  0.9968 1 
 49.2561  0.1903  1.4863  0.0301  0.2310  0.0956  0.2143  0.0927  0.2768  0.5458 0 
 39.6033 -0.1402 -1.6900  0.0030  0.4070  0.0210  0.2724  0.0197 -0.0003  0.0857 0 
 48.4413  0.5619 -0.3390  0.0019  0.2628  0.1111  0.5165  0.1295 -0.0003  0.2073 0 
 44.4007 -0.5857  2.8224  0.0164  0.3558  0.0514  0.3522  0.0609 -0.0003  0.1885 0 
 50.7149 -0.3950  1.9151  0.0631  0.4650  0.0392  0.2127  0.1548 -0.0003  0.5194 0 
 45.8350  0.3930 -1.1861  0.0121  0.1192  0.0122  0.2183  0.0136 -0.0003  0.0379 0 
 41.6297 -0.1023  2.7419  0.0383  0.6939  0.0439  0.4927  0.0842 -0.0003  0.4179 0 
 41.1444  0.0938 -0.4066  0.0025  0.1886  0.0651  0.4043  0.0346 -0.0003  0.1001 0 
 47.0191  0.7264  1.0938  0.0931  0.1531  0.0403  0.2168  0.1329  0.1377  0.6093 1 
 43.3967 -0.7657 -2.1001  0.1284  0.2624  0.1331  0.6201  0.2037  0.1990  0.9405 1 
 47.4525  0.3665  1.0210  0.0175  0.4847  0.0648  0.3894  0.0159 -0.0003  0.2110 0 
 44.8127 -0.3743 -2.1133  0.0169  0.6271  0.0427  0.3074  0.0272 -0.0003  0.2375 0 
 47.0283  0.3947  1.7334  0.0461  0.5685  0.0052  0.0434  0.0063 -0.0003  0.1538 0 
 43.6255 -0.3804 -1.4024  0.0009  0.2495  0.0513  0.4423  0.0671 -0.0003  0.1197 0 
 49.0425  0.2847 -2.3040  0.0060  0.2068  0.0236  0.3003  0.1192 -0.0003  0.0739 0 
 44.2115 -0.3140  0.8532  0.2208  0.3184  0.0572  0.5289  0.0773 -0.0003  0.7626 0 
 60.7919  0.5174 -1.6532  0.0226  0.4143  0.0282  0.2846  0.0508 -0.0003  0.1369 0 
 44.8096 -0.5301  1.5041  0.0445  0.2353  0.1064  0.3074  0.0362  0.2462  0.4680 0 
 54.5968  0.7139 -2.2383  0.0235  0.4103  0.0698  0.5010  0.0954 -0.0003  0.2966 0 
 45.4109 -0.7104  0.9482  0.0273  0.6917  0.0523  0.3063  0.0208 -0.0003  0.3135 0 
 48.2765  0.7473  0.6867  0.0126  0.1355  0.0211  0.2585  0.0019 -0.0003  0.0503 0 
 36.1547 -0.7405 -2.4471  0.0255  0.5344  0.0169  0.3258  0.0801 -0.0003  0.1436 0 
 46.8482 -0.7738 -0.7008  0.0797  0.2001  0.1137  0.5209  0.0191 -0.0003  0.3641 0 
 43.2410  0.7788  2.4038  0.0590  0.3990  0.0357  0.4434  0.0215 -0.0003  0.3593 0 
 44.1077 -0.5289  0.3471  0.0185  0.3202  0.0421  0.2205  0.1646 -0.0003  0.3070 0 
 43.5859  0.5299 -2.8104  0.0173  0.1255  0.0993  0.4867  0.0740 -0.0003  0.1296 0 
 46.2379 -0.7371 -0.3948  0.2383  0.4789  0.0472  0.4791  0.3268 -0.0003  0.9820 1 
 44.9348  0.7052  2.8356  0.0820  0.7101  0.0307  0.1756  0.1229 -0.0003  0.4843 1 
 49.6315  0.4323  2.9095  0.0085  0.5430  0.0338  0.2566  0.0866 -0.0003  0.1680 0 
 44.1993 -0.4353 -0.2528  0.0052  0.1785  0.0404  0.5290  0.0141  0.2300  0.2815 0 
 45.5695  0.6369  1.1407  0.2789  0.4444  0.0410  0.5247  0.3250 -0.0003  0.9837 1 
 44.3580 -0.6340 -2.0164  0.3899  0.5396  0.0744  0.6606  0.4556  0.0984  0.9976 1 
 48.8991  0.8018 -0.2146  0.0799  0.5271  0.0249  0.3005  0.0419 -0.0003  0.3661 0 
 47.3671 -0.7599  2.9542  0.0057  0.4102  0.1237  0.5194  0.0330 -0.0003  0.1987 0 
 46.2989 -0.0449 -2.8591  0.0519  0.3745  0.0931  0.4790  0.0413 -0.0003  0.3372 0 
 45.3620  0.0326  0.2829  0.0090  0.4081  0.0152  0.3940  0.0123 -0.0003  0.0941 0 
 47.6265 -0.6861 -1.7506  0.0539  0.6053  0.2094  0.5620  0.0156 -0.0003  0.3333 1 
 39.1302  0.6771  1.4208  0.0532  0.6135  0.0327  0.5465  0.0892  0.1062  0.6435 1 
 52.9915  0.5087  1.3632  0.0118  0.5974  0.3468  0.5048  0.0513 -0.0003  0.2820 0 
 44.9317 -0.4799 -1.8231  0.0518  0.2982  0.0562  0.2633  0.0353 -0.0003  0.2924 0 
 48.8075 -0.0869 -2.1240  0.0171  0.3774  0.1210  0.3866  0.0113  0.5378  0.6368 0 
 41.5686  0.0941  0.9949  0.0076  0.0858  0.0092  0.2240  0.0295 -0.0003  0.0324 0 
 43.7446  0.5568 -1.6852  0.0072  0.4914  0.0303  0.2652  0.0750 -0.0003  0.1333 0 
 37.1374 -0.5422  1.4601  0.0072  0.1878  0.1146  0.3696  0.1558 -0.0003  0.1889 0 
 47.1565  0.7595  0.4988  0.0593  0.0490  0.2948  0.3467  0.0123 -0.0003  0.0843 0 
 43.0915 -0.7563 -2.6347  0.0054  0.5560  0.0256  0.1775  0.0078 -0.0003  0.1694 0 
 40.6378  0.5616 -0.0054  0.0296  0.4843  0.0942  0.4057  0.0106 -0.0003  0.2347 0 
 38.9319 -0.5260  3.0795  0.0190  0.5407  0.0193  0.2280  0.1098 -0.0003  0.1528 0 
 45.1087  0.3970  0.6876  0.0305  0.3448  0.0371  0.2192  0.1653 -0.0003  0.3297 0 
 42.1088 -0.3886 -2.4619  0.0064  0.3481  0.0190  0.2679  0.0139 -0.0003  0.0773 0 
 51.0018  0.0185  3.0280  0.0558  0.3366  0.0139  0.2548  0.0659  0.2062  0.6794 0 
 40.3479 -0.0053 -0.1288  0.0233  0.4186  0.0376  0.4516  0.0362 -0.0003  0.2204 0 
 45.7435 -0.5821  2.1830  0.0081  0.3145  0.0349  0.4805  0.2454 -0.0003  0.3465 0 
 42.9267  0.5690 -0.9559  0.0007  0.0895  0.0162  0.3110  0.0557 -0.0003  0.0354 0 
 47.4861  0.5424  2.8108  0.1477  0.5665  0.0606  0.3893  0.2415 -0.0003  0.9408 1 
 38.4131 -0.5655 -0.2731  0.4125  0.6370  0.1910  0.3204  0.4411  0.4207  0.9991 1 
 57.7005  0.5180 -1.9648  0.0064  0.0634  0.0793  0.1647  0.0202 -0.0003  0.0898 0 
 47.7546 -0.5113  1.1492  0.0063  0.2226  0.1639  0.5183  0.1619 -0.0003  0.2775 0 
 45.7465 -0.3797  1.8607  0.0107  0.4257  0.0256  0.3931  0.0240 -0.0003  0.1251 0 
 45.6123  0.3859 -1.2840  0.0345  0.1631  0.0255  0.3497  0.1202 -0.0003  0.1298 0 
 45.8412  0.3834 -0.4044  0.0798  0.0834  0.0334  0.2619  0.1335 -0.0003  0.1764 0 
 39.7040 -0.3638  2.7510  0.0170  0.1960  0.0231  0.2268  0.1530 -0.0003  0.1330 0 
 47.7852 -0.3778 -0.7002  0.0043  0.3219  0.0111  0.3023  0.0202 -0.0003  0.0538 0 
 46.9062  0.3668  2.4419  0.0474  0.0733  0.0602  0.3472  0.0049 -0.0003  0.0950 0 
 46.1738 -0.0245  1.8949  0.0596  0.5292  0.1697  0.5229  0.1545 -0.0003  0.5459 0 
 30.4326  0.0994 -1.2319  0.1170  0.7238  0.0133  0.1467  0.0629 -0.0003  0.4382 0 
 45.5146 -0.0505 -1.7499  0.0298  0.2456  0.1792  0.3936  0.0866  0.9113  0.8734 0 
 30.0572  0.0902  1.4071  0.0634  0.4662  0.0230  0.2944  0.0793 -0.0003  0.2741 0 
 50.4799  0.5469 -2.9166  0.0058  0.3591  0.0597  0.4684  0.0276 -0.0003  0.1631 0 
 44.9531 -0.4963  0.2249  0.0398  0.2155  0.0991  0.3949  0.1784 -0.0003  0.4050 0 
 43.8453 -0.2937 -2.5664  0.6572  0.7748  0.1090  0.5742  0.2679  0.2469  0.9944 1 
 30.7530  0.2721  0.5729  0.0870  0.2291  0.0260  0.1950  0.0330  0.3423  0.9780 1 
 46.3661 -0.5236  2.6735  0.0716  0.5871  0.1556  0.6529  0.5295 -0.0003  0.9861 1 
 39.0478  0.5262 -0.4084  0.5039  0.6398  0.0414  0.4557  0.4805  0.3037  0.9994 1 
 45.4810 -0.5928  2.3186  0.1563  0.2115  0.0930  0.5250  0.2308  0.4647  0.9775 1 
 37.7417  0.6057 -0.7912  0.5075  0.3727  0.0373  0.4140  0.3885 -0.0003  0.9946 1 
 45.0477  0.3206 -0.2411  0.0605  0.1152  0.1516  0.3509  0.0078 -0.0003  0.1491 0 
 31.7388 -0.3047  2.9029  0.0187  0.1646  0.0436  0.2898  0.0494 -0.0003  0.0832 0 
 58.7076 -0.7647 -2.5415  0.0448  0.1379  0.0203  0.2461  0.0508 -0.0003  0.0630 0 
 47.2663  0.7688  0.6298  0.0237  0.2866  0.0247  0.5198  0.1137 -0.0003  0.2398 0 
 48.9204 -0.7731 -2.2425  0.0255  0.4504  0.0672  0.4722  0.0692 -0.0003  0.2772 0 
 45.0446  0.7668  0.8827  0.0002  0.3952  0.0376  0.4824  0.0515 -0.0003  0.1397 0 
 46.1097 -0.6563 -2.3442  0.1247  0.1019  0.1886  0.3923  0.1348 -0.0003  0.5064 0 
 23.2761  0.6861  0.7853  0.0268  0.5152  0.0520  0.3183  0.0407  0.0205  0.3213 0 
 46.1677  0.3204 -1.4444  0.3113  0.6342  0.0255  0.3922  0.1288 -0.0003  0.8466 1 
 36.6644 -0.2522  1.7007  0.0287  0.2885  0.0153  0.2318  0.0374  0.0833  0.1989 1 
 50.7301 -0.0282  1.4581  0.0205  0.4857  0.0736  0.2552  0.0131 -0.0003  0.2705 0 
 43.3265  0.0459 -1.7157  0.0204  0.3329  0.0690  0.4431  0.0139 -0.0003  0.1991 0 
 46.1860 -0.4440 -1.6577  0.1067  0.2542  0.0813  0.3050  0.0362 -0.0003  0.4565 0 
 35.0652  0.4593  1.4461  0.0038  0.3847  0.0166  0.2347 -0.0200 -0.0003  0.1282 0 
 47.9835  0.0666 -0.2652  0.0493  0.2396  0.1312  0.4314  0.0284 -0.0003  0.2627 0 
 36.6949 -0.0790  2.8503  0.0142  0.5078  0.0182  0.5099  0.0106 -0.0003  0.1789 0 
 44.1505  0.7615  2.2466  0.2283  0.3111  0.0381  0.4409  0.3070 -0.0003  0.9592 1 
 37.2534 -0.7666 -0.8300  0.4273  0.5245  0.0351  0.6462  0.4885 -0.0003  0.9949 1 
 32.0439  0.6961  0.8434  0.2409  0.3314  0.0450  0.2890  0.2329  0.2672  0.9900 1 
 29.6178 -0.6754 -2.3280  0.0784  0.4275  0.0202  0.0493  0.0026 -0.0003  0.2643 1 
 48.8228 -0.0518  0.4468  0.0707  0.6237  0.0771  0.3436  0.1011 -0.0003  0.6106 0 
 42.7070  0.0242 -2.7102  0.1295  0.6240  0.0888  0.5338  0.1303 -0.0003  0.8119 0 
 45.7313  0.5365 -0.1822  0.0138  0.2154  0.0301  0.3058  0.0496 -0.0003  0.0698 0 
 44.4495 -0.5552  2.9691  0.0338  0.6613  0.0197  0.3961  0.0765 -0.0003  0.2355 0 
 51.4046  0.2936  2.7825  0.1413  0.0563  0.0311  0.2543  0.0679 -0.0003  0.1431 0 
 39.2706 -0.2793 -0.3839  0.1263  0.6512  0.0249  0.0910  0.0889 -0.0003  0.4973 0 
 50.0008  0.7620  2.6192  0.0009  0.5146  0.0223  0.2988  0.0253  0.0235  0.1213 0 
 49.9825 -0.7633 -0.5169  0.0234  0.3152  0.0467  0.4269  0.0547 -0.0003  0.2032 0 
 44.9531  0.1102  0.6822  0.0086  0.2711  0.0498  0.3511  0.0285 -0.0003  0.1233 0 
 39.3805 -0.1152 -2.4371  0.0022  0.6119  0.0273  0.2728  0.0123 -0.0003  0.1456 0 
 45.0813 -0.0177 -0.5503  0.3401  0.1486  0.0361  0.3946  0.3287  0.2044  0.9971 1 
 30.4753  0.0160  2.5866  0.1455  0.8256  0.0225  0.3910  0.3555  0.1136  0.9561 1 
 47.3091 -0.5629  2.6532  0.0222  0.3377  0.0290  0.2598  0.0832 -0.0003  0.1341 0 
 45.9297  0.5652 -0.4823  0.0229  0.6117  0.0094  0.1309  0.0120 -0.0003  0.1331 0 
 44.0772 -0.6897 -1.8805  0.4850  0.3446  0.0390  0.3970  0.3177  0.0703  0.9928 1 
 42.6276  0.6991  1.1702  0.2021  0.8266  0.0253  0.3115  0.4454  0.2177  0.9871 1 
 48.4443 -0.5701  1.8606  0.1712  0.3710  0.0451  0.4304  0.1375 -0.0003  0.8065 0 
 41.6541  0.5420 -1.2593  0.0883  0.4757  0.0911  0.5821  0.1374 -0.0003  0.6772 0 
 55.9762 -0.6892  1.5488  0.0118  0.3710  0.1695  0.3734  0.1602 -0.0003  0.3527 0 
 47.8492  0.6686 -1.6013  0.0084  0.4375  0.1056  0.3022  0.0624  0.0933  0.3340 0 
 47.4830  0.0992  1.6834  0.0003  0.2776  0.0684  0.3028  0.0352 -0.0003  0.1306 0 
 44.2634 -0.1140 -1.4702  0.0910  0.4995  0.0689  0.7050  0.0530 -0.0003  0.5707 0 
 46.4637 -0.5871  0.1236  0.0510  0.0842  0.0831  0.3046  0.1218 -0.0003  0.1672 1 
 43.1067  0.6094 -3.0671  0.7209  0.3113  0.0705  0.3550  0.6405  0.0325  0.9974 1 
 47.2847 -0.0720  3.0113  0.0040  0.3877  0.0775  0.3897  0.0173  0.2972  0.4563 0 
 47.2816  0.0801 -0.1855  0.0072  0.4102  0.1585  0.6496  0.1479 -0.0003  0.3427 0 
 47.5776  0.7173  2.0278  0.0124  0.6155  0.1226  0.3459  0.1092  0.1426  0.5279 0 
 40.3479 -0.7029 -1.1102  0.0088  0.6762  0.0608  0.4516  0.0197 -0.0003  0.2048 0 
 50.5898  0.4616  1.0139  0.0161  0.0892  0.0330  0.3831  0.0349 -0.0003  0.0640 0 
 35.8343 -0.4805 -2.1196  0.0453  0.2405  0.0511  0.3733  0.1483 -0.0003  0.3593 0 
 50.3517 -0.4017 -1.6933  0.0160  0.4379  0.0393  0.3409  0.0236 -0.0003  0.1792 0 
 39.5178  0.3989  1.4922  0.0002  0.3314  0.0321  0.4088  0.0923 -0.0003  0.1092 0 
 49.9275 -0.1703  0.0893  0.0015  0.6658  0.1382  0.3843  0.0350 -0.0003  0.2486 0 
 43.8056  0.1758 -3.0604  0.0054  0.1326  0.0203  0.2651  0.1263 -0.0003  0.0585 0 
 47.9713  0.7619  0.0953  0.4074  0.5204  0.0302  0.3883  0.6405  0.2363  0.9993 1 
 43.3600 -0.7497 -3.0442  0.3157  0.2762  0.0437  0.1772  0.2498 -0.0003  0.9414 1 
 45.7435  0.1179 -0.8835  0.0829  0.4951  0.1259  0.6553  0.3410 -0.0003  0.9287 1 
 43.9979 -0.1218  2.2498  0.0281  0.1701  0.2170  0.4855  0.1981  1.1307  0.9491 1 
 50.3761  0.0131  2.0256  0.1247  0.1637  0.0824  0.5113  0.2629 -0.0003  0.8436 0 
 46.1158 -0.0095 -1.1184  0.3045  0.4776  0.0212  0.2179  0.5087 -0.0003  0.9905 0 
 46.4942 -0.5997 -0.8446  0.0093  0.1258  0.0696  0.4350  0.0904 -0.0003  0.1093 0 
 30.5058  0.5708  2.3094  0.0659  0.2740  0.0276  0.1466  0.0550 -0.0003  0.2043 0 
 46.7201  0.1844 -1.6142  0.0067  0.5959  0.0708  0.5213  0.0667 -0.0003  0.2229 0 
 41.3306 -0.1283  1.5035  0.0000  0.2139  0.0404  0.2244  0.1694  0.2402  0.5423 0 
 56.3149 -0.0760 -1.6178  0.0616  0.2771  0.0479  0.2071  0.0633 -0.0003  0.3110 0 
 45.3010  0.0857  1.4944  0.0065  0.1246  0.0551  0.4817  0.1308 -0.0003  0.1321 0 
 45.4261  0.5401 -1.7864  0.0272  0.3053  0.0546  0.3501  0.0822 -0.0003  0.2352 0 
 38.7823 -0.5309  1.3548  0.0881  0.1819  0.0271  0.5022  0.0460 -0.0003  0.3391 0 
 54.6365 -0.5131 -0.3102  0.0984  0.2341  0.0427  0.2087  0.0467 -0.0003  0.3442 0 
 46.6865  0.5024  2.8478  0.0121  0.4159  0.0247  0.4780  0.0784 -0.0003  0.1718 0 
 41.1139  0.2802 -0.0237  0.1869  0.1781  0.0397  0.5393  0.2983 -0.0003  0.9246 1 
 38.4192 -0.2956  3.1176  0.2808  0.5517  0.0299  0.1831  0.3362 -0.0003  0.9694 1 
 46.7964 -0.2915 -2.2855  0.0137  0.0725  0.2234  0.4777  0.0496 -0.0003  0.0837 0 
 35.9686  0.3009  0.8789  0.0013  0.3844  0.1106  0.3729  0.0062 -0.0003  0.1605 0 
 46.5156 -0.4362  1.6005  0.1487  0.2044  0.0908  0.5654  0.2033 -0.0003  0.8786 0 
 42.0966  0.4344 -1.5581  0.0286  0.6851  0.1603  0.6251  0.0554 -0.0003  0.3139 0 
 49.8329 -0.5967 -1.7081  0.0136  0.3062  0.0534  0.2564  0.0248 -0.0003  0.1671 0 
 47.7577  0.6125  1.3905  0.0135  0.6110  0.0655  0.6047  0.0350 -0.0003  0.2366 0 
 50.0587 -0.7408  2.9052  0.0219  0.5316  0.0885  0.2987  0.0153 -0.0003  0.2369 0 
 43.5676  0.7497 -0.2557  0.0046  0.2313  0.0224  0.3982  0.0252 -0.0003  0.0641 0 
 47.1168  0.7010 -0.9513  0.0308  0.4226  0.0537  0.3468  0.0203 -0.0003  0.2600 0 
 41.9043 -0.6958  2.2249  0.0315  0.3049  0.0214  0.4024  0.1567 -0.0003  0.2440 0 
 52.5521  0.1839 -1.8481  0.0564  0.1527  0.0363  0.1686  0.0137 -0.0003  0.1293 0 
 40.1617 -0.1917  1.3169  0.0033  0.2746  0.0607  0.4070  0.0385 -0.0003  0.1298 0 
 52.9519 -0.5310 -2.5782  0.0281  0.2922  0.1508  0.2524  0.0718  0.3009  0.5479 0 
 45.5726  0.5703  0.5149  0.0087  0.3163  0.1043  0.4373  0.0274 -0.0003  0.1658 0 
 53.2967 -0.2404 -0.1272  0.0073  0.1049  0.4613  0.3780  0.0344 -0.0003  0.1167 0 
 42.4689  0.2249  2.9976  0.0141  0.1944  0.0376  0.3118  0.1763 -0.0003  0.1868 0 
 50.7088  0.5847 -2.8907  0.0293  0.3930  0.0765  0.3403  0.1054 -0.0003  0.3534 0 
 46.5095 -0.5784  0.2035  0.0605  0.3343  0.0548  0.3480  0.0809 -0.0003  0.4078 0 
 48.0873  0.0717  1.2924  0.0308  0.2882  0.0304  0.2587  0.0095 -0.0003  0.1389 0 
 32.4987 -0.0772 -1.8076  0.0291  0.6729  0.0416  0.2399  0.1258 -0.0003  0.3884 0 
 47.1290  0.7565 -2.8338  0.0105  0.1718  0.0211  0.3034  0.0790 -0.0003  0.0520 0 
 44.5319 -0.7545  0.3112  0.0347  0.1304  0.0331  0.3519  0.0372 -0.0003  0.0858 0 
 44.0833  0.7398 -0.5391  0.0227  0.6305  0.1005  0.6616  0.0471 -0.0003  0.2907 1 
 40.0885 -0.7426  2.5431  0.0265  0.1487  0.1227  0.3167  0.0854  0.6775  0.7450 1 
 47.3091 -0.4354  1.7103  0.2395  0.1909  0.0438  0.6062  0.2579 -0.0003  0.9584 1 
 47.0588  0.4570 -1.4434  0.1162  0.6232  0.1053  0.3035  0.1201 -0.0003  0.8047 1 
 46.5675  0.5169  0.0738  0.0219  0.1904  0.0233  0.4348  0.0646 -0.0003  0.1021 0 
 43.0152 -0.5052 -3.0704  0.0049  0.7402  0.0280  0.3108  0.0053 -0.0003  0.1713 0 
 39.8138 -0.7659 -3.0601  0.0492  0.6944  0.0745  0.1813  0.0981 -0.0003  0.6688 0 
 33.8201  0.7404  0.1071  0.0193  0.2904  0.0351  0.3320  0.0187 -0.0003  0.1247 0 
 49.1524  0.3951 -2.1421  0.0554  0.1385  0.0692  0.3430  0.0233  0.1174  0.2802 0 
 39.3805 -0.3934  1.0000  0.0305  0.0964  0.0517  0.2728  0.0388  0.1719  0.2308 0 
 49.9275  0.5239  0.7638  0.0264  0.0677  0.0482  0.2135  0.0567 -0.0003  0.0724 0 
 41.9440 -0.5102 -2.3810  0.1028  0.4049  0.0244  0.2682  0.1652 -0.0003  0.5430 0 
 50.7179  0.6877 -2.3580  0.0237  0.2727  0.0186  0.1276  0.0029 -0.0003  0.1304 0 
 45.8991 -0.6695  0.7689  0.0092  0.0599  0.0482  0.2618  0.0173 -0.0003  0.0638 0 
 55.3506 -0.7175 -2.2393  0.0010  0.2217  0.1781  0.4993  0.0084 -0.0003  0.1568 0 
 38.7182  0.7158  0.8465  0.0214  0.2665  0.0316  0.2284  0.0124 -0.0003  0.1139 0 
 46.2684 -0.7571 -1.9078  0.0318  0.8002  0.1985  0.6968  0.0173 -0.0003  0.3278 0 
 33.6492  0.7542  1.3074  0.1389  0.2275  0.0208  0.2850  0.0558 -0.0003  0.3383 0 
 52.3171 -0.6715  0.5872  0.0005  0.1398  0.1190  0.2532  0.0331 -0.0003  0.0777 0 
 43.2929  0.6653 -2.6003  0.0217  0.0733  0.0391  0.3546  0.0278 -0.0003  0.0672 0 
 48.3497 -0.0427 -1.4666  0.0447  0.5897  0.1253  0.2584  0.0136 -0.0003  0.2966 0 
 43.1098  0.0293  1.6735  0.0635  0.1025  0.1044  0.3106  0.0369 -0.0003  0.1386 0 
 40.6928  0.5459 -1.5448  0.0105  0.3957  0.0218  0.1352  0.0878 -0.0003  0.1363 0 
 36.9970 -0.5330  1.6093  0.1223  0.1631  0.0198  0.3700  0.0773  0.1831  0.7554 0 
 48.5176  0.4265 -1.4748  0.0269  0.5496  0.0479  0.3872  0.0646 -0.0003  0.2945 0 
 43.6316 -0.3838  1.6084  0.0375  0.3093  0.1455  0.3096  0.2405 -0.0003  0.6133 0 
 57.2580 -0.5416 -0.8566  0.0609  0.6779  0.0559  0.1650  0.0456 -0.0003  0.5844 0 
 50.0771  0.5493  2.3073  0.0110  0.3336  0.1180  0.5547  0.0341 -0.0003  0.2068 0 
 46.1250  0.3836  2.9204  0.0773  0.5799  0.0791  0.5230  0.0649 -0.0003  0.4762 0 
 35.0011 -0.3917 -0.2092  0.0106  0.3984  0.0512  0.3288  0.0020 -0.0003  0.1937 0 
 45.7435  0.4852  3.0162  0.0482  0.3718  0.0343  0.6116  0.0768 -0.0003  0.4311 0 
 38.5199 -0.4669 -0.1293  0.0000  0.2545  0.0785  0.2744  0.0533 -0.0003  0.1353 0 
 48.4810 -0.2535  0.4014  0.0297  0.7621  0.1071  0.4303  0.0114 -0.0003  0.2934 0 
 37.9339  0.2438 -2.7295  0.0144  0.1175  0.0176  0.4134  0.0150  0.0693  0.1193 0 
 43.2502  0.7030 -2.3406  0.0178  0.7277  0.0312  0.3546  0.0872 -0.0003  0.2317 0 
 39.4354 -0.7023  0.7984  0.0683  0.1607  0.0523  0.2272  0.1141 -0.0003  0.3009 0 
 44.7028  0.7629  2.9688  0.0154  0.2365  0.0261  0.4395  0.0161 -0.0003  0.1046 0 
 37.9492 -0.7644 -0.1591  0.0163  0.2847  0.0407  0.5052  0.0588 -0.0003  0.1877 0 
 46.1830  0.7004  0.7583  0.1302  0.2938  0.0328  0.2614  0.1838 -0.0003  0.6786 0 
 39.2065 -0.7130 -2.4159  0.1355  0.4969  0.0329  0.5462  0.2607 -0.0003  0.9115 0 
 49.6071 -0.3651 -1.5635  0.0724  0.5093  0.0542  0.3422  0.0290 -0.0003  0.4867 0 
 46.7903  0.3617  1.5515  0.0000  0.0632  0.0258  0.1303  0.0067 -0.0003  0.0588 0 
 44.4617  0.4557  1.3011  0.0458  0.5510  0.0124  0.2201  0.0179 -0.0003  0.1494 0 
 39.3500 -0.4526 -1.8212  0.0067  0.1688  0.0301  0.3183  0.0937  0.1322  0.2571 0 
 43.6133 -0.6929  2.0228  0.0485  0.4970  0.0094  0.2654  0.0945 -0.0003  0.1650 0 
 40.1831  0.6910 -1.1225  0.0175  0.1584  0.0103  0.2713  0.0145 -0.0003  0.0399 0 
 48.2216 -0.3678  0.8763  0.0060  0.4417  0.1466  0.6032  0.0970 -0.0003  0.2687 0 
 43.3265  0.3638 -2.2533  0.0236  0.5080  0.0659  0.3102  0.0005 -0.0003  0.2498 0 
 45.3223  0.3855 -1.0045  0.0020  0.0894  0.0525  0.3065  0.0790 -0.0003  0.0667 0 
 40.8759 -0.4027  2.1084  0.1397  0.1640  0.1079  0.4951  0.0858 -0.0003  0.5706 0 
 45.6794  0.5946  1.4943  0.0511  0.1339  0.0840  0.1748  0.2182 -0.0003  0.4468 1 
 44.1505 -0.5819 -1.6294  0.3547  0.2954  0.0847  0.8377  0.3198 -0.0003  0.9964 1 
 51.7403 -0.4058 -3.0972  0.0223  0.6212  0.0236  0.1693  0.0218 -0.0003  0.1695 0 
 31.2444  0.4040  0.0330  0.0375  0.1681  0.0338  0.4367  0.0508  0.0857  0.2736 0 
 53.3577 -0.3213  1.3014  0.0284  0.6884  0.0475  0.3359  0.0109 -0.0003  0.2951 0 
 46.9764  0.3148 -1.8274  0.0503  0.4046  0.0420  0.3037  0.0432  0.0209  0.3661 0 
 48.4291 -0.5804 -1.0127  0.1275  0.1973  0.0882  0.6026  0.2641 -0.0003  0.8971 0 
 44.8981  0.5672  2.1141  0.0554  0.0748  0.1795  0.5268  0.0606 -0.0003  0.2012 0 
 49.3416  0.6959  0.2581  0.1311  0.2041  0.4790  0.2998  0.0129 -0.0003  0.4990 0 
 45.7679 -0.7410 -2.9324  0.0352  0.7644  0.0253  0.2621  0.0207 -0.0003  0.2258 0 
 46.6407 -0.2279  2.2013  0.1164  0.5754  0.0367  0.3042  0.1097 -0.0003  0.7062 0 
 46.3996  0.2440 -0.9599  0.0140  0.1557  0.1795  0.4787  0.0629 -0.0003  0.1563 0 
 47.9805 -0.4139 -2.7424  0.1082  0.2071  0.0783  0.4314  0.0576 -0.0003  0.4489 1 
 46.5583  0.3371  0.4415  0.0525  0.5559  0.1426  0.6087  0.0294 -0.0003  0.3325 1 
 44.6601  0.0919  2.7699  0.0011  0.2206  0.0288  0.3077  0.0875 -0.0003  0.0619 0 
 41.4649 -0.1043 -0.3558  0.0562  0.2280  0.0295  0.4932  0.0355  0.0261  0.3170 0 
 48.3284  0.1630  0.9118  0.6629  0.3128  0.0345  0.5168  1.1508 -0.0003  0.9986 1 
 46.7353 -0.1671 -2.2353  0.6041  0.7089  0.0239  0.6081  0.4088 -0.0003  0.9925 1 
 51.3222  0.7703 -1.4598  0.0123  0.7300  0.1377  0.6361  0.1346 -0.0003  0.3938 0 
 46.6255 -0.7655  1.6486  0.0300  0.6083  0.0336  0.3912  0.0175  0.0865  0.4204 0 
 48.0781 -0.0499 -1.5498  0.0168  0.1878  0.0374  0.3881  0.1263 -0.0003  0.1421 0 
 47.7516  0.0271  1.6444  0.0517  0.5469  0.0478  0.3888  0.0209 -0.0003  0.3794 0 
 45.7832 -0.7951 -0.9897  0.0196  0.3575  0.0673  0.3057  0.0225 -0.0003  0.2169 0 
 45.0874  0.8019  2.1699  0.0326  0.1397  0.1023  0.3069  0.0862 -0.0003  0.1558 0 
 47.6783 -0.7688  2.7509  0.0384  0.2776  0.1275  0.3889  0.0685 -0.0003  0.2788 0 
 44.8676  0.7824 -0.3184  0.0003  0.4711  0.0349  0.3512  0.0842 -0.0003  0.1308 0 
 46.7506 -0.6140  3.0067  0.0042  0.1534  0.0706  0.3041  0.0142 -0.0003  0.0895 0 
 36.7041  0.6003 -0.1275  0.0016  0.3959  0.0561  0.2781  0.0215 -0.0003  0.1741 0 
 44.3122 -0.1983 -1.0807  0.0273  0.0956  0.0336  0.1322  0.1050 -0.0003  0.0929 0 
 43.5187  0.1963  2.0607  0.0283  0.1259  0.0449  0.3098  0.0427 -0.0003  0.0850 0 
 50.3273 -0.5541  1.8042  0.0282  0.2695  0.0845  0.4262  0.0264 -0.0003  0.2042 0 
 44.0711  0.5783 -1.3379  0.0029  0.3262  0.0284  0.5294  0.0967 -0.0003  0.1623 0 
 45.9419  0.3791 -1.6584  0.0190  0.3559  0.0215  0.2182  0.0607 -0.0003  0.1046 0 
 40.9400 -0.4004  1.4803  0.0681  0.2203  0.0622  0.3149  0.0574  0.1805  0.5515 0 
 44.0742 -0.7665 -0.1331  0.0775  0.3797  0.0116  0.1323  0.0934 -0.0003  0.1949 0 
 31.9005  0.7525  3.0282  0.0235  0.3248  0.0392  0.3376  0.0165 -0.0003  0.1656 0 
 46.8818  0.1411 -0.8400  0.0161  0.1499  0.0327  0.4340  0.0648 -0.0003  0.0944 0 
 43.4730 -0.1346  2.2943  0.0028  0.6187  0.0243  0.2656  0.0174 -0.0003  0.1312 0 
 45.9541  0.0214  0.9790  0.0321  0.1951  0.0332  0.3491  0.0335 -0.0003  0.1079 0 
 44.9287  0.0411 -2.1325  0.0670  0.4663  0.1279  0.3511  0.0939 -0.0003  0.4564 0 
 47.7394 -0.4258 -1.1661  0.0207  0.1939  0.1326  0.4320  0.0036 -0.0003  0.1484 0 
 44.8188  0.4298  1.9855  0.0337  0.1828  0.0244  0.3952  0.0192 -0.0003  0.1023 0 
 48.0751  0.2911 -2.1966  0.0070  0.6142  0.0290  0.0862  0.0063 -0.0003  0.2420 0 
 46.9551 -0.3049  0.9370  0.0157  0.3568  0.0499  0.3471  0.0236 -0.0003  0.1780 0 
 49.1768 -0.0562 -2.5161  0.4614  0.2811  0.0382  0.4287  0.2347 -0.0003  0.9748 1 
 46.7018  0.0617  0.6211  0.0408  0.2888  0.0726  0.0869  0.0641 -0.0003  0.4142 1 
 52.9763 -0.7364  2.9933  0.0010  0.1873  0.0454  0.2524  0.0717 -0.0003  0.0732 0 
 42.7039  0.7326 -0.0830  0.0144  0.4135  0.0602  0.4004  0.0256 -0.0003  0.1953 0 
 47.1626  0.7294 -1.7489  0.0103  0.4054  0.0427  0.5634  0.0418 -0.0003  0.2033 0 
 45.8259 -0.7362  1.3918  0.0652  0.1590  0.0299  0.3057  0.2603 -0.0003  0.4339 0 
 42.6795 -0.7131 -0.5777  0.2213  0.4319  0.0960  0.7118  0.2510 -0.0003  0.9790 1 
 41.7975  0.6883  2.5359  0.0382  0.3650  0.1448  0.6263  0.0530 -0.0003  0.3445 1 
 45.9754 -0.0588  2.3634  0.0478  0.1773  0.0135  0.3054  0.0342 -0.0003  0.0714 0 
 45.0965  0.0366 -0.7802  0.0007  0.2351  0.0730  0.0877  0.0621 -0.0003  0.2522 0 
 42.0386 -0.1735  1.7254  0.1453  0.1049  0.0584  0.2233  0.1971 -0.0003  0.6132 0 
 37.7020  0.1781 -1.4266  0.0096  0.4382  0.0282  0.3681  0.2130 -0.0003  0.3172 0 
 47.3060 -0.6395  0.8986  0.0089  0.1237  0.0618  0.5196  0.0551  0.0224  0.1234 0 
 44.8127  0.6377 -2.2599  0.0010  0.3614  0.0271  0.2635  0.0261 -0.0003  0.0843 0 
 49.9367  0.7380 -1.7842  0.2307  0.4639  0.0786  0.5978  0.3621  0.1710  0.9884 1 
 44.4770 -0.7407  1.3554  0.1010  0.7102  0.0483  0.4401  0.1446 -0.0003  0.8259 1 
 38.0865  0.4534  2.3920  0.1528  0.4103  0.0349  0.2753  0.0938 -0.0003  0.6485 1 
 36.5026 -0.4471 -0.7504  0.0195  0.2431  0.0396  0.4178  0.0252  0.3163  0.6268 1 
 44.5716  0.7509 -2.7915  0.0709  0.3057  0.0490  0.4398  0.0854 -0.0003  0.4478 0 
 41.3489 -0.7455  0.3304  0.0093  0.4683  0.0551  0.3141  0.0241 -0.0003  0.2023 0 
 43.6988  0.4019  1.5476  0.2841  0.2772  0.0934  0.2211  0.2043  0.4563  0.9971 1 
 40.1343 -0.3801 -1.6187  0.3948  0.6294  0.0125  0.3618  0.5045  0.1465  0.9974 1 
 52.5307 -0.7592 -0.2254  0.1196  0.3547  0.0447  0.4637  0.3376 -0.0003  0.9032 1 
 49.7963  0.7469  2.9386  0.1680  0.6555  0.0533  0.3846  0.2219 -0.0003  0.9473 1 
 45.4841 -0.6373  2.2162  0.0276  0.0696  0.0423  0.3937  0.0224 -0.0003  0.0790 0 
 43.3722  0.6175 -0.9020  0.0426  0.2086  0.1063  0.3987  0.0253 -0.0003  0.2089 0 
 46.4607  0.3999  0.7546  0.0099  0.2417  0.0189  0.3480  0.0242 -0.0003  0.0586 0 
 35.1385 -0.3871 -2.3799  0.0056  0.3669  0.0218  0.1877  0.0787 -0.0003  0.1047 0 
 49.4423  0.1513 -2.7412  0.0232  0.2104  0.0501  0.3425  0.0234 -0.0003  0.1302 0 
 44.5167 -0.1420  0.3800  0.0158  0.1934  0.0287  0.2200  0.0211 -0.0003  0.0672 0 
 43.9246 -0.5444 -0.8208  0.0229  0.2409  0.0116  0.2649  0.0143 -0.0003  0.0584 0 
 40.2167  0.5361  2.3081  0.0177  0.2372  0.0620  0.2260  0.0496 -0.0003  0.1636 0 
 41.7151 -0.5060  1.7996  0.0002  0.2432  0.0103  0.1790  0.0213  0.1339  0.2192 0 
 35.9503  0.4892 -1.3882  0.0261  0.1550  0.0348  0.5594  0.0153 -0.0003  0.1583 0 
 45.4017 -0.0077 -2.2317  0.0809  0.1716  0.1385  0.3064  0.0317  0.1056  0.4234 0 
 39.6887  0.0203  0.9404  0.0217  0.5968  0.0296  0.3629  0.0125 -0.0003  0.2091 0 
 42.5360  0.5786  2.9475  0.0904  0.5459  0.1086  0.8906  0.2621 -0.0003  0.9226 0 
 38.0743 -0.6045 -0.1951  0.0083  0.3994  0.0089  0.2753  0.0245 -0.0003  0.0678 0 
 49.0486  0.6150 -0.8758  0.2138  0.6577  0.0469  0.4290  0.3441 -0.0003  0.9815 1 
 34.6166 -0.6078  2.2855  0.4776  0.3808  0.0460  0.2827  0.2495  0.4889  0.9994 1 
 47.1015  0.3942  1.0489  0.0163  0.2770  0.0437  0.2168  0.0335 -0.0003  0.1367 0 
 41.0742 -0.3549 -2.1079  0.0283  0.2668  0.0308  0.1798  0.0223 -0.0003  0.1315 0 
 48.0018  0.3664 -2.9676  0.0030  0.2302  0.0869  0.5176  0.0467 -0.0003  0.1416 0 
 43.1495 -0.3547  0.1628  0.0114  0.5480  0.0207  0.1331  0.0159 -0.0003  0.1548 0 
 45.4231 -0.0489  3.0833  0.5849  0.5784  0.0496  0.4376  0.3591 -0.0003  0.9948 1 
 41.1627  0.0542 -0.0755  0.0811  0.5174  0.0641  0.5391  0.2101  0.1620  0.8863 1 
 45.2583 -0.7361 -0.1521  0.0215  0.3287  0.0162  0.4380  0.0222 -0.0003  0.1180 0 
 39.0875  0.7288  2.9859  0.0244  0.2656  0.0122  0.2278  0.0106 -0.0003  0.0713 0 
 39.2096  0.3684  2.9884  0.0095  0.2781  0.0329  0.4097  0.0400 -0.0003  0.1053 0 
 37.9767 -0.3408 -0.1658  0.0908  0.3735  0.0281  0.1837  0.0526 -0.0003  0.3112 0 
 49.5918  0.5571 -2.4484  0.0261  0.3702  0.0110  0.1283  0.0078 -0.0003  0.1267 0 
 46.5797 -0.5625  0.7015  0.0165  0.6119  0.0254  0.3043  0.0063 -0.0003  0.1764 0 
 47.9988  0.7931 -0.1818  0.0128  0.5985  0.0704  0.3451  0.0695 -0.0003  0.2653 0 
 47.9561 -0.7970  2.9618  0.0006  0.2214  0.0367  0.3020  0.0256 -0.0003  0.0671 0 
 62.9496 -0.5880  2.8112  0.4482  0.2853  0.1716  0.4032  0.4837 -0.0003  0.9985 1 
 44.4160  0.5819 -0.4202  0.2143  0.3467  0.0313  0.4402  0.0786  0.1206  0.8257 1 
 46.4393  0.5308  3.1148  0.0960  0.5312  0.0577  0.4786  0.1336 -0.0003  0.7253 0 
 30.5821 -0.5631 -0.0371  0.0158  0.5175  0.0224  0.4394  0.1611 -0.0003  0.2791 0 
 56.2753 -0.1909  0.2785  0.0282  0.1755  0.3164  0.3729  0.0142 -0.0003  0.1913 0 
 43.9429  0.1359 -2.8758  0.0121  0.3273  0.1556  0.3090  0.0323  0.7745  0.7266 0 
 51.4199  0.2988  3.0033  0.0179  0.2934  0.1595  0.4662  0.0814 -0.0003  0.2488 0 
 48.9265 -0.3076 -0.1014  0.0275  0.3784  0.0141  0.3005  0.1459 -0.0003  0.1621 0 
 43.5065 -0.4481 -1.0283  0.1729  0.5358  0.0333  0.5312  0.1121 -0.0003  0.8319 1 
 42.7100  0.4632  2.1109  0.3120  0.1216  0.0626  0.2669  0.3243  0.5514  0.9995 1 
 47.7363  0.3012  1.3870  0.0558  0.1825  0.0280  0.3024  0.0609 -0.0003  0.1339 0 
 43.8697 -0.2843 -1.7544  0.0224  0.6959  0.0171  0.3533  0.0184 -0.0003  0.1545 0 
 45.6031 -0.4964  0.5293  0.0057  0.1320  0.0657  0.3497  0.0224 -0.0003  0.0813 0 
 36.3256  0.5171 -2.6382  0.0296  0.3825  0.0242  0.3719  0.0244  0.0333  0.2260 0 
 47.6112  0.0951  2.2759  0.0001  0.4174  0.0659  0.3891  0.0850 -0.0003  0.1775 0 
 36.6247 -0.0674 -0.8917  0.0523  0.4000  0.0905  0.0927  0.0572 -0.0003  0.5386 0 
 49.9489  0.5675  2.7084  0.0451  0.1485  0.0622  0.5124  0.0296 -0.0003  0.2099 0 
 42.8565 -0.5862 -0.4187  0.0709  0.1479  0.0435  0.2222  0.0049 -0.0003  0.1651 0 
 47.8401 -0.6396  2.3763  0.1959  0.3473  0.0966  0.2591  0.1561 -0.0003  0.8983 1 
 37.3449  0.6295 -0.7555  0.5098  0.6164  0.0252  0.3229  0.2651 -0.0003  0.9914 1 
 52.3049 -0.5440 -2.8525  1.0601  0.3409  0.0900  0.3376  1.0864 -0.0003  0.9960 1 
 48.7007  0.5376  0.2543  0.1389  0.3653  0.0460  0.3868  0.1190 -0.0003  0.7166 1 
 60.4532 -0.7216 -2.2387  0.0214  0.3033  0.0526  0.3664  0.0661  0.1047  0.3488 0 
 48.4352  0.7189  0.8645  0.0221  0.2840  0.1280  0.1722  0.1147 -0.0003  0.3879 0 
 52.1035  0.3829 -2.6023  0.0139  0.2150  0.0676  0.5492  0.1221 -0.0003  0.2314 0 
 45.3346 -0.4055  0.5515  0.0316  0.1362  0.0521  0.3065  0.0080 -0.0003  0.1054 0 
 45.6611  0.3760  1.4185  0.0482  0.1180  0.0818  0.4370  0.0352 -0.0003  0.1610 0 
 44.3275 -0.3364 -1.7158  0.0133  0.3521  0.0130  0.2643  0.0068  0.0629  0.1409 0 
 45.7343  0.1523 -2.6537  0.0071  0.0436  0.0348  0.2621  0.0872 -0.0003  0.0561 0 
 41.9196 -0.1003  0.4638  0.0521  0.3317  0.1173  0.4470  0.0330 -0.0003  0.3101 0 
 48.9357  0.7645  0.1232  0.0127  0.0186  0.0530  0.2575  0.0410 -0.0003  0.0662 0 
 43.7720 -0.7684 -3.0381  0.0239  0.2326  0.1228  0.3094  0.0140 -0.0003  0.1644 0 
 45.9480 -0.5263 -0.6398  0.0155  0.4230  0.0531  0.3927  0.0617 -0.0003  0.2124 0 
 39.5727  0.5248  2.4803  0.0971  0.3303  0.0432  0.1816  0.0335 -0.0003  0.4376 0 
 47.9408 -0.5709 -1.2930  0.0339  0.3553  0.0844  0.3452  0.0880 -0.0003  0.3283 0 
 46.5553  0.5655  1.8294  0.0165  0.1603  0.0195  0.5218  0.0560 -0.0003  0.1088 0 
 43.1586  0.7155 -1.7675  0.0209  0.3026  0.0609  0.5767  0.0291 -0.0003  0.2312 0 
 34.6044 -0.7206  1.3818  0.1610  0.4202  0.0386  0.3299  0.0989  0.2233  0.9070 0 
 50.7759 -0.4468 -2.9297  0.0960  0.2941  0.0664  0.2976  0.0151 -0.0003  0.4382 0 
 44.4892  0.4499  0.1811  0.1416  0.5189  0.0159  0.4400  0.2001 -0.0003  0.7771 0 
 68.3574  0.4918  0.6663  0.0061  0.4095  0.0963  0.3162  0.0280 -0.0003  0.1835 0 
 44.6784 -0.4929 -2.5233  0.1023  0.1444  0.0742  0.5714  0.1337 -0.0003  0.6102 0 
 45.6519  0.7906  0.1382  0.0139  0.2036  0.1515  0.5245  0.0091 -0.0003  0.1683 0 
 43.5798 -0.7872 -3.0241  0.0307  0.2807  0.0692  0.2212  0.0242 -0.0003  0.2488 0 
 50.3883 -0.7640  2.4877  0.0949  0.2069  0.0708  0.3834  0.1938 -0.0003  0.6523 0 
 43.0396  0.7582 -0.6805  0.0973  0.2623  0.0132  0.4439  0.1304 -0.0003  0.4491 0 
 42.0966  0.3080  0.7898  0.1483  0.3714  0.0291  0.5358  0.1237 -0.0003  0.7685 1 
 31.2169 -0.2968 -2.3494  0.6106  0.4729  0.0217  0.3397  0.7425 -0.0003  0.9983 1 
 45.8106  0.6067 -1.2247  0.0142  0.4884  0.1560  0.5676  0.0112 -0.0003  0.2357 0 
 45.7527 -0.6349  1.9207  0.0116  0.0854  0.0568  0.3931  0.0594  0.2492  0.2429 0 
 46.9917  0.5542 -1.2064  0.0853  0.4358  0.0305  0.3036  0.0909  0.3160  0.9627 1 
 44.2206 -0.5740  2.0040  0.0238  0.6293  0.0593  0.4407  0.2632  0.1861  0.8430 1 
 45.3773  0.6232 -2.6747  0.0949  0.1152  0.1036  0.4377  0.1232 -0.0003  0.4354 1 
 39.3194 -0.6961  0.4514  0.5871  0.6266  0.0597  0.3184  0.3342  0.5037  0.9991 1 
 83.5035  0.1362  1.5788  0.0026  0.3515  0.0367  0.2642  0.0090 -0.0003  0.1241 0 
 50.4311 -0.1189 -1.5211  0.1121  0.3423  0.3940  0.5537  0.0699 -0.0003  0.6319 0 
 53.1716 -0.7468 -1.8822  0.0416  0.2160  0.0600  0.5043  0.1557 -0.0003  0.3762 0 
 46.5370  0.7291  1.2404  0.0144  0.0914  0.0356  0.4784  0.0146 -0.0003  0.0846 0 
 47.9500 -0.4679  1.1150  0.0038  0.1578  0.0326  0.2589  0.0488 -0.0003  0.0506 0 
 43.1922  0.4617 -2.0342  0.1067  0.4236  0.0177  0.4435  0.1332 -0.0003  0.6139 0 
 44.9348  0.1928 -2.4705  0.0720  0.2000  0.0340  0.3072  0.0908 -0.0003  0.2537 0 
 28.6625 -0.1913  0.6794  0.1241  0.0801  0.0193  0.1991  0.0620 -0.0003  0.1144 0 
 44.1993  0.3985 -0.5179  0.0129  0.5816  0.0444  0.4408  0.1025 -0.0003  0.2735 0 
 34.3816 -0.4109  2.6205  0.0192  0.2231  0.0486  0.2833  0.0301 -0.0003  0.1189 0 
 47.6051 -0.0586  1.7803  0.0082  0.4187  0.0587  0.4755  0.0182  0.1688  0.3486 0 
 44.8218  0.0597 -1.3499  0.0428  0.6590  0.0279  0.4831  0.0164 -0.0003  0.3465 0 
 48.2643  0.2514  3.0943  0.0181  0.2682  0.0304  0.1292  0.0356 -0.0003  0.1343 0 
 41.4862 -0.2559 -0.0339  0.0135  0.4598  0.0823  0.3138  0.1077 -0.0003  0.3126 0 
 39.4995 -0.3361  3.1057  0.4299  0.6851  0.0919  0.4542  0.3695  0.6702  0.9999 1 
 39.3378  0.3593 -0.0012  0.2277  0.8180  0.0299  0.4548  0.1497 -0.0003  0.8922 1 
 45.3803 -0.2736 -0.2339  0.1112  0.3501  0.0341  0.3064  0.1273 -0.0003  0.5980 0 
 42.2339  0.2780  2.9043  0.0054  0.2824  0.0197  0.1784  0.0123 -0.0003  0.0808 0 
 53.6934 -0.7381 -1.7831  0.0077  0.2354  0.0238  0.2096  0.0235 -0.0003  0.0638 0 
 50.7790  0.7471  1.3559  0.0585  0.7916  0.0464  0.4252  0.1093 -0.0003  0.6258 0 
 49.8604 -0.7459 -0.9918  0.0102  0.2943  0.0755  0.3845  0.0478 -0.0003  0.1624 0 
 38.6328  0.7486  2.1614  0.0209  0.3373  0.0612  0.4113  0.0120 -0.0003  0.2007 0 
 63.6027  0.3476 -2.6658  0.0052  0.1388  0.0216  0.2011  0.0773 -0.0003  0.0466 0 
 37.8058 -0.3912  0.5077  0.0019  0.1509  0.0422  0.2299  0.0873 -0.0003  0.0686 0 
 47.1656  0.1376 -0.5629  0.0937  0.5165  0.0233  0.2600  0.0479 -0.0003  0.3701 0 
 43.9307 -0.1559  2.5798  0.0868  0.1432  0.0695  0.5740  0.0519 -0.0003  0.4070 0 
 41.4435  0.5577  3.0134  0.4491  0.5111  0.0760  0.3139  0.2758  0.2063  0.9946 1 
 40.6806 -0.5594 -0.1601  0.0955  0.5745  0.0754  0.2704  0.0074  0.4753  0.9919 1 
 56.2234 -0.3459  0.2501  0.0264  0.4482  0.1170  0.5388  0.1585 -0.0003  0.3950 1 
 50.9834  0.3256 -2.9232  0.1153  0.3193  0.0587  0.5947  0.2919 -0.0003  0.8934 1 
 39.9023 -0.7220 -1.4481  0.0364  0.2673  0.0708  0.4530  0.1679 -0.0003  0.3992 0 
 34.6593  0.7301  1.7292  0.0089  0.2319  0.0160  0.3768  0.0396 -0.0003  0.0547 0 
 54.6395  0.3107  1.3453  0.0745  0.0959  0.1177  0.3757  0.0218 -0.0003  0.1642 0 
 47.8706 -0.3498 -1.7873  0.0094  0.3676  0.2502  0.6907  0.0740 -0.0003  0.3259 0 
 45.6153  0.7190 -0.3082  0.0162  0.3926  0.0121  0.2186  0.0472 -0.0003  0.0873 0 
 42.8931 -0.7250  2.8367  0.0128  0.0587  0.0370  0.2666  0.0076 -0.0003  0.0588 0 
 45.4383 -0.0101 -1.3584  0.1310  0.5045  0.1265  0.5251  0.0814 -0.0003  0.6265 0 
 45.4261  0.0183  1.7720  0.0489  0.2434  0.0282  0.2626  0.0363 -0.0003  0.1364 0 
 49.3721  0.0748 -1.4818  0.0166  0.4054  0.0727  0.4283  0.0588 -0.0003  0.2191 0 
 41.6327 -0.0439  1.6393  0.0586  0.4434  0.0099  0.1791  0.0302 -0.0003  0.1413 0 
 45.1484 -0.5685  1.4922  0.0520  0.6389  0.0348  0.3945  0.1152 -0.0003  0.5111 1 
 28.1285  0.5225 -1.7098  0.1910  0.6937  0.0290  0.5005  0.1381  0.2700  0.9887 1 
 40.2625  0.7690  0.7045  0.1097  0.4707  0.0396  0.4519  0.0875  0.1637  0.7938 1 
 32.0012 -0.7732 -2.4398  0.2670  0.4819  0.0251  0.3855  0.3062 -0.0003  0.9597 1 
 39.3866 -0.6585 -2.1058  0.0277  0.2669  0.0473  0.1364  0.0214 -0.0003  0.2257 0 
 38.3795  0.6517  1.0321  0.0047  0.6113  0.0571  0.2289  0.0130 -0.0003  0.2769 0 
 47.0649 -0.8052 -1.9448  0.0131  0.3206  0.0503  0.2602  0.0897 -0.0003  0.1868 0 
 44.4404  0.7944  1.2451  0.0797  0.2880  0.0514  0.5282  0.2192 -0.0003  0.6906 0 
 50.9773  0.0753 -0.7140  0.0378  0.4077  0.0887  0.6797  0.0662 -0.0003  0.3815 0 
 42.2858 -0.0607  2.3774  0.1591  0.1547  0.0510  0.5352  0.0687 -0.0003  0.5926 0 
 57.2396 -0.3182 -2.5829  0.0345  0.4683  0.0136  0.0825  0.0323 -0.0003  0.1457 0 
 47.8157  0.3360  0.5404  0.0308  0.4055  0.1021  0.5182  0.0247 -0.0003  0.2567 0 
 52.7321  0.1967 -2.6805  0.1198  0.4272  0.0354  0.2948  0.0894 -0.0003  0.5999 0 
 45.3346 -0.1954  0.4141  0.0024  0.1979  0.1005  0.5254  0.0510 -0.0003  0.1334 0 
 51.5084  0.7117 -0.7269  0.0160  0.4733  0.0594  0.3813  0.1381 -0.0003  0.3484 0 
 45.8839 -0.7159  2.4383  0.1541  0.2468  0.0295  0.3928  0.1224 -0.0003  0.6378 0 
 48.0903 -0.4140  1.3721  0.0040  0.2946  0.0647  0.3018  0.0158 -0.0003  0.1495 0 
 45.8503  0.4070 -1.7373  0.0998  0.1142  0.0229  0.3056  0.1068 -0.0003  0.2106 0 
 47.4006  0.2928  2.2473  0.0008  0.7498  0.1611  0.6059  0.0441 -0.0003  0.2768 0 
 43.2990 -0.2899 -0.9105  0.0439  0.2404  0.0279  0.3545  0.0897  0.0170  0.2228 0 
 50.6905 -0.2280  1.1514  0.1067  0.7638  0.1344  0.5105  0.1971 -0.0003  0.8868 0 
 44.4068  0.2036 -1.9491  0.0393  0.4809  0.0341  0.3082  0.0701  0.0936  0.4963 0 
 47.3365 -0.2424  3.0598  0.0045  0.3774  0.0148  0.2598  0.0355 -0.0003  0.0683 0 
 38.8556  0.2331 -0.0806  0.0153  0.4808  0.0246  0.2282  0.0076 -0.0003  0.1523 0 
 47.8187  0.4746 -0.4683  0.0258  0.4301  0.0439  0.2591  0.1118 -0.0003  0.2940 0 
 43.5920 -0.4555  2.6236  0.0136  0.6134  0.0181  0.1770  0.1448 -0.0003  0.1725 0 
 47.0558  0.1863 -0.1710  0.8333  0.3538  0.0559  0.4336  0.4693 -0.0003  0.9963 1 
 43.6866 -0.1789  3.0201  0.3745  0.6084  0.1400  0.5306  0.2851 -0.0003  0.9959 1 
 48.2643  0.5979 -2.4315  0.0162  0.1295  0.0436  0.3446  0.0449 -0.0003  0.0761 0 
 46.2226 -0.6127  0.7054  0.0295  0.2148  0.0132  0.2614  0.0124  0.0792  0.1716 0 
 43.8483 -0.8191 -0.4767  0.0403  0.2966  0.0414  0.4417  0.1162 -0.0003  0.3313 0 
 32.8923  0.7467  2.6181  0.0355  0.3683  0.1835  0.5737  0.0220 -0.0003  0.2970 0 
 64.1611  0.7063 -2.1858  0.0859  0.2933  0.2496  0.3210  0.0692 -0.0003  0.4944 1 
 48.0232 -0.7111  0.9442  0.2458  0.5552  0.0526  0.5607  0.3157  0.2943  0.9987 1 
 48.2429 -0.5923  3.0479  0.0062  0.6362  0.0070  0.1724  0.0070 -0.0003  0.1137 0 
 42.0905  0.6141 -0.1035  0.0750  0.1450  0.0318  0.2679  0.0073 -0.0003  0.1415 0 
 51.8959  0.7510 -1.1508  0.0250  0.0860  0.0403  0.1691  0.0750 -0.0003  0.0747 0 
 36.9848 -0.7661  2.0061  0.0009  0.5917  0.0400  0.3700  0.0452 -0.0003  0.1536 0 
 51.0262 -0.7588 -0.3297  0.0831  0.6579  0.0898  0.4247  0.1079  0.0648  0.7148 1 
 38.0865  0.7471  2.8401  0.0579  0.5147  0.0300  0.3670  0.1678 -0.0003  0.5412 1 
 46.9276 -0.3850 -0.9947  0.3304  0.4384  0.0274  0.3905  0.3454 -0.0003  0.9834 1 
 46.7323  0.4023  2.1469  0.0344  0.1432  0.0296  0.3909  0.0510 -0.0003  0.0995 1 
 41.8311  0.7581 -1.5576  0.0258  0.3814  0.1306  0.4026  0.0252 -0.0003  0.2289 0 
 36.8017 -0.7601  1.5691  0.0056  0.7957  0.0440  0.3242  0.0633 -0.0003  0.2290 0 
 46.0487  0.0081  1.6278  0.5910  0.3940  0.0627  0.6105  1.0322 -0.0003  0.9987 1 
 33.6553  0.0029 -1.4941  0.4969  0.3167  0.0566  0.1900  0.3131 -0.0003  0.9938 1 
 49.4423  0.3382 -1.6321  0.3030  0.7142  0.0546  0.4281  0.3101 -0.0003  0.9863 1 
 37.0855 -0.3935  1.5504  0.0171  0.6223  0.0452  0.2773  0.3106  0.2221  0.8545 1 
 52.1309 -0.7466 -0.0291  0.0186  0.4727  0.0202  0.2534  0.0228 -0.0003  0.1198 0 
 51.4717  0.7245  3.1237  0.0197  0.5771  0.1025  0.7627  0.1503 -0.0003  0.4287 0 
 52.9610  0.3460  1.4157  0.0271  0.3692  0.0360  0.3786  0.0128 -0.0003  0.1965 0 
 43.9185 -0.3668 -1.7642  0.0118  0.3185  0.0127  0.1766  0.0128 -0.0003  0.0844 0 
 44.7333  0.3398  2.4653  0.0003  0.5463  0.0665  0.2197  0.1137 -0.0003  0.3607 0 
 43.0732 -0.3851 -0.6499  0.0985  0.7351  0.0946  0.3550  0.0965 -0.0003  0.7287 0 
 46.4302  0.3017 -2.0453  0.0804  0.1901  0.0291  0.1306  0.1207 -0.0003  0.2971 0 
 36.3806 -0.3322  1.0881  0.0062  0.1895  0.0099  0.4182  0.0443 -0.0003  0.0470 0 
 46.5736 -0.6563 -1.4949  0.0112  0.2423  0.0366  0.2609  0.0421 -0.0003  0.0840 0 
 44.5197  0.6458  1.6544  0.0366  0.6775  0.0251  0.4400  0.1962 -0.0003  0.5369 0 
 48.6336  0.5212  1.4638  0.0034  0.1633  0.0560  0.2150  0.0373 -0.0003  0.0834 0 
 42.5727 -0.5332 -1.7355  0.1760  0.4023  0.0582  0.4452  0.2469 -0.0003  0.9395 0 
 45.7435  0.1966  2.6865  0.2920  0.5645  0.0560  0.2621  0.2112 -0.0003  0.9620 1 
 43.4394 -0.2171 -0.4268  0.0164  0.6237  0.0886  0.5756  0.2543 -0.0003  0.5761 1 
 51.9478 -0.7004  2.0856  0.0055  0.6453  0.0361  0.3805  0.0157 -0.0003  0.1750 0 
 47.8981  0.6951 -1.0434  0.0782  0.1339  0.0978  0.3885  0.1064 -0.0003  0.3497 0 
 55.3658 -0.4841 -1.6448  0.1194  0.8545  0.1407  0.4576  0.0966 -0.0003  0.7739 1 
 38.3337  0.4803  1.4713  0.3881  0.8128  0.0299  0.5496  0.2585  0.1472  0.9865 1 
 47.8492  0.6976 -1.5159  0.2146  0.5050  0.0762  0.4749  0.1234 -0.0003  0.8809 1 
 39.8718 -0.7070  1.6198  0.1788  0.6572  0.0886  0.4078  0.1296  0.5265  0.9983 1 
 52.3262  0.6959 -1.0742  0.0276  0.1451  0.0130  0.2532  0.0394 -0.0003  0.0430 0 
 47.2084 -0.6985  2.0709  0.0211  0.0701  0.0212  0.1300 -0.0001 -0.0003  0.0611 0 
 50.3670 -0.7440 -1.9637  0.3946  0.4815  0.0820  0.4261  0.1706  0.1931  0.9805 1 
 48.8746  0.7150  1.1702  0.0584  0.5106  0.1018  0.6441  0.0493 -0.0003  0.3919 1 
 48.4871  0.5641 -0.2325  0.2311  0.4311  0.0674  0.3442  0.1990 -0.0003  0.9470 1 
 46.9032 -0.5812  2.8849  0.0788  0.4026  0.0500  0.3038  0.0196 -0.0003  0.4467 1 
 58.9181  0.5919 -1.6659  0.0138  0.3307  0.0598  0.2049  0.0517  0.2146  0.4936 0 
 35.9075 -0.5964  1.5225  0.0470  0.2400  0.0490  0.1865  0.1744 -0.0003  0.4229 0 
 48.0873  0.7474  1.4353  0.0424  0.4035  0.1168  0.4743  0.0526 -0.0003  0.3066 0 
 41.9226 -0.7351 -1.6720  0.1379  0.4518  0.0202  0.2682  0.0814 -0.0003  0.4661 0 
 45.6123  0.6605  0.2738  0.2695  0.3110  0.0613  0.4372  0.3008 -0.0003  0.9815 0 
 45.3315 -0.6707 -2.8589  0.0856  0.1393  0.0689  0.5692  0.1332 -0.0003  0.5247 0 
 48.8075  0.1292  2.3639  0.2953  0.4818  0.0764  0.3436  0.1550 -0.0003  0.9460 1 
 45.3407 -0.1794 -0.8101  0.5600  0.5650  0.0947  0.6568  0.6317 -0.0003  0.9977 1 
 38.2696 -0.2482 -3.0358  0.0905  0.2212  0.0487  0.2749  0.2026  0.2215  0.8396 0 
 37.1374  0.2145  0.1187  0.1293  0.3947  0.0258  0.1848  0.0794 -0.0003  0.4439 0 
 47.4556  0.7924 -1.0007  0.0351  0.3191  0.0647  0.3461  0.1876 -0.0003  0.4703 1 
 33.4203 -0.7759  2.1427  0.2816  0.2637  0.0556  0.2856  0.1962  0.4348  0.9986 1 
 45.8747 -0.0290  1.7980  0.0392  0.2735  0.1440  0.4802  0.0508 -0.0003  0.2816 0 
 41.5991  0.0155 -1.3794  0.0854  0.6247  0.0095  0.0896  0.0652 -0.0003  0.2665 0 
 45.9907  0.7452 -0.4655  0.0250  0.7577  0.0728  0.4798  0.0407 -0.0003  0.3033 1 
 26.5965 -0.7429  2.6492  0.0589  0.4029  0.0338  0.2036  0.0620  0.3992  0.9864 1 
 48.6458  0.7419 -2.2007  0.0354  0.4912  0.0115  0.1290  0.0276 -0.0003  0.1345 0 
 44.0284 -0.7367  0.9436  0.0277  0.3106  0.0261  0.5736  0.0189 -0.0003  0.2330 0 
 48.9235 -0.6131  1.2398  0.0012  0.4494  0.0345  0.4293  0.0272 -0.0003  0.1326 0 
 45.9236  0.6245 -1.8634  0.0070  0.3497  0.0216  0.3055  0.0170 -0.0003  0.0807 0 
 44.7181 -0.7821  0.3067  0.1505  0.4370  0.0346  0.3955  0.1091 -0.0003  0.7247 0 
 30.0694  0.7635 -2.8298  0.0184  0.1503  0.0412  0.4416  0.0261 -0.0003  0.1043 0 
 45.7191  0.5870 -2.1086  0.0375  0.0757  0.0134  0.2184  0.0231 -0.0003  0.0401 0 
 44.3305 -0.5927  1.0491  0.0305  0.3280  0.0140  0.3083  0.0251 -0.0003  0.0909 0 
 51.5877  0.6056 -0.1411  0.0299  0.0782  0.0420  0.1694  0.0327 -0.0003  0.0709 0 
 41.1292 -0.6177  2.9815  0.1633  0.2371  0.1230  0.4044  0.0560 -0.0003  0.5562 0 
 48.7953 -0.6913 -0.2918  0.0101  0.2095  0.0476  0.3007  0.0070 -0.0003  0.1043 0 
 43.4791  0.6934  2.8552  0.0281  0.0687  0.0631  0.2213  0.0207 -0.0003  0.0828 0 
 50.9041 -0.2902  1.5810  0.0119  0.2526  0.1460  0.2550  0.0031 -0.0003  0.1607 0 
 44.9043  0.2856 -1.5833  0.0067  0.5446  0.0218  0.3073  0.0518 -0.0003  0.1070 0 
 47.7211 -0.0265 -2.0846  0.0344  0.5636  0.1923  0.3888  0.0226 -0.0003  0.2838 0 
 43.5126  0.0249  1.0126  0.0007  0.1098  0.0267  0.3098  0.0500 -0.0003  0.0420 0 
 47.8828  0.5891  1.6463  0.0219  0.7217  0.1148  0.2158  0.0119 -0.0003  0.2598 0 
 40.3998 -0.5972 -1.5013  0.0002  0.2572  0.0279  0.3612  0.0579  0.0719  0.1526 0 
 49.0822  0.7041  2.6271  0.0325  0.2044  0.3315  0.4718  0.0677 -0.0003  0.3076 0 
 45.2766 -0.7001 -0.5001  0.0050  0.3982  0.0902  0.1752  0.0596 -0.0003  0.3080 0 
 50.6020 -0.4718 -1.4214  0.0057  0.5896  0.0364  0.5107 -0.0200 -0.0003  0.1803 0 
 45.4841  0.4679  1.7503  0.0102  0.1129  0.0521  0.1750  0.0052 -0.0003  0.0874 0 
 47.3274  0.0816  2.4325  0.0853  0.3643  0.1650  0.4330  0.0643 -0.0003  0.4248 0 
 41.8555 -0.1759 -0.7873  0.0219  0.6295  0.0429  0.2236  0.1763 -0.0003  0.4411 0 
 42.9847 -0.7832  0.0142  0.1401  0.6017  0.0340  0.7549  0.1169 -0.0003  0.8705 1 
 36.7102  0.8165 -3.0947  0.2103  0.0932  0.0904  0.3245  0.1245  0.6078  0.9970 1 
 44.6662  0.7527  2.1914  0.0115  0.5966  0.0354  0.1758  0.0093 -0.0003  0.2438 0 
 44.1321 -0.7166 -0.8996  0.0060  0.5552  0.0908  0.3528  0.0086 -0.0003  0.1861 0 
 49.7139  0.2413  1.0564  0.0084  0.4803  0.0446  0.3420  0.0106 -0.0003  0.1870 0 
 45.5238 -0.2347 -2.0944  0.0627  0.2043  0.0228  0.3499  0.0959 -0.0003  0.2023 0 
 44.4770  0.5481 -1.7325  0.0289  0.2704  0.0307  0.2640  0.0373 -0.0003  0.1130 0 
 41.5381 -0.5727  1.3938  0.0735  0.3270  0.0524  0.4481  0.0222 -0.0003  0.3956 0 
 48.2338 -0.7044 -0.8510  0.0239  0.1484  0.0456  0.4739  0.0339 -0.0003  0.1299 0 
 42.3468  0.6912  2.2723  0.0574  0.1507  0.0483  0.1783  0.0032 -0.0003  0.1621 0 
 49.5827 -0.7112 -0.5392  0.6756  0.5820  0.0601  0.4706  0.4915 -0.0003  0.9972 1 
 46.2806  0.6916  2.5902  0.2126  0.2593  0.0899  0.4791  0.2701  0.2121  0.9717 1 
 42.6368 -0.6418  2.1631  0.2655  0.2838  0.0101  0.5340  0.9144 -0.0003  0.9982 1 
 38.6145  0.6253 -0.8683  0.0640  0.7151  0.1475  0.5028  0.1979  0.6651  0.9828 1 
 42.5666  0.7308  2.2552  0.0287  0.6419  0.0368  0.3561  0.0696 -0.0003  0.2874 0 
 37.1862 -0.7319 -0.8682  0.0066  0.4577  0.0129  0.2771  0.1293 -0.0003  0.1148 0 
 45.8534  0.6014  3.0014  0.0993  0.5188  0.0764  0.4365  0.0147 -0.0003  0.5050 0 
 45.2644 -0.6010 -0.1580  0.0908  0.2322  0.0559  0.7008  0.1569 -0.0003  0.7342 0 
 46.9276  0.1081 -1.3342  1.2050  0.4006  0.0404  0.3471  0.6164 -0.0003  0.9968 1 
 43.8178 -0.1156  1.7970  0.3645  0.1649  0.0397  0.3534  0.3443 -0.0003  0.9823 1 
 46.0822  0.2175 -1.5879  0.0319  0.5358  0.1192  0.5668  0.1699 -0.0003  0.4603 0 
 45.5634 -0.1714  1.5369  0.0737  0.4943  0.0244  0.2623  0.0645  0.1147  0.5752 0 
 48.8350 -0.4629  2.3287  0.0197  0.3583  0.1828  0.4724  0.0535 -0.0003  0.2533 0 
 45.0599  0.4703 -0.8006  0.0285  0.2169  0.0334  0.2193  0.0209 -0.0003  0.1034 0 
 50.4006  0.3534 -1.6491  0.0176  0.4534  0.0900  0.6390  0.0641 -0.0003  0.2747 0 
 47.5410 -0.3616  1.5081  0.0367  0.3736  0.0112  0.2163  0.0926 -0.0003  0.1254 0 
 51.3527  0.1179  2.0173  0.0221  0.1842  0.1635  0.4240  0.0118 -0.0003  0.1558 0 
 40.6775 -0.1137 -1.1313  0.0144  0.3959  0.0272  0.4507  0.0388 -0.0003  0.1529 0 
 47.6600 -0.0255  1.1498  0.1293  0.1524  0.1086  0.3890  0.1343 -0.0003  0.6140 0 
 41.6785  0.0263 -1.8749  0.0316  0.4179  0.0593  0.4477  0.0356 -0.0003  0.2684 0 
 42.6093  0.7583  2.9941  0.1805  0.5050  0.0227  0.3116  0.0878 -0.0003  0.6152 0 
 39.1424 -0.7563 -0.1280  0.0561  0.0707  0.0222  0.4098  0.0521 -0.0003  0.0939 0 
 36.2036  0.4095 -1.1141  0.0402  0.2421  0.0495  0.3257  0.0180 -0.0003  0.1920 0 
 29.8466 -0.3842  2.0272  0.0976  0.4627  0.0027  0.1475  0.2413  0.0382  0.3837 0 
 50.5592 -0.1846  2.2284  0.1557  0.3633  0.0269  0.3405  0.0893  0.0518  0.6898 1 
 24.8997  0.2355 -0.9677  0.7176  0.5580  0.0098  0.3117  0.7823  0.0313  0.9983 1 
 46.1524  0.5496  0.2726  0.0121  0.3542  0.0945  0.4794  0.0219 -0.0003  0.1839 0 
 44.9897 -0.5376 -2.9014  0.2142  0.2553  0.0355  0.3510  0.2221 -0.0003  0.8726 0 
 48.9296  0.5454  2.8632  0.1544  0.5044  0.0253  0.1717  0.2421 -0.0003  0.7278 0 
 47.6844 -0.5183 -0.2810  0.0559  0.3703  0.0439  0.4753  0.0765 -0.0003  0.4171 0 
 43.7110  0.3668  1.2640  0.0241  0.1624  0.0715  0.5747  0.0515 -0.0003  0.1974 0 
 42.4598 -0.3699 -1.8632  0.0009  0.3876  0.0237  0.3118  0.0826 -0.0003  0.0840 0 
 49.5705 -0.7093 -3.0887  0.0192  0.3016  0.0508  0.4706  0.1544 -0.0003  0.2999 0 
 34.2901  0.7221  0.0364  0.0846  0.2471  0.0214  0.2362  0.1110  0.2037  0.7541 0 
 48.9784 -0.1014 -1.4770  0.0467  0.1798  0.0258  0.2575  0.0473 -0.0003  0.0934 0 
 41.0864  0.0961  1.6630  0.1611  0.4118  0.0723  0.2697  0.0812  0.1104  0.8343 0 
 50.4829  0.5210 -2.4041  0.0070  0.2045  0.0556  0.4684  0.1119 -0.0003  0.1583 0 
 43.2288 -0.5266  0.7414  0.1081  0.1932  0.0189  0.3104  0.0344 -0.0003  0.2196 0 
 51.0109  0.6392  2.2235  0.1289  0.2293  0.0802  0.5521  0.1933 -0.0003  0.8363 0 
 43.3661 -0.6541 -0.9122  0.0375  0.4170  0.0312  0.4873  0.0670 -0.0003  0.3144 0 
 49.4057 -0.0713 -2.1033  0.1641  0.7517  0.0721  0.4282  0.2255 -0.0003  0.9621 0 
 37.3632  0.1025  1.0228  0.0264  0.2116  0.0609  0.4151  0.0368 -0.0003  0.1667 0 
 48.1605 -0.3851 -1.5066  0.0490  0.3393  0.0493  0.1724  0.0423 -0.0003  0.3180 0 
 39.3164  0.3740  1.6552  0.0023  0.4466  0.0544  0.3639  0.0291 -0.0003  0.1625 0 
 46.9398  0.1845 -0.6827  0.0144  0.5656  0.0804  0.4773  0.0471  0.3838  0.6956 0 
 46.2470 -0.1930  2.4570  0.0256  0.2391  0.1299  0.3485  0.0175 -0.0003  0.1737 0 
 51.4992  0.0535  0.0038  0.0551  0.6519  0.0621  0.4661  0.0954 -0.0003  0.4982 0 
 46.3996 -0.0549  3.1356  0.0132  0.1107  0.0045  0.1741  0.0402 -0.0003  0.0337 0 
 46.7292  0.2630  1.3488  0.0107  0.1785  0.0895  0.1738  0.0035 -0.0003  0.1481 0 
 42.4964 -0.2584 -1.8543  0.0096  0.2672  0.1993  0.4009  0.0390 -0.0003  0.1963 0 
 39.7314 -0.3462 -0.6161  0.0161  0.2434  0.0279  0.1814  0.0237 -0.0003  0.0904 0 
 36.8811  0.3245  2.5389  0.0282  0.1591  0.1143  0.2777  0.0146 -0.0003  0.1235 0 
 47.5410  0.7153 -1.7668  0.0127  0.2420  0.0347  0.1730  0.0079 -0.0003  0.1168 0 
 46.4393 -0.7088  1.4144  0.0225  0.1369  0.0481  0.4351  0.0644 -0.0003  0.1210 0 
 49.2653  0.3771  0.7941  0.0508  0.4479  0.1204  0.4285  0.0959  0.2945  0.7202 0 
 39.9115 -0.3780 -2.2752  0.0246  0.2746  0.0859  0.3171  0.0158 -0.0003  0.1931 0 
 44.0131  0.6014 -0.8842  0.0307  0.0940  0.0997  0.3530  0.0992  0.1609  0.2377 1 
 37.5341 -0.6133  2.3050  0.4510  0.2169  0.0380  0.3686  0.4709 -0.0003  0.9954 1 
 44.3458 -0.5025 -1.3524  0.0533  0.3412  0.0191  0.3083  0.1122  0.1122  0.4938 0 
 39.6490  0.5227  1.7903  0.0195  0.2178  0.0363  0.3176  0.0173 -0.0003  0.0975 0 
 47.9622 -0.7774  3.0565  0.0789  0.1936  0.0815  0.3883  0.0402  0.0383  0.3879 0 
 42.4598  0.7621 -0.0881  0.0834  0.1956  0.0400  0.1782  0.0494 -0.0003  0.2546 0 
 38.2208 -0.5140  1.3435  0.0261  0.5492  0.0519  0.2292  0.0607 -0.0003  0.3338 0 
 32.8496  0.4905 -1.8944  0.0897  0.3080  0.0428  0.3826  0.0517  0.0763  0.5811 0 
 48.4291  0.7692 -0.2834  0.0062  0.3968  0.0244  0.3443  0.0467 -0.0003  0.0902 0 
 42.8565 -0.7803  2.8726  0.0199  0.4163  0.0244  0.2667  0.0980 -0.0003  0.1427 0 
 50.7118  0.5981  0.0854  0.0186  0.3477  0.1540  0.5955  0.0222 -0.0003  0.2477 0 
 45.5756 -0.6206 -3.0418  0.0222  0.3770  0.0117  0.1749  0.0258 -0.0003  0.1008 0 
 48.3314  0.7856  2.1022  0.0051  0.4033  0.0482  0.2584  0.0358 -0.0003  0.1658 0 
 38.0682 -0.7821 -1.0119  0.0207  0.3912  0.1232  0.3212  0.0417 -0.0003  0.2310 0 
 50.8522 -0.3488  2.9873  0.0145  0.3751  0.0587  0.2976  0.0312 -0.0003  0.2008 0 
 50.1564  0.3372 -0.1938  0.0463  0.2776  0.0293  0.1279  0.0361 -0.0003  0.1850 0 
 48.6824 -0.7102  1.5985  0.0587  0.2552  0.0610  0.4298  0.0545 -0.0003  0.3293 0 
 33.5576  0.7087 -1.5673  0.0695  0.0807  0.0567  0.3803  0.0318 -0.0003  0.1313 0 
 46.8482 -0.2074  1.7818  0.0482  0.2209  0.0531  0.4775  0.0524 -0.0003  0.2740 0 
 46.1585  0.2117 -1.3767  0.0241  0.1082  0.0260  0.3051  0.0128 -0.0003  0.0562 0 
 47.3579  0.3039  2.9229  0.0283  0.4187  0.1914  0.4762  0.0840 -0.0003  0.3055 0 
 46.5522 -0.2958 -0.2167  0.0049  0.1425  0.0357  0.3913  0.0627 -0.0003  0.0677 0 
 45.9785 -0.7064 -1.9356  0.0132  0.4715  0.0515  0.4363  0.0479 -0.0003  0.2040 0 
 36.1547  0.7096  1.1764  0.0494  0.4264  0.0369  0.2327  0.1806 -0.0003  0.4677 0 
 56.6720  0.5994  1.3747  0.6224  0.2719  0.0328  0.4550  0.6687  0.1144  0.9990 1 
 28.4916 -0.5772 -1.8016  0.3321  0.3773  0.0551  0.1994  0.4217  0.5605  0.9998 1 
 46.4698  0.0489 -3.0364  0.0101  0.4368  0.0411  0.3915  0.0429 -0.0003  0.1647 0 
 45.9266 -0.0433  0.1236  0.0010  0.2944  0.0541  0.3055  0.1124 -0.0003  0.1578 0 
 51.2093  0.0267  1.8955  0.1685  0.3932  0.1015  0.2546  0.0316 -0.0003  0.7047 0 
 46.8879 -0.0370 -1.2274  0.0240  0.1960  0.0596  0.3906  0.0340 -0.0003  0.1438 0 
 46.7750  0.1716 -1.0382  0.1291  0.5365  0.0163  0.4777  0.0715 -0.0003  0.6391 0 
 38.6145 -0.1549  2.0751  0.1161  0.5637  0.0158  0.2743  0.1367  0.0097  0.5245 0 
 45.3193 -0.6311  2.9998  0.0099  0.5031  0.0642  0.7006  0.1382 -0.0003  0.3249 0 
 42.9938  0.6296 -0.1480  0.0205  0.2184  0.0279  0.2220  0.0264 -0.0003  0.0771 0 
 49.1249 -0.3021 -1.4298  0.0355  0.2399  0.0737  0.2573  0.0755 -0.0003  0.2596 0 
 46.1250  0.2919  1.7015  0.0371  0.1842  0.0311  0.3051  0.0181 -0.0003  0.0998 0 
 46.3935 -0.5212 -2.1418  0.0379  0.3830  0.0370  0.3482  0.0644 -0.0003  0.2443 0 
 44.5197  0.5070  1.0196  0.0263  0.6932  0.0814  0.6159  0.0698 -0.0003  0.3320 0 
 47.0863  0.6829 -1.6591  0.0413  0.4185  0.0359  0.2601  0.1099  0.1694  0.6238 0 
 45.0477 -0.7001  1.4515  0.0420  0.1353  0.0205  0.3509  0.0423 -0.0003  0.0756 0 
 49.1585  0.6705  0.5034  0.2145  0.8245  0.0462  0.4287  0.2391 -0.0003  0.9581 1 
 43.4485 -0.6654 -2.6257  0.0130  0.2066  0.0342  0.2657  0.0969 -0.0003  0.0912 1 
 53.8399 -0.6571 -2.7674  0.0060  0.4576  0.0517  0.2514  0.0118 -0.0003  0.2199 0 
 48.7404  0.6684  0.3392  0.0331  0.1436  0.0410  0.4726  0.0303 -0.0003  0.1418 0 
 35.4620 -0.1712 -0.2413  0.2074  0.3606  0.0373  0.5148  0.3232  0.0906  0.9637 1 
 32.4895  0.1989  2.9196  0.1920  0.3700  0.0364  0.2399  0.2302  0.4373  0.9985 1 
 47.1839  0.3357  0.5509  0.0076  0.2256  0.0375  0.4766  0.1336 -0.0003  0.1690 0 
 46.9306 -0.3404 -2.5876  0.1139  0.4468  0.0125  0.2603  0.0257 -0.0003  0.2955 0 
 46.2440 -0.1567 -0.4480  0.0203  0.0629  0.0273  0.3049  0.1069 -0.0003  0.0659 0 
 46.1067  0.1187  2.6908  0.0111  0.1519  0.0144  0.3487  0.1531 -0.0003  0.0795 0 
 49.1768  0.2911  1.9209  0.0989  0.4932  0.0914  0.4716  0.1529 -0.0003  0.7344 1 
 46.7659 -0.2563 -1.1358  0.2841  0.1202  0.1890  0.1737  0.2528 -0.0003  0.9607 1 
 46.9856 -0.0751  2.1311  0.0505  0.1857  0.0585  0.2603  0.0694 -0.0003  0.2144 0 
 33.6614  0.0614 -1.0173  0.0619  0.1421  0.0518  0.2850  0.0056 -0.0003  0.1566 0 
 47.0527 -0.1423 -0.7743  0.1469  0.2171  0.1729  0.4770  0.2635  0.3378  0.9686 0 
 45.6855  0.1089  2.4069  0.0301  0.4146  0.0616  0.2622  0.0065 -0.0003  0.2895 0 
 46.8818  0.3875 -2.8122  0.3383  0.5805  0.1430  0.2170  0.3198 -0.0003  0.9962 1 
 45.3925 -0.3752  0.3240  0.1117  0.6680  0.0362  0.3939  0.1345 -0.0003  0.7906 1 
 50.2998 -0.5367  2.5600  0.0081  0.6428  0.0400  0.5115  0.0449 -0.0003  0.2018 0 
 36.0845  0.5044 -0.6210  0.1134  0.5111  0.0562  0.3726  0.0950 -0.0003  0.7119 0 
 51.2245  0.3756  1.6150  0.0202  0.4015  0.0484  0.2546  0.1201  0.3278  0.7833 0 
 49.2348 -0.4166 -1.5510  0.0458  0.0913  0.2521  0.5572  0.0207 -0.0003  0.2041 0 
 44.6876 -0.5092 -1.6840  0.0347  0.4636  0.0313  0.2197  0.0174  0.1496  0.4974 0 
 43.0610  0.5238  1.5078  0.0357  0.1972  0.0552  0.4439  0.0482 -0.0003  0.1961 0 
 45.7649 -0.2472  3.0459  0.6497  0.6758  0.1086  0.2621  0.5154  0.3020  0.9983 1 
 41.6968  0.2379 -0.1207  0.3233  0.3914  0.0378  0.3134  0.3633  0.3222  0.9991 1 
 41.4740 -0.7853 -0.2277  0.0092  0.1718  0.0684  0.4035  0.1508  0.1285  0.3066 0 
 31.8212  0.7611  2.8816  0.0312  0.1912  0.0245  0.3861  0.0383 -0.0003  0.0971 0 
 44.0131  0.6186  0.5753  0.0813  0.0991  0.0146  0.3089  0.0601  0.2161  0.6854 0 
 43.6622 -0.6226 -2.5550  0.0020  0.0905  0.0252  0.1769  0.0151 -0.0003  0.0481 0 
 42.0508 -0.0451  1.2943  0.0975  0.3374  0.0811  0.4466  0.1094 -0.0003  0.5983 0 
 41.4466  0.0735 -1.8109  0.0010  0.1224  0.0324  0.3139  0.0402 -0.0003  0.0475 0 
 42.6764  0.0060 -1.4999  0.0400  0.2876  0.0190  0.3114  0.0405 -0.0003  0.1105 0 
 41.8524 -0.0107  1.6657  0.0009  0.3633  0.0667  0.4025  0.0805 -0.0003  0.1648 0 
 49.2897 -0.4571  2.4633  0.0003  0.3571  0.0533  0.3856  0.0638 -0.0003  0.1389 0 
 39.9481  0.4666 -0.7119  0.0842  0.2705  0.0411  0.3623  0.0550 -0.0003  0.3686 0 
 53.2021 -0.3001 -2.0010  0.0262  0.5964  0.0384  0.2942  0.0145 -0.0003  0.2628 0 
 45.2430  0.2947  1.1475  0.0109  0.3283  0.0559  0.1752  0.0049 -0.0003  0.2403 0 
 46.3478 -0.2741  2.3180  0.0057  0.1327  0.0731  0.3483  0.0902 -0.0003  0.0957 0 
 43.3173  0.2991 -0.8543  0.0193  0.6295  0.0295  0.1772  0.0048 -0.0003  0.2285 0 
 42.6154 -0.2006  3.1202  0.0744  0.2903  0.0723  0.5341  0.0272 -0.0003  0.4099 1 
 40.0458  0.1995 -0.0288  0.1449  0.4486  0.0182  0.3168  0.1801 -0.0003  0.6567 1 
 49.0547  0.5236  0.9544  0.0636  0.5011  0.0513  0.2145  0.0825 -0.0003  0.5296 0 
 41.9745 -0.5061 -2.1571  0.0178  0.3714  0.0386  0.2234  0.0118 -0.0003  0.1842 0 
 49.5064  0.3463  0.8243  0.1108  0.3339  0.0398  0.4280  0.1920 -0.0003  0.7491 0 
 45.0080 -0.3508 -2.3065  0.0603  0.5471  0.0361  0.3509  0.0424 -0.0003  0.4129 0 
 47.9866  0.1822  3.0777  0.0008  0.2025  0.0555  0.2589  0.0579 -0.0003  0.0887 0 
 46.6316 -0.1517 -0.0329  0.0108  0.6138  0.0127  0.1739  0.0082 -0.0003  0.1271 0 
 46.8086  0.2019 -0.7482  0.0575  0.3493  0.0656  0.4776  0.2311 -0.0003  0.6413 0 
 42.3926 -0.1913  2.3928  0.0064  0.4653  0.0488  0.4457  0.0386 -0.0003  0.1727 0 
 48.9601  0.6548  0.9402  0.0620  0.4332  0.1057  0.6438  0.0399 -0.0003  0.4068 0 
 37.6013 -0.6798 -2.1895  0.0009  0.2277  0.0107  0.2302  0.0258 -0.0003  0.0405 0 
 52.3659  0.5682  3.0982  0.0382  0.1243  0.0337  0.4641  0.0255 -0.0003  0.1272 0 
 39.1272 -0.5670 -0.0510  0.0289  0.3916  0.0161  0.2732  0.0732 -0.0003  0.1133 0 
 55.1034 -0.6517  0.9961  0.0903  0.0712  0.0676  0.1666  0.1964 -0.0003  0.3521 0 
 37.8820  0.6321 -2.1645  0.0103  0.3021  0.0480  0.2298  0.0163 -0.0003  0.1552 0 
 47.1504 -0.7210 -2.8062  0.0337  0.1779  0.0396  0.3901  0.0215 -0.0003  0.1293 0 
 38.7182  0.6897  0.3422  0.0267  0.2953  0.0635  0.3654  0.0175 -0.0003  0.2032 0 
 50.2266 -0.6100  1.5491  0.3064  0.7189  0.0736  0.4690  0.2761  0.1819  0.9841 1 
 38.9868  0.6078 -1.6119  0.3380  0.1993  0.0782  0.3647  0.3447  0.6498  0.9998 1 
 47.8462 -0.0318 -3.0462  0.0012  0.3022  0.0595  0.4318  0.1805 -0.0003  0.2471 0 
 42.7863  0.0376  0.1266  0.0137  0.1962  0.0504  0.4001  0.0346  0.0823  0.1847 0 
 46.9978  0.5446  3.0572  0.0112  0.2105  0.0370  0.3904  0.0053 -0.0003  0.1006 0 
 44.7852 -0.5288 -0.0803  0.0239  0.4077  0.0263  0.3514  0.1287 -0.0003  0.2123 0 
 45.2033  0.7056  0.3394  0.0047  0.6251  0.0438  0.4382  0.1055 -0.0003  0.2405 0 
 44.9470 -0.7027 -2.7910  0.0668  0.1766  0.0756  0.4827  0.1407 -0.0003  0.4479 0 
 48.2368 -0.7300  1.4340  0.0276  0.5763  0.1675  0.5170  0.1395 -0.0003  0.3884 0 
 47.8157  0.7334 -1.6860  0.0002  0.2286  0.0727  0.3455  0.0897 -0.0003  0.1262 0 
 46.7292 -0.1203 -0.9197  0.0109  0.3661  0.0302  0.3475  0.0101 -0.0003  0.1252 0 
 44.8066  0.1182  2.2342  0.0463  0.3763  0.0206  0.2196  0.1716 -0.0003  0.2666 0 
 40.0031 -0.0427 -2.6668  0.1627  0.3491  0.0474  0.3169  0.1653  0.1863  0.9105 1 
 31.6838 -0.0202  0.4177  0.1243  0.3324  0.1304  0.5316  0.1099  0.1279  0.8464 1 
 46.1616 -0.1774  2.6285  0.0491  0.5110  0.0167  0.2179  0.0663 -0.0003  0.1715 0 
 45.4292  0.1523 -0.5145  0.0189  0.1758  0.0211  0.2626  0.0612 -0.0003  0.0537 0 
 38.2025  0.3346 -1.7080  0.6081  0.5382  0.0573  0.4126  0.5672  0.2344  0.9988 1 
 32.4895 -0.3464  1.4003  0.3667  0.6466  0.0256  0.5757  0.3602  0.1307  0.9953 1 
 48.3864  0.3923 -2.5607  0.0152  0.4786  0.0341  0.3875  0.0283 -0.0003  0.1742 0 
 44.9744 -0.3987  0.5715  0.0388  0.4003  0.0348  0.3510  0.0161  0.0577  0.3585 0 
 50.7118 -0.7246  2.9682  0.0255  0.5815  0.0421  0.4254  0.0735 -0.0003  0.2971 0 
 43.5218  0.7430 -0.1417  0.0072  0.2346  0.0193  0.1770  0.0230 -0.0003  0.0635 0 
 47.4434  0.6572  0.3791  0.0126  0.5689  0.0518  0.3894 -0.0200 -0.0003  0.2048 0 
 46.1250 -0.6561 -2.7282  0.0074  0.1787  0.0208  0.0872  0.0087 -0.0003  0.0884 0 
 44.6662 -0.7688 -1.4444  0.0238  0.3793  0.0353  0.2198 -0.0200 -0.0003  0.2550 0 
 44.5930  0.7628  1.6781  0.0175  0.3604  0.1091  0.3078  0.0158 -0.0003  0.1975 0 
 46.7689  0.7080  1.7669  0.0440  0.6737  0.0269  0.1737  0.0086 -0.0003  0.2576 0 
 39.9084 -0.7238 -1.4635  0.0081  0.2101  0.0565  0.4530  0.0053 -0.0003  0.1270 0 
 46.0700 -0.6445  0.8476  0.0146  0.8363  0.1077  0.7848  0.1529 -0.0003  0.5275 1 
 40.8667  0.6513 -2.2405  0.0207  0.4694  0.0432  0.4951  0.0148  0.1978  0.4728 1 
 54.2306 -0.6961  2.3209  0.0210  0.3049  0.0546  0.1673  0.0117 -0.0003  0.2477 0 
 41.0986  0.6867 -0.7903  0.0494  0.3382  0.0125  0.2696  0.0207  0.0471  0.1892 0 
 57.4228  0.3055  1.8836  0.0593  0.0662  0.0635  0.1649  0.0206 -0.0003  0.1019 1 
 38.9319 -0.2892 -1.2396  0.0590  0.3619  0.0433  0.3648  0.3632 -0.0003  0.7520 1 
 49.4026 -0.5604 -0.5997  0.0584  0.2019  0.0673  0.3854  0.0203 -0.0003  0.2449 0 
 45.8015  0.5712  2.5672  0.1694  0.2272  0.0117  0.1747  0.1995 -0.0003  0.4731 0 
 48.2734 -0.6978 -1.9987  0.1182  0.3903  0.0583  0.3446  0.1646 -0.0003  0.7859 1 
 44.2390  0.6730  1.1039  0.0089  0.3206  0.1368  0.6169  0.0131 -0.0003  0.2127 1 
 43.3600 -0.7897  0.5275  0.0843  0.5038  0.0658  0.5316  0.2734  0.2398  0.9322 1 
 32.8374  0.7701 -2.6144  0.3766  0.7204  0.0334  0.7175  0.6076 -0.0003  0.9963 1 
 46.3722  0.4852  1.1516  0.0430  0.3180  0.0451  0.3047  0.0877 -0.0003  0.2839 0 
 44.8280 -0.4837 -1.9810  0.2095  0.1826  0.0100  0.4830  0.1602 -0.0003  0.7454 0 
 44.8188  0.3808  0.3292  0.0646  0.4488  0.1068  0.4831  0.1657 -0.0003  0.5975 1 
 28.7022 -0.4625 -2.8314  0.4205  0.1214  0.0310  0.3980  0.3714 -0.0003  0.9842 1 
 47.6295 -0.6305  1.2498  0.0081  0.6092  0.0451  0.3890  0.0063 -0.0003  0.1942 0 
 44.2725  0.6273 -1.8676  0.0300  0.0913  0.0144  0.2203  0.0139 -0.0003  0.0417 0 
 43.0640  0.2403 -2.9661  0.0421  0.2716  0.0811  0.3107  0.1107 -0.0003  0.3674 0 
 41.4038 -0.2574  0.2291  0.0202  0.2500  0.0962  0.1345  0.0075 -0.0003  0.2694 0 
 46.5644 -0.1952  0.4516  0.0024  0.4764  0.0955  0.4783  0.1168 -0.0003  0.2362 0 
 44.1962  0.2236 -2.7170  0.0028  0.7396  0.1485  0.5290  0.0607 -0.0003  0.2863 0 
 46.0670 -0.4586  0.8740  0.2709  0.2616  0.0461  0.3488  0.5036 -0.0003  0.9933 1 
 45.6184  0.4658 -2.2748  0.1689  0.5466  0.0264  0.3934  0.2344 -0.0003  0.8803 1 
 48.0842 -0.0850  1.6138  0.7399  0.3565  0.0431  0.4312  0.6058 -0.0003  0.9976 1 
 41.4191  0.0889 -1.4758  0.4627  0.5584  0.0706  0.6279  0.3089  0.3165  0.9997 1 
 48.6336  0.0541 -1.3429  0.0110  0.5539  0.1369  0.5159  0.0598 -0.0003  0.2524 0 
 45.5665 -0.0550  1.7998  0.0293  0.3545  0.0330  0.3498  0.0208 -0.0003  0.1751 0 
 43.7110  0.6825 -1.7606  0.3205  0.7786  0.0320  0.3537  0.3071 -0.0003  0.9838 1 
 31.0491 -0.6686  1.4387  0.0901  0.2970  0.0208  0.1458  0.0545 -0.0003  0.2130 1 
 45.4749  0.4327  0.7495  0.0664  0.0785  0.0709  0.3937  0.0069 -0.0003  0.1288 0 
 37.4334 -0.4329 -2.4016  0.0057  0.7998  0.0193  0.2305  0.0229 -0.0003  0.1376 0 
 42.7497 -0.2349 -2.9698  0.0303  0.0335  0.0528  0.1334 -0.0200 -0.0003  0.1061 0 
 42.6642  0.2497  0.1511  0.0439  0.3748  0.0529  0.3560  0.0537 -0.0003  0.3156 0 
 42.9511  0.7138 -2.9437  0.0214  0.4023  0.0228  0.4886  0.0386  0.1744  0.4553 1 
 42.2461 -0.7240  0.1771  0.1818  0.5174  0.0588  0.4015  0.1205 -0.0003  0.8583 1 
 45.0141  0.2173  1.7203  0.0320  0.2660  0.1626  0.5264  0.0278 -0.0003  0.2564 0 
 41.7914 -0.1812 -1.4069  0.0451  0.8410  0.0863  0.3579  0.0530 -0.0003  0.4396 0 
 48.8411 -0.7476 -0.3439  0.0038  0.5889  0.0302  0.3436  0.0364 -0.0003  0.1336 0 
 46.2470  0.7420  2.7906  0.0185  0.1611  0.0405  0.3920  0.1293 -0.0003  0.1431 0 
 52.8481  0.5116 -1.9918  0.0884  0.2313  0.1238  0.4630  0.0737 -0.0003  0.4422 1 
 44.8096 -0.5208  1.1121  0.4054  0.7338  0.0554  0.3953  0.6799 -0.0003  0.9981 1 
 45.5085 -0.4532 -3.0186  0.1855  0.6203  0.0277  0.3062  0.1234 -0.0003  0.7693 0 
 42.6673  0.4443  0.1146  0.0440  0.6148  0.0877  0.6229  0.1457 -0.0003  0.5122 0 
 39.6094 -0.6589  0.7079  0.4233  0.3040  0.0389  0.2270  0.3245 -0.0003  0.9895 1 
 26.0838  0.6842 -2.3454  0.0867  0.5623  0.0226  0.3073  0.0887  0.2650  0.9071 1 
 51.9936  0.3757  0.5446  0.0391  0.3673  0.0955  0.4227  0.0500 -0.0003  0.2893 0 
 45.2796 -0.3685 -2.5981  0.0068  0.3648  0.1123  0.4818  0.0626 -0.0003  0.1971 0 
 45.3681 -0.6039  2.3395  0.0131  0.1063  0.0249  0.2189  0.0623 -0.0003  0.0461 0 
 31.2444  0.5967 -0.7782  0.1159  0.1942  0.0757  0.4367  0.2084 -0.0003  0.7572 0 
 50.8400 -0.7776 -1.9008  0.0095  0.2310  0.1915  0.2976  0.0136 -0.0003  0.1636 0 
 44.7486  0.8032  1.2265  0.0110  0.3242  0.2255  0.5712  0.1476 -0.0003  0.3710 0 
 51.7556  0.3245 -1.5334  0.0339  0.1199  0.0105  0.3808  0.0208 -0.0003  0.0552 0 
 48.7221 -0.3176  1.5951  0.0567  0.2931  0.0721  0.2149  0.1024 -0.0003  0.4652 0 
 48.6702 -0.0128  2.1375  0.0352  0.4573  0.0874  0.5588  0.0375  0.1402  0.4927 1 
 40.7294 -0.0078 -1.0587  0.4459  0.4500  0.0236  0.1802  0.3986  0.2865  0.9982 1 
 42.5635  0.7137 -3.0915  0.0303  0.5803  0.0185  0.3117  0.0728  0.0461  0.2395 0 
 39.2737 -0.7013  0.0290  0.0645  0.2038  0.0487  0.2730  0.0023 -0.0003  0.2273 0 
 55.6588  0.5239 -1.6329  0.0509  0.6505  0.1107  0.4570  0.0125 -0.0003  0.3178 0 
 43.9155 -0.4841  1.5178  0.0212  0.1581  0.0186  0.2208  0.0263 -0.0003  0.0482 0 
 50.8339  0.4597  1.1275  0.0001  0.3122  0.0722  0.3826  0.1035 -0.0003  0.1687 0 
 45.6275 -0.4603 -2.0024  0.0004  0.2644  0.0385  0.3934  0.1575 -0.0003  0.1590 0 
 43.3967 -0.3393 -1.9341  0.0121  0.2272  0.0380  0.4429  0.0038 -0.0003  0.1230 0 
 40.5920  0.3760  1.1965  0.0187  0.1832  0.0348  0.3156  0.0143 -0.0003  0.0820 0 
 44.8676  0.7781 -1.9377  0.0092  0.2312  0.0468  0.3951  0.0704 -0.0003  0.1196 0 
 36.0235 -0.7713  1.2185  0.0243  0.2414  0.0190  0.3262  0.1965 -0.0003  0.2115 0 
 45.4322 -0.1846  1.8560  0.0117  0.2416  0.0812  0.3501  0.0461 -0.0003  0.1458 0 
 43.6744  0.1663 -1.2939  0.0492  0.3323  0.0353  0.4864  0.0952 -0.0003  0.3783 0 
 47.1107 -0.6421  2.3368  0.0425  0.0710  0.0216  0.3035  0.1594 -0.0003  0.1105 0 
 43.6133  0.6287 -0.8235  0.0067  0.2779  0.0424  0.2654  0.0958 -0.0003  0.1243 0 
 39.8505  0.1074  2.7785  0.0838  0.4005  0.0326  0.1360  0.0313 -0.0003  0.3414 0 
 39.7803 -0.1253 -0.3598  0.0537  0.1175  0.2944  0.3174  0.0135 -0.0003  0.1645 0 
 45.3376 -0.3519 -0.7288  0.0431  0.1238  0.0928  0.3503  0.0784 -0.0003  0.1607 0 
 44.4465  0.3480  2.3938  0.0046  0.1767  0.0424  0.3961  0.0128 -0.0003  0.0848 0 
 43.9979 -0.0794 -2.0283  0.0746  0.2589  0.0367  0.2648  0.1306 -0.0003  0.3938 0 
 43.0060  0.0883  1.0966  0.0038  0.4287  0.1334  0.3552  0.0732  0.5451  0.6659 0 
 51.0353  0.1553  2.6054  0.0272  0.2830  0.0534  0.4247  0.0735 -0.0003  0.2283 0 
 36.3867 -0.1221 -0.5150  0.0083  0.2336  0.1074  0.2788  0.0208 -0.0003  0.1397 0 
 53.4554 -0.3594 -1.1615  0.0829  0.4657  0.0754  0.1679  0.2039 -0.0003  0.7967 0 
 51.5572  0.3579  1.9842  0.0379  0.2505  0.0705  0.2965  0.0880 -0.0003  0.2815 0 
 55.0820  0.5640  2.4749  0.6839  0.3488  0.1206  0.1666  0.6530 -0.0003  0.9971 1 
 49.9031 -0.5751 -0.6638  0.2573  0.6077  0.1060  0.5125  0.0931 -0.0003  0.8903 1 
 46.6285 -0.7425  0.7031  0.1435  0.5550  0.0689  0.5650  0.2125 -0.0003  0.9222 0 
 43.2502  0.7240 -2.4526  0.0009  0.1878  0.0706  0.3990  0.0347  0.1002  0.1417 0 
 46.1830  0.6826 -2.2871  0.0182  0.2738  0.0877  0.4793  0.0215  0.1489  0.2978 0 
 38.1872 -0.6625  0.7884  0.0243  0.5616  0.0379  0.5502  0.0112  0.2021  0.5280 0 
 44.9134 -0.0075 -1.6396  0.0017  0.4388  0.1003  0.3073  0.1302 -0.0003  0.2886 0 
 44.2542  0.0294  1.5279  0.0693  0.3504  0.1356  0.4847  0.1467 -0.0003  0.5692 0 
 57.9782 -0.4041 -0.4559  0.0329  0.1048  0.2221  0.3290  0.0497 -0.0003  0.1099 0 
 45.7649  0.3632  2.6992  0.1116  0.2764  0.0949  0.2184  0.2099 -0.0003  0.8037 0 
 48.0568  0.4776  1.9591  0.2768  0.4281  0.0432  0.5175  0.1872 -0.0003  0.9334 1 
 47.3701 -0.4575 -1.2317  0.0399  0.4147  0.1254  0.6493  0.1158 -0.0003  0.4387 1 
 45.8412  0.4695  0.1204  0.0154  0.7078  0.0180  0.3929  0.0206 -0.0003  0.1479 0 
 41.5167 -0.5023 -3.0480  0.1051  0.0706  0.0604  0.3138  0.3472  0.3500  0.8896 0 
 51.0964  0.6447 -0.5782  0.0326  0.6636  0.0577  0.3396  0.0501 -0.0003  0.3526 1 
 50.6172 -0.6502  2.5551  0.2126  0.6974  0.0627  0.4255  0.1774 -0.0003  0.9528 1 
 49.3111 -0.3391  1.3531  0.0121  0.2430  0.0595  0.2142  0.0062 -0.0003  0.1633 0 
 39.8077  0.3269 -1.8239  0.0273  0.4225  0.0091  0.2266  0.0102 -0.0003  0.1024 0 
 59.3118 -0.0257  1.9058  0.0465  0.2783  0.0790  0.3681  0.1070 -0.0003  0.3745 1 
 28.1132 -0.0058 -1.2166  0.6097  0.5105  0.0154  0.4005  0.3926  0.2042  0.9975 1 
 47.9622 -0.3508 -1.1421  0.0004  0.4054  0.0737  0.4746  0.0295 -0.0003  0.1552 0 
 43.4302  0.3439  2.0001  0.0406  0.2222  0.0210  0.4871  0.1064 -0.0003  0.2342 0 
 48.3772 -0.7910 -0.5364  0.0041  0.6211  0.0602  0.4305  0.0110 -0.0003  0.1789 0 
 36.8200  0.8100  2.5633  0.0060  0.8036  0.0574  0.3705  0.0090  0.3285  0.8759 0 
 48.1727  0.7261 -0.4622  0.0180  0.1983  0.0151  0.0862  0.0016 -0.0003  0.1025 0 
 44.5502 -0.7261  2.7341  0.0271  0.7855  0.0862  0.4399  0.0236 -0.0003  0.3035 0 
 49.8268 -0.2605  3.0064  0.0353  0.5868  0.0128  0.3418  0.0237 -0.0003  0.1520 0 
 39.3378  0.2829 -0.1429  0.0063  0.6380  0.0575  0.3638  0.1599 -0.0003  0.4198 0 
 53.6141  0.2976 -0.1983  0.0137  0.2977  0.1946  0.7969  0.1655 -0.0003  0.5250 0 
 46.5095 -0.3082  2.9824  0.0037  0.6754  0.0125  0.3045  0.0352 -0.0003  0.0997 0 
 51.3680 -0.2819  0.6484  0.1006  0.5043  0.0276  0.3816  0.0797  0.1251  0.6997 0 
 49.0608  0.2824 -2.5014  0.0064  0.1145  0.0424  0.3432  0.0222 -0.0003  0.0641 0 
 44.1016 -0.1159  0.7805  0.7285  0.2656  0.1140  0.4411  0.5699 -0.0003  0.9963 1 
 42.2187  0.0982 -2.3633  0.7353  0.3643  0.0733  0.3569  0.7821 -0.0003  0.9980 1 
 46.0304 -0.2029  2.6911  0.0045  0.3220  0.0309  0.5233  0.0285 -0.0003  0.1400 0 
 43.4119  0.1992 -0.4426  0.0282  0.2596  0.0299  0.2657  0.0626 -0.0003  0.1105 0 
 45.3559 -0.2330 -0.7890  0.6349  0.6283  0.0314  0.4378  0.7026 -0.0003  0.9982 1 
 35.3552  0.2388  2.3713  0.1270  0.4597  0.0390  0.4684  0.1747 -0.0003  0.8281 1 
 50.6966  0.7545 -0.6871  0.0404  0.3183  0.1079  0.5105  0.1083  0.2063  0.6054 0 
 50.6691 -0.7427  2.4759  0.0007  0.1269  0.0700  0.3829  0.0534 -0.0003  0.0777 0 
 47.5319  0.4689  0.4956  0.0930  0.2946  0.0674  0.4325  0.1213 -0.0003  0.5928 1 
 36.3622 -0.4627 -2.6250  0.2838  0.5615  0.0231  0.5112  0.2850 -0.0003  0.9616 1 
 55.9396  0.3496 -3.1382  0.0988  0.3519  0.0771  0.5395  0.0375 -0.0003  0.4899 0 
 46.2562 -0.3532 -0.0002  0.0027  0.5329  0.0223  0.3485  0.0761 -0.0003  0.1067 0 
 43.9460  0.7184 -1.6430  0.0116  0.4925  0.0254  0.2207  0.0242 -0.0003  0.1342 0 
 43.0915 -0.7229  1.5742  0.0452  0.5605  0.0245  0.3994  0.0135 -0.0003  0.2956 0 
 44.8676 -0.1236 -0.5479  0.0086  0.2950  0.0456  0.2195  0.0211 -0.0003  0.1395 0 
 43.0579  0.1219  2.6046  0.0852  0.2785  0.0684  0.4439  0.0076  0.2015  0.5965 0 
 48.6702  0.7404 -2.0801  0.0589  0.0480  0.0474  0.3439  0.1661 -0.0003  0.1621 0 
 47.9957 -0.7322  1.0431  0.0022  0.1670  0.0383  0.0863  0.1778 -0.0003  0.2480 0 
 55.8938  0.8049  0.8901  0.0105  0.3684  0.0814  0.2905  0.0187 -0.0003  0.1986 0 
 33.4356 -0.7725 -2.2145  0.1227  0.5995  0.0258  0.6661  0.0740 -0.0003  0.7653 0 
 53.5439  0.3247  0.8420  0.0320  0.2239  0.0494  0.2517  0.0838 -0.0003  0.1840 0 
 52.0302 -0.3362 -2.2812  0.0429  0.5877  0.0407  0.1691  0.0253 -0.0003  0.3463 0 
 45.7740 -0.7885 -2.9271  0.0109  0.2480  0.0774  0.5241 -0.0200  0.1346  0.2166 0 
 45.3407  0.7872  0.2505  0.0121  0.1614  0.0708  0.3065  0.0170 -0.0003  0.1020 0 
 50.1686  0.5332 -0.1630  0.1518  0.3147  0.0953  0.7251  0.2994 -0.0003  0.9628 1 
 37.5341 -0.5200  2.9930  0.3174  0.7769  0.0158  0.3225  0.3601 -0.0003  0.9862 1 
 48.4443 -0.7696  0.3895  0.0141  0.6081  0.1330  0.5165  0.0157 -0.0003  0.2428 0 
 42.6368  0.7459 -2.7909  0.0292  0.4065  0.0659  0.4005  0.0071 -0.0003  0.2389 0 
 43.0426  0.7405 -1.5087  0.0393  0.3155  0.1128  0.5327  0.0209 -0.0003  0.2790 0 
 39.9725 -0.7127  1.6301  0.0371  0.6169  0.0368  0.3622  0.0544 -0.0003  0.3180 0 
 46.8147 -0.1527  1.8759  0.1137  0.3572  0.0313  0.3908  0.1439 -0.0003  0.6619 0 
 35.0042  0.1400 -1.2741  0.0630  0.4005  0.0280  0.2818  0.0501  0.0552  0.4209 0 
 45.7343  0.6671  0.2936  0.0100  0.2519  0.0826  0.3495  0.0755 -0.0003  0.1616 0 
 44.6754 -0.6583 -2.8493  0.0183  0.1144  0.0478  0.4396  0.0718 -0.0003  0.1068 0 
 47.8248  0.6462 -0.8481  0.0813  0.1670  0.0479  0.2591  0.0631 -0.0003  0.2447 0 
 43.1067 -0.6622  2.2858  0.1236  0.4149  0.0477  0.2662  0.2044 -0.0003  0.8187 0 
 49.1157 -0.1000  1.6054  0.0063  0.5795  0.0110  0.0858  0.0098 -0.0003  0.1389 0 
 37.4731  0.0885 -1.5498  0.0276  0.1389  0.0272  0.3687  0.0109 -0.0003  0.0773 0 
 45.7527  0.5252 -1.9652  0.0047  0.2207  0.2072  0.4368  0.0342 -0.0003  0.1699 0 
 45.5695 -0.5177  1.1998  0.0479  0.1606  0.0234  0.3935  0.0287  0.0971  0.2910 0 
 55.8297 -0.6036  1.4051  0.0703  0.1429  0.0402  0.2076  0.0464 -0.0003  0.1492 0 
 37.6867  0.5968 -1.6872  0.0427  0.4992  0.0251  0.3221  0.0380 -0.0003  0.2142 0 
 46.9551 -0.1707 -2.4981  0.0379  0.4903  0.0160  0.1301  0.0125 -0.0003  0.1591 0 
 44.4770  0.1733  0.6038  0.0058  0.1844  0.0812  0.4401  0.0207 -0.0003  0.1107 0 
 49.5094 -0.1047  0.1445  0.0042  0.0508  0.0446  0.2140  0.0464 -0.0003  0.0572 0 
 40.6775  0.1192 -2.9292  0.0210  0.4998  0.2466  0.6760  0.0237 -0.0003  0.3000 0 
 41.1139  0.1822  0.2005  0.0317  0.2253  0.0533  0.5842  0.3293  0.2125  0.8635 0 
 32.7214 -0.2230 -2.9009  0.0433  0.6550  0.0446  0.4309  0.1057  0.1332  0.6538 0 
 49.2470  0.6587 -1.0295  0.0276  0.4050  0.0205  0.3000  0.0266 -0.0003  0.1223 0 
 43.7812 -0.6705  2.1519  0.1759  0.2110  0.0497  0.3093  0.2215 -0.0003  0.8370 0 
 43.7079  0.6474  2.6541  0.0179  0.1750  0.0956  0.2211  0.0038 -0.0003  0.1364 0 
 32.4620 -0.6418 -0.5008  0.0106  0.3090  0.0310  0.0960  0.0135 -0.0003  0.1889 0 
 43.4485  0.6879 -2.0763  0.1880  0.5149  0.0707  0.5756  0.1887 -0.0003  0.9388 1 
 41.1261 -0.6740  1.1183  0.1701  0.2801  0.0893  0.4044  0.1348 -0.0003  0.7865 1 
 48.8838 -0.3520 -0.8660  0.0843  0.1584  0.0283  0.3435  0.1428 -0.0003  0.3242 0 
 47.4647  0.3605  2.3047  0.0093  0.3277  0.0685  0.4326  0.0091 -0.0003  0.1661 0 
 46.7933  0.5913 -2.8793  0.3736  0.3655  0.0322  0.2171  0.3715 -0.0003  0.9894 0 
 46.4912 -0.5715  0.2721  0.0107  0.3650  0.0145  0.3045  0.0799 -0.0003  0.0786 0 
 44.2908 -0.0375 -1.9822  0.0211  0.3609  0.0594  0.3084  0.0291 -0.0003  0.2161 0 
 40.6531  0.0247  1.1690  0.0179  0.8150  0.0409  0.5409  0.0460 -0.0003  0.2899 0 
 45.6825  0.4035 -0.6042  0.3582  0.4399  0.0704  0.4807  0.4285 -0.0003  0.9966 1 
 38.2879 -0.4233  2.5310  0.3742  0.6230  0.0406  0.3207  0.3356 -0.0003  0.9913 1 
 47.1321  0.4879 -2.8628  0.5175  0.3580  0.0366  0.3901  0.6700 -0.0003  0.9982 1 
 38.8006 -0.5009  0.2948  0.0795  0.1491  0.0620  0.1826  0.0571  0.2824  0.6384 1 
 36.3989  0.2362 -1.1436  0.0214  0.6007  0.0071  0.1859  0.0989 -0.0003  0.1384 0 
 34.0917 -0.2088  2.0276  0.0327  0.4849  0.0671  0.4732  0.0584 -0.0003  0.2998 0 
 44.1749 -0.7648  2.0228  0.3609  0.6196  0.0658  0.2204  0.3435 -0.0003  0.9933 1 
 41.9806  0.7803 -1.1326  0.0740  0.1710  0.0228  0.4469  0.1868  0.0751  0.5498 1 
 49.9855  0.1531  2.9517  0.0240  0.4631  0.1124  0.5977  0.0602 -0.0003  0.2836 0 
 43.2074 -0.1588 -0.2065  0.0245  0.5447  0.0168  0.3548  0.0617 -0.0003  0.1401 0 
 50.8431 -0.4113  1.4602  0.0560  0.4485  0.1707  0.4251  0.0075 -0.0003  0.3069 0 
 46.5309  0.4190 -1.7264  0.0204  0.2630  0.0595  0.5219  0.0705 -0.0003  0.2264 0 
 47.4891  0.7676 -2.7328  0.0206  0.4099  0.0293  0.1298 -0.0003 -0.0003  0.2306 0 
 39.6216 -0.7656  0.4282  0.0203  0.1292  0.0371  0.2270  0.0825 -0.0003  0.0741 0 
 46.9337 -0.7355  2.2910  0.0471  0.3724  0.0211  0.2169  0.0294  0.1198  0.3986 0 
 44.5411  0.7224 -0.8929  0.0120  0.0799  0.0831  0.4399  0.0313 -0.0003  0.0745 0 
 44.8493  0.7871 -3.0139  0.1371  0.1271  0.0945  0.6147  0.0602  0.3111  0.8357 1 
 43.8911 -0.8066  0.0670  0.0263  0.4093  0.0545  0.2650  0.0256 -0.0003  0.2607 1 
 38.6419 -0.5441  2.9309  0.5522  0.5222  0.0539  0.4570  0.7448 -0.0003  0.9984 1 
 29.5109  0.5471 -0.2262  0.0571  0.4719  0.0566  0.3947  0.0286  0.2906  0.7355 1 
 48.2765  0.6499 -2.2023  0.0042  0.4695  0.0155  0.1723  0.0850 -0.0003  0.1120 0 
 35.6237 -0.6295  0.8909  0.0327  0.2619  0.0800  0.4206  0.0453 -0.0003  0.2276 0 
 61.3474  0.7786  2.4474  0.1129  0.3630  0.0587  0.0406  0.1518 -0.0003  0.7070 0 
 48.1483 -0.7833 -0.6917  0.0597  0.0733  0.0498  0.4742  0.0414 -0.0003  0.1504 0 
 44.6418 -0.6436  0.6153  0.1192  0.2672  0.0428  0.6155  0.4127 -0.0003  0.9371 0 
 38.9075  0.6662 -2.4888  0.0163  0.3771  0.0336  0.2737  0.0180 -0.0003  0.1436 0 
 42.9175 -0.7047 -2.9754  0.3119  0.3989  0.1042  0.3998  0.3356 -0.0003  0.9950 1 
 41.0498  0.6856  0.0151  0.1966  0.4722  0.0645  0.4046  0.1976  0.3334  0.9932 1 
 46.1372  0.2509  1.7276  0.0612  0.2301  0.0401  0.4794  0.0748 -0.0003  0.3373 1 
 43.4302 -0.2510 -1.4170  0.1611  0.4374  0.0436  0.2214  0.2951 -0.0003  0.8976 1 
 52.1340  0.8019  1.9339  0.0222  0.6479  0.0572  0.3379  0.0765 -0.0003  0.3366 0 
 43.9551 -0.7897 -1.2218  0.0045  0.2035  0.0351  0.2207  0.0098  0.0802  0.1680 0 
 44.6418  0.5275  1.6718  0.3451  0.5533  0.0664  0.4396  0.5111 -0.0003  0.9974 1 
 43.5615 -0.5344 -1.4558  0.1562  0.7713  0.1388  0.6637  0.2040  0.5236  0.9956 1 
 43.8697 -0.5981 -3.0814  0.0308  0.4116  0.0421  0.3975  0.0855 -0.0003  0.2865 0 
 42.6368  0.5691  0.0498  0.0406  0.6258  0.0659  0.4895  0.0086 -0.0003  0.2925 0 
 45.7679  0.7557 -1.1111  0.1543  0.6224  0.0579  0.5241  0.2713 -0.0003  0.9574 1 
 38.7793 -0.7427  2.0322  0.0429  0.1585  0.0170  0.2283  0.0797  0.2648  0.8377 1 
 43.7385  0.7713 -0.5321  0.1246  0.4876  0.0642  0.5304  0.1695 -0.0003  0.8446 1 
 43.5370 -0.7595  2.6337  0.0142  0.6593  0.0193  0.3540  0.0104 -0.0003  0.1464 1 
 52.9488 -0.0635 -2.4885  0.0356  0.1317  0.1207  0.2945  0.0228 -0.0003  0.1114 0 
 47.6173  0.0782  0.6861  0.0459  0.3087  0.0505  0.4323  0.1352 -0.0003  0.4115 0 
 50.7942  0.6423  1.4300  0.0007  0.2898  0.0853  0.4252  0.0352 -0.0003  0.1358 0 
 36.0693 -0.6242 -1.6968  0.0222  0.6990  0.0632  0.3726  0.0058 -0.0003  0.2442 0 
 45.7130 -0.6878  0.5665  0.0100  0.2194  0.0954  0.3932  0.1146 -0.0003  0.1779 0 
 43.9033  0.7007 -2.5717  0.0050  0.3145  0.0462  0.4857  0.0571 -0.0003  0.1536 0 
 44.6021 -0.2765  0.1762  0.0175  0.2948  0.0249  0.1319  0.1214 -0.0003  0.1740 0 
 39.2920  0.2717 -2.9722  0.0390  0.2556  0.0649  0.2730  0.0479  0.2322  0.5190 0 
 45.9724 -0.7986  1.4024  0.0027  0.3101  0.0272  0.4799  0.0179 -0.0003  0.1113 0 
 45.7191  0.8003 -1.7248  0.0099  0.1719  0.2008  0.5242  0.0573 -0.0003  0.1790 0 
 55.9548  0.3824  1.8631  0.0098  0.2054  0.0538  0.3320  0.0207 -0.0003  0.1055 0 
 39.2554 -0.3566 -1.2560  0.0807  0.0763  0.0241  0.2730  0.0327 -0.0003  0.0747 0 
 44.7181  0.1068  2.2304  0.0640  0.0832  0.0960  0.3515  0.0495 -0.0003  0.1308 0 
 37.3449 -0.1144 -0.8802  0.1958  0.5553  0.0081  0.3229  0.2762 -0.0003  0.8258 0 
 45.8991 -0.4438 -1.7723  0.2703  0.2682  0.0890  0.3491  0.2758 -0.0003  0.9790 1 
 39.1821  0.4313  1.3876  0.0762  0.6331  0.0399  0.3187  0.2221 -0.0003  0.7858 1 
 53.3242 -0.6376  0.5634  0.0459  0.6119  0.0378  0.1680  0.0225 -0.0003  0.3378 0 
 51.8990  0.6302 -2.6564  0.0299  0.2734  0.1134  0.6766  0.2020 -0.0003  0.5284 0 
 61.7380  0.4995 -1.0014  0.0016  0.1449  0.0077  0.0810  0.0276 -0.0003  0.0523 0 
 53.7545 -0.4955  2.1522  0.0128  0.1649  0.0854  0.2515  0.0952  0.1826  0.3356 0 
 38.3764 -0.7672  2.7676  0.0046  0.5333  0.0062  0.3205  0.0098  0.1446  0.2192 0 
 31.6747  0.7458 -0.3613  0.0057  0.3318  0.0472  0.2417  0.0345 -0.0003  0.1403 0 
 43.8148 -0.7561  1.8734  0.0567  0.5089  0.0106  0.3093  0.1175  0.1019  0.4336 0 
 43.6988  0.7492 -1.2726  0.0660  0.0570  0.0167  0.2653  0.0491  0.1040  0.2101 0 
 45.6916  0.7735 -2.3387  0.0120  0.4402  0.0191  0.0874  0.0137 -0.0003  0.1658 0 
 45.6825 -0.7753  0.7983  0.1778  0.0846  0.1194  0.2185  0.0233 -0.0003  0.4025 0 
 47.5593 -0.5087  2.5176  0.5294  0.2597  0.1283  0.5189  0.3890  0.0753  0.9970 1 
 46.2104  0.5136 -0.6409  0.2558  0.5899  0.0343  0.5664  0.4728 -0.0003  0.9932 1 
 45.3681 -0.4255 -2.7282  0.0066  0.3129  0.0459  0.2189  0.0532 -0.0003  0.1356 0 
 42.1149  0.4128  0.3980  0.0333  0.5646  0.0332  0.3125  0.0187  0.0122  0.2816 0 
 49.8940  0.5503  3.1254  0.0333  0.3883  0.1385  0.4698  0.0383 -0.0003  0.2676 0 
 38.4863 -0.5271 -0.0259  0.0161  0.0928  0.0206  0.2287  0.0054 -0.0003  0.0467 0 
 45.4017 -0.6456  0.5147  0.0261  0.1540  0.0949  0.2189  0.0074 -0.0003  0.1318 0 
 40.1892  0.6672 -2.6897  0.2326  0.3445  0.0091  0.2260  0.2700 -0.0003  0.7483 0 
 51.0536  0.5114  1.2830  0.0504  0.4663  0.1461  0.6369  0.0945 -0.0003  0.4239 1 
 46.9947 -0.4914 -1.8032  0.1649  0.7505  0.0580  0.4771  0.2203 -0.0003  0.9529 1 
 48.6610 -0.1021  1.8677  0.5751  0.2607  0.0481  0.3869  0.7817  0.0211  0.9983 1 
 39.9084  0.1237 -1.2825  0.1593  0.1178  0.0941  0.2265  0.2016  0.7654  0.9989 1 
 46.8940  0.6647  2.2367  0.0020  0.3800  0.0274  0.2170  0.0803 -0.0003  0.1058 0 
 43.4333 -0.6478 -0.8684  0.0339  0.2657  0.0276  0.3543  0.1201 -0.0003  0.1931 0 
 46.7292  0.1577 -0.3469  0.1265  0.5637  0.0765  0.4344  0.1314 -0.0003  0.8095 1 
 42.9755 -0.1432  2.8081  0.1356  0.1703  0.1132  0.5329  0.1065 -0.0003  0.6473 1 
 53.2326 -0.4343  1.7353  0.0075  0.1758  0.0551  0.3782  0.0146 -0.0003  0.0978 0 
 37.5860  0.4344 -1.4424  0.0167  0.0947  0.1108  0.1842  0.0828 -0.0003  0.1076 0 
 47.2786  0.5059 -2.3001  0.0785  0.2160  0.0243  0.2598  0.0783 -0.0003  0.2032 0 
 45.6031 -0.4970  0.8345  0.0060  0.1007  0.0854  0.2623  0.0324 -0.0003  0.0751 0 
 51.3283  0.7018 -2.6788  0.0028  0.5020  0.0175  0.2968  0.0767 -0.0003  0.0928 0 
 45.1026 -0.6874  0.4604  0.0083  0.1138  0.0436  0.3946  0.0054 -0.0003  0.0765 0 
 46.5949  0.5825 -3.0411  0.0935  0.2014  0.0677  0.7390  0.2252 -0.0003  0.8341 0 
 30.2983 -0.5774  0.0905  0.0009  0.3550  0.0198  0.0979  0.0223  0.0480  0.1653 0 
 42.2278 -0.6216  2.4462  0.0171  0.7641  0.0473  0.4461  0.0242 -0.0003  0.2490 1 
 35.2880  0.6503 -0.7617  0.3986  0.3198  0.0438  0.3749  0.5981  0.4518  0.9999 1 
 42.7832  0.1343 -1.7722  0.0254  0.4564  0.1120  0.3112  0.0195 -0.0003  0.2346 0 
 39.3072 -0.1468  1.4269  0.0313  0.7474  0.0243  0.1820  0.0003 -0.0003  0.2285 0 
 50.9010  0.6423 -2.5449  0.0134  0.3566  0.1204  0.4674  0.0045 -0.0003  0.1888 0 
 45.7618 -0.6473  0.5894  0.0085  0.3130  0.0699  0.2184  0.0866 -0.0003  0.2418 0 
 43.3814  0.6164 -1.4054  0.1167  0.4323  0.0560  0.4873  0.2128  0.2313  0.9297 0 
 41.6083 -0.6430  1.8184  0.0315  0.1203  0.0387  0.2688  0.0049 -0.0003  0.0810 0 
 52.6589  0.1567  3.0150  0.1966  0.3731  0.1399  0.7583  0.2595 -0.0003  0.9776 1 
 42.5513 -0.2613 -0.1738  0.4435  0.7550  0.0400  0.2672  0.4995 -0.0003  0.9971 1 
 51.1513 -0.2762  0.8679  0.2350  0.7716  0.1103  0.3395  0.1614 -0.0003  0.9750 1 
 36.4263  0.2598 -2.2437  0.2848  0.4847  0.0400  0.4645  0.4052  0.2568  0.9987 1 
 51.7769 -0.2773  0.7272  0.0485  0.6660  0.0452  0.2115  0.0172 -0.0003  0.4330 0 
 37.1893  0.2742 -2.4019  0.0026  0.2305  0.0738  0.6004  0.1308 -0.0003  0.2149 0 
 47.9866 -0.2677  1.3667  0.2192  0.2873  0.1240  0.3452  0.1194  0.0546  0.8741 1 
 33.3349  0.2783 -1.8059  0.1594  0.5887  0.0557  0.2857  0.2966  0.2745  0.9701 1 
 42.6307 -0.4394  0.5918  0.1392  0.1495  0.1639  0.3560  0.0626 -0.0003  0.4571 1 
 40.7446  0.4608 -2.5305  0.9142  0.6280  0.0727  0.4054  0.6857  0.2132  0.9982 1 
 48.5420  0.5557 -2.6495  0.4154  0.5278  0.0281  0.5162  0.4233 -0.0003  0.9933 1 
 46.0456 -0.5424  0.5165  0.2501  0.4563  0.0248  0.5233  0.4083  0.0987  0.9868 1 
 43.7110 -0.1226  1.6047  0.1378  0.3505  0.0357  0.3095  0.0705 -0.0003  0.5644 0 
 42.1668  0.1055 -1.5187  0.0134  0.3377  0.1212  0.4017  0.1503 -0.0003  0.3028 0 
 42.8962  0.7764  1.0276  0.0000  0.2659  0.0249  0.2666  0.0473 -0.0003  0.0555 0 
 39.8901 -0.7665 -2.1008  0.0300  0.2358  0.0377  0.2718  0.0797 -0.0003  0.1407 0 
 46.3661 -0.3160 -2.8599  0.0226  0.1153  0.1237  0.3047  0.0948 -0.0003  0.1113 0 
 46.1128  0.3267  0.2638  0.0569  0.2552  0.1284  0.6539  0.0425  0.3688  0.6530 0 
 51.7525 -0.5634  1.6391  0.0170  0.3264  0.2289  0.3385  0.0328 -0.0003  0.2382 0 
 44.9165  0.5995 -1.4963  0.0132  0.4781  0.0284  0.3512  0.0787 -0.0003  0.1477 0 
 47.2541  0.0633 -1.6059  0.0752  0.3333  0.0121  0.1733  0.0378 -0.0003  0.1478 0 
 46.2562 -0.0629  1.5355  0.0153  0.0934  0.0356  0.2613  0.0651 -0.0003  0.0567 0 
 50.2998 -0.3680 -2.4019  0.0548  0.1958  0.0426  0.3836  0.2039 -0.0003  0.4080 0 
 46.7140  0.3602  0.7267  0.0314  0.5298  0.0166  0.2607  0.0328 -0.0003  0.1340 0 
 71.3359  0.4838 -0.1673  0.0242  0.1019  0.0278  0.3131  0.0966 -0.0003  0.0705 0 
 43.1952 -0.4713  2.9968  0.0894  0.2267  0.0009  0.0887  0.0052 -0.0003  0.1325 0 
 52.5673  0.5409 -1.7399  0.0217  0.2166  0.0535  0.2108  0.0981 -0.0003  0.1867 0 
 46.4118 -0.5433  1.3836  0.0049  0.0185  0.0240  0.0870  0.0207 -0.0003  0.0625 0 
 53.1777  0.0293 -1.7152  0.0570  0.0417  0.0759  0.4203  0.0399 -0.0003  0.0992 0 
 42.2675 -0.0440  1.4275  0.0313  0.5059  0.0934  0.3568  0.0468 -0.0003  0.2807 0 
 53.6934  0.1658 -2.1399  0.0146  0.2113  0.1446  0.2515  0.0737 -0.0003  0.1796 0 
 47.8370 -0.1428  0.9429  0.0434  0.4070  0.0233  0.3886  0.0622 -0.0003  0.2263 0 
 44.8890  0.3738 -2.9004  0.2568  0.3940  0.0717  0.2634  0.1129 -0.0003  0.8828 0 
 41.6236 -0.3821  0.2006  0.1067  0.4628  0.0800  0.3583  0.2031 -0.0003  0.8479 0 
 38.5443 -0.1228  1.7424  0.1230  0.1943  0.0461  0.2287  0.1264 -0.0003  0.5424 0 
 35.5505  0.0826 -1.4571  0.0962  0.1937  0.0964  0.3741  0.0484 -0.0003  0.3861 0 
 53.7087 -0.7756  1.1804  0.0314  0.5229  0.0442  0.2096  0.0375 -0.0003  0.2960 0 
 51.3741  0.7653 -1.9637  0.0529  0.2946  0.0357  0.3816  0.0568  0.1350  0.5071 0 
 46.1280  0.0246  0.4450  0.2377  0.3307  0.0329  0.2179  0.3129 -0.0003  0.9198 1 
 38.5199 -0.0166 -2.6998  0.4021  0.4108  0.1122  0.5031  0.2409  0.1243  0.9929 1 
 45.5268 -0.0969  2.5933  0.0000  0.2232  0.0236  0.0437  0.0004 -0.0003  0.1627 0 
 41.8067  0.0181 -0.5592  0.0000  0.1034  0.2249  0.4026  0.1807 -0.0003  0.1567 0 
 45.6214 -0.2878 -3.0508  0.0297  0.1496  0.0615  0.2623  0.0529 -0.0003  0.1196 0 
 41.4069  0.2736  0.1160  0.0039  0.5954  0.0479  0.5831  0.1418 -0.0003  0.2948 0 
 46.5888  0.5321 -1.1922  0.0321  0.1704  0.0432  0.3478  0.1343 -0.0003  0.1915 0 
 41.3153 -0.5427  1.9670  0.0502  0.6578  0.0494  0.2693  0.0479  0.0801  0.6109 0 
 48.3375 -0.2985 -2.1153  0.2233  0.2634  0.0587  0.6028  0.4736 -0.0003  0.9940 1 
 45.4994  0.3100  1.0140  0.1745  0.3529  0.1851  0.4374  0.4656  0.8001  0.9968 1 
 52.0760  0.4217 -2.8429  0.0831  0.7990  0.0584  0.2113  0.0530 -0.0003  0.7342 0 
 48.0262 -0.4183  0.3222  0.0807  0.0767  0.0428  0.4313  0.0414  0.1659  0.3815 0 
 46.0914 -0.3240 -0.6655  0.0364  0.1480  0.0350  0.3488  0.0677 -0.0003  0.1081 0 
 38.4558  0.3467  2.4613  0.0735  0.3312  0.0151  0.2746  0.0217 -0.0003  0.1701 0 
 49.4240 -0.1074 -1.1158  0.0056  0.4852  0.0815  0.4710  0.0893 -0.0003  0.2173 0 
 44.7486  0.1124  2.0304  0.0137  0.4522  0.0137  0.2197  0.1290 -0.0003  0.1323 0 
 50.5074  0.7509  1.8056  0.0010  0.4261  0.0710  0.2981  0.0024 -0.0003  0.1892 0 
 42.8534 -0.7801 -1.3378  0.0225  0.1564  0.0905  0.2222  0.0794 -0.0003  0.1605 0 
 59.5529  0.6631  3.1313  0.0573  0.5240  0.0245  0.2043  0.0710 -0.0003  0.2387 0 
 51.3069 -0.6543 -0.0873  0.0094  0.3019  0.2354  0.3393  0.0192 -0.0003  0.2067 0 
 52.8573  0.3272  1.3616  0.0648  0.4355  0.0698  0.4630  0.1382  0.1118  0.7211 1 
 40.2808 -0.3247 -1.7784  1.0279  0.3731  0.0405  0.3163  0.6933  0.2521  0.9976 1 
 52.5429  0.4817 -2.9285  0.0157  0.2827  0.0691  0.3794  0.0170 -0.0003  0.1684 0 
 46.6072 -0.4785  0.1755  0.0421  0.5478  0.0104  0.0869  0.0079 -0.0003  0.1568 0 
 45.3590  0.3497 -1.3710  0.0111  0.2666  0.0392  0.1751  0.0054 -0.0003  0.1443 0 
 43.5645 -0.3499  1.8059  0.0168  0.0798  0.0296  0.1328  0.0585 -0.0003  0.0587 0 
 49.9153 -0.1135 -0.8752  0.0000  0.0310  0.0252  0.0000 -0.0200 -0.0003  0.1202 0 
 43.9704  0.1141  2.2521  0.0192  0.1020  0.0435  0.2207  0.1436 -0.0003  0.1180 0 
 46.7933  0.3571  2.5882  0.0162  0.6420  0.0239  0.5211  0.0671 -0.0003  0.2380 0 
 41.4038 -0.3738 -0.5310  0.0431  0.5581  0.0269  0.5831  0.2155 -0.0003  0.6336 0 
 45.6306  0.4338  2.3545  0.0109  0.5003  0.0232  0.2623  0.0187 -0.0003  0.1240 0 
 38.0102 -0.4213 -0.7955  0.0124  0.2173  0.0498  0.3673  0.0248 -0.0003  0.1133 0 
 52.5460  0.7663  0.2824  0.1198  0.5159  0.0504  0.2951  0.0213 -0.0003  0.6637 0 
 48.4230 -0.7613 -2.8868  0.0276  0.7456  0.0709  0.4735  0.0506 -0.0003  0.3186 0 
 47.4220 -0.6374  1.3343  0.0219  0.5309  0.0313  0.4327  0.0414 -0.0003  0.2168 0 
 34.6532  0.6163 -1.7883  0.0145  0.8956  0.0310  0.2826  0.0060 -0.0003  0.2286 0 
 46.0731 -0.5687  0.5969  0.0290  0.3777  0.1964  0.4796  0.0406 -0.0003  0.2750 0 
 45.1606  0.5688 -2.5439  0.0036  0.1805  0.0318  0.3507  0.0106 -0.0003  0.0648 0 
 45.2735 -0.2625 -2.6156  0.0033  0.5923  0.0337  0.3504  0.0057 -0.0003  0.1692 0 
 44.3091  0.2500  0.5338  0.0363  0.2619  0.0200  0.1762  0.0065 -0.0003  0.1197 0 
 43.9673 -0.6891  2.3511  0.0917  0.4333  0.0398  0.5297  0.2221 -0.0003  0.7911 0 
 28.9738  0.6351 -0.7672  0.0233  0.2393  0.0331  0.2480  0.0861 -0.0003  0.1170 0 
 43.5492 -0.0520  0.0674  0.0588  0.1621  0.0408  0.2212  0.0181 -0.0003  0.1436 0 
 38.5229  0.0724 -3.0174  0.0414  0.3500  0.0485  0.2287  0.0380 -0.0003  0.2727 0 
 46.6682  0.1504 -1.1226  0.0073  0.2979  0.0459  0.4780  0.0181  0.1290  0.2572 0 
 42.3346 -0.1461  2.0161  0.0045  0.3546  0.0128  0.0892  0.0102 -0.0003  0.1335 0 
 52.1645 -0.3310 -0.1640  0.3905  0.5600  0.1049  0.5490  0.6141 -0.0003  0.9986 1 
 44.6723  0.3319  2.9654  0.2369  0.2770  0.1370  0.4835  0.5257 -0.0003  0.9975 1 
 47.8370 -0.7632  1.8543  0.0493  0.4895  0.0461  0.3454  0.0229 -0.0003  0.3567 0 
 41.5045  0.7672 -1.3172  0.0031  0.4507  0.0142  0.2689  0.0355 -0.0003  0.0769 0 
 51.3313  0.4425 -1.6871  0.3999  0.4488  0.0403  0.4240  0.3912 -0.0003  0.9936 1 
 42.9786 -0.4523  1.4380  0.1946  0.6810  0.0171  0.6217  0.1318 -0.0003  0.8718 1 
 46.6346  0.1902 -2.9317  0.0094  0.4682  0.0156  0.3477  0.1431 -0.0003  0.1414 0 
 46.2959 -0.1905  0.2124  0.0507  0.2732  0.1316  0.2177  0.1522 -0.0003  0.5603 0 
 56.0616  0.5071 -0.0877  0.0187  0.1605  0.0081  0.1659  0.2936 -0.0003  0.3318 0 
 48.5267 -0.5091  3.0382  0.0811  0.3504  0.0334  0.4302  0.0486 -0.0003  0.4261 0 
 53.0678  0.7840  2.7178  0.0087  0.3416  0.0262  0.3784  0.0693 -0.0003  0.0998 0 
 46.6102 -0.7880 -0.4420  0.0589  0.2853  0.0270  0.3478  0.1374 -0.0003  0.3268 0 
 56.7758  0.3433  1.1885  0.0329  0.1081  0.0195  0.3308  0.0159 -0.0003  0.0559 0 
 51.8441 -0.3468 -1.9415  0.0377  0.4121  0.0180  0.2961  0.0256 -0.0003  0.1351 0 
 49.0730  0.6670 -2.1720  0.1539  0.2362  0.0210  0.1716  0.1739 -0.0003  0.5237 0 
 48.4840 -0.6653  0.9457  0.0179  0.6559  0.0303  0.2582  0.0342 -0.0003  0.1819 0 
 51.9448 -0.5955 -0.3821  0.0229  0.2486  0.0331  0.1691  0.0087 -0.0003  0.1352 0 
 51.7952  0.6038  2.7581  0.0002  0.4489  0.0388  0.4231  0.1010 -0.0003  0.1639 0 
 36.9238  0.2651  2.3779  0.1411  0.1796  0.0404  0.3702  0.1447  0.0954  0.7812 1 
 35.7855 -0.2693 -0.7531  0.2997  0.5113  0.0399  0.5602  0.3016 -0.0003  0.9808 1 
 47.6020 -0.0440 -2.8862  0.0305  0.5649  0.0208  0.2162  0.0193 -0.0003  0.1603 0 
 29.6330  0.0503  0.2449  0.1354  0.3498  0.0206  0.2464  0.1655 -0.0003  0.5536 0 
 46.3478 -0.7622 -2.5111  0.0497  0.3185  0.0261  0.2177  0.0200 -0.0003  0.1703 0 
 41.0071  0.7477  0.5956  0.0344  0.1134  0.0275  0.2249  0.0132 -0.0003  0.0611 0 
 42.8748  0.5590 -2.9400  0.9715  0.7078  0.0403  0.3999  0.8143 -0.0003  0.9982 1 
 33.6034 -0.5081  0.2915  0.0702  0.4123  0.1103  0.4752  0.0845 -0.0003  0.4419 1 
 40.9552  0.0783  0.1772  0.0366  0.5460  0.0368  0.2699  0.0729 -0.0003  0.2817 0 
 40.7721 -0.0753 -2.9745  0.0824  0.2621  0.0072  0.2252  0.0638 -0.0003  0.1289 0 
 57.0535  0.3976  1.6525  0.0869  0.0873  0.0938  0.2065  0.1309 -0.0003  0.2989 0 
 47.7455 -0.4306 -1.5122  0.0941  0.3538  0.0522  0.3456  0.1306 -0.0003  0.6372 0 
 46.3355 -0.3573 -0.7000  0.0334  0.5107  0.0420  0.2177  0.0139 -0.0003  0.3034 0 
 40.2686  0.3531  2.4427  0.0723  0.2859  0.0278  0.1808  0.0723 -0.0003  0.2308 0 
 44.1596 -0.4784 -0.4604  0.1249  0.5932  0.1428  0.3527  0.1080 -0.0003  0.7343 1 
 32.8985  0.5135  2.6805  0.5772  0.5125  0.0293  0.4303  0.5302 -0.0003  0.9976 1 
 51.2917 -0.0695 -2.8983  0.6541  0.1236  0.0714  0.4665  0.4091 -0.0003  0.9771 1 
 48.2124  0.0717  0.2857  0.0447  0.5857  0.0567  0.4740  0.1566  0.1210  0.7066 1 
 45.4322  0.6476 -0.5660  0.0214  0.3767  0.0365  0.2626  0.0087 -0.0003  0.1808 0 
 44.8249 -0.6297  2.5501  0.0154  0.2830  0.0545  0.3952  0.1369 -0.0003  0.2428 0 
 47.0314 -0.7735  0.0253  0.0203  0.5696  0.0722  0.5204  0.0294 -0.0003  0.2360 0 
 37.5067  0.7685  3.1327  0.0238  0.4108  0.0074  0.4607  0.0668  0.0612  0.2549 0 
 51.2154  0.1023  1.4773  0.0660  0.1070  0.1236  0.2121  0.0278 -0.0003  0.1464 0 
 45.9632 -0.0928 -1.6240  0.0246  0.5672  0.0291  0.1745  0.0103 -0.0003  0.2173 0 
 39.1333 -0.1298 -3.0246  0.4667  0.2238  0.0296  0.5920  0.6889 -0.0003  0.9985 1 
 18.0484  0.1356  0.1260  0.3745  0.1367  0.0247  0.2309  0.3955 -0.0003  0.9753 1 
 52.3812  0.0878 -1.4677  0.0307  0.0379  0.0211  0.2109  0.0285 -0.0003  0.0448 0 
 41.8280 -0.0775  1.6585  0.0664  0.3036  0.0226  0.3131  0.0782 -0.0003  0.2260 0 
 47.2389 -0.6212  1.5564  0.0036  0.3957  0.0261  0.3032  0.0515 -0.0003  0.0867 0 
 45.7893  0.6271 -1.5746  0.0199  0.4968  0.0137  0.2620  0.1298 -0.0003  0.1455 0 
 47.3762 -0.6301  1.2579  0.0199  0.2694  0.1447  0.6926  0.0590 -0.0003  0.3163 0 
 46.1707  0.6291 -1.8773  0.0786  0.2398  0.0225  0.3486  0.0889 -0.0003  0.2679 0 
 42.9053  0.2270  0.3540  0.0186  0.4209  0.0370  0.3554  0.0449  0.0892  0.3422 0 
 37.6349 -0.1995 -2.7930  0.1098  0.3345  0.0160  0.1841  0.0385 -0.0003  0.2314 0 
 47.3365 -0.4382 -0.0660  0.0211  0.4038  0.0467  0.3030  0.1329 -0.0003  0.3114 0 
 47.1107  0.4406  3.0903  0.0068  0.2670  0.0150  0.2601  0.0370 -0.0003  0.0508 0 
 45.3101  0.7731 -3.0600  0.2468  0.6414  0.0706  0.4379  0.3140 -0.0003  0.9885 1 
 44.6174 -0.7710  0.0992  0.0012  0.4998  0.0739  0.3957  0.0117 -0.0003  0.1644 1 
 51.3191  0.7283  1.0493  0.1488  0.5109  0.0163  0.2544  0.0833 -0.0003  0.4748 0 
 42.5269 -0.7260 -2.0993  0.0645  0.1243  0.0209  0.2672  0.1411  0.0342  0.2543 0 
 39.7345  0.5064  1.3075  0.0569  0.1987  0.0143  0.1814  0.0921 -0.0003  0.1271 0 
 39.5026 -0.4880 -1.8010  0.0284  0.2712  0.0638  0.1363  0.0068 -0.0003  0.2925 0 
 47.5471 -0.2782  1.0179  0.0092  0.3347  0.0975  0.3460  0.0093 -0.0003  0.1673 0 
 33.2555  0.3246 -2.2051  0.0211  0.1820  0.0207  0.1430  0.0235  0.1854  0.5396 0 
 44.9226 -0.3712  1.9073  0.7505  0.5693  0.0781  0.7900  0.6214 -0.0003  0.9953 1 
 39.3896  0.3497 -1.2490  0.5744  0.1285  0.0642  0.4092  0.5635  0.5509  0.9999 1 
 39.2859  0.2308  0.8831  0.0096  0.1815  0.0341  0.5004  0.0016 -0.0003  0.1118 0 
 38.0621 -0.2534 -2.2555  0.0181  0.3783  0.0438  0.2294  0.0078 -0.0003  0.2132 0 
 48.8075 -0.7322 -2.4031  0.0064  0.1391  0.0166  0.3007  0.0479 -0.0003  0.0376 0 
 41.6663  0.7029  0.7061  0.0096  0.1185  0.0547  0.2239  0.0136 -0.0003  0.0795 0 
 48.6458 -0.7409  1.9211  0.2135  0.5028  0.0414  0.4729  0.3229  0.0784  0.9676 1 
 30.1061  0.7340 -1.2670  0.1060  0.3601  0.0455  0.2452  0.2261  0.1795  0.8765 1 
 47.2450  0.2691  2.6686  0.0660  0.2745  0.1216  0.4332  0.0316 -0.0003  0.3363 0 
 44.3641 -0.2590 -0.4928  0.0626  0.1208  0.0335  0.1762  0.0135 -0.0003  0.1012 0 
 45.4353  0.1240 -2.8840  0.0277  0.4330  0.1760  0.3063  0.0447  0.1269  0.4472 0 
 45.2766 -0.0789  0.2667  0.0257  0.6815  0.0169  0.4818  0.2309 -0.0003  0.4841 0 
 48.4413 -0.4512 -1.2449  0.0025  0.3735  0.0144  0.2582  0.0836 -0.0003  0.0748 0 
 21.9974  0.4177  1.8928  0.1952  0.1874  0.0211  0.2161  0.1600  0.1771  0.9063 0 
 50.8309 -0.1262 -1.3135  0.0143  0.1245  0.1081  0.3826  0.0289 -0.0003  0.0848 0 
 42.3224  0.1190  1.8315  0.0170  0.2112  0.0218  0.2229  0.0060 -0.0003  0.0687 0 
 46.8513  0.4978 -1.7115  0.0263  0.6821  0.0396  0.3907  0.0380 -0.0003  0.2744 0 
 44.5899 -0.5630  1.4468  0.0254  0.0727  0.0549  0.2639  0.0583 -0.0003  0.0777 0 
 48.2856 -0.2702 -2.8279  0.0827  0.1951  0.0356  0.1723  0.0224 -0.0003  0.2275 0 
 44.9744  0.2971  0.3576  0.0454  0.3775  0.4764  0.3949  0.1824 -0.0003  0.6842 0 
 50.9804  0.4059  1.4363  0.0095  0.6801  0.0562  0.4248  0.0810 -0.0003  0.2579 0 
 37.3724 -0.4244 -1.6799  0.0409  0.2472  0.0106  0.1845  0.0195 -0.0003  0.0849 0 
 46.2043  0.5575  0.4649  0.0320  0.4324  0.0543  0.3050  0.0071 -0.0003  0.2787 0 
 42.0996 -0.5781 -2.6592  0.0094  0.1527  0.0083  0.1339  0.0065 -0.0003  0.0488 0 
 45.6092  0.7065  1.7686  0.0128  0.1049  0.0783  0.1749  0.0053 -0.0003  0.1007 0 
 44.9592 -0.7065 -1.3478  0.0487  0.3519  0.0462  0.5266  0.1354 -0.0003  0.4714 0 
 48.7831 -0.4107  0.7276  0.0221  0.4803  0.0104  0.2148  0.0067 -0.0003  0.1125 0 
 45.4719  0.4311 -2.4153  0.0282  0.2857  0.0574  0.4375  0.0584 -0.0003  0.2286 0 
 45.5817  0.5421 -2.7039  0.0233  0.1954  0.0253  0.3061  0.0511 -0.0003  0.0695 0 
 43.8575 -0.5340  0.4182  0.0072  0.8454  0.0221  0.2650  0.1070 -0.0003  0.1909 0 
 52.4422  0.4999  0.5499  0.0840  0.3779  0.0594  0.4217  0.0367 -0.0003  0.4639 0 
 41.9532 -0.4758 -2.5753  0.0255  0.3513  0.0378  0.4022  0.0294 -0.0003  0.1899 0 
 45.6825  0.5736  1.5968  0.0018  0.1847  0.0403  0.4370  0.0263  0.0802  0.1423 0 
 43.7263 -0.5254 -1.5783  0.0324  0.2280  0.0353  0.3094  0.0313  0.1061  0.3090 0 
 45.9205  0.5110 -1.9993  0.0023  0.2060  0.0355  0.3055  0.1177 -0.0003  0.0875 0 
 41.6358 -0.5071  1.1525  0.1099  0.7675  0.0280  0.2687  0.1967 -0.0003  0.7420 0 
 46.9795  0.5095  0.0194  0.1127  0.1037  0.0781  0.3036  0.0797 -0.0003  0.2962 0 
 38.2757 -0.5314  3.1038  0.0040  0.2309  0.0434  0.2749  0.1461 -0.0003  0.1543 0 
 40.6226  0.5190 -0.9432  0.5196  0.7131  0.0403  0.4508  0.5123  0.0512  0.9976 1 
 37.5830 -0.5064  2.2290  0.0374  0.7149  0.0283  0.4605  0.0850 -0.0003  0.3768 1 
 43.4150 -0.0886 -1.7789  0.3276  0.3549  0.0678  0.1772  0.2469 -0.0003  0.9742 1 
 39.9451  0.0736  1.2917  0.2936  0.2213  0.0313  0.3170  0.4544  0.2759  0.9989 1 
 42.9847 -0.3000 -0.5460  0.0020  0.1527  0.0319  0.5328  0.0411 -0.0003  0.0946 0 
 40.5585  0.3112  2.6018  0.0113  0.2301  0.0150  0.2255  0.0450 -0.0003  0.0508 0 
 51.8349 -0.0733  3.0362  0.0873  0.2181  0.0882  0.2115  0.1401 -0.0003  0.5995 0 
 39.4415  0.0592 -0.1272  0.0470  0.1498  0.0430  0.3636  0.0231  0.4681  0.9587 0 
 50.7546 -0.2995  1.9377  0.0517  0.6602  0.1061  0.5528  0.0443 -0.0003  0.3518 0 
 45.5726  0.3020 -1.2446  0.0082  0.4298  0.0845  0.4373  0.0163 -0.0003  0.1753 0 
 41.7731 -0.7351  2.2704  0.0046  0.2375  0.0378  0.1790  0.1787 -0.0003  0.2483 0 
 32.1538  0.7410 -0.8477  0.0025  0.5105  0.0281  0.2887  0.0030  0.2591  0.6936 0 
 51.7189 -0.4493  0.3800  0.0212  0.2305  0.0495  0.3809  0.2556 -0.0003  0.3912 0 
 39.7528  0.4059 -2.7760  0.0103  0.0291  0.0428  0.1814  0.0106 -0.0003  0.0674 0 
 50.0648 -0.6612 -2.9951  0.0337  0.5451  0.0690  0.5121  0.0569 -0.0003  0.3064 0 
 44.8585  0.6605  0.1148  0.0501  0.3899  0.0173  0.5269  0.0488 -0.0003  0.3315 0 
 46.5309  0.6808  1.0536  0.0394  0.3864  0.0620  0.3479 -0.0200 -0.0003  0.2775 0 
 45.6092 -0.6626 -2.1189  0.0788  0.2542  0.0426  0.4809  0.0961 -0.0003  0.4629 0 
 43.1434 -0.0274  0.5572  0.0032  0.2676  0.0641  0.5767  0.0090 -0.0003  0.1567 0 
 39.3805  0.0168 -2.5946  0.0264  0.5683  0.0233  0.3637  0.1688  0.1218  0.5889 0 
 49.5460  0.6500  0.7461  0.0264  0.1692  0.0497  0.4707  0.0251 -0.0003  0.1478 0 
 39.6033 -0.6469 -2.3784  0.0090  0.4840  0.0087  0.0908  0.0396 -0.0003  0.1181 0 
 49.8543  0.5973  3.0999  0.0083  0.3928  0.0510  0.3418  0.0809 -0.0003  0.1833 0 
 42.8351 -0.6022 -0.0177  0.0104  0.2240  0.1914  0.5333  0.0538 -0.0003  0.2079 0 
 47.0710 -0.4780  2.5710  0.0123  0.6054  0.0103  0.2168  0.0019 -0.0003  0.1189 0 
 38.1598  0.4913 -0.5662  0.0109  0.2764  0.0061  0.2751  0.1651  0.0951  0.2606 0 
 49.0547  0.1318 -1.9768  0.0691  0.5758  0.0442  0.4719  0.0825 -0.0003  0.5533 0 
 41.2879 -0.1219  1.1881  0.1138  0.4592  0.0181  0.3142  0.0523 -0.0003  0.3985 0 
 50.9285 -0.6366  2.2487  0.1226  0.2206  0.1233  0.1700  0.0855 -0.0003  0.6440 0 
 46.6377  0.6656 -0.9140  0.0133  0.1841  0.0311  0.1739  0.0416 -0.0003  0.0702 0 
 49.5186 -0.0101  3.0779  0.6026  0.2624  0.0659  0.2996  0.4941 -0.0003  0.9963 1 
 44.7517  0.0266 -0.0506  0.2976  0.5890  0.0277  0.3515  0.1435 -0.0003  0.8530 1 
 80.0397  0.2903 -0.8866  0.0221  0.1534  0.1761  0.4192  0.0298 -0.0003  0.1408 0 
 43.0488 -0.2967  2.2519  0.0103  0.1212  0.0151  0.2663  0.0023 -0.0003  0.0422 0 
 40.4944 -0.3024 -2.1171  0.3449  0.5554  0.0631  0.6317  0.4468 -0.0003  0.9958 1 
 39.4415  0.2603  1.0646  0.4725  0.4664  0.0804  0.2726  0.4864 -0.0003  0.9977 1 
 45.8381 -0.8051 -0.0157  0.0142  0.2288  0.1309  0.3493  0.0521 -0.0003  0.1560 0 
 43.7232  0.7797  3.1203  0.0089  0.0926  0.1631  0.2210  0.0250 -0.0003  0.0596 0 
 50.5409 -0.7096 -0.8896  0.0305  0.4266  0.0234  0.4683  0.0993 -0.0003  0.2732 0 
 43.7537  0.7091  2.2621  0.0547  0.2072  0.0369  0.4862  0.1664  0.0636  0.5015 0 
 48.2277 -0.3746 -1.2882  0.2697  0.3002  0.1419  0.4309  0.2508 -0.0003  0.9820 1 
 44.6113  0.3664  1.8255  0.1147  0.0635  0.2862  0.4397  0.1419 -0.0003  0.3816 1 
 50.5165  0.7003  0.6525  0.1389  0.4353  0.0811  0.3832  0.2270 -0.0003  0.9137 1 
 48.7770 -0.7068 -2.4684  0.1067  0.4764  0.0407  0.3437  0.1856 -0.0003  0.7868 1 
 47.6570  0.1540  2.6043  0.0888  0.1328  0.0121  0.3458  0.0679 -0.0003  0.1412 0 
 46.7353 -0.1450 -0.5409  0.0016  0.4139  0.0325  0.2172  0.0081 -0.0003  0.1453 0 
 49.5216  0.7681  1.0421  0.0362  0.6129  0.0523  0.5563  0.0296 -0.0003  0.3097 0 
 47.5349 -0.7639 -2.1077  0.0340  0.3070  0.0508  0.2163  0.0289  0.0948  0.3992 0 
 49.3751  0.7883 -0.6615  0.0340  0.2700  0.0066  0.2141  0.2098 -0.0003  0.2051 0 
 47.2267 -0.7838  2.4626  0.0990  0.1275  0.0766  0.3032  0.0258 -0.0003  0.2489 0 
 49.9886  0.6524  1.9795  0.1045  0.5170  0.0703  0.3415  0.1729 -0.0003  0.8285 0 
 44.9500 -0.6550 -1.1945  0.0454  0.4162  0.0257  0.3511  0.1590 -0.0003  0.3597 0 
 44.1291  0.4700  3.0149  0.2713  0.5068  0.0378  0.3528  0.1667 -0.0003  0.8824 1 
 40.1679 -0.4718 -0.1029  0.0364  0.7734  0.0310  0.3165  0.1843 -0.0003  0.4832 1 
 44.4495  0.5901 -0.1779  0.1919  0.3800  0.0417  0.3081  0.2680 -0.0003  0.9176 0 
 43.5706 -0.6119  2.9394  0.0066  0.1124  0.0574  0.2212  0.0030 -0.0003  0.0836 0 
 46.7781 -0.6493  0.8984  0.0740  0.5408  0.0295  0.3908  0.0959  0.2109  0.7513 0 
 45.2399  0.6425 -2.1981  0.0244  0.4279  0.0279  0.3067  0.1716  0.1454  0.5932 0 
 47.6509  0.6144 -2.5197  0.0926  0.7623  0.0254  0.4322  0.0801 -0.0003  0.6377 1 
 46.7384 -0.6145  0.6106  0.0003  0.6932  0.0420  0.3475  0.0666 -0.0003  0.1804 1 
 44.8554 -0.3767  2.8294  0.0140  0.1477  0.0136  0.2195  0.0849 -0.0003  0.0463 0 
 41.1444  0.3706 -0.2933  0.0302  0.2504  0.0698  0.4493  0.0025 -0.0003  0.2016 0 
 46.5766  0.5670 -0.3432  0.0157  0.0754  0.0700  0.3478  0.0234 -0.0003  0.0741 0 
 31.7327 -0.5668  2.7774  0.0239  0.1852  0.0381  0.5796  0.0811 -0.0003  0.2186 0 
 51.0689 -0.2299 -1.6958  0.0031  0.3517  0.0167  0.1698  0.0419 -0.0003  0.0866 0 
 45.6153  0.2222  1.4654  0.0215  0.1569  0.2143  0.3934  0.0478 -0.0003  0.1578 0 
 44.0040 -0.1915  0.2384  0.4033  0.2877  0.0764  0.4413  0.2310  0.1359  0.9875 1 
 35.6298  0.1121 -2.8776  0.1158  0.4420  0.1125  0.3272  0.0851 -0.0003  0.6282 1 
 48.6671  0.0319  2.4217  0.0212  0.3487  0.1185  0.4728  0.0096 -0.0003  0.2082 0 
 40.7446 -0.0260 -0.7293  0.0257  0.2476  0.0284  0.2252  0.0340 -0.0003  0.0945 0 
 50.5074 -0.4265  1.5706  0.0458  0.2913  0.0758  0.3832  0.1253 -0.0003  0.4083 0 
 45.4841  0.4338 -1.5950  0.1045  0.4392  0.0172  0.1750  0.1904 -0.0003  0.4413 0 
 45.4566  0.6373 -2.4523  0.0667  0.2614  0.0347  0.3938  0.2189  0.0697  0.6431 0 
 36.4660 -0.6227  0.6474  0.0128  0.4804  0.0373  0.3251  0.1009  0.2195  0.5851 0 
 46.6865  0.0481 -1.2046  0.0417  0.2429  0.1377  0.3911  0.0317 -0.0003  0.2349 0 
 39.1089 -0.0669  1.9652  0.0320  0.1754  0.0705  0.3188  0.0180 -0.0003  0.1451 0 
 50.8614  0.6423  2.2055  0.0060  0.3832  0.0984  0.4675  0.0761 -0.0003  0.1983 0 
 45.3834 -0.6523 -0.9112  0.0129  0.1347  0.1693  0.2626  0.0594 -0.0003  0.0996 0 
 45.8167  0.5157  1.0613  0.0913  0.4213  0.0253  0.2183  0.0067 -0.0003  0.3453 0 
 43.0304 -0.4886 -2.0679  0.0362  0.2100  0.0554  0.2664  0.0538 -0.0003  0.1735 0 
 43.7018 -0.4303 -2.7375  0.0508  0.1391  0.0432  0.3095 -0.0200 -0.0003  0.1440 0 
 39.1150  0.4515  0.3951  0.0050  0.2629  0.0353  0.3644  0.0345 -0.0003  0.0859 0 
 43.3845  0.6991  1.8970  0.0028  0.4214  0.0165  0.3544  0.0320 -0.0003  0.0744 0 
 42.7436 -0.7118 -1.1958  0.0383  0.1596  0.0198  0.2223  0.0257 -0.0003  0.0616 0 
 50.3426 -0.3293  0.1450  0.0221  0.0700  0.1221  0.6392  0.0660 -0.0003  0.1617 0 
 43.0762  0.3111 -3.0035  0.0363  0.3825  0.0852  0.5769  0.2220 -0.0003  0.5388 0 
 54.6029 -0.4134 -2.0404  0.0073  0.2965  0.0608  0.2922  0.0023 -0.0003  0.1652 0 
 48.5725  0.4506  1.0906  0.0389  0.1032  0.0179  0.3010  0.1271 -0.0003  0.0871 0 
 54.5754 -0.2126 -1.5684  0.1968  0.4435  0.1427  0.2923  0.1426 -0.0003  0.9135 1 
 30.5455  0.2558  1.6335  0.0966  0.3238  0.0316  0.2931  0.0360 -0.0003  0.3640 1 
 46.2318 -0.6214  2.5379  0.0114  0.4453  0.0366  0.1742  0.0218 -0.0003  0.1961 0 
 42.9908  0.6456 -0.5975  0.0507  0.4260  0.0268  0.3552  0.0839 -0.0003  0.2855 0 
 47.4617  0.0007  0.1664  0.0072  0.0799  0.0413  0.2596  0.0959 -0.0003  0.0651 0 
 45.6672 -0.0146 -2.9763  0.0154  0.5983  0.0601  0.4370  0.1110 -0.0003  0.3137 0 
 42.6276 -0.5487  3.0740  0.0799  0.1449  0.0782  0.3115  0.1385  0.3675  0.7881 1 
 41.6236  0.5239 -0.1361  0.4082  0.4787  0.0656  0.3135  0.5606  0.3593  0.9998 1 
 49.4179  0.3749 -1.7305  0.0224  0.0245  0.0417  0.2997  0.0018 -0.0003  0.0680 0 
 39.5209 -0.3612  1.3893  0.0388  0.6304  0.0148  0.3179  0.0342  0.1136  0.3763 0 
 47.0924  0.5360 -0.8722  0.6578  0.5415  0.1256  0.6070  0.3244 -0.0003  0.9895 1 
 46.1036 -0.5685  2.2878  0.5352  0.5824  0.0543  0.3924  0.3607 -0.0003  0.9955 1 
 53.9162 -0.1811  0.5897  0.0126  0.0776  0.0399  0.1257  0.0104 -0.0003  0.0771 0 
 47.9591  0.1666 -2.5229  0.0020  0.0470  0.0363  0.2589  0.0179 -0.0003  0.0517 0 
 42.6856 -0.5847 -2.0936  0.0700  0.5759  0.0469  0.3114  0.1539  0.0648  0.7519 0 
 37.1069  0.5260  1.1025  0.0199  0.3495  0.1679  0.4621  0.0294  0.3319  0.4613 0 
 47.4861  0.2538 -2.3817  0.1298  0.0517  0.0346  0.5191  0.1429  0.1247  0.6592 0 
 37.1191 -0.2464  0.7659  0.0253  0.2549  0.0129  0.2772  0.0014 -0.0003  0.0730 0 
 47.9622  0.4105  1.8386  0.0241  0.1424  0.0785  0.2589  0.0826 -0.0003  0.1374 0 
 46.4607 -0.3817 -1.2912  0.0027  0.1717  0.0278  0.1305  0.0450 -0.0003  0.0652 0 
 44.7761 -0.7627 -2.8420  0.0130  0.6533  0.0154  0.3075  0.0262 -0.0003  0.1172 0 
 41.8128  0.7745  0.3172  0.0128  0.2396  0.0974  0.4026  0.1296 -0.0003  0.2181 0 
 48.0507  0.0196  1.3970  0.0775  0.2912  0.0913  0.4744  0.1846  0.1212  0.8085 0 
 41.9562 -0.0595 -1.7865  0.0111  0.1684  0.0270  0.2682  0.0108 -0.0003  0.0573 0 
 46.8544 -0.2818  0.0038  0.6543  0.4818  0.0944  0.9550  0.5373 -0.0003  0.9955 1 
 44.5777  0.3118 -3.1396  0.1922  0.5207  0.0923  0.2199  0.1098 -0.0003  0.8983 1 
 45.0996  0.7963  2.2085  0.1474  0.4015  0.0632  0.5700  0.1573 -0.0003  0.8567 0 
 37.6684 -0.7966 -1.0605  0.0097  0.2216  0.0366  0.3682  0.0761 -0.0003  0.0943 0 
 50.1473 -0.3862  2.4864  0.0857  0.2035  0.0312  0.5972  0.1116 -0.0003  0.5225 0 
 36.5270  0.3751 -0.6308  0.0495  0.4430  0.0153  0.3713  0.0366  0.0896  0.4072 0 
 57.2183  0.3905  1.9057  0.3882  0.5172  0.0692  0.5365  0.3376 -0.0003  0.9922 1 
 42.5727 -0.3709 -1.2707  0.7598  0.5284  0.0757  0.4452  0.2468  0.3132  0.9961 1 
 48.2429 -0.1510  2.2410  0.0999  0.2380  0.0248  0.3016  0.0364  0.0526  0.4329 0 
 42.9114  0.1388 -0.9155  0.1799  0.6538  0.0077  0.3554  0.2871 -0.0003  0.8478 0 
 46.0975  0.4274 -2.8360  0.5062  0.5099  0.0311  0.4796  0.4440 -0.0003  0.9956 1 
 17.8500 -0.4089  0.3305  0.2734  0.6296  0.0241  0.4056  0.5225  0.1854  0.9961 1 
 47.1412  0.7602  1.1814  0.0460  0.4162  0.0855  0.4334  0.1906 -0.0003  0.5566 1 
 46.5187 -0.7572 -1.9389  0.2607  0.6942  0.0503  0.4349  0.5461 -0.0003  0.9962 1 
 52.0058 -0.3861  0.0270  0.0128  0.2490  0.0936  0.5072  0.0296 -0.0003  0.1686 0 
 41.9623  0.3802 -3.0984  0.0000  0.0035  0.0088  0.0447  0.0182 -0.0003  0.0599 0 
 41.7975  0.4440  0.7415  0.3778  0.4942  0.0253  0.3132  0.5029 -0.0003  0.9961 1 
 31.4122 -0.4368 -2.4286  0.3733  0.2664  0.1315  0.2907  0.2383 -0.0003  0.9915 1 
 46.0243  0.3289 -0.7698  0.0223  0.4956  0.0318  0.2617  0.0374 -0.0003  0.1731 0 
 42.4475 -0.3200  2.3706  0.0286  0.6395  0.0295  0.3564  0.0234 -0.0003  0.2325 0 
 52.3140  0.3233 -2.2415  0.0186  0.2764  0.0128  0.2954  0.0156 -0.0003  0.0632 0 
 45.1637 -0.3292  0.8842  0.0024  0.1804  0.0368  0.0877  0.0142 -0.0003  0.1131 0 
 50.4128  0.1864  2.6276  0.0093  0.1605  0.0147  0.3408  0.0236 -0.0003  0.0421 0 
 41.3214 -0.1446 -0.5349  0.0511  0.4694  0.0469  0.3590  0.0292 -0.0003  0.3623 0 
 39.6185  0.5124 -1.7112  0.2818  0.3063  0.0377  0.6354 -0.0200 -0.0003  0.7537 1 
 32.1691 -0.5373  1.4527  0.2336  0.5726  0.0604  0.4811  0.2647  0.5016  0.9994 1 
 46.1463  0.0587  0.1236  0.2741  0.5290  0.0673  0.3051  0.2590 -0.0003  0.9798 1 
 45.1698 -0.0603 -2.9990  0.2461  0.6880  0.0477  0.6136  0.1961 -0.0003  0.9578 1 
 45.6703  0.3789 -2.4498  0.0044  0.3100  0.2084  0.3496  0.0037 -0.0003  0.1860 0 
 38.1018 -0.4070  0.7066  0.0065  0.2013  0.0656  0.3211  0.0224 -0.0003  0.1084 0 
 46.5553 -0.4309 -2.7527  0.0308  0.2924  0.0607  0.2609  0.0165 -0.0003  0.2278 0 
 45.9113  0.4090  0.3899  0.0018  0.1591  0.0929  0.2182  0.0118 -0.0003  0.1030 0 
 48.1575 -0.1185  1.8278  0.4930  0.2985  0.0635  0.6034  0.3881  0.0332  0.9947 1 
 30.5028  0.1345 -1.2537  0.3267  0.6734  0.0142  0.3909  0.3799  0.0383  0.9895 1 
 43.3478  0.7137  1.0877  0.2686  0.1163  0.0538  0.4873  0.3925 -0.0003  0.9806 1 
 40.4273 -0.6956 -2.0378  0.0331  0.1110  0.0222  0.5417  0.0235 -0.0003  0.1285 1 
 56.5713 -0.0196  2.6337  0.0218  0.0855  0.2887  0.4552  0.0880 -0.0003  0.1278 0 
 47.5624 -0.0139 -0.5403  0.0307  0.0794  0.3112  0.3459  0.0341 -0.0003  0.0919 0 
 50.0648  0.1696  0.7790  0.0067  0.1352  0.0196  0.2987  0.0746 -0.0003  0.0430 0 
 46.6743 -0.1588 -2.3552  0.0018  0.1664  0.0587  0.3042  0.0479 -0.0003  0.0799 0 
 55.7656 -0.5938  1.3957  0.0034  0.3531  0.1833  0.4984  0.0301 -0.0003  0.2072 0 
 53.0922  0.6090 -1.6421  0.0361  0.3150  0.2473  0.4625  0.0611 -0.0003  0.3177 0 
 54.6242  0.6307 -2.2777  0.1200  0.2623  0.1046  0.3757  0.0847 -0.0003  0.5460 0 
 44.6845 -0.6348  0.8553  0.0745  0.2233  0.0703  0.1758  0.2203 -0.0003  0.6029 0 
 50.8217  0.4104  0.9895  0.1280  0.4229  0.0236  0.3401  0.1495 -0.0003  0.6454 0 
 45.6580 -0.3969 -2.1745  0.1010  0.1062  0.0404  0.2622  0.0945 -0.0003  0.2214 0 
 39.7559  0.2879  2.6256  0.0013  0.5389  0.0537  0.4081  0.0772 -0.0003  0.1866 0 
 32.9198 -0.2685 -0.4927  0.1332  0.2261  0.0358  0.4780  0.0981  0.0614  0.7217 0 
 45.7771 -0.5852  0.7764  0.0294  0.6527  0.0265  0.3931  0.0704 -0.0003  0.2481 0 
 43.2136  0.5848 -2.3952  0.0016  0.3169  0.0305  0.3991  0.0215 -0.0003  0.0937 0 
 45.7801  0.6837  1.1028  0.0201  0.1364  0.0817  0.3057  0.0168 -0.0003  0.0998 0 
 45.5756 -0.6742 -2.0240  0.0662  0.7931  0.0429  0.3935  0.0626 -0.0003  0.5728 0 
 51.2215 -0.0341  0.8134  0.0114  0.2769  0.0951  0.4243  0.0322 -0.0003  0.1593 0 
 46.0273  0.0367 -2.3172  0.0476  0.4260  0.0349  0.4361  0.1111 -0.0003  0.4165 0 
 42.8412 -0.1061 -2.2500  0.0068  0.2046  0.0403  0.3556  0.0777 -0.0003  0.0877 0 
 42.4170  0.1101  0.8773  0.0117  0.2315  0.1397  0.2674  0.0381  0.2086  0.3107 0 
 47.3823 -0.7786  2.0472  0.0060  0.3317  0.0292  0.3896  0.0710 -0.0003  0.1020 0 
 40.0580  0.7867 -1.0801  0.1019  0.4798  0.0543  0.3620  0.0363  0.1918  0.7455 0 
 46.4393 -0.3406 -0.3190  0.0535  0.5728  0.0503  0.5656  0.1159 -0.0003  0.5222 1 
 34.9645  0.3333  2.7498  0.2821  0.7044  0.0226  0.1880  0.1404  0.2679  0.9295 1 
 50.2785 -0.6238  0.0593  0.2044  0.7841  0.0272  0.3837  0.1678 -0.0003  0.8846 0 
 45.5512  0.6280 -3.0793  0.0152  0.2911  0.1095  0.3936  0.0329 -0.0003  0.1740 0 
 56.8734  0.5115  1.0036  0.0049  0.3567  0.0196  0.1653  0.0485  0.1667  0.3442 0 
 49.1920 -0.5161 -2.1267  0.0054  0.5193  0.0741  0.5573  0.0218 -0.0003  0.1879 0 
 55.8816  0.1825  2.2914  0.0036  0.5760  0.0310  0.2491  0.0366 -0.0003  0.1419 0 
 39.2615 -0.1523 -0.8312  0.0254  0.3856  0.1163  0.3640  0.0410 -0.0003  0.2358 0 
 45.1850 -0.0236  1.7099  0.1236  0.6769  0.0478  0.5697  0.1639 -0.0003  0.8777 1 
 30.5669 -0.0096 -1.4091  0.1086  0.3353  0.0869  0.5860  0.1264  0.6167  0.9920 1 
 46.6560  0.3322 -2.1570  0.0315  0.2598  0.0280  0.4346  0.1296 -0.0003  0.2347 0 
 32.5750 -0.3219  0.9648  0.0685  0.1037  0.0562  0.1438  0.0473 -0.0003  0.1444 0 
 44.3244  0.1490 -2.0338  0.0062  0.4970  0.0179  0.3523  0.1552  0.0136  0.1807 0 
 44.0284 -0.1651  1.0967  0.0740  0.5432  0.0990  0.5736  0.1664 -0.0003  0.6775 0 
 52.7962  0.0161 -0.6191  0.0285  0.5051  0.1884  0.6315  0.0416 -0.0003  0.2997 0 
 42.1973 -0.0180  2.5691  0.0422  0.2066  0.0651  0.4016  0.0328  0.4271  0.7435 0 
 52.9915  0.7633  2.9998  0.3397  0.1421  0.0435  0.3365  0.3646 -0.0003  0.9801 1 
 41.8860 -0.7921 -0.1483  0.1989  0.3393  0.0441  0.2683  0.1285  0.2328  0.9404 1 
 56.4645 -0.4876 -2.4170  0.0294  0.4932  0.0681  0.2484  0.0261 -0.0003  0.3243 0 
 42.6795  0.5033  0.7507  0.0403  0.1894  0.0263  0.1779  0.0036 -0.0003  0.1083 0 
 49.5125 -0.7096  0.7304  0.0002  0.2727  0.0951  0.3852  0.1179 -0.0003  0.1716 0 
 45.7649  0.7275 -2.4040  0.0079  0.0786  0.0418  0.2184  0.1590 -0.0003  0.1039 0 
 43.6500 -0.7554 -1.7367  0.0147  0.2246  0.0226  0.3538  0.0403 -0.0003  0.0667 0 
 43.6042  0.7313  1.3928  0.0057  0.6524  0.0179  0.3096  0.1094 -0.0003  0.1380 0 
 47.5196  0.5228  1.1332  0.2944  0.4502  0.0420  0.1730  0.1617  0.4237  0.9964 1 
 43.2929 -0.5209 -2.0175  0.1712  0.1181  0.0352  0.4432  0.2745 -0.0003  0.8046 1 
 50.4341  0.3926  0.7230  0.0233  0.3074  0.0367  0.2556  0.0117 -0.0003  0.1512 0 
 48.9693 -0.3855 -2.4337  0.0358  0.1373  0.2071  0.2575  0.0200 -0.0003  0.1369 0 
 52.5063 -0.3715 -1.3027  0.0114  0.1072  0.0803  0.4638  0.0430 -0.0003  0.0912 1 
 49.0272  0.3949  1.8556  0.0237  0.1228  0.1101  0.3432  0.0346 -0.0003  0.0924 1 
 40.2045 -0.5304  2.9471  0.0829  0.3455  0.0905  0.3165  0.0822  0.5148  0.9504 1 
 35.2819  0.5210 -0.1833  0.4615  0.3310  0.0154  0.2812  0.5682 -0.0003  0.9972 1 
 55.1339 -0.7351 -1.9991  0.0345  0.3176  0.0634  0.0833  0.0047 -0.0003  0.3885 0 
 46.7750  0.7273  1.1775  0.0272  0.4789  0.0933  0.5646  0.1159 -0.0003  0.3470 0 
 52.9397  0.0638  0.7572  0.0536  0.1376  0.0976  0.4207  0.0273 -0.0003  0.1855 0 
 39.0723 -0.0245 -2.3532  0.0363  0.2214  0.0276  0.2278  0.0363 -0.0003  0.0989 0 
 44.8737  0.4690 -0.4308  0.0677  0.4238  0.0478  0.6146  0.0848  0.0705  0.6364 1 
 35.6237 -0.4619  2.7243  0.0643  0.1864  0.0530  0.5609  0.0955 -0.0003  0.4072 1 
 50.0099 -0.3034 -0.0859  0.1581  0.1335  0.1490  0.4269  0.1928  0.1132  0.8811 1 
 44.4129  0.2987  3.0588  0.1503  0.5529  0.1477  0.7484  0.1004 -0.0003  0.7969 1 
 45.6092 -0.7449 -2.5063  0.2526  0.3538  0.0540  0.4809  0.3078  0.2090  0.9916 1 
 43.5431  0.7280  0.7073  0.4299  0.4748  0.0564  0.3983  0.3981 -0.0003  0.9956 1 
 42.7283 -0.7213  1.1769  0.0117  0.1792  0.0731  0.2224  0.0236 -0.0003  0.1226 0 
 36.9177  0.7085 -1.9452  0.0666  0.4549  0.0249  0.2776  0.0722  0.1475  0.6069 0 
 47.4861 -0.1510 -2.1339  0.1064  0.1890  0.0553  0.3461  0.0721 -0.0003  0.4034 0 
 46.6529  0.1510  0.9721  0.0005  0.2591  0.0279  0.2173  0.0356 -0.0003  0.0648 0 
 44.1047 -0.1026  1.8992  0.0149  0.0798  0.0304  0.0441  0.0128 -0.0003  0.0909 0 
 43.4455  0.1040 -1.2400  0.0355  0.5440  0.0766  0.5756  0.0143 -0.0003  0.2798 0 
 48.6183 -0.6612 -0.9919  0.0596  0.3603  0.0162  0.2150  0.1678 -0.0003  0.2591 0 
 45.5787  0.6538  2.1507  0.1529  0.2820  0.0302  0.4810  0.2683  0.0961  0.9115 0 
 48.9754  0.2676  0.3091  0.0003  0.2550  0.0390  0.2146  0.0616 -0.0003  0.0847 0 
 44.8890 -0.2440 -2.8333  0.0665  0.2694  0.0309  0.3512  0.0667  0.1374  0.5507 0 
 51.3375 -0.6766 -0.1978  0.0044  0.3540  0.1686  0.5512  0.0756 -0.0003  0.2369 0 
 46.2165  0.6911  2.9099  0.0374  0.2154  0.0900  0.4357  0.1009 -0.0003  0.2850 0 
 46.5827 -0.1287 -3.0518  0.0258  0.2837  0.1692  0.5217  0.0291 -0.0003  0.2449 0 
 43.8941  0.1634  0.1114  0.0940  0.4191  0.1933  0.4857  0.0497 -0.0003  0.4423 0 
 48.7739  0.5008  2.2828  0.0194  0.6409  0.0787  0.6015  0.0218 -0.0003  0.2541 0 
 44.7974 -0.4889 -0.7787  0.0210  0.1366  0.1606  0.4392  0.0189 -0.0003  0.1227 0 
 52.0302  0.0992  0.3199  0.0518  0.7740  0.1326  0.8029  0.1279 -0.0003  0.6231 1 
 43.0945 -0.1612 -2.7949  0.1523  0.3416  0.0902  0.3106  0.1237 -0.0003  0.7742 1 
 45.9297  0.6409 -2.0345  0.0513  0.4471  0.0723  0.6545  0.0876 -0.0003  0.4580 0 
 44.4190 -0.6264  1.0885  0.0314  0.5764  0.0423  0.2201  0.0269 -0.0003  0.3040 0 
 36.2524 -0.3790  1.5872  0.4609  0.4522  0.0848  0.6512 -0.0200  0.3942  0.9958 1 
 29.2943  0.5070 -1.5185  0.1669  0.3833  0.0807  0.4945  0.2895 -0.0003  0.9593 1 
 50.4921 -0.2619 -2.7521  0.0202  0.5147  0.0680  0.3407  0.0206 -0.0003  0.2347 0 
 43.5798  0.2615  0.3990  0.0339  0.2039  0.0298  0.2655  0.0270 -0.0003  0.0928 0 
 40.3510  0.6696 -0.3153  0.0322  0.1519  0.0254  0.1806  0.0064 -0.0003  0.0746 0 
 38.9624 -0.6750  2.7503  0.0075  0.2962  0.0530  0.2736  0.0283 -0.0003  0.1390 0 
 50.4982 -0.4536 -1.7585  0.0103  0.4119  0.0999  0.2555  0.0038  0.1048  0.2764 0 
 45.3284  0.4390  1.4188  0.0433  0.2787  0.0481  0.3065  0.0025 -0.0003  0.2314 0 
 49.1890 -0.3172 -0.2363  0.0648  0.3157  0.1881  0.6430  0.1282 -0.0003  0.5794 0 
 45.8503  0.3458  2.9189  0.0486  0.2500  0.1051  0.3492  0.0537 -0.0003  0.2812 0 
 40.5646 -0.5640 -2.3465  0.0166  0.0803  0.0452  0.2706  0.0242 -0.0003  0.0642 0 
 36.5087  0.5629  0.7482  0.0678  0.6739  0.0481  0.3713  0.0458 -0.0003  0.5340 0 
 50.0465 -0.5622 -1.7903  0.0058  0.3537  0.1455  0.4695  0.0590 -0.0003  0.2052 0 
 40.4089  0.5606  1.3324  0.0166  0.6395  0.1830  0.3160  0.0146 -0.0003  0.2540 0 
 43.2441 -0.4769 -0.7859  0.0049  0.4699  0.0274  0.3547  0.1547 -0.0003  0.1962 0 
 42.7466  0.4697  2.3614  0.0167  0.1801  0.0521  0.2668  0.0681 -0.0003  0.1055 0 
 58.7381 -0.4251 -2.0883  0.0218  0.5339  0.0313  0.2050  0.0135 -0.0003  0.2087 0 
 53.2326  0.4081  1.0611  0.0083  0.3300  0.0345  0.3782  0.1417 -0.0003  0.1836 0 
 47.9164 -0.4970 -1.6992  0.0789  0.1094  0.0598  0.3884  0.0477 -0.0003  0.2008 0 
 47.4006  0.4932  1.4420  0.0389  0.3861  0.0286  0.3030  0.0821 -0.0003  0.2013 0 
 51.5755 -0.5794  0.0445  0.0026  0.1576  0.0960  0.4659  0.1059 -0.0003  0.1228 0 
 47.9072  0.5717 -3.1245  0.0127  0.6274  0.0280  0.2590  0.0274 -0.0003  0.1587 0 
 54.0200 -0.7470  3.0707  0.0499  0.0779  0.0285  0.2093  0.0402 -0.0003  0.0597 0 
 45.9937  0.7411 -0.0222  0.1240  0.1986  0.1385  0.3053  0.0200 -0.0003  0.4515 0 
 43.8849 -0.1888 -2.2199  0.3022  0.7846  0.0317  0.3533  0.4460 -0.0003  0.9928 1 
 43.2837  0.2071  0.9539  0.6481  0.4293  0.0490  0.2659  0.6978 -0.0003  0.9981 1 
 45.9907  0.1082  0.9985  0.1285  0.1855  0.0703  0.3490  0.0168 -0.0003  0.4134 0 
 42.8779 -0.1278 -2.1253  0.0384  0.3181  0.2212  0.3555  0.0838 -0.0003  0.3454 0 
 48.0415  0.7464 -1.3743  0.0325  0.1265  0.0352  0.1294  0.0132 -0.0003  0.0901 0 
 32.2057 -0.7414  1.7685  0.0149  0.4426  0.0159  0.1443  0.0222 -0.0003  0.1242 0 
 48.8716 -0.7336  3.0447  0.0281  0.8122  0.1348  0.7729  0.0737 -0.0003  0.3997 0 
 37.5311  0.7234 -0.1165  0.0184  0.4259  0.0140  0.2764  0.0705  0.0819  0.1907 0 
 47.3060 -0.7908  1.9317  0.0368  0.5740  0.1291  0.7794  0.0473 -0.0003  0.3588 0 
 35.7305  0.7881 -1.2292  0.1733  0.4252  0.0288  0.3269  0.0600  0.1307  0.7622 0 
 51.0048 -0.1228 -0.0590  0.0041  0.1132  0.0299  0.2548  0.0764 -0.0003  0.0482 0 
 47.7363  0.1246  3.0658  0.0258  0.4297  0.0353  0.0864  0.0053 -0.0003  0.2992 0 
 46.3996  0.5894  2.9031  0.0219  0.4655  0.0264  0.3482  0.0351 -0.0003  0.1521 0 
 45.2888 -0.5994 -0.2494  0.0231  0.4501  0.1192  0.4379  0.0701 -0.0003  0.2649 0 
 56.7361 -0.4136 -2.8287  0.0485  0.5615  0.0363  0.3722  0.0367 -0.0003  0.3583 0 
 46.6041  0.3997  0.3000  0.0049  0.2105  0.0334  0.5651  0.0189 -0.0003  0.1280 0 
 49.0028  0.0454  1.2194  0.0122  0.4930  0.0611  0.1716  0.0544  0.0547  0.4233 0 
 44.9317 -0.0295 -1.9733  0.0896  0.2892  0.1179  0.3072  0.1179 -0.0003  0.5873 0 
 51.1727  0.3368  1.5281  0.0082  0.0909  0.0139  0.1273  0.0069 -0.0003  0.0491 0 
 39.2798 -0.2936 -1.5892  0.0372  0.3458  0.1250  0.3185  0.0589 -0.0003  0.2937 0 
 39.3805  0.1502 -2.5812  0.0256  0.0325  0.0408  0.2728  0.0197 -0.0003  0.0627 0 
 36.0998 -0.1461  0.5662  0.0046  0.2390  0.0750  0.2794  0.0944 -0.0003  0.1620 0 
 49.4118  0.6629 -2.1261  0.2390  0.2439  0.0495  0.4282  0.2573 -0.0003  0.9470 1 
 45.0935 -0.6572  1.0237  0.1854  0.3553  0.0394  0.1754  0.3729 -0.0003  0.9075 1 
 44.7089 -0.7608 -1.9856  0.1646  0.4294  0.0251  0.4834  0.1579 -0.0003  0.8184 0 
 41.7426  0.7650  1.1483  0.0047  0.1241  0.0400  0.3580  0.0944 -0.0003  0.0728 0 
 47.9408 -0.6205  3.0632  0.0162  0.7890  0.0525  0.3884  0.0307 -0.0003  0.2635 0 
 39.6918  0.5739  0.0618  0.0293  0.2211  0.2396  0.4537  0.1414  1.1410  0.9425 0 
 45.2857  0.6442  2.5124  0.0667  0.1344  0.0201  0.2628  0.0056 -0.0003  0.0901 0 
 44.5045 -0.6479 -0.6210  0.0980  0.3708  0.0430  0.2640  0.1032 -0.0003  0.5713 0 
 51.4260 -0.0034 -0.3558  0.0072  0.7594  0.2542  0.3815  0.0225 -0.0003  0.2524 0 
 48.7282 -0.0248  2.7988  0.0500  0.7883  0.0136  0.2149  0.1347 -0.0003  0.3098 0 
 48.9509  0.7417 -1.5704  0.0121  0.1968  0.0128  0.1288  0.0161 -0.0003  0.0635 0 
 46.6041 -0.7520  1.5760  0.0075  0.2452  0.0336  0.3043  0.0251 -0.0003  0.0772 0 
 48.1117  0.2546 -0.2123  0.0490  0.7114  0.0173  0.4743  0.0792  0.1107  0.5420 0 
 45.4780 -0.2659  2.9346  0.0931  0.2580  0.0143  0.4375  0.1071 -0.0003  0.3946 0 
 45.1606  0.1573  2.4646  0.0020  0.2018  0.0474  0.4821  0.2571 -0.0003  0.2642 0 
 43.1952 -0.1307 -0.6766  0.0440  0.1016  0.1261  0.1774  0.0124 -0.0003  0.1040 0 
 50.3944 -0.5450  2.9226  0.0226  0.2513  0.0421  0.2982  0.1318 -0.0003  0.2072 0 
 44.6632  0.5382 -0.2067  0.0005  0.1248  0.0141  0.2198  0.1258 -0.0003  0.0505 0 
 47.6722 -0.2003  2.4535  0.5165  0.2017  0.0881  0.5186  0.4255 -0.0003  0.9952 1 
 45.9724  0.2136 -0.6695  0.2211  0.2852  0.0696  0.3926  0.2626  0.3568  0.9952 1 
 52.9549  0.0860 -2.2316  0.0162  0.2901  0.0639  0.0841  0.0016 -0.0003  0.3316 0 
 44.5777 -0.0829  0.9277  0.0180  0.3853  0.0467  0.3958  0.0385 -0.0003  0.1924 0 
 53.4615  0.7221 -1.5760  0.0038  0.5379  0.0756  0.3778  0.0146 -0.0003  0.1765 0 
 48.4749 -0.7088  1.5804  0.0034  0.2529  0.0328  0.2152  0.1006 -0.0003  0.0982 0 
 51.3283 -0.2672  0.9603  0.0160  0.2918  0.0383  0.2120  0.0532 -0.0003  0.1269 0 
 42.0172  0.2682 -2.1838  0.0101  0.4089  0.0174  0.3574  0.0329 -0.0003  0.0864 0 
 46.1555  0.0555  0.8665  0.0664  0.6557  0.0124  0.2179  0.2166  0.1235  0.6374 0 
 37.1008 -0.0605 -2.2593  0.0163  0.4540  0.0184  0.2773  0.2115  0.1216  0.5356 0 
 65.2171  0.3097 -3.1288  0.0256  0.3108  0.0871  0.1599  0.0124 -0.0003  0.3072 0 
 46.8879 -0.3074  0.0045  0.0695  0.2384  0.0201  0.1736  0.0829 -0.0003  0.1762 0 
 46.2135  0.6224  0.9003  0.3253  0.6681  0.0537  0.6535  0.1240 -0.0003  0.9188 0 
 44.5686 -0.6089 -2.2543  0.0079  0.2323  0.1173  0.3518  0.0095 -0.0003  0.1320 0 
 37.1191  0.4536 -2.3004  0.3001  0.2961  0.0389  0.5545  0.1304  0.2307  0.9831 1 
 33.3806 -0.5082  0.8598  0.7734  0.7894  0.0384  0.3333  0.3798  0.3320  0.9980 1 
 40.9125 -0.3521  1.5016  0.3311  0.4124  0.0603  0.4050 -0.0200  0.0945  0.8867 1 
 33.1579  0.4123 -1.5954  0.0305  0.6957  0.0433  0.1908  0.0272  0.3998  0.9870 1 
 44.4831  0.6831  0.5701  0.1910  0.7287  0.0146  0.2640  0.1683 -0.0003  0.7944 1 
 44.2359 -0.6680 -2.6033  0.1721  0.1813  0.0620  0.5729  0.4352  0.5684  0.9990 1 
 51.1177  0.3571 -0.4699  0.0033  0.7433  0.0700  0.2122  0.0948 -0.0003  0.4405 0 
 47.1748 -0.3232  2.7226  0.0486  0.7174  0.0305  0.2167  0.0104 -0.0003  0.3189 0 
 44.6418  0.2837  0.0136  0.0039  0.0824  0.0178  0.3517  0.0351 -0.0003  0.0394 0 
 42.5940 -0.2850 -3.1214  0.0146  0.1887  0.0563  0.3116  0.0201 -0.0003  0.1084 0 
 51.4290 -0.6903 -1.6230  0.0289  0.2752  0.0298  0.0848  0.1772 -0.0003  0.2987 0 
 45.6489  0.6828  1.5210  0.0827  0.1182  0.0266  0.2185  0.1347 -0.0003  0.2231 0 
 42.0020 -0.0323  2.1690  0.0369  0.3213  0.1099  0.6255  0.0537 -0.0003  0.3428 0 
 41.9654  0.0770 -1.0104  0.1354  0.1167  0.0201  0.2234  0.1183 -0.0003  0.2856 0 
 45.5756 -0.4551 -2.2746  0.0175  0.3372  0.0607  0.3498  0.0248 -0.0003  0.1902 0 
 43.4699  0.4696  0.8571  0.0103  0.0915  0.0323  0.2214  0.0554 -0.0003  0.0496 0 
 41.2116  0.3389 -2.5087  0.0191  0.2843  0.0423  0.2694  0.0466 -0.0003  0.1323 0 
 39.8840 -0.3291  0.6322  0.0005  0.2382  0.1168  0.4531  0.0634 -0.0003  0.1379 0 
 48.2155 -0.7910  0.2317  0.0200  0.4651  0.0872  0.1724  0.0795 -0.0003  0.4264 0 
 42.5483  0.7959 -2.9468  0.1090  0.3201  0.0816  0.3562  0.0964 -0.0003  0.5943 0 
 43.9734  0.0235  1.0930  0.0546  0.5309  0.0442  0.4855  0.0401 -0.0003  0.4096 0 
 41.9623 -0.0502 -2.0529  0.0014  0.1922  0.0159  0.3128  0.0439 -0.0003  0.0385 0 
 55.5398  0.6977 -2.1414  0.0565  0.3634  0.2352  0.2910  0.2551 -0.0003  0.8091 1 
 40.7935 -0.6862  0.9629  0.0858  0.3412  0.0468  0.6755  0.1656 -0.0003  0.7342 1 
 46.7445 -0.5404 -1.9472  0.0278  0.3371  0.0237  0.3041  0.0510 -0.0003  0.1148 0 
 45.1484  0.5368  1.1960  0.0047  0.5991  0.0239  0.3068  0.0161 -0.0003  0.1286 0 
 45.5909  0.0662  0.7946  0.0209  0.3744  0.0251  0.2623  0.0069 -0.0003  0.1335 0 
 43.1861 -0.0907 -2.3260  0.0150  0.3380  0.1279  0.7096  0.0410 -0.0003  0.2853 0 
 45.3925  0.3604 -2.4631  0.1162  0.6450  0.0309  0.5252  0.0899 -0.0003  0.7592 1 
 44.9805 -0.3360  0.6295  0.1070  0.5508  0.1984  0.5265  0.2426  0.2909  0.9669 1 
 47.9347  0.0839  0.6790  0.0075  0.5102  0.0487  0.2157  0.0776 -0.0003  0.2389 0 
 43.7110 -0.0717 -2.5011  0.0454  0.2631  0.0367  0.3095  0.0284 -0.0003  0.1796 0 
 50.6844  0.0805  0.3865  0.0062  0.2833  0.0672  0.5105  0.0474  0.1293  0.2710 0 
 46.3233 -0.0654 -2.7890  0.0541  0.4578  0.0301  0.1306  0.0211 -0.0003  0.2603 0 
 38.9654  0.6160 -2.9895  0.0122  0.4767  0.0047  0.3192  0.1760 -0.0003  0.1387 0 
 34.0276 -0.5881  0.1396  0.1095  0.4639  0.0174  0.3788  0.0435 -0.0003  0.4482 0 
 43.4424 -0.0078  0.1416  0.0688  0.7356  0.0698  0.3542  0.1202 -0.0003  0.7037 1 
 43.4180  0.0314 -3.0626  0.0291  0.8062  0.0349  0.6643  0.0410 -0.0003  0.3624 1 
 50.5013  0.0772 -1.6614  0.0183  0.4931  0.0330  0.2555  0.0161 -0.0003  0.1866 0 
 37.8119 -0.0777  1.4696  0.0509  0.2431  0.0835  0.5976  0.0729 -0.0003  0.3974 0 
 53.4401  0.6425 -2.5592  0.0356  0.1950  0.3819  0.2099  0.0877 -0.0003  0.3974 0 
 45.0294 -0.6252  0.6530  0.0279  0.1260  0.3237  0.4386  0.0147 -0.0003  0.1661 0 
 44.2908  0.4773 -1.9746  0.0321  0.3924  0.0344  0.3084  0.0960 -0.0003  0.2295 0 
 44.2451 -0.4834  1.1680  0.0236  0.3470  0.0168  0.3084  0.0082  0.0707  0.2113 0 
 44.6754  0.0493 -2.9187  0.0638  0.7273  0.0768  0.7472  0.1302 -0.0003  0.6645 1 
 43.9399 -0.1257  0.2523  0.4739  0.4413  0.1599  0.5298  0.2661 -0.0003  0.9957 1 
 43.9673  0.1281  0.6686  0.2543  0.5968  0.0165  0.3531  0.3839  0.1282  0.9809 1 
 25.6992 -0.1973 -2.4917  0.2618  0.3628  0.0226  0.3086  0.1351  0.0790  0.7967 1 
 45.5940 -0.2440  2.9987  0.0337  0.5505  0.0331  0.2186  0.0360 -0.0003  0.2275 0 
 41.4710  0.2450 -0.1373  0.0990  0.3208  0.0237  0.2690  0.3337 -0.0003  0.6803 0 
 51.9295 -0.7334  2.4272  0.0783  0.4484  0.0291  0.2959  0.0967 -0.0003  0.4198 0 
 51.1910  0.7316 -0.6881  0.0176  0.2716  0.0692  0.4244  0.1131 -0.0003  0.2349 0 
 42.4231  0.0835  2.0526  0.0213  0.3735  0.0643  0.4902  0.0706 -0.0003  0.2530 0 
 30.4570 -0.0758 -1.1317  0.0509  0.3915  0.0064  0.0489 -0.0200 -0.0003  0.2038 0 
 45.2430  0.7365 -0.9766  0.0011  0.0962  0.0520  0.3505  0.0688  0.1513  0.1425 0 
 39.5117 -0.7135  2.1290  0.0089  0.1674  0.0317  0.3180  0.0060 -0.0003  0.0662 0 
 41.9654  0.7223 -2.2262  0.0496  0.3235  0.0121  0.3128  0.0936 -0.0003  0.1454 0 
 35.3918 -0.7109  0.9073  0.0262  0.2487  0.0298  0.6087  0.0358 -0.0003  0.2337 0 
 46.7781 -0.4563  0.1376  0.0112  0.1265  0.0449  0.3474  0.0045 -0.0003  0.0782 0 
 44.0009  0.4684 -3.0081  0.0926  0.3818  0.0286  0.2206  0.0345 -0.0003  0.3346 0 
 44.0345 -0.3987  2.9177  0.1653  0.5935  0.1077  0.8383  0.0787 -0.0003  0.8278 0 
 43.9002  0.3953 -0.2403  0.0192  0.4271  0.0283  0.3974  0.0469 -0.0003  0.1585 0 
 42.1180 -0.2420 -2.4159  0.0001  0.4862  0.0915  0.4018  0.0854 -0.0003  0.2010 0 
 32.0714  0.2357  0.7231  0.0059  0.2573  0.0296  0.2889  0.0062 -0.0003  0.0804 0 
 37.6013 -0.6731  1.9415  0.3645  0.4449  0.0554  0.5065  0.3176 -0.0003  0.9891 1 
 34.7723  0.6905 -1.2609  0.0566  0.5256  0.0178  0.3294  0.0938 -0.0003  0.2621 1 
 55.0820  0.3177 -1.3179  0.0109  0.0779  0.0243  0.3749  0.0808 -0.0003  0.0569 0 
 39.5239 -0.3070  1.8187  0.0340  0.4720  0.1475  0.4088  0.0827 -0.0003  0.3159 0 
 45.5787 -0.2952 -1.7224  0.5431  0.5817  0.0679  0.5247  0.4529 -0.0003  0.9960 1 
 36.7315  0.2752  1.4589  0.2661  0.1126  0.1500  0.3707  0.4183  0.7552  0.9989 1 
 52.5216  0.5183 -0.0556  0.0244  0.5332  0.0654  0.2951  0.0372 -0.0003  0.2909 0 
 48.0537 -0.5191  3.1400  0.0446  0.2353  0.0638  0.1725  0.0164 -0.0003  0.2695 0 
 51.0109 -0.4944 -2.5458  0.0037  0.4996  0.0439  0.5097  0.0298 -0.0003  0.1685 0 
 46.4210  0.4729  0.5843  0.0537  0.2529  0.0345  0.3481  0.0555 -0.0003  0.2128 0 
 49.6529 -0.4260 -1.4260  0.0026  0.3131  0.0381  0.2993  0.0423 -0.0003  0.0927 0 
 43.8087  0.4123  1.7048  0.0880  0.3404  0.0193  0.3093  0.0985 -0.0003  0.3185 0 
 41.7487 -0.4241  2.2150  0.0732  0.3469  0.0690  0.2238  0.0858 -0.0003  0.5408 0 
 41.5351  0.5040 -0.9333  0.0044  0.7013  0.0858  0.5826  0.0316 -0.0003  0.2372 0 
 49.2622 -0.5464 -0.5232  0.0110  0.4402  0.0173  0.3428  0.1608 -0.0003  0.1661 0 
 46.4515  0.5342  2.5999  0.0140  0.1140  0.0426  0.2175  0.0331 -0.0003  0.0640 0 
 49.6132 -0.4130  1.1660  0.5177  0.2632  0.1350  0.5133  0.2137 -0.0003  0.9906 0 
 48.7953  0.3747 -1.9529  0.0717  0.2120  0.0223  0.2148  0.1566 -0.0003  0.2911 0 
 45.7893  0.4406 -2.2741  0.0175  0.5996  0.0180  0.3494  0.1154 -0.0003  0.1696 0 
 42.4842 -0.4319  0.8692  0.0027  0.5340  0.0128  0.1782  0.0355  0.1274  0.1774 0 
 47.6265 -0.6998 -2.3922  0.0492  0.2962  0.0185  0.3458  0.0726 -0.0003  0.1598 0 
 42.3865  0.6755  0.7147  0.0592  0.5315  0.1111  0.2674  0.0301 -0.0003  0.3805 0 
 42.0081  0.5679  1.2665  0.5299  0.1908  0.0598  0.3574  0.7392 -0.0003  0.9971 1 
 34.8272 -0.5477 -1.8921  0.3287  0.2205  0.0690  0.4233  0.2104 -0.0003  0.9640 1 
 51.5053  0.4063  0.4885  0.0039  0.4166  0.0744  0.2119  0.0137 -0.0003  0.2503 0 
 49.2348 -0.3940 -2.6850  0.0081  0.4673  0.0932  0.6000  0.0178 -0.0003  0.2049 0 
 54.5205 -0.5319 -1.3842  0.2448  0.1269  0.0479  0.2923  0.2829 -0.0003  0.9010 1 
 31.2932  0.4961  1.7491  0.0313  0.5402  0.0330  0.3880  0.0478  0.1086  0.4762 1 
 48.9540 -0.5210  2.8458  0.0049  0.6469  0.1577  0.5580  0.0099 -0.0003  0.2395 0 
 48.9296  0.5182 -0.2850  0.0205  0.5162  0.0362  0.4293  0.0075 -0.0003  0.2207 0 
 49.6864 -0.4905 -2.9222  0.0315  0.5102  0.0705  0.2565  0.0193 -0.0003  0.3195 0 
 42.8260  0.4576  0.1949  0.0079  0.2973  0.0973  0.6667  0.0259 -0.0003  0.2150 0 
 46.7994 -0.0804  0.7678  0.7418  0.6308  0.0477  0.3908  0.7974 -0.0003  0.9983 1 
 40.4395  0.0809 -2.4151  0.3583  0.7130  0.0323  0.4514  0.4844 -0.0003  0.9958 1 
 48.4718  0.1405 -1.4684  0.0115  0.2827  0.0261  0.3873  0.1119 -0.0003  0.1212 0 
 46.5034 -0.1671  1.6606  0.0105  0.3248  0.0482  0.3480  0.0373 -0.0003  0.1437 0 
 45.3315  0.2388 -2.7960  0.0654  0.3463  0.0230  0.4817  0.0681 -0.0003  0.3827 0 
 42.8779 -0.2381  0.3533  0.0137  0.7106  0.0976  0.7554  0.0366 -0.0003  0.2896 0 
 44.7425  0.2854 -2.9891  0.1874  0.2737  0.0329  0.4394  0.1171 -0.0003  0.7264 0 
 43.0396 -0.3030  0.1498  0.0357  0.1316  0.0413  0.2219  0.0340 -0.0003  0.0844 0 
 44.2542  0.6797 -1.4179  0.0583  0.2864  0.0724  0.3966  0.1356 -0.0003  0.4794 0 
 39.2187 -0.6608  1.6997  0.0108  0.3416  0.0390  0.3641  0.0759 -0.0003  0.1410 0 
 46.5705  0.5905 -1.9932  0.0322  0.1017  0.0295  0.3478  0.0163 -0.0003  0.0699 0 
 36.0906 -0.5654  1.1112  0.0265  0.1094  0.0863  0.4657  0.0036 -0.0003  0.1086 0 
 49.2439  0.4537 -1.1561  0.0760  0.2281  0.0374  0.3000  0.0318 -0.0003  0.2440 0 
 46.7536 -0.4746  1.9844  0.0240  0.1876  0.0777  0.3909  0.0366 -0.0003  0.1462 0 
 54.9355  0.5787  2.1936  0.0555  0.6071  0.0681  0.5836  0.0987 -0.0003  0.4782 1 
 31.7235 -0.6005 -0.9300  0.1192  0.5037  0.0163  0.1932  0.1389  0.2841  0.9606 1 
 35.6817 -0.6714 -1.4755  0.1822  0.7525  0.0325  0.5139  0.2044  0.2160  0.9525 1 
 35.2544  0.6594  1.6203  0.2297  0.3394  0.0237  0.2813  0.1518  0.2549  0.9844 1 
 46.6346  0.4078  1.3124  0.3363  0.6507  0.0325  0.3477  0.3789 -0.0003  0.9912 0 
 43.2044 -0.4189 -1.7985  0.0761  0.2993  0.0505  0.7095  0.0905 -0.0003  0.5946 0 
 54.7219 -0.7766  0.0537  0.0005  0.1697  0.0618  0.7094  0.0084 -0.0003  0.1529 0 
 45.9754  0.8182 -3.1391  0.0087  0.3674  0.0116  0.1309  0.0069 -0.0003  0.1144 0 
 45.9846 -0.0065  0.6703  0.1516  0.6702  0.0652  0.2181  0.3428 -0.0003  0.9619 1 
 43.5340  0.0371 -2.4895  0.1870  0.1616  0.0641  0.4426  0.5004  0.2944  0.9877 1 
 51.3649 -0.6721 -0.2084  0.0139  0.1762  0.0251  0.2120  0.0999 -0.0003  0.0732 0 
 48.9204  0.6938  2.8687  0.0282  0.1362  0.0902  0.3434  0.0073 -0.0003  0.1100 0 
 51.5480  0.1635  1.6443  0.3755  0.7196  0.0365  0.3389  0.2799 -0.0003  0.9859 1 
 37.9126 -0.0980 -1.4352  0.0247  0.4263  0.1495  0.5053  0.1231 -0.0003  0.3385 1 
 45.5421 -0.4160 -1.2232  0.0135  0.1372  0.0224  0.1312  0.0143 -0.0003  0.0611 0 
 45.4139  0.4051  1.9165  0.0216  0.1881  0.0963  0.6127  0.0215 -0.0003  0.2035 0 
 53.8888 -0.4067  0.7117  0.0065  0.2968  0.2661  0.2513  0.0016 -0.0003  0.1915 0 
 41.5106  0.3779 -2.4768  0.0406  0.5688  0.0214  0.1344  0.0400 -0.0003  0.1779 0 
 52.8969 -0.4618  0.1706  0.0113  0.2376  0.1172  0.3366  0.0167 -0.0003  0.1404 0 
 34.7448  0.4468 -2.9993  0.0622  0.4568  0.0277  0.5177  0.0700 -0.0003  0.4711 0 
 48.8136 -0.5891  2.3846  0.0280  0.1595  0.1365  0.1718  0.0067 -0.0003  0.1427 0 
 42.8290  0.5878 -0.7998  0.0028  0.3996  0.0226  0.2222  0.0239  0.0139  0.1058 0 
 53.0282 -0.3923  0.1645  0.0028  0.5521  0.0582  0.1262  0.0107 -0.0003  0.3627 0 
 40.1923  0.3827 -2.9848  0.1128  0.2393  0.0405  0.2713  0.0262 -0.0003  0.3703 0 
 51.0445  0.2584 -1.9422  0.0557  0.3184  0.0246  0.2548  0.0709 -0.0003  0.1834 0 
 50.2510 -0.2862  1.1747  0.0239  0.2452  0.1546  0.3837  0.0180 -0.0003  0.1852 0 
 46.1463  0.5507 -0.2276  0.0422  0.1886  0.0455  0.4358  0.0532 -0.0003  0.1979 0 
 41.3733 -0.5406  2.9586  0.0456  0.4366  0.0940  0.2692  0.0308 -0.0003  0.3410 0 
 52.2164 -0.0769 -2.1992  0.0566  0.1232  0.1797  0.2955  0.0095  0.7638  0.6208 0 
 47.8675  0.0818  0.9654  0.0334  0.1091  0.0637  0.2590  0.0117 -0.0003  0.0985 0 
 46.4271  0.7150 -2.6589  0.0153  0.1148  0.0839  0.4352  0.1254 -0.0003  0.1352 0 
 44.1627 -0.7011  0.4753  0.0148  0.1348  0.0213  0.2205  0.1087 -0.0003  0.0621 0 
 47.2236  0.5651 -1.1667  0.1031  0.5730  0.0584  0.3466  0.1143  0.4093  0.9909 1 
 30.4875 -0.5792  1.9913  0.5259  0.4084  0.0372  0.5376  0.4826  0.0818  0.9976 1 
 52.0638  0.6096  0.3726  0.0419  0.3547  0.0500  0.6760  0.0609 -0.0003  0.4069 0 
 45.1576 -0.6059 -2.7903  0.0175  0.5382  0.0338  0.3068  0.0128 -0.0003  0.1991 0 
 48.0690  0.0829 -1.8198  0.0233  0.1951  0.0271  0.3019  0.0157 -0.0003  0.0754 0 
 45.9419 -0.0984  1.3371  0.0406  0.0965  0.0279  0.2618  0.0251 -0.0003  0.0598 0 
 44.9195 -0.4445  2.1701  0.3608  0.4238  0.1044  0.2634  0.2719 -0.0003  0.9930 1 
 39.2584  0.4507 -0.9565  0.1436  0.3506  0.0567  0.5005  0.6357  0.3817  0.9955 1 
 46.7933  0.4753 -0.4200  0.0026  0.3279  0.0498  0.4342  0.0107 -0.0003  0.1429 0 
 45.9907 -0.4938  2.6687  0.0063  0.5599  0.0668  0.3926  0.0059 -0.0003  0.1807 0 
 45.6550  0.5209  0.2401  0.0241  0.6017  0.1639  0.6119  0.1492 -0.0003  0.4121 0 
 36.9268 -0.5095 -2.9319  0.0376  0.3530  0.0329  0.1851  0.0309 -0.0003  0.1910 0 
 54.6365 -0.3094  1.0596  0.0309  0.2914  0.1389  0.6679  0.0844 -0.0003  0.3822 0 
 42.2736  0.2645 -2.0803  0.0428  0.2492  0.1015  0.4014  0.0590  0.1061  0.4001 0 
 45.5970  0.5718 -1.8699  0.0144  0.4878  0.0591  0.4809  0.0484 -0.0003  0.2152 0 
 40.8515 -0.5472  1.2805  0.0432  0.4405  0.0971  0.5402  0.0701 -0.0003  0.3478 0 
 46.0182  0.0999  2.8191  0.1753  0.5726  0.0102  0.4362  0.1610 -0.0003  0.7370 0 
 38.3185 -0.1301 -0.3249  0.3886  0.3473  0.0492  0.4122  0.2280 -0.0003  0.9701 0 
 58.4390 -0.0099 -0.3348  0.0186  0.2016  0.1006  0.3284  0.0521 -0.0003  0.1446 0 
 46.5248  0.0500  2.7964  0.0097  0.1910  0.0388  0.3044  0.0284 -0.0003  0.0734 0 
 52.1431  0.7302  0.2738  0.0066  0.5393  0.1549  0.3379  0.0040 -0.0003  0.2110 0 
 46.6377 -0.6937 -2.8181  0.0389  0.1634  0.2182  0.3477  0.0467 -0.0003  0.1997 0 
 51.1391  0.5484 -2.7863  0.0231  0.2228  0.0874  0.4669  0.0333 -0.0003  0.1789 0 
 44.8615 -0.5404  0.3117  0.0456  0.1427  0.0386  0.3512  0.1276 -0.0003  0.1900 0 
 49.6986  0.2695  1.3320  0.0254  0.5261  0.0713  0.5131  0.0468 -0.0003  0.2618 0 
 47.8401 -0.2718 -1.8572  0.0089  0.3158  0.0360  0.2159 -0.0200 -0.0003  0.1847 0 
 47.5257  0.2421 -0.1361  0.0105  0.3866  0.0432  0.4758  0.0703 -0.0003  0.1924 0 
 42.8809 -0.2453  2.9907  0.0030  0.5972  0.0354  0.2222  0.0156 -0.0003  0.1938 0 
 39.5331 -0.6649  2.9595  0.0161  0.5806  0.0198  0.2725  0.0146 -0.0003  0.1348 0 
 39.3866  0.6868 -0.2117  0.1195  0.1500  0.0187  0.5001  0.1634  0.0971  0.7415 0 
 49.5918  0.4602 -0.6247  0.2320  0.5345  0.0427  0.4278  0.0684 -0.0003  0.7868 1 
 46.6682 -0.4715  2.5157  0.1188  0.4525  0.0339  0.2607  0.0869 -0.0003  0.5800 1 
 49.6956  0.5005 -2.5414  0.0032  0.4632  0.0415  0.5558  0.0323 -0.0003  0.1727 0 
 36.0540 -0.4998  0.5931  0.0072  0.1822  0.0992  0.1398  0.0184 -0.0003  0.1663 0 
 52.6955  0.1554 -2.5397  0.0197  0.3196  0.0761  0.2949  0.0167 -0.0003  0.2078 0 
 48.9876 -0.1395  0.6541  0.0316  0.4285  0.1697  0.5579  0.1281 -0.0003  0.3856 0 
 47.2145 -0.0753 -2.7002  0.0036  0.5688  0.0169  0.1733  0.0173 -0.0003  0.1236 0 
 45.6458  0.0689  0.4622  0.1724  0.3520  0.0718  0.2185  0.1852 -0.0003  0.8818 0 
 48.4077  0.1494  1.1893  0.0201  0.0919  0.3257  0.2583  0.0062 -0.0003  0.0859 0 
 42.2614 -0.1067 -1.9436  0.0184  0.4461  0.0562  0.3568  0.0093 -0.0003  0.2195 0 
 46.7170 -0.2496 -0.5772  0.0286  0.5096  0.0825  0.6082  0.0296 -0.0003  0.2746 0 
 42.4659  0.2564  2.5555  0.0335  0.7054  0.0495  0.3118  0.0983 -0.0003  0.4557 0 
 41.2757  0.2155  1.7160  0.0380  0.5095  0.0668  0.5387  0.0898  0.0961  0.5318 0 
 27.6432 -0.2354 -1.4054  0.1090  0.5782  0.0374  0.2515  0.1132  0.1591  0.7671 0 
 41.8982 -0.2837 -2.1071  0.0698  0.3710  0.0246  0.1789  0.0231  0.2294  0.7874 0 
 37.2869  0.3079  1.0519  0.0056  0.2285  0.0254  0.3230  0.0375  0.2009  0.3963 0 
 52.8511 -0.4424 -3.0811  0.0319  0.6915  0.0438  0.3789  0.0294 -0.0003  0.3096 0 
 40.3418  0.4634  0.0257  0.0015  0.1883  0.0224  0.2710  0.1191 -0.0003  0.0624 0 
 44.6662  0.6327  0.3969  0.0139  0.0330  0.3832  0.2198  0.0754 -0.0003  0.0697 0 
 42.9511 -0.6664 -2.7665  0.0378  0.2857  0.0912  0.6662  0.1310 -0.0003  0.4607 0 
 38.6145  0.7180 -2.4824  0.1172  0.4031  0.0330  0.1828  0.0316  0.3096  0.9614 0 
 36.4721 -0.7105  0.5947  0.0915  0.2003  0.0333  0.3715  0.1612  0.1778  0.7639 0 
 41.7212 -0.0162  2.5399  0.0074  0.2385  0.1003  0.2238  0.0423 -0.0003  0.1685 0 
 34.2382  0.0212 -0.5677  0.0120  0.2157  0.0244  0.3308  0.0544 -0.0003  0.0619 0 
 45.1759  0.0634  1.8505  0.0104  0.4313  0.0152  0.3506  0.0816 -0.0003  0.0934 0 
 40.7080 -0.0714 -1.2966  0.0054  0.2082  0.0386  0.1802  0.0186 -0.0003  0.0880 0 
 45.7527 -0.5641 -0.0683  0.0000  0.7838  0.0551  0.4805  0.0303 -0.0003  0.2070 0 
 39.3622  0.5572  3.0685  0.0191  0.0659  0.0867  0.3183  0.1097 -0.0003  0.0959 0 
 45.4719  0.6351 -1.8936  0.0225  0.6046  0.1210  0.3062  0.0339 -0.0003  0.2715 0 
 42.1729 -0.6490  1.2646  0.0396  0.1280  0.0245  0.2678  0.0906 -0.0003  0.0806 0 
 39.4476  0.7939 -2.0401  0.0377  0.3049  0.0284  0.2272  0.0587 -0.0003  0.1442 0 
 37.0459 -0.7789  1.1392  0.0606  0.5033  0.0272  0.3699  0.0134  0.1205  0.5738 0 
 48.2490  0.3233  0.4746  0.0067  0.4996  0.3282  0.4308  0.2886 -0.0003  0.7049 1 
 44.5014 -0.3021 -2.6866  0.3553  0.6618  0.0285  0.5280  0.6418 -0.0003  0.9977 1 
 46.4332 -0.2861  0.1930  0.0483  0.5356  0.0820  0.6962  0.1479 -0.0003  0.5487 0 
 44.0162  0.2612 -2.9377  0.0040  0.0926  0.1616  0.3089  0.1042 -0.0003  0.0704 0 
 46.2409 -0.3192 -0.0345  0.0241  0.3876  0.0666  0.3485  0.0076 -0.0003  0.2273 0 
 38.4680  0.3649 -3.1234  0.0852  0.4939  0.0649  0.3660  0.0417 -0.0003  0.5264 0 
 45.9571 -0.1183  0.2669  0.0642  0.1229  0.0674  0.5672  0.0433 -0.0003  0.2928 0 
 40.5737  0.1513 -2.8599  0.0000  0.0877  0.0153  0.0451 -0.0200 -0.0003  0.0949 0 
 45.2308 -0.5956 -0.8252  0.1099  0.5733  0.1583  0.3943  0.0838  0.3700  0.8814 1 
 31.7266  0.6137  2.2845  0.0439  0.5814  0.0108  0.3382  0.0352 -0.0003  0.1614 1 
 43.3112 -0.4826  2.5765  0.0515  0.2004  0.0975  0.4875  0.0474 -0.0003  0.2863 0 
 26.8345  0.4809 -0.5609  0.0379  0.7357  0.0261  0.3554  0.0298 -0.0003  0.2635 0 
 43.9765  0.7498 -2.8275  0.0514  0.4735  0.1183  0.4414  0.1386 -0.0003  0.4713 1 
 43.8605 -0.8001  0.2807  0.0298  0.4991  0.0711  0.7067  0.0988 -0.0003  0.3826 1 
 51.3680  0.0155  1.1303  0.5234  0.4258  0.0396  0.5088  0.4696 -0.0003  0.9959 1 
 33.4569 -0.0167 -2.0235  0.0648  0.3838  0.0295  0.3806  0.0566  0.0986  0.5541 1 
 51.1879 -0.7066 -2.6029  0.0135  0.1110  0.0712  0.2546  0.0317 -0.0003  0.0838 0 
 43.2593  0.7050  0.5386  0.0281  0.5897  0.0409  0.3989  0.0767 -0.0003  0.3117 0 
 45.0965 -0.0574  2.4823  0.0456  0.5185  0.0493  0.4823  0.0248 -0.0003  0.3416 0 
 34.4366  0.0436 -0.7105  0.0035  0.1363  0.0715  0.3303  0.0284 -0.0003  0.0803 0 
 45.8930 -0.7234 -1.4305  0.0135  0.6421  0.1578  0.4801  0.1487 -0.0003  0.3821 1 
 33.9544  0.7113  1.8050  0.2223  0.3027  0.0345  0.1895  0.1313 -0.0003  0.7197 1 
 54.9722 -0.1261  3.0179  0.0042  0.5988  0.0655  0.2917  0.0045 -0.0003  0.2143 0 
 46.4851  0.1002 -0.1082  0.0232  0.1621  0.0027  0.1305  0.0026 -0.0003  0.0519 0 
 45.0965  0.7416 -0.6034  0.1137  0.4174  0.0296  0.3946  0.1403 -0.0003  0.6816 1 
 37.2595 -0.7574  2.5871  0.0247  0.2769  0.0712  0.3693  0.0342  0.6200  0.9763 1 
 52.3262 -0.6969 -1.1520  0.0464  0.1405  0.0420  0.5486  0.0816 -0.0003  0.2538 0 
 38.8525  0.6832  1.9945  0.0723  0.3882  0.0167  0.2738  0.0590 -0.0003  0.1996 0 
 49.7627 -0.1621 -1.7912  0.0298  0.0426  0.0184  0.1710  0.0574 -0.0003  0.0458 0 
 45.6916  0.1745  1.3433  0.0101  0.1269  0.0360  0.2185  0.0261 -0.0003  0.0574 0 
 43.4913  0.4558  2.4513  0.0175  0.2328  0.0811  0.2656  0.0472 -0.0003  0.1705 0 
 43.3661 -0.4619 -0.7104  0.0208  0.2681  0.0749  0.1772  0.0413 -0.0003  0.2518 0 
 50.7668  0.5300 -2.1808  0.0510  0.3317  0.0601  0.5953  0.2286 -0.0003  0.6110 0 
 40.6104 -0.5097  0.9663  0.0060  0.3883  0.0405  0.2705  0.0330 -0.0003  0.1353 0 
 55.1431 -0.4523 -0.6804  0.0369  0.4314  0.0253  0.2082  0.0738 -0.0003  0.1711 0 
 42.5696  0.4519  2.4752  0.0202  0.5134  0.0753  0.4007  0.0305  0.2595  0.5499 0 
 53.6080 -0.2601 -0.2134  0.0645  0.4603  0.1100  0.2516  0.0289 -0.0003  0.4079 0 
 47.8309  0.2559  2.9069  0.0245  0.2209  0.0437  0.2591  0.0041 -0.0003  0.1331 0 
 44.6601 -0.0774  1.7758  0.0271  0.3173  0.0162  0.1758  0.0246 -0.0003  0.1032 0 
 42.9145  0.1091 -1.3885  0.0232  0.1528  0.0352  0.2666  0.0447 -0.0003  0.0698 0 
 45.7038  0.2181  3.0598  0.1149  0.3720  0.0248  0.6117  0.0750 -0.0003  0.6516 0 
 44.3000 -0.1988 -0.0883  0.0075  0.6295  0.0111  0.2643  0.0097 -0.0003  0.1067 0 
 44.4099  0.0335 -1.0247  0.0732  0.1861  0.0301  0.2641  0.0538 -0.0003  0.1713 0 
 38.8312 -0.0488  2.0986  0.0222  0.0615  0.0762  0.2282  0.0422 -0.0003  0.0822 0 
 46.2409 -0.6356 -0.0371  0.0002  0.2345  0.0259  0.2178  0.0266 -0.0003  0.0579 0 
 45.2979  0.6354  3.0313  0.0280  0.2686  0.0198  0.2190  0.2020 -0.0003  0.2581 0 
 34.7845  0.7038  1.7924  0.1242  0.6708  0.0262  0.2823  0.2108  0.1878  0.8541 0 
 34.2016 -0.7002 -1.3294  0.0111  0.6585  0.1085  0.3782  0.0068  0.2475  0.4856 0 
 52.9976 -0.4060  1.5324  0.3840  0.5786  0.0616  0.4206  0.2171 -0.0003  0.9733 1 
 45.1942  0.3925 -1.6200  0.1173  0.5100  0.0601  0.4820  0.2600 -0.0003  0.9076 1 
 46.0731  0.3829  2.5130  0.2514  0.7214  0.0490  0.6540  0.1674  0.1273  0.9223 1 
 41.1994 -0.4247 -0.6093  0.2947  0.5505  0.0311  0.3593  0.2878  0.2623  0.9952 1 
 43.6347  0.6295 -2.4258  0.0538  0.2711  0.0977  0.4423  0.0275 -0.0003  0.2975 0 
 41.9745 -0.6190  0.6979  0.0169  0.5983  0.0413  0.4022  0.0300  0.0546  0.3038 0 
 53.7819  0.4889 -1.6282  0.0257  0.1410  0.0638  0.3772  0.0827 -0.0003  0.1362 0 
 51.5541 -0.5101  1.5191  0.0028  0.3730  0.0663  0.3388  0.0305 -0.0003  0.1617 0 
 41.8280 -0.4570  2.2067  0.2519  0.1076  0.0313  0.1789  0.2902  0.2928  0.9934 1 
 41.5900  0.4610 -0.9218  0.2977  0.4821  0.0871  0.4032  0.2050  0.6530  0.9996 1 
 43.7018 -0.0845  0.5138  0.0068  0.3644  0.0276  0.4863  0.0093 -0.0003  0.1421 0 
 36.6339  0.0789 -2.6119  0.1281  0.3663  0.0216  0.4174  0.2374 -0.0003  0.7742 0 
 48.6641  0.5378  3.1150  0.1971  0.5735  0.0199  0.5158  0.1816 -0.0003  0.8721 1 
 26.0319 -0.5690 -0.0381  0.4403  0.2518  0.0207  0.3074  0.2643  0.1230  0.9872 1 
 55.1186 -0.3086 -0.9714  0.0294  0.0162  0.0981  0.2499  0.0118 -0.0003  0.0681 0 
 52.5948  0.3147  2.2313  0.0480  0.3547  0.1067  0.3793  0.0182 -0.0003  0.2823 0 
 55.2926 -0.6397  3.1145  0.0093  0.0566  0.0294  0.2497  0.0234 -0.0003  0.0468 0 
 39.0295  0.6421 -0.0175  0.0239  0.5820  0.0256  0.2279  0.1265 -0.0003  0.2109 0 
 45.8930  0.7470 -2.4754  0.0228  0.1839  0.0152  0.2182  0.0993 -0.0003  0.0704 0 
 44.6296 -0.7658  0.6320  0.0380  0.1785  0.0989  0.5276  0.0943 -0.0003  0.2911 0 
 49.9550  0.6400  0.6381  0.0898  0.6975  0.0920  0.3416  0.2944 -0.0003  0.9375 1 
 39.6185 -0.6208 -2.4536  0.3088  0.5012  0.0482  0.2723  0.3526  0.3005  0.9976 1 
 48.7831 -0.5444  0.5978  0.0252  0.4619  0.0891  0.3437  0.0179 -0.0003  0.2307 0 
 47.0253  0.5337 -2.5524  0.0048  0.4448  0.0391  0.1735  0.0057 -0.0003  0.2234 0 
 47.9713 -0.3244  2.0206  0.0016  0.5929  0.0430  0.2157  0.0891 -0.0003  0.2131 0 
 23.8468  0.3358 -1.1314  0.0971  0.5562  0.0103  0.3686  0.1263  0.0780  0.5688 0 
 55.2316 -0.7237  3.0892  0.0345  0.2875  0.0278  0.2914  0.0043 -0.0003  0.1437 0 
 48.6824  0.7476 -0.0596  0.0698  0.2757  0.0887  0.6447  0.0920 -0.0003  0.5345 0 
 51.4992  0.4071 -2.8300  0.0481  0.4536  0.2008  0.5508  0.0638  0.0468  0.4337 0 
 34.2657 -0.4269  0.2287  0.0108  0.5432  0.0085  0.1890  0.0131 -0.0003  0.1066 0 
 47.8798  0.7685 -0.6798  0.0147  0.4576  0.0194  0.3885  0.0052  0.0262  0.1763 0 
 46.8818 -0.7692  2.4805  0.0271  0.3665  0.0282  0.3038  0.0551 -0.0003  0.1386 0 
 48.4566 -0.6552  2.9463  0.0909  0.2183  0.0286  0.6455  0.1019 -0.0003  0.5714 0 
 46.5919  0.6659 -0.2155  0.0593  0.1978  0.0227  0.2173  0.0324 -0.0003  0.1131 0 
 40.1770 -0.4740  1.5653  0.0055  0.1893  0.0470  0.3165  0.0125  0.0444  0.1242 0 
 39.2065  0.4494 -1.5655  0.0632  0.4833  0.0533  0.5918  0.1086  0.1198  0.7102 0 
 45.8717 -0.6143 -2.8732  0.0232  0.4258  0.0504  0.3492  0.0529 -0.0003  0.2355 0 
 38.7304  0.6201  0.2598  0.0675  0.6521  0.0575  0.5024  0.1347 -0.0003  0.6493 0 
 45.0751  0.4624 -3.0694  0.2125  0.4343  0.0391  0.3508  0.0656  0.0086  0.7221 0 
 43.0274 -0.4543  0.0888  0.1084  0.5654  0.0106  0.3995  0.1354  0.1324  0.6757 0 
 44.0864 -0.4309 -0.2292  0.2758  0.6000  0.0596  0.6616  0.4206 -0.0003  0.9947 1 
 41.3001  0.4295  2.8963  0.4799  0.4570  0.0387  0.4488  0.7159  0.1817  0.9994 1 
 48.2765 -0.1993 -0.8114  0.0326  0.3717  0.0496  0.4308  0.0663 -0.0003  0.2830 0 
 45.8320  0.1748  2.3126  0.0302  0.1422  0.0411  0.3493  0.0473 -0.0003  0.0975 0 
 45.1087  0.1988 -2.0002  0.0279  0.1905  0.1108  0.4823  0.0153 -0.0003  0.1731 0 
 44.3153 -0.1785  1.1869  0.0453  0.3800  0.1502  0.5286  0.1125 -0.0003  0.4068 0 
 40.9644  0.7440 -2.1781  0.0336  0.1410  0.1257  0.2699  0.0118 -0.0003  0.1155 1 
 40.4273 -0.7357  1.0191  0.2616  0.3117  0.0841  0.1805  0.2387  0.1895  0.9599 1 
 48.0140  0.7184  0.9749  0.3137  0.6321  0.0344  0.3451  0.3878 -0.0003  0.9907 1 
 37.1283 -0.6973 -2.1147  0.3425  0.4223  0.1356  0.3234  0.2020  0.3520  0.9904 1 
 51.8959  0.6243 -1.1149  0.0266  0.0911  0.0418  0.2114  0.0097 -0.0003  0.0728 0 
 48.5389 -0.6184  2.0577  0.0275  0.0966  0.0649  0.2151  0.0054 -0.0003  0.0951 0 
 47.5898  0.1802  1.6859  0.0060  0.3761  0.0757  0.3026  0.0517 -0.0003  0.1913 0 
 38.4405 -0.1606 -1.4524  0.0395  0.4701  0.0453  0.1831 -0.0001 -0.0003  0.3573 0 
 50.0099 -0.4129  2.8176  0.0297  0.1183  0.0373  0.3415  0.0402 -0.0003  0.0796 0 
 42.0233  0.4170 -0.3292  0.0024  0.4374  0.0388  0.2680  0.0244 -0.0003  0.1424 0 
 48.8411 -0.6410  0.7104  0.0337  0.1310  0.0460  0.3006  0.0168 -0.0003  0.0949 0 
 45.4322  0.6496 -2.4310  0.0696  0.2105  0.0686  0.0875  0.0345 -0.0003  0.3868 0 
 47.4800  0.6863 -0.8077  0.0985  0.4976  0.0113  0.1730  0.0794 -0.0003  0.2792 0 
 37.3785 -0.6681  2.3324  0.0782  0.4721  0.0168  0.3690  0.1030 -0.0003  0.3780 0 
 58.2284 -0.0751  2.7083  0.0396  0.4349  0.0552  0.2876  0.0545 -0.0003  0.3388 0 
 45.3437  0.0668 -0.4094  0.0087  0.0568  0.0353  0.3065  0.0230 -0.0003  0.0529 0 
 50.7485  0.4794 -2.9212  0.0414  0.4234  0.1748  0.6379  0.0414 -0.0003  0.3422 0 
 38.6877 -0.5027  0.2349  0.0606  0.6839  0.0537  0.2741  0.0391 -0.0003  0.5366 0 
 52.7962 -0.2053  2.3969  0.0177  0.1739  0.1109  0.2947  0.0272 -0.0003  0.1172 0 
 48.4932  0.1656 -0.7357  0.0235  0.5103  0.0685  0.3012  0.0580 -0.0003  0.3028 0 
 47.9438  0.6379 -2.2458  0.0265  0.2424  0.0062  0.2157  0.0361 -0.0003  0.0573 0 
 33.5729 -0.6176  0.9444  0.0827  0.1103  0.0953  0.0475  0.0346 -0.0003  0.2769 0 
 48.5634 -0.7178 -2.3350  0.0581  0.4811  0.0346  0.4301  0.0757 -0.0003  0.4413 0 
 42.0142  0.7137  0.8004  0.0058  0.3011  0.0264  0.1787  0.0124 -0.0003  0.1032 0 
 48.5451 -0.0313  1.2563  0.0173  0.3324  0.0414  0.3871  0.0121 -0.0003  0.1664 0 
 43.3143  0.0259 -1.9073  0.0076  0.1209  0.0221  0.2216  0.0250 -0.0003  0.0421 0 
 50.6081 -0.2587 -1.1042  0.0063  0.5395  0.2902  0.7660  0.0707 -0.0003  0.3284 0 
 48.8350  0.3192  2.0485  0.0439  0.3386  0.0606  0.3006  0.0272 -0.0003  0.2903 0 
 47.3518  0.2181 -2.4317  0.0159  0.6077  0.0421  0.4329  0.1496 -0.0003  0.3877 0 
 39.9054 -0.2311  0.7133  0.0326  0.1995  0.1038  0.5889  0.0493 -0.0003  0.2660 0 
 56.8704  0.0857 -2.6952  0.0092  0.1951  0.0060  0.0827  0.0894 -0.0003  0.0881 0 
 46.6255 -0.0670  0.4418  0.0096  0.2439  0.0633  0.4781  0.0982 -0.0003  0.1823 0 
 53.4951 -0.0923  2.3294  0.2950  0.2273  0.0575  0.5875  0.2805  0.1495  0.9864 1 
 43.5370  0.0672 -0.7596  0.1788  0.1793  0.0453  0.3540  0.2784  0.5094  0.9989 1 
 55.7778 -0.2531  2.0168  0.0088  0.3950  0.0361  0.1661  0.0202 -0.0003  0.1788 0 
 45.9480  0.3654 -1.1575  0.0106  0.0768  0.0854  0.2182  0.1035 -0.0003  0.1028 0 
 47.7516 -0.7823 -2.5039  0.0004  0.0229  0.0633  0.0864  0.1837 -0.0003  0.1433 0 
 47.2267  0.7579  0.6170  0.0764  0.3236  0.0439  0.3032  0.0790 -0.0003  0.4159 0 
 44.9928 -0.2057 -3.0983  0.0263  0.2688  0.1321  0.3948  0.1129 -0.0003  0.2892 0 
 39.8321  0.1994  0.0663  0.0135  0.2553  0.0493  0.3173  0.0441 -0.0003  0.1233 0 
 39.8444  0.5353 -1.9637  0.0272  0.2174  0.0332  0.3626  0.0923 -0.0003  0.1388 0 
 37.1405 -0.5192  1.1722  0.0780  0.0603  0.0293  0.4158  0.1107 -0.0003  0.1641 0 
 56.3333 -0.5095  2.4922  0.0852  0.3734  0.5205  0.4971  0.1116 -0.0003  0.6765 0 
 47.5837  0.5043 -0.5894  0.0215  0.6051  0.0325  0.3026  0.1017 -0.0003  0.2375 0 
 46.8269  0.4374 -0.4388  0.6800  0.4237  0.1722  0.2605  0.2997 -0.0003  0.9974 1 
 43.8392 -0.4385  2.7018  0.4807  0.5570  0.0421  0.3976  0.5422 -0.0003  0.9977 1 
 52.4636  0.3124 -1.4572  0.1070  0.1266  0.0794  0.4639  0.1387 -0.0003  0.5341 0 
 45.7313 -0.2802  1.6847  0.0149  0.1836  0.0229  0.2621  0.0008 -0.0003  0.0629 0 
 47.5471  0.7144 -2.3089  0.1268  0.0589  0.0469  0.2162  0.1296 -0.0003  0.2444 1 
 44.4068 -0.7296  0.8452  0.2469  0.4705  0.0510  0.3962  0.2192 -0.0003  0.9512 1 
 56.7056 -0.5993 -2.7975  0.0688  0.4026  0.0567  0.5377  0.1621 -0.0003  0.6282 0 
 36.1852  0.5804  0.3411  0.0322  0.3666  0.0435  0.2792  0.0009 -0.0003  0.2433 0 
 45.4627 -0.4998 -2.8259  0.0286  0.4629  0.0435  0.5688  0.0568  0.2258  0.5781 0 
 35.7122  0.4997  0.3327  0.0683  0.6801  0.0287  0.4671  0.0645  0.0495  0.6051 0 
 48.0507 -0.1682 -1.0706  0.0039  0.4933  0.1003  0.3450  0.1197 -0.0003  0.2761 0 
 41.0712  0.1577  2.0898  0.0122  0.0677  0.0742  0.0899  0.1218 -0.0003  0.1407 0 
 45.6428 -0.2383 -0.3409  0.0072  0.3202  0.0537  0.5245  0.0212 -0.0003  0.1681 0 
 39.9756  0.2466  2.8199  0.0420  0.2870  0.0153  0.0905  0.0109 -0.0003  0.1576 0 
 46.7414  0.4465  2.1983  0.0038  0.2053  0.0818  0.2606  0.1404 -0.0003  0.2060 0 
 42.9480 -0.4462 -0.9603  0.0234  0.5690  0.0153  0.2665  0.0366 -0.0003  0.1222 0 
 52.4514  0.6615 -0.4772  0.0106  0.6800  0.0703  0.3374  0.0108 -0.0003  0.2172 0 
 43.1006 -0.6596  2.6549  0.0050  0.0579  0.1312  0.1775  0.1315 -0.0003  0.0995 0 
 44.9897  0.3962 -2.6956  0.1949  0.2599  0.0243  0.3071  0.2517 -0.0003  0.8134 1 
 44.3824 -0.3787  0.4247  0.0207  0.1886  0.2028  0.6605  0.3979 -0.0003  0.8426 1 
 46.3447  0.3538  2.9122  0.0013  0.4649  0.0326  0.3047  0.0412 -0.0003  0.1131 0 
 45.0996 -0.3597 -0.2667  0.0121  0.2039  0.0433  0.3946  0.1765 -0.0003  0.2041 0 
 53.7972  0.6368  1.3377  0.0619  0.0755  0.0537  0.2933  0.0172 -0.0003  0.0964 0 
 44.9500 -0.6471 -1.8191  0.0117  0.7931  0.0454  0.5705  0.0473 -0.0003  0.2696 0 
 45.9815 -0.7458  1.7655  0.0083  0.2207  0.0548  0.2181  0.0512 -0.0003  0.1157 0 
 37.7783  0.7211 -1.4058  0.0290  0.2323  0.0576  0.3679  0.0632 -0.0003  0.1871 0 
 46.3020 -0.0184 -1.6556  0.0001  0.4154  0.0325  0.1306  0.1618 -0.0003  0.2234 0 
 43.1037  0.0196  1.4842  0.0381  0.2447  0.0565  0.3994  0.0955 -0.0003  0.2719 0 
 57.0596 -0.7366 -0.0602  0.0092  0.4106  0.1139  0.6194  0.1275 -0.0003  0.2980 0 
 42.5666  0.7415  3.0574  0.0639  0.5528  0.0246  0.3117  0.0827 -0.0003  0.3358 0 
 41.7761  0.6173  2.7573  0.2966  0.2980  0.0307  0.4922  0.3231 -0.0003  0.9773 1 
 38.2208 -0.6023 -0.4150  0.3231  0.6741  0.0244  0.4584  0.6358 -0.0003  0.9974 1 
 50.4036 -0.4201  2.6747  0.0354  0.2395  0.1758  0.2982  0.0938 -0.0003  0.3107 0 
 43.6225  0.4202 -0.4627  0.0382  0.1120  0.0168  0.2211  0.0894 -0.0003  0.0604 0 
 50.5409 -0.7415  0.1988  0.0697  0.6437  0.0399  0.3406  0.0795 -0.0003  0.5553 0 
 46.6621  0.7136 -2.9246  0.0093  0.1184  0.0400  0.2173  0.0113 -0.0003  0.0654 0 
 56.9772  0.0500  0.6929  0.0604  0.2225  0.0382  0.3305  0.2694 -0.0003  0.5219 0 
 41.7823  0.0032 -2.4637  0.0340  0.3236  0.0326  0.2237  0.0444 -0.0003  0.1571 0 
 40.6043  0.8059 -2.8330  0.3073  0.6394  0.0424  0.6312  0.3721  0.1482  0.9961 1 
 37.7844 -0.7847  0.3351  0.0676  0.3861  0.0681  0.2299  0.0886 -0.0003  0.5505 1 
 52.6070 -0.6987 -2.1447  0.1638  0.5700  0.0288  0.2950  0.2307 -0.0003  0.8541 1 
 40.6836  0.6891  0.9611  0.2054  0.3839  0.0352  0.2253  0.1927  0.1658  0.9096 1 
 55.5917 -0.6280  1.5805  0.0379  0.4249  0.0426  0.2494  0.1898 -0.0003  0.4834 0 
 41.7456  0.6181 -1.6041  0.0009  0.2496  0.0793  0.4475  0.1630 -0.0003  0.2030 0 
 45.9297 -0.0262 -1.9924  0.0259  0.5298  0.0215  0.3055  0.0497 -0.0003  0.1441 0 
 42.5025  0.0630  1.1246  0.0799  0.1633  0.0121  0.4454  0.1147 -0.0003  0.2729 0 
 47.3060 -0.1077  0.4639  0.1500  0.7564  0.0327  0.3897  0.2504 -0.0003  0.9139 1 
 41.3519  0.1163 -2.7409  0.2679  0.3441  0.0989  0.4038  0.2383 -0.0003  0.9770 1 
 47.5196 -0.2014 -2.2939  0.0287  0.2874  0.2292  0.3460  0.0705 -0.0003  0.2951 0 
 37.5555  0.2126  0.8183  0.0048  0.4633  0.1410  0.5067  0.1014 -0.0003  0.2546 0 
 44.0803 -0.7566  1.6870  0.0465  0.3590  0.1202  0.6175  0.0428 -0.0003  0.3583 0 
 29.1325  0.7782 -1.4449  0.0374  0.6963  0.0106  0.2972  0.0832 -0.0003  0.1895 0 
 48.7221 -0.5014  2.3516  0.1295  0.1397  0.0094  0.2149  0.0379 -0.0003  0.1316 0 
 46.8574  0.4851 -0.7934  0.0272  0.1357  0.2567  0.3039  0.0191 -0.0003  0.1392 0 
 41.2604  0.6162  2.9264  0.1549  0.3006  0.0461  0.6734  0.1884 -0.0003  0.8971 0 
 39.6765 -0.5728 -0.2812  0.0496  0.4346  0.0471  0.3630  0.1287 -0.0003  0.4865 0 
 35.9564  0.4046 -0.6306  0.1065  0.5224  0.0990  0.6526  0.0994  0.4851  0.9613 1 
 24.4266 -0.3856  2.4763  0.3815  0.2529  0.0224  0.3658  0.3487  0.3404  0.9996 1 
 50.3426 -0.5436 -0.0906  0.2771  0.4733  0.0542  0.3409  0.1724 -0.0003  0.9268 1 
 48.1270  0.5683  3.0860  0.2122  0.3270  0.0830  0.4311  0.1357 -0.0003  0.8487 1 
 47.2389  0.2115  1.1053  0.0327  0.1919  0.0233  0.2599  0.0607 -0.0003  0.0763 0 
 43.6347 -0.2217 -2.0107  0.0360  0.2457  0.1086  0.3096  0.0464 -0.0003  0.2254 0 
 42.4689 -0.8021 -2.7758  0.0189  0.3556  0.0186  0.1782  0.0377 -0.0003  0.1051 0 
 38.7671  0.7981  0.3265  0.0484  0.4298  0.0998  0.5479  0.1198 -0.0003  0.4430 0 
 47.7668  0.1446 -0.8655  0.0267  0.2970  0.0275  0.2591  0.0428 -0.0003  0.1086 0 
 42.0752 -0.1454  2.2777  0.1152  0.2409  0.1067  0.4912  0.1765 -0.0003  0.7802 0 
 37.1771  0.7970  2.2365  0.1622  0.3122  0.0573  0.3695  0.1356  0.3585  0.9866 1 
 28.4398 -0.7866 -0.9558  0.0849  0.4088  0.0453  0.2494  0.2075  0.0672  0.7694 1 
 44.1749 -0.1068 -2.1759  0.1014  0.4855  0.0407  0.4849  0.0569  0.2039  0.7850 1 
 38.6725  0.1006  0.9780  0.6224  0.5380  0.0311  0.2741  0.4992  0.3353  0.9989 1 
 41.2055 -0.0766 -1.4850  0.1708  0.6059  0.0708  0.3593  0.1509 -0.0003  0.9208 1 
 26.0197  0.0901  1.6907  0.3871  0.1903  0.0231  0.5125  0.1970  0.3463  0.9995 1 
 46.5278 -0.7860  2.2646  0.0697  0.1743  0.0396  0.3914  0.0204 -0.0003  0.2155 0 
 37.4823  0.6569 -0.8686  0.0247  0.6950  0.0229  0.2765  0.0117 -0.0003  0.1819 0 
 40.4974  0.5078 -1.0015  0.2056  0.7232  0.0293  0.4512  0.1852 -0.0003  0.9013 1 
 40.2075 -0.4692  2.1372  0.1188  0.8198  0.0513  0.7233  0.2007  0.2128  0.9120 1 
 47.3671 -0.3517 -3.0422  0.0105  0.4072  0.0515  0.2597  0.0104 -0.0003  0.2116 0 
 45.6001  0.3298  0.1120  0.0484  0.1892  0.0999  0.3935  0.0662 -0.0003  0.2511 0 
 39.3500 -0.2110 -1.2163  0.6245  0.3659  0.0263  0.4547  0.3189  0.1186  0.9942 1 
 37.2351  0.2246  1.9412  0.0524  0.5640  0.0368  0.4155  0.2293 -0.0003  0.7022 1 
 40.2045  0.5769  0.4923  0.2818  0.1666  0.0388  0.1808  0.3592  0.4711  0.9993 1 
 34.9310 -0.5802 -2.6983  0.2217  0.1637  0.0449  0.3760  0.3087  0.4507  0.9990 1 
 46.1830 -0.3161 -1.6344  0.0415  0.5247  0.0388  0.2614  0.0590 -0.0003  0.3016 0 
 43.8239  0.3073  1.4919  0.0210  0.6199  0.0952  0.4418  0.0320  0.3937  0.7065 0 
 46.7872 -0.0352 -1.4369  0.0168  0.1665  0.0359  0.3040  0.0079 -0.0003  0.0781 0 
 45.4505  0.0491  1.7463  0.0638  0.5379  0.0459  0.4375  0.0706 -0.0003  0.4988 0 
 48.8777  0.1994  3.0419  0.8511  0.4212  0.0888  0.4723  0.3823 -0.0003  0.9948 1 
 46.8574 -0.2027  0.0021  0.2246  0.3383  0.1543  0.4775  0.2414 -0.0003  0.9709 1 
 58.1582  0.7334  2.0179  0.0907  0.6069  0.0772  0.3288  0.2571 -0.0003  0.9025 1 
 34.4732 -0.7687 -1.1679  0.0210  0.3403  0.0462  0.4717  0.0655  0.2739  0.5659 1 
 42.6734  0.0294  1.5105  0.0593  0.4413  0.0611  0.5784  0.0775 -0.0003  0.4654 0 
 42.6001 -0.0683 -1.6571  0.0407  0.2648  0.1246  0.2671  0.0236 -0.0003  0.2382 0 
 45.0935  0.7330  0.2180  0.1783  0.3288  0.0709  0.5700  0.1558 -0.0003  0.8755 1 
 40.8972 -0.7339 -2.9456  0.0696  0.2701  0.2392  0.2250  0.1122  0.7519  0.8937 1 
 43.7812  0.1377  2.2849  0.4872  0.1593  0.0597  0.3977  0.5051 -0.0003  0.9949 1 
 37.8485 -0.1377 -0.8374  0.0565  0.1849  0.0327  0.3677  0.0258  0.2454  0.5904 1 
 44.4312 -0.3832 -1.6765  0.0126  0.2033  0.0295  0.2201  0.0768 -0.0003  0.0732 0 
 44.2145  0.4130  1.4868  0.0153  0.4576  0.0191  0.1763  0.0248 -0.0003  0.1239 0 
 44.3732 -0.3308  2.9159  0.0195  0.6625  0.0301  0.3963  0.0318 -0.0003  0.2055 0 
 39.2737  0.3192 -0.2304  0.0069  0.3193  0.1567  0.3640  0.0109 -0.0003  0.1772 0 
 46.1830  0.2416  1.5735  0.0094  0.2478  0.0825  0.2614  0.0700 -0.0003  0.1741 0 
 43.8605 -0.2217 -1.6080  0.0274  0.2848  0.0437  0.4417  0.0358 -0.0003  0.1963 0 
 46.8544  0.0138 -0.6296  0.8618  0.4120  0.0294  0.5643  0.7822 -0.0003  0.9980 1 
 37.4395  0.0124  2.4803  0.1140  0.2917  0.0544  0.5071  0.0484 -0.0003  0.5212 1 
 49.2500  0.2523 -0.6729  0.0418  0.4163  0.0967  0.5143  0.0684 -0.0003  0.3365 0 
 40.9461 -0.2675  2.4589  0.0092  0.6216  0.0395  0.3149  0.0362 -0.0003  0.1906 0 
 57.6242  0.4964  0.8855  0.0151  0.2502  0.1827  0.5355  0.2226 -0.0003  0.4462 0 
 49.2256 -0.5127 -2.2401  0.0020  0.3697  0.1111  0.4286  0.0543 -0.0003  0.1727 0 
 50.7271  0.2401  1.3559  0.2913  0.1824  0.0288  0.3403  0.4001  0.1861  0.9952 0 
 40.7477 -0.2203 -1.7941  0.0508  0.5917  0.0310  0.4504  0.1248 -0.0003  0.5187 0 
 46.9276  0.7976  2.7497  0.0029  0.4670  0.0410  0.2603  0.0110 -0.0003  0.1781 0 
 44.7242 -0.7778 -0.4101  0.0083  0.1877  0.0505  0.3076  0.0198 -0.0003  0.0906 0 
 44.1474 -0.0968  1.8103  0.3813  0.6173  0.0251  0.1764  0.4141 -0.0003  0.9931 1 
 42.3896  0.0932 -1.3462  0.4946  0.7142  0.0206  0.4011  0.7446 -0.0003  0.9983 1 
 44.1199 -0.2814  0.3923  0.0355  0.5585  0.0196  0.3528  0.0108 -0.0003  0.1995 0 
 35.5871  0.2649 -2.7375  0.0279  0.2000  0.0877  0.1870  0.0186 -0.0003  0.1991 0 
 44.0284  0.1123  0.9529  0.2676  0.5464  0.0440  0.4854  0.2989 -0.0003  0.9788 1 
 43.6225 -0.1222 -2.1765  0.1661  0.3103  0.0441  0.3096  0.1235 -0.0003  0.7226 1 
 46.8513  0.4005  2.4087  0.7175  0.2884  0.1012  0.3907  0.0989 -0.0003  0.9750 1 
 26.3401 -0.4164 -0.7816  0.0985  0.4309  0.0460  0.3063  0.1343  0.1973  0.8271 1 
 42.0172 -0.4577 -1.6181  0.0468  0.4763  0.0121  0.4021  0.0537  0.0383  0.2908 0 
 41.6785  0.4585  1.5017  0.1016  0.1790  0.0489  0.1791  0.0434 -0.0003  0.3143 0 
 51.4199  0.3829  0.0919  0.0173  0.3167  0.1032  0.2119  0.0856 -0.0003  0.3087 0 
 41.4130 -0.3807 -3.0212  0.0545  0.4708  0.0848  0.3588  0.0627 -0.0003  0.4002 0 
 34.3084  0.6264 -0.2241  0.0263  0.2663  0.0179  0.2834  0.0165 -0.0003  0.0793 0 
 32.2789 -0.6437  2.8932  0.0104  0.2212  0.0067  0.2403  0.0187 -0.0003  0.0415 0 
 43.1403 -0.3343  0.7820  0.0384  0.4688  0.0144  0.2218  0.0303 -0.0003  0.1293 0 
 40.5310  0.2993 -2.3832  0.0566  0.3268  0.1641  0.2707  0.1072 -0.0003  0.4750 0 
 49.7993 -0.4283 -0.3850  0.4446  0.6878  0.0570  0.3419  0.1168 -0.0003  0.9561 1 
 49.1279  0.4518  2.7630  0.2331  0.5071  0.1481  0.3431  0.1490 -0.0003  0.9421 1 
 50.4891 -0.5452 -0.9682  0.0474  0.2672  0.1150  0.5962  0.0479 -0.0003  0.3550 0 
 45.0019  0.5571  2.1525  0.0008  0.3078  0.0674  0.2632  0.0124  0.1192  0.2485 0 
 46.4942  0.7603 -1.0746  0.0003  0.4170  0.0221  0.3045  0.0511 -0.0003  0.0773 0 
 43.0945 -0.7607  2.0571  0.0066  0.3753  0.0119  0.3550  0.0864 -0.0003  0.0744 0 
 44.7150  0.7084  0.8981  0.0057  0.3383  0.1388  0.4395  0.0462 -0.0003  0.1877 0 
 38.4649 -0.6982 -2.3249  0.0000  0.0077  0.0188  0.1830 -0.0200 -0.0003  0.0631 0 
 47.3365 -0.7798 -1.3654  0.1001  0.6594  0.1369  0.3897  0.0766 -0.0003  0.5694 0 
 43.0732  0.7781  1.7439  0.0173  0.1777  0.0797  0.3550  0.0191 -0.0003  0.1203 0 
 50.6539  0.4534  0.0546  0.0020  0.5427  0.0737  0.6808  0.1043 -0.0003  0.2582 0 
 49.4331 -0.4727 -3.0961  0.0812  0.1649  0.0525  0.4282  0.0139 -0.0003  0.2739 0 
 46.8452  0.1710 -1.1385  0.0081  0.1646  0.2755  0.6078  0.0052 -0.0003  0.1963 0 
 42.1637 -0.1454  1.9725  0.0255  0.4010  0.0456  0.4910  0.0800 -0.0003  0.2852 0 
 44.4953 -0.3704 -1.3552  0.3090  0.7523  0.0699  0.6600  0.2878 -0.0003  0.9866 1 
 25.7298  0.3992  1.7679  0.3105  0.6397  0.0197  0.5142  0.3702  0.1532  0.9931 1 
 43.6255  0.6707  2.7037  0.0068  0.3161  0.1005  0.5750  0.0185 -0.0003  0.1837 0 
 38.9410 -0.6916 -0.4405  0.0338  0.2468  0.0155  0.0912  0.0019 -0.0003  0.1470 0 
 52.3934  0.5912  0.0337  0.1151  0.4450  0.1774  0.4218  0.1445 -0.0003  0.7341 0 
 44.6815 -0.5973  3.0953  0.0128  0.1088  0.0403  0.1758  0.0067 -0.0003  0.0734 0 
 48.1941  0.2099  0.1261  0.0139  0.1116  0.0646  0.2155  0.0464 -0.0003  0.0858 0 
 42.8016 -0.2201 -3.0230  0.0201  0.2078  0.0164  0.0444 -0.0200 -0.0003  0.1904 0 
 46.0792 -0.2803  3.0515  0.0169  0.6304  0.0544  0.3488  0.1440  0.5418  0.9928 0 
 28.7449  0.2728 -0.0706  0.1690  0.3805  0.0327  0.3481  0.2022  0.1209  0.8828 0 
 52.6528  0.2240  1.9659  0.1748  0.4261  0.2185  0.6741  1.0654 -0.0003  0.9986 1 
 43.9521 -0.2494 -1.1661  0.0139  0.4921  0.0910  0.4856  0.1021 -0.0003  0.2678 1 
 46.9429  0.7770  2.2621  0.1548  0.3764  0.1321  0.5641  0.1483 -0.0003  0.8391 1 
 32.1569 -0.8241 -0.7133  0.0110  0.6380  0.0533  0.4331  0.0329  0.2443  0.5618 1 
 43.7507  0.6631 -0.1537  0.0609  0.3772  0.0976  0.7513  0.0948 -0.0003  0.5683 0 
 35.1629 -0.6649  2.9843  0.0259  0.4554  0.0295  0.2346  0.0452 -0.0003  0.1610 0 
 46.9001 -0.4341  3.0910  0.0309  0.3975  0.0365  0.2170  0.0307 -0.0003  0.2023 0 
 46.8269  0.4180 -0.0651  0.0041  0.1923  0.1587  0.4776  0.0799 -0.0003  0.1573 0 
 54.5235 -0.3048  1.8829  0.0526  0.1778  0.0366  0.4176  0.1179 -0.0003  0.2616 0 
 41.1963  0.3444 -1.2579  0.1210  0.7940  0.0446  0.1796  0.0837 -0.0003  0.7737 0 
 43.5035  0.6955 -2.8972  0.0976  0.3419  0.0422  0.5312  0.1340 -0.0003  0.6696 1 
 35.0042 -0.6935  0.2382  0.1832  0.6368  0.0319  0.1879  0.0762  0.0963  0.7817 1 
 46.2837  0.7121  2.2853  0.2746  0.1274  0.0722  0.4355  0.2503 -0.0003  0.9477 1 
 33.7072 -0.7376 -0.9139  0.0005  0.2695  0.0672  0.2374  0.1431 -0.0003  0.2483 1 
 51.2856  0.5685  1.5034  0.0027  0.3929  0.0308  0.5089  0.0191 -0.0003  0.1446 0 
 50.2113 -0.5675 -1.6225  0.0126  0.4050  0.0275  0.3411  0.0811 -0.0003  0.1258 0 
 52.2713  0.0638  1.4763  0.0000  0.0388  0.0175  0.1266  0.0709 -0.0003  0.0471 0 
 48.7343 -0.0613 -1.6593  0.0058  0.1681  0.0801  0.3867  0.0444 -0.0003  0.0991 0 
 52.6619  0.6010 -2.7253  0.0399  0.3474  0.1200  0.4634  0.0239 -0.0003  0.2684 0 
 44.4465 -0.5682  0.4357  0.0004  0.1899  0.0110  0.2201  0.0344 -0.0003  0.0365 0 
 49.4728  0.0867 -1.7350  0.0391  0.4803  0.1333  0.5137  0.0910 -0.0003  0.3411 0 
 39.2767 -0.0919  1.3691  0.0765  0.2505  0.0412  0.5459  0.0539 -0.0003  0.4267 0 
 40.8759 -0.2093 -0.4044  0.0746  0.2199  0.1277  0.3150  0.0528 -0.0003  0.3543 0 
 33.7469  0.2214  2.7411  0.0211  0.0462  0.0447  0.1424  0.0805 -0.0003  0.0803 0 
 49.6376 -0.2245  2.5654  0.0500  0.1452  0.0428  0.2138  0.0462 -0.0003  0.1182 0 
 42.4964  0.2373 -0.6647  0.0151  0.2385  0.0468  0.3118  0.1404 -0.0003  0.1969 0 
 46.7689 -0.6661 -0.9152  0.0299  0.0857  0.0509  0.2172  0.0084 -0.0003  0.0827 0 
 40.1923  0.6763  2.2329  0.0501  0.2554  0.0553  0.5878  0.0794 -0.0003  0.3954 0 
 50.1625  0.0548 -2.9018  0.0338  0.5972  0.1182  0.4266  0.0466  0.3939  0.6815 0 
 42.8992 -0.0433  0.2474  0.0070  0.2807  0.0531  0.3110  0.0483 -0.0003  0.1254 0 
 47.5746 -0.2709 -1.7279  0.0957  0.5544  0.1310  0.5621  0.0515 -0.0003  0.4606 0 
 42.4689  0.2989  1.4021  0.1801  0.3359  0.0169  0.6237  0.2084 -0.0003  0.8974 0 
 52.9305  0.4677 -1.1350  0.7570  0.6748  0.0690  0.4208  0.7015 -0.0003  0.9982 1 
 49.9794 -0.4449  2.0258  0.1557  0.6113  0.0750  0.5123  0.2596 -0.0003  0.9580 1 
 51.6945 -0.4450 -2.8427  0.1907  0.3786  0.0486  0.6773  0.2333 -0.0003  0.9535 1 
 47.8431  0.4487  0.2922  0.0270  0.7588  0.0618  0.3022  0.0927 -0.0003  0.4689 1 
 48.0781  0.5483 -1.2290  0.0209  0.1265  0.0840  0.4312  0.0153 -0.0003  0.1049 0 
 46.9154 -0.5348  1.9268  0.0032  0.4350  0.0239  0.2604  0.0722 -0.0003  0.0975 0 
 51.0201 -0.4343 -0.7028  0.3619  0.6999  0.0307  0.5096  0.4024 -0.0003  0.9914 1 
 42.3011  0.3998  2.4699  0.0397  0.3928  0.0666  0.4014  0.0453 -0.0003  0.3041 1 
 46.6560 -0.0800 -0.9674  0.3569  0.6506  0.0405  0.5215  0.4547  0.2167  0.9987 1 
 35.4589  0.0917  2.1654  0.0142  0.0342  0.0276  0.2808  0.1075 -0.0003  0.0609 1 
 50.4280  0.0929  3.0444  0.0172  0.2399  0.0684  0.5538  0.0173 -0.0003  0.1863 0 
 47.6967 -0.1193 -0.1124  0.0277  0.3069  0.1114  0.3457  0.0225 -0.0003  0.2082 0 
 55.5856 -0.4716  2.6565  0.0173  0.4784  0.0703  0.2494  0.0544 -0.0003  0.3000 0 
 35.5840  0.4903 -0.4823  0.0240  0.4287  0.0438  0.4208  0.1717  0.0893  0.5454 0 
 47.8462  0.5080  0.8832  0.0717  0.2236  0.0452  0.5181  0.0914 -0.0003  0.4281 0 
 33.8628 -0.4587 -2.2526  0.0299  0.3338  0.0930  0.3793  0.0995 -0.0003  0.3093 0 
 40.6592 -0.1270  0.6575  0.1780  0.3254  0.0437  0.5859  0.3654  0.2237  0.9842 1 
 31.3329  0.0992 -2.5322  0.0749  0.5367  0.1035  0.8242  0.1503 -0.0003  0.7631 1 
 47.8737  0.7512 -0.7314  0.0151  0.5149  0.1020  0.2590  0.0862  0.2223  0.6219 1 
 33.2067 -0.7441  2.4254  0.6304  0.2268  0.0578  0.0954  0.1887  0.5671  0.9973 1 
 43.3448  0.6682  1.1887  0.0190  0.3291  0.0219  0.2215  0.0056 -0.0003  0.1123 0 
 30.9636 -0.6530 -1.9221  0.0497  0.1943  0.0193  0.2919  0.0190  0.1550  0.4350 0 
 43.6347 -0.0824  1.3168  0.0353  0.3262  0.0600  0.3096  0.0231 -0.0003  0.2490 0 
 35.6115  0.1100 -1.7885  0.0162  0.5146  0.0226  0.3272  0.0722 -0.0003  0.1327 0 
 47.2938  0.5381  2.6904  0.0269  0.2437  0.0461  0.3031  0.0204 -0.0003  0.1466 0 
 42.0783 -0.5218 -0.3848  0.0285  0.3309  0.0790  0.4019  0.1518 -0.0003  0.3780 0 
 52.5093 -0.1852 -1.5674  0.4052  0.1936  0.2263  0.3373  0.1728 -0.0003  0.9776 1 
 46.6957  0.1640  1.6000  0.0050  0.4384  0.0279  0.3041  0.0656 -0.0003  0.1047 1 
 46.1524  0.6243 -1.2188  0.0051  0.2028  0.0221  0.3486  0.0724 -0.0003  0.0546 0 
 36.4141 -0.6015  1.9294  0.0296  0.3356  0.0382  0.2787  0.0151 -0.0003  0.1833 0 
 47.5807  0.6302 -3.0576  0.0188  0.1013  0.0265  0.2162  0.0701 -0.0003  0.0514 0 
 44.7578 -0.5050  0.1145  0.0094  0.2751  0.0410  0.1318  0.0027 -0.0003  0.1870 0 
 51.0170 -0.1225  0.4329  0.0207  0.4333  0.0544  0.4247  0.0422 -0.0003  0.2268 0 
 44.5258  0.1191 -2.7040  0.0040  0.4333  0.0571  0.1760  0.0372 -0.0003  0.2568 0 
 48.2826  0.3897  0.7528  0.0275  0.2737  0.0737  0.3876  0.0392 -0.0003  0.2056 0 
 31.9829 -0.3929 -2.3754  0.0000  0.2419  0.0114  0.0964  0.0670 -0.0003  0.0853 0 
 45.6092 -0.7220  1.4672  0.0751  0.4944  0.0457  0.4372  0.0783 -0.0003  0.5467 1 
 35.4894  0.7362 -1.6754  0.0030  0.3785  0.0376  0.3275 -0.0200 -0.0003  0.1754 1 
 45.4353  0.6932 -2.0511  0.4927  0.4937  0.0503  0.4376  0.2957 -0.0003  0.9898 1 
 38.8708 -0.6831  1.0628  0.0880  0.1972  0.0332  0.2737  0.0705 -0.0003  0.2564 1 
 47.7974 -0.3640  1.1148  0.0251  0.4654  0.2112  0.8637  0.0383  0.1312  0.5382 0 
 43.6103  0.3698 -2.0187  0.0510  0.4766  0.0505  0.3096  0.0197 -0.0003  0.3698 0 
 56.2448  0.4009  2.3646  0.2434  0.2218  0.0812  0.2901  0.1476  0.6439  0.9992 1 
 37.2686 -0.4088 -0.8121  0.7117  0.6887  0.0246  0.3231  0.7807 -0.0003  0.9983 1 
 52.6101  0.1599  1.2176  0.0534  0.1934  0.0274  0.3793  0.0714 -0.0003  0.1744 0 
 51.2093 -0.1625 -1.9482  0.0101  0.4574  0.0319  0.2121  0.0504 -0.0003  0.1419 0 
 39.2126  0.4601 -2.1963  0.0548  0.2325  0.1104  0.5007  0.0877  0.2501  0.6010 0 
 38.6328 -0.4479  0.9988  0.1005  0.3109  0.0454  0.4570  0.0875  0.0369  0.6197 0 
 43.8666 -0.1237 -0.2780  0.4905  0.4655  0.0319  0.3092  0.1879 -0.0003  0.9781 1 
 39.8779  0.1215  2.8623  0.1949  0.3591  0.0178  0.4078  0.1638 -0.0003  0.7408 1 
 46.2593 -0.7449 -2.0750  0.0009  0.5962  0.0426  0.3485  0.0141  0.0521  0.2327 0 
 30.7713  0.7556  1.0906  0.0152  0.3811  0.0269  0.4386  0.0234 -0.0003  0.1478 0 
 47.2969  0.5125  1.3820  0.0212  0.5931  0.0406  0.6063  0.0640  0.0207  0.3197 0 
 27.9393 -0.5321 -1.7631  0.0737  0.5661  0.0190  0.3511  0.1603 -0.0003  0.4840 0 
 46.5156 -0.6708  2.2412  0.0126  0.2020  0.0231  0.3045  0.0513  0.1616  0.3319 0 
 45.0965  0.6621 -0.8965  0.0253  0.7020  0.0284  0.3069  0.0744 -0.0003  0.2178 0 
 54.8440 -0.4710 -0.0156  0.1234  0.1676  0.0615  0.3753  0.1114 -0.0003  0.5243 0 
 45.5787  0.4884  3.1388  0.0450  0.4634  0.0328  0.3498  0.1860 -0.0003  0.4909 0 
 46.7292 -0.4796 -2.5601  0.0679  0.6805  0.0272  0.4778  0.0504 -0.0003  0.5165 1 
 30.7805  0.5058  0.6074  0.0906  0.2006  0.0293  0.3411  0.1046  0.0851  0.5465 1 
 50.3426 -0.7268  0.4956  0.2920  0.3519  0.1338  0.6392  0.3530  0.1963  0.9946 1 
 39.2096  0.6952 -2.6507  0.3001  0.1657  0.0317  0.2276  0.2136  0.4528  0.9989 1 
 40.0244 -0.4572 -1.2399  0.4763  0.6093  0.0317  0.5431  0.4134  0.0652  0.9950 1 
 28.0430  0.4186  1.8084  0.1320  0.1087  0.0343  0.3507  0.1054 -0.0003  0.3581 1 
 50.2449 -0.3930 -2.1379  0.0249  0.1491  0.0707  0.4690  0.1895 -0.0003  0.2594 0 
 43.0610  0.3535  1.0060  0.0962  0.2776  0.0345  0.4882  0.1599 -0.0003  0.6315 0 
 48.6275 -0.3736 -2.6589  0.0037  0.2738  0.0730  0.3440  0.0490 -0.0003  0.1370 0 
 47.1321  0.3707  0.5070  0.0639  0.2794  0.0227  0.2601  0.1198 -0.0003  0.2440 0 
 44.9744 -0.6549 -0.5997  0.0582  0.5258  0.0175  0.4388  0.1170 -0.0003  0.4143 0 
 39.9939  0.6433  2.5440  0.0084  0.3030  0.0175  0.2716  0.0161 -0.0003  0.0657 0 
 47.2328  0.7366 -0.2527  0.0195  0.1822  0.0557  0.3032  0.1345 -0.0003  0.1840 0 
 36.3622 -0.7365  2.7858  0.0020  0.0877  0.1007  0.4647  0.0167 -0.0003  0.0662 0 
 46.7170  0.2847  1.7649  0.0245  0.3624  0.0396  0.7820  0.1075 -0.0003  0.4088 0 
 43.3173 -0.2886 -1.3330  0.0518  0.2166  0.0718  0.2659  0.0949 -0.0003  0.3237 0 
 50.5867  0.4608 -2.1130  0.0028  0.2494  0.0680  0.2979  0.2430 -0.0003  0.3836 1 
 48.3497 -0.4606  0.9861  0.7319  0.1797  0.0854  0.3014  0.5045 -0.0003  0.9879 1 
 55.8511 -0.0359 -0.4928  0.0263  0.4767  0.2448  0.6642  0.0341 -0.0003  0.3192 0 
 42.3346  0.1014  2.6325  0.0101  0.6512  0.0323  0.4013  0.0167 -0.0003  0.1814 0 
 47.2053 -0.5623  2.4909  0.0152  0.2674  0.0363  0.3899  0.0703 -0.0003  0.1267 0 
 46.7048  0.5604 -0.6631  0.0058  0.2039  0.0219  0.1738  0.0849 -0.0003  0.0682 0 
 50.0465  0.2845 -1.1399  0.0037  0.3399  0.0309  0.2134  0.0485 -0.0003  0.0978 0 
 46.5583 -0.2740  2.0202  0.0171  0.0472  0.0239  0.2174  0.0417 -0.0003  0.0438 0 
 49.0089  0.7517  0.7591  0.0273  0.2394  0.1883  0.9440  0.0566 -0.0003  0.4844 0 
 45.0965 -0.7666 -2.3651  0.0021  0.2283  0.0253  0.3507  0.0895 -0.0003  0.0645 0 
 56.5042 -0.2974  0.9383  0.0629  0.0374  0.0339  0.2070  0.0926 -0.0003  0.0846 0 
 40.3113  0.2909 -2.1938  0.0402  0.4830  0.0171  0.2259  0.0246  0.0844  0.2727 0 
 44.9317  0.1867  2.9929  0.0231  0.3167  0.0668  0.3950  0.0418 -0.0003  0.2089 0 
 41.9776 -0.2045 -0.1540  0.0070  0.2269  0.0196  0.1341  0.0195 -0.0003  0.0769 0 
 51.0262  0.1892  3.0119  0.0199  0.6769  0.0323  0.4247  0.1285 -0.0003  0.3412 0 
 42.6398 -0.1732 -0.1107  0.2267  0.2879  0.0510  0.3560  0.1621 -0.0003  0.8616 0 
 46.4149  0.2816 -2.4938  0.0061  0.2144  0.0226  0.3046  0.0287 -0.0003  0.0512 0 
 46.0517 -0.2880  0.6553  0.0028  0.1783  0.1829  0.4361  0.0274 -0.0003  0.1308 0 
 46.5187 -0.4333 -1.3779  0.1516  0.5311  0.0372  0.3044  0.3177  0.1969  0.9424 0 
 38.9288  0.3733  1.7532  0.0961  0.3198  0.0503  0.4561  0.3076  0.3675  0.9774 0 
 41.0254  0.2919  0.6757  0.0311  0.5980  0.0920  0.4047  0.0168 -0.0003  0.2581 0 
 40.2625 -0.3046 -2.4439  0.0304  0.1936  0.0534  0.2711  0.0201 -0.0003  0.1369 0 
 43.9399 -0.7031 -2.8058  0.0024  0.0481  0.0454  0.2649  0.0250 -0.0003  0.0573 0 
 35.5596  0.6928  0.3305  0.0082  0.5281  0.0407  0.3274  0.0720 -0.0003  0.1812 0 
 37.3114  0.7057 -1.1919  0.0000  0.4394  0.0091  0.1384  0.0895 -0.0003  0.1065 0 
 23.0289 -0.6101  2.2606  0.0074  0.6512  0.0667  0.3727  0.0164 -0.0003  0.2011 0 
 49.1829  0.0510 -1.8038  0.0126  0.1684  0.0844  0.3001  0.1088 -0.0003  0.1500 0 
 35.6451 -0.0121  1.3362  0.0432  0.3333  0.0348  0.1869  0.0228 -0.0003  0.2135 0 
 45.5116 -0.0352 -3.0669  0.0336  0.7460  0.1225  0.4374  0.0102 -0.0003  0.2991 0 
 42.2644  0.0479  0.0531  0.0078  0.1837  0.0505  0.4015  0.0563 -0.0003  0.1003 0 
 51.5358  0.6128  0.5343  0.1070  0.2208  0.1264  0.4660  0.1522 -0.0003  0.6888 0 
 42.2553 -0.6041 -2.5805  0.0710  0.5464  0.0363  0.5353  0.0660  0.0777  0.6446 0 
 41.5015  0.4317 -2.7788  0.0637  0.2420  0.0351  0.2689  0.1087  0.0904  0.5014 0 
 40.1282 -0.4367  0.3562  0.2211  0.4234  0.0422  0.5428  0.3424 -0.0003  0.9811 0 
 53.9986 -0.0696 -1.5946  0.0097  0.3985  0.1180  0.5024  0.0777 -0.0003  0.2291 0 
 49.4820  0.1551  1.5500  0.0582  0.7162  0.0585  0.2996  0.0253 -0.0003  0.4879 0 
 46.2013  0.3344  1.9999  0.0102  0.4734  0.0211  0.3921  0.0360 -0.0003  0.1141 0 
 42.7405 -0.3379 -1.1528  0.0012  0.1584  0.0306  0.4892  0.0580 -0.0003  0.0828 0 
 46.2318 -0.5356  1.3451  0.0204  0.0736  0.0208  0.4792  0.1586 -0.0003  0.1241 0 
 45.0629  0.5338 -1.8022  0.0014  0.3985  0.0071  0.3070  0.0737 -0.0003  0.0613 0 
 53.2174 -0.4453 -0.8115  0.0237  0.0610  0.0482  0.2941  0.0037 -0.0003  0.0735 0 
 52.0333  0.4735  2.3050  0.0504  0.3238  0.0380  0.3803  0.0517 -0.0003  0.2747 0 
 47.7211  0.0588  2.6282  0.0037  0.2970  0.0380  0.2160  0.0059 -0.0003  0.1237 0 
 41.5839 -0.0438 -0.5006  0.0508  0.3996  0.0743  0.5824  0.0361 -0.0003  0.3681 0 
 48.0201 -0.7232  3.0977  0.0302  0.2190  0.0391  0.3451  0.0087 -0.0003  0.1354 0 
 42.2919  0.7379 -0.0623  0.0100  0.5231  0.0164  0.2676  0.0394  0.2747  0.8276 0 
 41.7884 -0.3959 -2.9676  0.3052  0.4812  0.0759  0.6711  0.2972  0.0650  0.9913 1 
 40.6073  0.4106  0.1593  0.2649  0.2157  0.0474  0.2255  0.2510 -0.0003  0.9175 1 
 44.2084 -0.1616 -1.0196  0.7682  0.4650  0.0474  0.4407  0.6610 -0.0003  0.9980 1 
 43.6805  0.1554  2.1531  0.0215  0.3160  0.0250  0.5306  0.0707  0.1059  0.3752 1 
 47.1870  0.5721 -2.2055  0.0050  0.3374  0.0173  0.2600  0.0591 -0.0003  0.0666 0 
 42.9175 -0.5821  0.9339  0.0188  0.5497  0.0905  0.3998  0.0235 -0.0003  0.2220 0 
 53.3883 -0.6067  0.0598  0.0078  0.3827  0.1570  0.3778  0.0280 -0.0003  0.2030 0 
 43.6042  0.6012 -3.0508  0.0902  0.3827  0.0257  0.3096  0.1776 -0.0003  0.5533 0 
 50.6081 -0.4746  1.0131  0.0949  0.6829  0.0223  0.4256  0.1118 -0.0003  0.6394 0 
 49.6529  0.4772 -2.1359  0.0036  0.3478  0.1395  0.3421  0.0333 -0.0003  0.1785 0 
 50.0893 -0.7359 -1.4091  0.0139  0.0914  0.2189  0.2134  0.0192 -0.0003  0.0684 0 
 47.1656  0.7233  1.7714  0.0013  0.3479  0.0952  0.2167  0.0136 -0.0003  0.2072 0 
 41.9745 -0.6036  1.6093  0.0086  0.3050  0.0937  0.4022  0.0080 -0.0003  0.1567 0 
 40.0488  0.5608 -1.5903  0.0298  0.1878  0.0153  0.1358  0.0200 -0.0003  0.0739 0 
 47.3884  0.6678 -2.2527  0.0015  0.6382  0.0139  0.0866  0.0130 -0.0003  0.1432 0 
 31.3848 -0.6681  0.8865  0.0339  0.3886  0.0276  0.3392  0.0775 -0.0003  0.1879 0 
 47.8340 -0.3325 -1.6238  0.0060  0.6350  0.0403  0.5613  0.0866 -0.0003  0.2394 0 
 40.0732  0.3329  1.5177  0.0027  0.1938  0.0193  0.3620  0.0103  0.0607  0.1027 0 
 47.6905  0.6752  1.6069  0.0038  0.2287  0.1078  0.3457  0.0078 -0.0003  0.1228 0 
 38.2025 -0.6841 -1.5329  0.0372  0.3124  0.0151  0.4584  0.0381 -0.0003  0.1674 0 
 49.1768 -0.0665  3.0634  0.6938  0.3488  0.0462  0.2572  0.6477 -0.0003  0.9976 1 
 38.8037  0.0788 -0.0847  0.2593  0.6962  0.0286  0.4108  0.2462 -0.0003  0.9486 1 
 43.6347 -0.3784  1.3716  0.0000  0.5821  0.0074  0.0884 -0.0200 -0.0003  0.1753 0 
 42.5635  0.4029 -1.7508  0.0291  0.1849  0.0930  0.3562  0.0043 -0.0003  0.1471 0 
 65.1896  0.5114 -1.9685  0.0216  0.2716  0.0251  0.2399  0.0493 -0.0003  0.0873 0 
 48.2277 -0.4982  1.1661  0.0009  0.1955  0.0139  0.3447  0.2560 -0.0003  0.1863 0 
 45.6672 -0.1274 -3.1315  0.0062  0.2701  0.0325  0.6118  0.0649 -0.0003  0.1846 0 
 45.5390  0.1194  0.0236  0.0257  0.6139  0.1581  0.4811  0.0128 -0.0003  0.2650 0 
 58.4421  0.6237  0.9810  0.0957  0.3208  0.0196  0.2463  0.1454 -0.0003  0.3739 0 
 51.1696 -0.6233 -2.1537  0.0041  0.1980  0.0240  0.3820  0.0204 -0.0003  0.0585 0 
 47.1229  0.2963  2.1573  0.0188  0.2845  0.0375  0.5202  0.0648 -0.0003  0.2035 0 
 45.4200 -0.2964 -0.9870  0.0002  0.5084  0.0229  0.5252  0.1402 -0.0003  0.2189 0 
 48.6336  0.2595 -0.2574  0.0466  0.5917  0.1435  0.3009  0.0059 -0.0003  0.2841 0 
 43.2471 -0.2728  2.8776  0.0359  0.1625  0.0632  0.3547  0.0168 -0.0003  0.1430 0 
 53.4432  0.7602 -2.8516  0.0121  0.3951  0.0388  0.2519  0.1096 -0.0003  0.1917 0 
 45.5634 -0.7449  0.3125  0.0352  0.1527  0.0398  0.2623  0.0502 -0.0003  0.0938 0 
 40.1007 -0.6174  2.8964  0.0374  0.3249  0.0660  0.2262  0.0455 -0.0003  0.3052 0 
 34.1772  0.6124 -0.2917  0.0891  0.8042  0.0187  0.2364  0.0200 -0.0003  0.4173 0 
 55.0973  0.6558 -0.5340  0.2474  0.1434  0.0471  0.3749  0.2501 -0.0003  0.9104 0 
 44.9439 -0.7010  2.6265  0.0098  0.8028  0.0380  0.5266  0.0229 -0.0003  0.2292 0 
 46.4363  0.1440  0.1868  0.0096  0.4830  0.1260  0.5657  0.0363 -0.0003  0.2268 0 
 34.9126 -0.1681 -2.9722  0.0075  0.6803  0.0348  0.5171  0.0184 -0.0003  0.1910 0 
 52.4636 -0.2147 -0.7297  0.0467  0.3771  0.0750  0.1687  0.0152 -0.0003  0.3971 0 
 46.1952  0.2332  2.4157  0.0007  0.1240  0.0405  0.1743  0.1942 -0.0003  0.1674 0 
 49.3477 -0.6288  1.6356  0.0044  0.2825  0.0392  0.3855  0.0596 -0.0003  0.1032 0 
 40.2441  0.6161 -1.4767  0.0197  0.1792  0.0447  0.2260  0.0070 -0.0003  0.1031 0 
 55.5123 -0.2096  1.7385  0.0418  0.3869  0.1125  0.6652  0.0534 -0.0003  0.3741 0 
 44.3397  0.2141 -1.3779  0.0544  0.4488  0.0252  0.2202  0.0312 -0.0003  0.2088 0 
 48.3528  0.5434 -1.6380  0.0169  0.3544  0.0934  0.5167  0.1092 -0.0003  0.2750 0 
 44.3397 -0.5477  1.4721  0.0598  0.6662  0.0329  0.5285  0.1939 -0.0003  0.7301 0 
 46.5248  0.5558 -2.9575  0.0416  0.3096  0.0408  0.2174  0.0161 -0.0003  0.2246 0 
 46.0304 -0.5533  0.1867  0.0043  0.6164  0.0268  0.2617  0.0860  0.1836  0.4706 0 
 51.5450 -0.8069 -2.7290  0.0256  0.6984  0.0259  0.2542  0.0215 -0.0003  0.1908 0 
 43.4730  0.7978  0.4443  0.0029  0.3294  0.0275  0.4427  0.0124 -0.0003  0.1081 0 
 48.9662  0.4509 -2.9048  0.0317  0.0931  0.4070  0.3004  0.0231 -0.0003  0.1093 0 
 47.6539 -0.5099  0.2231  0.0462  0.1980  0.0513  0.3890  0.0634 -0.0003  0.2157 0 
 47.9469  0.3858 -1.9886  0.0095  0.4436  0.1084  0.5178  0.0239 -0.0003  0.2009 0 
 44.9104 -0.3710  1.1173  0.0515  0.5406  0.0116  0.3073  0.0323 -0.0003  0.1655 0 
 45.3925  0.7595  2.0884  0.2087  0.2885  0.0530  0.4815  0.2585 -0.0003  0.9473 1 
 41.8799 -0.7445 -1.1024  0.2569  0.7799  0.0420  0.5813  0.4498  0.1030  0.9932 1 
 53.2265  0.4289 -1.8900  0.1891  0.6462  0.1251  0.5042  0.3422  0.7060  0.9995 1 
 36.7559 -0.4234  1.2155  0.0771  0.4464  0.0273  0.4633  0.0997 -0.0003  0.5422 1 
 43.7354 -0.0444  1.3739  0.0026  0.0608  0.0969  0.3536  0.0237  0.5263  0.4766 0 
 40.7996  0.0651 -1.7600  0.0018  0.1543  0.1381  0.3152  0.0084 -0.0003  0.0877 0 
 49.5857  0.7287 -2.4091  0.0506  0.6079  0.1685  0.5133  0.0342 -0.0003  0.3252 0 
 42.8138 -0.7410  0.6954  0.0084  0.5720  0.0383  0.1333  0.0176 -0.0003  0.2580 0 
 41.8891 -0.1465  2.9735  0.1602  0.5214  0.0392  0.6260  0.1229 -0.0003  0.8606 1 
 40.3357  0.1527 -0.1688  0.0900  0.4953  0.1379  0.8130  0.0701  0.2932  0.8734 1 
 47.1534 -0.5029 -1.8398  0.1758  0.2768  0.0614  0.3901  0.3301 -0.0003  0.9482 1 
 39.6246  0.4863  1.3069  0.0578  0.5426  0.0685  0.2723  0.0329 -0.0003  0.4587 1 
 41.9471 -0.6978  1.3342  0.0030  0.0967  0.1341  0.4470  0.0375 -0.0003  0.0687 0 
 41.4252  0.6804 -1.7787  0.0272  0.1402  0.0516  0.3139  0.0147 -0.0003  0.0998 0 
 47.5502 -0.0238 -1.2448  0.6720  0.3664  0.1609  0.2595  0.1303 -0.0003  0.9931 1 
 42.1454  0.0159  1.9319  0.3340  0.6956  0.0316  0.1786  0.2788 -0.0003  0.9797 1 
 46.1219 -0.4820 -2.7618  0.0258  0.0544  0.0298  0.2615  0.0418 -0.0003  0.0514 0 
 45.1911  0.4539  0.3860  0.0042  0.4914  0.0149  0.1753  0.0297 -0.0003  0.1059 0 
 47.0344  0.4394 -2.0565  0.0561  0.5826  0.0593  0.3903  0.1966 -0.0003  0.7252 0 
 46.3508 -0.4459  1.0871  0.0372  0.1271  0.0147  0.1741  0.0213 -0.0003  0.0499 0 
 41.7182  0.6400  2.5972  0.0068  0.2569  0.1492  0.2686  0.0507  0.3689  0.4653 1 
 40.1953 -0.6216 -0.5501  0.3698  0.4045  0.0261  0.3617  0.3176 -0.0003  0.9823 1 
 47.7882  0.1488 -1.6304  0.2278  0.5275  0.0757  0.5182  0.1064  0.1960  0.9152 0 
 44.9348 -0.1595  1.4804  0.0061  0.5308  0.0441  0.5267  0.1545 -0.0003  0.3083 0 
 57.2335  0.3358  2.0636  0.0073  0.3773  0.1220  0.5364  0.0624 -0.0003  0.2160 0 
 40.1831 -0.3206 -1.0865  0.0013  0.2619  0.0776  0.4070  0.0471 -0.0003  0.1284 0 
 46.0121  0.2376 -2.6215  0.0829  0.0562  0.0623  0.3489  0.0683 -0.0003  0.1287 0 
 34.6899 -0.2250  0.5489  0.0313  0.3636  0.0542  0.6122  0.2773  0.1132  0.7710 0 
 56.0494  0.2581 -0.5387  0.0300  0.5783  0.0747  0.2904  0.0202 -0.0003  0.2907 0 
 50.4921 -0.2557  2.6550  0.0575  0.2984  0.0572  0.3832  0.0595 -0.0003  0.3447 0 
 47.1382 -0.5260 -2.8312  0.0383  0.6665  0.1037  0.6935  0.0914 -0.0003  0.4049 0 
 44.6815  0.5088  0.3082  0.1239  0.2711  0.0158  0.1758  0.1016 -0.0003  0.2927 0 
 49.6437 -0.2769 -0.9595  0.0211  0.3367  0.1215  0.3849  0.0140 -0.0003  0.1975 0 
 38.6725  0.2570  2.2070  0.0582  0.2948  0.0214  0.2742  0.1519 -0.0003  0.2769 0 
 47.4403  0.0569  0.8227  0.0258  0.2302  0.0341  0.3894  0.0076 -0.0003  0.1314 0 
 43.3722 -0.0889 -2.3228  0.0616  0.3533  0.0607  0.4430  0.0021 -0.0003  0.3501 0 
 56.4614 -0.6348 -0.8388  0.0437  0.6188  0.0482  0.2898  0.0104 -0.0003  0.3768 0 
 47.2877  0.6455  2.2736  0.1120  0.5952  0.0574  0.3897  0.1019 -0.0003  0.7591 0 
 47.5898 -0.5209 -0.5857  0.0590  0.3262  0.0420  0.1297  0.0069 -0.0003  0.3417 0 
 38.2055  0.5124  2.5456  0.0155  0.1680  0.0294  0.2750  0.0047 -0.0003  0.0675 0 
 47.9530 -0.0985  1.7550  0.0330  0.1588  0.0338  0.1295  0.0159 -0.0003  0.1054 0 
 43.2044  0.1130 -1.3857  0.0397  0.7102  0.0112  0.2661  0.0390 -0.0003  0.1680 0 
 41.0193 -0.2660  3.0108  0.6510  0.3603  0.0792  0.3148  0.2381 -0.0003  0.9926 1 
 41.0071  0.3227 -0.1008  0.5711  0.1526  0.0801  0.5396  0.3742  0.4405  0.9999 1 
 47.2297 -0.2473  1.9459  0.0144  0.2262  0.0683  0.2599  0.0078 -0.0003  0.1521 0 
 41.1658  0.1962 -1.1838  0.0000  0.1933  0.1003  0.1348  0.0042 -0.0003  0.1655 0 
 43.5279 -0.7203 -0.8971  0.0686  0.4795  0.0255  0.5311  0.0373 -0.0003  0.4715 0 
 42.6673  0.7192  2.3097  0.0046  0.6259  0.0793  0.4449  0.1044 -0.0003  0.2618 0 
 49.1554 -0.4591  1.4548  0.1196  0.6297  0.0455  0.3430  0.0494 -0.0003  0.7295 1 
 48.1422  0.4528 -1.6900  0.4903  0.8530  0.0508  0.5604  0.4793 -0.0003  0.9962 1 
 48.0995  0.4295  1.4899  0.0511  0.3099  0.0553  0.4743  0.1262 -0.0003  0.4428 0 
 44.1993 -0.4262 -1.6371  0.0010  0.1334  0.0468  0.1322  0.1126 -0.0003  0.1070 0 
 46.0792  0.7864 -2.6542  0.0305  0.4682  0.0908  0.4796  0.0434 -0.0003  0.2658 0 
 43.0121 -0.7948  0.5081  0.0328  0.2495  0.0806  0.5772  0.1325 -0.0003  0.3734 0 
 46.8208 -0.2381  1.7943  0.0385  0.2230  0.0254  0.3474  0.0851 -0.0003  0.1379 1 
 37.1923  0.3074 -1.3896  0.2156  0.2240  0.0206  0.1847  0.2890  0.2619  0.9926 1 
 45.8625 -0.4627  0.9874  0.0316  0.5263  0.0599  0.5238  0.1618 -0.0003  0.4592 0 
 39.2798  0.4740 -2.1503  0.0152  0.2762  0.0200  0.2275  0.0737 -0.0003  0.0795 0 
 44.9043  0.4857  1.4288  0.0120  0.5500  0.0722  0.5268  0.0186 -0.0003  0.2031 0 
 36.9635 -0.5468 -1.7322  0.0632  0.1927  0.0463  0.2776  0.0488 -0.0003  0.2076 0 
 51.2764  0.6228  1.6731  0.0416  0.4255  0.0400  0.2969  0.0441 -0.0003  0.2689 0 
 42.6001 -0.6130 -1.4778  0.1082  0.4278  0.0346  0.1780  0.0535 -0.0003  0.4797 0 
 47.6600  0.4341  1.1364  0.0085  0.3999  0.0235  0.4322  0.1555 -0.0003  0.2027 0 
 44.0162 -0.4512 -1.9676  0.0207  0.3923  0.0957  0.5295  0.0274 -0.0003  0.2274 0 
 48.0262  0.6450 -2.7131  0.0537  0.5590  0.0942  0.5176  0.0558 -0.0003  0.3576 1 
 39.9908 -0.6614  0.4660  0.1940  0.5320  0.1476  0.2264  0.2421 -0.0003  0.9782 1 
 44.8035 -0.1252 -2.2813  0.1783  0.6751  0.0858  0.4831  0.1850 -0.0003  0.9486 1 
 39.8657  0.1347  0.8692  0.4646  0.6661  0.0237  0.4531  0.6560 -0.0003  0.9980 1 
 46.9917 -0.2134  2.3205  0.0034  0.1225  0.1822  0.2602  0.0165 -0.0003  0.0788 0 
 46.8330  0.2414 -0.8049  0.0059  0.1747  0.0741  0.3908  0.0352 -0.0003  0.1011 0 
 47.0588 -0.1433  1.5407  0.0074  0.0688  0.0400  0.3469  0.1363 -0.0003  0.0860 0 
 27.0695  0.1362 -1.6118  0.0694  0.7134  0.0108  0.3038  0.0217 -0.0003  0.2630 0 
 52.3507 -0.5364 -2.9604  0.0076  0.1807  0.1134  0.2954  0.0477 -0.0003  0.1086 0 
 43.7507  0.5244  0.1739  0.0071  0.2264  0.0376  0.3094  0.0093 -0.0003  0.0870 0 
 44.1352 -0.6901 -1.8911  0.0195  0.3112  0.0290  0.2205  0.0079 -0.0003  0.1280 0 
 39.2920  0.6282  1.1812  0.0222  0.7280  0.1501  0.5459  0.0255 -0.0003  0.2937 0 
 44.8615  0.3988 -2.8309  0.0071  0.1423  0.0172  0.2195  0.0126 -0.0003  0.0423 0 
 34.8760 -0.4048  0.3142  0.0400  0.3677  0.0316  0.2351  0.1064 -0.0003  0.2335 0 
 47.6539 -0.5113 -1.8181  0.0295  0.2962  0.0490  0.1729  0.0086 -0.0003  0.2455 0 
 41.9837  0.5417  1.3354  0.1448  0.1495  0.1096  0.1788  0.0583 -0.0003  0.5333 0 
 47.7363 -0.2689  1.9398  0.0221  0.4337  0.1358  0.5616  0.0214 -0.0003  0.2477 0 
 42.8626  0.2682 -1.1607  0.0254  0.2705  0.0266  0.3555  0.0256  0.1830  0.4227 0 
 48.9082 -0.6358  0.5841  0.0060  0.1139  0.0380  0.1717  0.0065 -0.0003  0.0691 0 
 44.0558  0.6302 -2.5624  0.0903  0.2623  0.0736  0.6618  0.2719  0.1449  0.9192 0 
 49.6010 -0.1160 -1.2044  0.2065  0.5508  0.0307  0.4278  0.1684 -0.0003  0.8684 1 
 41.1170  0.0630  1.9052  0.2197  0.5817  0.0427  0.4493  0.4139 -0.0003  0.9883 1 
 37.7020  0.4968 -0.6023  0.0572  0.4918  0.0234  0.1840  0.0729 -0.0003  0.2211 0 
 35.9899 -0.4973  2.5378  0.2529  0.2787  0.0350  0.1864  0.3098 -0.0003  0.9150 0 
 50.4921  0.4690 -1.9486  0.0969  0.6393  0.1523  0.4684  0.0829 -0.0003  0.5228 1 
 44.6998 -0.5250  1.1484  0.1261  0.2938  0.0133  0.1758  0.1441 -0.0003  0.3469 1 
 44.4038 -0.6961 -0.2316  0.0432  0.5677  0.0293  0.2641  0.0768 -0.0003  0.2566 0 
 43.0610  0.6966  2.9344  0.0951  0.1628  0.0056  0.1775  0.1519 -0.0003  0.2000 0 
 43.8239  0.0245 -0.2420  0.0551  0.6727  0.0186  0.1767  0.0486 -0.0003  0.2215 0 
 40.9491 -0.0190  2.9106  0.0034  0.0828  0.1411  0.3149  0.0084 -0.0003  0.0531 0 
 43.4730 -0.6794 -0.6821  0.0266  0.3076  0.0344  0.3984  0.0327 -0.0003  0.1645 0 
 43.3875  0.6666  2.4411  0.0267  0.1404  0.0196  0.2658  0.0143 -0.0003  0.0516 0 
 48.1239 -0.6925  1.4933  0.0148  0.0935  0.1335  0.3018  0.0214 -0.0003  0.0617 0 
 44.7822  0.6831 -1.6396  0.0953  0.4038  0.0465  0.2196  0.2283 -0.0003  0.7536 0 
 43.2990 -0.5760  0.8819  0.0622  0.5989  0.1134  0.5762  0.0703  0.3319  0.7795 0 
 43.0030  0.5523 -2.2355  0.0103  0.7778  0.0637  0.5328  0.0718 -0.0003  0.2902 0 
 47.2633 -0.5691 -2.6210  0.0080  0.2790  0.0770  0.4331  0.1738 -0.0003  0.2637 0 
 35.3613  0.5320  0.5891  0.0830  0.6209  0.0836  0.5152  0.0814 -0.0003  0.5346 0 
 50.2876  0.0065 -2.0780  0.0335  0.7314  0.0732  0.4263  0.0364 -0.0003  0.3199 0 
 46.0334  0.0076  1.0561  0.0175  0.3325  0.1481  0.5669  0.0528 -0.0003  0.2538 0 
 46.8666 -0.2191 -0.9336  0.2505  0.3124  0.0420  0.3473  0.2643 -0.0003  0.9447 1 
 37.0642  0.1892  2.1862  0.6025  0.4103  0.0336  0.4623  0.7568  0.2033  0.9997 1 
 47.9225 -0.7292  2.7303  0.2763  0.5813  0.0308  0.2590  0.4468 -0.0003  0.9883 1 
 47.5807  0.7252 -0.4172  0.2172  0.3677  0.0223  0.4756  0.3420 -0.0003  0.9564 1 
 50.2876  0.4158  1.6896  0.1345  0.3043  0.1275  0.2558  0.2189 -0.0003  0.8959 0 
 42.2095 -0.4198 -1.4384  0.0027  0.6215  0.0244  0.2677  0.0328 -0.0003  0.1216 0 
 48.7251  0.5878 -0.0314  0.0679  0.2953  0.1433  0.3868  0.1038 -0.0003  0.4493 0 
 39.7559 -0.5775  3.0911  0.0154  0.2551  0.0581  0.2267  0.0515 -0.0003  0.1608 0 
 49.3019  0.2762 -0.0815  0.0244  0.2636  0.1807  0.3856  0.0351 -0.0003  0.2156 0 
 44.4373 -0.2577  3.0768  0.0224  0.1826  0.0644  0.4842  0.0226 -0.0003  0.1554 0 
 47.3060 -0.6857 -1.8792  0.0719  0.5324  0.0568  0.6062  0.0768 -0.0003  0.5268 1 
 44.3336  0.6771  1.2711  0.6112  0.7169  0.0363  0.3964  0.6383 -0.0003  0.9981 1 
 46.8513 -0.1930 -1.3968  0.0530  0.1870  0.0291  0.2171  0.0240 -0.0003  0.1168 0 
 41.3733  0.1666  1.7253  0.0508  0.1153  0.3329  0.3140  0.0108 -0.0003  0.1578 0 
 43.3021  0.7271 -2.5139  0.1461  0.3738  0.0306  0.2216  0.1457 -0.0003  0.6499 0 
 42.7497 -0.7328  0.6230  0.1521  0.6512  0.0928  0.5336  0.0930 -0.0003  0.7922 0 
 44.9531 -0.6224  2.2987  0.0216  0.3054  0.0421  0.2194  0.0833 -0.0003  0.1799 0 
 44.3153  0.6318 -0.8507  0.0115  0.3073  0.0409  0.3524  0.1691 -0.0003  0.2500 0 
 52.6131 -0.4083 -1.9620  0.0685  0.0885  0.0374  0.3371  0.0610 -0.0003  0.1169 0 
 50.0313  0.4071  1.2288  0.0052  0.2371  0.0103  0.2134  0.0135 -0.0003  0.0479 0 
 53.8003 -0.0571  3.1099  0.0158  0.4394  0.1252  0.5867  0.1229 -0.0003  0.3166 0 
 47.0649  0.0624 -0.0174  0.0210  0.4858  0.0282  0.3035  0.0333 -0.0003  0.1537 0 
 47.6905 -0.7655  2.1649  0.0053  0.6282  0.0372  0.2161  0.0838 -0.0003  0.1924 0 
 43.0762  0.7451 -0.9311  0.0234  0.1175  0.0649  0.4438  0.0905 -0.0003  0.1373 0 
 46.7292  0.3303  1.7508  0.5969  0.3635  0.0548  0.4344  0.6284 -0.0003  0.9980 1 
 38.1933 -0.2970 -1.4169  0.3304  0.7604  0.0387  0.3668  0.3749 -0.0003  0.9916 1 
 47.6631  0.6271 -2.3338  0.0204  0.3628  0.0739  0.3025  0.0384 -0.0003  0.2290 0 
 46.4546 -0.6659  0.7826  0.0207  0.2268  0.0569  0.3916  0.1234 -0.0003  0.2168 0 
 70.0359 -0.2647 -0.5680  0.5188  0.6833  0.0558  0.3537  0.4406  0.2340  0.9980 1 
 40.8850  0.2360  2.5949  0.3250  0.2603  0.0602  0.4500  0.2999  0.1767  0.9921 1 
 49.2317 -0.7165 -0.0833  0.0394  0.5061  0.0916  0.3429  0.0244 -0.0003  0.2865 0 
 43.7415  0.7232  3.0726  0.0254  0.6234  0.0346  0.2210  0.0147 -0.0003  0.2515 0 
 45.7923 -0.4170  2.8044  0.0023  0.6569  0.0782  0.5677  0.0452 -0.0003  0.2207 0 
 33.8598  0.4128 -0.2933  0.0000  0.0898  0.0544  0.1422  0.0078 -0.0003  0.0864 0 
 43.3204 -0.4401 -0.2420  0.0211  0.2129  0.0092  0.0886  0.0030 -0.0003  0.0970 0 
 32.7214  0.4662  2.8904  0.0409  0.1329  0.0443  0.1915  0.0040  0.3436  0.8708 0 
 49.4057 -0.7743 -0.3313  0.0114  0.6991  0.0149  0.2997  0.0255 -0.0003  0.1186 0 
 45.1057  0.7767  2.8352  0.0029  0.4175  0.1122  0.5261  0.0668 -0.0003  0.2043 0 
 52.9854  0.5070 -0.4434  0.0540  0.0793  0.0820  0.2944  0.1337 -0.0003  0.1792 0 
 48.4901 -0.5140  2.6750  0.0342  0.3480  0.1624  0.5163  0.0169 -0.0003  0.2677 0 
 47.1809  0.7163  0.0471  0.0084  0.2899  0.0388  0.5200  0.0093 -0.0003  0.1551 0 
 45.5726 -0.7124 -3.0752  0.0067  0.3274  0.0126  0.2623  0.0217 -0.0003  0.0603 0 
 50.3029  0.5002  2.0434  0.0274  0.4998  0.0985  0.5967  0.0871 -0.0003  0.3205 0 
 40.7172 -0.4915 -1.1218  0.3634  0.8364  0.0104  0.3604  0.1961  0.0854  0.9657 0 
 49.8268  0.3773  0.2757  0.4696  0.6384  0.1366  0.5127  0.5434 -0.0003  0.9984 1 
 35.6878 -0.3950 -2.7419  0.0002  0.2605  0.0825  0.2803  0.1212  0.5351  0.7936 1 
 53.6477 -0.1356  1.8893  0.0152  0.1220  0.1043  0.3355  0.0588 -0.0003  0.0876 0 
 42.2126  0.1333 -1.2546  0.0407  0.4063  0.0329  0.1785  0.0292 -0.0003  0.2189 0 
 54.1299  0.2343  2.5348  0.0084  0.2352  0.0234  0.2092  0.0114 -0.0003  0.0689 0 
 40.3418 -0.2065 -0.5854  0.0106  0.4201  0.0174  0.4517  0.0067 -0.0003  0.1284 0 
 45.2766 -0.3825 -1.4702  0.0289  0.3261  0.0852  0.4818  0.1000  0.0717  0.4115 0 
 30.4723  0.4233  1.6860  0.1256  0.5996  0.0204  0.3910  0.0991  0.2596  0.9586 0 
 51.5450 -0.5072  2.3467  0.0460  0.2799  0.0461  0.2542  0.0605 -0.0003  0.2376 0 
 39.9420  0.5194 -0.7365  0.0078  0.2807  0.1813  0.4982  0.0215 -0.0003  0.1949 0 
 44.1230  0.7079  0.3441  0.0106  0.1206  0.0356  0.5733  0.0396 -0.0003  0.1175 0 
 42.1881 -0.7104 -2.7856  0.0316  0.4064  0.0607  0.3570  0.0515 -0.0003  0.2801 0 
 48.7343  0.2771  1.3469  0.0366  0.1756  0.0248  0.3438  0.1758 -0.0003  0.2072 0 
 42.1759 -0.2573 -1.7886  0.0615  0.1495  0.0867  0.4463  0.0196 -0.0003  0.2282 0 
 48.5695 -0.7049 -2.6195  0.0060  0.1689  0.2521  0.3011  0.0303 -0.0003  0.1459 0 
 46.3996  0.7131  0.5110  0.0226  0.0370  0.0187  0.2176  0.1193 -0.0003  0.0605 0 
 48.4566 -0.0851 -2.6170  0.0942  0.3876  0.0134  0.3013  0.0909  0.1837  0.7321 0 
 45.9541  0.0671  0.5027  0.0145  0.3839  0.1193  0.1309  0.0041 -0.0003  0.2668 0 
 70.2464  0.2201 -0.8498  0.1398  0.1308  0.0430  0.2357  0.0838 -0.0003  0.3712 0 
 47.3854 -0.2431  2.2934  0.0009  0.3581  0.0246  0.3030  0.0173 -0.0003  0.0799 0 
 48.4962  0.6313 -0.1494  0.2383  0.4666  0.0305  0.5163  0.5164 -0.0003  0.9943 1 
 43.5035 -0.6636  2.9473  0.1460  0.4318  0.1402  0.4869  0.4808 -0.0003  0.9926 1 
 49.0211 -0.0477 -2.3555  0.0008  0.2421  0.1643  0.3862  0.1221 -0.0003  0.2007 0 
 45.9937  0.0407  0.7934  0.0643  0.2836  0.0199  0.3490  0.1552 -0.0003  0.3247 0 
 44.6143  0.6397 -0.2849  0.0499  0.2630  0.1225  0.4837  0.0386 -0.0003  0.3015 0 
 41.3397 -0.6414  2.8766  0.0779  0.2875  0.0295  0.1795  0.1199  0.2175  0.7622 0 
 48.9906 -0.7667 -2.8730  0.0277  0.3063  0.0413  0.3004  0.0767 -0.0003  0.1832 0 
 45.3101  0.7569  0.3021  0.0618  0.5672  0.0447  0.5693  0.0278 -0.0003  0.4318 0 
 48.4718 -0.5892  1.0502  0.0943  0.3788  0.1117  0.5164  0.1354 -0.0003  0.6604 0 
 38.7243  0.5780 -2.1071  0.0338  0.4117  0.0582  0.4111  0.0259 -0.0003  0.2684 0 
 48.6702 -0.5827 -0.7309  0.0150  0.0460  0.0451  0.2149  0.0427 -0.0003  0.0617 0 
 46.4271  0.6234  2.4050  0.0144  0.4336  0.0348  0.3046  0.0537 -0.0003  0.1472 0 
 39.1638  0.7811  1.6220  0.1037  0.1487  0.0472  0.2276  0.1655 -0.0003  0.4809 1 
 28.7327 -0.7682 -1.4862  0.3347  0.4188  0.0181  0.4476  0.3287 -0.0003  0.9763 1 
 47.5319  0.0058  2.0229  0.0374  0.3443  0.0627  0.1730  0.0174 -0.0003  0.3373 0 
 42.6307 -0.0287 -1.1297  0.1061  0.2164  0.0620  0.5785  0.0383 -0.0003  0.4890 0 
 44.6326 -0.6771  2.6272  0.0442  0.3000  0.0318  0.3517  0.0644 -0.0003  0.2051 0 
 41.1780  0.6769 -0.5173  0.0134  0.2065  0.0326  0.3593  0.0523 -0.0003  0.0803 0 
 48.4169  0.7684  2.6285  0.0080  0.3267  0.1525  0.5596  0.1715 -0.0003  0.3345 0 
 40.8331 -0.8029 -0.4976  0.0464  0.4359  0.0403  0.6753  0.0250 -0.0003  0.3942 0 
 45.3437  0.7062 -2.5098  0.0113  0.2621  0.1198  0.4378  0.1208  0.5307  0.7006 0 
 44.1382 -0.7111  0.5933  0.0000  0.1302  0.0278  0.1323 -0.0007 -0.0003  0.0702 0 
 51.8105  0.1867  0.5614  0.0032  0.3332  0.1313  0.7615  0.0659  0.1184  0.4030 0 
 50.9895 -0.2088 -2.5683  0.0173  0.2428  0.0890  0.2548  0.0187 -0.0003  0.1753 0 
 53.3120 -0.2344  2.6584  0.1051  0.1053  0.0547  0.2940  0.1913  0.1388  0.6681 0 
 44.1596  0.1928 -0.4812  0.0044  0.2727  0.0284  0.3968  0.0519 -0.0003  0.0806 0 
 46.4759  0.1117  2.9864  0.0999  0.1593  0.0386  0.6960  0.0632 -0.0003  0.5507 0 
 36.3775 -0.0945 -0.0923  0.0652  0.7306  0.0702  0.3718  0.1247 -0.0003  0.6824 0 
 47.0497  0.5210  0.2816  0.0068  0.2118  0.0943  0.3469  0.0102 -0.0003  0.1199 0 
 45.8991 -0.5403 -2.8639  0.0016  0.6255  0.0135  0.1746  0.0179 -0.0003  0.1172 0 
 46.3172 -0.0452  2.9777  0.1148  0.3771  0.1481  0.5225  0.2080 -0.0003  0.8730 1 
 44.1321 -0.0073 -0.1211  0.2262  0.1932  0.0318  0.6614  0.4464 -0.0003  0.9895 1 
 44.5228  0.0222  2.3789  0.0591  0.1786  0.0721  0.4399  0.0405 -0.0003  0.2608 0 
 38.0835 -0.0181 -0.7790  0.0016  0.4771  0.0267  0.2753  0.1420 -0.0003  0.1611 0 
 50.9041 -0.2949  0.2594  0.0738  0.4230  0.0816  0.2125  0.1856  0.5217  0.9880 1 
 43.7079  0.2937 -2.8894  0.1408  0.2251  0.0598  0.4421  0.0556 -0.0003  0.5225 1 
 54.0566 -0.5727 -1.9561  0.0165  0.6044  0.0322  0.4604  0.1102  0.1974  0.5852 0 
 45.4017  0.5562  1.1866  0.0301  0.2977  0.0425  0.3064  0.0450 -0.0003  0.1729 0 
 48.1239  0.5105 -3.0325  0.0390  0.1008  0.0663  0.2156  0.1154 -0.0003  0.1569 1 
 47.9591 -0.5054  0.1111  0.4459  0.3898  0.0344  0.6472  0.4395 -0.0003  0.9951 1 
 40.9125  0.0952 -0.1907  0.1019  0.1245  0.0288  0.3600  0.1754  0.1693  0.7265 0 
 35.3155 -0.0919  2.9532  0.0028  0.5629  0.0080  0.1406  0.0258 -0.0003  0.1089 0 
 45.5665 -0.6319 -0.9336  0.0158  0.5054  0.0883  0.6559  0.0126 -0.0003  0.2361 0 
 41.8158  0.6483  2.1777  0.0229  0.3197  0.0310  0.1789  0.0045 -0.0003  0.1684 0 
 43.5492  0.6497  1.8693  0.0094  0.1715  0.2480  0.2655  0.0024 -0.0003  0.1451 0 
 34.5525 -0.6392 -1.1988  0.0109  0.5328  0.0155  0.4243  0.0915 -0.0003  0.1351 0 
 50.0038 -0.2974  2.2997  0.0141  0.4314  0.0289  0.2135  0.0235 -0.0003  0.1427 0 
 46.9825  0.3141 -0.8302  0.1394  0.7902  0.1454  0.5639  0.0856 -0.0003  0.7378 0 
 52.9335 -0.5340  2.3186  0.0107  0.2237  0.1474  0.5470  0.0377 -0.0003  0.1854 0 
 43.5950  0.5492 -0.8009  0.0038  0.1376  0.1485  0.3982  0.0157 -0.0003  0.0887 0 
 34.5434  0.0037 -0.7172  0.2393  0.2244  0.0320  0.2358  0.1794 -0.0003  0.7846 0 
 32.8496  0.0166  2.4183  0.1091  0.0938  0.0370  0.2869  0.0937 -0.0003  0.2121 0 
 48.6366  0.1184 -1.0679  0.0322  0.3454  0.0435  0.3009  0.0195 -0.0003  0.2125 0 
 45.3193 -0.1183  2.0850  0.0771  0.2285  0.0462  0.3065  0.0136 -0.0003  0.2769 0 
 49.6864 -0.5313  3.0721  0.0435  0.1343  0.2402  0.5559  0.1778 -0.0003  0.4857 0 
 45.5817  0.5483 -0.0575  0.0145  0.2089  0.0404  0.4372  0.0561 -0.0003  0.1221 0 
 44.1474 -0.7446  1.8911  0.0547  0.5093  0.0375  0.2205  0.0056 -0.0003  0.3619 0 
 37.6287  0.7403 -1.2952  0.0204  0.4426  0.0880  0.3222  0.0121 -0.0003  0.2172 0 
 46.9062 -0.2684 -0.1092  0.0129  0.1492  0.0279  0.1736  0.0096 -0.0003  0.0641 0 
 44.2695  0.2492  3.0164  0.0026  0.2877  0.0135  0.2203  0.0085 -0.0003  0.0606 0 
 44.9592  0.5362  0.6953  0.0042  0.4715  0.0388  0.2633  0.0057 -0.0003  0.1825 0 
 40.9674 -0.5265 -2.4626  0.0146  0.0755  0.0368  0.2699  0.0056 -0.0003  0.0608 0 
 53.5195 -0.6492 -2.7180  0.0709  0.3306  0.0663  0.3357  0.0438  0.5370  0.9869 1 
 46.4973  0.6531  0.4734  0.4824  0.4971  0.0656  0.4785  0.3547  0.3202  0.9993 1 
 47.5227 -0.1862 -2.8528  0.0527  0.1795  0.0320  0.4758  0.0204 -0.0003  0.2031 0 
 45.3773  0.2012  0.2639  0.1081  0.2664  0.0383  0.3064  0.1397 -0.0003  0.5717 0 
 56.3912 -0.4696  0.4977  0.1272  0.1606  0.0536  0.3728  0.1990 -0.0003  0.6786 1 
 43.7415  0.4726 -2.5907  0.3214  0.7563  0.0948  0.3094  0.0312  0.3191  0.9488 1 
 47.1687 -0.0756 -0.3324  0.0051  0.2172  0.0897  0.5633  0.0074 -0.0003  0.1453 0 
 46.7628  0.0698  2.8421  0.0526  0.7731  0.0250  0.4343  0.1036  0.0763  0.5776 0 
 47.9103  0.0924  1.2261  0.0942  0.3777  0.0798  0.5611  0.1183 -0.0003  0.6501 0 
 42.7955 -0.0707 -1.8970  0.0309  0.1364  0.0527  0.2223  0.0057 -0.0003  0.1069 0 
 52.2927  0.5548 -2.0337  0.1050  0.5963  0.0852  0.3799  0.0294  0.0301  0.6111 0 
 42.6642 -0.5412  1.1566  0.0300  0.3707  0.0222  0.4450  0.0711 -0.0003  0.1989 0 
 46.4240  0.7780 -1.3716  0.0140  0.5993  0.0347  0.4786  0.0547 -0.0003  0.2173 1 
 32.9717 -0.7762  1.7860  0.3946  0.3843  0.0321  0.2867  0.3156  0.3405  0.9989 1 
 49.0547  0.5422 -0.9487  0.0030  0.6810  0.1159  0.8151  0.0495  0.2346  0.5264 0 
 40.0763 -0.5236  2.1573  0.0171  0.1142  0.0217  0.3167  0.0049 -0.0003  0.0518 0 
 55.0576  0.5122  1.9679  0.0694  0.3252  0.2006  0.3333  0.1302 -0.0003  0.5423 0 
 51.8532 -0.5110 -1.2114  0.0603  0.0761  0.0533  0.1269  0.0402 -0.0003  0.1083 0 
 49.2958 -0.4693 -0.6150  0.0197  0.3368  0.1229  0.3427  0.0340 -0.0003  0.2048 0 
 47.9927  0.4797  2.5166  0.0172  0.3636  0.0371  0.4314  0.0584 -0.0003  0.1795 0 
 45.5390  0.6280 -1.4733  0.0264  0.4883  0.0639  0.2187  0.0637 -0.0003  0.3707 0 
 40.9766 -0.6327  1.6619  0.0144  0.2145  0.0371  0.1799  0.0301 -0.0003  0.0949 0 
 52.9793 -0.4501 -1.4824  0.1621  0.3490  0.1111  0.4206  0.1672 -0.0003  0.8667 1 
 52.0363  0.4493  1.7004  0.6933  0.3112  0.0618  0.5494  0.6037  0.1243  0.9982 1 
 47.5807 -0.6301 -0.7651  0.2072  0.8790  0.0409  0.5188  0.3843 -0.0003  0.9819 1 
 42.5757  0.6293  2.3885  0.1265  0.7586  0.0527  0.4452  0.1876 -0.0003  0.9132 1 
 48.6702  0.5453 -0.0127  0.0125  0.1270  0.0345  0.4298  0.1784 -0.0003  0.1483 0 
 42.8931 -0.5482  3.1285  0.0744  0.3004  0.0446  0.4443  0.0463 -0.0003  0.3962 0 
 45.3010 -0.2129  1.3683  0.0456  0.3530  0.2248  0.5255  0.0174 -0.0003  0.3169 0 
 39.7772  0.2000 -1.7693  0.0003  0.1655  0.0131  0.0907  0.0206 -0.0003  0.0604 0 
 50.0252  0.8035  1.9598  0.0528  0.4045  0.0699  0.2988  0.0786 -0.0003  0.4470 0 
 35.9289 -0.7914 -1.1159  0.1125  0.2519  0.0302  0.4663  0.0296  0.0449  0.5384 0 
 54.5144 -0.0859 -0.4305  0.0054  0.1012  0.1184  0.3341  0.0850 -0.0003  0.0715 0 
 46.7933  0.0820  2.7236  0.0310  0.3453  0.0570  0.3474  0.1126 -0.0003  0.3278 0 
 44.4526 -0.7115  0.2093  0.0841  0.5210  0.1187  0.3961  0.1553 -0.0003  0.6798 0 
 37.5433  0.6992 -3.0096  0.0685  0.6664  0.0391  0.2303  0.0598 -0.0003  0.4790 0 
 57.5570 -0.4965  0.5121  0.0032  0.3455  0.0381  0.3708  0.0250 -0.0003  0.1144 0 
 45.5512  0.4905 -2.6618  0.0053  0.3856  0.0906  0.7434  0.1238 -0.0003  0.3134 0 
 38.4131 -0.7033  2.2236  0.0696  0.6215  0.0361  0.2747  0.0954 -0.0003  0.5000 0 
 28.6595  0.7312 -0.7801  0.0698  0.4663  0.0668  0.3982  0.0141 -0.0003  0.4136 0 
 50.4829 -0.5223 -3.0310  0.0950  0.4713  0.0515  0.4259  0.0886 -0.0003  0.6219 1 
 39.4171  0.5063  0.1513  0.0427  0.4619  0.0215  0.2272  0.0057 -0.0003  0.1886 1 
 51.4076 -0.7950  2.7027  0.0408  0.4577  0.4488  0.5934  0.0616 -0.0003  0.4007 0 
 43.6561  0.7708 -0.4504  0.0531  0.4100  0.0488  0.3538  0.0096 -0.0003  0.3385 0 
 43.3875  0.1275  0.3729  0.0549  0.2081  0.0225  0.3100  0.0373 -0.0003  0.1209 0 
 36.4263 -0.1107 -2.7536  0.0289  0.2094  0.0435  0.1858 -0.0010 -0.0003  0.1550 0 
 51.2245  0.2573 -0.7230  0.0018  0.3022  0.2963  0.5940  0.1854  1.1756  0.9707 1 
 39.6399 -0.2868  2.3983  0.5429  0.7873  0.0460  0.4538  0.6145 -0.0003  0.9980 1 
 46.3752  0.6795  2.9469  0.0375  0.3494  0.0758  0.4788  0.0303 -0.0003  0.2770 0 
 45.9144 -0.7159 -0.1814  0.0110  0.2375  0.0633  0.3928  0.0396 -0.0003  0.1359 0 
 46.4576  0.4556 -2.3780  0.0343  0.1528  0.0530  0.3916  0.1192 -0.0003  0.1956 0 
 46.2379 -0.4884  0.7775  0.0211  0.1047  0.0611  0.3920  0.0095 -0.0003  0.0915 0 
 46.2898  0.1093  2.6553  0.5086  0.5451  0.0678  0.1742  0.2812 -0.0003  0.9953 1 
 45.2094 -0.1073 -0.4981  0.0031  0.4995  0.0101  0.3505  0.1464 -0.0003  0.1182 1 
 43.4821 -0.0819  0.8126  0.2351  0.2768  0.0166  0.3099  0.3211  0.1350  0.9619 1 
 43.0549  0.0858 -2.3511  0.8323  0.3242  0.1090  0.6658  0.5679 -0.0003  0.9944 1 
 47.4220  0.0789 -1.9139  0.0069  0.4423  0.0278  0.3462  0.0678 -0.0003  0.1132 0 
 46.8971 -0.0840  1.2233  0.0356  0.1411  0.0553  0.4340  0.0374 -0.0003  0.1458 0 
 46.5583  0.7219  1.6460  0.1863  0.3221  0.0806  0.3913  0.0466 -0.0003  0.6348 0 
 41.9928 -0.7456 -1.4839  0.1729  0.2931  0.0387  0.6255  0.0711 -0.0003  0.7354 0 
 40.4395 -0.7346  1.9516  0.0135  0.2645  0.0426  0.3611  0.0124 -0.0003  0.1269 1 
 33.1945  0.7490 -1.2517  0.1385  0.5809  0.0096  0.1907  0.1954 -0.0003  0.5556 1 
 36.4630  0.0330  0.9269  0.0077  0.3058  0.0249  0.3251  0.0624  0.0320  0.1152 0 
 35.8465 -0.0577 -2.2031  0.0684  0.6108  0.0108  0.1400  0.0212 -0.0003  0.1948 0 
 51.1299 -0.6563  1.4763  0.0120  0.0856  0.3367  0.5518  0.0478  0.6277  0.4133 0 
 45.8076  0.6365 -1.6647  0.0000  0.0819  0.0479  0.0437  0.0064 -0.0003  0.1121 0 
 50.0740 -0.5606  1.5825  0.5995  0.6041  0.0358  0.5547  0.7438 -0.0003  0.9983 1 
 26.6575  0.5630 -1.5387  0.1969  0.5466  0.0502  0.4578  0.1777  0.3576  0.9971 1 
 42.1790  0.0211 -2.0036  0.0739  0.2315  0.0443  0.4909  0.0831 -0.0003  0.4136 0 
 38.6786 -0.0560  1.1600  0.0333  0.1193  0.0473  0.2741  0.0005 -0.0003  0.0952 0 
 43.1128  0.6557 -1.9195  0.4981  0.1921  0.0703  0.4881  0.4611 -0.0003  0.9956 1 
 41.2146 -0.6251  1.2089  0.1184  0.5811  0.0226  0.2694  0.0860  0.1712  0.7139 1 
 43.0915 -0.5706 -0.5413  0.0752  0.5842  0.0447  0.2219  0.0847 -0.0003  0.5677 0 
 42.9908  0.5854  2.6116  0.0100  0.2190  0.0356  0.1776  0.0012 -0.0003  0.1078 0 
 47.3152 -0.0410  2.2278  0.0381  0.3529  0.0243  0.2598  0.0233 -0.0003  0.1438 0 
 43.7751  0.0339 -0.8926  0.0502  0.3131  0.0253  0.2651  0.0635 -0.0003  0.1670 0 
 45.2949 -0.4464  1.8846  0.0607  0.3998  0.0624  0.2190  0.1500 -0.0003  0.6189 0 
 43.7232  0.4400 -1.2710  0.0505  0.4785  0.1172  0.3095  0.0323 -0.0003  0.3284 0 
 43.9185  0.2809 -2.4300  0.3143  0.3944  0.0235  0.1766  0.1613 -0.0003  0.8156 0 
 39.6338 -0.3087  0.7059  0.0045  0.5349  0.0474  0.4992  0.0848 -0.0003  0.2072 0 
 46.0822 -0.7158  2.7203  0.0130  0.1382  0.0264  0.2180  0.0396  0.1240  0.2130 0 
 38.1750  0.7284 -0.4313  0.1472  0.1822  0.0266  0.1834  0.1850 -0.0003  0.5585 0 
 52.2072  0.5424  1.5084  0.0030  0.5437  0.2283  0.5067  0.0612 -0.0003  0.2609 0 
 45.8045 -0.5672 -1.6505  0.0439  0.3132  0.1267  0.3057  0.0611 -0.0003  0.3144 0 
 50.2876  0.2783  3.0313  0.1925  0.3222  0.0295  0.4689  0.0891 -0.0003  0.7015 0 
 39.6246 -0.2744 -0.1095  0.0043  0.4079  0.0227  0.3631  0.0309 -0.0003  0.0892 0 
 42.6429  0.3885 -1.1777  0.0683  0.5841  0.0396  0.4450  0.1063 -0.0003  0.5972 0 
 39.9390 -0.3828  1.9309  0.0235  0.3022  0.0497  0.5435  0.0202 -0.0003  0.2242 0 
 43.7995  0.1020 -0.9943  0.0199  0.4260  0.0276  0.3977  0.0113  0.0809  0.3059 0 
 40.9796 -0.1148  2.1824  0.0173  0.4036  0.0345  0.5397  0.0264 -0.0003  0.2143 0 
 47.8798  0.3151 -2.6019  0.0264  0.3389  0.0556  0.3885  0.1193 -0.0003  0.3075 1 
 43.4211 -0.3213  0.5655  0.2839  0.3340  0.0406  0.3100  0.4654 -0.0003  0.9917 1 
 32.8008 -0.3883  0.9481  0.4111  0.2951  0.0286  0.5263  0.4335 -0.0003  0.9944 1 
 18.6252  0.3507 -2.1354  0.0853  0.4033  0.0302  0.4568  0.2064  0.1578  0.8391 1 
 53.8857  0.7587 -0.2553  0.0122  0.5087  0.1158  0.4189  0.0667 -0.0003  0.2409 0 
 37.9461 -0.7450  2.8695  0.1183  0.1056  0.0420  0.2756  0.0975 -0.0003  0.2789 0 
 42.8809 -0.7684  2.1289  0.0398  0.2523  0.1184  0.2222  0.0496  0.7852  0.9740 0 
 33.1823  0.8067 -1.0247  0.0367  0.2894  0.0541  0.1431  0.0217 -0.0003  0.2909 0 
 40.0763  0.7187 -1.7830  0.0448  0.4321  0.0155  0.4072  0.0822 -0.0003  0.2230 0 
 40.0183 -0.7376  1.3580  0.0314  0.3932  0.0684  0.4526  0.0555 -0.0003  0.2802 0 
 44.7639  0.5439 -3.0402  0.0997  0.4082  0.0392  0.3514  0.0932 -0.0003  0.5827 0 
 40.4089 -0.5295  0.0932  0.0300  0.1030  0.0159  0.1806  0.0067 -0.0003  0.0485 0 
 51.5389 -0.1115 -2.0075  0.1269  0.3250  0.4303  0.3389  0.1260 -0.0003  0.7946 0 
 47.5319  0.0815  1.1006  0.0428  0.1871  0.0356  0.2595  0.0800 -0.0003  0.1379 0 
 48.3406 -0.1660  0.9746  0.4072  0.6832  0.1071  0.2584  0.3123  0.4801  0.9991 1 
 45.4383  0.1709 -2.2239  0.1083  0.1842  0.0762  0.4813  0.1497 -0.0003  0.6452 1 
 50.3517 -0.4405 -2.6271  0.0191  0.2469  0.0651  0.2557  0.0148 -0.0003  0.1718 0 
 45.3712  0.4210  0.5117  0.0881  0.4885  0.0764  0.4815  0.0396 -0.0003  0.4758 0 
 49.2317  0.4614 -0.4213  0.0450  0.3598  0.0681  0.4286  0.0412 -0.0003  0.3147 0 
 41.8555 -0.4564  2.6995  0.0172  0.6600  0.0186  0.2683  0.0392 -0.0003  0.1330 0 
 44.1444  0.5256  0.7039  0.5310  0.7014  0.0226  0.3968  0.8509 -0.0003  0.9984 1 
 43.4638 -0.5231 -2.4237  0.0410  0.5080  0.1587  0.2656  0.0558 -0.0003  0.3488 1 
 39.2065 -0.6112  1.5010  0.1800  0.7161  0.0478  0.5007  0.1098  0.3938  0.9969 1 
 25.8244  0.6040 -1.6254  0.2213  0.6400  0.0380  0.2054  0.2564  0.4104  0.9974 1 
 50.0282  0.5916 -0.8674  0.0660  0.4042  0.0610  0.2561  0.0309 -0.0003  0.4390 0 
 44.1810 -0.6245  2.2533  0.0124  0.5064  0.0347  0.3527  0.1226 -0.0003  0.2297 0 
 46.9886 -0.5504 -2.0922  0.0455  0.0494  0.1301  0.2603  0.0610 -0.0003  0.0712 0 
 30.7042  0.5841  1.0885  0.0146  0.4003  0.0180  0.2926  0.0795 -0.0003  0.0981 0 
 49.6132  0.6700  3.1270  0.0510  0.2813  0.0334  0.2994  0.0972 -0.0003  0.2448 0 
 45.4871 -0.6783 -0.0029  0.0026  0.7310  0.0260  0.3500  0.1805 -0.0003  0.2594 0 
 47.7455 -0.7935  3.0450  0.0051  0.4045  0.2133  0.5184  0.0141 -0.0003  0.2219 0 
 42.5025  0.7999 -0.0745  0.0609  0.1708  0.0122  0.3563  0.2523 -0.0003  0.3364 0 
 42.5696 -0.3613 -2.0847  0.1070  0.6231  0.0920  0.0890  0.1002  0.3730  0.9194 1 
 38.9105  0.3804  1.0271  0.2613  0.5352  0.0693  0.2737  0.3846  0.5928  0.9996 1 
 39.3225 -0.7055 -1.5157  0.0013  0.6353  0.0318  0.3638  0.0541 -0.0003  0.1371 0 
 32.2362  0.7049  1.6385  0.0228  0.2328  0.0149  0.4808  0.0291 -0.0003  0.1093 0 
 58.7869 -0.1926 -0.6077  0.0156  0.3788  0.1038  0.2460  0.0320 -0.0003  0.2320 0 
 51.5145  0.1951  2.4776  0.0038  0.6046  0.0418  0.4237  0.0768 -0.0003  0.1906 0 
 73.6004  0.2236  1.9426  0.0039  0.0464  0.0364  0.1554  0.0059 -0.0003  0.0659 0 
 43.2837 -0.2268 -1.2083  0.0693  0.3648  0.0467  0.3989  0.0464 -0.0003  0.4088 0 
 47.3213  0.0665  0.9457  0.0420  0.5909  0.1297  0.3897  0.0217 -0.0003  0.2946 0 
 36.3195 -0.0438 -2.1726  0.0323  0.1608  0.0079  0.1395  0.0052 -0.0003  0.0587 0 
 47.4983 -0.7454 -0.7982  0.0218  0.7727  0.0265  0.3028  0.0117 -0.0003  0.2039 0 
 37.2076  0.7335  2.3378  0.0107  0.1845  0.0504  0.3232  0.0506 -0.0003  0.0914 0 
 49.6651 -0.5093  1.3949  0.1280  0.6173  0.0429  0.8980  0.1391 -0.0003  0.8974 1 
 44.2634  0.4913 -1.7597  0.2609  0.3728  0.0538  0.5287  0.4425  0.2087  0.9969 1 
 46.6438  0.3429 -1.7726  0.0143  0.1132  0.0309  0.2607  0.1197 -0.0003  0.0743 0 
 45.2522 -0.3428  1.3635  0.0894  0.7117  0.0378  0.2629  0.0644 -0.0003  0.6005 0 
 48.3284  0.5926  2.2728  0.0197  0.7435  0.0618  0.5598  0.2143 -0.0003  0.5801 1 
 41.2696 -0.5828 -0.8736  0.1127  0.5752  0.0433  0.4040  0.1092 -0.0003  0.7534 1 
 60.0290 -0.5859 -2.6291  0.4331  0.6068  0.1070  0.2855  0.3698 -0.0003  0.9970 1 
 44.4251  0.5596  0.4899  0.3789  0.5245  0.0216  0.2641  0.5003 -0.0003  0.9957 1 
 46.7842  0.4033 -1.0074  0.0399  0.2556  0.0266  0.1737  0.0135 -0.0003  0.1417 0 
 44.2939 -0.3898  2.1620  0.0307  0.3758  0.0229  0.5727  0.1988  0.1761  0.7114 0 
 51.5206  0.7424  2.5284  0.0081  0.3999  0.0145  0.2542  0.1081 -0.0003  0.1007 0 
 40.6836 -0.7778 -0.5406  0.0099  0.6637  0.1278  0.6309  0.1059 -0.0003  0.3200 0 
 47.7058 -0.5160  1.7083  0.0090  0.1998  0.0706  0.3889  0.0452  0.2328  0.3046 0 
 46.2928  0.5376 -1.4440  0.0113  0.2222  0.0511  0.4355  0.0635 -0.0003  0.1359 0 
 44.6998  0.1435 -2.3177  0.0326  0.1552  0.0571  0.3955  0.0742 -0.0003  0.1579 0 
 41.8524 -0.1484  0.7990  0.0416  0.0725  0.0416  0.1342  0.0016 -0.0003  0.0905 0 
 45.1392  0.6807  0.7664  0.1892  0.7262  0.0521  0.3945  0.4487 -0.0003  0.9885 1 
 43.7903 -0.6819 -2.3470  0.2354  0.5144  0.0357  0.3093  0.2493 -0.0003  0.9355 1 
 36.1822  0.6702  2.6666  0.0099  0.0462  0.0286  0.1396  0.0490 -0.0003  0.0532 0 
 33.2769 -0.6634 -0.4180  0.0435  0.1971  0.0349  0.0953  0.0071 -0.0003  0.1947 0 
 46.2989  0.0567  2.2648  0.0003  0.1052  0.0602  0.3048  0.0125 -0.0003  0.0710 0 
 36.6308 -0.0355 -0.8761  0.0156  0.6780  0.0232  0.2783  0.0024 -0.0003  0.1749 0 
 49.1585 -0.2034  2.0842  0.5808  0.8061  0.0294  0.4287  0.5013 -0.0003  0.9976 1 
 44.9287  0.2286 -1.0653  0.3461  0.3676  0.0549  0.6583  0.3455 -0.0003  0.9937 1 
 49.6620  0.3208 -0.5161  0.0186  0.0491  0.1243  0.2566  0.0414 -0.0003  0.0557 0 
 46.2470 -0.3097  2.5880  0.0067  0.0974  0.0137  0.2178  0.0080 -0.0003  0.0388 0 
 48.5359  0.7362 -2.7859  0.0274  0.8578  0.0103  0.3441  0.1660 -0.0003  0.2963 0 
 42.6795 -0.7279  0.3795  0.0268  0.3277  0.0889  0.4004  0.0076 -0.0003  0.2078 0 
 44.7639 -0.7217  0.0756  0.3007  0.7477  0.0809  0.4832  0.2139  0.3068  0.9940 1 
 38.3062  0.7329 -3.1309  0.1152  0.1215  0.0298  0.1832  0.1241  0.0682  0.4972 1 
 40.3296 -0.6449  0.2048  0.0277  0.4656  0.0938  0.6775  0.2684  0.5771  0.9638 1 
 35.4284  0.6451 -2.8516  0.0754  0.2004  0.1314  0.5149  0.2584  0.4058  0.9332 1 
 51.1604 -0.5627  0.6957  0.0450  0.1970  0.0325  0.0849  0.0141 -0.0003  0.1903 0 
 44.1962  0.5467 -2.4325  0.0009  0.3486  0.0585  0.2645  0.0126 -0.0003  0.1698 0 
 52.5734 -0.4543  0.0748  0.0114  0.4861  0.1091  0.3794  0.1042 -0.0003  0.2738 0 
 51.6732  0.4600 -3.0310  0.0618  0.4623  0.1352  0.5080  0.0539 -0.0003  0.3596 0 
 52.5032 -0.7759  1.8007  0.0019  0.4748  0.1963  0.4216  0.0464 -0.0003  0.2377 0 
 44.9989  0.7660 -1.4017  0.0621  0.4910  0.0179  0.2194  0.0643 -0.0003  0.2018 0 
 50.6386  0.3958  2.4176  0.4141  0.6655  0.0877  0.5532  0.3323 -0.0003  0.9925 1 
 43.3112 -0.3929 -0.7458  0.6988  0.7734  0.0549  0.3545  0.5108 -0.0003  0.9980 1 
 44.5930 -0.2575 -1.9429  0.0526  0.3682  0.1259  0.3518  0.1248 -0.0003  0.4639 0 
 39.5727  0.2438  1.2264  0.0020  0.1145  0.0316  0.4540  0.0838 -0.0003  0.0753 0 
 46.6865 -0.1310 -0.1475  0.0430  0.2569  0.1904  0.3041  0.1577 -0.0003  0.4985 0 
 41.0163  0.1330  2.9792  0.2528  0.3851  0.0383  0.2698  0.1603 -0.0003  0.8413 0 
 47.0222 -0.2080 -0.4243  0.0435  0.5007  0.1549  0.6072  0.0080  0.2852  0.5452 0 
 44.0894  0.2357  2.7528  0.3174  0.4524  0.0225  0.2646  0.3467 -0.0003  0.9781 0 
 49.2897  0.7378  1.4785  0.3979  0.3317  0.1057  0.3428  0.3154 -0.0003  0.9959 1 
 24.0177 -0.7782 -1.6612  0.0255  0.3746  0.0354  0.3677  0.0084 -0.0003  0.1924 1 
 54.5022  0.5047  0.8770  0.0981  0.2149  0.2822  0.4177  0.0270 -0.0003  0.4481 0 
 45.4047 -0.5253 -2.2407  0.0148  0.2799  0.2065  0.4377  0.0314  0.9942  0.7855 0 
 41.1353  0.3954 -0.3920  0.2758  0.3735  0.0504  0.4044  0.3513  0.4591  0.9996 1 
 37.0397 -0.3680  2.7322  0.2353  0.4880  0.0107  0.3699  0.2303 -0.0003  0.8360 1 
 48.3162  0.6392 -2.7084  0.0267  0.3922  0.1722  0.3876  0.0145 -0.0003  0.2388 0 
 45.2216 -0.6325  0.3844  0.0326  0.7482  0.0796  0.4381  0.0707 -0.0003  0.3660 0 
 46.6835 -0.5736 -0.0757  0.1350  0.3859  0.0481  0.5214  0.1784 -0.0003  0.8424 1 
 44.4800  0.5961  2.9541  0.6575  0.1373  0.1807  0.4840  0.4527 -0.0003  0.9900 1 
 49.2500  0.7849  1.4749  0.1917  0.4098  0.0444  0.3428  0.2542 -0.0003  0.9276 1 
 47.4128 -0.7801 -1.6781  0.1144  0.6092  0.0395  0.3895  0.1298 -0.0003  0.7874 1 
 52.6528 -0.6453  1.6876  0.0004  0.3816  0.2496  0.4213  0.1435 -0.0003  0.3278 0 
 48.8746  0.6648 -1.4909  0.0316  0.0550  0.0469  0.4294  0.1542 -0.0003  0.1399 0 
 47.9500 -0.6750  1.0817  0.0417  0.4682  0.0580  0.5178  0.0823 -0.0003  0.3854 0 
 45.6672  0.6678 -2.1022  0.0181  0.6377  0.0438  0.4807  0.0451 -0.0003  0.2437 0 
 46.4393 -0.1922  2.5631  0.0851  0.3762  0.0313  0.2611  0.0809 -0.0003  0.3837 0 
 42.0081  0.2061 -0.5613  0.0124  0.4887  0.0453  0.5808  0.1555 -0.0003  0.3375 0 
 50.1015  0.0967  0.2049  0.0259  0.0647  0.0143  0.1707  0.0067 -0.0003  0.0449 0 
 46.6804 -0.1144 -2.8896  0.0036  0.1841  0.2013  0.3042  0.0898 -0.0003  0.1630 0 
 53.8613 -0.4362 -0.1506  0.0184  0.4925  0.0320  0.2514  0.0113 -0.0003  0.1891 0 
 47.2236  0.4340  3.0176  0.1268  0.5186  0.0621  0.1733  0.1164 -0.0003  0.8076 0 
 47.3396 -0.5606 -2.4296  0.0061  0.2946  0.0447  0.3463  0.0170 -0.0003  0.1211 0 
 44.7791  0.5651  0.7238  0.0133  0.1346  0.0291  0.3514  0.0416 -0.0003  0.0580 0 
 48.8106 -0.0471 -1.3197  0.0017  0.4626  0.0178  0.3436  0.0518 -0.0003  0.0792 0 
 33.1487  0.0376  1.8223  0.1335  0.0748  0.0128  0.2862  0.1008 -0.0003  0.1685 0 
 50.8095 -0.1021 -0.3090  0.0269  0.4912  0.1591  0.5527  0.0643 -0.0003  0.2890 0 
 49.3751  0.0962  2.8311  0.0027  0.1572  0.0099  0.1713  0.0126 -0.0003  0.0410 0 
 50.0923  0.6124  1.9386  0.1847  0.5499  0.0805  0.5973  0.1806 -0.0003  0.9358 1 
 44.8768 -0.5995 -1.1972  0.3804  0.3538  0.0626  0.2634  0.3428 -0.0003  0.9928 1 
 40.0244 -0.6775 -1.7418  0.0678  0.5414  0.0597  0.4526  0.2407  0.5128  0.9958 1 
 38.0926  0.6565  1.3916  0.3478  0.5118  0.0196  0.2753  0.5391  0.2616  0.9988 1 
 46.0853 -0.2071  2.4555  0.0616  0.2450  0.0651  0.3924  0.0197 -0.0003  0.2912 0 
 45.6977  0.2155 -0.6714  0.0206  0.2453  0.0273  0.2622  0.0276 -0.0003  0.0816 0 
 41.2421  0.4947  2.8300  0.0569  0.0351  0.0309  0.2245  0.0967 -0.0003  0.0799 0 
 34.7723 -0.5099 -0.2984  0.0003  0.3491  0.0331  0.3294  0.0510 -0.0003  0.0868 0 
 41.7548  0.3246  0.6680  0.0369  0.2196  0.0174  0.2685  0.0927 -0.0003  0.0996 0 
 37.9431 -0.2866 -2.5581  0.0628  0.1748  0.0075  0.2297  0.0189 -0.0003  0.0695 0 
 46.0761 -0.6590  0.1309  0.0112  0.3002  0.0538  0.5668  0.0207 -0.0003  0.1874 0 
 41.7487  0.6310 -2.9981  0.0236  0.4509  0.1701  0.6713  0.1346 -0.0003  0.4078 0 
 49.8726  0.0578  1.2248  0.0364  0.3174  0.0637  0.3844  0.0980 -0.0003  0.3250 0 
 39.9237 -0.0291 -1.9355  0.0211  0.5555  0.0213  0.1359  0.0134 -0.0003  0.1687 0 
 46.0334  0.2886 -0.5385  0.0494  0.2475  0.0250  0.2617  0.0593 -0.0003  0.1345 0 
 45.7679 -0.2777  2.5845  0.0535  0.3695  0.0470  0.4368  0.0872 -0.0003  0.4119 0 
 50.4006  0.7529  2.2739  0.0193  0.4011  0.0341  0.4260  0.0712  0.1299  0.4217 0 
 42.8199 -0.7498 -0.8812  0.0341  0.2386  0.1408  0.4445  0.0403 -0.0003  0.2294 0 
 52.8176 -0.6588  1.3028  0.0144  0.0465  0.0417  0.2526  0.0978 -0.0003  0.0704 0 
 45.4871  0.6713 -1.8758  0.0083  0.5935  0.0133  0.2187  0.0308 -0.0003  0.1077 0 
 43.4699  0.5734  2.9197  0.0139  0.6486  0.0365  0.3542  0.0290 -0.0003  0.2002 1 
 42.0813 -0.5850 -0.1796  0.1113  0.4683  0.0945  0.3572  0.2081 -0.0003  0.8678 1 
 46.7475 -0.6037 -3.0677  0.0477  0.4614  0.0706  0.2606  0.0242 -0.0003  0.3800 0 
 46.2135  0.6074  0.0115  0.0077  0.1024  0.1329  0.3485  0.0510 -0.0003  0.0650 0 
